TIME,AGEYR,WTOT,WTOTPP,WTRT,WLRT,WLV,WWD,WPD,WPDCUM,WBNCUM,YRDD,YRAIN,YTRANS,YGPHOT,YGTOT,YLVD,YWDD,YYLDPD,YYLDBN,YHI,YHINCR,YMNBH,YMNLAI,YMNIPOD,YHARPD,YRDEFF,YRNEFF,YNLOSS,YPLOSS,YKLOSS,YEAR
   365.000    ,  5.1068    ,  32821.    ,  32.821    ,  1687.6    ,  4445.7    ,  5083.3    ,  20231.    ,  1372.9    ,  8591.1    ,  4495.4    ,  6190.1    ,  1715.7    ,  541.81    ,  92174.    ,  28430.    ,  6916.3    ,  528.37    ,  8618.1    ,  4509.5    , 0.16897    , 0.17574    ,  1.6222    ,  4.7935    ,  144.84    , 1.35284E+05, 0.72849    ,  2.6284    ,  94.699    ,  18.038    ,  42.840    ,  1000.0    
   730.000    ,  6.1068    ,  36864.    ,  36.864    ,  1871.0    ,  4909.9    ,  5594.8    ,  23096.    ,  1393.0    ,  19204.    ,  10049.    ,  6190.1    ,  1302.2    ,  575.04    ,  98424.    ,  25664.    ,  9351.1    ,  715.13    ,  10613.    ,  5553.5    , 0.18460    , 0.23162    ,  1.6034    ,  6.2911    ,  144.75    , 1.66605E+05, 0.89716    ,  4.2646    ,  116.62    ,  22.214    ,  52.758    ,  1000.0    
   1095.00    ,  7.1068    ,  38485.    ,  38.485    ,  1962.0    ,  5135.6    ,  5623.9    ,  24503.    ,  1260.3    ,  29089.    ,  15221.    ,  6190.1    ,  1510.2    ,  554.35    ,  96796.    ,  23434.    ,  10135.    ,  781.21    ,  9881.2    ,  5170.4    , 0.16473    , 0.23481    ,  1.5130    ,  6.6054    ,  144.86    , 1.55112E+05, 0.83527    ,  3.4237    ,  108.58    ,  20.682    ,  49.119    ,  1000.0    
   1460.00    ,  8.1068    ,  39776.    ,  39.776    ,  2017.2    ,  5298.5    ,  5795.6    ,  25366.    ,  1299.0    ,  38077.    ,  19924.    ,  6190.1    ,  1302.6    ,  547.79    ,  94036.    ,  21536.    ,  9497.9    ,  726.34    ,  8992.9    ,  4705.6    , 0.14496    , 0.23319    ,  1.5297    ,  6.5742    ,  145.18    , 1.41168E+05, 0.76018    ,  3.6124    ,  98.818    ,  18.822    ,  44.703    ,  1000.0    
   1825.00    ,  9.1068    ,  40383.    ,  40.383    ,  2035.9    ,  5344.2    ,  6033.8    ,  25677.    ,  1292.2    ,  48293.    ,  25270.    ,  6190.1    ,  1862.9    ,  571.93    , 1.00625E+05,  23395.    ,  10633.    ,  833.45    ,  10214.    ,  5344.7    , 0.16195    , 0.24120    ,  1.6084    ,  7.1346    ,  144.75    , 1.60341E+05, 0.86342    ,  2.8690    ,  112.24    ,  21.379    ,  50.775    ,  1000.0    
   2190.00    ,  10.107    ,  39303.    ,  39.303    ,  2044.4    ,  5324.7    ,  5274.0    ,  25765.    ,  894.26    ,  58399.    ,  30558.    ,  6190.1    ,  1365.4    ,  566.36    ,  97391.    ,  21561.    ,  10663.    ,  808.69    ,  10104.    ,  5287.0    , 0.16556    , 0.25924    ,  1.6056    ,  7.1486    ,  144.92    , 1.58610E+05, 0.85410    ,  3.8721    ,  111.03    ,  21.148    ,  50.226    ,  1000.0    
   2555.00    ,  11.107    ,  41187.    ,  41.187    ,  2059.4    ,  5423.9    ,  6224.5    ,  26054.    ,  1425.7    ,  68406.    ,  35794.    ,  6190.1    ,  1573.7    ,  578.88    , 1.00871E+05,  24086.    ,  10324.    ,  797.58    ,  10010.    ,  5237.8    , 0.15541    , 0.22987    ,  1.6108    ,  7.1930    ,  144.80    , 1.57134E+05, 0.84616    ,  3.3283    ,  109.99    ,  20.951    ,  49.759    ,  1000.0    
   2920.00    ,  12.107    ,  41242.    ,  41.242    ,  2102.8    ,  5509.4    ,  5784.5    ,  26707.    ,  1138.5    ,  78717.    ,  41189.    ,  6190.1    ,  1929.5    ,  551.61    ,  98095.    ,  23336.    ,  11055.    ,  849.93    ,  10309.    ,  5394.4    , 0.16040    , 0.24505    ,  1.5915    ,  7.3773    ,  144.86    , 1.61831E+05, 0.87145    ,  2.7958    ,  113.28    ,  21.577    ,  51.247    ,  1000.0    
   3285.00    ,  13.107    ,  42510.    ,  42.510    ,  2143.0    ,  5634.0    ,  6110.8    ,  27354.    ,  1268.6    ,  88976.    ,  46557.    ,  6190.1    ,  1913.8    ,  553.88    ,  99131.    ,  24398.    ,  10904.    ,  838.67    ,  10261.    ,  5369.0    , 0.15458    , 0.23335    ,  1.6116    ,  7.4928    ,  144.76    , 1.61069E+05, 0.86735    ,  2.8054    ,  112.75    ,  21.476    ,  51.005    ,  1000.0    
   3650.00    ,  14.107    ,  43777.    ,  43.777    ,  2195.6    ,  5786.4    ,  6282.8    ,  28184.    ,  1328.6    ,  98879.    ,  51739.    ,  6190.1    ,  1817.9    ,  533.12    ,  97032.    ,  24064.    ,  10866.    ,  834.50    ,  9902.0    ,  5181.3    , 0.14475    , 0.22914    ,  1.5929    ,  7.4633    ,  144.98    , 1.55439E+05, 0.83703    ,  2.8501    ,  108.81    ,  20.725    ,  49.222    ,  1000.0    
   4015.00    ,  15.107    ,  45279.    ,  45.279    ,  2229.6    ,  5909.3    ,  6838.3    ,  28747.    ,  1555.2    , 1.10433E+05,  57785.    ,  6190.1    ,  1307.8    ,  601.66    , 1.04077E+05,  26326.    ,  11219.    ,  866.63    ,  11560.    ,  6048.9    , 0.16287    , 0.24314    ,  1.6043    ,  8.3464    ,  144.68    , 1.81466E+05, 0.97718    ,  4.6252    ,  127.03    ,  24.196    ,  57.464    ,  1000.0    
   4380.00    ,  16.107    ,  45572.    ,  45.572    ,  2286.1    ,  6030.8    ,  6358.6    ,  29599.    ,  1297.6    , 1.20164E+05,  62877.    ,  6190.1    ,  1551.2    ,  545.76    ,  95110.    ,  23802.    ,  11688.    ,  896.07    ,  9725.0    ,  5088.7    , 0.13659    , 0.22788    ,  1.4511    ,  7.6773    ,  145.30    , 1.52660E+05, 0.82207    ,  3.2804    ,  106.86    ,  20.355    ,  48.342    ,  1000.0    
   4745.00    ,  17.107    ,  46024.    ,  46.024    ,  2294.5    ,  6187.4    ,  6485.3    ,  29726.    ,  1331.2    , 1.31270E+05,  68688.    ,  6190.1    ,  1186.6    ,  589.50    , 1.00454E+05,  25152.    ,  11518.    ,  889.89    ,  11106.    ,  5811.2    , 0.15479    , 0.24591    ,  1.6081    ,  8.4405    ,  144.63    , 1.74337E+05, 0.93879    ,  4.8974    ,  122.04    ,  23.245    ,  55.207    ,  1000.0    
   5110.00    ,  18.107    ,  46998.    ,  46.998    ,  2355.9    ,  6208.1    ,  6530.5    ,  30591.    ,  1312.9    , 1.39084E+05,  72777.    ,  6190.1    ,  1146.1    ,  493.53    ,  84658.    ,  20550.    ,  9787.3    ,  745.32    ,  7818.5    ,  4091.1    , 0.10644    , 0.21373    ,  1.2873    ,  6.7924    ,  145.93    , 1.22733E+05, 0.66091    ,  3.5695    ,  85.913    ,  16.364    ,  38.865    ,  1000.0    
   5475.00    ,  19.107    ,  47866.    ,  47.866    ,  2373.2    ,  6276.3    ,  6866.4    ,  30979.    ,  1371.2    , 1.48815E+05,  77869.    ,  6190.1    ,  1300.8    ,  548.54    ,  94634.    ,  24370.    ,  11509.    ,  903.95    ,  9727.1    ,  5089.8    , 0.12979    , 0.22214    ,  1.6117    ,  7.7311    ,  145.20    , 1.52693E+05, 0.82224    ,  3.9127    ,  106.89    ,  20.359    ,  48.353    ,  1000.0    
   5840.00    ,  20.107    ,  48044.    ,  48.044    ,  2390.5    ,  6316.7    ,  6753.6    ,  31254.    ,  1328.7    , 1.59872E+05,  83654.    ,  6190.1    ,  1579.6    ,  567.07    ,  99639.    ,  25754.    ,  12372.    ,  942.36    ,  11057.    ,  5785.4    , 0.14708    , 0.23790    ,  1.6107    ,  8.6932    ,  144.81    , 1.73563E+05, 0.93462    ,  3.6625    ,  121.49    ,  23.142    ,  54.962    ,  1000.0    
   6205.00    ,  21.107    ,  48870.    ,  48.870    ,  2416.0    ,  6402.1    ,  6966.9    ,  31657.    ,  1427.6    , 1.70310E+05,  89116.    ,  6190.1    ,  1378.6    ,  554.87    ,  97315.    ,  25314.    ,  11820.    ,  907.77    ,  10440.    ,  5463.0    , 0.13640    , 0.22947    ,  1.6080    ,  8.4484    ,  145.09    , 1.63891E+05, 0.88254    ,  3.9627    ,  114.72    ,  21.852    ,  51.899    ,  1000.0    
   6570.00    ,  22.107    ,  49534.    ,  49.534    ,  2433.1    ,  6431.1    ,  7313.2    ,  31771.    ,  1585.4    , 1.81908E+05,  95185.    ,  6190.1    ,  1758.8    ,  561.08    , 1.02370E+05,  27124.    ,  12586.    ,  972.25    ,  11598.    ,  6068.8    , 0.14922    , 0.23642    ,  1.6093    ,  9.0961    ,  144.77    , 1.82065E+05, 0.98041    ,  3.4505    ,  127.45    ,  24.275    ,  57.654    ,  1000.0    
   6935.00    ,  23.107    ,  49467.    ,  49.467    ,  2433.1    ,  6452.8    ,  7165.1    ,  31932.    ,  1484.3    , 1.93788E+05, 1.01401E+05,  6190.1    ,  1475.7    ,  579.08    , 1.01852E+05,  26892.    ,  12834.    ,  987.25    ,  11880.    ,  6216.5    , 0.15319    , 0.24420    ,  1.6049    ,  9.2258    ,  144.88    , 1.86494E+05,  1.0043    ,  4.2127    ,  130.55    ,  24.866    ,  59.057    ,  1000.0    
   7300.00    ,  24.107    ,  50004.    ,  50.004    ,  2442.4    ,  6576.5    ,  7324.8    ,  32103.    ,  1557.5    , 2.05135E+05, 1.07338E+05,  6190.1    ,  1496.3    ,  568.82    , 1.00395E+05,  26794.    ,  12588.    ,  968.56    ,  11349.    ,  5938.4    , 0.14489    , 0.23545    ,  1.6072    ,  9.0124    ,  144.92    , 1.78151E+05, 0.95933    ,  3.9687    ,  124.71    ,  23.753    ,  56.415    ,  1000.0    
   7665.00    ,  25.107    ,  50114.    ,  50.114    ,  2457.9    ,  6524.8    ,  7291.9    ,  32335.    ,  1504.5    , 2.17102E+05, 1.13600E+05,  6190.1    ,  1898.3    ,  566.09    , 1.02433E+05,  27557.    ,  13143.    ,  1013.9    ,  11966.    ,  6261.3    , 0.15223    , 0.23935    ,  1.6074    ,  9.3789    ,  144.80    , 1.87840E+05,  1.0115    ,  3.2984    ,  131.49    ,  25.045    ,  59.483    ,  1000.0    
   8030.00    ,  26.107    ,  49141.    ,  49.141    ,  2467.8    ,  6503.0    ,  6560.5    ,  32452.    ,  1158.1    , 2.28918E+05, 1.19783E+05,  6190.1    ,  1320.4    ,  574.98    ,  99434.    ,  26245.    ,  13146.    ,  1008.6    ,  11809.    ,  6179.4    , 0.15383    , 0.24893    ,  1.6089    ,  9.3525    ,  144.77    , 1.85381E+05, 0.99826    ,  4.6799    ,  129.77    ,  24.717    ,  58.704    ,  1000.0    
   8395.00    ,  27.107    ,  50047.    ,  50.047    ,  2504.2    ,  6630.1    ,  6630.1    ,  33022.    ,  1261.0    , 2.38085E+05, 1.24579E+05,  6190.1    ,  1066.5    ,  529.44    ,  89130.    ,  23582.    ,  11252.    ,  862.70    ,  9173.5    ,  4800.1    , 0.11732    , 0.21835    ,  1.4027    ,  7.9021    ,  145.47    , 1.44002E+05, 0.77544    ,  4.5006    ,  100.80    ,  19.200    ,  45.601    ,  1000.0    
   8760.00    ,  28.107    ,  50999.    ,  50.999    ,  2513.6    ,  6644.9    ,  7290.8    ,  33197.    ,  1353.3    , 2.50289E+05, 1.30966E+05,  6190.1    ,  1561.4    ,  594.80    , 1.03980E+05,  28514.    ,  12991.    ,  1009.2    ,  12205.    ,  6386.3    , 0.15263    , 0.23636    ,  1.6096    ,  9.6061    ,  144.64    , 1.91589E+05,  1.0317    ,  4.0902    ,  134.11    ,  25.545    ,  60.670    ,  1000.0    
   9125.00    ,  29.107    ,  51501.    ,  51.501    ,  2515.2    ,  6683.8    ,  7514.8    ,  33243.    ,  1544.5    , 2.62668E+05, 1.37443E+05,  6190.1    ,  1471.4    ,  592.07    , 1.04621E+05,  28859.    ,  13597.    ,  1044.1    ,  12378.    ,  6477.1    , 0.15312    , 0.23682    ,  1.6082    ,  9.8061    ,  144.78    , 1.94313E+05,  1.0464    ,  4.4019    ,  136.02    ,  25.908    ,  61.532    ,  1000.0    
   9490.00    ,  30.107    ,  51882.    ,  51.882    ,  2515.2    ,  6681.3    ,  7798.7    ,  33213.    ,  1673.9    , 2.75707E+05, 1.44265E+05,  6190.1    ,  1357.7    ,  615.39    , 1.06127E+05,  29162.    ,  13366.    ,  1030.6    ,  13041.    ,  6823.7    , 0.15986    , 0.24644    ,  1.6041    ,  10.106    ,  144.67    , 2.04710E+05,  1.1024    ,  5.0260    ,  143.30    ,  27.295    ,  64.825    ,  1000.0    
   9855.00    ,  31.107    ,  51061.    ,  51.061    ,  2534.8    ,  6707.1    ,  6991.0    ,  33521.    ,  1307.2    , 2.87656E+05, 1.50518E+05,  6190.1    ,  1694.7    ,  567.47    , 1.00340E+05,  27414.    ,  13865.    ,  1066.6    ,  11942.    ,  6248.8    , 0.14943    , 0.24128    ,  1.6083    ,  9.6188    ,  144.86    , 1.87465E+05,  1.0095    ,  3.6873    ,  131.23    ,  24.995    ,  59.364    ,  1000.0    
   10220.0    ,  32.107    ,  52332.    ,  52.332    ,  2536.5    ,  6748.1    ,  7794.1    ,  33585.    ,  1667.8    , 3.00357E+05, 1.57164E+05,  6190.1    ,  1770.5    ,  594.86    , 1.05935E+05,  29587.    ,  13237.    ,  1020.1    ,  12709.    ,  6649.9    , 0.15448    , 0.23701    ,  1.6080    ,  10.039    ,  144.63    , 1.99498E+05,  1.0743    ,  3.7561    ,  139.65    ,  26.600    ,  63.174    ,  1000.0    
   10585.0    ,  33.107    ,  52221.    ,  52.221    ,  2557.1    ,  6793.1    ,  7479.6    ,  33895.    ,  1495.9    , 3.12341E+05, 1.63435E+05,  6190.1    ,  1298.1    ,  582.30    , 1.01268E+05,  27966.    ,  13679.    ,  1051.6    ,  11980.    ,  6268.7    , 0.14622    , 0.23731    ,  1.6069    ,  9.7821    ,  144.91    , 1.88061E+05,  1.0127    ,  4.8291    ,  131.64    ,  25.075    ,  59.553    ,  1000.0    
   10950.0    ,  34.107    ,  53105.    ,  53.105    ,  2563.5    ,  6843.7    ,  7947.1    ,  34016.    ,  1735.3    , 3.25022E+05, 1.70070E+05,  6190.1    ,  1306.0    ,  611.77    , 1.05326E+05,  29374.    ,  13404.    ,  1033.0    ,  12685.    ,  6637.6    , 0.15190    , 0.23865    ,  1.6041    ,  10.167    ,  144.65    , 1.99127E+05,  1.0723    ,  5.0824    ,  139.39    ,  26.550    ,  63.057    ,  1000.0    
