TIME,AGEYR,WTOT,WTOTPP,WRT,WTRT,WLRT,WLV,WWD,WPD,WPDCUM,LAI(1),TMAV,WBNCUM,D10RDD,D10RAIN,D10YLDPD,D10YLDBN,D10GTOT,PCEW,DOY,YEAR
   1.00000    ,  4.1096    ,  21236.    ,  21.236    ,  4213.4    ,  1193.2    ,  3020.1    ,  3421.1    ,  12546.    ,  1055.5    ,  0.0000    ,  3.6039    ,  26.150    ,  0.0000    ,  0.0000    ,  0.0000    ,  0.0000    ,  0.0000    ,  0.0000    ,  1.0000    ,  1.0000    ,  1973.0    
   11.0000    ,  4.1370    ,  21597.    ,  21.597    ,  4275.0    ,  1209.7    ,  3065.3    ,  3478.6    ,  12760.    ,  1083.6    ,  9.2564    ,  3.6647    ,  26.043    ,  4.8435    , 2.32082E+08,  8.6353    ,  9.2564    ,  4.8435    ,  560.93    ,  1.0000    ,  11.000    ,  1973.0    
   21.0000    ,  4.1644    ,  22097.    ,  22.097    ,  4504.4    ,  1227.3    ,  3277.1    ,  3517.8    ,  13001.    ,  1074.1    ,  39.375    ,  3.7078    ,  26.030    ,  20.603    , 2.39038E+08,  5.9718    ,  30.118    ,  15.760    ,  723.77    , 0.84258    ,  21.000    ,  1973.0    
   31.0000    ,  4.1918    ,  22439.    ,  22.439    ,  4661.3    ,  1237.5    ,  3423.8    ,  3512.1    ,  13224.    ,  1042.5    ,  151.18    ,  3.7043    ,  26.080    ,  79.107    , 2.45415E+08,  12.780    ,  111.81    ,  58.504    ,  657.93    , 0.80965    ,  31.000    ,  1973.0    
   41.0000    ,  4.2192    ,  22527.    ,  22.527    ,  4777.8    ,  1241.2    ,  3536.5    ,  3457.5    ,  13288.    ,  1004.0    ,  373.71    ,  3.6519    ,  26.130    ,  195.55    , 2.51715E+08,  3.6127    ,  222.53    ,  116.44    ,  523.97    , 0.60227    ,  41.000    ,  1973.0    
   51.0000    ,  4.2466    ,  22345.    ,  22.345    ,  4776.9    ,  1241.3    ,  3535.6    ,  3351.5    ,  13285.    ,  931.10    ,  619.32    ,  3.5432    ,  26.264    ,  324.06    , 2.56217E+08,  10.799    ,  245.60    ,  128.51    ,  299.72    , 0.68785    ,  51.000    ,  1973.0    
   61.0000    ,  4.2740    ,  22131.    ,  22.131    ,  4769.2    ,  1241.3    ,  3527.8    ,  3235.9    ,  13279.    ,  846.96    ,  861.60    ,  3.4222    ,  26.453    ,  450.84    , 2.51726E+08,  3.2005    ,  242.29    ,  126.78    ,  260.19    , 0.50264    ,  61.000    ,  1973.0    
   71.0000    ,  4.3014    ,  21747.    ,  21.747    ,  4751.5    ,  1241.3    ,  3510.1    ,  3038.2    ,  13266.    ,  691.27    ,  1055.5    ,  3.2188    ,  26.643    ,  552.29    , 2.46036E+08,  2.8413    ,  193.89    ,  101.45    ,  59.591    , 0.46802    ,  71.000    ,  1973.0    
   81.0000    ,  4.3288    ,  21915.    ,  21.915    ,  4749.9    ,  1241.3    ,  3508.6    ,  3135.2    ,  13265.    ,  764.97    ,  1214.2    ,  3.3100    ,  26.869    ,  635.33    , 2.41772E+08,  62.450    ,  158.70    ,  83.040    ,  551.46    , 0.99973    ,  81.000    ,  1973.0    
   91.0000    ,  4.3562    ,  22300.    ,  22.300    ,  4749.9    ,  1241.3    ,  3508.6    ,  3381.1    ,  13265.    ,  903.52    ,  1386.7    ,  3.5695    ,  27.111    ,  725.59    , 2.42461E+08,  50.708    ,  172.50    ,  90.261    ,  742.54    ,  1.0000    ,  91.000    ,  1973.0    
   101.000    ,  4.3836    ,  22779.    ,  22.779    ,  4757.3    ,  1248.7    ,  3508.6    ,  3576.6    ,  13407.    ,  1038.2    ,  1538.7    ,  3.7788    ,  27.353    ,  805.11    , 2.43558E+08,  31.862    ,  151.96    ,  79.515    ,  815.15    ,  1.0000    ,  101.00    ,  1973.0    
   111.000    ,  4.4110    ,  23279.    ,  23.279    ,  4776.7    ,  1268.1    ,  3508.6    ,  3681.2    ,  13735.    ,  1085.5    ,  1697.6    ,  3.8923    ,  27.500    ,  888.28    , 2.44500E+08,  65.028    ,  158.94    ,  83.167    ,  843.18    ,  1.0000    ,  111.00    ,  1973.0    
   121.000    ,  4.4384    ,  23759.    ,  23.759    ,  4799.2    ,  1290.6    ,  3508.6    ,  3768.3    ,  14081.    ,  1111.0    ,  1901.1    ,  3.9880    ,  27.583    ,  994.78    , 2.44670E+08,  111.11    ,  203.55    ,  106.51    ,  867.92    ,  1.0000    ,  121.00    ,  1973.0    
   131.000    ,  4.4658    ,  24218.    ,  24.218    ,  4821.9    ,  1313.4    ,  3508.6    ,  3847.5    ,  14419.    ,  1129.6    ,  2116.0    ,  4.0761    ,  27.667    ,  1107.2    , 2.44737E+08,  68.978    ,  214.86    ,  112.43    ,  858.07    ,  1.0000    ,  131.00    ,  1973.0    
   141.000    ,  4.4932    ,  24638.    ,  24.638    ,  4842.5    ,  1334.0    ,  3508.6    ,  3918.2    ,  14723.    ,  1154.0    ,  2369.1    ,  4.1557    ,  27.652    ,  1239.7    , 2.45195E+08,  30.694    ,  253.13    ,  132.45    ,  856.72    ,  1.0000    ,  141.00    ,  1973.0    
   151.000    ,  4.5205    ,  25052.    ,  25.052    ,  4863.4    ,  1354.8    ,  3508.6    ,  3990.0    ,  15031.    ,  1167.0    ,  2600.0    ,  4.2372    ,  27.571    ,  1360.5    , 2.47611E+08,  110.33    ,  230.85    ,  120.80    ,  828.98    ,  1.0000    ,  151.00    ,  1973.0    
   161.000    ,  4.5479    ,  25442.    ,  25.442    ,  4891.4    ,  1372.2    ,  3519.2    ,  4051.0    ,  15298.    ,  1201.7    ,  2849.5    ,  4.3078    ,  27.490    ,  1491.0    , 2.50289E+08,  24.897    ,  249.47    ,  130.54    ,  824.17    ,  1.0000    ,  161.00    ,  1973.0    
   171.000    ,  4.5753    ,  25842.    ,  25.842    ,  4958.1    ,  1389.6    ,  3568.5    ,  4112.3    ,  15566.    ,  1205.4    ,  3080.9    ,  4.3792    ,  27.417    ,  1612.1    , 2.52562E+08,  130.02    ,  231.45    ,  121.11    ,  815.24    ,  1.0000    ,  171.00    ,  1973.0    
   181.000    ,  4.6027    ,  26201.    ,  26.201    ,  5114.3    ,  1400.9    ,  3713.5    ,  4141.8    ,  15756.    ,  1188.5    ,  3343.1    ,  4.4175    ,  27.350    ,  1749.3    , 2.51802E+08,  2.0859    ,  262.20    ,  137.20    ,  806.65    , 0.79753    ,  181.00    ,  1973.0    
   191.000    ,  4.6301    ,  26199.    ,  26.199    ,  5179.0    ,  1401.9    ,  3777.1    ,  4068.0    ,  15772.    ,  1180.2    ,  3589.2    ,  4.3505    ,  27.283    ,  1878.1    , 2.50435E+08,  5.3492    ,  246.14    ,  128.79    ,  453.85    , 0.70529    ,  191.00    ,  1973.0    
   201.000    ,  4.6575    ,  26393.    ,  26.393    ,  5183.9    ,  1407.0    ,  3776.8    ,  4159.0    ,  15858.    ,  1193.0    ,  3835.8    ,  4.4485    ,  27.234    ,  2007.1    , 2.49528E+08,  46.379    ,  246.54    ,  129.01    ,  650.18    ,  1.0000    ,  201.00    ,  1973.0    
   211.000    ,  4.6849    ,  26764.    ,  26.764    ,  5200.1    ,  1423.2    ,  3776.8    ,  4235.6    ,  16117.    ,  1211.1    ,  4082.1    ,  4.5370    ,  27.202    ,  2136.0    , 2.52065E+08,  84.061    ,  246.27    ,  128.86    ,  800.93    ,  1.0000    ,  211.00    ,  1973.0    
   221.000    ,  4.7123    ,  27102.    ,  27.102    ,  5217.1    ,  1440.3    ,  3776.8    ,  4282.3    ,  16371.    ,  1231.5    ,  4351.3    ,  4.5964    ,  27.169    ,  2276.8    , 2.55290E+08,  98.502    ,  269.24    ,  140.88    ,  845.73    ,  1.0000    ,  221.00    ,  1973.0    
   231.000    ,  4.7397    ,  27472.    ,  27.472    ,  5281.6    ,  1454.8    ,  3826.8    ,  4364.0    ,  16591.    ,  1235.3    ,  4597.7    ,  4.6940    ,  27.150    ,  2405.8    , 2.57815E+08,  9.5417    ,  246.45    ,  128.96    ,  843.52    , 0.91720    ,  231.00    ,  1973.0    
   241.000    ,  4.7671    ,  27839.    ,  27.839    ,  5319.5    ,  1472.1    ,  3847.4    ,  4409.8    ,  16864.    ,  1245.2    ,  4850.4    ,  4.7504    ,  27.150    ,  2538.0    , 2.51816E+08,  70.952    ,  252.62    ,  132.18    ,  810.52    ,  1.0000    ,  241.00    ,  1973.0    
   251.000    ,  4.7945    ,  28288.    ,  28.288    ,  5356.5    ,  1492.3    ,  3864.2    ,  4489.9    ,  17181.    ,  1260.8    ,  5111.1    ,  4.8433    ,  27.150    ,  2674.4    , 2.43365E+08,  76.965    ,  260.74    ,  136.44    ,  860.10    ,  1.0000    ,  251.00    ,  1973.0    
   261.000    ,  4.8219    ,  28793.    ,  28.793    ,  5431.3    ,  1514.9    ,  3916.4    ,  4550.4    ,  17514.    ,  1296.5    ,  5349.2    ,  4.9143    ,  27.135    ,  2799.0    , 2.35252E+08,  17.763    ,  238.05    ,  124.56    ,  861.68    ,  1.0000    ,  261.00    ,  1973.0    
   271.000    ,  4.8493    ,  29297.    ,  29.297    ,  5531.7    ,  1535.2    ,  3996.5    ,  4631.9    ,  17843.    ,  1289.9    ,  5616.1    ,  5.0086    ,  27.085    ,  2938.7    , 2.34950E+08,  34.071    ,  266.97    ,  139.69    ,  876.75    ,  1.0000    ,  271.00    ,  1973.0    
   281.000    ,  4.8767    ,  29829.    ,  29.829    ,  5654.6    ,  1558.0    ,  4096.6    ,  4703.6    ,  18169.    ,  1302.3    ,  5884.5    ,  5.0894    ,  27.035    ,  3079.1    , 2.37817E+08,  14.152    ,  268.40    ,  140.44    ,  841.57    ,  1.0000    ,  281.00    ,  1973.0    
   291.000    ,  4.9041    ,  30116.    ,  30.116    ,  5666.8    ,  1570.2    ,  4096.6    ,  4746.7    ,  18390.    ,  1312.8    ,  6154.0    ,  5.1544    ,  26.961    ,  3220.1    , 2.40364E+08,  35.026    ,  269.53    ,  141.03    ,  869.15    ,  1.0000    ,  291.00    ,  1973.0    
   301.000    ,  4.9315    ,  30305.    ,  30.305    ,  5681.3    ,  1580.7    ,  4100.5    ,  4784.2    ,  18520.    ,  1319.9    ,  6424.8    ,  5.2198    ,  26.832    ,  3361.8    , 2.35569E+08,  73.520    ,  270.74    ,  141.67    ,  904.44    ,  1.0000    ,  301.00    ,  1973.0    
   311.000    ,  4.9589    ,  30448.    ,  30.448    ,  5694.7    ,  1583.1    ,  4111.6    ,  4837.9    ,  18594.    ,  1321.1    ,  6698.4    ,  5.2998    ,  26.703    ,  3505.0    , 2.27795E+08,  78.041    ,  273.64    ,  143.18    ,  812.85    ,  1.0000    ,  311.00    ,  1973.0    
   321.000    ,  4.9863    ,  30646.    ,  30.646    ,  5721.7    ,  1590.1    ,  4131.7    ,  4872.9    ,  18712.    ,  1339.2    ,  6946.3    ,  5.3531    ,  26.580    ,  3634.7    , 2.20104E+08,  17.432    ,  247.91    ,  129.72    ,  745.66    ,  1.0000    ,  321.00    ,  1973.0    
   331.000    ,  5.0137    ,  30850.    ,  30.850    ,  5761.8    ,  1600.7    ,  4161.1    ,  4885.3    ,  18870.    ,  1333.0    ,  7224.0    ,  5.3796    ,  26.480    ,  3780.0    , 2.17668E+08,  102.94    ,  277.67    ,  145.29    ,  761.20    ,  1.0000    ,  331.00    ,  1973.0    
   341.000    ,  5.0411    ,  31048.    ,  31.048    ,  5798.5    ,  1609.4    ,  4189.0    ,  4896.7    ,  19014.    ,  1339.5    ,  7502.8    ,  5.4042    ,  26.380    ,  3925.9    , 2.18235E+08,  35.276    ,  278.81    ,  145.89    ,  747.18    ,  1.0000    ,  341.00    ,  1973.0    
   351.000    ,  5.0685    ,  31238.    ,  31.238    ,  5832.5    ,  1623.0    ,  4209.5    ,  4932.6    ,  19128.    ,  1345.0    ,  7780.5    ,  5.4554    ,  26.281    ,  4071.2    , 2.18858E+08,  84.341    ,  277.70    ,  145.31    ,  728.34    ,  1.0000    ,  351.00    ,  1973.0    
   361.000    ,  5.0959    ,  31441.    ,  31.441    ,  5857.0    ,  1625.7    ,  4231.4    ,  4952.6    ,  19262.    ,  1368.4    ,  8029.9    ,  5.4885    ,  26.188    ,  4201.7    , 2.23022E+08,  100.32    ,  249.39    ,  130.49    ,  714.47    ,  1.0000    ,  361.00    ,  1973.0    
   365.000    ,  5.1068    ,  31516.    ,  31.516    ,  5870.9    ,  1629.4    ,  4241.5    ,  4971.8    ,  19316.    ,  1356.8    ,  8141.3    ,  5.5140    ,  26.150    ,  4260.0    , 9.09412E+07,  23.374    ,  111.44    ,  58.312    ,  284.39    ,  1.0000    ,  365.00    ,  1973.0    
