*-----------------------------------------------------*
* Station name: Vicosa-MG, Brazil
* Year: 1970
* Author: Luis Claudio Costa
* Source: UFV / DEA              -999.000:NIL VALUE
* Longitude: 42 51 W, latitude: 20 45 S, altitude: 642.88 m.
*
* Column     Daily value
* 1          station number
* 2          year
* 3          day
* 4          sunshine                      (hour d-1)
* 5          minimum temperature           (oC)        
* 6          maximum temperature           (oC)        
* 7          early morning vapour pressure (kPa)
* 8          mean wind speed (height: 2m ) (m s-1)
* 9          precipitation                 (mm d-1)
*-----------------------------------------------------*
-42.88  -20.75  642.88 0.25 0.54
3  1970    1  10.0  17.4  29.8   2.1   2.3   0.0
3  1970    2  11.7  17.9  27.8   2.1   1.7   3.6
3  1970    3   9.5  18.4  30.0   2.2   2.0   0.0
3  1970    4   5.7  17.2  28.2   2.2   2.3   0.0
3  1970    5   7.1  17.9  30.3   2.5   4.0   8.2
3  1970    6   7.3  18.7  29.4   2.3   2.0   0.2
3  1970    7   7.5  19.5  30.4   2.3   1.0   0.0
3  1970    8  11.5  19.0  33.0   2.6   3.3   0.0
3  1970    9   8.2  20.4  32.2   2.6   2.3  18.0
3  1970   10   1.9  17.2  26.0   2.2   2.7  16.6
3  1970   11   0.0  15.4  18.6   1.7   2.0  14.8
3  1970   12   0.0  15.1  23.3   1.7   0.3   0.3
3  1970   13   1.5  17.7  24.8   2.1   0.7   7.6
3  1970   14   3.7  19.7  29.0   2.2   2.0   0.0
3  1970   15   7.1  20.0  28.7   2.2   3.7   0.1
3  1970   16   1.1  20.2  27.0   2.3   4.0   2.0
3  1970   17   1.5  18.9  26.8   2.2   3.0   0.0
3  1970   18   5.0  18.0  28.6   2.3   2.3   0.0
3  1970   19   1.1  19.6  24.7   2.2   0.7  29.1
3  1970   20   1.4  18.6  25.5   2.1   1.7   0.2
3  1970   21   0.0  18.0  23.4   2.1   1.3   1.9
3  1970   22   5.5  18.8  28.0   2.3   3.7  20.1
3  1970   23   7.2  18.3  29.3   2.3   2.3   8.8
3  1970   24   5.0  18.7  27.5   2.2   1.3   0.0
3  1970   25   5.8  19.3  29.5   2.4   1.7   1.6
3  1970   26   5.2  19.7  29.2   2.4   1.7  21.0
3  1970   27   4.9  19.6  30.1   2.3   2.0   7.8
3  1970   28   8.5  19.2  27.7   2.2   2.7   4.3
3  1970   29   8.7  18.8  28.7   1.8   2.0   0.2
3  1970   30   7.4  20.7  29.0   2.5   3.0   0.2
3  1970   31   8.2  20.0  30.5   2.4   1.7   0.0
3  1970   32   9.8  21.8  29.7   2.3   3.7   0.0
3  1970   33  10.0  17.0  29.6   2.1   2.7   0.0
3  1970   34  11.4  16.8  29.2   2.1   2.7   0.0
3  1970   35  10.4  17.7  27.8   2.1   4.3   0.0
3  1970   36  11.9  17.0  28.5   2.1   4.3   0.0
3  1970   37  10.3  16.0  29.4   2.0   3.3   0.0
3  1970   38  11.6  17.7  30.0   2.0   1.7   0.0
3  1970   39  10.5  17.8  30.6   2.0   1.7   0.0
3  1970   40  11.3  17.1  31.4   2.1   1.7   0.0
3  1970   41   9.9  16.6  30.7   2.1   2.3   0.0
3  1970   42  10.7  17.2  29.2   1.9   2.7   0.0
3  1970   43  10.4  17.5  28.8   1.9   1.7   0.0
3  1970   44  11.8  17.4  29.8   1.9   4.0   0.0
3  1970   45  10.6  15.5  28.7   1.9   2.7   0.0
3  1970   46   5.8  17.0  28.4   2.0   4.3   0.2
3  1970   47   2.4  18.6  26.8   2.0   2.7   0.0
3  1970   48   9.1  15.9  30.0   2.1   2.3   0.0
3  1970   49   7.2  17.7  27.8   1.9   4.3   0.0
3  1970   50   0.4  19.5  26.8   2.1   2.7   6.0
3  1970   51   0.0  20.2  23.7   2.2   3.0  15.4
3  1970   52   0.0  18.9  23.7   2.2   2.3  40.6
3  1970   53   1.4  18.5  28.4   2.3   1.3  15.6
3  1970   54   4.3  19.4  29.5   2.2   1.7  14.0
3  1970   55   2.6  19.1  26.8   2.1   2.3   0.0
3  1970   56   8.4  16.2  26.4   2.0   2.7   0.5
3  1970   57   6.2  18.0  26.8   2.1   2.7   1.4
3  1970   58   7.0  17.4  27.2   2.1   2.0  11.9
3  1970   59   5.7  17.5  27.2   2.1   0.7   0.3
3  1970   60   3.7  15.0  26.0   2.1   0.3   2.0
3  1970   61   6.8  18.2  27.0   2.1   1.7   3.7
3  1970   62   7.2  16.6  26.8   2.2   2.0  16.2
3  1970   63  10.0  17.0  27.6   2.1   1.3   0.0
3  1970   64   9.4  15.7  28.6   2.0   2.0   0.0
3  1970   65   6.2  16.7  28.6   2.1   1.0   0.0
3  1970   66   9.5  16.8  28.2   2.0   3.0   0.0
3  1970   67  10.5  16.8  29.3   2.1   2.0   0.2
3  1970   68   9.2  16.8  31.0   2.2   3.0   0.0
3  1970   69   7.6  18.4  29.8   2.3   3.0   0.0
3  1970   70  10.8  19.3  30.7   2.3   3.7   0.0
3  1970   71  10.8  17.7  30.1   2.1   2.3   0.0
3  1970   72  10.7  16.2  29.7   2.2   3.3   0.0
3  1970   73   1.9  18.6  28.2   2.2   1.3   0.0
3  1970   74   4.0  17.7  28.9   2.1   0.3   0.3
3  1970   75  10.1  17.9  29.2   2.1   2.3   0.0
3  1970   76   8.3  17.6  32.2   2.1   2.0   0.0
3  1970   77   3.9  21.1  28.1   2.4   0.0   4.5
3  1970   78   3.6  20.2  28.4   2.5   0.7   2.8
3  1970   79   5.5  19.4  27.3   2.3   1.0   0.0
3  1970   80   6.3  19.9  29.7   2.4   1.0   6.0
3  1970   81  10.2  18.2  32.2   2.4   1.3   0.0
3  1970   82   8.3  19.7  31.7   2.4   2.0   0.0
3  1970   83  10.7  17.4  31.2   2.0   3.0   0.0
3  1970   84   9.9  15.6  30.0   2.2   2.0   0.0
3  1970   85   1.3  18.3  24.0   1.9   3.0   0.0
3  1970   86   0.0  17.8  20.2   2.0   0.3   1.4
3  1970   87   2.9  17.5  25.3   1.9   1.3   0.6
3  1970   88   8.4  15.6  28.5   2.0   2.0   0.0
3  1970   89  10.8  15.6  29.0   2.2   2.7   0.0
3  1970   90   8.8  17.2  28.5   2.1   3.0   0.0
3  1970   91   6.1  16.4  28.3   2.0   0.7   0.0
3  1970   92   9.1  16.4  27.5   1.9   3.3   0.0
3  1970   93   8.8  15.3  27.6   2.1   2.7   0.0
3  1970   94   5.2  15.5  27.8   2.1   2.3   0.0
3  1970   95   6.7  18.0  30.8   2.4   1.7   9.5
3  1970   96   0.1  19.4  23.3   2.3   1.3   6.4
3  1970   97   0.0  16.4  20.8   2.0   0.0   7.4
3  1970   98   0.0  16.2  21.8   1.8   0.3  12.3
3  1970   99   7.3  15.1  24.0   1.6   3.0   0.0
3  1970  100  10.1  13.5  25.4   1.7   3.0   0.0
3  1970  101   0.0  16.8  21.5   1.8   1.0   0.0
3  1970  102   5.4  15.8  26.6   2.0   1.0   0.3
3  1970  103   8.7  13.8  26.5   2.0   0.7   3.3
3  1970  104   7.9  16.6  27.3   2.0   3.7   0.0
3  1970  105   5.9  16.0  27.0   2.1   3.7   1.3
3  1970  106   8.0  17.2  28.5   2.2   0.7   8.2
3  1970  107   0.3  16.2  22.7   1.8   1.0   1.1
3  1970  108   8.0  14.4  27.7   2.1   1.3   0.0
3  1970  109   7.4  14.3  27.8   2.1   1.3   0.0
3  1970  110   6.4  16.4  28.0   2.0   0.3   0.0
3  1970  111   8.0  14.6  27.6   1.9   2.0   0.5
3  1970  112   9.0  16.2  27.4   1.9   1.3   0.7
3  1970  113   9.2  16.9  27.8   1.8   1.3   0.0
3  1970  114   7.3  17.2  27.7   2.2   0.7   4.1
3  1970  115   7.8  15.1  26.4   2.0   1.7   0.0
3  1970  116   9.7  11.9  26.3   2.1   1.7   0.0
3  1970  117  10.5  10.9  26.7   1.8   1.7   0.0
3  1970  118  10.5  13.4  28.3   2.0   1.3   0.0
3  1970  119   7.2  15.9  27.9   2.0   1.0   0.0
3  1970  120   0.0  16.2  19.6   1.8   0.7  31.6
3  1970  121   3.6  15.4  23.8   1.8   1.3  10.1
3  1970  122   9.0  13.5  28.9   1.9   1.0   0.0
3  1970  123   8.2  13.4  28.0   2.0   0.7   0.0
3  1970  124   8.1  15.7  27.0   2.2   1.3   0.0
3  1970  125  10.3  12.7  27.2   2.1   2.0   0.0
3  1970  126   9.7  14.9  27.6   2.1   2.7   0.0
3  1970  127  10.3  13.7  26.3   2.0   4.7   0.0
3  1970  128   9.9  12.6  27.6   2.0   2.7   0.0
3  1970  129   8.1  12.8  26.8   2.0   1.3   0.0
3  1970  130   3.4  12.4  25.6   1.9   1.0   0.0
3  1970  131  10.5  10.3  27.8   1.9   0.7   0.0
3  1970  132   6.1  13.8  26.6   2.0   2.3   0.0
3  1970  133  10.3  15.3  25.2   1.9   2.3   0.8
3  1970  134  10.5  11.6  25.3   1.5   1.7   0.0
3  1970  135  10.4   8.6  26.2   1.6   0.7   0.0
3  1970  136  10.5  10.2  29.2   1.8   0.7   0.0
3  1970  137   6.1  11.9  26.7   1.8   1.0   0.0
3  1970  138   8.8  13.2  29.6   1.9   1.3   0.0
3  1970  139   9.0  11.8  27.0   1.9   2.3   0.0
3  1970  140  10.2  12.2  30.4   1.9   1.3   0.0
3  1970  141   0.3  14.9  20.7   1.9   2.0   0.0
3  1970  142   0.0  16.2  18.9   1.6   1.7   0.3
3  1970  143   0.5  16.0  21.3   1.8   1.0   2.0
3  1970  144   8.7  14.2  24.6   1.6   1.7   0.0
3  1970  145   7.3  10.3  25.4   1.6   0.3   0.0
3  1970  146   7.6  10.4  25.7   1.5   2.0   0.0
3  1970  147   9.4   8.0  26.3   1.6   2.0   0.0
3  1970  148   8.8   9.2  27.3   1.6   0.7   0.0
3  1970  149  10.0   8.6  26.8   1.5   1.0   0.0
3  1970  150  10.3   8.6  26.4   1.5   1.7   0.0
3  1970  151  10.0   9.3  26.9   1.7   1.0   0.2
3  1970  152   9.7  12.6  24.6   1.8   1.3   0.1
3  1970  153   8.7   9.2  25.6   1.6   1.3   0.0
3  1970  154   4.1   8.4  22.5   1.5   0.3   0.0
3  1970  155   9.1   9.3  26.2   1.6   1.7   0.0
3  1970  156  10.8  10.0  26.8   1.5   1.7   0.0
3  1970  157  10.2   9.4  27.7   1.6   1.0   0.0
3  1970  158   9.6  10.2  26.0   1.7   2.0   0.0
3  1970  159   2.9   9.8  23.8   1.5   2.0   0.0
3  1970  160   6.8  13.4  25.8   1.8   0.7   0.0
3  1970  161   6.7  13.6  26.4   1.8   1.0   0.0
3  1970  162  10.1  10.0  26.2   1.7   1.3   0.0
3  1970  163   7.2  10.0  24.7   1.6   0.3   0.0
3  1970  164   8.6  11.0  28.2   1.8   1.0   0.0
3  1970  165   9.7  11.0  29.6   1.8   0.3   0.0
3  1970  166   8.9  11.6  30.4   1.6   2.7   0.0
3  1970  167   0.2  13.8  20.7   1.7   1.3   0.0
3  1970  168   3.4  12.0  22.4   1.5   0.3   0.0
3  1970  169   7.6   9.0  24.4   1.6   2.7   0.0
3  1970  170   9.8   9.3  28.2   1.5   1.0   0.0
3  1970  171   6.3  13.2  25.6   1.8   0.0   0.0
3  1970  172   6.2  10.2  24.0   1.6   2.0   0.0
3  1970  173  10.5   8.2  25.5   1.5   1.0   0.0
3  1970  174  10.1   9.5  25.4   1.7   1.7   0.0
3  1970  175   1.0  15.6  19.7   2.1   3.7   1.0
3  1970  176   0.0  13.0  14.6   1.4   1.7   4.0
3  1970  177   0.1  12.7  18.8   1.5   1.7   0.9
3  1970  178   0.1  13.4  20.2   1.7   0.3   5.7
3  1970  179   9.0  13.2  24.4   1.8   2.7   0.0
3  1970  180   7.7  10.0  23.2   1.7   2.0   0.0
3  1970  181   6.2  10.3  24.8   1.6   1.3   0.2
3  1970  182   4.5  11.3  22.0   1.7   1.3   0.2
3  1970  183   9.6   8.7  26.2   1.6   2.7   0.2
3  1970  184   6.9  12.2  22.5   1.2   1.7   0.0
3  1970  185   7.6   7.6  23.6   1.4   1.0   0.0
3  1970  186   9.3   6.7  25.4   1.3   1.3   0.3
3  1970  187   9.9   5.4  23.8   1.2   1.3   0.0
3  1970  188   9.5   4.1  24.0   1.3   2.3   0.0
3  1970  189  10.1   6.0  26.4   1.3   0.3   0.0
3  1970  190   0.0  11.2  23.4   1.6   1.0   0.0
3  1970  191   4.7  14.2  21.2   1.5   2.7   0.0
3  1970  192   2.4  13.0  20.8   1.4   1.0   0.0
3  1970  193   8.4   7.5  24.6   1.4   1.0   0.0
3  1970  194   5.8  11.5  21.5   1.5   1.7   0.0
3  1970  195   7.4  10.9  24.3   1.5   1.7   0.0
3  1970  196   6.0  10.0  21.0   1.4   2.7   0.0
3  1970  197   9.6  10.1  21.6   1.1   3.0   0.0
3  1970  198   8.0   9.8  22.4   1.3   3.0   0.0
3  1970  199   7.2   8.6  23.6   1.4   1.0  20.2
3  1970  200   4.6   7.1  22.4   1.5   0.0   0.2
3  1970  201   3.9  10.9  22.4   1.5   0.7   0.0
3  1970  202   0.9  14.7  20.2   1.6   1.3   0.4
3  1970  203   0.3  14.9  22.7   1.6   1.0   0.8
3  1970  204   3.1  14.5  23.2   1.5   1.7   0.0
3  1970  205   6.4  13.9  22.6   1.5   3.0   0.0
3  1970  206   1.3  14.0  21.3   1.6   2.3   0.8
3  1970  207   6.0  13.7  24.3   1.7   1.3   9.8
3  1970  208   2.1   9.2  21.7   1.5   0.7   0.2
3  1970  209   4.9  11.0  23.5   1.8   2.3   0.2
3  1970  210   8.8   9.5  26.4   1.7   2.3   0.2
3  1970  211   7.2  11.0  24.4   1.7   3.0   0.2
3  1970  212   8.9   9.8  28.3   1.6   1.7   0.0
3  1970  213  10.2  13.8  24.5   1.5   2.3   0.0
3  1970  214   7.1  13.3  26.4   1.6   0.7   0.0
3  1970  215   9.0  15.2  26.2   1.6   1.0   0.3
3  1970  216   7.9  12.0  25.8   1.6   2.3   0.0
3  1970  217   8.8   8.7  26.5   1.6   2.7   0.0
3  1970  218   9.5   8.7  29.4   1.5   1.3   0.0
3  1970  219   8.8  10.9  28.5   1.7   1.7   0.0
3  1970  220   9.9  10.3  28.6   1.5   2.3   0.0
3  1970  221   0.3  14.5  19.6   1.7   2.0   0.0
3  1970  222   0.0  10.0  15.8   1.3   2.7  16.8
3  1970  223   6.9  11.0  19.8   1.3   3.3   0.0
3  1970  224  10.6  10.0  21.3   1.1   3.0   0.0
3  1970  225  10.6   7.0  22.0   1.1   2.0   0.0
3  1970  226   9.8   7.0  23.7   1.4   2.3   0.0
3  1970  227  10.0   6.8  24.6   1.3   2.0   0.0
3  1970  228  10.2   8.9  23.7   1.3   3.7   0.0
3  1970  229   5.5   9.6  22.6   1.3   2.0   0.0
3  1970  230   5.4  10.7  22.3   1.3   3.0   0.0
3  1970  231   6.2  12.4  24.2   1.6   2.7   0.2
3  1970  232   9.0   9.1  25.7   1.2   1.3   0.0
3  1970  233   8.3  11.3  24.4   1.5   1.3   0.0
3  1970  234   7.0  11.5  27.2   1.6   2.3   0.0
3  1970  235  10.7   9.5  28.0   1.5   2.3   0.0
3  1970  236  10.1  11.2  27.2   1.6   4.3   0.0
3  1970  237   8.4  12.2  27.5   1.6   4.0   0.0
3  1970  238   4.1  14.4  25.4   1.7   4.0   0.0
3  1970  239   0.9  13.8  23.4   1.7   1.3   0.0
3  1970  240   5.4  15.6  26.2   1.7   5.3   0.8
3  1970  241   3.5  14.6  24.6   1.8   1.0   1.9
3  1970  242   4.0  14.3  26.8   1.8   3.3   1.4
3  1970  243   3.4  16.0  23.0   2.0   1.3  21.3
3  1970  244   0.0  12.4  17.7   1.3   2.0   4.1
3  1970  245   0.0  12.2  17.2   1.2   1.3   3.3
3  1970  246   0.0  14.4  20.2   1.5   0.3   0.0
3  1970  247   0.0  14.8  20.4   1.8   1.0   9.2
3  1970  248   0.4  16.4  23.0   1.9   0.3   3.8
3  1970  249   5.5  14.9  23.8   1.6   6.0   0.0
3  1970  250   5.5  16.7  25.0   1.6   4.3   0.0
3  1970  251   2.9  15.8  22.0   1.7   3.3   0.0
3  1970  252   0.0  14.5  17.7   1.5   0.7   0.8
3  1970  253   1.7  13.8  21.3   1.6   2.0   1.1
3  1970  254  10.3  12.6  26.7   1.6   2.3   1.9
3  1970  255   5.0  16.0  27.0   2.0   2.7   2.3
3  1970  256   7.0  15.8  27.2   1.8   3.3   0.0
3  1970  257   8.7  14.6  27.8   1.9   3.3   0.0
3  1970  258   0.0  16.5  19.8   1.8   3.0  13.3
3  1970  259   0.0  15.2  19.5   1.9   1.3   4.9
3  1970  260   5.5  15.2  24.8   1.9   2.0   0.6
3  1970  261   6.5  17.0  25.7   1.9   1.0   0.0
3  1970  262   8.3  16.4  27.0   1.9   2.0   0.0
3  1970  263  11.0  13.2  29.5   1.8   2.0   0.0
3  1970  264  10.8  12.7  28.8   1.7   3.3   0.0
3  1970  265   9.8  12.0  27.2   1.6   4.3   0.0
3  1970  266   1.9  15.9  25.2   1.8   1.7   0.0
3  1970  267   8.6  13.6  28.4   1.8   2.7   0.0
3  1970  268   6.0  15.6  28.7   1.9   1.3   0.0
3  1970  269   1.6  17.6  25.2   2.2   1.3   4.2
3  1970  270   0.7  15.1  22.2   1.6   2.0   2.4
3  1970  271   2.9  15.1  23.5   1.6   1.0   0.0
3  1970  272   0.4  15.8  21.4   1.5   2.0   1.0
3  1970  273   4.8  15.9  26.8   1.9   2.3   5.2
3  1970  274   8.0  17.1  28.7   1.9   2.0   2.6
3  1970  275   1.0  16.5  25.4   1.9   3.7   0.0
3  1970  276   5.0  19.4  27.6   2.1   2.3   1.4
3  1970  277   0.0  13.0  22.4   1.8   4.3  50.2
3  1970  278   0.0  13.0  17.2   1.5   2.0  44.2
3  1970  279   7.2  13.7  24.3   1.5   0.3   0.0
3  1970  280   8.0  12.5  26.2   1.6   2.0   0.0
3  1970  281  10.0  11.7  27.3   1.7   5.0   0.0
3  1970  282   7.9  15.9  29.3   1.7   2.7   0.0
3  1970  283   1.0  17.7  24.8   1.8   1.7   0.0
3  1970  284   0.0  16.3  20.4   1.7   0.3   1.2
3  1970  285   9.8  16.3  26.4   1.9   4.7   0.0
3  1970  286   0.6  16.8  22.6   2.0   0.7  36.0
3  1970  287   4.5  17.4  28.0   2.2   2.0   0.6
3  1970  288   2.4  16.2  25.4   1.8   1.7   0.0
3  1970  289   5.7  15.7  29.0   2.0   0.7   0.0
3  1970  290   4.7  15.6  27.2   1.8   2.0   0.0
3  1970  291   0.0  16.8  21.4   1.9   4.0   2.8
3  1970  292   0.6  17.5  22.8   2.0   3.0   6.6
3  1970  293   6.7  17.7  29.4   2.2   1.3   0.0
3  1970  294  10.8  17.5  28.6   1.9   2.0   0.0
3  1970  295   0.3  18.8  24.8   2.1   3.3   7.4
3  1970  296   2.1  18.5  27.8   2.1   0.7  20.8
3  1970  297   0.9  18.0  24.5   1.9   2.0   7.2
3  1970  298   0.0  17.0  23.8   1.8   1.7   2.3
3  1970  299   0.6  17.6  25.3   2.0   0.3   0.0
3  1970  300   0.5  17.6  25.3   2.3   1.3   7.4
3  1970  301   0.6  17.2  23.6   1.8   1.7   1.8
3  1970  302   2.9  17.8  26.7   2.0   1.0   0.0
3  1970  303   2.9  18.2  24.2   2.1   2.0   1.3
3  1970  304   8.4  16.1  25.2   1.8   2.0   0.0
3  1970  305   6.5  16.3  25.7   2.0   1.3   2.8
3  1970  306   7.7  14.3  28.4   1.8   3.3   0.0
3  1970  307   0.4  18.3  22.4   1.9   4.0   3.8
3  1970  308   0.0  15.5  19.3   1.7   1.0   4.0
3  1970  309   7.0  16.0  25.8   1.8   2.3   0.4
3  1970  310   8.1  17.2  26.8   2.0   2.3   0.0
3  1970  311   7.1  16.5  26.8   1.9   2.7   0.0
3  1970  312   0.0  17.4  21.2   1.8   0.7   2.1
3  1970  313   0.0  16.6  21.2   1.8   2.7  74.6
3  1970  314   4.6  15.9  24.8   1.7   3.7   0.3
3  1970  315   7.0  17.1  26.0   1.8   2.7   0.0
3  1970  316   1.0  17.4  23.5   2.0   1.0   5.2
3  1970  317   9.5  17.4  30.8   2.1   2.0   0.0
3  1970  318   6.7  17.8  28.8   2.3   2.7   2.6
3  1970  319   8.4  18.2  29.4   2.2   3.0  36.0
3  1970  320   9.5  18.7  28.2   2.0   2.0   0.0
3  1970  321  11.2  16.4  28.8   2.0   2.7   0.0
3  1970  322  10.9  17.0  30.8   2.1   4.0   0.0
3  1970  323   0.0  17.7  22.7   2.2   0.3  37.0
3  1970  324   2.2  17.2  22.5   1.9   2.0   0.9
3  1970  325   4.3  17.5  26.3   2.0   4.7   0.0
3  1970  326   3.5  17.7  25.2   2.0   3.0  12.3
3  1970  327   6.5  14.8  25.6   1.7   1.7   5.8
3  1970  328  11.1  14.6  25.2   1.6   3.3   0.0
3  1970  329   9.2  14.6  26.5   1.6   2.0   0.0
3  1970  330   8.0  15.8  27.3   1.8   2.0   0.0
3  1970  331   3.4  15.7  25.4   1.8   2.7   0.0
3  1970  332   2.6  17.1  25.0   2.0   1.7  20.2
3  1970  333   6.7  18.3  27.0   2.2   2.0  10.5
3  1970  334   7.1  18.5  29.2   2.1   1.0   1.5
3  1970  335   3.9  19.0  27.2   2.2   3.3   6.0
3  1970  336   9.2  18.9  30.8   2.1   2.3  12.4
3  1970  337   8.4  18.0  26.4   1.9   2.7   0.0
3  1970  338   4.7  16.5  27.0   1.8   1.7   0.0
3  1970  339  11.3  18.5  28.0   1.9   1.7   0.0
3  1970  340  11.1  18.0  29.7   1.8   3.7   0.0
3  1970  341   2.7  19.1  27.4   2.3   1.7   3.5
3  1970  342  11.5  17.5  29.6   2.1   3.3   0.0
3  1970  343  11.5  17.4  28.8   2.1   3.7   0.0
3  1970  344   9.6  18.0  29.2   2.0   6.0   0.0
3  1970  345  11.9  16.6  30.3   2.1   4.7   0.0
3  1970  346   9.7  19.0  33.0   2.3   3.3   0.0
3  1970  347  10.4  20.6  33.4   2.4   2.7   0.0
3  1970  348   3.7  20.3  29.8   2.4   3.7   0.0
3  1970  349   7.9  19.4  32.4   2.4   2.0   2.6
3  1970  350   4.4  19.5  30.0   2.4   1.3  23.6
3  1970  351   9.8  20.0  29.8   2.3   1.7  13.3
3  1970  352   9.8  20.1  31.7   2.4   0.7   3.6
3  1970  353   6.8  19.0  32.1   2.5   1.3   0.0
3  1970  354   2.9  20.2  28.7   2.4   1.0  13.0
3  1970  355   9.7  18.2  29.6   2.3   3.7   0.8
3  1970  356  12.5  15.2  33.2   2.2   1.7   0.2
3  1970  357  12.5  16.3  33.6   2.2   0.7   0.2
3  1970  358  10.6  14.9  33.8   2.2   2.7   0.1
3  1970  359   6.4  19.2  31.8   2.4   2.7   1.6
3  1970  360   9.7  16.0  30.4   2.2   3.7   0.3
3  1970  361  12.1  16.3  30.2   2.1   2.7   0.0
3  1970  362   9.5  17.1  30.7   2.2   2.7   0.0
3  1970  363  11.6  16.0  31.7   2.2   4.0   0.0
3  1970  364  12.2  16.0  33.3   2.1   2.7   0.0
3  1970  365  11.7  16.8  32.4   2.2   2.3   0.0
