*-----------------------------------------------------*
* Station name: Maceio-AL, Brazil
* Year: 1968
* Author: Luis Claudio Costa
* Source: UFV / DEA              -999.000:NIL VALUE
* Longitude: 35 42 W, latitude: 09 40 S, altitude: 64.50 m.
*
* Column     Daily value
* 1          station number
* 2          year
* 3          day
* 4          sunshine                      (hour d-1)
* 5          minimum temperature           (oC)        
* 6          maximum temperature           (oC)        
* 7          early morning vapour pressure (kPa)
* 8          mean wind speed (height: 2m ) (m s-1)
* 9          precipitation                 (mm d-1)
*-----------------------------------------------------*
-35.74  -9.67  64.50  0.25 0.54
2  1968    1  10.7  24.0  29.7   2.4   3.3   0.0
2  1968    2  11.5  21.2  29.2   2.4   3.3   0.0
2  1968    3  11.6  21.6  29.9   2.3   3.7   0.0
2  1968    4  11.8  21.9  29.5   2.3   3.7   0.0
2  1968    5  11.2  21.6  30.0   2.5   3.0   0.0
2  1968    6  10.6  21.8  29.7   2.6   2.0   0.0
2  1968    7   9.6  22.8  30.3   3.0   3.0   0.8
2  1968    8  10.7  24.9  30.6   2.7   3.3   0.0
2  1968    9   4.3  23.5  29.4   3.0   1.3   3.0
2  1968   10  11.6  22.8  30.1   2.6   4.3   0.6
2  1968   11  10.9  22.8  30.1   2.7   4.0   0.0
2  1968   12  11.3  24.2  30.3   2.5   4.7   1.7
2  1968   13  11.3  22.4  30.2   2.4   4.3   0.0
2  1968   14  10.9  22.4  30.1   2.6   5.0   0.0
2  1968   15  10.6  23.1  30.4   2.6   4.7   3.0
2  1968   16   9.6  22.8  29.9   2.8   4.7   6.4
2  1968   17  10.0  22.9  29.9   2.5   4.0   1.6
2  1968   18  11.2  22.7  30.0   2.6   2.3   0.0
2  1968   19   7.9  22.5  30.4   2.8   2.0   0.0
2  1968   20   9.3  23.7  30.4   2.9   3.0   0.8
2  1968   21   3.3  23.0  29.8   2.7   2.7   6.0
2  1968   22   7.3  22.9  29.2   3.0   1.3   7.2
2  1968   23   3.7  22.4  29.1   2.9   3.3   7.2
2  1968   24  10.2  23.3  29.4   2.8   4.0  11.4
2  1968   25  10.0  23.2  29.3   2.7   4.7   9.0
2  1968   26   5.0  22.0  29.4   2.9   2.3  22.5
2  1968   27   7.4  21.4  29.4   2.7   4.3  20.5
2  1968   28  10.4  22.8  29.4   2.7   5.0   1.4
2  1968   29   9.9  23.2  29.3   2.7   3.0   0.5
2  1968   30   5.1  22.6  29.4   3.1   3.3   7.0
2  1968   31   3.5  22.8  28.5   3.0   0.7   9.5
2  1968   32  10.4  23.2  29.9   2.8   3.3   1.9
2  1968   33  10.3  23.3  30.1   2.7   4.0   0.0
2  1968   34  10.4  23.2  30.1   2.9   3.0   0.0
2  1968   35  11.0  23.4  30.1   2.7   3.7   0.0
2  1968   36  11.2  22.7  30.3   2.6   2.7   0.0
2  1968   37  11.1  24.7  30.1   2.6   4.0   3.6
2  1968   38   9.7  23.0  30.0   2.5   2.7   2.1
2  1968   39   7.5  23.2  30.8   2.8   3.3   1.8
2  1968   40  10.1  24.4  30.4   2.5   3.7   2.0
2  1968   41   8.6  22.3  30.1   2.6   3.0   1.0
2  1968   42  11.0  22.0  30.5   2.4   4.0   0.9
2  1968   43  10.4  24.0  31.1   2.4   6.0   0.6
2  1968   44   9.7  24.8  30.7   2.6   5.0   0.0
2  1968   45   9.3  25.5  30.9   2.5   4.3   0.0
2  1968   46   3.4  25.0  29.8   2.9   3.7   3.8
2  1968   47   8.2  22.8  30.6   3.0   3.3   2.8
2  1968   48   9.1  23.3  30.0   2.9   1.7   0.9
2  1968   49  10.3  23.4  29.9   3.0   3.0   4.4
2  1968   50   9.3  23.5  30.5   2.6   3.7   0.8
2  1968   51  10.3  22.9  30.9   2.6   3.7   1.0
2  1968   52   9.0  23.8  31.7   2.7   5.3   0.8
2  1968   53   9.9  23.8  31.3   2.8   5.3   0.0
2  1968   54   7.5  24.2  31.2   2.7   3.0   0.0
2  1968   55  10.6  23.5  30.4   2.8   3.3   0.4
2  1968   56  11.5  22.6  30.5   2.7   4.7   0.8
2  1968   57  11.0  22.6  31.5   2.7   7.0   0.0
2  1968   58   9.5  23.0  31.7   2.7   4.3   1.7
2  1968   59  10.2  23.1  30.7   2.8   3.0   1.6
2  1968   60  10.3  23.2  31.3  39.8   4.7   0.4
2  1968   61  10.0  23.4  31.5   2.7   5.7   0.2
2  1968   62   4.3  23.0  30.3   2.7   6.3   0.0
2  1968   63   7.2  24.1  30.7   2.8   3.7   0.0
2  1968   64   7.8  24.1  30.0   3.2   2.7   4.0
2  1968   65   9.1  22.6  30.8   2.7   3.0   0.5
2  1968   66   5.5  22.4  29.0   2.8   2.0  19.5
2  1968   67   9.7  22.6  29.3   2.7   4.7   4.1
2  1968   68  10.0  23.8  29.9   2.7   2.3   0.7
2  1968   69   6.8  23.0  29.7   2.8   3.3   7.0
2  1968   70   8.7  23.2  29.6   2.8   3.0   1.6
2  1968   71   7.0  22.8  29.4   2.8   2.0  18.8
2  1968   72   5.3  23.4  29.1   2.8   3.0  13.8
2  1968   73   3.1  23.9  29.7   3.1   1.0   9.1
2  1968   74   7.8  23.2  29.6   3.0   2.3   2.0
2  1968   75   9.2  23.2  30.7   3.0   5.7   2.2
2  1968   76   6.5  23.2  30.2   3.0   2.0  15.0
2  1968   77   8.1  22.7  29.8   3.0   3.0  12.4
2  1968   78   5.8  23.4  30.1   2.9   2.7   9.3
2  1968   79   3.2  23.7  29.4   3.1   3.0  27.2
2  1968   80   8.4  22.4  30.2   3.0   3.3   9.3
2  1968   81   6.3  22.4  30.0   2.6   4.0   1.0
2  1968   82   8.2  22.9  30.2   3.0   3.7   4.8
2  1968   83   4.1  22.1  29.3   3.0   3.3  34.5
2  1968   84   7.9  23.4  30.0   2.8   6.7  10.4
2  1968   85   6.7  24.8  29.8   2.8   3.7   1.8
2  1968   86   3.6  22.0  28.6   2.9   2.0  17.0
2  1968   87   4.8  21.9  30.2   2.9   2.3   8.5
2  1968   88   7.1  22.2  29.7   2.9   2.0   6.6
2  1968   89   5.0  22.5  29.7   2.9   2.7   1.0
2  1968   90   8.7  23.3  29.9   2.7   3.3   1.4
2  1968   91   9.2  22.9  30.1   2.8   3.7   0.0
2  1968   92   7.9  23.4  31.3   3.0   1.7   1.6
2  1968   93   9.3  23.8  31.2   2.7   4.0  10.0
2  1968   94   6.3  22.8  30.3   3.0   2.0   1.0
2  1968   95   8.8  22.6  30.4   3.0   4.0   0.6
2  1968   96   8.4  23.8  30.5   2.8   2.3   3.8
2  1968   97   9.4  24.4  31.2   2.5   4.3   1.6
2  1968   98   9.4  22.3  30.6   2.6   3.7   0.0
2  1968   99   9.1  21.7  30.4   2.4   2.7   0.0
2  1968  100   9.1  22.5  29.7   2.5   5.3   0.0
2  1968  101   9.4  22.2  29.8   2.2   3.7   0.0
2  1968  102   4.7  23.0  29.5   2.5   4.7   2.6
2  1968  103   0.3  23.0  27.4   3.0   2.0  29.4
2  1968  104   9.4  23.2  29.6   2.7   2.7   2.1
2  1968  105   9.7  23.9  29.3   2.4   3.0   0.0
2  1968  106   6.7  21.8  30.3   2.6   1.3   0.0
2  1968  107   1.8  22.0  28.7   2.6   1.0   0.0
2  1968  108   9.9  23.5  30.2   2.8   2.7   6.9
2  1968  109   8.3  23.7  29.6   2.5   4.0   0.0
2  1968  110   8.5  23.5  29.3   3.0   5.3  12.6
2  1968  111   9.6  22.7  29.0   3.0   4.3   7.0
2  1968  112   8.9  22.4  30.0   2.9   3.0   0.4
2  1968  113   8.4  23.6  29.4   2.7   4.7   1.0
2  1968  114   9.7  24.3  29.7   2.5   3.3   1.1
2  1968  115   8.2  22.5  30.3   2.7   6.0   0.0
2  1968  116   0.0  23.6  26.9   2.8  10.0  30.4
2  1968  117   0.6  23.4  26.5   2.9   7.7  11.6
2  1968  118   2.8  23.0  29.2   3.0   6.3  35.9
2  1968  119   4.9  21.6  29.4   2.9   3.3  27.8
2  1968  120   8.5  22.7  29.2   3.1   3.0   4.4
2  1968  121   7.2  23.5  29.5   2.8   4.3   1.2
2  1968  122   3.3  23.4  29.4   2.7   3.0   3.3
2  1968  123   9.4  22.8  29.5   3.0   5.3   5.4
2  1968  124   8.9  23.7  28.5   2.6   5.0   3.1
2  1968  125   0.0  22.1  24.4   2.8   3.7  64.3
2  1968  126   4.4  22.1  28.1   2.8   2.0  31.2
2  1968  127   7.8  22.3  27.9   2.8   3.7   2.6
2  1968  128   2.4  22.1  26.7   2.8   3.3  25.1
2  1968  129   4.3  22.1  29.7   2.9   2.0  13.6
2  1968  130   6.8  22.7  28.7   3.0   2.0   3.9
2  1968  131   8.1  22.2  28.2   2.8   1.7   5.0
2  1968  132   9.3  22.3  28.9   2.8   2.7   4.2
2  1968  133   7.0  22.4  28.3   2.7   2.7   1.0
2  1968  134   0.0  23.5  26.3   3.0   1.7  22.5
2  1968  135   8.1  22.4  28.9   2.9   3.0  11.1
2  1968  136   8.0  23.0  28.7   3.0   3.3   3.6
2  1968  137   0.7  22.3  28.0   2.8   2.3   4.4
2  1968  138   4.3  23.0  28.2   2.9   3.0  13.4
2  1968  139   9.9  22.6  28.0   2.8   5.3   0.5
2  1968  140   3.9  22.7  27.9   2.8   3.0  25.7
2  1968  141   1.1  21.9  27.9   2.6   3.3  19.2
2  1968  142   4.8  21.8  26.7   2.7   4.7  18.9
2  1968  143   8.8  21.6  27.8   2.9   4.0  18.0
2  1968  144   7.9  21.6  28.5   2.8   5.0   1.0
2  1968  145   2.3  21.5  26.4   2.7   6.3  14.6
2  1968  146   7.1  21.7  28.1   2.6   7.0  14.4
2  1968  147   0.0  22.6  25.1   2.9   5.0  78.3
2  1968  148   1.8  21.4  26.5   2.6   5.0  92.3
2  1968  149   7.8  21.7  27.5   2.8   3.3  11.0
2  1968  150   6.2  22.0  28.2   2.7   1.3  30.1
2  1968  151   9.0  22.1  27.8   2.6   4.7   2.7
2  1968  152  10.1  21.8  28.1   2.4   6.7   2.6
2  1968  153   6.8  22.4  27.6   2.6   8.3   4.6
2  1968  154   7.7  21.4  27.3   2.6   3.3   0.8
2  1968  155   6.9  21.3  27.8   2.4   3.0   9.5
2  1968  156   9.6  23.8  27.9   2.3   4.0   0.0
2  1968  157   8.8  22.3  28.1   2.6   4.0   4.9
2  1968  158   6.6  22.1  26.7   2.7   4.7   9.8
2  1968  159   7.0  21.8  27.3   2.6   2.7  13.1
2  1968  160   9.9  21.8  27.3   2.5   4.0   4.3
2  1968  161   8.2  21.7  26.3   2.8   6.7   5.2
2  1968  162   1.9  20.7  26.7   2.5   3.0  27.9
2  1968  163   0.2  21.3  25.1   2.7   7.7  45.6
2  1968  164   2.5  21.4  26.7   2.1   6.3   1.9
2  1968  165   9.7  20.2  26.9   2.4   6.3   0.0
2  1968  166   8.5  20.2  27.8   2.3   5.3   4.3
2  1968  167  10.1  23.0  27.5   1.9   5.7   1.8
2  1968  168   0.5  20.8  25.4   2.7   7.7   5.7
2  1968  169   0.0  21.6  25.5   2.8   2.0  31.1
2  1968  170   9.0  21.3  27.3   2.5   3.7   3.1
2  1968  171   8.2  20.7  27.3   2.2   1.7   3.0
2  1968  172   7.5  19.2  26.7   2.4   4.3   3.6
2  1968  173   4.8  21.6  27.7   2.2   4.0   4.0
2  1968  174   9.2  20.8  27.5   2.4   1.3   9.4
2  1968  175   9.9  21.1  27.7   2.4   3.0   1.6
2  1968  176   6.2  22.1  27.4   2.4   2.0   2.5
2  1968  177   9.7  20.4  27.1   2.6   2.7   0.6
2  1968  178   5.0  20.7  27.3   2.6   2.3   3.1
2  1968  179   8.5  23.7  27.2   2.5   7.3   5.3
2  1968  180   0.5  21.1  24.9   2.5   8.0   8.2
2  1968  181   0.0  22.5  25.9   2.2   8.0   6.1
2  1968  182   6.0  22.2  26.6   2.2   5.7   0.6
2  1968  183   8.8  19.4  26.7   2.4   2.3   0.3
2  1968  184   9.8  20.3  27.6   2.5   2.3   0.0
2  1968  185   9.8  20.4  26.1   2.5   5.3   2.0
2  1968  186   9.3  20.4  27.0   2.5   2.7  10.6
2  1968  187   0.4  21.3  26.9   2.4   6.3  21.3
2  1968  188  10.3  21.3  27.2   1.9   4.0   9.4
2  1968  189   8.2  19.8  27.2   2.5   4.0   0.0
2  1968  190   1.2  21.3  26.7   2.5   4.3  14.6
2  1968  191  10.3  21.9  27.3   2.2   2.3   1.6
2  1968  192   3.9  19.3  26.1   2.4   4.3   3.6
2  1968  193   7.0  21.5  27.0   2.6   6.3   5.6
2  1968  194   0.1  21.9  25.0   2.5   7.3   7.9
2  1968  195   8.5  21.4  26.9   2.7   2.7  12.2
2  1968  196   8.0  19.6  26.7   2.4   5.3  21.6
2  1968  197   9.8  22.1  27.2   2.2   7.0   4.2
2  1968  198   4.9  21.6  26.2   2.6   6.3   5.8
2  1968  199   1.1  21.0  25.3   2.7   7.7  32.4
2  1968  200   7.6  22.8  27.0   2.2   5.3   3.1
2  1968  201   7.3  22.1  26.5   2.5   5.3  13.8
2  1968  202   1.5  20.8  26.5   2.7   3.0   7.7
2  1968  203   8.3  21.8  27.3   2.5   4.7   0.9
2  1968  204  10.3  22.9  27.4   2.5   4.3   0.8
2  1968  205  10.2  19.2  27.4   2.3   2.3   0.0
2  1968  206  10.5  19.0  27.2   2.3   4.3   0.0
2  1968  207   7.1  20.2  26.2   2.5   3.3   2.8
2  1968  208   7.6  20.4  26.5   2.4   2.3   0.5
2  1968  209   8.8  20.2  27.3   2.6   3.7   1.7
2  1968  210   8.6  23.1  27.5   2.2   7.3   0.0
2  1968  211   3.7  21.6  26.3   2.6   8.7   7.7
2  1968  212   8.8  22.0  27.4   2.1   6.0   4.2
2  1968  213   9.0  19.6  27.0   2.2   4.7   0.5
2  1968  214   5.0  21.1  26.3   2.6   5.0  31.8
2  1968  215   9.0  20.4  26.7   2.6   2.0   1.0
2  1968  216   7.2  21.8  26.9   2.3   5.0   2.7
2  1968  217   7.4  21.0  27.5   2.2   3.7   3.4
2  1968  218   7.5  19.9  27.5   2.2   2.3   0.0
2  1968  219   4.2  20.0  28.5   2.5   2.3   3.2
2  1968  220   9.9  21.3  27.4   2.2   3.3   3.5
2  1968  221   8.0  20.4  27.6   2.5   3.3   0.0
2  1968  222   9.8  20.4  27.6   2.3   2.3   0.0
2  1968  223   9.8  19.5  28.7   2.6   3.3   0.0
2  1968  224   9.8  19.4  28.8   2.3   3.0   0.0
2  1968  225   8.8  20.3  28.3   2.6   4.0   0.0
2  1968  226   4.5  20.9  27.1   2.4   5.0   0.0
2  1968  227   6.5  20.8  26.5   2.5   4.7  36.8
2  1968  228   1.5  20.3  25.5   2.5   4.3   7.9
2  1968  229   2.3  21.6  25.5   2.6   8.0  20.3
2  1968  230   1.7  21.8  26.5   2.2   9.7  11.4
2  1968  231   1.9  22.2  26.9   2.4   7.7   3.6
2  1968  232   8.6  22.0  27.2   2.1   6.0   2.2
2  1968  233   6.6  21.3  27.5   2.1   7.7   4.2
2  1968  234   5.5  21.4  26.4   2.0   5.7   2.3
2  1968  235   9.5  18.2  26.9   2.3   6.0   0.8
2  1968  236   3.6  20.0  26.3   2.4   3.3  11.0
2  1968  237   3.5  21.6  26.9   2.1   5.7   2.9
2  1968  238   2.3  20.1  25.4   2.4   6.7  17.7
2  1968  239   1.5  20.3  25.5   2.5   4.7  93.2
2  1968  240   7.5  21.7  27.4   2.5   3.0   4.2
2  1968  241   9.1  22.9  27.4   2.5   3.3   2.9
2  1968  242   9.8  23.0  27.7   2.3   4.3   0.0
2  1968  243   8.7  19.8  27.7   2.5   4.3   0.0
2  1968  244   9.1  21.2  28.3   2.5   3.3   0.8
2  1968  245   8.4  21.3  28.9   2.7   3.3   0.7
2  1968  246   9.6  21.0  28.9   2.4   3.7   0.0
2  1968  247   9.2  23.1  27.9   2.3   5.7   0.0
2  1968  248   9.4  20.4  28.4   2.3   4.7   0.0
2  1968  249   8.7  20.1  27.9   2.4   3.0   0.0
2  1968  250   9.0  22.9  28.0   2.2   5.3   0.0
2  1968  251   9.2  23.6  27.8   2.3   7.0   0.0
2  1968  252   6.2  21.8  27.9   2.5   2.0   0.0
2  1968  253   2.5  21.0  27.1   2.3   7.0  27.6
2  1968  254   0.9  20.1  26.2   2.4   6.7  33.4
2  1968  255   6.7  21.8  27.3   2.2   8.0   1.2
2  1968  256   6.5  23.1  27.9   2.3   5.0   0.0
2  1968  257   5.0  21.2  26.9   2.3   7.7   3.9
2  1968  258   5.6  21.9  28.0   2.3   5.7   2.0
2  1968  259   8.8  20.7  27.4   2.2   4.3   0.0
2  1968  260   8.7  19.5  27.8   2.3   4.3   0.0
2  1968  261   8.6  19.6  28.2   2.5   5.0   0.0
2  1968  262   8.6  23.6  28.3   2.4   5.7   0.0
2  1968  263   4.3  22.7  28.1   2.6   4.0   5.1
2  1968  264   5.9  21.4  27.6   2.5   5.7  12.3
2  1968  265   8.6  23.6  28.4   2.3   3.0   0.0
2  1968  266   8.6  21.2  28.4   2.6   4.3   1.4
2  1968  267   0.7  23.2  27.0   2.4   4.3   1.8
2  1968  268   7.8  22.8  27.6   2.5   3.0   2.1
2  1968  269   6.6  20.9  27.0   2.4   3.0  17.0
2  1968  270   5.2  21.6  27.4   2.3   3.0   3.7
2  1968  271   8.6  21.0  28.1   2.3   4.0   2.2
2  1968  272   8.6  19.9  28.2   2.1   5.0   0.0
2  1968  273   7.7  23.4  28.5   2.2   6.3   2.4
2  1968  274  10.0  21.2  29.3   2.4   5.0   0.0
2  1968  275   8.9  21.6  29.3   2.3   4.7   0.6
2  1968  276   9.4  22.4  28.1   2.4   5.0   1.5
2  1968  277   9.9  23.4  28.6   2.3   5.3   0.0
2  1968  278   9.1  23.5  28.5   2.6   5.0   0.0
2  1968  279   9.0  23.9  28.4   2.4   3.7   0.0
2  1968  280   9.3  23.9  28.9   2.4   5.0   0.0
2  1968  281  10.0  21.1  28.7   2.3   3.7   0.0
2  1968  282  10.0  20.6  28.4   2.3   3.3   0.0
2  1968  283   8.6  20.6  29.4   2.4   3.3   0.6
2  1968  284  10.0  21.6  29.3   2.6   5.7   0.0
2  1968  285   9.6  24.0  29.5   2.7   4.3   0.0
2  1968  286   9.9  21.8  30.0   2.5   6.3   0.0
2  1968  287   9.8  22.1  30.7   2.4   6.0   0.0
2  1968  288   8.8  22.8  30.3   2.4   4.7   0.0
2  1968  289  10.2  24.0  30.5   2.6   7.7   0.0
2  1968  290  10.1  24.1  29.9   2.7   5.0   4.9
2  1968  291  10.7  22.2  30.6   2.6   5.3   0.0
2  1968  292  10.4  24.7  30.7   2.5   4.7   0.0
2  1968  293  10.6  24.9  30.6   2.6   4.7   0.0
2  1968  294  10.4  24.8  29.6   2.5   4.3   0.0
2  1968  295  11.2  24.3  29.9   2.4   4.7   0.0
2  1968  296  11.3  22.6  29.3   2.4   4.0   0.0
2  1968  297   8.5  21.8  29.2   2.5   5.0   3.6
2  1968  298  11.3  24.6  29.4   2.4   4.0   0.0
2  1968  299  10.6  21.5  30.2   2.5   7.0   0.0
2  1968  300  10.1  22.2  30.4   2.4   5.0   0.0
2  1968  301   9.7  22.6  29.6   2.4   6.3   0.8
2  1968  302   9.7  24.8  29.7   2.6   6.7   3.3
2  1968  303   7.8  23.1  29.9   2.5   3.7   1.2
2  1968  304  11.0  24.3  29.8   2.5   4.0   0.0
2  1968  305   9.9  23.5  30.2   2.4   5.0   0.0
2  1968  306  11.1  25.0  30.3   2.1   4.0   0.0
2  1968  307  10.3  22.4  30.1   2.5   5.0   1.0
2  1968  308  11.2  22.2  29.0   2.5   4.7  17.5
2  1968  309  11.0  22.4  29.6   2.6   6.0   0.0
2  1968  310  10.0  22.9  29.9   2.5   4.3   0.0
2  1968  311   9.0  25.0  30.3   2.6   4.3   0.0
2  1968  312  10.8  24.7  30.1   2.5   3.7   0.0
2  1968  313  11.0  21.8  30.2   2.5   5.0   0.0
2  1968  314  11.4  21.5  30.3   2.4   5.0   0.0
2  1968  315  11.3  21.0  30.6   2.3   5.7   0.0
2  1968  316  10.5  23.3  30.8   2.7   5.3   0.0
2  1968  317   6.8  24.3  30.8   2.9   6.3   0.0
2  1968  318  11.6  23.0  30.4   2.7   5.7   0.0
2  1968  319   9.9  23.8  30.4   2.6   4.7   0.0
2  1968  320   9.7  22.6  30.8   2.6   5.7   0.0
2  1968  321   6.0  23.4  30.6   2.8   5.7   0.0
2  1968  322  10.0  24.4  30.9   2.9   7.0   0.0
2  1968  323  10.7  22.8  31.5   2.7   6.0   0.0
2  1968  324  11.0  22.3  31.4   2.5   5.0   0.0
2  1968  325   5.0  23.7  31.1   2.3   2.7   0.0
2  1968  326   6.5  24.6  30.3   2.8   5.0   0.0
2  1968  327   8.1  23.8  31.3   2.8   2.7   2.9
2  1968  328   8.5  24.3  29.8   2.7   3.7   1.4
2  1968  329  11.4  22.5  30.6   2.7   6.3   0.0
2  1968  330   9.6  24.2  31.2   2.7   5.7   0.0
2  1968  331   6.8  22.9  30.1   2.6   3.3   2.2
2  1968  332  10.5  23.1  30.4   2.6   5.0   0.6
2  1968  333   5.9  23.2  29.8   2.5   1.3   5.2
2  1968  334   9.0  21.3  29.6   2.8   4.0   9.7
2  1968  335  10.0  22.6  30.0   3.0   5.7   3.3
2  1968  336  10.0  23.3  30.3   2.6   4.3   1.5
2  1968  337  10.0  24.6  31.2   2.5   5.0   0.0
2  1968  338  10.0  24.1  30.7   2.7   4.7   0.0
2  1968  339  10.0  23.0  31.3   2.7   5.7   0.0
2  1968  340  10.0  22.1  30.9   2.6   6.3   0.0
2  1968  341  10.0  22.6  33.5   2.4   5.7   0.0
2  1968  342  10.0  23.1  32.3   2.3   6.3   0.0
2  1968  343  10.0  23.0  31.5   2.7   7.7   0.0
2  1968  344  10.0  21.8  31.0   2.4   4.7   0.0
2  1968  345  10.0  23.8  30.9   2.8   4.0   0.0
2  1968  346  10.0  23.2  30.8   2.7   3.0   0.0
2  1968  347  10.0  23.1  30.3   2.7   4.0   8.8
2  1968  348  10.0  22.0  30.5   2.5   4.3   0.0
2  1968  349  10.0  23.2  30.9   2.7   4.3   0.0
2  1968  350  10.0  23.7  30.9   2.8   4.3   2.4
2  1968  351  10.0  23.8  31.5   2.8   5.7   0.0
2  1968  352  10.0  22.8  31.1   3.2   5.0   1.6
2  1968  353  10.0  25.0  30.8   2.5   6.3   0.0
2  1968  354  10.0  22.9  30.2   2.8   5.3  25.4
2  1968  355  10.0  25.3  30.8   2.5   6.3   0.0
2  1968  356  10.0  24.4  29.2   2.7   3.3   2.0
2  1968  357  10.0  23.8  30.2   2.7   3.3   0.0
2  1968  358  10.0  25.6  30.7   2.8   4.7   0.5
2  1968  359  10.0  23.0  30.0   2.7   4.3   1.4
2  1968  360  10.0  23.0  30.3   2.8   4.0   2.2
2  1968  361  10.0  23.4  31.2   2.9   5.3   0.0
2  1968  362  10.0  25.4  30.4   2.7   4.3   2.0
2  1968  363  10.0  24.1  30.6   2.7   3.7   0.5
2  1968  364  10.0  23.2  30.3   2.8   5.0   1.0
2  1968  365  10.0  23.8  31.2   2.6   5.7   0.0
2  1968  366  10.0  23.6  30.6   2.5   4.7   0.0

