*-----------------------------------------------------*
* Station name: Maceio-AL, Brazil
* Year: 1966
* Author: Luis Claudio Costa
* Source: UFV / DEA              -999.000:NIL VALUE
* Longitude: 35 42 W, latitude: 09 40 S, altitude: 64.50 m.
*
* Column     Daily value
* 1          station number
* 2          year
* 3          day
* 4          sunshine                      (hour d-1)
* 5          minimum temperature           (oC)        
* 6          maximum temperature           (oC)        
* 7          early morning vapour pressure (kPa)
* 8          mean wind speed (height: 2m ) (m s-1)
* 9          precipitation                 (mm d-1)
*-----------------------------------------------------*
-35.74  -9.67  64.50  0.25 0.54
2  1966    1   8.6  23.6  30.8   2.9   4.3   0.8
2  1966    2  11.0  22.4  30.6   2.7   4.7   0.0
2  1966    3   9.0  23.2  31.3   2.8   4.7   0.0
2  1966    4  11.2  22.7  31.5   2.5   6.0   0.0
2  1966    5  10.7  22.4  31.1   2.6   5.0   0.0
2  1966    6  11.2  22.1  31.1   2.6   5.0   0.0
2  1966    7  11.4  23.9  30.9   2.6   3.3   0.4
2  1966    8  10.7  23.3  30.9   2.6   4.7   0.0
2  1966    9  10.2  22.7  30.6   2.7   5.7   0.0
2  1966   10   9.3  23.4  31.2   2.6   5.3   0.5
2  1966   11  11.1  23.0  31.3   2.4   4.3   0.0
2  1966   12  11.2  25.1  30.7   2.6   5.0   0.0
2  1966   13  10.8  22.6  31.1   2.6   5.7   0.0
2  1966   14   9.7  23.3  31.4   2.8   4.3   0.6
2  1966   15  11.0  22.6  30.9   2.8   4.0   0.0
2  1966   16  11.0  23.1  30.6   2.8   3.7   2.2
2  1966   17   8.7  23.6  29.9   2.8   3.7   5.3
2  1966   18  11.2  23.2  30.9   2.7   4.7   0.0
2  1966   19  11.0  24.4  30.8   2.7   3.7   1.0
2  1966   20   9.7  23.3  30.8   2.5   3.0   0.0
2  1966   21   8.7  23.4  30.7   2.7   3.3   0.0
2  1966   22  10.6  25.2  30.9   2.7   4.3   0.0
2  1966   23   1.1  23.6  28.5   3.0   1.7  11.2
2  1966   24   5.4  23.2  29.6   2.8   3.0   3.5
2  1966   25   4.7  24.4  30.3   2.6   2.7   2.1
2  1966   26   7.7  23.2  30.3   2.7   3.7   0.0
2  1966   27   5.4  23.3  29.7   2.8   3.0   0.6
2  1966   28   8.8  22.8  30.1   2.7   3.0   0.0
2  1966   29   4.1  23.2  29.5   3.0   5.0  14.9
2  1966   30   2.3  23.0  29.1   3.1   1.7  28.7
2  1966   31   0.7  23.0  28.5   2.9   1.3  79.4
2  1966   32   8.3  23.4  30.3   2.9   3.0   2.1
2  1966   33   4.5  24.0  30.1   2.9   1.0   1.7
2  1966   34   0.0  22.7  28.4   2.7   0.3   2.3
2  1966   35   0.0  22.5  27.3   2.9   1.0   5.4
2  1966   36   3.0  22.9  28.9   2.8   1.7   9.0
2  1966   37   3.3  23.4  29.0   3.0   2.0   0.6
2  1966   38   4.0  23.4  28.7   2.9   3.0   5.9
2  1966   39   0.8  23.7  26.9   2.9   2.3  13.3
2  1966   40   0.0  22.3  26.0   2.6   1.7  15.1
2  1966   41   3.1  23.0  28.4   2.9   2.3   5.3
2  1966   42   1.7  22.8  29.3   2.9   3.3  21.6
2  1966   43  10.0  24.0  29.6   2.5   4.0   0.9
2  1966   44   8.1  22.3  28.5   2.9   2.7   5.3
2  1966   45   7.7  22.2  28.7   2.8   3.0   2.7
2  1966   46   2.7  23.1  27.6   2.6   4.7   7.7
2  1966   47   6.0  22.3  28.4   2.9   4.0  16.3
2  1966   48   0.6  22.3  27.4   2.6   2.0  21.0
2  1966   49   4.7  22.2  29.3   2.8   2.3   5.8
2  1966   50   9.5  22.5  30.2   2.8   4.3   0.0
2  1966   51   9.5  23.6  29.7   2.9   5.7   1.8
2  1966   52  11.2  25.2  29.6   2.4   2.7   0.0
2  1966   53   8.3  21.8  29.4   2.5   2.0   0.0
2  1966   54  10.2  22.8  30.6   2.5   4.3   0.0
2  1966   55   8.9  22.6  30.0   2.7   4.3  14.0
2  1966   56  10.0  22.4  30.6   2.6   2.7   0.0
2  1966   57   9.9  23.3  30.7   2.6   4.3   0.0
2  1966   58   9.0  23.3  30.6   2.7   2.7   0.4
2  1966   59   7.3  22.8  29.5   2.7   3.7  10.0
2  1966   60   1.7  23.0  28.5   3.0   0.7   5.9
2  1966   61   0.0  23.0  28.0   2.9   3.0   1.8
2  1966   62   3.6  23.6  29.3   2.9   1.3   0.9
2  1966   63   6.6  22.9  29.6   2.9   4.0   7.0
2  1966   64   9.6  23.4  30.0   2.9   2.7   4.4
2  1966   65   3.1  23.7  29.8   3.0   4.3   0.0
2  1966   66   7.4  24.0  30.2   2.8   2.7   0.8
2  1966   67   6.4  25.4  30.2   2.9   3.3   2.1
2  1966   68   1.2  22.6  28.9   2.9   2.0  15.8
2  1966   69   7.5  22.4  29.6   2.8   3.7   2.6
2  1966   70   9.7  23.1  30.0   2.8   3.7   0.7
2  1966   71   9.6  24.2  29.9   2.7   3.3   0.4
2  1966   72   9.3  22.5  29.6   2.5   3.0   1.2
2  1966   73   2.6  23.3  28.7   2.3   3.0   2.6
2  1966   74   8.5  22.9  29.5   2.5   2.3   2.1
2  1966   75   0.0  22.6  26.9   2.6   2.7   4.5
2  1966   76   9.2  22.6  29.7   2.4   2.3   0.6
2  1966   77   5.3  22.0  29.6   2.3   3.3   0.0
2  1966   78   8.6  23.3  30.1   2.6   5.3   1.1
2  1966   79   6.7  23.3  30.1   2.6   3.7   0.7
2  1966   80   4.1  22.3  29.3   2.8   1.7   2.6
2  1966   81   7.0  22.5  29.5   3.0   1.3   8.0
2  1966   82   6.8  23.0  29.6   3.0   4.3   3.0
2  1966   83   6.7  24.0  29.4   2.7   4.3   5.3
2  1966   84   7.0  25.1  30.1   2.6   3.7   0.0
2  1966   85   5.4  23.3  29.3   3.1   3.7   1.4
2  1966   86   8.2  24.2  29.7   2.5   4.0   0.0
2  1966   87   8.4  22.1  29.7   2.3   3.0   0.0
2  1966   88   5.3  23.1  29.4   2.7   2.7   1.6
2  1966   89   7.5  23.9  29.6   2.5   4.3   1.2
2  1966   90   8.6  22.7  29.4   2.6   2.3   0.0
2  1966   91   8.7  22.0  30.0   2.3   3.7   0.0
2  1966   92   8.7  22.3  31.1   2.7   4.7   0.0
2  1966   93   8.3  23.8  31.4   2.7   4.0   0.0
2  1966   94   8.6  23.8  32.0   2.7   7.3   0.0
2  1966   95   5.4  23.8  31.2   2.9   5.0   0.0
2  1966   96   6.4  24.6  31.1   2.6   4.7   0.0
2  1966   97   8.7  23.4  31.3   2.5   5.7   0.0
2  1966   98   8.9  23.4  31.9   2.7   6.0   0.0
2  1966   99   6.6  24.2  33.2   2.7   2.3   0.0
2  1966  100   1.8  25.1  27.5   3.0   1.7  12.1
2  1966  101   6.2  23.0  29.5   2.6   2.3   2.0
2  1966  102   2.6  24.0  28.7   2.8   2.0   3.0
2  1966  103   3.1  23.6  28.4   2.8   2.3   4.8
2  1966  104   4.5  22.9  27.3   2.8   3.0  12.1
2  1966  105   5.4  24.2  29.4   2.9   3.3   0.7
2  1966  106   9.1  22.9  29.4   2.9   2.7   1.6
2  1966  107   9.3  23.8  29.9   2.8   4.7   3.1
2  1966  108   6.1  22.6  28.9   2.9   3.0   2.4
2  1966  109   8.2  22.9  28.9   3.0   2.3   2.6
2  1966  110   2.6  23.2  28.0   2.9   3.7   7.6
2  1966  111   6.3  22.8  28.0   2.7   4.3   2.4
2  1966  112   8.1  24.2  28.9   2.5   4.3   2.2
2  1966  113   5.9  23.7  28.7   2.9   6.0   2.1
2  1966  114   0.3  23.6  26.5   2.8   3.0   8.9
2  1966  115   1.4  22.3  26.7   2.9   3.0  30.0
2  1966  116   6.5  23.0  28.3   3.0   2.0   7.0
2  1966  117   9.1  22.5  30.0   2.9   3.3   2.4
2  1966  118   6.6  24.5  28.8   2.8   2.3   4.8
2  1966  119   0.1  23.8  26.6   2.9   3.3   8.8
2  1966  120   8.5  23.0  29.7   2.8   4.3  11.3
2  1966  121   7.1  25.1  29.4   2.7   3.3   7.3
2  1966  122   6.9  23.2  28.7   2.9   4.7   3.2
2  1966  123   8.2  22.2  29.1   2.8   5.7   7.1
2  1966  124   9.4  24.0  28.2   2.7   2.3   3.0
2  1966  125   6.7  22.2  28.6   2.7   2.7   0.7
2  1966  126   4.2  22.5  28.5   2.8   2.3   0.8
2  1966  127   7.7  21.9  28.9   2.8   5.3   0.6
2  1966  128   9.1  21.9  29.2   2.8   4.0   0.0
2  1966  129   9.6  22.9  29.4   2.6   3.0   0.0
2  1966  130   9.3  23.0  29.2   2.6   3.0   3.6
2  1966  131   8.5  23.4  29.5   2.8   4.0   1.0
2  1966  132   5.9  23.4  27.8   3.0   3.3   7.0
2  1966  133   9.0  23.2  28.8   3.0   2.0   9.1
2  1966  134   7.3  23.0  28.5   2.9   1.7   9.0
2  1966  135   9.9  21.5  28.7   2.7   1.7   0.0
2  1966  136   9.3  21.9  28.2   2.6   2.3   0.0
2  1966  137   9.9  21.6  28.6   2.7   2.0   0.0
2  1966  138   7.9  22.1  29.2   2.9   6.7   0.0
2  1966  139   0.0  23.0  26.5   2.8   9.3  22.8
2  1966  140   0.0  22.3  26.1   2.7   6.0  29.8
2  1966  141   7.5  21.4  27.9   2.9   2.3  16.5
2  1966  142   9.9  22.0  28.3   2.6   3.0   1.1
2  1966  143   9.6  22.4  28.7   2.8   2.7   0.0
2  1966  144  10.0  22.6  29.6   2.9   1.7   0.0
2  1966  145   4.9  23.0  28.6   3.0   2.0   4.0
2  1966  146   9.0  23.4  28.1   2.9   5.3   5.3
2  1966  147   2.9  22.7  26.7   2.9   5.3   7.8
2  1966  148   0.0  22.1  25.0   2.8   5.0  49.7
2  1966  149   7.7  22.4  26.6   2.8   4.3  35.1
2  1966  150   0.3  21.8  27.1   2.6   3.7  41.1
2  1966  151   2.0  22.1  27.7   2.5   4.0  58.5
2  1966  152   1.5  22.4  26.7   2.8   4.7   3.1
2  1966  153   7.2  22.3  27.4   2.7   3.3   4.4
2  1966  154   9.6  22.3  27.8   2.9   2.0   1.0
2  1966  155   9.2  23.2  28.8   2.9   1.7   1.0
2  1966  156   2.8  22.4  26.7   2.8   4.7   7.7
2  1966  157   6.0  23.2  26.8   2.5   5.0   3.8
2  1966  158   6.8  22.7  27.7   2.6   5.7   3.5
2  1966  159   9.8  20.8  27.6   2.5   5.3   0.0
2  1966  160   5.9  21.0  27.5   2.6   4.0   4.2
2  1966  161   0.0  22.0  26.6   2.8   7.0   5.2
2  1966  162   0.4  21.9  25.7   2.8   5.0  21.9
2  1966  163   8.9  21.3  27.9   2.7   2.7  20.8
2  1966  164   0.1  22.6  26.6   2.8   6.7  10.3
2  1966  165   5.7  23.1  27.7   2.7   4.3   2.8
2  1966  166   8.3  22.6  27.7   2.6   5.7  12.0
2  1966  167   8.6  23.5  27.2   2.4   5.0   0.5
2  1966  168   7.5  22.2  28.4   2.6   4.3  11.4
2  1966  169   8.5  22.0  27.9   2.7   4.7   0.0
2  1966  170   0.6  22.0  26.4   2.7   2.3  13.6
2  1966  171   9.1  23.9  27.2   2.4   6.7   5.8
2  1966  172   8.7  22.3  27.6   2.4   8.7   8.8
2  1966  173   5.3  22.4  27.7   2.7   7.7   2.5
2  1966  174   5.3  21.5  27.8   2.4   8.0   1.1
2  1966  175   9.7  23.4  28.2   2.3   5.3   2.7
2  1966  176   5.6  23.0  27.9   2.5   5.0   2.0
2  1966  177   0.9  21.6  25.7   2.7   7.0   5.0
2  1966  178   7.0  22.9  27.3   2.7   5.0   5.5
2  1966  179  10.1  23.8  27.6   2.2   4.7   1.7
2  1966  180   9.9  20.2  27.6   2.6   3.0   0.0
2  1966  181   7.9  21.8  27.5   2.4   3.7   7.2
2  1966  182   3.4  20.2  26.3   2.6   1.3   9.9
2  1966  183   3.2  21.8  26.9   2.4   8.0  12.6
2  1966  184   4.5  22.1  27.1   2.1   6.7   5.7
2  1966  185   0.2  21.9  27.3   2.5   8.0   8.4
2  1966  186   9.1  22.2  27.3   2.3   7.3   5.3
2  1966  187   8.7  21.5  27.0   2.5   5.0   6.3
2  1966  188   9.7  22.0  27.1   2.4   5.0   5.2
2  1966  189   3.1  21.0  26.5   2.7   3.3  13.1
2  1966  190   6.3  21.8  27.4   2.7   6.7  18.5
2  1966  191   9.2  22.6  27.1   2.7   7.0   3.6
2  1966  192   7.5  23.0  27.2   2.3   5.7   3.5
2  1966  193   9.3  21.3  27.0   2.3   5.3  10.6
2  1966  194   2.3  22.0  25.9   2.6   7.0  10.8
2  1966  195   4.0  22.5  26.4   2.6   7.0  14.1
2  1966  196   7.4  22.2  27.4   2.7   8.0  16.1
2  1966  197   4.2  22.6  27.1   2.9   4.3  10.8
2  1966  198   9.8  22.9  27.4   2.7   6.3  17.0
2  1966  199   0.0  22.2  26.5   2.6   7.3   5.2
2  1966  200   9.6  20.2  27.4   2.4   4.7   1.4
2  1966  201   7.6  21.0  26.9   2.5   7.3   4.8
2  1966  202   5.5  23.0  27.4   2.5   4.7   3.9
2  1966  203   6.0  21.2  27.4   2.4   7.3   9.5
2  1966  204   8.5  20.5  27.6   2.2   6.3   1.7
2  1966  205   7.5  23.1  27.6   2.3   5.0   1.6
2  1966  206   5.7  21.3  26.1   2.4   7.0   7.3
2  1966  207   8.3  20.4  26.7   2.4   7.7  21.6
2  1966  208   8.3  21.2  27.3   2.4   6.3   1.9
2  1966  209   6.9  22.0  27.2   2.3   7.0   5.4
2  1966  210   6.8  22.8  27.1   2.5   4.7   2.7
2  1966  211   5.7  21.2  27.2   2.7   5.7   3.3
2  1966  212   8.4  23.2  27.4   2.5   5.3   2.6
2  1966  213   7.4  22.0  27.6   2.6   6.3   1.3
2  1966  214   9.5  20.5  27.6   2.3   5.3   0.5
2  1966  215   8.3  22.3  27.5   1.9   6.0   0.3
2  1966  216   7.8  22.1  27.6   2.1   5.3   0.8
2  1966  217   5.9  20.4  26.8   2.5   4.3   6.3
2  1966  218   7.8  22.4  26.4   2.6   3.7   2.1
2  1966  219   5.4  19.0  26.3   2.2   5.0   7.4
2  1966  220   5.5  21.0  25.6   2.2   3.7   5.6
2  1966  221   8.5  19.9  27.2   2.5   4.3   2.6
2  1966  222   1.2  20.9  26.7   2.3   3.7   2.8
2  1966  223   1.9  21.6  26.9   2.3   6.0  30.9
2  1966  224   7.7  20.6  27.2   2.6   3.7   2.2
2  1966  225   3.6  20.6  26.4   2.6   2.7   8.8
2  1966  226   5.3  22.1  26.9   2.5   5.0   7.2
2  1966  227   6.9  20.4  27.3   2.4   5.3   0.7
2  1966  228   5.8  21.6  27.6   2.4   4.7   0.0
2  1966  229   9.2  22.9  27.6   2.1   7.0   2.7
2  1966  230   9.1  23.4  26.1   2.0   7.7   0.0
2  1966  231   9.3  22.8  27.3   2.3   5.3   0.9
2  1966  232   8.0  20.3  27.5   2.4   3.7   1.0
2  1966  233   9.4  19.9  27.5   2.6   3.7   1.3
2  1966  234   8.8  19.9  27.7   2.3   3.7   1.6
2  1966  235   9.2  19.8  27.4   2.1   7.0   0.0
2  1966  236   5.2  23.0  27.4   1.9   4.0   1.4
2  1966  237   8.4  21.4  27.8   2.3   5.3   0.0
2  1966  238   1.9  23.8  27.5   2.3   4.3   0.0
2  1966  239   7.9  20.3  26.9   2.1   6.7   0.8
2  1966  240   4.8  20.2  27.2   2.6   5.3   1.6
2  1966  241   9.4  21.3  27.9   2.2   4.7   1.0
2  1966  242   9.1  19.8  27.6   2.3   4.0   0.8
2  1966  243   2.5  19.2  26.2   2.3   3.7   4.7
2  1966  244   1.7  21.8  26.6   2.8   6.7  24.5
2  1966  245   7.6  22.9  27.5   2.5   6.3   6.5
2  1966  246   2.1  21.4  26.0   2.5   6.3  10.6
2  1966  247   7.3  20.6  26.8   2.2   3.3   5.7
2  1966  248   5.8  21.8  26.5   2.6   6.0   2.1
2  1966  249   4.6  22.0  27.6   2.5   6.7  31.5
2  1966  250   8.5  22.6  27.6   2.4   5.3   0.7
2  1966  251   8.4  22.1  27.3   2.3   6.3   0.0
2  1966  252   3.8  20.6  27.0   2.6   4.3   5.2
2  1966  253   1.2  20.6  25.9   2.5   3.3   4.4
2  1966  254   6.0  21.2  27.4   2.8   5.0  25.5
2  1966  255   7.1  22.2  27.4   2.3   5.7   5.4
2  1966  256   8.8  23.2  27.4   2.0   5.0   0.0
2  1966  257   8.1  19.9  27.5   2.4   4.0   0.8
2  1966  258   5.9  22.9  27.5   2.5   3.7   1.1
2  1966  259   7.7  22.2  28.7   2.9   2.7   3.8
2  1966  260   8.3  20.9  28.6   2.5   5.7   1.9
2  1966  261   8.3  20.9  28.7   2.5   5.7   0.0
2  1966  262   6.0  23.3  28.0   2.5   2.0   0.0
2  1966  263   8.0  21.4  27.8   2.4   5.0   0.6
2  1966  264   8.6  20.7  28.7   2.3   3.3   0.0
2  1966  265   8.5  20.4  28.8   2.3   4.3   0.0
2  1966  266   8.3  20.8  29.7   2.5   3.3   0.0
2  1966  267   3.2  22.1  26.9   2.9   2.0   9.7
2  1966  268   4.7  21.7  27.3   2.8   5.3  21.4
2  1966  269   0.6  21.1  25.6   2.6   5.7  52.5
2  1966  270   8.8  21.0  27.7   2.6   2.7  32.9
2  1966  271   8.6  20.4  28.0   2.4   4.3   0.8
2  1966  272   8.5  23.8  28.2   2.6   6.0   2.2
2  1966  273   9.2  24.3  28.2   2.6   6.7   0.0
2  1966  274   8.6  23.1  28.3   2.6   5.7   0.8
2  1966  275   9.6  21.6  28.3   2.3   3.3   1.6
2  1966  276   9.0  20.5  28.2   2.3   4.3   0.8
2  1966  277   9.6  21.8  29.3   2.7   4.7   1.6
2  1966  278   9.8  24.0  29.3   2.4   4.0   0.0
2  1966  279   9.5  20.9  27.8   2.4   2.3   0.0
2  1966  280   9.4  21.1  28.5   2.4   3.7   0.0
2  1966  281   9.7  21.1  28.6   2.3   4.3   0.0
2  1966  282   9.7  21.4  29.5   2.4   6.3   0.0
2  1966  283   9.9  21.2  29.7   2.4   6.0   0.0
2  1966  284   9.7  24.5  29.4   2.3   5.0   0.0
2  1966  285   9.5  21.8  29.4   2.3   4.0   0.0
2  1966  286   9.6  21.8  29.3   2.6   4.7   0.0
2  1966  287   9.9  21.9  29.3   2.3   4.3   0.0
2  1966  288   9.8  21.0  29.5   2.3   4.0   0.0
2  1966  289   9.9  22.1  29.6   2.4   4.7   0.0
2  1966  290   9.7  22.4  29.9   2.5   6.3   0.0
2  1966  291  10.8  22.9  30.3   2.5   8.3   0.0
2  1966  292  10.9  21.4  30.9   2.4   7.7   0.0
2  1966  293  11.0  21.6  30.5   2.5   7.0   0.0
2  1966  294   8.5  22.5  29.2   2.5   4.0   0.0
2  1966  295  10.8  24.1  29.1   2.2   5.7   0.0
2  1966  296  10.5  20.7  29.4   2.3   5.3   0.0
2  1966  297  11.2  21.8  30.1   2.5   5.3   0.0
2  1966  298  10.9  21.6  30.4   2.7   6.0   0.0
2  1966  299   9.9  24.8  30.1   2.5   3.7   0.3
2  1966  300   2.3  21.7  28.2   2.5   4.0   1.9
2  1966  301   8.7  24.4  28.6   2.5   5.0   0.0
2  1966  302  10.3  23.8  29.2   2.5   3.3   1.8
2  1966  303   9.0  22.9  29.1   2.8   2.7   3.4
2  1966  304   8.6  22.3  29.4   2.8   2.7   3.4
2  1966  305  10.5  22.4  29.3   2.4   5.0   1.2
2  1966  306  11.0  24.4  29.4   2.3   4.3   0.7
2  1966  307   8.4  22.1  29.4   2.6   4.7   1.4
2  1966  308   7.5  22.7  30.0   2.7   4.7   0.0
2  1966  309  10.3  23.5  29.2   2.7   5.7  11.7
2  1966  310   9.5  24.4  29.2   2.4   3.7   1.8
2  1966  311   8.7  23.1  29.2   2.4   3.7   0.9
2  1966  312   4.6  21.8  29.0   2.5   1.7   1.9
2  1966  313   9.5  23.0  29.7   2.6   5.3   1.5
2  1966  314   4.3  22.8  29.3   2.7   2.0   0.0
2  1966  315   8.2  22.6  30.1   2.6   3.3   0.0
2  1966  316  10.1  22.0  30.2   2.5   5.0   0.0
2  1966  317  10.5  23.1  30.4   2.7   4.7   0.0
2  1966  318  10.7  22.6  30.3   2.6   6.7   0.0
2  1966  319   9.2  24.8  29.7   2.6   5.3   1.2
2  1966  320   8.5  23.3  28.7   2.6   4.7   1.6
2  1966  321  10.9  22.0  30.0   2.5   5.0   4.4
2  1966  322  11.2  23.2  30.1   2.6   4.7   0.0
2  1966  323   9.1  22.8  29.7   2.7   3.0   0.6
2  1966  324   9.0  25.2  30.1   2.4   4.3   0.0
2  1966  325   5.5  22.0  29.1   2.7   2.7   1.5
2  1966  326   8.8  22.8  28.9   2.8   5.7   4.0
2  1966  327   9.7  22.8  31.2   2.6   5.3   0.6
2  1966  328   7.7  22.2  30.1   2.8   4.3   0.0
2  1966  329   3.6  22.8  28.2   2.9   2.0   3.5
2  1966  330   5.4  23.5  29.2   3.0   3.7   3.9
2  1966  331  10.5  22.9  30.1   2.8   4.7   0.4
2  1966  332   7.3  22.8  29.8   2.7   2.7   1.5
2  1966  333   5.1  23.8  29.0   2.9   3.3   4.0
2  1966  334  10.7  23.1  29.8   2.7   5.0   0.0
2  1966  335   9.8  25.4  30.3   2.6   4.3   0.0
2  1966  336  11.1  25.1  31.1   2.7   4.7   0.0
2  1966  337   9.2  24.2  30.3   2.6   4.0   2.0
2  1966  338   6.9  23.7  29.9   2.6   2.0   1.6
2  1966  339  10.3  24.6  29.7   2.8   4.0   4.3
2  1966  340  10.6  23.9  30.2   2.8   4.3   0.0
2  1966  341   9.0  25.0  29.3   3.0   4.7   4.0
2  1966  342   7.2  25.1  29.4   2.5   4.3   1.1
2  1966  343  10.6  22.1  30.2   2.6   5.0   0.0
2  1966  344  11.5  22.5  30.4   2.6   5.7   0.0
2  1966  345  11.0  22.4  31.2   2.5   6.0   0.0
2  1966  346  11.3  23.0  31.0   2.7   5.3   0.0
2  1966  347  11.5  23.5  30.6   2.7   4.0   0.0
2  1966  348   7.7  23.6  30.3   2.7   3.7   0.0
2  1966  349   9.1  22.9  30.1   2.9   4.7   0.5
2  1966  350  10.6  22.9  31.4   2.7   6.7   0.0
2  1966  351   9.5  23.5  30.6   2.8   7.3   0.0
2  1966  352   6.0  24.4  30.7   3.0   4.3   1.0
2  1966  353   8.9  25.3  30.5   2.9   4.0   1.5
2  1966  354   6.8  23.1  29.3   2.8   3.7   1.2
2  1966  355   9.3  22.6  29.4   2.8   3.0   3.2
2  1966  356  11.1  23.2  30.2   2.7   3.7   0.8
2  1966  357   9.0  22.8  30.2   2.5   3.7   0.9
2  1966  358   9.4  22.3  30.5   2.7   4.7   0.0
2  1966  359   7.9  23.4  30.6   2.9   4.0   0.0
2  1966  360  10.1  24.3  30.2   3.0   4.3   0.0
2  1966  361  11.1  23.2  30.4   2.8   5.7   0.0
2  1966  362  10.9  23.3  30.5   2.9   5.3   0.0
2  1966  363  10.8  23.9  30.6   2.8   4.3   0.0
2  1966  364  11.5  23.0  30.4   2.4   3.7   0.0
2  1966  365  11.2  21.6  30.3   2.4   4.3   0.0
