*-----------------------------------------------------*
* Station name: Maceio-AL, Brazil
* Year: 1964
* Author: Luis Claudio Costa
* Source: UFV / DEA              -999.000:NIL VALUE
* Longitude: 35 42 W, latitude: 09 40 S, altitude: 64.50 m.
*
* Column     Daily value
* 1          station number
* 2          year
* 3          day
* 4          sunshine                      (hour d-1)
* 5          minimum temperature           (oC)        
* 6          maximum temperature           (oC)        
* 7          early morning vapour pressure (kPa)
* 8          mean wind speed (height: 2m ) (m s-1)
* 9          precipitation                 (mm d-1)
*-----------------------------------------------------*
-35.74  -9.67  64.50  0.25 0.54
2  1964    1   5.7  22.3  29.2   3.0   2.0   0.7
2  1964    2  10.6  22.8  29.6   2.8   4.0   3.6
2  1964    3   5.0  24.4  28.8   2.9   3.3   5.6
2  1964    4  10.1  22.8  29.4   2.8   4.0   1.7
2  1964    5   9.6  22.3  30.2   2.9   3.0   1.8
2  1964    6  10.2  23.1  30.0   2.8   4.0   0.6
2  1964    7   1.2  23.8  28.3   3.1   2.7  22.5
2  1964    8   4.0  25.1  29.2   2.9   4.7   3.5
2  1964    9  11.1  23.3  29.9   2.9   1.7   1.2
2  1964   10   9.8  23.0  31.1   2.8   1.3   0.5
2  1964   11   9.8  23.7  31.4   2.9   4.7   0.0
2  1964   12   8.2  24.6  30.1   3.2   4.0  21.5
2  1964   13  10.3  25.7  30.2   2.9   4.0   1.0
2  1964   14   9.5  23.5  31.2   2.9   2.0   0.0
2  1964   15   9.6  23.8  31.2   3.0   2.7   0.0
2  1964   16  10.6  23.6  31.2   3.0   4.7   0.0
2  1964   17   5.2  23.8  31.1   3.0   3.0   0.0
2  1964   18  10.2  23.9  32.6   2.9   7.0   0.0
2  1964   19   8.0  24.8  31.4   3.2   3.7   0.0
2  1964   20   4.3  24.2  30.4   2.9   1.3   0.0
2  1964   21   8.3  23.5  30.6   2.7   2.7   0.0
2  1964   22   7.2  21.9  29.3   2.9   2.7  10.0
2  1964   23   7.1  22.4  29.4   3.1   2.0   4.0
2  1964   24   8.3  22.4  30.4   3.0   3.7  10.7
2  1964   25   9.4  23.8  30.3   3.0   5.0   8.2
2  1964   26  10.7  24.6  31.0   2.8   5.3   3.4
2  1964   27  10.3  24.0  30.8   3.0   3.3   1.0
2  1964   28  10.4  23.8  30.9   3.1   4.3   0.0
2  1964   29  10.4  23.3  31.1   2.9   2.0   2.2
2  1964   30   9.6  24.3  31.2   3.0   4.7   1.4
2  1964   31  10.1  23.9  30.6   3.2   4.7  15.0
2  1964   32  10.5  23.9  30.9   2.8   4.7   1.2
2  1964   33   8.8  23.6  30.9   2.9   4.3   0.0
2  1964   34   9.3  23.4  30.3   2.8   3.3   6.0
2  1964   35  10.6  23.3  31.0   2.8   2.7   0.5
2  1964   36  10.3  23.4  31.2   2.9   3.3   0.0
2  1964   37   9.9  23.8  31.4   3.0   5.3   0.0
2  1964   38   7.5  24.3  32.3   3.0   2.3   0.5
2  1964   39   0.0  23.4  27.4   2.8   1.0   3.1
2  1964   40   1.2  23.2  29.0   2.8   1.7   4.3
2  1964   41   3.9  23.2  29.4   2.8   2.3   2.6
2  1964   42   0.4  23.8  27.4   3.0   1.0  13.1
2  1964   43   2.3  22.8  29.4   3.0   1.3   9.6
2  1964   44  10.6  23.4  30.3   2.9   3.3   1.8
2  1964   45   9.2  24.0  30.4   3.1   4.7  19.2
2  1964   46  10.2  25.5  30.9   2.9   3.7   0.0
2  1964   47  10.6  24.4  30.7   2.8   3.7   0.0
2  1964   48  10.6  23.3  31.3   2.8   3.0   0.0
2  1964   49   5.0  24.3  31.0   3.1   3.0   0.0
2  1964   50  10.2  23.9  31.4   2.9   3.0   0.0
2  1964   51   9.5  24.2  31.5   3.0   2.7   2.0
2  1964   52   5.0  24.5  31.2   3.1   3.3   0.4
2  1964   53   9.3  24.0  32.0   3.1   2.0   0.0
2  1964   54   6.8  24.2  31.4   2.9   3.0   1.2
2  1964   55   9.6  24.9  31.0   3.1   3.3   0.8
2  1964   56  10.6  25.4  31.4   2.8   2.7   0.0
2  1964   57  10.5  24.0  31.3   2.6   3.7   0.0
2  1964   58  10.6  23.3  31.3   3.0   2.3   1.7
2  1964   59  10.5  23.4  31.0   2.8   3.3   0.0
2  1964   60   4.5  23.3  30.2   2.8   1.3   3.2
2  1964   61   1.6  23.4  29.4   2.9   1.3   7.4
2  1964   62   1.9  23.2  28.9   3.0   3.7  30.0
2  1964   63   6.1  22.6  29.4   2.8   2.0   0.7
2  1964   64   1.5  22.9  28.9   2.9   1.0   2.2
2  1964   65   8.6  23.8  30.1   2.9   3.0   0.6
2  1964   66   7.0  23.6  30.6   2.8   2.7   0.0
2  1964   67   4.1  22.8  29.6   2.9   3.3   1.3
2  1964   68   6.2  22.8  29.1   2.9   4.0   7.2
2  1964   69   5.8  23.3  30.0   2.9   2.3  15.8
2  1964   70   7.7  23.3  30.7   2.8   1.7   0.9
2  1964   71   6.8  23.6  30.0   2.9   3.0   1.7
2  1964   72   1.2  23.9  26.5   3.0   0.7  40.4
2  1964   73   0.0  22.9  26.1   2.9   1.7  46.2
2  1964   74   7.2  23.1  29.4   3.0   3.3  19.4
2  1964   75   8.9  23.2  30.9   3.1   2.3   1.4
2  1964   76   9.2  23.6  31.6   3.0   2.7   0.5
2  1964   77   9.1  22.9  31.3   2.8   3.0   0.0
2  1964   78   8.7  23.4  31.0   2.8   3.0   0.0
2  1964   79   4.7  24.2  30.0   2.9   3.7   3.4
2  1964   80   0.7  22.4  28.4   2.7   2.0  31.1
2  1964   81   8.5  22.9  29.8   2.8   2.7   0.7
2  1964   82   7.6  23.0  30.8   2.9   2.7   2.1
2  1964   83   7.1  24.6  30.1   2.6   1.3   0.0
2  1964   84   2.3  23.5  29.3   3.1   1.7  15.9
2  1964   85   8.2  24.0  30.4   3.0   3.7   2.5
2  1964   86   8.0  23.6  30.1   3.0   2.0   8.0
2  1964   87   7.3  24.1  30.5   3.0   3.0   2.8
2  1964   88   6.3  23.9  30.3   3.0   2.0   4.2
2  1964   89   8.3  23.1  30.0   3.0   2.0   4.7
2  1964   90   8.4  22.9  30.4   2.8   2.0   0.8
2  1964   91   6.8  23.2  30.0   2.9   1.3   7.4
2  1964   92   8.6  23.1  29.9   3.0   3.0   1.6
2  1964   93   8.3  23.5  30.3   3.0   1.3   1.8
2  1964   94   6.3  23.6  30.2   3.0   2.3   5.6
2  1964   95   2.2  22.9  28.4   2.7   3.7  18.1
2  1964   96   0.0  23.0  28.1   3.2   3.0  11.0
2  1964   97   6.0  23.3  29.4   3.1   5.0  22.5
2  1964   98   8.6  23.3  30.6   2.8   4.3   4.0
2  1964   99   4.1  22.4  28.8   2.6   2.0   7.1
2  1964  100   0.0  23.5  27.9   2.9   5.7  41.8
2  1964  101   0.2  22.7  28.5   3.0   1.7  12.9
2  1964  102   8.6  22.6  29.3   3.0   3.0   2.9
2  1964  103   7.0  23.7  29.7   2.8   4.7   2.1
2  1964  104   0.4  23.7  27.8   3.1   2.3  14.1
2  1964  105   0.9  23.6  28.0   3.1   4.0  27.4
2  1964  106   7.0  22.5  30.0   3.0   3.7   7.9
2  1964  107   5.4  24.6  29.0   2.8   5.0  13.2
2  1964  108   5.9  22.2  29.2   2.8   3.7  13.8
2  1964  109   2.3  22.5  27.6   2.8   1.3  10.5
2  1964  110   4.6  22.3  29.4   2.9   4.0  43.0
2  1964  111   9.1  24.3  29.4   2.8   5.3   1.2
2  1964  112   7.8  22.8  29.7   2.4   5.7   2.7
2  1964  113   9.3  22.3  29.9   3.0   2.3   2.2
2  1964  114   5.4  23.4  29.4   3.0   5.7  21.0
2  1964  115   1.2  23.6  28.6   3.0   6.0  28.8
2  1964  116   4.0  24.2  28.8   3.0   4.3   7.2
2  1964  117   0.1  23.4  27.6   2.9   2.0  18.4
2  1964  118   2.9  22.8  27.2   2.8   1.3  28.4
2  1964  119   7.9  22.8  28.9   3.1   2.3   8.8
2  1964  120   7.3  22.8  29.3   2.9   2.7   2.3
2  1964  121   8.1  22.5  29.4   2.5   2.7   0.5
2  1964  122   8.7  22.0  28.9   2.8   3.0   6.7
2  1964  123   0.7  22.9  27.3   2.7   4.3  12.7
2  1964  124   8.7  22.8  29.8   3.0   2.3   2.9
2  1964  125   2.6  23.6  27.8   2.9   2.0  35.4
2  1964  126   8.2  23.3  29.7   3.0   2.0   7.2
2  1964  127   7.9  22.2  29.1   2.9   4.7   1.8
2  1964  128   9.4  23.1  29.2   3.0   3.3   2.1
2  1964  129   9.6  21.6  29.2   2.8   2.3   2.0
2  1964  130   2.6  23.1  28.2   3.0   2.7  10.4
2  1964  131   9.6  23.1  29.3   2.8   3.3   4.1
2  1964  132   6.9  23.9  29.0   3.0   3.3   5.2
2  1964  133   9.3  23.2  29.4   3.0   2.0   5.3
2  1964  134   5.8  23.2  29.4   3.0   2.3   8.0
2  1964  135   8.5  23.3  29.8   2.7   3.7   2.4
2  1964  136   3.0  23.2  29.3   2.7   4.7   5.2
2  1964  137   8.1  23.2  29.2   2.5   4.7   1.6
2  1964  138   0.6  23.3  26.9   2.9   1.0  22.1
2  1964  139   0.4  22.4  27.7   2.7   1.0  65.0
2  1964  140   0.2  22.8  28.9   3.0   1.7   8.4
2  1964  141   6.7  22.7  29.4   3.0   2.7   2.8
2  1964  142   5.1  21.8  28.9   2.8   2.7  27.4
2  1964  143   8.2  22.4  29.1   2.9   2.3  16.9
2  1964  144   8.8  23.0  29.2   2.6   5.7  42.3
2  1964  145   8.1  23.8  29.0   2.8   5.0   8.5
2  1964  146   7.8  23.5  28.1   2.9   4.3  13.2
2  1964  147   7.5  23.2  28.7   2.9   7.0  17.4
2  1964  148   3.7  23.6  28.2   2.9   4.7  13.9
2  1964  149   4.4  24.0  29.0   3.0   2.7   3.5
2  1964  150   9.4  21.8  29.1   2.8   2.3   0.5
2  1964  151   5.6  22.8  29.4   2.8   4.0   0.6
2  1964  152   1.6  22.1  27.5   2.9   9.3  16.6
2  1964  153   1.5  21.0  26.2   2.6   7.3  17.2
2  1964  154   6.5  19.7  27.3   2.3   5.7   2.4
2  1964  155   9.7  19.8  27.6   2.4   5.3   1.1
2  1964  156   9.0  21.4  27.9   2.8   2.7   0.0
2  1964  157   7.8  22.4  28.3   3.0   2.7   4.3
2  1964  158   9.3  22.3  28.5   2.9   1.3   1.9
2  1964  159   9.0  22.6  28.7   2.8   3.7   2.7
2  1964  160   7.7  22.0  28.5   2.9   2.0   8.7
2  1964  161   0.0  21.6  24.4   2.7   3.7 137.3
2  1964  162  10.3  21.9  27.2   2.6   7.3  20.0
2  1964  163   8.2  21.4  28.5   2.8   2.7   1.7
2  1964  164   6.6  21.4  28.7   2.9   2.7   9.3
2  1964  165   3.9  22.2  28.7   2.9   2.0  16.1
2  1964  166   9.9  23.8  28.3   2.4   5.0   0.8
2  1964  167   0.0  20.6  27.2   2.7   3.3   2.7
2  1964  168   2.5  21.8  26.4   2.7   1.7   8.3
2  1964  169   8.7  22.0  27.6   2.9   1.7  12.1
2  1964  170   9.2  21.3  28.1   2.9   2.0   0.9
2  1964  171   3.3  22.9  26.3   2.6   7.0  13.0
2  1964  172   8.9  22.4  28.0   2.4   5.3  15.8
2  1964  173   4.6  22.3  27.7   2.1   7.0  32.3
2  1964  174   0.0  22.4  26.1   2.5   7.3   2.1
2  1964  175   0.2  22.0  26.0   2.7   1.7  27.1
2  1964  176   5.4  22.8  27.9   2.5   4.3   5.5
2  1964  177   6.1  22.3  27.5   2.7   7.7  24.1
2  1964  178   4.4  22.0  27.0   2.9   3.3   4.6
2  1964  179   7.2  21.3  27.6   2.3   5.3   9.8
2  1964  180   9.1  23.6  27.9   2.5   4.0   1.3
2  1964  181   7.2  21.6  27.8   2.7   3.3   2.0
2  1964  182   7.9  22.2  28.0   2.4   4.3   1.2
2  1964  183   9.6  21.8  27.7   2.9   6.0   3.8
2  1964  184   4.5  21.5  27.6   2.4   5.3   6.4
2  1964  185   7.9  24.0  27.7   2.5   6.0   1.9
2  1964  186   5.7  22.0  27.3   2.3   3.0   3.4
2  1964  187   3.7  21.6  27.5   2.8   4.3   3.6
2  1964  188   0.0  21.0  25.0   2.6   4.7  39.5
2  1964  189   0.2  20.4  26.3   2.4   2.3  23.1
2  1964  190   1.2  20.7  25.7   2.7   4.0  20.9
2  1964  191   5.3  21.0  27.1   2.7   2.7  12.3
2  1964  192   5.5  21.7  27.3   2.5   7.0   5.5
2  1964  193   5.7  23.9  27.6   2.1   5.7   0.6
2  1964  194   7.7  22.4  27.9   2.3   4.7   2.2
2  1964  195   4.3  21.6  27.5   2.3   5.7   1.0
2  1964  196   8.5  22.0  27.6   2.2   5.7   7.0
2  1964  197   9.1  20.0  27.7   2.4   4.0   0.0
2  1964  198  10.0  21.4  27.9   2.3   3.3   1.1
2  1964  199   0.0  20.7  24.9   2.5   1.0   9.4
2  1964  200  10.2  20.6  27.5   2.6   3.0   3.2
2  1964  201   9.6  20.6  27.3   2.7   3.0   1.2
2  1964  202   6.8  20.4  27.6   2.6   1.0   1.0
2  1964  203   8.2  21.4  28.8   2.7   1.7   0.9
2  1964  204   7.3  21.4  27.7   2.6   3.3   2.0
2  1964  205   9.8  22.0  28.0   2.8   2.3   0.0
2  1964  206   2.9  21.8  27.3   2.7   3.0  19.3
2  1964  207   7.9  21.4  27.2   2.7   3.7  39.9
2  1964  208   5.8  21.7  27.8   2.7   2.3   4.9
2  1964  209   9.3  20.4  28.3   2.7   2.3   2.2
2  1964  210   8.6  20.2  28.0   2.5   3.0   2.2
2  1964  211   9.5  21.8  27.7   2.2   5.7   2.4
2  1964  212   7.9  21.4  26.1   2.3   5.0   1.1
2  1964  213   7.3  20.8  27.3   2.6   2.0  36.2
2  1964  214   7.8  20.7  27.2   2.7   6.0   8.6
2  1964  215   2.3  22.1  26.1   2.7   9.3  41.6
2  1964  216   7.4  22.2  27.3   2.4   5.0  10.2
2  1964  217   6.4  19.8  27.4   2.4   4.0   0.4
2  1964  218   8.8  23.0  27.8   2.4   6.7   1.5
2  1964  219   9.0  21.2  27.6   2.4   6.3   1.2
2  1964  220   7.8  22.5  27.7   2.1   6.7   0.5
2  1964  221   8.4  22.6  27.9   2.0   5.3   1.0
2  1964  222   4.6  21.7  27.2   2.5   3.0   3.1
2  1964  223   2.5  20.6  27.0   2.3   6.3  46.9
2  1964  224   6.9  23.2  26.6   2.3   7.0   1.2
2  1964  225   6.2  22.9  26.9   2.4   7.0   4.0
2  1964  226   5.5  22.1  27.1   2.5   3.3   7.1
2  1964  227   7.6  21.4  27.9   2.5   3.0  13.9
2  1964  228   8.7  21.0  27.4   2.5   5.3   4.5
2  1964  229   8.1  23.2  27.2   2.4   5.3   0.8
2  1964  230   9.0  23.4  27.4   2.1   7.0   2.3
2  1964  231   8.5  22.7  27.6   2.1   3.3   0.5
2  1964  232   8.4  22.6  27.5   2.4   5.7   3.9
2  1964  233   5.5  21.8  27.2   2.2   3.3   1.8
2  1964  234   4.7  20.6  27.0   2.6   3.7   2.0
2  1964  235   1.6  20.5  25.9   2.6   1.0  24.4
2  1964  236   6.2  20.8  26.8   2.5   3.3  19.5
2  1964  237   7.0  22.4  27.4   2.3   4.0   5.6
2  1964  238   2.1  21.4  25.6   2.5   4.7   6.7
2  1964  239   4.2  21.9  26.6   2.3   3.3   4.2
2  1964  240   5.4  21.3  25.9   2.6   4.7  21.7
2  1964  241   5.7  20.4  27.5   2.3   3.3   4.0
2  1964  242   9.5  20.2  28.1   2.5   2.3   0.8
2  1964  243   9.5  21.0  27.2   2.3   3.7   1.4
2  1964  244   9.0  22.1  27.7   2.2   5.3   2.3
2  1964  245   9.1  20.0  28.1   2.1   4.0   0.0
2  1964  246   3.3  19.4  27.2   2.5   2.7   3.4
2  1964  247   3.6  21.7  27.5   2.5   3.7  27.1
2  1964  248   7.9  20.6  27.9   2.4   3.7   1.8
2  1964  249   6.7  22.3  28.0   2.5   3.7   2.4
2  1964  250   8.1  19.7  27.5   2.3   4.0   1.0
2  1964  251   4.6  21.4  27.2   2.6   1.7  13.9
2  1964  252   0.1  20.4  24.7   2.6   2.7  18.2
2  1964  253   8.5  21.1  27.2   2.3   2.7   3.3
2  1964  254   6.0  21.0  26.9   2.3   3.0   3.5
2  1964  255   8.7  19.6  27.8   2.4   6.3   3.0
2  1964  256   8.6  20.6  28.0   2.4   2.0   0.0
2  1964  257   7.8  23.2  28.0   2.5   3.3   0.0
2  1964  258   3.2  21.0  26.5   2.5   2.7  21.6
2  1964  259   7.7  20.6  27.4   2.3   6.3   6.2
2  1964  260   0.1  21.6  25.3   2.5   8.0  16.4
2  1964  261   6.5  21.4  27.2   2.4   5.0   7.8
2  1964  262   5.6  20.5  27.4   2.4   7.0   5.6
2  1964  263   5.3  23.0  26.9   2.2   4.7   3.3
2  1964  264   7.7  20.6  27.4   2.5   3.7   4.4
2  1964  265   1.8  21.1  26.4   2.5   4.7   7.0
2  1964  266   1.5  20.3  26.9   2.6   3.0  18.6
2  1964  267   7.2  20.9  27.0   2.5   3.3   2.1
2  1964  268   6.5  20.6  27.3   2.5   4.3  17.1
2  1964  269   8.4  20.6  28.0   2.5   3.3   2.4
2  1964  270   7.1  22.4  27.1   2.4   4.3   0.8
2  1964  271   8.8  21.9  28.5   2.4   5.3   0.4
2  1964  272   9.3  21.1  27.8   2.2   3.3   0.0
2  1964  273   1.4  21.5  27.2   2.8   2.7  14.0
2  1964  274   5.5  21.6  27.6   2.7   2.7   9.3
2  1964  275   6.3  21.4  27.1   2.8   4.0   5.7
2  1964  276   9.2  22.2  28.2   2.5   6.0   2.1
2  1964  277   9.0  23.8  28.4   2.5   4.3   0.0
2  1964  278   9.6  22.0  29.0   2.5   4.0   0.0
2  1964  279   9.3  21.8  29.5   2.6   4.0   0.0
2  1964  280   9.5  21.6  29.3   2.6   4.7   0.5
2  1964  281   9.5  23.9  29.2   2.5   5.3   0.6
2  1964  282   9.2  20.9  29.1   2.2   3.3   0.0
2  1964  283   8.3  21.4  29.1   2.3   2.3   2.0
2  1964  284  10.0  23.9  29.1   2.4   4.0   0.0
2  1964  285   8.5  21.4  28.9   2.4   4.0   0.0
2  1964  286   9.7  21.0  29.1   2.4   5.3   0.0
2  1964  287   9.9  21.6  29.5   2.3   6.3   0.0
2  1964  288  10.4  21.8  29.6   2.5   6.3   0.0
2  1964  289   9.8  21.0  29.7   2.6   7.3   0.0
2  1964  290  10.5  20.6  29.9   2.4   6.0   0.0
2  1964  291   8.1  20.7  28.8   2.6   4.3   9.6
2  1964  292  10.5  22.1  28.9   2.5   4.0   0.0
2  1964  293  10.4  20.8  29.1   2.6   4.0   0.0
2  1964  294   9.2  21.6  29.4   2.6   3.3   1.0
2  1964  295  10.3  21.2  29.5   2.6   5.0   0.0
2  1964  296  10.2  21.4  29.4   2.6   4.7   0.0
2  1964  297   9.1  21.8  29.5   2.5   5.0   1.0
2  1964  298   9.1  21.5  29.9   2.5   4.3   0.8
2  1964  299  10.6  20.8  29.5   2.3   5.7   0.0
2  1964  300  10.1  20.1  29.2   2.4   5.7   0.0
2  1964  301  10.8  23.8  29.1   2.3   5.3   0.0
2  1964  302  10.9  20.6  29.4   2.3   5.0   0.0
2  1964  303   9.2  20.4  28.9   2.6   5.7   1.3
2  1964  304   3.3  22.7  28.9   2.6   6.3   9.6
2  1964  305   9.2  23.4  29.0   2.6   4.0   1.0
2  1964  306  10.6  20.8  29.3   2.4   4.3   0.0
2  1964  307  10.6  20.3  29.7   2.4   6.0   0.0
2  1964  308   9.4  22.0  29.7   2.5   5.3   0.6
2  1964  309   9.7  21.5  29.7   2.4   3.3   0.0
2  1964  310  10.4  20.8  29.8   2.6   3.7   0.0
2  1964  311   9.6  19.8  30.6   2.1   7.0   0.0
2  1964  312  10.7  20.9  29.9   2.3   7.7   0.0
2  1964  313  10.7  21.2  30.0   2.4   5.7   0.0
2  1964  314   9.9  21.2  30.2   2.4   5.7   0.0
2  1964  315  10.7  24.0  30.1   2.6   6.0   0.0
2  1964  316  10.5  21.8  30.1   2.4   5.7   0.0
2  1964  317   6.6  21.6  30.0   2.3   3.0   0.0
2  1964  318   6.5  23.1  29.9   2.5   2.7   0.0
2  1964  319   7.7  22.5  29.9   2.8   3.0   2.0
2  1964  320  10.4  21.8  30.4   2.6   4.7   0.0
2  1964  321  10.1  23.2  30.4   2.5   5.0   0.0
2  1964  322  10.4  23.0  30.3   2.5   5.3   0.0
2  1964  323  10.3  23.5  29.9   2.5   3.3   0.0
2  1964  324   9.9  22.8  29.7   2.2   2.7   2.0
2  1964  325  10.4  21.0  29.2   2.3   3.7   0.0
2  1964  326   7.8  22.4  29.1   2.6   5.0   2.0
2  1964  327  11.2  21.8  30.3   2.5   6.3   0.2
2  1964  328  10.8  22.4  30.4   2.4   7.0   0.0
2  1964  329  10.5  21.7  31.5   2.3   7.7   0.0
2  1964  330  10.6  21.9  30.7   2.5   6.7   0.0
2  1964  331  10.3  21.5  30.6   2.6   4.7   0.0
2  1964  332   5.9  22.0  30.1   2.8   1.3   4.4
2  1964  333  11.0  21.6  29.9   2.5   3.3   1.2
2  1964  334  10.0  24.0  30.2   2.4   5.0   0.0
2  1964  335   9.0  22.0  29.6   2.6   3.7   0.0
2  1964  336  10.4  21.6  29.9   2.5   4.3   3.7
2  1964  337   8.9  22.4  29.4   2.9   3.3   7.4
2  1964  338   9.3  22.4  29.9   2.7   4.7   2.0
2  1964  339  10.2  21.8  31.7   2.0   6.7   0.4
2  1964  340   3.6  22.9  30.7   2.5   3.3   0.0
2  1964  341   3.9  24.0  30.4   3.0   3.0   2.2
2  1964  342  10.5  22.4  30.7   2.8   3.7   1.8
2  1964  343   9.2  23.2  30.0   2.7   3.3   1.6
2  1964  344  11.0  21.9  30.0   2.4   3.0   0.7
2  1964  345  11.0  21.6  30.1   2.5   5.3   0.0
2  1964  346   7.7  22.2  30.2   2.6   5.0   0.0
2  1964  347  10.7  23.5  29.7   2.5   5.0   1.2
2  1964  348  10.0  22.7  29.6   2.5   4.3   1.4
2  1964  349   9.5  22.8  29.7   2.5   3.7   0.7
2  1964  350  11.3  21.6  29.4   2.4   2.3   0.0
2  1964  351   6.9  21.2  29.5   2.8   2.0   2.8
2  1964  352   9.3  22.2  29.4   2.8   2.0  14.7
2  1964  353  11.0  22.2  30.1   2.5   5.0   1.7
2  1964  354  10.9  21.9  30.4   2.6   4.7   0.0
2  1964  355  10.9  21.4  30.1   2.4   3.3   0.0
2  1964  356   8.7  23.4  30.0   3.0   3.3   8.0
2  1964  357   9.9  23.5  29.8   2.8   3.7   2.0
2  1964  358  10.9  22.2  29.4   2.7   4.7   1.0
2  1964  359   9.8  22.3  30.1   2.9   3.7   0.9
2  1964  360  10.8  22.2  30.1   2.6   3.7   0.0
2  1964  361  10.9  22.3  30.4   2.7   5.7   0.0
2  1964  362  10.9  22.6  30.7   2.6   7.3   0.0
2  1964  363  11.2  22.0  30.6   2.4   6.0   0.0
2  1964  364  11.3  21.6  30.7   2.4   5.0   0.0
2  1964  365  11.2  21.2  31.1   2.2   7.7   0.0
2  1964  366  11.0  21.8  29.7   2.3   6.0   0.0
