*-----------------------------------------------------*
* Station name: Fortaleza-CE, Brazil
* Year: 1973
* Author: Luis Claudio Costa
* Source: UFV / DEA              -999.000:NIL VALUE
* Longitude: 38 36 w, latitude: 03 46 s, altitude: 21.13 m.
*
* Column     Daily value
* 1          station number
* 2          year
* 3          day
* 4          sunshine                      (hour d-1)
* 5          minimum temperature           (oC)        
* 6          maximum temperature           (oC)        
* 7          early morning vapour pressure (kPa)
* 8          mean wind speed (height: 2m ) (m s-1)
* 9          precipitation                 (mm d-1)
*-----------------------------------------------------*
-38.54 -3.75 21.13  0.25  0.54
1  1973    1   5.3  24.7  30.8   2.9   3.7   0.3
1  1973    2  10.6  24.8  32.3   2.9   6.0   0.8
1  1973    3  10.7  25.1  31.9   2.8   4.7   0.0
1  1973    4  10.8  25.0  32.4   2.9   4.0   0.0
1  1973    5   8.2  26.0  31.6   3.0   5.7   0.6
1  1973    6   9.2  25.5  32.0   2.9   4.0   0.2
1  1973    7   6.9  23.9  30.6   3.1   4.0  15.0
1  1973    8  11.0  26.0  31.4   3.2   5.0   0.0
1  1973    9   7.3  26.6  31.6   3.0   3.3   0.0
1  1973   10   6.4  25.6  31.2   3.1   2.7   2.8
1  1973   11   3.7  23.1  29.6   3.2   2.0  24.3
1  1973   12   3.4  24.1  29.8   3.1   1.7  20.5
1  1973   13   9.8  23.9  30.2   2.9   4.0   0.0
1  1973   14   9.3  24.3  30.2   3.1   3.7   0.0
1  1973   15   8.8  26.1  30.4   3.0   4.0   0.0
1  1973   16   5.5  24.0  30.2   3.0   2.3   0.0
1  1973   17   6.3  25.8  30.2   3.0   2.7   0.0
1  1973   18   4.5  25.0  30.2   3.1   3.7   1.3
1  1973   19   8.8  23.2  30.6   2.9   5.3   3.8
1  1973   20   5.2  23.6  30.8   3.2   3.3   3.5
1  1973   21   2.1  24.3  29.6   3.1   2.3   0.5
1  1973   22   8.6  23.7  31.4   3.2   4.3   0.0
1  1973   23   5.3  25.4  31.4   2.9   4.3   2.8
1  1973   24   2.5  24.6  30.0   3.3   2.3   8.4
1  1973   25   5.4  24.9  31.6   3.4   2.7   0.6
1  1973   26   7.3  22.9  30.2   3.2   5.0  13.0
1  1973   27   0.0  24.9  27.8   2.9   2.0   5.7
1  1973   28   0.0  23.7  27.6   2.8   2.0  17.1
1  1973   29   5.0  23.1  29.6   3.4   2.0   3.5
1  1973   30  10.5  24.2  31.2   3.1   5.3   0.0
1  1973   31   9.5  26.4  31.2   3.1   3.7   0.0
1  1973   32   9.4  24.6  31.2   3.1   3.3   0.0
1  1973   33   9.5  24.4  31.0   3.3   6.0   3.0
1  1973   34  10.6  24.4  30.8   2.8   4.3   0.0
1  1973   35   7.9  25.0  30.4   3.1   4.0   3.6
1  1973   36   2.2  24.8  29.7   3.0   3.0  13.3
1  1973   37   0.0  22.4  28.6   2.8   1.0  33.0
1  1973   38   4.5  23.2  30.4   2.8   2.3   0.0
1  1973   39   4.1  24.4  30.0   3.0   3.7   0.5
1  1973   40   3.2  24.2  28.6   3.1   2.7   4.4
1  1973   41   3.9  24.3  28.6   3.1   2.3  75.0
1  1973   42   0.0  22.9  26.8   3.0   2.3  67.7
1  1973   43   1.8  22.7  30.2   3.3   1.7   0.0
1  1973   44   1.0  23.4  27.8   2.8   0.7  37.7
1  1973   45   5.6  23.3  30.2   3.1   4.0   4.3
1  1973   46   8.6  25.1  31.0   3.0   2.3   0.1
1  1973   47  10.2  24.8  30.6   3.2   2.7   3.3
1  1973   48   8.7  24.4  31.2   3.0   3.3   0.0
1  1973   49   9.2  26.3  31.2   2.9   3.0   0.0
1  1973   50   9.6  26.0  30.6   3.0   2.7   0.0
1  1973   51   0.8  24.2  29.0   3.1   2.0  12.5
1  1973   52  10.9  24.7  30.8   2.9   3.3   0.0
1  1973   53   9.8  24.8  31.2   3.0   4.0   0.2
1  1973   54  10.2  24.5  31.2   3.0   4.0   0.0
1  1973   55   2.7  26.2  30.3   3.0   2.3   0.0
1  1973   56   3.7  23.0  30.2   3.1   4.0  24.2
1  1973   57   0.0  23.2  28.6   3.0   1.7  97.6
1  1973   58   7.8  24.3  30.9   3.1   4.3   4.3
1  1973   59   9.3  24.0  30.9   3.1   3.3   0.0
1  1973   60   8.5  24.2  31.2   2.8   3.3   6.2
1  1973   61   0.0  24.4  28.2   3.1   1.3  12.4
1  1973   62   0.0  23.7  26.0   3.1   1.7  11.8
1  1973   63   0.1  23.3  28.4   3.2   1.0  37.1
1  1973   64   1.3  23.5  28.8   3.1   1.0  34.8
1  1973   65   0.3  22.8  29.2   3.1   1.0  29.4
1  1973   66   5.7  23.6  29.4   3.1   1.0   6.4
1  1973   67   8.2  23.8  29.8   3.3   1.3   2.5
1  1973   68   4.6  23.6  29.8   3.4   1.7  16.6
1  1973   69   5.2  24.3  29.9   3.3   2.0   0.0
1  1973   70   8.2  24.1  30.4   3.3   2.3   1.1
1  1973   71   6.1  24.5  29.2   3.3   1.3  19.5
1  1973   72   5.9  23.4  29.0   3.3   1.0  19.8
1  1973   73   6.1  24.2  30.6   3.1   2.7   5.4
1  1973   74   2.2  24.4  30.0   3.4   2.0   5.8
1  1973   75   8.5  24.1  30.6   3.3   4.7   9.4
1  1973   76   9.9  24.2  31.3   3.1   4.7   1.4
1  1973   77  11.2  24.7  31.4   3.1   3.0   0.0
1  1973   78   8.0  24.2  31.2   3.4   4.0   0.3
1  1973   79   0.0  24.7  27.6   3.0   2.3  30.0
1  1973   80   0.0  23.5  28.6   3.2   2.7  12.6
1  1973   81   0.0  24.5  26.4   3.0   1.3  48.2
1  1973   82   0.2  22.4  28.6   2.9   2.0  20.9
1  1973   83   8.3  23.3  29.8   3.2   2.3  18.6
1  1973   84   6.1  24.2  30.4   3.2   2.0   1.3
1  1973   85   2.0  23.6  29.2   3.1   1.7  33.4
1  1973   86   0.5  24.0  29.2   3.1   1.7  17.8
1  1973   87   2.6  24.1  28.7   3.3   1.0  15.9
1  1973   88   0.9  23.5  29.8   3.2   1.3  11.6
1  1973   89  10.5  23.7  30.6   3.2   3.0   0.2
1  1973   90  11.2  24.7  31.0   2.9   4.0   0.0
1  1973   91   8.8  24.4  31.0   3.2   2.3   1.8
1  1973   92   5.7  23.8  30.6   3.3   3.0   8.9
1  1973   93  10.7  24.0  31.0   3.2   3.7   1.8
1  1973   94   0.0  24.0  28.2   2.9   3.3   9.8
1  1973   95   6.3  23.2  30.4   3.0   1.0   1.8
1  1973   96   4.7  24.2  29.8   3.1   2.3   4.5
1  1973   97   1.0  23.7  28.6   3.1   1.0  10.4
1  1973   98   0.2  22.7  27.6   2.9   1.3   6.9
1  1973   99   3.9  22.9  29.2   3.2   2.7  38.4
1  1973  100   6.1  23.0  29.8   3.0   1.0  44.2
1  1973  101   1.0  22.5  30.2   2.8   1.3  35.2
1  1973  102   3.0  23.5  29.6   3.1   1.3   0.8
1  1973  103   0.0  23.7  27.0   3.0   1.7  20.3
1  1973  104  10.7  23.1  31.0   2.9   2.3   0.0
1  1973  105   4.8  22.7  30.5   3.0   1.3   0.3
1  1973  106   2.3  23.3  30.0   3.3   1.3  17.8
1  1973  107   2.3  23.8  29.0   3.2   2.0  10.4
1  1973  108   3.6  24.2  30.1   3.1   1.3   1.8
1  1973  109   0.0  22.5  26.8   3.0   0.3  20.4
1  1973  110   1.4  22.4  29.6   3.3   2.3   1.2
1  1973  111   9.3  22.1  30.0   3.0   2.7  48.0
1  1973  112   2.6  24.1  28.6   3.3   3.0   3.0
1  1973  113   0.7  22.7  29.1   2.8   2.3   0.1
1  1973  114   0.0  23.4  27.6   2.9   2.3   8.5
1  1973  115   0.0  22.5  27.6   3.0   1.7  31.5
1  1973  116   5.0  22.8  30.4   3.1   2.3   6.2
1  1973  117   0.0  22.4  27.8   2.9   1.0  40.0
1  1973  118   0.0  23.2  25.8   3.0   1.0   7.7
1  1973  119   2.5  23.6  29.7   3.0   1.3   4.6
1  1973  120   5.5  23.1  30.4   3.0   2.0  21.4
1  1973  121   2.5  24.0  29.2   3.1   2.3  18.6
1  1973  122   7.6  23.5  30.2   3.1   2.7  16.0
1  1973  123   9.3  24.0  30.4   3.2   4.3   2.9
1  1973  124   6.0  24.3  30.8   3.1   2.7   0.0
1  1973  125  10.5  24.6  30.4   3.1   2.7   1.0
1  1973  126  10.3  24.2  30.2   3.2   3.0   3.6
1  1973  127   6.8  24.3  30.6   3.3   2.7   3.0
1  1973  128   6.9  24.4  30.8   3.0   1.3   0.2
1  1973  129   4.4  23.9  30.4   3.1   2.0   3.5
1  1973  130   4.6  23.7  29.6   3.1   1.0  33.0
1  1973  131   5.8  23.3  29.4   3.1   1.7   3.0
1  1973  132   3.7  23.8  28.8   3.2   2.7   6.9
1  1973  133   9.7  23.7  30.3   3.3   2.7   1.2
1  1973  134   0.4  23.1  30.2   3.2   4.0   0.0
1  1973  135   0.5  23.2  28.6   3.2   2.0   6.9
1  1973  136   1.2  23.1  28.8   2.8   5.0   4.5
1  1973  137  11.1  23.1  30.4   3.0   4.7   0.0
1  1973  138  10.8  23.2  30.8   2.9   2.7  12.2
1  1973  139  10.7  22.8  30.0   3.0   4.0   0.2
1  1973  140  11.0  23.2  30.6   2.8   3.0   0.0
1  1973  141   7.6  23.8  30.3   2.9   4.7   0.0
1  1973  142   3.5  20.9  29.2   2.9   2.3 113.0
1  1973  143   9.3  23.8  29.7   3.2   3.3   0.0
1  1973  144   0.0  23.0  27.4   3.0   2.7  25.2
1  1973  145   5.0  23.0  29.4   3.0   3.0   3.0
1  1973  146   0.0  22.9  25.2   2.8   1.7  55.9
1  1973  147   0.0  22.8  26.1   3.0   2.3  17.4
1  1973  148   7.9  23.0  29.6   3.0   4.7   2.2
1  1973  149   8.4  23.4  30.1   3.0   4.7   0.2
1  1973  150   7.4  23.6  29.9   3.0   3.7   2.8
1  1973  151   8.7  23.5  30.6   3.1   1.7   0.0
1  1973  152   0.1  24.0  27.2   2.9   1.7   3.4
1  1973  153   3.5  23.1  30.2   3.1   2.3  33.4
1  1973  154   0.5  23.4  27.7   3.0   1.0  12.1
1  1973  155   6.1  21.9  29.6   2.9   2.0   4.5
1  1973  156  11.0  22.6  30.2   3.0   2.7   0.0
1  1973  157   7.3  21.3  30.3   2.8   3.0   2.2
1  1973  158   4.5  23.7  29.0   2.9   3.7  30.8
1  1973  159   6.6  23.5  29.9   2.8   2.0   1.5
1  1973  160   1.4  23.3  29.4   2.9   1.3   3.3
1  1973  161   3.9  23.5  30.1   2.8   4.0   0.3
1  1973  162  10.0  22.6  30.2   2.9   2.7   5.0
1  1973  163   9.2  23.5  30.7   2.8   2.7   0.0
1  1973  164  11.0  22.5  30.9   2.6   3.7   0.0
1  1973  165   0.0  22.6  26.0   3.1   1.0  46.7
1  1973  166  10.2  23.2  29.6   3.1   3.3   5.8
1  1973  167   9.1  22.7  29.6   2.9   4.0   0.7
1  1973  168   9.0  22.8  29.2   3.1   4.0   5.4
1  1973  169   5.7  23.4  30.1   2.9   3.7   3.6
1  1973  170  11.1  23.0  31.0   3.2   3.7   0.0
1  1973  171   8.5  23.6  30.4   3.1   2.7   0.0
1  1973  172   4.4  23.8  29.2   3.1   3.3   9.0
1  1973  173   9.6  23.5  30.0   2.9   4.0   7.9
1  1973  174  11.1  23.5  30.7   3.0   1.7  10.9
1  1973  175   6.9  23.4  28.9   3.0   2.0   1.3
1  1973  176   0.2  22.5  26.5   2.9   1.7  26.6
1  1973  177  10.8  21.5  30.1   2.9   2.7   0.0
1  1973  178  10.6  23.0  30.1   3.2   2.0   0.0
1  1973  179   9.1  23.8  29.8   3.1   3.7   2.5
1  1973  180   8.5  22.7  29.8   3.0   4.7  14.2
1  1973  181   9.7  23.0  29.6   3.0   3.7   0.8
1  1973  182   1.0  22.3  28.8   2.8   1.7  14.1
1  1973  183   0.1  22.3  26.9   2.7   2.0  27.4
1  1973  184  11.0  21.5  29.8   2.7   2.7   1.1
1  1973  185  11.2  22.5  30.0   2.6   3.3   0.0
1  1973  186   4.4  21.7  28.2   2.9   3.3   1.6
1  1973  187  10.2  22.0  29.3   2.8   2.3  12.0
1  1973  188  10.6  21.8  30.1   2.8   2.7   0.0
1  1973  189   3.4  22.9  28.0   2.8   1.7   6.6
1  1973  190   0.5  23.2  25.4   2.9   2.0   9.7
1  1973  191   5.1  23.0  29.3   2.8   3.0   0.9
1  1973  192   5.3  22.9  29.5   2.7   3.3   1.5
1  1973  193   5.5  22.0  30.1   2.6   4.3   0.0
1  1973  194   3.8  22.5  29.0   2.8   3.7   2.8
1  1973  195  10.9  23.1  30.2   2.6   4.0   0.0
1  1973  196  10.7  23.2  29.8   2.6   2.0   0.2
1  1973  197   9.4  23.0  29.4   2.8   6.0   1.5
1  1973  198   9.9  22.7  29.7   2.8   3.7   1.5
1  1973  199   7.0  23.5  29.2   3.0   5.3  10.9
1  1973  200  10.1  23.6  30.0   2.9   3.7   4.2
1  1973  201   6.4  24.0  30.2   3.2   2.7  23.6
1  1973  202   1.9  24.0  28.3   3.0   3.7  25.5
1  1973  203   6.5  23.9  29.0   2.9   2.3   0.8
1  1973  204   8.8  23.2  29.2   3.0   3.0   1.0
1  1973  205   8.7  23.4  29.0   2.9   2.7   0.0
1  1973  206   8.4  23.1  28.6   2.7   3.3   0.0
1  1973  207   5.9  22.5  28.9   2.9   3.3   6.0
1  1973  208   5.3  22.7  29.0   3.1   2.0  43.5
1  1973  209   5.4  22.3  28.7   2.8   3.0   9.5
1  1973  210   6.4  23.0  28.9   3.0   2.7   3.8
1  1973  211  11.1  23.5  29.3   3.0   4.7   0.0
1  1973  212  10.5  22.6  30.4   2.4   4.0   0.0
1  1973  213  10.0  22.4  30.8   3.0   2.0   1.0
1  1973  214  11.0  22.8  30.0   3.0   4.0   0.0
1  1973  215   7.6  22.2  29.6   3.0   3.7   5.0
1  1973  216  10.4  22.8  29.6   3.0   3.3   0.5
1  1973  217  10.6  22.3  29.8   2.8   2.3  10.1
1  1973  218   6.1  22.5  28.8   3.0   2.7   5.1
1  1973  219  10.7  22.4  29.2   2.9   2.7   0.0
1  1973  220   8.9  23.0  29.3   3.0   4.0   0.0
1  1973  221  11.0  22.6  30.6   2.5   3.0   0.1
1  1973  222  10.4  22.6  29.8   2.7   5.0   0.0
1  1973  223   8.3  23.7  30.0   2.7   5.0   0.0
1  1973  224  11.3  22.4  30.6   2.4   5.0   0.1
1  1973  225   7.6  23.2  29.2   2.9   3.7   2.4
1  1973  226   8.8  24.0  30.3   2.6   4.7   0.0
1  1973  227   9.0  24.6  29.3   2.8   5.0   0.0
1  1973  228  10.9  22.7  30.0   2.9   6.0   0.0
1  1973  229   9.1  23.4  29.8   3.0   4.7   0.0
1  1973  230   9.8  23.0  30.2   3.1   4.7   1.3
1  1973  231  10.5  22.1  30.6   3.0   6.3   0.2
1  1973  232   8.3  22.3  30.6   2.6   5.7   0.0
1  1973  233  10.5  22.8  30.6   2.8   4.7   0.0
1  1973  234  10.6  23.3  30.2   2.7   5.0   0.0
1  1973  235  10.8  23.1  30.0   2.7   4.7   0.0
1  1973  236  11.1  22.3  31.2   2.2   5.0   0.0
1  1973  237  11.1  22.4  31.0   2.1   5.3   0.0
1  1973  238  11.1  22.6  30.2   2.5   6.3   0.0
1  1973  239  11.0  22.5  30.3   2.4   6.3   0.0
1  1973  240  10.6  23.7  31.7   2.4   4.3   0.0
1  1973  241  11.2  23.0  33.0   2.2   5.0   0.0
1  1973  242  11.1  22.1  30.2   2.8   4.0   0.0
1  1973  243  11.3  22.8  31.6   2.6   4.7   0.0
1  1973  244  10.7  23.2  29.8   2.8   4.3  13.2
1  1973  245  10.8  24.2  30.0   2.7   5.7   0.3
1  1973  246  10.9  24.1  30.0   2.3   6.7   0.0
1  1973  247  11.0  23.0  30.2   2.5   3.3   0.0
1  1973  248  10.2  24.5  30.2   2.5   6.3   0.0
1  1973  249  11.1  22.6  30.1   2.5   6.3   0.0
1  1973  250  10.1  23.4  30.5   2.9   5.7   0.3
1  1973  251   9.0  24.1  30.4   3.0   6.0   0.2
1  1973  252  10.0  23.9  31.2   2.5   5.0   0.0
1  1973  253  11.0  22.4  31.0   2.2   5.0   0.0
1  1973  254  11.2  23.1  30.8   2.8   2.7   0.0
1  1973  255  11.0  22.1  30.9   2.7   4.7   0.0
1  1973  256  10.2  23.8  31.0   2.7   7.3   0.2
1  1973  257   7.7  23.4  31.0   2.4   7.7   0.0
1  1973  258   5.1  22.7  29.8   2.9   5.0   5.4
1  1973  259   8.5  22.8  29.4   2.8   6.3  16.3
1  1973  260  10.3  23.0  30.6   2.8   5.3   0.0
1  1973  261  11.2  22.0  30.3   2.5   6.3   0.5
1  1973  262  10.4  23.4  29.8   2.7   5.0   0.0
1  1973  263   9.0  23.7  30.2   2.9   4.3   0.0
1  1973  264   9.9  23.7  30.6   2.7   5.3   0.0
1  1973  265  10.9  23.0  30.3   2.5   4.0   0.0
1  1973  266  10.6  25.1  30.9   2.9   4.3   0.0
1  1973  267  10.8  24.4  31.2   2.8   4.7   0.0
1  1973  268   8.3  25.0  31.0   2.8   6.0   0.2
1  1973  269  10.7  24.1  31.4   2.8   6.7   2.2
1  1973  270   9.8  25.4  31.2   2.7   6.7   0.0
1  1973  271  10.6  25.4  31.2   2.8   4.0   0.0
1  1973  272   8.5  25.4  31.0   2.9   4.7   0.0
1  1973  273  10.9  22.1  31.7   2.8   3.0   0.0
1  1973  274   9.7  23.2  30.8   2.7   2.7   0.0
1  1973  275  10.5  22.5  30.8   2.8   2.7   0.0
1  1973  276   4.8  24.2  32.0   2.9   3.3   0.2
1  1973  277   7.7  24.2  32.4   2.4   7.3   0.0
1  1973  278  10.9  23.0  31.0   2.7   6.3   3.4
1  1973  279  11.1  23.9  31.0   2.6   4.7   0.0
1  1973  280   9.8  23.6  31.8   2.7   4.7   0.0
1  1973  281  10.6  23.7  32.0   2.6   4.0   0.0
1  1973  282  11.0  23.8  32.4   2.6   4.0   0.0
1  1973  283  10.7  23.6  31.7   2.6   2.7   0.0
1  1973  284  11.1  23.4  31.8   2.8   5.7   0.0
1  1973  285   8.8  25.7  32.0   2.7   4.0   0.0
1  1973  286  10.6  23.6  31.8   2.7   4.3   0.0
1  1973  287  11.3  23.2  31.6   2.7   3.7   0.0
1  1973  288   9.8  24.3  31.6   2.8   3.7   0.0
1  1973  289  10.9  25.1  32.2   2.7   3.0   0.0
1  1973  290  11.0  23.4  32.2   2.7   3.7   0.0
1  1973  291  10.5  23.5  31.2   2.8   5.0   7.3
1  1973  292   9.0  25.5  31.4   2.7   5.7   0.0
1  1973  293  10.6  24.2  31.6   2.7   6.0   0.0
1  1973  294  10.2  23.7  31.8   2.6   5.0   0.0
1  1973  295  10.1  24.0  31.6   2.6   3.3   0.0
1  1973  296   8.9  24.0  31.8   2.6   4.3   0.0
1  1973  297   9.7  25.3  31.4   2.7   4.3   0.0
1  1973  298   9.4  24.1  31.6   2.6   3.3   0.0
1  1973  299   9.3  25.6  31.8   2.6   3.0   0.0
1  1973  300   9.7  25.0  32.2   2.5   3.7   0.2
1  1973  301   9.6  24.2  32.2   2.7   5.0   0.0
1  1973  302   8.4  24.4  31.0   3.0   5.0   1.8
1  1973  303  10.3  25.0  32.2   2.6   5.3   0.0
1  1973  304  10.8  26.0  30.8   2.6   7.3   0.0
1  1973  305  10.8  26.0  31.8   2.5   5.0   0.0
1  1973  306   9.0  24.7  32.0   2.8   6.7   0.6
1  1973  307   8.6  25.7  31.7   2.9   4.0   0.4
1  1973  308   7.1  24.4  30.5   3.2   4.0   9.2
1  1973  309   9.5  25.3  31.3   2.7   2.3   0.0
1  1973  310  10.4  25.7  31.4   2.7   4.0   0.0
1  1973  311   9.3  24.6  31.2   2.8   5.3   0.0
1  1973  312   9.7  25.6  31.4   2.5   4.3   0.0
1  1973  313   9.9  25.0  31.2   2.6   4.7   0.0
1  1973  314  10.8  25.4  31.8   2.5   6.3   0.0
1  1973  315  11.1  25.7  32.0   2.4   4.7   0.0
1  1973  316  11.0  26.0  32.1   2.4   6.0   0.0
1  1973  317  10.7  24.3  31.4   2.6   4.3   2.0
1  1973  318  11.4  24.1  31.3   2.6   4.7   0.0
1  1973  319   9.9  25.1  31.8   2.6   5.0   0.0
1  1973  320  10.8  23.4  31.6   2.8   5.7   0.0
1  1973  321  10.2  25.8  31.7   2.8   6.3   0.0
1  1973  322  11.1  25.7  32.1   2.6   4.7   0.0
1  1973  323  10.5  23.8  31.2   2.5   3.3   0.0
1  1973  324   9.4  23.0  30.8   2.6   3.3   0.0
1  1973  325  10.5  25.4  31.6   2.7   5.3   0.0
1  1973  326   9.3  23.4  31.2   2.7   5.3   0.0
1  1973  327  10.6  25.9  31.6   2.5   5.7   0.0
1  1973  328  10.4  23.6  31.1   2.9   5.0   5.4
1  1973  329  10.4  24.3  31.5   2.8   5.0   0.0
1  1973  330  11.4  23.7  31.9   2.6   4.3   0.0
1  1973  331   9.7  25.9  31.4   2.9   4.7   0.0
1  1973  332   4.7  26.1  29.7   2.8   3.7   9.2
1  1973  333   9.7  22.9  31.0   2.6   3.0   0.0
1  1973  334   5.0  23.4  31.2   2.8   6.0   0.0
1  1973  335   7.7  25.3  31.2   2.8   4.7   0.0
1  1973  336  10.8  25.4  31.2   2.7   5.0   0.0
1  1973  337   9.6  25.7  32.2   2.8   5.0   0.0
1  1973  338  10.8  24.6  31.7   2.5   7.0   0.0
1  1973  339   9.3  25.1  31.4   2.6   5.3   0.0
1  1973  340  10.6  25.9  32.0   2.8   5.7   0.0
1  1973  341  10.8  25.1  31.6   2.7   6.0   0.0
1  1973  342   9.6  25.6  31.2   2.5   5.0   0.0
1  1973  343  10.9  25.2  31.7   2.4   4.3   0.0
1  1973  344   8.8  23.0  31.8   2.6   2.7   0.0
1  1973  345   9.9  25.1  31.6   2.4   5.7   0.0
1  1973  346   8.4  26.0  31.4   2.6   5.7   0.0
1  1973  347   7.6  23.6  31.8   2.6   5.7   0.3
1  1973  348  11.1  24.0  31.4   2.8   4.0   2.6
1  1973  349  11.3  24.2  32.4   2.6   6.0   0.0
1  1973  350   7.5  24.5  31.0   3.0   5.7   1.8
1  1973  351   4.7  25.7  31.0   2.8   4.3   0.0
1  1973  352   2.8  23.2  30.2   2.7   2.7   4.0
1  1973  353   7.0  25.0  29.8   2.6   3.3   0.0
1  1973  354  11.2  23.2  31.4   2.7   3.0   0.2
1  1973  355  10.9  23.5  32.0   3.0   3.7   0.1
1  1973  356   9.4  23.7  31.8   2.5   4.7   0.0
1  1973  357   8.6  24.5  31.0   2.7   5.0   0.0
1  1973  358  10.8  23.4  31.4   2.6   3.0   0.0
1  1973  359  10.3  23.9  31.8   2.7   4.7   0.0
1  1973  360   9.4  25.2  32.2   2.5   4.7   0.0
1  1973  361  10.6  24.2  31.2   2.9   2.7   2.0
1  1973  362   8.8  25.7  31.8   3.0   4.3   0.0
1  1973  363  10.9  23.9  32.2   2.7   5.7   0.0
1  1973  364  11.7  25.2  31.8   2.6   4.3   0.0
1  1973  365  11.6  24.6  32.0   2.6   4.0   0.0
