*-----------------------------------------------------*
* Station name: Vicosa-MG, Brazil
* Year: 1971
* Author: Luis Claudio Costa
* Source: UFV / DEA              -999.000:NIL VALUE
* Longitude: 42 51 W, latitude: 20 45 S, altitude: 642.88 m.
*
* Column     Daily value
* 1          station number
* 2          year
* 3          day
* 4          sunshine                      (hour d-1)
* 5          minimum temperature           (oC)        
* 6          maximum temperature           (oC)        
* 7          early morning vapour pressure (kPa)
* 8          mean wind speed (height: 2m ) (m s-1)
* 9          precipitation                 (mm d-1)
*-----------------------------------------------------*
-42.88  -20.75  642.88 0.25 0.54
3  1971    1  10.5  19.2  32.2   2.2   1.7   0.0
3  1971    2   9.8  18.6  32.4   2.0   3.0   0.0
3  1971    3  10.1  19.4  31.3   2.3   3.0   0.0
3  1971    4   8.6  20.4  31.0   2.1   4.0   0.0
3  1971    5  11.1  17.4  32.2   2.3   3.7   0.0
3  1971    6  10.6  17.9  31.8   2.1   3.3   0.0
3  1971    7  12.0  17.2  31.2   1.7   3.3   0.0
3  1971    8   9.8  15.2  32.0   1.9   5.3   0.0
3  1971    9   6.5  17.0  31.1   2.1   2.7  29.4
3  1971   10   7.5  16.4  31.5   2.2   2.7   1.6
3  1971   11   6.1  19.3  30.2   2.3   2.7   5.6
3  1971   12   9.6  16.0  30.5   2.1   2.3   2.8
3  1971   13  10.4  17.5  30.3   2.1   2.3   0.0
3  1971   14   1.1  16.2  27.8   2.2   2.0   1.2
3  1971   15   0.6  18.8  24.5   2.3   2.0   5.4
3  1971   16   6.6  16.4  26.7   2.0   2.3   6.0
3  1971   17   1.1  16.8  24.3   2.0   1.0   2.7
3  1971   18   2.0  18.5  28.0   2.6   2.0  15.0
3  1971   19   2.1  17.0  26.8   2.1   2.0  35.0
3  1971   20   9.6  16.4  30.8   2.3   2.0   0.2
3  1971   21  12.3  16.1  31.6   2.2   2.3   0.2
3  1971   22  10.7  16.1  31.2   2.3   2.3   0.1
3  1971   23  12.4  16.2  29.8   2.0   3.3   2.6
3  1971   24  12.4  15.4  32.1   2.1   1.7   0.2
3  1971   25  12.3  14.4  33.3   2.4   2.7   0.1
3  1971   26  12.4  13.1  32.7   1.9   2.7   0.1
3  1971   27  11.6  12.5  30.8   2.1   3.0   0.0
3  1971   28  11.7  16.6  30.5   2.0   3.3   0.0
3  1971   29   8.4  15.4  29.4   2.1   3.3   0.0
3  1971   30  11.0  17.2  32.2   2.1   2.7   0.0
3  1971   31  12.2  15.4  34.2   1.9   2.7   0.0
3  1971   32  11.3  16.4  34.3   2.0   2.0   0.0
3  1971   33  10.6  16.3  33.3   2.2   2.7   0.0
3  1971   34  11.0  16.9  32.8   1.8   4.0   0.6
3  1971   35  12.0  17.0  31.8   2.1   2.7   0.0
3  1971   36  10.2  18.0  33.2   2.3   2.0   0.0
3  1971   37   7.2  17.4  28.6   2.2   3.3   0.8
3  1971   38   4.9  15.3  28.7   2.1   2.3   0.0
3  1971   39  11.4  16.4  32.5   1.9   3.0   0.0
3  1971   40  11.9  16.2  32.4   2.0   3.7   0.0
3  1971   41  10.7  16.8  32.2   2.0   1.3   0.0
3  1971   42  11.3  15.4  33.3   2.1   4.7   0.0
3  1971   43   9.3  17.0  33.5   2.1   4.0   0.0
3  1971   44   9.2  17.0  31.8   2.2   4.0  11.5
3  1971   45   9.1  19.5  33.2   2.3   2.7   0.0
3  1971   46  10.5  19.0  32.6   2.3   3.7   0.0
3  1971   47   7.6  19.0  30.0   2.1   3.0   0.0
3  1971   48  11.8  15.5  32.3   1.9   2.0   0.0
3  1971   49   9.2  16.4  31.0   2.2   2.0   0.0
3  1971   50  10.6  16.7  33.2   2.1   4.0   0.0
3  1971   51   7.9  18.4  33.6   2.0   3.3   2.0
3  1971   52   4.9  18.0  31.0   2.3   1.7  15.8
3  1971   53   5.3  18.5  32.6   2.2   3.3   0.3
3  1971   54   7.8  17.2  32.4   2.3   3.0   0.0
3  1971   55   9.2  17.8  32.4   2.1   4.0   0.0
3  1971   56   8.7  16.6  33.0   2.2   3.3   0.0
3  1971   57   1.7  19.8  29.0   2.1   4.3   0.0
3  1971   58   3.3  19.2  27.3   1.9   4.0   0.8
3  1971   59   1.5  17.9  23.7   1.9   2.7   0.6
3  1971   60  11.8  17.5  28.8   2.0   2.7   0.5
3  1971   61   8.1  18.0  29.0   2.1   4.0   0.0
3  1971   62   9.2  17.7  29.7   2.0   2.3   0.0
3  1971   63   6.1  16.4  29.1   2.0   3.7   0.0
3  1971   64   6.7  17.4  30.0   1.8   2.0   0.0
3  1971   65   0.2  18.8  25.3   2.2   1.7  11.6
3  1971   66   4.3  19.6  28.7   2.2   2.0   0.6
3  1971   67   5.0  19.4  30.4   2.4   1.7  10.8
3  1971   68   4.9  19.6  28.6   2.3   2.0   4.4
3  1971   69   3.2  19.2  29.2   2.3   3.0  34.8
3  1971   70   3.8  18.0  28.8   2.2   3.3  12.8
3  1971   71   9.8  18.4  30.5   2.4   2.7   1.0
3  1971   72  10.8  16.4  30.5   2.1   2.7   0.2
3  1971   73  10.8  15.3  31.0   2.2   3.0   0.0
3  1971   74   9.8  15.0  32.7   2.2   1.7   0.0
3  1971   75   9.5  17.8  32.2   2.3   2.7   3.2
3  1971   76   9.2  17.1  31.6   2.3   1.3   0.0
3  1971   77   6.3  17.3  31.4   2.3   1.3   0.0
3  1971   78   7.5  18.8  31.2   2.4   2.0   5.6
3  1971   79   5.7  19.4  31.1   2.2   1.0   0.5
3  1971   80   9.3  17.9  31.2   2.4   3.0   0.0
3  1971   81   8.6  17.6  31.0   2.3   2.0   0.0
3  1971   82   9.2  17.8  30.8   2.3   3.0   0.0
3  1971   83   9.9  15.9  31.2   2.2   2.0   0.0
3  1971   84   9.5  18.4  30.8   2.1   3.0   0.0
3  1971   85   9.0  18.0  30.8   2.1   2.7   0.0
3  1971   86   9.5  17.5  30.5   2.1   3.0   0.0
3  1971   87  10.1  16.8  30.2   2.1   3.3   0.0
3  1971   88   9.9  17.9  31.3   2.4   3.3   0.8
3  1971   89   6.1  18.3  29.1   2.3   1.3   6.7
3  1971   90   8.6  17.2  29.6   2.2   0.7   0.1
3  1971   91   9.5  17.3  29.8   2.2   2.3   0.0
3  1971   92   7.9  16.2  29.0   2.2   2.3   0.5
3  1971   93   7.7  15.5  29.4   2.1   3.7   0.0
3  1971   94   9.2  16.9  32.3   2.3   2.3   3.6
3  1971   95   9.2  17.5  29.4   2.2   3.0   0.7
3  1971   96   4.7  15.0  28.3   1.8   2.0   0.0
3  1971   97   8.7  16.9  29.5   2.0   1.7   0.0
3  1971   98   7.5  15.5  30.0   2.1   1.3   0.0
3  1971   99   7.2  14.2  28.3   2.0   4.0   0.1
3  1971  100   7.8  18.4  29.5   2.3   2.7  14.0
3  1971  101   6.9  18.6  28.5   2.1   2.7   0.0
3  1971  102   7.4  17.3  29.2   2.0   1.7   0.0
3  1971  103   8.5  17.0  28.9   2.2   3.3   0.0
3  1971  104   6.2  17.5  29.2   2.2   2.0   0.0
3  1971  105   3.8  17.5  29.6   2.2   1.7   0.0
3  1971  106   6.9  17.0  29.3   2.2   2.7   0.2
3  1971  107   7.2  17.2  31.8   2.4   2.0   0.0
3  1971  108   6.7  20.4  29.0   2.3   1.3   0.6
3  1971  109   5.0  19.4  30.3   2.3   1.3   0.0
3  1971  110   5.8  19.4  28.5   2.2   2.3   0.0
3  1971  111   8.1  17.8  29.5   2.2   3.3   0.0
3  1971  112   9.1  16.5  28.2   2.0   3.3   6.2
3  1971  113   3.8  18.0  27.3   2.2   3.0   1.8
3  1971  114   0.3  15.2  22.2   2.0   4.0   9.0
3  1971  115   7.0  12.2  21.8   1.2   3.3   0.0
3  1971  116   9.4  10.0  24.7   1.5   2.7   0.2
3  1971  117   6.1  12.2  25.9   1.6   1.7   0.1
3  1971  118  10.4  13.4  26.2   1.6   2.0   0.0
3  1971  119   9.6  12.2  27.6   1.7   1.7   0.0
3  1971  120   7.2  14.6  28.2   1.9   1.3   0.0
3  1971  121   9.3  13.6  28.6   2.0   3.0   0.0
3  1971  122   8.4  15.3  29.8   2.1   1.7   0.0
3  1971  123   5.1  14.5  28.9   2.1   2.3   0.1
3  1971  124   5.5  16.8  28.3   2.5   1.3   1.4
3  1971  125   6.5  16.6  29.2   2.1   2.3   0.0
3  1971  126   4.7  14.5  27.1   2.1   2.0   0.2
3  1971  127   4.2  16.6  27.4   2.0   1.7   0.0
3  1971  128  10.0  13.4  29.4   2.0   1.7   0.1
3  1971  129   6.6  16.0  28.1   2.0   1.3   0.0
3  1971  130   7.8  16.0  26.5   1.7   2.7   0.0
3  1971  131   9.1  12.6  24.8   1.5   1.7   0.0
3  1971  132   7.8   8.3  25.7   1.5   2.3   0.1
3  1971  133  10.2   7.4  27.2   1.5   1.0   0.1
3  1971  134   9.2   8.7  26.8   1.2   1.7   0.1
3  1971  135   9.1   9.5  25.5   1.5   2.0   0.1
3  1971  136   6.0   8.8  25.6   1.6   4.3   0.1
3  1971  137   3.3  13.3  25.3   1.7   1.3   0.0
3  1971  138   9.0  11.9  28.1   1.9   2.0   0.0
3  1971  139   6.3  13.9  26.0   1.8   1.7   0.1
3  1971  140   5.2  11.5  26.2   1.8   1.7   0.2
3  1971  141   8.5  12.6  26.8   1.6   2.7   0.1
3  1971  142   9.0   9.6  27.1   1.5   1.7   0.1
3  1971  143   7.6  10.2  26.5   1.6   1.0   0.3
3  1971  144   9.1   8.4  26.6   1.6   1.7   0.1
3  1971  145   9.8  10.0  29.2   1.7   2.3   0.2
3  1971  146   3.9  13.0  29.1   1.8   0.7   0.0
3  1971  147   1.8  16.4  23.9   2.0   0.7   2.0
3  1971  148   4.6  13.6  22.7   1.6   6.0   0.0
3  1971  149   4.7  11.5  20.0   1.2   4.0   0.0
3  1971  150  10.1  10.7  22.8   1.3   2.7   0.0
3  1971  151  10.0   6.7  24.4   1.3   1.3   0.2
3  1971  152   9.6   5.8  25.8   1.3   0.7   0.0
3  1971  153   9.8   6.8  27.2   1.5   1.0   0.1
3  1971  154   5.3   8.9  26.6   1.4   1.0   0.0
3  1971  155   8.9  11.0  25.2   1.2   2.0   0.0
3  1971  156   8.2   9.0  26.2   1.5   1.7   0.3
3  1971  157   9.7   6.9  28.8   1.3   0.7   0.0
3  1971  158   8.8   9.4  28.3   1.7   1.7   0.0
3  1971  159   3.9  10.7  23.0   1.6   2.3   0.2
3  1971  160   6.9  14.2  28.2   1.6   4.3   0.0
3  1971  161   5.5   8.5  24.4   1.1   1.7   0.0
3  1971  162   8.9   7.5  27.4   1.2   0.7   0.0
3  1971  163   0.0  13.6  18.3   1.7   0.0  12.4
3  1971  164   0.0  13.1  19.2   1.6   1.3   6.2
3  1971  165   5.0  10.0  22.7   1.4   1.3   0.2
3  1971  166   5.5  11.5  25.0   1.7   3.0   0.1
3  1971  167   2.0  14.8  22.2   1.9   1.0   9.1
3  1971  168   2.5  14.8  25.4   1.9   1.3   0.9
3  1971  169   0.5  15.2  22.7   2.0   4.3   5.1
3  1971  170   6.4  15.3  25.6   1.8   1.0  21.5
3  1971  171   2.2  15.6  23.2   1.9   2.7   0.0
3  1971  172   7.5  14.8  26.2   1.8   1.3   0.0
3  1971  173   3.2  16.2  25.2   1.9   1.7   0.0
3  1971  174   3.1  15.5  26.7   1.9   1.3   0.0
3  1971  175   7.9  16.2  24.0   1.8   3.7   0.0
3  1971  176   1.8  14.6  25.0   1.7   1.3   0.0
3  1971  177   8.7  11.9  24.6   1.8   1.3   0.3
3  1971  178   9.9   9.0  26.5   1.5   2.7   0.0
3  1971  179   9.7   9.0  27.0   1.6   1.3   0.1
3  1971  180   9.8   8.9  27.6   1.6   1.7   0.1
3  1971  181  10.0   9.9  25.8   1.7   3.0   0.0
3  1971  182   9.8  10.5  25.0   1.7   3.3   0.1
3  1971  183   5.1  12.2  24.4   1.8   1.7   0.1
3  1971  184   5.6  11.8  24.7   1.7   1.0   0.2
3  1971  185   7.1   9.7  23.6   1.7   2.7   0.1
3  1971  186   7.5  10.2  25.4   1.8   3.0   0.1
3  1971  187   3.2  12.4  25.4   1.8   1.3   0.0
3  1971  188   1.5  13.6  20.4   1.7   3.0   0.0
3  1971  189   1.6  14.4  21.8   1.6   3.0   0.0
3  1971  190   2.0  11.9  22.4   1.6   1.0   0.0
3  1971  191   6.9  10.2  25.0   1.5   0.7   0.2
3  1971  192   9.6  11.1  23.2   1.5   2.7   0.3
3  1971  193   9.2   9.4  23.8   1.4   1.7   0.0
3  1971  194   5.3  12.0  24.0   1.6   1.3   0.0
3  1971  195   4.1  13.8  25.4   1.7   1.3   0.2
3  1973  196   3.3  14.6  24.2   1.8   0.7   2.0
3  1973  197   9.5  12.0  24.0   1.6   3.0   0.3
3  1971  198   7.7  12.3  22.8   1.3   2.0   0.0
3  1971  199   5.0   7.0  22.3   1.3   1.7   0.1
3  1971  200   9.6   5.2  22.2   1.3   1.0   0.2
3  1971  201  10.1   3.8  23.3   1.1   1.0   0.1
3  1971  202   9.3   4.1  24.2   1.1   0.7   0.0
3  1971  203  10.2   5.4  26.6   1.2   0.7   0.0
3  1971  204   9.9   6.0  27.4   1.2   0.7   0.0
3  1971  205  10.1   6.6  26.4   1.2   2.0   0.0
3  1971  206  10.3   4.9  26.4   1.2   1.7   0.0
3  1971  207  10.2   4.1  26.4   1.1   1.7   0.0
3  1971  208   9.0   6.3  27.4   1.3   1.0   0.1
3  1971  209   9.2  11.3  27.1   1.6   0.7   0.0
3  1971  210   8.8   9.8  25.4   1.6   3.0   0.0
3  1971  211   0.4  15.0  21.2   1.6   3.3   0.0
3  1971  212   0.7  12.2  23.8   1.5   1.0   0.0
3  1971  213   4.7  13.2  25.4   1.6   2.3   0.0
3  1971  214   8.7  10.6  29.3   1.7   2.0   0.0
3  1971  215   9.0  11.7  26.6   1.6   2.3   0.0
3  1971  216   6.9  12.4  25.5   1.7   2.7   0.0
3  1971  217   9.8  10.8  28.8   1.8   1.3   0.0
3  1971  218   8.5   9.7  29.6   1.6   1.0   0.0
3  1971  219  10.2   9.7  30.6   1.6   3.7   0.0
3  1971  220   5.2  15.1  26.5   1.8   1.3   0.0
3  1971  221   6.0  10.4  27.3   1.8   2.7   0.0
3  1971  222   9.8  12.0  30.6   1.8   1.3   0.0
3  1971  223   3.1  16.4  26.4   1.8   1.7   0.0
3  1971  224   9.7  14.1  26.8   1.5   3.0   0.0
3  1971  225   7.5  10.5  26.7   1.6   4.3   0.0
3  1971  226   9.4  10.0  29.6   1.4   2.7   0.0
3  1971  227   4.9  14.0  27.4   1.8   1.0   0.0
3  1971  228   0.0  14.1  19.7   1.7   2.3   3.2
3  1971  229   2.9  14.4  20.8   1.6   2.7   0.0
3  1971  230   7.9  13.7  26.1   1.5   2.0   0.0
3  1971  231   7.6  11.1  26.2   1.6   2.0   0.0
3  1971  232  10.5   6.3  26.0   1.2   1.3   0.0
3  1971  233   7.2   8.9  26.0   1.4   1.3   0.0
3  1971  234   7.7  11.7  26.4   1.5   0.7   0.0
3  1971  235  10.6   7.0  26.1   1.5   2.0   0.0
3  1971  236   8.6   9.5  25.7   1.5   2.0   0.0
3  1971  237   7.2  12.2  26.0   1.6   2.0   0.0
3  1971  238  10.1  10.9  25.4   1.3   3.0   0.0
3  1971  239   5.6  12.6  23.4   1.3   3.0   0.0
3  1971  240   9.7  12.0  23.7   1.5   4.0   0.0
3  1971  241   6.1  13.0  24.0   1.4   3.3   0.0
3  1971  242   4.7  13.1  22.2   1.4   3.0   0.0
3  1971  243   8.0  12.9  23.2   1.5   3.0   0.5
3  1971  244   7.5  12.2  23.7   1.6   2.7   0.0
3  1971  245   6.7  13.7  25.7   1.6   4.0   0.0
3  1971  246   5.1  12.8  25.3   1.5   2.0   0.0
3  1971  247   7.0   9.4  27.8   1.5   1.0   0.0
3  1971  248   7.6  11.1  31.0   1.8   1.7   0.0
3  1971  249   7.5  15.0  31.2   2.0   4.7   0.0
3  1971  250   0.8  18.1  28.2   1.9   2.3   0.0
3  1971  251   0.0  16.0  22.0   1.9   2.3   8.7
3  1971  252   0.0  13.2  17.8   1.5   1.3  23.3
3  1971  253   0.4  14.1  21.6   1.6   0.7   0.0
3  1971  254   2.7  15.5  24.4   1.8   2.0   0.0
3  1971  255   0.0  13.2  20.2   1.7   0.7   1.5
3  1971  256   0.0  10.7  18.5   1.3   2.0   3.5
3  1971  257   6.9  11.4  23.0   1.2   2.3   0.2
3  1971  258   4.8  14.0  24.5   1.4   1.0   0.0
3  1971  259   9.1   8.6  25.0   1.4   1.3   0.0
3  1971  260  10.3  11.4  26.5   1.4   2.7   0.0
3  1971  261  10.0   7.4  26.5   1.4   2.3   0.2
3  1971  262  10.2   8.8  27.7   1.4   2.1   0.0
3  1971  263  10.2   9.9  27.8   1.5   4.0   0.0
3  1971  264  10.2   9.6  30.2   1.6   3.3   0.0
3  1971  265   9.5  10.2  32.2   1.5   4.0   0.0
3  1971  266   9.5  14.9  33.5   1.8   4.0   0.0
3  1971  267   2.5  17.0  28.0   1.9   3.7   0.0
3  1971  268   0.1  16.1  24.3   2.0   2.0  20.4
3  1971  269   6.0  15.8  26.2   2.0   1.3  39.0
3  1971  270   0.5  15.2  24.5   2.0   1.0   0.0
3  1971  271   3.6  16.4  26.3   2.0   2.3  40.6
3  1971  272   2.4  16.7  25.8   1.9   2.7   0.0
3  1971  273   7.8  15.7  28.5   1.9   4.3   0.0
3  1971  274   2.6  14.2  25.3   1.7   2.7   0.0
3  1971  275   0.1  16.7  23.0   1.8   3.0   0.0
3  1971  276   5.6  16.4  28.2   2.0   3.0   0.6
3  1971  277   3.1  18.6  28.0   2.0   3.0   0.4
3  1971  278   4.7  16.5  27.2   2.1   3.3   6.6
3  1971  279   0.0  15.9  21.0   1.7   1.3   1.5
3  1971  280   0.6  14.6  21.5   1.8   4.7   3.5
3  1971  281   7.6  18.4  27.8   1.7   2.3   8.2
3  1971  282   7.1  17.4  29.7   2.1   3.3   0.0
3  1971  283   1.8  17.0  25.4   2.1   2.7   0.2
3  1971  284   0.4  18.1  24.2   1.9   3.3   0.5
3  1971  285   0.4  17.2  25.2   2.1   3.3  17.1
3  1971  286   0.0  13.6  18.8   1.6   2.7  14.2
3  1971  287   0.0  13.0  17.2   1.5   1.0   9.7
3  1971  288   0.1  13.5  19.2   1.6   1.0   0.3
3  1971  289   0.2  13.6  20.3   1.6   1.3   6.5
3  1971  290   1.3  14.8  22.0   1.8   1.7   1.8
3  1971  291   2.8  15.4  23.6   1.9   0.3  19.8
3  1971  292   8.0  14.2  24.6   1.6   1.7   0.0
3  1971  293  11.7  12.5  25.0   1.4   2.7   0.0
3  1971  294  10.3  14.0  26.3   1.3   1.7   0.0
3  1971  295   5.0  14.3  24.5   1.6   1.3   0.0
3  1971  296   4.4  13.0  25.6   1.7   2.0   0.0
3  1971  297  11.3  10.9  27.3   1.6   2.0   0.0
3  1971  298   8.8  12.2  31.0   1.7   2.3   0.0
3  1971  299   3.5  17.3  26.3   2.0   2.7   8.5
3  1971  300   4.3  15.3  25.3   1.7   1.7   0.0
3  1971  301   2.4  15.9  25.0   1.9   3.7   0.0
3  1971  302   2.2  16.3  23.2   1.9   1.0   8.3
3  1971  303  10.8  13.5  25.5   1.7   3.3   0.0
3  1971  304   8.5  13.2  25.7   1.7   3.0   0.0
3  1971  305   2.0  16.1  22.6   1.9   0.7   1.8
3  1971  306   3.9  17.0  21.3   2.0   3.7  36.4
3  1971  307   4.8  16.5  26.4   2.1   3.3  42.2
3  1971  308   5.8  16.0  29.4   2.1   2.0   8.0
3  1971  309   8.0  13.6  28.5   1.7   1.7   0.2
3  1971  310   8.6  14.1  27.8   1.9   2.0   0.0
3  1971  311   2.0  17.5  25.0   2.1   4.3   0.5
3  1971  312   5.3  16.3  24.8   1.7   3.7   0.0
3  1971  313   4.8  13.6  25.7   1.9   3.0   0.0
3  1971  314   6.1  17.4  26.2   2.0   4.3   3.3
3  1971  315   6.9  17.0  30.4   2.1   2.3  40.6
3  1971  316   7.9  18.0  31.3   2.2   2.3   0.0
3  1971  317   0.0  15.2  21.2   2.0   3.3  25.3
3  1971  318   0.1  14.2  18.3   1.7   0.7  23.8
3  1971  319   0.2  15.1  21.7   1.8   2.0   5.6
3  1971  320   0.9  15.6  25.0   1.9   1.7   0.0
3  1971  321   8.8  17.0  30.2   2.1   7.3   3.3
3  1971  322   8.6  18.9  28.5   2.1   2.0  10.8
3  1971  323   3.3  18.3  28.3   2.1   2.7   1.3
3  1971  324   1.5  14.8  18.4   1.7   4.7  28.6
3  1971  325   0.0  13.6  19.0   1.5   4.0   4.0
3  1971  326   0.0  14.6  18.6   1.6   1.0   6.0
3  1971  327   0.0  13.7  19.6   1.7   0.7  21.8
3  1971  328   1.1  16.4  24.8   2.1   1.0   6.6
3  1971  329   1.1  17.4  21.2   2.1   2.0  80.1
3  1971  330   5.6  17.4  27.2   2.1   2.7   0.0
3  1971  331   4.0  17.9  26.8   2.2   3.7  19.6
3  1971  332   1.6  17.4  25.0   2.1   2.0   5.3
3  1971  333   0.8  17.5  24.0   1.9   2.3   6.7
3  1971  334   6.4  15.7  27.3   1.9   1.7   0.0
3  1971  335   3.2  18.4  25.8   2.1   3.3   5.7
3  1971  336   7.1  18.7  26.2   2.2   3.3  11.5
3  1971  337   5.4  18.8  29.2   2.3   1.7   0.3
3  1971  338   1.7  18.5  27.2   2.3   2.3  15.5
3  1971  339   1.9  15.8  24.2   2.2   3.3  31.5
3  1971  340   3.6  14.0  20.5   1.6   2.3   0.5
3  1971  341   0.7  15.3  24.0   1.7   1.0   0.0
3  1971  342   3.6  17.3  27.0   2.1   1.7   1.4
3  1971  343   0.7  17.7  24.8   2.2   1.3  49.2
3  1971  344   2.7  17.6  28.0   2.3   2.7   6.0
3  1971  345  11.6  14.6  30.8   2.3   1.7   3.4
3  1971  346   9.7  17.1  30.5   2.2   2.0   0.0
3  1971  347   8.1  15.7  29.8   2.2   3.0   0.0
3  1971  348   5.0  19.1  29.2   2.4   2.3   0.0
3  1971  349   0.2  18.4  23.2   2.2   3.7  41.0
3  1971  350   0.2  16.7  23.2   1.9   2.0   9.6
3  1971  351   3.3  16.7  25.2   2.1   1.7   0.1
3  1971  352   6.0  20.3  29.0   2.5   2.7   0.6
3  1971  353   9.3  18.7  31.5   2.5   2.7   0.0
3  1971  354  11.2  17.0  32.5   2.2   1.0   0.2
3  1971  355   9.9  19.2  31.0   2.4   2.3   0.0
3  1971  356   2.3  20.6  30.4   2.6   3.7   0.3
3  1971  357   2.8  19.0  27.6   2.4   2.7  31.1
3  1971  358   1.3  18.4  25.2   2.3   1.3  53.9
3  1971  359   0.0  18.0  24.8   2.2   1.3  34.0
3  1971  360   0.6  18.3  23.5   2.3   2.3  23.6
3  1971  361  11.9  18.2  27.8   1.9   3.3   0.0
3  1971  362  11.3  13.4  29.5   1.9   3.0   0.3
3  1971  363  11.5  13.5  30.0   2.0   2.0   0.3
3  1971  364   7.3  16.2  28.2   2.1   1.7   0.0
3  1971  365  10.6  15.7  29.0   2.1   2.7   0.0
