*-----------------------------------------------------*
* Station name: Vicosa-MG, Brazil
* Year: 1968
* Author: Luis Claudio Costa
* Source: UFV / DEA              -999.000:NIL VALUE
* Longitude: 42 51 W, latitude: 20 45 S, altitude: 642.88 m.
*
* Column     Daily value
* 1          station number
* 2          year
* 3          day
* 4          sunshine                      (hour d-1)
* 5          minimum temperature           (oC)        
* 6          maximum temperature           (oC)        
* 7          early morning vapour pressure (kPa)
* 8          mean wind speed (height: 2m ) (m s-1)
* 9          precipitation                 (mm d-1)
*-----------------------------------------------------*
-42.88  -20.75  642.88 0.25 0.54
3  1968    1  11.3  16.6  31.7   2.3   2.3   0.0
3  1968    2  11.4  18.5  32.0   2.3   1.7   0.0
3  1968    3   6.1  19.0  31.7   2.4   3.7   0.0
3  1968    4   4.0  18.2  27.8   2.1   1.7  27.0
3  1968    5   0.3  17.4  24.6   2.2   2.0  15.2
3  1968    6   0.3  16.8  22.2   1.9   1.7  27.2
3  1968    7   2.3  16.6  25.2   1.9   1.3  90.2
3  1968    8   9.3  16.2  26.8   2.0   2.0   0.4
3  1968    9   7.6  17.4  29.0   2.1   1.7   0.7
3  1968   10   6.9  15.2  27.5   1.9   5.0   0.0
3  1968   11   6.1  17.6  28.4   2.2   3.7   0.2
3  1968   12   0.0  18.6  24.8   2.3   2.0   2.3
3  1968   13   9.5  17.0  28.8   2.1   5.7   6.6
3  1968   14  11.5  15.4  28.5   2.0   3.3   0.0
3  1968   15   9.4  16.0  28.9   2.1   4.0   0.0
3  1968   16  12.2  15.2  30.0   2.2   3.0   0.0
3  1968   17  10.3  16.1  30.7   2.2   3.7   0.0
3  1968   18   9.3  16.8  31.7   2.4   2.2   0.0
3  1968   19  10.2  16.8  30.7   2.2   2.5   0.0
3  1968   20   7.0  19.2  30.2   2.2   4.7   1.7
3  1968   21  10.1  18.2  30.2   2.1   4.7   0.0
3  1968   22  11.5  16.8  31.2   2.1   3.0   0.0
3  1968   23  10.5  15.8  31.4   2.1   2.3   0.0
3  1968   24   8.5  18.6  30.4   1.9   2.7   0.0
3  1968   25  12.1  16.4  29.3   2.0   1.3   1.0
3  1968   26   5.5  17.0  29.0   2.0   2.0   0.3
3  1968   27  11.6  15.6  29.8   2.1   2.7   3.0
3  1968   28   9.6  15.8  29.5   1.9   1.0   0.0
3  1968   29  12.0  18.6  31.2   2.0   2.3   0.3
3  1968   30   9.9  15.0  31.1   2.2   2.7   0.0
3  1968   31   7.5  17.4  30.2   2.1   1.0   2.0
3  1968   32   3.5  17.2  25.8   2.0   3.3   5.6
3  1968   33   0.4  15.2  22.0   1.7   0.7   7.6
3  1968   34   8.2  10.8  26.0   1.6   2.3   0.0
3  1968   35  10.6  13.6  28.8   1.7   3.0   0.0
3  1968   36   8.0  15.8  29.0   1.9   1.7   0.0
3  1968   37   3.1  16.2  28.5   1.9   2.7   0.0
3  1968   38   8.0  16.4  29.8   2.0   1.7  22.6
3  1968   39  11.4  14.0  30.9   2.0   2.3   0.0
3  1968   40   4.9  17.2  28.2   2.0   2.3   0.0
3  1968   41   4.2  17.8  28.3   2.1   4.3   0.8
3  1968   42   7.4  17.2  29.5   2.1   3.0   0.0
3  1968   43  12.0  16.6  28.3   1.9   3.0   0.1
3  1968   44  10.9  17.0  30.2   2.1   3.3   0.0
3  1968   45  11.4  18.7  31.6   2.2   3.7   0.0
3  1968   46   5.7  19.1  31.0   2.3   3.3   4.0
3  1968   47   6.9  18.6  27.8   2.3   2.3   6.2
3  1968   48   3.2  17.5  26.8   1.9   1.7   4.2
3  1968   49   8.9  15.0  26.8   1.7   2.7   0.0
3  1968   50   0.9  15.8  25.4   1.7   1.0   0.0
3  1968   51   8.3  15.3  26.4   1.9   3.3   3.2
3  1968   52   2.1  16.4  24.8   2.0   1.3  34.5
3  1968   53   9.0  16.9  28.8   2.0   0.7   2.5
3  1968   54   5.8  19.4  29.2   2.3   1.3   2.2
3  1968   55   0.1  19.4  25.8   2.4   2.3   3.4
3  1968   56   0.2  19.0  25.6   2.2   3.3  32.4
3  1968   57   0.0  18.2  25.5   2.0   3.7   1.0
3  1968   58   0.0  17.2  25.8   2.1   1.0   5.0
3  1968   59   1.9  18.1  26.3   2.1   4.3  27.8
3  1968   60   4.0  16.8  27.7   2.2   2.0  64.2
3  1968   61   8.9  15.0  27.5   2.0   4.0  10.0
3  1968   62   6.1  16.3  27.8   1.9   3.0   0.2
3  1968   63   1.8  18.1  25.6   2.4   2.7  18.1
3  1968   64   6.3  15.6  29.0   2.0   1.3   0.2
3  1968   65   7.0  15.6  29.0   2.2   0.7  23.2
3  1968   66   9.4  14.8  27.8   2.2   1.7  26.2
3  1968   67   9.9  16.0  28.6   2.1   3.0   0.0
3  1968   68  10.6  15.6  28.4   2.0   2.3   0.0
3  1968   69  10.4  14.2  29.2   2.1   2.3   0.0
3  1968   70  10.8  13.6  28.8   2.1   3.3   0.2
3  1968   71   9.4  14.6  30.4   2.1   2.7   0.2
3  1968   72   2.3  19.2  27.8   2.4   1.7   0.8
3  1968   73   7.9  17.0  29.6   2.2   2.3   0.0
3  1968   74   6.1  17.4  28.8   2.2   2.7   0.0
3  1968   75   2.4  17.5  27.3   2.1   1.3  10.8
3  1968   76   7.3  16.8  28.8   2.2   2.3   0.0
3  1968   77   4.7  18.4  28.4   2.2   1.3  47.0
3  1968   78   5.0  16.0  24.6   1.7   2.7   6.0
3  1968   79  11.3  13.6  24.4   1.5   3.7   0.1
3  1968   80   9.8  12.2  27.3   1.7   3.0   0.0
3  1968   81  11.0  11.4  27.8   1.8   2.0   0.0
3  1968   82   9.1  12.6  29.6   1.9   0.0   0.0
3  1968   83  10.4  12.7  29.8   2.1   2.3   0.0
3  1968   84   9.9  12.6  28.7   1.9   0.7   0.0
3  1968   85  11.1  12.6  29.9   2.0   0.7   0.0
3  1968   86  11.2  12.2  30.7   2.1   0.7   0.0
3  1968   87  10.2  15.0  30.1   2.2   3.3   0.0
3  1968   88  10.8  14.4  30.2   2.4   2.3   0.0
3  1968   89  10.4  14.8  28.8   1.9   2.7   0.0
3  1968   90  11.0  13.1  30.5   1.8   1.7   0.0
3  1968   91   8.0  14.0  30.2   2.1   0.7   0.0
3  1968   92   8.2  16.8  28.3   2.2   1.3   1.2
3  1968   93   2.1  17.4  25.4   1.9   1.3   0.0
3  1968   94   4.7  17.0  26.0   2.2   1.7   6.0
3  1968   95   7.9  15.8  30.0   2.3   1.3   0.2
3  1968   96   1.7  17.8  25.2   2.2   1.0   9.0
3  1968   97   3.5  18.0  27.0   2.2   1.0  26.0
3  1968   98   8.0  16.0  25.8   1.8   2.7   0.0
3  1968   99   5.0  14.7  25.3   1.7   1.7   0.0
3  1968  100   3.5  15.0  23.2   1.8   2.7   0.0
3  1968  101   0.0  16.2  22.3   1.8   0.7   0.0
3  1968  102   0.0  16.2  21.8   2.0   0.7   1.3
3  1968  103   8.2  13.6  28.3   2.0   1.0   0.8
3  1968  104   9.4  13.6  28.5   2.2   1.7   0.2
3  1968  105   8.8  14.8  26.6   1.5   3.0   0.0
3  1968  106   5.2  13.5  25.7   1.6   2.0   0.0
3  1968  107   2.4  16.0  22.0   1.9   2.0   1.5
3  1968  108   6.3  14.0  24.2   1.6   1.7   0.0
3  1968  109   6.9  15.0  25.4   1.8   2.0   0.0
3  1968  110   6.3  12.0  24.6   1.9   1.7   0.2
3  1968  111   5.0  14.4  26.3   1.8   1.7   0.0
3  1968  112   8.8  15.4  25.0   1.8   5.0   0.0
3  1968  113   3.9  13.6  20.2   1.5   2.0   0.0
3  1968  114   8.4  13.2  24.4   1.6   1.3   0.0
3  1968  115   8.7   9.0  24.0   1.6   3.7   0.0
3  1968  116   7.3   8.8  21.7   1.3   3.3   0.0
3  1968  117  10.0   5.6  24.3   1.3   1.0   0.0
3  1968  118   9.1   8.1  23.7   1.5   2.7   0.0
3  1968  119   9.6   9.2  24.7   1.6   4.0   0.0
3  1968  120   9.0  12.7  28.4   1.9   3.3   0.0
3  1968  121   6.4  15.7  27.2   2.0   1.0   0.0
3  1968  122   6.5  12.0  23.6   1.5   3.0   0.0
3  1968  123  10.3   9.3  21.2   1.1   3.0   0.0
3  1968  124  10.0   6.4  23.0   1.2   1.0   0.0
3  1968  125   8.8   4.1  21.8   1.3   2.0   0.0
3  1968  126  10.0   5.0  25.6   1.4   1.7   0.0
3  1968  127  10.3   5.6  26.3   1.5   2.7   0.0
3  1968  128   9.9   6.6  24.2   1.5   2.0   0.0
3  1968  129  10.0   5.0  24.4   1.4   2.7   0.0
3  1968  130   9.8   7.8  27.4   1.7   2.7   0.0
3  1968  131   4.6  13.4  24.4   1.8   2.7   0.0
3  1968  132   4.6  13.5  25.8   1.9   1.7  20.5
3  1968  133   9.0   9.4  25.4   1.7   1.7   0.0
3  1968  134   5.9  12.2  23.7   1.6   1.7   0.0
3  1968  135   9.2   7.6  24.3   1.7   1.7   0.2
3  1968  136   8.3   8.4  24.5   1.7   3.0   0.0
3  1968  137   1.9  14.0  23.2   1.9   3.3   5.0
3  1968  138   9.8   9.4  21.2   1.2   2.3   5.0
3  1968  139   9.8   5.0  22.3   1.1   2.0   0.0
3  1968  140   7.6  11.0  23.8   1.6   2.0   0.0
3  1968  141   8.9   6.6  23.4   1.3   1.0   0.0
3  1968  142   9.6   6.6  25.8   1.5   0.3   0.0
3  1968  143   7.5   7.6  25.7   1.4   2.7   0.0
3  1968  144   1.3  14.7  19.6   1.5   2.0   0.0
3  1968  145   6.3  12.0  20.3   1.2   3.7   0.0
3  1968  146   4.1   6.0  20.0   1.3   1.3   0.0
3  1968  147   5.4   9.0  22.2   1.4   1.3   0.0
3  1968  148   8.1   6.4  23.1   1.3   1.7   0.0
3  1968  149   8.7   5.4  24.5   1.3   1.3   0.0
3  1968  150   9.5   5.9  26.2   1.4   3.7   0.0
3  1968  151   7.8  10.5  22.0   1.3   2.7   0.0
3  1968  152   8.0   5.2  22.7   1.3   0.7   0.0
3  1968  153   8.6   3.4  22.0   1.2   1.7   0.0
3  1968  154   8.0   6.2  22.8   1.3   2.0   0.0
3  1968  155   7.5  10.3  22.8   1.3   3.3   0.0
3  1968  156   8.0   8.2  23.4   1.5   2.3   0.0
3  1968  157   7.6  10.1  23.2   1.5   2.7   0.0
3  1968  158   7.2  11.4  23.8   1.6   1.7   1.0
3  1968  159   7.2   7.8  22.3   1.6   3.0   0.0
3  1968  160   8.5   7.1  25.0   1.5   1.3   0.0
3  1968  161   9.3   9.0  24.8   1.6   3.0   0.0
3  1968  162   6.8  11.2  23.8   1.5   1.3   0.0
3  1968  163   1.5   7.6  20.8   1.4   2.0   0.0
3  1968  164   8.4   6.7  23.3   1.5   1.7   0.0
3  1968  165   5.6   4.3  21.2   1.2   1.3   0.0
3  1968  166   8.5   5.2  21.5   1.2   2.3   0.0
3  1968  167   9.3   4.0  25.4   1.3   1.0   0.0
3  1968  168   9.6   5.4  24.6   1.3   1.3   0.0
3  1968  169   8.5   5.4  23.9   1.3   1.3   0.0
3  1968  170   9.7   5.4  24.7   1.4   2.0   0.0
3  1968  171   9.5   5.0  28.3   1.3   1.3   0.0
3  1968  172   9.2   7.4  26.3   1.5   2.0   0.0
3  1968  173   9.0   9.2  25.2   1.6   1.3   0.0
3  1968  174   9.5   6.2  25.9   1.3   1.0   0.0
3  1968  175   4.5  10.8  23.6   1.6   0.7   0.0
3  1968  176   8.7   7.6  24.2   1.5   1.7   0.2
3  1968  177   6.2   7.3  23.2   1.5   2.0   0.0
3  1968  178   5.1  11.2  21.8   1.3   3.0   0.0
3  1968  179   4.5   8.1  22.2   1.4   2.3   0.0
3  1968  180   5.5   4.5  21.6   1.2   0.7   0.0
3  1968  181   7.2   4.5  21.2   1.1   1.3   0.0
3  1968  182   0.4   8.0  19.6   1.3   1.7   0.0
3  1968  183   3.6  10.6  22.6   1.5   1.3   0.0
3  1968  184   6.9   8.8  23.2   1.5   1.7   0.0
3  1968  185   3.2  12.1  22.0   1.5   1.0   0.0
3  1968  186   6.5   7.0  23.7   1.3   1.3   0.0
3  1968  187   7.2  10.3  25.3   1.6   3.0   0.0
3  1968  188   5.2   9.2  23.0   1.6   1.3   0.0
3  1968  189   4.1  11.5  24.0   1.6   0.3   0.0
3  1968  190   8.3  10.6  24.4   1.5   2.0   0.0
3  1968  191   9.4   7.6  25.3   1.5   1.3   0.0
3  1968  192   5.0   9.4  26.7   1.6   3.0   0.0
3  1968  193   0.4  12.0  17.3   1.2   2.7   2.0
3  1968  194   0.4  11.6  17.5   1.4   0.7   0.5
3  1968  195   0.4  10.5  18.5   1.3   2.7   0.0
3  1968  196   7.0   6.2  21.8   1.3   2.7   0.0
3  1968  197   3.5   3.0  20.2   1.1   1.0   0.0
3  1968  198   6.8  10.0  25.1   1.5   2.0   0.0
3  1968  199   9.5   3.2  23.0   1.2   2.7   0.0
3  1968  200   3.8  10.9  23.2   1.4   2.3   0.0
3  1968  201   7.0  11.3  24.4   1.5   1.7   0.0
3  1968  202   5.4  14.5  24.5   1.6   2.7   0.0
3  1968  203   4.1  12.7  22.8   1.6   3.0   1.0
3  1968  204   8.0  11.4  25.2   1.6   3.3   0.0
3  1968  205   8.1  12.3  24.8   1.4   2.3   0.0
3  1968  206   9.5   9.3  25.2   1.5   1.0   0.0
3  1968  207   3.3   8.9  22.2   1.6   3.0   0.0
3  1968  208   4.8  11.0  23.8   1.6   1.0   0.1
3  1968  209   8.8  12.3  21.2   1.3   4.0   1.0
3  1968  210   9.0   6.6  20.0   1.2   3.3   0.0
3  1968  211   9.3   9.3  21.2   1.3   4.3   0.0
3  1968  212  10.1   9.2  23.8   1.5   3.0   0.0
3  1968  213   0.6  11.4  21.0   1.5   1.7   0.0
3  1968  214   2.4   9.1  22.3   1.4   2.7   0.0
3  1968  215   9.9   9.8  25.2   1.6   3.0   0.0
3  1968  216   5.8   8.3  23.6   1.5   2.7   0.0
3  1968  217   7.9   8.6  23.3   1.5   3.7   0.0
3  1968  218   0.8  12.6  20.8   1.5   3.7   6.0
3  1968  219   7.4  12.7  24.5   1.5   2.7   3.6
3  1968  220   9.6   8.8  25.6   1.5   1.3   0.0
3  1968  221   5.7  14.3  25.4   1.8   4.0   0.0
3  1968  222   0.0  15.8  19.8   1.9   2.0   8.4
3  1968  223   4.8  14.9  23.8   1.7   1.0   2.3
3  1968  224   8.2  14.1  23.2   1.3   5.0   0.0
3  1968  225   9.3  10.1  20.6   1.2   3.0   0.0
3  1968  226  10.6   9.6  22.5   1.2   4.0   0.0
3  1968  227   7.9   9.0  22.8   1.3   1.3   0.0
3  1968  228   9.3   6.6  24.8   1.4   2.0   0.2
3  1968  229  10.4   9.4  24.5   1.4   2.0   0.0
3  1968  230   7.2  10.4  23.6   1.5   3.0   0.0
3  1968  231  10.8   7.8  23.8   1.2   2.3   0.0
3  1968  232  10.2   6.5  24.1   1.3   2.7   0.0
3  1968  233   9.4   9.5  25.2   1.4   2.7   0.0
3  1968  234   9.2   7.9  24.0   1.4   2.7   0.0
3  1968  235   9.3   6.3  25.7   1.4   3.3   0.0
3  1968  236   7.4  12.0  23.3   1.4   3.3   0.0
3  1968  237   4.6  12.9  21.0   1.3   4.7   0.2
3  1968  238   0.0  11.5  16.7   1.2   1.7   1.0
3  1968  239   4.3  10.4  19.4   1.3   2.0   0.0
3  1968  240   8.9  10.3  23.2   1.4   3.3   0.5
3  1968  241   7.6  10.6  24.0   1.4   2.0   0.0
3  1968  242   8.3  13.3  24.3   1.6   1.7   5.0
3  1968  243   9.7  10.4  24.6   1.5   4.0   0.0
3  1968  244   3.5  13.1  22.3   1.6   4.0   0.0
3  1968  245   8.1  15.1  27.7   1.5   1.0   0.0
3  1968  246   1.3  15.7  21.5   1.6   2.0   0.0
3  1968  247   0.0  13.9  18.6   1.7   1.0  37.6
3  1968  248   0.0  13.1  15.3   1.5   1.0  57.0
3  1968  249   1.9  13.3  21.0   1.5   1.3   1.0
3  1968  250   8.2  14.0  23.0   1.6   3.0   0.0
3  1968  251   6.6  12.0  23.7   1.5   2.7   0.0
3  1968  252  10.9   8.6  24.7   1.3   3.0   0.0
3  1968  253   9.2   7.6  24.5   1.4   2.3   0.0
3  1968  254   8.7   7.2  24.2   1.3   4.3   0.0
3  1968  255   7.1   8.5  24.7   1.4   4.7   0.0
3  1968  256  10.6   7.2  26.2   1.5   3.7   0.0
3  1968  257  10.2   9.3  26.3   1.5   4.0   0.0
3  1968  258   1.5  12.7  21.8   1.6   1.3   0.0
3  1968  259   7.9  15.0  26.0   1.7   1.7   0.0
3  1968  260   9.3  12.4  26.2   1.6   4.3   0.0
3  1968  261   9.6  13.8  30.6   1.6   3.3   0.0
3  1968  262   3.5  14.7  25.6   1.5   2.3   0.0
3  1968  263   8.9  13.7  26.2   1.8   3.7   0.0
3  1968  264   9.3  14.4  25.7   1.7   4.3   0.0
3  1968  265   7.1  14.5  27.5   1.7   4.3   0.0
3  1968  266   0.7  12.5  19.4   1.4   1.7  15.0
3  1968  267   1.3  13.2  20.7   1.4   1.0   0.0
3  1968  268   7.0  13.2  24.8   1.5   1.7   0.0
3  1968  269   8.6  13.2  25.6   1.4   2.3   0.0
3  1968  270  10.2   9.8  24.5   1.5   2.0   0.0
3  1968  271   7.3  13.1  23.8   1.3   4.3   0.0
3  1968  272  10.4  10.6  25.8   1.4   4.7   0.0
3  1968  273   9.4  13.2  28.2   1.7   3.7   0.0
3  1968  274   0.0  15.6  23.2   1.9   2.3   0.0
3  1968  275   0.0  15.3  18.7   1.8   1.0   2.0
3  1968  276   2.7  13.5  21.7   1.8   2.0   4.0
3  1968  277   3.8  11.6  23.4   1.8   1.7   0.3
3  1968  278   6.7  12.5  25.8   1.7   1.7   0.0
3  1968  279   9.5  13.6  26.2   1.7   1.7   0.0
3  1968  280   9.5  11.8  26.7   1.7   3.0   0.0
3  1968  281  10.0  10.4  27.1   1.8   3.0   0.0
3  1968  282  10.4  12.2  30.5   1.8   3.0   0.0
3  1968  283   3.2  15.2  25.4   1.9   3.3   0.0
3  1968  284   0.0  16.2  20.2   1.9   0.3  22.0
3  1968  285   0.0  13.4  17.3   1.6   1.3  16.4
3  1968  286   0.0  12.8  17.4   1.5   1.7   0.8
3  1968  287   0.0  12.4  17.6   1.5   0.7   4.2
3  1968  288   0.7  11.7  20.4   1.5   0.7  13.4
3  1968  289   0.2  14.7  21.6   1.7   1.0   9.8
3  1968  290   0.2  15.4  21.4   1.9   4.0   1.4
3  1968  291   2.6  18.0  25.4   1.9   2.3  11.8
3  1968  292   6.9  18.2  29.5   2.3   4.0   0.0
3  1968  293   7.4  18.0  28.6   2.2   4.0  11.2
3  1968  294   0.0  13.3  20.2   1.5   1.0   0.0
3  1968  295   0.0  13.0  19.0   1.4   1.7   0.0
3  1968  296   0.7  14.5  21.6   1.8   2.3   1.0
3  1968  297   0.2  15.0  20.1   1.7   2.0  12.4
3  1968  298   0.0  15.8  18.8   1.8   2.0  11.0
3  1968  299   0.0  16.1  20.7   1.9   2.7   8.2
3  1968  300   7.0  17.6  29.0   2.1   4.0   0.0
3  1968  301  11.0  17.0  30.3   2.1   4.0   0.0
3  1968  302  11.0  18.2  29.8   2.1   3.3   0.0
3  1968  303  11.7  15.6  31.6   2.1   3.7   0.0
3  1968  304   9.0  17.8  32.8   2.2   4.3   0.0
3  1968  305   7.1  19.5  30.0   2.4   1.3   0.3
3  1968  306   6.3  19.4  28.7   2.4   1.0   0.0
3  1968  307   8.8  17.0  29.0   2.0   4.7   0.0
3  1968  308  10.7  17.0  35.4   1.9   2.7   0.0
3  1968  309   9.2  17.4  34.0   2.3   2.3   0.0
3  1968  310   8.8  18.4  32.8   2.3   2.3   0.0
3  1968  311  11.3  18.0  30.1   2.1   3.7   0.0
3  1968  312  10.7  15.2  32.2   2.0   5.7   0.0
3  1968  313  10.5  19.0  30.5   2.4   2.3  11.0
3  1968  314   0.3  19.8  25.8   2.1   1.7   0.0
3  1968  315   8.2  19.0  30.6   2.2   4.3   0.0
3  1968  316  10.1  17.8  30.6   2.2   2.0   2.5
3  1968  317   1.1  17.9  27.4   2.1   1.3   1.8
3  1968  318   1.6  17.4  24.8   2.0   2.0   0.0
3  1968  319   1.5  15.9  23.8   1.8   2.0   0.0
3  1968  320  10.4  13.8  27.8   1.9   2.3   0.0
3  1968  321   5.7  14.3  27.3   1.9   3.0   0.0
3  1968  322   0.0  17.2  22.8   2.2   0.3  41.5
3  1968  323   0.0  16.3  23.4   2.0   1.7  18.6
3  1968  324   5.2  16.8  25.8   2.0   2.7   0.0
3  1968  325  11.8  15.2  24.8   1.6   2.3   0.3
3  1968  326   8.3  13.2  24.5   1.3   2.0   0.0
3  1968  327  10.5  12.8  26.6   1.6   2.3   0.0
3  1968  328  10.8  12.0  29.0   1.7   2.3   0.0
3  1968  329  12.1  13.0  31.0   1.9   2.0   0.0
3  1968  330   6.0  18.6  29.3   2.1   2.7   0.0
3  1968  331   6.1  16.4  26.2   1.7   3.3   0.0
3  1968  332   3.1  17.0  26.6   1.9   1.7   0.0
3  1968  333   0.3  17.2  25.4   2.0   2.3   0.0
3  1968  334   3.7  18.6  26.4   2.1   4.3   3.0
3  1968  335   1.2  19.0  26.6   2.1   3.7   4.2
3  1968  336   2.2  19.1  27.3   2.0   3.0  10.0
3  1968  337   0.0  18.6  22.0   2.2   0.3  55.8
3  1968  338   1.2  19.0  23.8   2.2   3.7  27.0
3  1968  339   0.8  19.3  24.6   2.3   0.7  39.8
3  1968  340  10.2  18.8  28.0   2.2   2.3   5.2
3  1968  341   8.4  17.7  31.6   2.3   1.7   2.8
3  1968  342   2.4  19.0  26.7   2.0   2.7   0.0
3  1968  343   7.1  18.0  27.4   2.1   1.7   0.0
3  1968  344   0.3  18.4  22.7   2.0   2.7  42.6
3  1968  345   3.3  18.0  24.5   2.0   1.3   0.0
3  1968  346   7.5  15.2  26.1   1.6   2.3   0.0
3  1968  347   2.5  16.4  24.3   1.8   2.0   2.8
3  1968  348  12.0  14.9  28.6   1.8   2.3   0.0
3  1968  349  10.9  14.8  28.0   1.8   2.0   0.0
3  1968  350  12.3  18.0  29.3   1.9   3.3   0.0
3  1968  351  11.3  19.6  28.3   2.1   3.3   0.0
3  1968  352   2.7  18.8  28.0   2.1   4.0   0.8
3  1968  353   5.4  17.8  26.5   2.2   2.3  15.6
3  1968  354   6.3  17.4  29.0   2.0   4.3  13.0
3  1968  355   9.4  18.5  27.8   2.0   4.7   0.0
3  1968  356  10.7  16.9  27.4   1.9   5.0   0.0
3  1968  357  11.7  15.5  28.3   1.9   4.3   0.0
3  1968  358  12.4  18.7  30.7   2.1   3.3   0.0
3  1968  359  10.6  18.8  31.7   2.4   3.0   0.0
3  1968  360  12.1  17.3  32.8   2.3   3.3   0.0
3  1968  361   1.1  19.1  27.4   2.2   1.3   8.2
3  1968  362   8.6  19.8  30.8   2.3   3.0   0.0
3  1968  363  12.0  18.0  30.8   2.1   3.3   0.0
3  1968  364  10.2  17.8  32.5   2.1   2.7   0.0
3  1968  365   8.8  17.6  30.6   2.3   1.7   1.0
3  1968  366  12.5  14.7  30.0   2.0   3.7   4.6
