*-----------------------------------------------------*
* Station name: Maceio-AL, Brazil
* Year: 1969
* Author: Luis Claudio Costa
* Source: UFV / DEA              -999.000:NIL VALUE
* Longitude: 35 42 W, latitude: 09 40 S, altitude: 64.50 m.
*
* Column     Daily value
* 1          station number
* 2          year
* 3          day
* 4          sunshine                      (hour d-1)
* 5          minimum temperature           (oC)        
* 6          maximum temperature           (oC)        
* 7          early morning vapour pressure (kPa)
* 8          mean wind speed (height: 2m ) (m s-1)
* 9          precipitation                 (mm d-1)
*-----------------------------------------------------*
-35.74  -9.67  64.50  0.25 0.54
2  1969    1  11.1  25.9  30.7   2.6   3.7   0.0
2  1969    2   9.2  23.4  31.0   2.6   4.3   0.7
2  1969    3  11.3  23.0  31.1   2.6   5.3   0.0
2  1969    4  10.3  23.4  30.9   2.8   4.7   0.0
2  1969    5  11.0  23.2  31.2   2.5   4.0   0.0
2  1969    6  10.2  23.8  30.9   2.5   5.0   0.0
2  1969    7  10.6  23.5  31.0   2.6   4.3   2.6
2  1969    8   8.6  26.3  31.2   2.8   6.3   0.0
2  1969    9  10.3  25.6  30.9   2.8   4.3   4.1
2  1969   10   3.4  22.9  30.6   3.0   2.3   3.6
2  1969   11   8.5  22.9  30.8   2.9   3.0   4.8
2  1969   12   7.2  25.2  30.5   2.8   3.3   1.3
2  1969   13  10.8  22.4  31.0   2.8   5.7   0.0
2  1969   14   4.5  24.1  29.6   2.7   4.3   4.4
2  1969   15  11.0  24.0  31.0   2.4   4.0   0.0
2  1969   16   3.7  23.8  30.3   2.8   3.7   1.6
2  1969   17   8.5  24.1  30.9   3.1   5.3   5.6
2  1969   18   8.8  26.3  31.5   2.9   4.7   0.0
2  1969   19   6.5  24.5  31.3   2.8   3.7   0.0
2  1969   20   9.4  23.4  31.2   2.5   5.3   0.0
2  1969   21   4.0  26.3  30.3   2.6   6.0   0.0
2  1969   22   0.5  23.8  28.4   2.9   3.3   4.6
2  1969   23   5.5  22.5  29.9   2.9   2.3   8.4
2  1969   24  10.4  23.0  31.6   2.8   6.0   1.0
2  1969   25   9.1  24.0  31.5   2.8   3.0   0.0
2  1969   26   1.5  24.0  30.4   2.9   2.7   0.9
2  1969   27   0.6  23.6  28.2   2.9   3.3  28.6
2  1969   28   9.7  22.5  29.9   3.0   3.7  20.6
2  1969   29   9.2  23.2  30.6   2.9   4.7   2.9
2  1969   30  10.8  25.0  30.4   2.9   5.7   1.8
2  1969   31   8.2  24.1  30.7   2.9   4.3   2.4
2  1969   32   5.9  23.8  29.4   2.8   2.7  12.6
2  1969   33   9.4  23.2  30.3   3.1   3.3  11.5
2  1969   34   9.8  23.4  30.3   3.0   4.0   5.3
2  1969   35  11.0  23.7  30.6   2.7   3.7   0.9
2  1969   36  10.4  22.9  31.0   2.7   4.0   0.0
2  1969   37  11.0  23.2  31.6   2.8   2.7   0.0
2  1969   38  10.6  23.8  32.8   2.8   6.0   0.0
2  1969   39   0.6  25.7  30.6   2.9   2.0   0.0
2  1969   40   1.6  22.9  31.7   2.9   3.0   1.4
2  1969   41   2.9  24.9  31.5   2.9   1.3   2.1
2  1969   42   7.2  23.1  30.7   3.0   2.7  72.0
2  1969   43  10.4  24.8  30.3   2.9   3.7   0.0
2  1969   44   9.9  23.6  30.9   2.7   2.7   0.0
2  1969   45  11.1  23.0  31.5   2.8   3.7   0.0
2  1969   46   6.6  23.0  31.3   2.8   3.0   0.0
2  1969   47  10.3  23.2  31.1   2.9   3.7   0.0
2  1969   48  10.3  23.4  31.5   2.8   5.3   0.0
2  1969   49  11.2  26.0  31.5   2.7   4.0   0.0
2  1969   50  11.2  23.3  31.2   2.7   3.0   0.0
2  1969   51  10.8  22.8  30.9   2.8   4.0   0.0
2  1969   52  11.1  23.1  31.2   2.7   3.7   0.0
2  1969   53   1.3  25.3  30.3   3.2   2.3   6.7
2  1969   54   7.3  22.9  30.4   3.1   1.3  17.2
2  1969   55   3.0  23.6  29.9   3.0   3.7  10.0
2  1969   56   8.6  23.0  30.3   2.9   2.3   0.0
2  1969   57  10.4  23.9  31.4   2.7   4.3   1.8
2  1969   58   8.6  23.1  31.1   2.6   3.0   0.0
2  1969   59   9.6  23.0  31.2   2.8   3.7   0.8
2  1969   60   9.2  23.7  31.5   2.8   3.7   0.4
2  1969   61   6.7  24.2  31.4   3.0   3.3   0.0
2  1969   62   8.4  23.8  31.5   3.0   5.0   0.0
2  1969   63   9.0  24.3  31.5   2.8   5.3   2.1
2  1969   64   9.4  24.1  31.5   2.9   4.7   2.0
2  1969   65   9.5  25.1  32.6   2.9   6.3   0.0
2  1969   66  10.0  24.3  32.3   2.8   6.3   0.0
2  1969   67   9.4  24.3  32.0   2.9   3.7   0.0
2  1969   68  10.0  24.2  32.0   3.0   3.7   1.6
2  1969   69   7.2  24.2  30.7   3.1   2.7  14.0
2  1969   70   9.9  24.0  31.1   2.9   4.0   1.6
2  1969   71   9.8  23.5  31.6   2.7   5.7   0.0
2  1969   72   2.6  24.6  31.1   3.1   2.0   0.0
2  1969   73   1.3  23.1  29.8   2.9   3.7  16.8
2  1969   74   3.1  24.2  31.7   3.1   3.0  11.3
2  1969   75   0.9  24.5  29.3   3.0   2.7  32.6
2  1969   76   4.3  24.1  30.3   3.1   1.7  13.4
2  1969   77   8.1  23.7  31.0   3.1   3.0   0.0
2  1969   78   8.8  23.8  31.5   3.1   3.7   1.0
2  1969   79   8.5  24.3  31.5   3.0   3.7   0.8
2  1969   80   4.6  23.8  30.7   3.0   4.3   5.4
2  1969   81   8.7  23.7  31.0   3.0   5.7   7.6
2  1969   82   8.1  24.2  30.4   3.0   3.7  18.4
2  1969   83   4.7  24.0  31.3   3.2   2.3   8.0
2  1969   84   5.4  23.0  30.1   3.1   2.3  31.2
2  1969   85   6.8  23.8  31.0   3.1   1.7   1.0
2  1969   86   6.1  24.2  30.8   3.1   2.3   7.0
2  1969   87   6.7  24.2  31.6   3.1   2.0   0.0
2  1969   88   2.6  24.4  30.5   2.6   1.7   0.8
2  1969   89   6.7  23.8  31.0   2.9   2.3   0.0
2  1969   90   6.5  24.2  30.6   3.1   3.3   2.6
2  1969   91   2.0  24.0  27.9   3.2   1.7  67.6
2  1969   92   0.0  23.7  27.3   2.9   1.0  38.2
2  1969   93   7.6  23.6  30.6   3.0   2.0  25.6
2  1969   94   9.3  23.3  30.6   3.0   1.7   3.8
2  1969   95   8.5  23.3  30.5   3.1   1.3   1.1
2  1969   96   1.4  23.0  28.6   2.9   1.3  95.0
2  1969   97   7.2  22.3  30.8   3.1   1.0   0.0
2  1969   98   6.1  24.6  30.3   3.1   1.3   2.6
2  1969   99   8.2  23.4  30.6   3.2   1.0  29.0
2  1969  100   8.9  24.0  31.0   2.7   1.7   0.0
2  1969  101   9.8  23.1  30.4   2.8   3.0   0.0
2  1969  102   8.7  23.5  30.2   2.9   4.0   0.0
2  1969  103   0.0  23.3  27.8   2.9   5.7  29.3
2  1969  104   0.0  22.7  27.0   2.9   1.0  73.7
2  1969  105   6.3  23.5  28.6   2.9   4.7   0.0
2  1969  106   6.3  23.2  29.9   2.9   4.0   3.1
2  1969  107   7.6  22.6  29.0   2.7   5.3  61.6
2  1969  108   9.5  23.9  30.5   3.0   3.7   1.0
2  1969  109   9.6  24.3  30.6   2.8   2.7   1.0
2  1969  110   4.4  24.6  29.7   3.0   4.0   7.4
2  1969  111   4.4  23.8  29.5   3.3   3.0   6.8
2  1969  112   8.8  25.5  30.6   2.7   4.0   1.2
2  1969  113   6.0  25.1  29.9   2.8   3.0   1.8
2  1969  114   7.2  23.0  30.6   3.0   1.3   0.6
2  1969  115   7.8  22.7  29.8   2.8   2.3  14.6
2  1969  116   8.2  22.6  29.7   3.0   3.7   0.0
2  1969  117   6.3  23.4  30.2   2.8   3.0   0.0
2  1969  118   9.6  23.5  30.6   2.8   3.0   0.0
2  1969  119   9.3  24.5  31.6   2.6   2.0   0.0
2  1969  120   9.6  24.3  31.7   2.9   3.7   0.0
2  1969  121   8.4  23.8  31.8   2.8   3.7   2.8
2  1969  122   8.4  24.4  31.0   3.2   4.3   5.9
2  1969  123   8.6  24.4  31.8   2.8   4.7   0.5
2  1969  124   6.9  24.8  30.1   3.1   5.0   6.6
2  1969  125   8.4  23.9  30.9   2.9   3.7   1.2
2  1969  126   6.5  23.2  30.3   3.1   2.7  25.9
2  1969  127   8.7  23.6  30.6   3.1   3.0  37.8
2  1969  128   7.5  23.4  29.8   2.9   2.7  14.3
2  1969  129   9.0  23.5  29.6   3.1   3.7  22.0
2  1969  130   2.4  23.2  28.4   2.8   4.0   9.6
2  1969  131   8.5  24.1  30.0   2.9   5.7  19.7
2  1969  132   6.2  23.6  29.9   2.9   2.3  18.7
2  1969  133   8.5  22.4  29.7   2.9   1.7  28.6
2  1969  134   3.3  22.1  28.4   2.7   4.7  16.6
2  1969  135   7.4  22.0  28.3   2.7   0.7   6.4
2  1969  136   3.7  23.4  28.6   2.9   3.3   5.2
2  1969  137   0.0  22.9  26.6   2.9   1.3  26.9
2  1969  138   5.2  22.4  29.3   3.1   2.3  11.6
2  1969  139   0.0  22.4  28.5   2.4   5.0  32.2
2  1969  140   9.8  25.3  28.9   2.7   5.0   1.6
2  1969  141   2.9  23.0  28.4   2.9   4.7   4.2
2  1969  142   9.3  24.0  30.1   2.9   6.0   7.5
2  1969  143   0.4  24.6  28.2   2.8   3.0   9.7
2  1969  144   3.4  22.8  29.1   2.8   6.0  10.9
2  1969  145   8.2  23.0  29.4   2.9   5.0  19.1
2  1969  146   2.4  22.4  27.3   2.7   3.7   5.8
2  1969  147  10.5  23.4  29.2   2.8   4.0   7.1
2  1969  148   8.3  21.3  28.3   2.7   5.3   6.0
2  1969  149   1.4  23.2  27.9   3.1   1.7  15.7
2  1969  150   0.0  23.0  26.8   2.9   2.3  98.8
2  1969  151  10.2  23.8  29.3   2.6   4.0   7.7
2  1969  152  10.0  21.9  29.2   2.8   2.3   0.5
2  1969  153   0.8  22.8  28.0   2.8   1.7   7.4
2  1969  154  10.7  22.7  29.6   3.0   1.7   0.7
2  1969  155  10.7  22.8  30.9   2.8   3.0   0.0
2  1969  156  10.6  23.6  31.8   2.8   2.3   0.0
2  1969  157  10.6  23.6  30.8   3.0   3.0   0.0
2  1969  158   6.9  23.4  29.9   2.9   3.3   2.7
2  1969  159   6.3  22.5  29.1   2.9   3.7  24.2
2  1969  160   3.9  21.2  27.6   2.6   1.3  27.6
2  1969  161   8.5  22.0  28.4   2.9   6.3  35.4
2  1969  162   2.9  22.6  27.9   2.9   5.7  23.2
2  1969  163   9.8  22.9  28.4   2.5   5.3  16.4
2  1969  164   1.9  25.0  28.4   2.4   7.3   2.9
2  1969  165   7.8  23.7  29.0   2.5   6.3   3.1
2  1969  166   9.3  22.2  29.3   2.4   4.7   2.6
2  1969  167   3.6  21.9  29.1   2.8   7.7  16.6
2  1969  168   7.5  22.4  27.6   2.8   6.7   4.4
2  1969  169   5.0  22.0  28.9   2.4   3.3   9.6
2  1969  170   2.1  22.4  28.3   2.6   6.3   1.8
2  1969  171   6.0  23.2  28.0   2.3   8.0   0.8
2  1969  172   7.1  21.8  27.2   2.7   4.0   8.4
2  1969  173   7.1  21.1  27.0   2.6   3.3  10.3
2  1969  174   1.3  22.0  25.9   2.7   5.7  30.3
2  1969  175   6.1  22.4  27.6   2.9   8.0  21.3
2  1969  176  15.1  22.5  27.7   2.8   3.7   4.4
2  1969  177   4.5  21.8  27.9   2.7   3.7   8.6
2  1969  178   0.1  21.9  26.3   2.7   2.0  23.8
2  1969  179   2.3  21.8  26.7   2.8   1.3  26.2
2  1969  180   8.0  21.5  28.5   2.9   3.3  21.5
2  1969  181   7.1  24.0  28.3   2.6   4.0   7.4
2  1969  182   6.8  23.3  28.4   2.7   5.0  22.1
2  1969  183   4.7  22.5  28.5   2.7   5.3  37.4
2  1969  184   4.3  22.2  27.9   2.9   7.3  21.9
2  1969  185   3.6  22.6  28.0   2.6   4.3  13.5
2  1969  186   2.2  23.6  28.2   2.6   6.3   3.0
2  1969  187   0.6  20.8  26.5   2.6   2.7  29.5
2  1969  188   2.9  21.3  26.3   2.6   3.7  22.9
2  1969  189   1.1  22.1  26.0   2.8   3.7  33.3
2  1969  190  10.6  21.9  28.3   2.5   1.3  33.3
2  1969  191   9.3  21.3  28.1   2.6   5.0   2.6
2  1969  192   9.2  22.0  29.1   2.7   3.3   0.0
2  1969  193   1.1  22.0  26.4   2.6   2.3  42.1
2  1969  194   0.1  21.9  25.3   2.7   1.3 100.3
2  1969  195   3.1  21.4  27.4   2.8   5.0   5.8
2  1969  196   9.7  21.2  27.4   2.4   5.0   1.0
2  1969  197   2.4  20.3  25.5   2.5   7.3   4.6
2  1969  198   2.5  21.0  26.4   2.7   6.7  66.8
2  1969  199   1.8  21.0  26.5   2.7   4.3   6.1
2  1969  200   0.7  22.6  27.9   2.5   7.0  26.9
2  1969  201   6.6  22.5  27.8   2.6   4.3   9.8
2  1969  202   4.1  21.0  27.0   2.6   7.0   2.6
2  1969  203   5.8  21.9  27.9   2.5   3.3  33.2
2  1969  204   8.4  20.1  28.0   2.6   6.3   4.1
2  1969  205   0.0  21.2  25.3   2.6   6.0  39.2
2  1969  206   7.7  22.0  27.7   2.5   6.7   8.5
2  1969  207   8.7  21.9  27.6   2.2   4.7   2.7
2  1969  208   0.0  21.1  25.2   2.7   6.0  33.2
2  1969  209   8.4  21.4  27.5   2.5   5.3  13.5
2  1969  210   8.9  22.1  27.6   2.3   4.3   2.9
2  1969  211   8.9  22.2  27.9   2.4   6.7   4.4
2  1969  212   3.8  21.8  27.5   2.6   5.3   7.9
2  1969  213   6.8  20.7  28.1   2.5   3.0   2.4
2  1969  214   8.8  20.0  27.3   2.5   2.7   1.4
2  1969  215   1.5  20.6  27.5   2.6   3.0  10.4
2  1969  216   6.0  22.5  28.2   2.5   2.3   1.9
2  1969  217   6.5  21.0  27.6   2.6   4.7   6.3
2  1969  218   9.1  20.8  27.8   2.4   4.3  10.0
2  1969  219   9.7  22.5  27.7   2.2   3.3   1.4
2  1969  220   5.8  19.9  27.3   2.5   3.7   1.0
2  1969  221   8.7  22.6  27.9   2.5   5.7   1.4
2  1969  222   6.1  21.6  27.7   2.6   5.3   7.8
2  1969  223   6.1  21.3  27.2   2.6   5.7   9.8
2  1969  224   8.7  22.3  28.0   2.5   6.3   3.6
2  1969  225   2.2  20.7  26.8   2.5   7.3  16.6
2  1969  226   5.1  22.4  27.6   2.2   7.7   2.1
2  1969  227   8.7  23.6  28.4   2.2   5.7   0.0
2  1969  228   8.9  20.4  28.3   2.2   4.7   0.0
2  1969  229   9.7  20.2  28.9   2.4   3.0   0.0
2  1969  230   9.0  20.0  28.7   2.5   3.0   0.0
2  1969  231   9.7  21.0  28.6   2.2   3.0   0.0
2  1969  232   9.2  19.2  28.3   2.0   2.3   0.0
2  1969  233   4.7  19.9  28.9   2.5   4.3   2.0
2  1969  234   2.5  22.1  27.2   2.5   6.7  14.4
2  1969  235   9.7  22.6  28.1   2.1   6.3   1.6
2  1969  236   8.3  21.8  27.9   2.3   5.3   2.7
2  1969  237   8.3  22.0  28.1   2.2   2.3   0.6
2  1969  238   6.8  20.3  28.2   2.5   3.7   0.0
2  1969  239   7.5  21.9  27.9   2.4   3.3   0.6
2  1969  240   9.7  22.1  27.8   2.2   3.0   0.0
2  1969  241   9.8  20.1  29.9   2.4   3.0   0.0
2  1969  242   9.6  20.9  29.7   2.7   2.3   0.0
2  1969  243   8.4  22.4  30.1   2.7   4.7   0.9
2  1969  244   7.3  21.8  28.6   2.5   4.0   0.8
2  1969  245   9.1  23.8  28.6   2.3   5.0   0.0
2  1969  246   9.3  22.0  28.5   1.9   4.7   0.0
2  1969  247   7.9  21.0  28.7   2.3   4.0  10.4
2  1969  248   1.7  20.4  25.0   2.6   3.0  14.2
2  1969  249   5.6  21.8  28.4   2.6   6.3   1.4
2  1969  250   6.2  21.7  27.9   2.1   5.0   0.0
2  1969  251   0.5  21.6  28.7   2.6   3.7   9.9
2  1969  252   7.9  20.6  30.9   2.3   5.3   0.0
2  1969  253   7.2  24.4  30.9   2.4   5.0   7.0
2  1969  254   8.5  23.8  30.7   2.2   4.7   0.0
2  1969  255   8.1  24.0  30.4   2.3   5.3   0.0
2  1969  256   8.8  22.1  30.8   2.3   3.0   0.0
2  1969  257   8.4  24.5  30.9   2.4   4.0   0.8
2  1969  258   8.2  24.0  28.7   2.3   3.7   0.0
2  1969  259   8.4  20.4  27.9   2.3   3.0   0.0
2  1969  260   7.7  20.6  28.7   2.4   3.0   0.0
2  1969  261   3.7  23.5  27.9   2.5   4.0   0.8
2  1969  262   6.8  21.1  28.8   2.3   5.0   1.1
2  1969  263   7.9  23.8  29.3   2.4   6.3   0.0
2  1969  264   7.8  24.0  29.8   2.4   5.0   0.0
2  1969  265   8.3  21.6  29.9   2.6   5.3   0.6
2  1969  266   3.4  22.0  27.9   2.6   2.0  16.0
2  1969  267   0.6  20.2  26.9   2.5   2.3   9.0
2  1969  268   7.4  23.0  27.9   2.6   3.0   1.2
2  1969  269   3.2  20.1  26.8   2.7   5.0   7.8
2  1969  270   4.1  20.1  26.8   2.3   3.7  20.6
2  1969  271   9.2  20.8  27.7   2.2   4.0   0.6
2  1969  272   4.3  20.6  28.8   2.6   3.7   3.0
2  1969  273   9.6  21.5  30.1   2.6   5.3   2.4
2  1969  274   9.8  23.3  29.9   2.4   5.0   1.2
2  1969  275   9.8  21.0  29.9   2.5   5.7   0.0
2  1969  276   4.6  21.9  28.7   2.6   3.0   3.4
2  1969  277   7.5  21.9  29.4   2.5   5.0   1.6
2  1969  278   9.8  21.6  29.9   2.4   3.7   0.0
2  1969  279   9.9  21.5  29.7   2.6   6.3   0.0
2  1969  280   9.8  21.9  30.2   2.5   4.3   0.0
2  1969  281   9.6  23.2  29.5   2.5   3.0   0.0
2  1969  282   9.3  22.8  29.3   2.5   4.3   6.7
2  1969  283   8.6  22.5  28.9   2.7   5.3   9.0
2  1969  284  10.0  22.0  30.2   2.8   5.7   0.0
2  1969  285  10.0  21.1  30.4   2.7   5.7   0.0
2  1969  286   9.6  22.1  30.6   2.6   5.7   0.0
2  1969  287  10.0  22.6  30.8   2.6   5.0   0.0
2  1969  288   9.4  22.8  30.6   2.8   5.3   0.0
2  1969  289  10.7  21.6  30.8   2.5   6.7   0.0
2  1969  290  10.8  21.4  30.5   2.5   7.0   0.0
2  1969  291  11.3  21.3  30.2   2.4   4.7   0.0
2  1969  292   9.1  22.6  28.9   2.5   3.7   1.6
2  1969  293   4.4  21.8  29.2   2.5   3.3  20.4
2  1969  294   4.9  21.9  28.3   2.7   3.3  19.4
2  1969  295   8.1  21.4  29.5   2.5   4.3   0.0
2  1969  296  10.2  21.2  29.3   2.6   3.7   0.8
2  1969  297   7.4  22.0  29.3   2.5   3.7   0.0
2  1969  298  11.5  23.8  29.6   2.4   3.0   0.6
2  1969  299  10.9  22.6  30.6   2.6   6.0   0.0
2  1969  300   8.2  22.4  30.6   2.7   6.0   0.0
2  1969  301  11.0  24.8  30.2   2.5   5.7   0.0
2  1969  302  11.3  22.6  29.6   2.4   4.0   0.0
2  1969  303  10.5  21.5  30.1   2.4   5.0   0.0
2  1969  304  11.3  22.8  30.7   2.5   8.3   2.2
2  1969  305   8.5  22.5  30.6   2.5   5.3   0.0
2  1969  306  11.4  22.1  30.7   2.2   5.0   0.0
2  1969  307  11.4  22.1  30.7   2.2   5.0   0.0
2  1969  308  11.4  22.1  30.7   2.2   5.0   0.0
2  1969  309  11.5  22.0  30.7   2.4   6.3   1.4
2  1969  310   9.4  21.6  29.6   2.7   4.3   2.8
2  1969  311  11.1  22.1  30.7   2.4   6.0   0.0
2  1969  312  11.4  22.4  29.9   2.4   5.3   0.0
2  1969  313  11.4  21.9  30.3   2.1   5.0   0.0
2  1969  314  11.1  21.6  30.4   2.4   5.7   0.0
2  1969  315  11.1  22.3  30.9   2.4   6.0   0.0
2  1969  316  10.5  23.1  30.4   2.5   5.3   0.0
2  1969  317  10.9  23.1  29.5   2.5   5.7   0.0
2  1969  318  11.5  23.7  29.7   2.3   6.3   0.0
2  1969  319  10.8  22.6  30.4   2.5   6.3   0.0
2  1969  320  11.2  22.4  30.2   2.5   6.0   0.0
2  1969  321   9.7  23.8  30.3   2.3   5.7   0.0
2  1969  322   5.2  22.4  29.7   2.6   4.3   0.0
2  1969  323  11.3  25.0  30.6   2.5   4.7   0.0
2  1969  324   7.8  24.7  29.8   2.7   6.3   2.6
2  1969  325   6.6  23.5  29.8   2.8   4.3   5.7
2  1969  326   3.2  21.5  28.9   2.7   3.0  25.2
2  1969  327  11.5  22.8  30.5   2.6   6.0   0.0
2  1969  328   9.9  22.5  30.6   2.7   5.7   0.0
2  1969  329   9.1  22.6  30.9   2.8   4.7   0.0
2  1969  330  11.7  22.3  30.9   2.7   3.7   0.0
2  1969  331  11.7  22.5  31.2   2.7   3.3   0.0
2  1969  332  11.7  22.3  31.1   2.7   6.7   0.0
2  1969  333   9.3  22.5  30.6   2.7   6.3   0.0
2  1969  334  10.7  22.7  31.3   2.7   4.7   0.0
2  1969  335  10.3  23.1  31.5   2.8   6.7   4.1
2  1969  336   8.9  23.4  30.3   3.0   6.0   8.2
2  1969  337  11.4  23.0  31.3   2.8   7.0   0.0
2  1969  338   9.8  22.4  30.3   2.5   5.7   0.0
2  1969  339  10.4  22.4  30.5   2.5   5.7   0.0
2  1969  340  10.4  22.0  31.3   2.6   6.3   0.0
2  1969  341  11.6  23.0  31.0   2.5   5.7   0.0
2  1969  342  10.8  22.6  30.3   2.5   5.7   0.0
2  1969  343  10.3  22.6  30.9   2.7   6.7   0.0
2  1969  344  11.7  22.8  30.9   2.7   6.3   0.0
2  1969  345  11.8  23.0  31.3   2.5   7.7   0.0
2  1969  346  11.8  22.4  30.9   2.5   5.7   0.0
2  1969  347  11.8  22.5  30.9   2.6   6.0   0.0
2  1969  348  11.6  22.4  31.5   2.6   7.0   0.0
2  1969  349  10.7  22.6  31.7   2.4   6.7   0.0
2  1969  350   9.9  23.6  31.6   2.4   4.7   0.0
2  1969  351   8.5  23.5  31.6   2.4   4.3   0.0
2  1969  352   3.2  24.8  31.5   2.8   4.7   0.0
2  1969  353  11.0  23.4  30.8   2.8   3.0   8.2
2  1969  354  10.5  22.6  30.4   2.3   3.3   0.0
2  1969  355  10.2  23.0  30.3   2.5   4.7   3.3
2  1969  356  10.8  25.0  30.4   2.4   4.3   0.0
2  1969  357  11.0  25.1  30.6   2.4   3.3   0.0
2  1969  358  11.1  22.0  31.3   2.5   4.0   0.0
2  1969  359   9.9  24.1  31.1   2.6   4.0   0.0
2  1969  360   7.1  23.6  30.5   3.0   4.0   6.8
2  1969  361   8.3  23.2  30.7   2.8   5.7   0.0
2  1969  362   6.1  25.4  30.9   2.6   3.0   0.0
2  1969  363   7.3  23.0  30.2   2.6   2.7   6.2
2  1969  364   6.3  22.9  30.4   2.7   4.0   0.6
2  1969  365   6.8  24.5  30.6   2.6   3.3   0.0
