*-----------------------------------------------------*
* Station name: Maceio-AL, Brazil
* Year: 1963
* Author: Luis Claudio Costa
* Source: UFV / DEA              -999.000:NIL VALUE
* Longitude: 35 42 W, latitude: 09 40 S, altitude: 64.50 m.
*
* Column     Daily value
* 1          station number
* 2          year
* 3          day
* 4          sunshine                      (hour d-1)
* 5          minimum temperature           (oC)        
* 6          maximum temperature           (oC)        
* 7          early morning vapour pressure (kPa)
* 8          mean wind speed (height: 2m ) (m s-1)
* 9          precipitation                 (mm d-1)
*-----------------------------------------------------*
-35.74  -9.67  64.50  0.25 0.54
2  1963    1   9.8  23.0  30.9   2.7   4.7   1.4
2  1963    2  11.0  22.9  30.8   2.6   4.0   0.0
2  1963    3  11.4  22.4  31.1   2.7   5.0   0.0
2  1963    4  11.4  22.6  31.4   2.6   7.0   0.0
2  1963    5  10.8  23.5  31.7   2.5   7.7   0.0
2  1963    6  10.3  22.9  30.4   2.6   6.7   0.0
2  1963    7  10.2  23.8  30.7   2.9   5.0   1.0
2  1963    8  11.1  23.1  30.9   2.7   4.0   0.0
2  1963    9  10.8  23.0  30.4   2.6   3.7   1.4
2  1963   10   8.6  22.7  30.3   2.6   4.3   0.6
2  1963   11  11.7  22.4  30.3   2.5   3.7   0.5
2  1963   12  11.4  21.8  30.4   2.2   4.0   0.0
2  1963   13  10.8  21.4  30.4   2.4   4.7   0.0
2  1963   14  10.2  23.7  30.8   2.3   4.0   0.0
2  1963   15  11.3  22.2  30.2   2.3   3.7   0.0
2  1963   16   5.4  23.0  30.4   2.6   2.3   0.0
2  1963   17   9.9  22.6  31.0   2.4   3.7   0.0
2  1963   18   8.6  23.8  30.2   2.9   2.3   1.4
2  1963   19   8.6  23.4  30.8   2.3   3.3   0.7
2  1963   20   1.2  22.8  27.0   2.9   2.0   4.8
2  1963   21   8.8  21.8  28.6   2.8   3.7   6.8
2  1963   22   9.3  22.8  29.4   2.8   3.0   5.4
2  1963   23  11.0  22.3  30.1   2.7   4.3   0.0
2  1963   24  10.8  23.4  30.9   2.7   4.3   0.0
2  1963   25  10.8  24.9  31.0   2.4   3.3   0.5
2  1963   26  10.4  22.6  30.8   2.6   3.7   0.4
2  1963   27  10.9  24.0  31.1   2.6   4.0   0.0
2  1963   28  10.7  22.8  31.0   2.5   3.7   0.0
2  1963   29   9.4  24.1  31.2   2.5   2.0   0.0
2  1963   30   8.4  24.0  29.9   2.7   5.0   1.5
2  1963   31  10.5  22.8  30.9   2.5   3.7   0.6
2  1963   32  10.3  22.8  31.1   2.8   3.3   0.0
2  1963   33   9.2  24.8  32.1   2.8   5.0   2.5
2  1963   34   8.1  23.0  30.3   2.4   2.7   1.3
2  1963   35   9.9  23.9  31.0   2.9   3.0   0.6
2  1963   36   8.3  23.2  31.0   2.6   2.7   0.0
2  1963   37  10.4  23.2  31.3   2.7   3.3   0.0
2  1963   38  10.7  24.8  31.8   2.8   7.3   0.0
2  1963   39  10.7  23.6  32.0   2.8   6.3   0.0
2  1963   40   8.8  23.4  31.7   2.6   2.7   0.0
2  1963   41  10.2  24.0  31.2   2.7   4.7   0.5
2  1963   42   8.3  23.4  31.3   2.6   3.3   0.0
2  1963   43   2.8  24.0  31.1   2.8   3.0   0.0
2  1963   44  10.8  24.7  31.1   2.8   4.7   0.0
2  1963   45  10.5  23.9  31.1   2.5   4.7   0.8
2  1963   46  10.4  22.6  30.3   2.8   4.0   1.3
2  1963   47   6.9  26.0  30.3   2.8   3.7   1.7
2  1963   48   2.9  25.1  29.2   2.6   3.7   0.8
2  1963   49   7.1  21.8  30.1   2.6   1.7   3.4
2  1963   50  10.6  21.9  30.1   2.4   1.7   0.0
2  1963   51   8.8  23.5  31.1   2.7   4.3   1.2
2  1963   52  10.3  23.7  31.6   2.9   5.3   0.5
2  1963   53   9.3  23.8  31.6   2.8   5.0   0.5
2  1963   54  10.7  23.9  31.0   2.4   4.0   0.6
2  1963   55  10.8  21.7  30.6   2.5   3.3   0.0
2  1963   56   9.3  25.6  31.4   2.8   5.3   0.4
2  1963   57   9.8  24.5  31.1   2.7   4.3   2.5
2  1963   58   3.1  22.2  28.2   2.6   2.7  35.8
2  1963   59  10.1  22.9  29.4   2.6   3.7   1.0
2  1963   60   9.6  22.9  30.1   2.9   2.3   0.7
2  1963   61   9.5  23.3  30.9   2.9   3.0   0.4
2  1963   62   7.4  23.5  30.3   2.8   3.3   2.1
2  1963   63  10.0  23.9  30.9   2.6   6.0   0.0
2  1963   64   8.7  24.0  31.0   2.5   4.3   0.0
2  1963   65   9.3  22.9  30.1   2.5   4.7   0.0
2  1963   66   0.7  22.8  27.1   2.8   4.0   7.8
2  1963   67   1.8  22.5  28.9   2.8   4.3  18.2
2  1963   68   3.6  22.6  28.0   2.9   2.3  29.3
2  1963   69  10.1  21.8  29.1   2.5   4.0   7.0
2  1963   70   2.4  22.2  28.5   2.8   2.3   5.7
2  1963   71   3.3  22.5  28.3   2.9   6.3  22.1
2  1963   72   5.7  22.5  29.3   2.9   1.7  13.7
2  1963   73   3.2  22.6  28.7   2.7   2.7   1.4
2  1963   74   6.7  22.6  29.8   2.9   0.7   1.4
2  1963   75   1.5  23.0  28.2   2.8   2.7  36.3
2  1963   76   2.5  23.2  29.3   3.1   2.7   9.4
2  1963   77   2.3  23.8  29.1   3.1   2.3   6.1
2  1963   78   9.0  23.6  29.3   2.8   5.0  29.3
2  1963   79   7.6  25.4  29.4   2.5   4.7   0.9
2  1963   80   3.5  22.2  29.3   2.7   2.7   8.8
2  1963   81   9.3  22.2  29.4   2.7   3.0   0.7
2  1963   82   7.9  22.6  29.7   2.6   3.0   1.2
2  1963   83   8.5  22.9  30.4   2.7   4.0   0.0
2  1963   84   3.3  23.6  29.3   2.8   2.3  10.3
2  1963   85   7.7  24.4  30.2   2.8   4.3   0.0
2  1963   86   0.0  22.9  27.6   3.0   4.3  37.5
2  1963   87   8.4  23.8  29.2   2.9   4.3  14.6
2  1963   88   8.4  24.0  29.3   2.8   3.7   1.8
2  1963   89   3.1  23.8  28.9   2.9   4.0   7.6
2  1963   90   6.5  23.3  29.0   3.0   2.3   5.7
2  1963   91   5.7  23.6  29.3   3.0   4.0   2.4
2  1963   92   5.9  24.0  29.3   2.7   4.3   1.4
2  1963   93   7.1  24.0  30.0   2.7   4.0   0.8
2  1963   94   5.3  23.3  29.1   2.9   3.0   7.9
2  1963   95   8.7  22.6  29.2   2.9   3.7   0.4
2  1963   96   8.5  22.6  29.6   2.8   4.0   0.4
2  1963   97   0.3  23.8  27.4   2.8   1.3  10.7
2  1963   98   4.0  23.3  28.0   3.1   1.7   7.6
2  1963   99   8.7  23.4  29.3   2.9   1.7   2.2
2  1963  100   7.5  23.0  29.9   2.9   3.0   2.0
2  1963  101   8.5  22.6  30.0   2.8   3.0   0.0
2  1963  102   8.4  23.2  29.1   2.8   3.3   4.9
2  1963  103   9.5  22.6  30.1   2.9   2.7   0.0
2  1963  104   8.8  23.3  29.3   3.0   4.0   2.4
2  1963  105   6.2  22.8  28.8   2.9   2.0   4.1
2  1963  106   5.7  22.8  29.1   3.0   1.3   1.8
2  1963  107   9.1  23.5  30.3   2.6   2.3   0.0
2  1963  108   7.7  22.4  30.3   2.6   2.7   0.0
2  1963  109   6.2  22.5  29.2   2.8   3.0   0.0
2  1963  110   7.1  22.6  29.4   2.9   2.3   0.6
2  1963  111   7.3  23.8  29.5   2.7   5.3   4.1
2  1963  112   9.2  24.9  29.6   2.2   3.7   1.4
2  1963  113   0.0  22.9  27.6   2.8   6.3   7.6
2  1963  114   1.7  23.9  29.0   2.7   5.0   7.2
2  1963  115   4.6  22.9  29.0   2.9   2.7  11.2
2  1963  116   8.6  22.8  29.1   2.8   3.0   1.6
2  1963  117   6.7  22.7  28.8   2.9   1.7   7.0
2  1963  118   8.1  22.7  28.8   2.9   2.3   4.5
2  1963  119   0.3  23.2  27.2   3.1   2.0  63.9
2  1963  120   4.6  21.3  28.1   2.7   3.3   9.4
2  1963  121   6.4  22.4  28.9   2.9   4.0   5.1
2  1963  122   6.8  22.3  28.9   2.9   2.3   0.4
2  1963  123   8.1  22.9  28.8   2.9   3.0   2.0
2  1963  124   8.2  22.7  28.9   3.0   3.0   1.3
2  1963  125   5.2  23.6  28.7   3.0   4.3   6.5
2  1963  126   8.8  24.8  28.8   2.6   4.7   6.5
2  1963  127   5.3  22.8  28.1   2.9   2.3   3.7
2  1963  128   8.6  23.4  28.9   2.8   5.3   1.8
2  1963  129   7.6  22.6  28.6   2.9   3.3   2.2
2  1963  130   8.6  23.8  29.1   2.5   7.0   2.0
2  1963  131   8.7  23.5  29.1   2.5   6.3   3.2
2  1963  132   9.2  21.8  28.8   2.4   6.0   0.0
2  1963  133   9.1  22.5  29.1   2.4   6.0   1.4
2  1963  134   9.2  23.2  28.7   2.4   6.3   3.6
2  1963  135   9.6  25.0  29.0   2.4   6.7   0.0
2  1963  136   9.0  22.2  28.7   2.4   5.0   1.2
2  1963  137   7.5  21.2  28.1   2.6   5.3   0.5
2  1963  138   6.6  22.2  28.0   2.8   4.3   1.3
2  1963  139   9.0  21.1  27.6   2.6   4.3   3.3
2  1963  140   8.1  21.4  27.7   2.8   3.7   1.6
2  1963  141   8.0  22.4  28.4   2.5   2.3   1.4
2  1963  142   7.8  22.5  27.7   2.6   7.0   7.4
2  1963  143   3.2  23.6  26.2   2.6   7.0   8.2
2  1963  144   0.8  21.9  26.5   2.3   8.3  19.6
2  1963  145   3.0  21.6  26.5   2.5   7.7  27.7
2  1963  146   0.0  22.4  25.9   2.5   8.0  14.2
2  1963  147   3.6  22.6  26.6   2.4   6.7  23.5
2  1963  148   9.3  21.5  27.8   2.2   6.0   0.0
2  1963  149   9.8  21.3  27.2   2.3   4.7   0.0
2  1963  150   7.1  23.4  26.4   2.2   5.3   0.3
2  1963  151   8.7  21.1  27.6   2.6   5.7   1.3
2  1963  152   1.6  22.5  25.9   2.6   8.3   7.6
2  1963  153   6.7  22.6  27.5   2.5   8.3  21.0
2  1963  154   8.1  21.0  27.3   2.6   6.3   4.5
2  1963  155   0.0  21.0  24.8   2.6   8.7  66.0
2  1963  156   5.0  21.6  26.8   2.6   7.3  13.8
2  1963  157   9.7  22.5  26.7   2.3   4.3   1.1
2  1963  158   0.0  21.6  25.2   2.6   5.7   5.1
2  1963  159   6.0  21.8  27.5   2.4   4.0  11.4
2  1963  160   6.0  21.4  26.9   2.5   6.0   7.1
2  1963  161   8.5  21.4  27.2   2.6   2.7   2.0
2  1963  162  10.0  21.8  25.6   2.7   3.7   5.2
2  1963  163   7.8  22.8  27.3   2.4   3.0   8.6
2  1963  164   9.8  19.5  27.3   2.4   1.7   0.0
2  1963  165   8.7  20.1  26.9   2.1   6.3   0.0
2  1963  166   5.8  21.5  26.5   2.5   4.7   1.0
2  1963  167   9.5  21.3  27.4   2.3   4.0   1.7
2  1963  168   8.5  22.0  27.3   2.5   4.3   0.6
2  1963  169   3.1  21.1  26.6   2.3   4.3   0.0
2  1963  170   6.5  21.0  26.2   2.7   5.3   3.1
2  1963  171   2.5  21.5  26.3   2.4   5.7   3.0
2  1963  172   7.4  20.3  26.9   2.5   2.7   3.1
2  1963  173   9.7  20.3  27.5   2.6   2.7   0.0
2  1963  174   7.7  22.9  27.4   2.5   7.7   2.2
2  1963  175   1.7  20.2  26.3   2.3   8.3  34.0
2  1963  176   0.2  20.5  25.4   2.6   7.3  11.8
2  1963  177   0.9  21.4  26.1   2.5   6.0  64.1
2  1963  178   6.5  20.8  25.6   2.5   4.7   2.9
2  1963  179   8.9  22.0  26.7   2.4   5.3   2.4
2  1963  180   8.4  21.1  26.9   2.3   8.3  10.9
2  1963  181   5.9  21.6  26.6   2.3   8.0   3.9
2  1963  182   9.1  20.6  26.6   2.3   7.3   5.5
2  1963  183   2.8  21.5  25.9   2.7   6.0   7.4
2  1963  184   5.8  22.2  26.4   2.4   5.0   4.7
2  1963  185   2.9  21.5  26.0   2.5   6.3   6.7
2  1963  186   6.5  22.4  26.3   2.1   6.0   1.4
2  1963  187   8.4  22.8  26.1   2.0   6.7   0.6
2  1963  188   6.8  20.0  26.1   2.5   3.7   0.9
2  1963  189   4.5  20.6  25.8   2.2   8.0   2.1
2  1963  190   7.0  21.6  25.6   2.3   7.7   7.1
2  1963  191   8.4  19.8  26.4   1.9   5.7   0.0
2  1963  192   3.7  19.0  26.4   2.3   3.7   0.8
2  1963  193   6.2  20.2  26.6   2.4   2.0   1.8
2  1963  194   8.4  21.0  27.3   2.1   4.7   0.6
2  1963  195   1.8  22.3  26.5   2.0   7.7   0.0
2  1963  196   7.9  20.4  25.8   2.5   2.0   5.6
2  1963  197   9.8  18.2  26.4   2.3   2.7   0.8
2  1963  198   9.5  19.4  27.0   2.4   4.0   0.0
2  1963  199   0.1  19.8  26.9   2.4   2.7   1.2
2  1963  200   9.6  19.0  26.5   2.2   3.0   0.0
2  1963  201   3.2  22.6  26.9   2.3   7.0   0.6
2  1963  202   6.5  22.2  26.3   2.3   6.0  21.2
2  1963  203   5.0  19.5  26.3   2.5   3.3   8.8
2  1963  204   9.1  20.4  27.1   2.1   5.0   3.1
2  1963  205   0.6  22.3  26.5   2.2   8.0   1.1
2  1963  206   5.7  20.9  26.6   2.2   8.3   5.2
2  1963  207   0.8  21.8  25.3   2.4   6.7  32.7
2  1963  208   5.5  21.0  25.9   2.2   7.0   9.5
2  1963  209   7.6  20.8  26.6   2.2   5.3   5.4
2  1963  210   8.9  22.5  26.9   2.0   6.0   1.4
2  1963  211   6.1  22.8  26.3   2.4   5.7   0.0
2  1963  212   8.3  20.5  26.1   2.2   7.3   4.0
2  1963  213   7.3  19.8  26.6   2.1   5.0   4.0
2  1963  214   3.9  21.1  25.5   2.5   5.0   9.3
2  1963  215   0.7  21.3  26.4   2.2   8.0   4.0
2  1963  216   4.9  20.1  25.3   2.0   5.7   5.7
2  1963  217   9.3  19.1  26.6   2.5   2.3   2.4
2  1963  218   7.8  18.8  26.1   2.3   4.0   1.0
2  1963  219   0.0  21.2  25.5   2.7   7.7   4.0
2  1963  220   9.0  21.9  26.5   2.0   7.3   2.7
2  1963  221   5.7  20.5  26.7   1.9   4.7   0.0
2  1963  222   7.0  23.0  26.3   2.1   5.0   0.0
2  1963  223   1.7  22.4  26.4   2.1   6.3   0.9
2  1963  224   2.6  21.0  26.6   2.4   3.3   3.7
2  1963  225   4.7  21.3  26.2   2.6   4.3   3.2
2  1963  226   6.3  21.7  26.6   2.4   5.0   1.1
2  1963  227   7.9  20.9  27.2   2.4   3.3   2.6
2  1963  228   8.8  20.1  26.8   2.5   3.7   1.3
2  1963  229   6.9  20.7  26.4   2.1   5.7   4.0
2  1963  230   6.9  19.7  26.0   2.5   7.3  23.8
2  1963  231   2.1  21.6  26.1   2.6   8.3   3.1
2  1963  232   7.3  21.5  26.6   2.2   6.0   3.5
2  1963  233   7.4  20.4  26.5   2.2   4.3   1.0
2  1963  234   8.5  21.6  26.9   2.1   6.0   1.4
2  1963  235   8.2  20.1  26.0   2.2   5.7   1.0
2  1963  236   9.4  18.0  27.0   2.4   2.3   0.0
2  1963  237   7.9  19.8  26.8   2.5   3.0   0.0
2  1963  238   6.7  20.5  27.0   2.4   2.3   0.0
2  1963  239   7.6  22.0  27.3   2.4   4.7   2.0
2  1963  240   9.3  23.0  27.0   2.2   7.7   0.0
2  1963  241   6.3  22.0  26.8   2.1   3.3   0.8
2  1963  242   9.3  18.5  26.9   2.3   4.0   0.0
2  1963  243   8.2  20.4  27.2   2.4   3.3   0.3
2  1963  244   8.2  23.2  27.9   2.4   3.7   0.0
2  1963  245   7.5  23.8  27.9   2.6   5.3   0.0
2  1963  246   7.5  23.4  27.7   2.5   5.0   0.0
2  1963  247   6.3  21.2  27.8   2.2   5.3   1.8
2  1963  248   7.1  21.9  27.1   2.3   6.3   1.1
2  1963  249   4.5  22.3  27.0   2.3   5.7   5.5
2  1963  250   6.9  20.2  26.7   2.3   5.0   4.4
2  1963  251   6.6  20.9  26.8   2.4   6.3   7.9
2  1963  252   5.6  21.0  26.3   2.4   4.7   9.0
2  1963  253   4.3  22.3  26.6   2.4   4.7   1.0
2  1963  254   8.4  23.4  27.1   2.5   4.3   0.9
2  1963  255   4.2  23.3  27.0   2.3   3.3   1.8
2  1963  256   8.0  20.8  28.0   2.5   4.3   0.0
2  1963  257   8.2  21.9  27.9   2.5   4.0   0.0
2  1963  258   6.4  22.6  27.3   2.4   5.3   0.0
2  1963  259   7.9  23.3  27.6   2.3   3.0   0.6
2  1963  260   7.5  21.0  28.1   2.7   2.3   1.4
2  1963  261   5.3  23.0  27.6   2.8   5.0   4.7
2  1963  262   2.8  22.5  27.3   2.7   3.0   4.4
2  1963  263   7.8  23.3  27.3   2.2   5.0   0.0
2  1963  264   8.5  21.6  27.6   2.0   4.3   0.0
2  1963  265   8.0  20.6  28.3   2.1   3.0   0.8
2  1963  266   8.8  22.2  28.6   2.2   3.3   0.0
2  1963  267   4.4  20.2  27.9   2.7   5.3   3.0
2  1963  268   3.2  22.3  26.7   2.5   5.3   3.9
2  1963  269   0.9  21.4  27.1   2.5   5.7   4.6
2  1963  270   7.4  20.5  27.4   2.4   4.3   2.1
2  1963  271   5.9  19.6  27.5   2.5   3.0   2.8
2  1963  272   8.2  20.8  27.0   2.7   4.7  13.4
2  1963  273   9.0  20.8  28.7   2.7   5.0   0.5
2  1963  274   8.9  24.0  29.3   2.6   6.7   0.1
2  1963  275   9.4  23.8  29.0   2.5   5.3   0.0
2  1963  276   4.8  24.0  27.9   2.6   4.7   0.9
2  1963  277   8.3  22.4  27.5   2.2   6.0   1.4
2  1963  278   4.9  20.4  27.8   2.5   4.3   1.2
2  1963  279   8.3  22.1  28.8   2.4   5.0   1.2
2  1963  280   9.0  21.6  28.5   2.4   4.3   0.0
2  1963  281   4.7  23.9  27.5   2.2   5.0   1.2
2  1963  282   9.5  23.0  28.8   2.2   5.7   1.6
2  1963  283   9.4  24.1  28.2   2.2   5.3   0.8
2  1963  284   8.4  21.8  28.6   2.4   4.7   2.0
2  1963  285   8.9  20.8  27.5   2.8   4.0  17.2
2  1963  286  10.0  20.4  28.4   2.3   4.7   1.4
2  1963  287  10.1  21.4  29.0   2.5   4.7   0.0
2  1963  288   9.8  22.5  29.0   2.7   6.0   0.0
2  1963  289   9.3  23.3  29.4   2.9   7.0   1.0
2  1963  290   9.5  24.2  28.9   2.6   6.0   0.0
2  1963  291   9.2  23.4  29.0   2.5   4.7   0.0
2  1963  292   9.8  24.2  29.1   2.6   5.3   0.0
2  1963  293   9.4  22.0  29.7   2.5   5.7   0.0
2  1963  294   5.6  23.3  28.3   2.4   6.0   0.5
2  1963  295   8.3  24.2  28.7   2.5   5.3   0.0
2  1963  296   8.9  24.4  29.1   2.5   6.3   0.4
2  1963  297   9.8  24.5  29.7   2.5   5.0   0.4
2  1963  298   9.1  24.3  28.8   2.3   5.0   0.0
2  1963  299  10.1  23.5  29.4   2.3   5.3   1.5
2  1963  300   9.1  20.4  29.2   2.4   5.0   0.6
2  1963  301   7.8  22.9  29.6   3.0   4.3   2.2
2  1963  302   8.8  22.8  30.0   2.7   5.3   0.5
2  1963  303   9.6  22.8  30.3   2.8   7.0   0.0
2  1963  304   7.5  22.9  30.1   2.8   4.3   0.0
2  1963  305   9.0  23.8  30.0   2.7   5.0   0.7
2  1963  306   4.0  23.2  28.7   2.8   4.3   0.5
2  1963  307   8.5  21.9  29.6   2.6   4.7   0.0
2  1963  308   9.5  24.5  29.6   2.6   5.7   0.0
2  1963  309   9.6  23.2  29.4   2.7   4.3   1.0
2  1963  310   8.4  24.3  30.3   2.8   5.7   0.7
2  1963  311  10.3  22.9  30.4   2.8   4.7   0.0
2  1963  312  10.2  22.2  29.8   2.6   4.3   0.0
2  1963  313  10.3  22.2  30.3   2.6   5.3   0.0
2  1963  314  10.3  22.4  32.0   2.3   5.0   0.0
2  1963  315  10.0  23.9  32.6   2.5   5.3   0.0
2  1963  316   9.2  23.7  33.6   2.5   8.0   0.0
2  1963  317   4.9  24.8  30.6   2.6   4.7   0.0
2  1963  318  10.5  23.6  31.1   2.6   6.3   0.0
2  1963  319   9.2  22.6  30.5   2.6   6.0   0.0
2  1963  320  10.3  21.6  30.7   2.4   6.3   0.0
2  1963  321  10.8  21.0  30.6   2.6   5.3   0.0
2  1963  322   8.6  22.1  30.5   2.5   3.0   0.0
2  1963  323  10.0  22.2  30.3   2.7   3.3   0.0
2  1963  324   3.8  22.5  28.4   2.9   2.7   7.2
2  1963  325  10.8  24.0  29.3   2.7   4.7   1.4
2  1963  326   8.9  22.0  30.0   2.5   5.0   0.0
2  1963  327  10.6  22.9  28.9   2.6   6.3   2.3
2  1963  328   8.7  22.8  29.7   2.7   5.7   3.2
2  1963  329  10.6  22.9  30.0   2.5   5.7   1.7
2  1963  330  10.6  22.8  30.1   2.5   4.0   3.2
2  1963  331  10.5  22.7  29.1   2.8   5.0   0.5
2  1963  332  10.1  22.6  29.7   2.8   4.0   1.3
2  1963  333  10.4  23.1  30.2   2.6   3.0   0.0
2  1963  334  10.7  23.2  30.1   2.5   3.7   1.2
2  1963  335  10.9  24.8  29.9   2.5   4.3   1.5
2  1963  336   6.8  23.1  29.3   2.5   4.3   2.9
2  1963  337  10.7  22.0  29.9   2.2   3.7   0.0
2  1963  338   7.5  21.6  28.9   2.9   1.7   2.6
2  1963  339   8.1  22.3  30.1   2.8   3.3   1.6
2  1963  340  10.5  23.0  30.4   2.5   4.0   0.0
2  1963  341  10.9  25.0  30.7   2.7   5.0   0.0
2  1963  342   8.6  23.4  30.1   2.8   3.7   1.5
2  1963  343  11.0  21.4  30.0   2.5   3.3   0.0
2  1963  344  10.6  22.6  30.3   2.6   5.0   0.0
2  1963  345  10.3  22.6  31.0   2.6   3.3   0.0
2  1963  346  10.9  22.9  31.4   2.5   8.3   0.0
2  1963  347  10.2  23.7  32.6   2.5   8.3   0.0
2  1963  348  10.5  23.2  31.4   2.5   7.0   0.0
2  1963  349   6.0  24.0  30.6   2.8   5.0   0.0
2  1963  350   8.1  23.4  30.9   2.4   4.3   0.0
2  1963  351   6.7  23.6  31.4   2.8   4.0   0.0
2  1963  352   0.0  22.4  28.5   3.1   1.3  19.0
2  1963  353   2.0  23.2  30.0   3.2   2.0   9.1
2  1963  354   5.4  24.2  31.2   3.0   2.0   4.0
2  1963  355   6.8  23.9  31.1   3.0   3.0   0.6
2  1963  356   5.9  24.0  31.5   2.8   3.0   0.9
2  1963  357   2.8  22.5  28.6   2.9   2.0   6.5
2  1963  358   0.0  20.2  26.9   2.5   5.7  25.8
2  1963  359   3.0  21.9  27.9   2.7   6.0  11.1
2  1963  360   6.5  22.4  29.4   2.7   3.3   4.9
2  1963  361   4.9  21.9  28.3   2.7   2.0  12.1
2  1963  362   7.1  22.2  28.9   2.9   3.7  22.1
2  1963  363   6.7  22.8  30.0   3.0   4.0   1.6
2  1963  364   8.0  22.8  30.7   2.8   3.0   0.5
2  1963  365   2.1  22.8  28.3   2.9   1.7  21.8

