*-----------------------------------------------------*
* Station name: Vicosa-MG, Brazil
* Year: 1973
* Author: Luis Claudio Costa
* Source: UFV / DEA              -999.000:NIL VALUE
* Longitude: 42 51 W, latitude: 20 45 S, altitude: 642.88 m.
*
* Column     Daily value
* 1          station number
* 2          year
* 3          day
* 4          sunshine                      (hour d-1)
* 5          minimum temperature           (oC)        
* 6          maximum temperature           (oC)        
* 7          early morning vapour pressure (kPa)
* 8          mean wind speed (height: 2m ) (m s-1)
* 9          precipitation                 (mm d-1)
*-----------------------------------------------------*
-42.88  -20.75  642.88 0.25 0.54
3  1973    1   2.6  19.2  27.8   2.4   1.0  33.8
3  1973    2   9.1  18.2  29.3   2.4   2.7   5.0
3  1973    3   9.7  18.2  31.2   2.2   3.0   0.0
3  1973    4   8.6  19.0  30.8   2.6   1.0   0.2
3  1973    5   8.8  18.5  32.3   2.7   1.0   0.0
3  1973    6   8.7  19.2  32.3   2.4   4.3   0.0
3  1973    7   7.6  19.0  32.4   2.5   3.0   0.0
3  1973    8   8.4  18.8  33.8   2.5   1.3   0.0
3  1973    9   8.2  18.9  31.7   2.4   2.0   2.0
3  1973   10   8.2  18.8  31.2   2.4   3.7   0.0
3  1973   11  11.4  18.8  31.0   2.3   2.3   0.0
3  1973   12   9.6  18.5  32.1   2.4   2.0   0.0
3  1973   13  11.6  19.0  31.8   2.3   2.3   0.0
3  1973   14  10.2  18.5  33.1   2.4   3.7   0.0
3  1973   15   8.2  19.6  33.6   2.5   0.7   0.2
3  1973   16   1.1  20.0  28.0   2.4   1.3   4.7
3  1973   17   3.4  19.4  28.6   2.3   1.3  10.6
3  1973   18   1.4  20.0  27.1   2.4   3.0  39.6
3  1973   19   8.9  18.5  28.9   2.3   2.3  23.4
3  1973   20  11.4  17.6  30.6   2.2   3.7   0.0
3  1973   21   6.7  18.2  30.2   2.3   3.7   0.0
3  1973   22   7.5  18.5  28.5   2.4   2.3   1.8
3  1973   23  10.4  17.4  31.2   2.3   3.0   0.0
3  1973   24  10.5  16.7  30.7   2.4   3.0   0.0
3  1973   25  11.3  16.7  31.9   2.2   3.7   0.0
3  1973   26   5.9  18.7  30.9   2.3   3.7  12.0
3  1973   27   4.8  18.6  28.0   2.2   3.0  17.1
3  1973   28   9.9  18.3  30.5   2.4   2.3   0.0
3  1973   29   7.5  18.6  30.0   2.4   2.3   0.0
3  1973   30   4.2  19.6  28.0   2.2   2.3   0.0
3  1973   31   0.2  19.0  24.3   2.1   2.0   1.2
3  1973   32   6.6  18.6  28.7   2.4   3.0   0.0
3  1973   33   5.5  19.3  28.4   2.4   3.0  17.4
3  1973   34   7.1  20.7  29.2   2.5   2.0   3.4
3  1973   35   8.1  20.2  29.2   2.4   2.3   1.6
3  1973   36   6.5  20.0  30.5   2.3   2.0  24.6
3  1973   37   2.5  18.4  30.0   2.6   2.0   2.6
3  1973   38   9.9  20.0  29.5   2.3   2.3  30.2
3  1973   39   7.4  19.2  28.0   2.3   2.0   0.0
3  1973   40   9.3  20.6  30.3   2.4   3.0   0.0
3  1973   41  10.8  19.6  34.0   2.5   0.7   0.0
3  1973   42  11.0  18.8  34.2   2.6   0.7   0.2
3  1973   43   6.2  18.8  32.4   2.7   2.3   0.0
3  1973   44   5.7  19.2  28.6   2.6   1.3   9.2
3  1973   45   5.4  18.0  27.8   2.3   1.7   0.0
3  1973   46   9.3  17.7  30.8   2.5   2.3   0.0
3  1973   47   8.0  18.6  29.7   2.5   3.0   0.0
3  1973   48  10.4  19.6  32.3   2.3   3.7   0.0
3  1973   49  11.3  18.8  32.4   2.4   1.3   0.1
3  1973   50   1.8  18.6  30.8   2.4   1.7   0.0
3  1973   51   7.5  17.8  32.0   2.3   1.7   0.0
3  1973   52  10.8  18.7  31.1   2.5   2.0   4.0
3  1973   53   9.4  18.1  31.1   2.4   2.7   0.0
3  1973   54   8.9  19.0  32.0   2.3   1.3   0.0
3  1973   55   7.8  19.3  31.6   2.4   2.0   0.0
3  1973   56   8.1  18.4  32.0   2.4   2.3   0.0
3  1973   57   8.9  18.0  31.3   2.3   2.0   6.1
3  1973   58   8.4  17.0  30.8   2.1   2.0   1.0
3  1973   59   6.6  17.3  32.4   2.4   1.7   1.0
3  1973   60  10.9  17.4  32.8   2.4   1.7   0.5
3  1973   61  11.0  17.3  31.8   2.3   2.7   0.0
3  1973   62   9.6  16.4  32.0   2.4   3.0   0.0
3  1973   63   7.6  17.8  33.5   2.4   1.7   0.0
3  1973   64   2.5  19.8  27.1   2.4   2.3   3.5
3  1973   65   6.1  18.6  29.2   2.0   2.0   9.4
3  1973   66   4.9  18.5  27.8   2.1   1.7   0.0
3  1973   67   3.0  17.8  27.4   2.5   3.0   2.8
3  1973   68   6.3  19.5  29.8   2.4   3.7  37.3
3  1973   69   2.5  19.0  26.6   2.2   1.7  25.4
3  1973   70   0.0  18.0  21.6   2.1   2.0  28.8
3  1973   71   0.0  18.3  20.8   2.1   0.3   9.2
3  1973   72   3.5  18.5  26.3   2.2   2.0   9.7
3  1973   73   8.7  17.2  28.1   1.9   1.0   0.0
3  1973   74   8.0  17.4  28.7   2.0   1.3   0.0
3  1973   75   8.7  17.4  30.2   2.4   1.3   0.0
3  1973   76   8.8  17.8  29.4   2.4   1.3   0.2
3  1973   77   7.3  18.8  29.4   2.3   2.7   0.0
3  1973   78   5.8  19.4  27.5   2.3   2.7   3.6
3  1973   79   4.9  19.6  27.7   2.2   2.7   3.4
3  1973   80   4.5  18.2  27.2   2.2   3.0  36.4
3  1973   81   4.4  18.4  29.3   2.3   1.3  20.6
3  1973   82   1.9  19.6  24.8   2.4   2.0  15.6
3  1973   83   7.3  19.2  26.8   2.1   2.0   2.0
3  1973   84   0.0  19.4  24.2   2.4   1.3  11.1
3  1973   85   0.2  19.2  24.4   2.2   2.0   0.0
3  1973   86   8.7  16.8  29.8   2.2   0.7   0.0
3  1973   87   4.4  18.8  28.8   2.4   0.3   4.0
3  1973   88   0.3  18.9  24.2   2.2   1.3  53.6
3  1973   89   3.0  18.4  26.3   2.2   1.3   1.0
3  1973   90   1.3  19.2  25.7   2.3   1.7   3.6
3  1973   91   4.3  19.7  28.1   2.4   2.0  14.9
3  1973   92   8.7  18.6  29.1   2.4   2.7   0.0
3  1973   93   9.5  15.6  29.5   2.3   2.3   0.0
3  1973   94   9.4  16.4  29.6   2.4   2.0   0.1
3  1973   95   8.5  17.6  31.3   2.5   1.3   0.0
3  1973   96  10.4  18.6  30.8   2.3   0.3   0.0
3  1973   97   9.8  16.5  29.8   2.3   2.7   0.0
3  1973   98  10.3  15.6  29.8   2.4   1.3   0.0
3  1973   99   8.0  17.2  29.2   2.4   0.7   0.0
3  1973  100   5.0  18.4  27.4   2.2   0.7   0.0
3  1973  101   8.9  16.3  27.9   2.0   2.0   0.0
3  1973  102   6.6  15.6  28.1   2.2   1.0   0.0
3  1973  103   2.0  16.3  25.0   2.1   0.7   0.9
3  1973  104   5.9  16.1  29.2   2.3   1.3   0.0
3  1973  105   6.9  17.6  29.2   2.2   1.0   0.0
3  1973  106   7.5  16.4  29.0   2.3   0.7   0.0
3  1973  107   9.7  16.6  31.0   2.2   1.7   0.0
3  1973  108   6.2  19.3  29.9   2.4   1.7   0.0
3  1973  109   9.8  17.3  29.7   2.4   2.0   0.0
3  1973  110   1.3  19.5  28.7   2.5   1.0   0.6
3  1973  111   3.0  19.3  28.6   2.4   2.0   4.7
3  1973  112   8.7  18.4  27.3   2.1   3.0  21.1
3  1973  113   7.6  17.9  28.0   2.1   2.0   0.0
3  1973  114   6.6  16.8  28.8   2.2   1.0   0.0
3  1973  115   9.7  16.3  29.8   2.2   0.7   0.1
3  1973  116   9.4  16.0  29.2   2.1   1.7   0.0
3  1973  117   8.6  16.6  29.9   2.3   1.3   0.0
3  1973  118   9.0  17.1  29.4   2.3   1.7   2.8
3  1973  119   9.1  14.4  29.3   2.2   1.3   0.1
3  1973  120   6.7  14.0  28.3   2.0   1.0   0.1
3  1973  121   8.9  13.1  26.5   1.8   1.0   0.1
3  1973  122   9.4  14.4  26.6   2.1   2.7   0.2
3  1973  123   9.3  14.2  28.3   2.0   1.3   0.0
3  1973  124   6.5  15.2  27.4   2.2   0.3   0.3
3  1973  125   5.0  16.6  27.4   2.2   1.0   0.0
3  1973  126   3.8  15.0  26.2   2.1   2.0   0.0
3  1973  127   8.0  15.0  25.8   1.9   1.0  13.6
3  1973  128   9.8  13.8  25.4   1.8   3.7   0.0
3  1973  129  10.2  16.3  26.0   1.7   1.3   0.0
3  1973  130   2.3  13.5  24.1   1.8   2.0   0.0
3  1973  131   6.0  14.5  25.0   2.1   1.3   0.2
3  1973  132   0.3  15.8  19.8   1.8   1.7   3.6
3  1973  133   9.9   9.6  20.8   1.3   2.0   0.0
3  1973  134  10.3   6.6  21.6   1.2   1.7   0.2
3  1973  135  10.5   5.7  21.1   1.3   2.3   0.2
3  1973  136   8.3   7.0  23.4   1.4   2.3   0.3
3  1973  137  10.2   6.8  23.8   1.3   1.0   0.0
3  1973  138  10.4   7.5  24.4   1.4   1.0   0.2
3  1973  139  10.2   6.4  24.6   1.3   1.0   0.2
3  1973  140  10.0   6.8  26.4   1.5   1.0   0.2
3  1973  141   9.5  11.2  28.3   2.0   1.7   0.0
3  1973  142   4.0  14.3  25.8   2.2   1.7   7.3
3  1973  143   0.5  15.4  20.8   1.8   1.0   0.0
3  1973  144   8.0  15.0  24.9   1.8   1.3   0.0
3  1973  145   1.1  16.0  24.1   2.0   3.0   0.0
3  1973  146   9.5  13.6  27.2   1.9   1.0   0.0
3  1973  147   9.1  12.1  29.2   1.8   1.0   0.3
3  1973  148   9.0  11.9  28.4   1.8   1.7   0.3
3  1973  149   8.4  12.7  25.6   1.8   2.7   0.2
3  1973  150   3.2  12.4  25.4   1.9   0.3   0.2
3  1973  151   7.8  11.3  25.5   1.7   0.7   0.3
3  1973  152   7.1  10.4  25.5   1.6   0.7   0.1
3  1973  153   7.1  10.1  25.1   1.6   1.3   0.0
3  1973  154   9.9   9.8  26.7   1.6   0.7   0.0
3  1973  155   7.2  11.4  24.6   1.7   1.0   0.1
3  1973  156   4.0  11.3  23.2   1.8   1.3   0.0
3  1973  157   5.8  16.4  23.7   1.9   1.3   0.0
3  1973  158   7.6  15.0  25.4   1.6   1.0   0.2
3  1973  159   8.0  15.5  25.4   1.9   1.0   0.0
3  1973  160   6.2  13.6  25.2   1.8   1.0   0.0
3  1973  161   3.0  11.8  23.5   1.9   1.3   0.1
3  1973  162   9.6   9.1  25.3   1.5   0.3   0.1
3  1973  163   8.6   9.3  26.0   1.5   0.3   0.1
3  1973  164   8.2   9.2  25.4   1.5   0.7   0.1
3  1973  165   8.4  10.0  26.4   1.6   0.7   0.0
3  1973  166   8.2  12.0  27.2   1.9   0.3   0.0
3  1973  167   7.4  12.9  25.6   1.9   0.3   0.1
3  1973  168   7.6  10.0  24.4   1.6   0.3   0.1
3  1973  169   6.7  10.8  25.1   1.7   0.0   0.2
3  1973  170   3.1  13.0  24.9   1.5   2.3   0.0
3  1973  171   8.5   4.3  23.2   1.0   0.3   0.0
3  1973  172   6.4   5.0  24.1   1.3   0.7   0.0
3  1973  173   5.8  10.2  25.9   1.6   0.3   0.0
3  1973  174   5.7  10.0  24.4   1.6   1.3   0.0
3  1973  175   7.2  11.9  26.5   2.0   1.3   0.0
3  1973  176   9.8  11.8  27.6   1.8   1.0   0.1
3  1973  177   8.1  12.7  29.5   1.9   2.0   0.0
3  1973  178   2.0  15.8  23.2   2.0   2.0   2.5
3  1973  179   0.2  15.2  21.4   2.1   0.3  16.9
3  1973  180   0.7  13.0  20.6   1.7   0.7   1.0
3  1973  181   6.4  14.5  24.9   2.0   0.3   0.0
3  1973  182   8.7  12.5  25.1   1.8   2.0   0.0
3  1973  183   7.6  12.4  26.1   2.0   0.3   0.0
3  1973  184   9.1  11.8  25.8   1.9   0.3   0.0
3  1973  185   4.9  16.5  24.5   2.0   0.3  24.2
3  1973  186   5.3  15.8  25.4   2.0   0.3   0.0
3  1973  187   5.9  12.0  25.3   1.8   1.3   0.0
3  1973  188   8.0  13.4  25.8   2.0   1.3   0.0
3  1973  189   9.9  10.0  24.8   1.7   1.0   0.1
3  1973  190   9.9   9.2  25.2   1.5   1.7   0.0
3  1973  191   9.3  11.2  26.1   1.8   1.0   0.0
3  1973  192   6.8  10.2  24.2   1.6   1.0   0.0
3  1973  193   8.7  16.4  26.7   1.9   2.0   0.0
3  1973  194  10.1  14.3  25.2   1.8   2.0   0.0
3  1973  195   8.0   9.8  25.1   1.5   1.0   0.2
3  1973  196   7.7   8.7  24.1   1.5   1.3   0.0
3  1973  197   5.9  10.8  23.1   1.8   0.7   0.0
3  1973  198   6.4  11.4  25.1   1.8   1.7   0.0
3  1973  199   9.2   9.4  26.8   1.5   1.7   0.1
3  1973  200   7.3  11.0  25.7   1.7   0.7   0.0
3  1973  201   5.5  11.2  25.8   1.6   1.0   0.1
3  1973  202   3.2  14.5  23.5   1.8   1.3   0.0
3  1973  203   8.2  13.4  26.0   1.7   2.0   0.0
3  1973  204  10.3   5.8  23.3   1.0   3.3   0.0
3  1973  205  10.0   9.4  21.2   1.3   4.3   0.0
3  1973  206   9.7   6.2  21.6   1.3   2.3   0.0
3  1973  207  10.3   3.8  24.1   1.1   0.7   0.1
3  1973  208   9.9   3.4  25.9   1.1   1.7   0.1
3  1973  209   8.5   6.7  25.2   1.3   1.7   0.0
3  1973  210   7.1  11.0  24.5   1.5   2.3   0.0
3  1973  211   4.7  13.5  21.6   1.5   1.0   0.0
3  1973  212   8.1  11.6  25.1   1.5   1.7   0.0
3  1973  213   7.4   9.0  25.0   1.4   0.3   0.2
3  1973  214   8.4   8.1  25.0   1.5   1.7   0.2
3  1973  215   0.6  14.2  22.0   1.6   0.7   0.0
3  1973  216   3.3  12.2  23.3   1.7   4.0   0.0
3  1973  217   4.8  12.1  26.3   1.8   1.3   0.0
3  1973  218   8.8  12.3  26.0   1.6   0.7  14.6
3  1973  219  10.3   7.8  25.2   1.4   1.7   0.2
3  1973  220   7.5   9.7  25.1   1.5   0.7   0.0
3  1973  221   9.6   7.0  27.5   1.3   0.7   0.2
3  1973  222   9.4   8.0  28.6   1.5   0.7   0.0
3  1973  223   9.1   9.1  29.4   1.5   0.7   0.0
3  1973  224   6.3  12.9  24.3   1.6   1.3   0.0
3  1973  225   9.0   7.6  24.5   1.5   3.0   0.0
3  1973  226   9.9   9.3  30.7   1.6   0.3   0.0
3  1973  227   9.2  11.8  27.6   1.7   1.3   0.0
3  1973  228   0.3  15.8  22.4   2.0   2.0   3.1
3  1973  229   2.7  15.4  22.0   1.8   2.0   0.0
3  1973  230   6.3  14.4  26.0   1.7   1.3   0.0
3  1973  231   8.3  10.2  27.7   1.7   2.0   0.1
3  1973  232   9.2  12.3  26.7   1.8   0.7   0.2
3  1973  233  10.4   8.5  28.0   1.6   2.7   0.0
3  1973  234   8.9   9.4  27.7   1.6   1.3   0.0
3  1973  235   7.8  14.5  24.6   1.8   2.0   0.0
3  1973  236   6.4  16.0  27.5   1.8   1.7   0.0
3  1973  237   9.2  15.0  26.8   1.8   3.0   0.0
3  1973  238   7.7   9.6  26.6   1.7   3.7   0.0
3  1973  239   9.7  10.0  27.0   1.6   1.3   0.0
3  1973  240   6.6   9.8  26.2   1.7   3.3   0.0
3  1973  241   7.7  12.3  28.4   1.6   2.3   0.0
3  1973  242   0.0  13.5  19.5   1.3   2.3   0.0
3  1973  243   3.7   9.6  20.8   1.3   2.3   0.0
3  1973  244   0.9  12.0  20.8   1.3   1.0   0.0
3  1973  245   0.0  12.1  16.0   1.3   1.3   1.3
3  1973  246   4.6   9.0  20.7   1.4   1.0   3.0
3  1973  247   7.4   8.0  26.8   1.6   0.7   0.0
3  1973  248   8.3   9.8  28.7   1.7   1.3   0.3
3  1973  249   9.3  11.7  31.1   1.7   1.0   0.0
3  1973  250   2.8  12.7  24.8   1.7   5.0   0.0
3  1973  251   0.6  13.2  19.4   1.5   4.3   0.0
3  1973  252   4.8  11.4  23.5   1.2   1.3   0.0
3  1973  253   9.3   6.0  23.6   1.3   0.3   0.0
3  1973  254   8.2   9.2  25.3   1.5   4.3   0.0
3  1973  255   9.6   9.6  27.4   1.7   4.0   0.0
3  1973  256   7.2  13.0  26.3   1.7   5.3   0.0
3  1973  257   9.3  10.5  29.8   1.7   3.0   0.0
3  1973  258   7.9  13.2  28.9   1.8   1.3   0.0
3  1973  259   9.1  12.3  30.5   1.8   1.3   0.0
3  1973  260   1.0  14.4  29.2   1.8   1.3   0.0
3  1973  261   9.7  10.6  30.2   1.7   2.0   0.0
3  1973  262  10.0  10.7  32.9   1.7   2.7   0.0
3  1973  263   7.6  14.0  27.0   2.0   3.7   0.0
3  1973  264   7.7  12.6  28.4   1.8   3.0   0.0
3  1973  265   0.0  15.6  24.0   1.9   3.0   0.0
3  1973  266   0.0  14.1  17.4   1.5   2.3   5.2
3  1973  267   0.0  13.8  20.4   1.4   1.0   0.0
3  1973  268   0.0  15.1  21.6   1.6   1.7   0.0
3  1973  269   2.8  16.0  23.5   1.9   2.7   0.5
3  1973  270   4.3  16.0  26.1   1.6   3.7   0.0
3  1973  271   0.0  15.7  23.8   1.8   2.0   0.0
3  1973  272   0.0  16.0  19.5   1.7   2.3   0.0
3  1973  273   0.0  14.6  18.1   1.5   1.3   0.0
3  1973  274   0.0  12.8  19.1   1.5   3.7   0.0
3  1973  275   0.1  13.0  19.6   1.4   2.3   0.0
3  1973  276  11.3   9.3  24.4   1.1   3.3   0.0
3  1973  277   8.2   8.4  25.3   1.3   2.3   0.0
3  1973  278   5.8   7.8  26.2   1.4   2.7   0.0
3  1973  279   6.3   9.7  27.8   1.4   4.7   0.0
3  1973  280   2.9  14.2  28.6   1.4   2.7   0.0
3  1973  281   2.2  17.6  28.6   2.2   2.3   0.1
3  1973  282   0.0  17.0  21.3   2.1   1.7   3.6
3  1973  283   0.1  15.6  23.5   1.9   1.0   0.5
3  1973  284   4.6  16.0  31.8   2.1   2.7   0.0
3  1973  285   5.4  19.0  31.0   2.4   1.7   1.4
3  1973  286   2.3  19.0  30.6   2.3   2.0   0.0
3  1973  287   0.5  14.5  21.4   1.5   3.7  41.0
3  1973  288   3.2  12.7  20.4   1.4   2.3   0.0
3  1973  289   0.0  13.5  20.9   1.5   1.7   0.0
3  1973  290   4.0  14.5  25.0   1.5   1.0   0.0
3  1973  291   0.0  14.6  20.0   1.4   2.0   0.5
3  1973  292   0.0  14.5  17.1   1.7   1.0  28.2
3  1973  293   7.1  14.3  28.3   1.7   2.3   0.0
3  1973  294   7.3  13.6  29.9   1.9   2.3   0.0
3  1973  295  11.5  13.7  31.6   2.0   1.7  21.2
3  1973  296  10.6  15.6  32.7   2.1   2.3   0.0
3  1973  297   4.6  19.2  32.0   2.1   3.7   0.0
3  1973  298   1.7  18.0  25.6   2.1   2.7  36.6
3  1973  299   0.0  16.0  19.5   1.9   0.3  13.3
3  1973  300   0.0  17.0  20.4   2.1   2.3   5.4
3  1973  301   6.7  17.5  27.3   2.2   2.0   2.8
3  1973  302   5.6  17.6  26.1   2.1   3.0   8.3
3  1973  303   9.9  15.4  27.6   2.0   3.0   6.6
3  1973  304   0.0  18.0  21.3   2.0   2.3  11.2
3  1973  305   4.7  18.2  27.0   2.1   4.3   0.0
3  1973  306   2.0  18.6  25.4   2.2   2.7   3.3
3  1973  307   2.3  18.1  24.4   1.9   3.7  14.8
3  1973  308   0.6  14.0  23.0   1.5   0.7   0.0
3  1973  309   5.5  16.4  25.4   1.8   1.7   0.0
3  1973  310   6.6  18.0  28.8   2.1   3.0   2.8
3  1973  311  12.1  14.5  28.8   1.6   3.0   0.0
3  1973  312   7.2  15.3  29.1   1.8   1.7   0.0
3  1973  313   4.9  16.5  26.2   1.8   3.0   0.0
3  1973  314   0.4  17.2  24.1   2.1   1.3  30.8
3  1973  315   0.0  16.8  21.5   1.8   1.3   0.0
3  1973  316   0.0  16.8  20.9   2.0   1.3   1.5
3  1973  317   0.3  18.0  25.4   2.2   2.0   2.3
3  1973  318   0.3  19.0  24.4   2.1   3.7  11.0
3  1973  319   0.1  16.5  22.7   1.8   1.7   0.0
3  1973  320   0.4  16.5  24.4   2.0   1.7   0.0
3  1973  321   1.2  16.1  25.7   2.1   1.3   0.6
3  1973  322   1.7  20.1  25.4   2.2   1.3   5.9
3  1973  323   2.0  19.0  24.4   2.3   3.0  24.1
3  1973  324   4.3  15.6  25.0   1.8   3.7   0.3
3  1973  325   7.7  15.4  26.6   1.8   1.7   0.0
3  1973  326   2.8  17.4  25.3   1.7   2.3   0.0
3  1973  327   5.8  14.2  24.5   1.8   4.0   0.0
3  1973  328  10.3  17.5  27.0   2.0   4.3   0.0
3  1973  329   0.1  17.4  25.3   2.2   2.0   8.3
3  1973  330   0.2  15.0  20.3   1.6   1.3   9.8
3  1973  331   6.5  14.3  27.5   1.8   0.7   0.0
3  1973  332   1.2  16.4  25.2   2.0   3.7  20.6
3  1973  333  10.6  12.7  25.7   1.8   2.3   2.6
3  1973  334   9.1  16.8  26.6   1.7   3.0   0.0
3  1973  335   8.7  15.8  27.7   1.8   1.7   0.0
3  1973  336   6.4  16.6  28.1   2.0   3.0   0.0
3  1973  337   5.7  18.0  26.2   2.0   2.7   3.2
3  1973  338   2.6  17.5  25.4   2.1   4.0   7.0
3  1973  339   3.9  19.0  28.0   2.2   3.0   0.2
3  1973  340   4.1  18.1  29.3   2.2   5.7   0.0
3  1973  341   4.9  18.5  31.1   2.3   3.0   2.6
3  1973  342   7.3  19.0  30.2   2.5   2.0   3.0
3  1973  343   3.0  18.5  26.8   2.3   2.3   9.0
3  1973  344   0.2  17.8  23.3   2.1   1.0   4.0
3  1973  345   3.7  17.1  27.4   2.1   1.0   0.5
3  1973  346  11.0  16.3  29.8   2.2   2.3   0.0
3  1973  347   9.6  15.5  29.3   2.1   1.7   0.0
3  1973  348   7.2  14.5  28.2   2.0   2.3   0.0
3  1973  349   5.4  17.2  29.6   2.3   3.7   0.0
3  1973  350   8.8  16.9  30.0   2.1   4.3   0.0
3  1973  351   2.2  18.2  27.4   2.3   1.7  27.2
3  1973  352   5.5  18.3  29.3   2.2   3.7   0.0
3  1973  353   8.4  19.6  29.4   2.2   3.0   0.0
3  1973  354   7.8  17.4  29.7   2.2   4.3   0.0
3  1973  355   1.3  18.7  26.0   2.3   2.3   7.5
3  1973  356   4.4  18.8  28.6   2.3   1.7  10.3
3  1973  357   4.2  19.3  29.0   2.2   1.7   0.0
3  1973  358   1.0  19.1  24.5   2.4   1.3   1.6
3  1973  359   2.2  20.1  27.7   2.3   3.3   0.9
3  1973  360   4.8  18.2  27.4   2.4   2.7  18.0
3  1973  361   5.9  18.3  27.3   2.1   3.0   0.2
3  1973  362   0.4  18.6  24.7   2.1   1.7   0.0
3  1973  363   1.7  19.1  27.8   2.2   1.7   0.0
3  1973  364   1.0  19.0  25.8   2.3   1.7   0.7
3  1973  365   5.4  19.3  30.2   2.5   3.7   2.4
