*-----------------------------------------------------*
* Station name: Fortaleza-CE, Brazil
* Year: 1977
* Author: Luis Claudio Costa
* Source: UFV / DEA              -999.000:NIL VALUE
* Longitude: 38 36 w, latitude: 03 46 s, altitude: 21.13 m.
*
* Column     Daily value
* 1          station number
* 2          year
* 3          day
* 4          sunshine                      (hour d-1)
* 5          minimum temperature           (oC)        
* 6          maximum temperature           (oC)        
* 7          early morning vapour pressure (kPa)
* 8          mean wind speed (height: 2m ) (m s-1)
* 9          precipitation                 (mm d-1)
*-----------------------------------------------------*
-38.54  -3.75  21.13  0.25  0.54
1  1977    1   4.1  25.4  30.0   2.9   4.7   1.9
1  1977    2   5.1  24.5  31.2   2.9   4.0   0.0
1  1977    3   3.8  24.6  30.5   2.8   3.7   0.0
1  1977    4   4.8  25.6  31.0   3.0   3.3   0.0
1  1977    5   4.8  25.4  30.2   3.0   3.7   0.0
1  1977    6   0.0  26.0  29.2   3.0   4.0   0.0
1  1977    7   0.0  24.2  27.9   3.0   5.0   0.0
1  1977    8   7.2  23.8  31.6   2.9   4.0   1.0
1  1977    9   2.3  23.2  28.9   3.1   4.0   0.2
1  1977   10   8.9  23.2  30.3   3.1   3.3  15.0
1  1977   11   8.3  23.8  31.0   2.8   4.7   0.6
1  1977   12   5.7  25.4  30.4   2.8   5.0   0.0
1  1977   13   7.0  24.5  31.6   2.8   4.7   0.0
1  1977   14   4.0  23.4  28.5   3.1   2.3  15.0
1  1977   15   4.4  22.7  29.6   3.0   4.0   4.4
1  1977   16   0.9  23.2  27.9   3.2   4.3   6.0
1  1977   17   7.2  24.5  28.8   3.2   3.0   2.7
1  1977   18   9.9  25.2  30.0   3.2   3.0   1.3
1  1977   19  10.1  24.2  30.6   3.1   4.0   0.0
1  1977   20   6.9  24.8  30.0   3.2   2.3   0.0
1  1977   21   0.0  22.9  27.6   2.8   0.7  57.6
1  1977   22   6.7  22.9  29.2   3.1   0.7   0.0
1  1977   23   4.8  23.6  29.8   3.1   4.3  28.5
1  1977   24   6.5  25.2  29.6   3.1   2.0   0.0
1  1977   25   8.9  24.0  29.8   3.1   2.7   0.0
1  1977   26   0.0  22.0  26.8   3.1   3.7  29.0
1  1977   27   1.3  20.2  28.4   2.8   1.3  44.8
1  1977   28   3.7  23.3  29.4   3.1   0.7   1.6
1  1977   29   2.4  22.2  28.8   3.1   2.3  15.4
1  1977   30   4.2  23.1  29.1   3.1   2.7   0.0
1  1977   31   0.4  21.7  28.2   3.1   2.7  17.0
1  1977   32   1.0  21.8  28.6   2.8   2.5   0.0
1  1977   33  10.8  22.2  30.1   2.9   2.8   0.0
1  1977   34  10.3  23.4  29.2   3.0   2.4   0.0
1  1977   35   8.8  23.6  30.2   3.2   3.5   0.1
1  1977   36   1.2  23.2  28.2   3.0   3.5  34.3
1  1977   37  10.9  23.0  29.8   2.8   3.3   0.0
1  1977   38   1.8  23.4  28.7   3.2   4.0   9.9
1  1977   39   0.5  22.4  28.8   2.9   2.2   7.4
1  1977   40   9.2  23.6  30.0   3.0   2.7   0.0
1  1977   41   4.9  23.9  29.6   3.2   3.2   8.4
1  1977   42   0.2  23.0  28.3   3.0   3.3  12.0
1  1977   43   6.3  23.2  29.6   3.1   3.3   1.4
1  1977   44   9.6  24.0  29.6   3.0   4.1   0.0
1  1977   45   9.6  23.0  30.4   3.1   4.0   0.4
1  1977   46   9.5  23.9  30.2   3.1   3.4   0.0
1  1977   47   9.5  23.2  30.7   3.1   5.6   0.0
1  1977   48   9.8  25.7  30.6   3.3   3.8   0.0
1  1977   49  10.0  25.6  30.1   3.1   4.0   0.3
1  1977   50   7.3  24.0  29.8   3.1   4.0   0.8
1  1977   51   8.9  24.0  29.9   3.0   5.2   0.0
1  1977   52   0.2  23.4  28.0   3.0   3.7   8.1
1  1977   53   4.9  21.5  29.2   2.9   2.1  21.4
1  1977   54   3.8  23.4  29.0   3.1   2.3   0.0
1  1977   55   2.5  22.7  29.2   3.1   4.2  20.5
1  1977   56   3.0  22.8  30.0   3.1   3.5   8.3
1  1977   57   7.5  24.0  29.4   3.3   3.8   1.3
1  1977   58   3.5  23.8  30.1   3.3   4.6   3.2
1  1977   59  10.7  24.8  30.1   3.2   3.7   0.0
1  1977   60  10.9  23.7  30.2   3.0   5.2   0.8
1  1977   61   6.7  24.4  30.2   3.1   3.5   1.5
1  1977   62   7.5  25.4  30.2   3.0   3.7   0.0
1  1977   63   5.9  23.6  30.0   3.2   4.3  14.6
1  1977   64   0.6  23.2  29.8   3.1   2.9  21.7
1  1977   65   6.1  23.5  30.0   3.0   3.4   2.8
1  1977   66   5.3  24.1  30.0   3.3   2.5   2.6
1  1977   67   3.5  22.4  29.4   2.9   4.5   7.6
1  1977   68  10.2  24.0  30.0   3.2   3.3   0.6
1  1977   69   1.9  23.3  29.2   3.2   3.2   5.4
1  1977   70   1.8  23.6  28.8   3.0   2.3  13.6
1  1977   71   3.7  23.7  29.4   3.2   4.4   3.4
1  1977   72   0.0  23.0  29.0   3.2   4.4  15.0
1  1977   73   0.0  23.8  29.6   3.1   2.9   5.4
1  1977   74   9.9  23.8  30.0   3.1   3.7   0.5
1  1977   75   5.6  24.0  30.4   3.3   2.6   8.6
1  1977   76   3.6  23.8  29.4   3.2   2.7   4.0
1  1977   77   2.3  24.0  29.6   3.2   3.0   4.0
1  1977   78   0.2  23.6  29.8   3.0   1.3  15.1
1  1977   79   3.1  23.0  29.1   3.1   2.2  23.6
1  1977   80   3.3  23.5  29.4   3.3   2.8   8.7
1  1977   81   1.3  23.3  29.6   3.0   2.4   2.7
1  1977   82   7.0  23.6  29.8   3.4   3.0   6.8
1  1977   83  10.1  23.9  30.2   3.0   4.9   0.0
1  1977   84   9.8  21.8  30.2   3.1   3.7   0.5
1  1977   85   1.4  23.4  28.8   3.3   0.9  16.8
1  1977   86   3.8  23.2  30.0   3.1   2.8   0.0
1  1977   87   2.8  24.5  30.4   3.2   3.2   1.7
1  1977   88   3.5  24.2  29.4   3.3   1.4   7.9
1  1977   89   0.0  22.3  27.8   2.8   1.3  34.9
1  1977   90   2.8  22.0  29.2   3.1   2.1  21.1
1  1977   91   2.8  22.0  29.2   3.0   1.0  50.2
1  1977   92   2.2  23.0  29.2   2.9   1.8   0.0
1  1977   93   7.2  22.8  29.4   3.1   1.1   0.0
1  1977   94   1.0  22.9  27.8   3.2   0.3  29.8
1  1977   95   1.5  23.0  28.4   3.1   1.2   0.8
1  1977   96   6.9  22.6  29.6   3.0   3.5   0.0
1  1977   97   6.1  21.8  30.4   2.9   2.2   0.2
1  1977   98   3.6  23.4  30.0   3.3   1.1   5.2
1  1977   99   0.6  23.2  29.4   3.0   1.8   8.4
1  1977  100   7.9  23.1  30.4   3.2   1.9   0.0
1  1977  101   1.5  21.2  29.2   3.2   2.1  29.6
1  1977  102   3.3  24.2  29.8   3.4   1.8   7.2
1  1977  103   3.0  23.6  30.2   3.2   3.1   4.8
1  1977  104   0.8  24.1  29.2   3.2   2.2  14.4
1  1977  105   8.1  23.4  30.7   3.2   5.1   4.4
1  1977  106   7.1  23.9  30.8   3.0   3.1  11.0
1  1977  107   6.1  23.8  30.2   3.0   2.2   4.3
1  1977  108   9.2  22.6  30.8   2.9   2.7   1.0
1  1977  109   9.0  24.4  30.4   3.2   2.4   0.1
1  1977  110   2.6  23.8  30.2   3.3   1.7  17.2
1  1977  111  10.8  24.3  30.8   3.3   3.0   0.0
1  1977  112  10.1  24.6  30.7   3.3   3.8   0.3
1  1977  113   0.7  24.2  29.2   3.2   2.3   3.5
1  1977  114   9.3  23.3  30.2   3.3   1.4   0.0
1  1977  115   3.3  23.6  30.4   3.2   3.3  19.8
1  1977  116   3.7  22.8  30.2   3.1   1.1  35.6
1  1977  117   6.0  23.8  29.8   3.2   0.7   0.0
1  1977  118   5.4  22.2  30.0   3.1   1.5  81.6
1  1977  119   4.7  22.2  29.8   3.1   1.9  10.0
1  1977  120   4.7  24.0  30.0   3.3   1.4   1.2
1  1977  121   8.8  23.4  29.4   3.1   1.4   1.9
1  1977  122   5.7  24.2  30.2   3.1   2.0   2.6
1  1977  123   0.2  23.5  27.8   3.1   2.8   8.9
1  1977  124   9.2  23.2  29.8   3.2   2.7   2.0
1  1977  125   8.7  22.6  30.4   3.2   2.2   0.1
1  1977  126   4.0  23.4  30.2   3.0   2.4   7.3
1  1977  127  10.7  23.4  30.4   3.3   2.1   0.0
1  1977  128   5.3  23.3  30.0   3.1   2.5   3.8
1  1977  129   8.7  23.4  30.4   3.0   2.1   0.2
1  1977  130   9.8  23.6  30.4   3.0   1.3   0.1
1  1977  131   1.3  22.8  29.2   3.1   2.4  30.4
1  1977  132   8.2  23.4  30.2   3.2   2.3   1.6
1  1977  133   5.1  23.4  30.0   3.2   2.4  16.2
1  1977  134   4.7  22.4  28.4   2.8   1.4  43.0
1  1977  135   1.9  22.0  27.9   2.9   2.4  27.0
1  1977  136   0.4  23.4  30.0   3.2   1.8   4.6
1  1977  137  10.1  23.6  30.2   3.2   2.6  10.3
1  1977  138  10.3  24.0  30.8   3.1   1.9   0.0
1  1977  139   5.8  23.9  29.8   3.1   1.6  26.3
1  1977  140   8.0  23.4  29.6   3.2   2.5   5.4
1  1977  141  10.2  23.6  29.2   3.2   1.6   0.3
1  1977  142   8.3  23.0  30.0   3.2   1.7   1.8
1  1977  143  11.1  23.4  30.4   3.1   2.7   0.9
1  1977  144  11.3  23.4  30.6   3.0   3.6   0.9
1  1977  145  10.8  23.0  30.4   2.9   2.9   0.0
1  1977  146  11.2  23.0  30.8   3.1   2.7   0.0
1  1977  147  10.5  21.6  30.4   3.3   2.1   0.0
1  1977  148  10.0  23.2  30.0   3.1   3.3   1.2
1  1977  149  11.2  23.1  30.2   3.1   3.5   0.0
1  1977  150   8.8  22.1  30.4   3.3   2.8   0.0
1  1977  151   6.1  22.3  29.2   3.2   1.9  11.8
1  1977  152   1.9  23.6  29.5   3.1   1.3  34.5
1  1977  153   0.5  21.8  26.2   2.8   1.7 166.0
1  1977  154   6.8  22.4  28.6   3.0   1.7  10.8
1  1977  155   2.1  22.4  27.6   3.0   1.4  51.1
1  1977  156   5.8  22.0  29.8   2.8   0.9   1.8
1  1977  157   2.1  23.2  28.0   3.1   1.3   7.2
1  1977  158   8.0  23.1  29.6   3.3   2.6   7.1
1  1977  159   0.2  21.3  27.0   2.9   1.5  26.8
1  1977  160  10.8  22.4  29.6   3.2   1.8   3.1
1  1977  161  10.3  22.8  30.2   3.1   2.4  21.7
1  1977  162   7.4  22.8  28.8   3.0   1.2   5.3
1  1977  163   7.9  22.4  30.0   3.1   1.3   6.8
1  1977  164  11.2  21.8  30.0   2.8   3.2   0.0
1  1977  165  11.0  23.0  30.4   3.1   3.4   1.5
1  1977  166   6.3  22.2  30.0   2.9   2.0   1.3
1  1977  167   9.7  22.2  30.0   3.2   1.8   1.6
1  1977  168   5.9  22.6  29.0   3.0   1.9   7.2
1  1977  169   8.9  22.4  30.2   3.0   3.0   1.1
1  1977  170   6.6  22.0  29.8   3.0   1.9   4.0
1  1977  171   9.5  22.7  29.2   3.2   2.8  33.7
1  1977  172   4.1  22.4  28.4   3.0   2.3  38.5
1  1977  173   8.7  22.3  29.4   3.2   2.6  19.2
1  1977  174  11.2  21.6  30.0   2.9   2.1   1.0
1  1977  175   0.5  21.3  27.4   2.8   1.9  15.8
1  1977  176  10.9  22.6  29.4   2.9   2.5   0.0
1  1977  177  10.9  22.4  30.0   3.0   2.1   0.0
1  1977  178   9.5  22.5  29.6   3.2   1.5   0.0
1  1977  179   9.5  22.5  29.6   2.9   3.2   0.0
1  1977  180   3.7  22.1  27.8   2.6   2.5  18.2
1  1977  181   5.3  22.2  28.8   2.9   2.1   2.5
1  1977  182   7.7  22.9  29.4   2.7   3.3   1.4
1  1977  183  10.9  22.2  30.2   2.4   2.6   0.0
1  1977  184   9.6  22.0  29.9   2.4   2.5   0.0
1  1977  185   2.4  22.6  29.4   2.5   2.8   0.0
1  1977  186   0.9  21.2  27.0   2.7   4.4  49.0
1  1977  187   8.9  21.4  29.6   2.5   3.5  11.6
1  1977  188   0.5  21.2  25.8   2.6   2.2   2.3
1  1977  189   8.9  21.6  29.0   2.8   2.8   2.7
1  1977  190   9.3  22.0  29.4   2.9   3.6   8.3
1  1977  191   8.4  22.6  29.9   2.9   2.1   3.2
1  1977  192  10.3  22.0  28.8   2.7   3.3   5.8
1  1977  193  10.9  21.6  28.8   2.7   2.2  23.5
1  1977  194   2.1  21.8  27.8   2.4   3.3   0.5
1  1977  195  11.5  21.6  29.0   2.5   3.6   0.0
1  1977  196  11.4  21.6  29.8   2.5   3.1   0.0
1  1977  197   9.6  23.0  29.8   2.8   3.6   0.0
1  1977  198   1.4  21.2  28.8   3.0   2.9  42.8
1  1977  199   9.5  22.6  28.8   2.9   3.0   2.6
1  1977  200  10.7  22.0  29.6   2.9   3.0   0.0
1  1977  201  10.8  22.8  29.6   2.6   2.6   0.0
1  1977  202  11.1  21.6  29.8   2.3   3.6   0.0
1  1977  203  11.1  21.3  29.8   2.4   3.8   0.0
1  1977  204  11.3  22.0  30.2   2.7   3.9   0.0
1  1977  205  11.1  22.0  30.0   3.0   3.8   0.0
1  1977  206   2.0  22.0  27.4   2.8   2.8  34.8
1  1977  207   9.2  21.8  28.8   2.5   3.1  12.4
1  1977  208   9.5  22.6  29.2   2.7   3.4   0.0
1  1977  209   6.9  22.0  28.2   2.8   3.0  17.8
1  1977  210  10.8  22.6  29.0   2.8   3.4   0.0
1  1977  211  10.9  22.4  29.2   2.9   4.4   0.0
1  1977  212  10.9  22.1  30.0   2.8   3.3   0.0
1  1977  213  10.1  23.4  29.8   2.6   3.5   4.0
1  1977  214  10.7  22.7  29.4   2.5   4.8   0.0
1  1977  215  11.1  22.8  29.2   2.4   3.0   0.0
1  1977  216  11.4  20.5  28.6   2.3   3.9   0.0
1  1977  217  10.4  22.0  29.3   2.9   4.6   1.5
1  1977  218  10.7  21.6  29.4   2.6   4.8   0.0
1  1977  219   8.4  22.7  29.6   2.3   2.7   0.0
1  1977  220  10.4  23.4  29.4   2.3   3.3   0.0
1  1977  221  10.6  22.6  29.4   2.8   2.8   0.0
1  1977  222   8.9  24.0  29.3   3.0   3.9   0.2
1  1977  223  10.7  22.4  29.2   2.4   5.6  11.4
1  1977  224  10.2  21.0  28.5   2.2   2.8   0.0
1  1977  225   9.7  22.2  28.8   2.9   3.9   0.3
1  1977  226  10.9  21.6  29.6   2.6   4.4   0.0
1  1977  227  10.8  22.0  29.9   2.3   5.5   0.0
1  1977  228  11.0  21.3  30.9   2.4   3.8   0.0
1  1977  229  10.7  21.8  29.8   2.5   4.7   0.0
1  1977  230  11.1  22.5  29.0   2.6   4.7   0.2
1  1977  231   8.2  22.8  28.6   2.9   3.9   3.7
1  1977  232  10.0  21.6  29.4   2.6   5.0   0.0
1  1977  233  10.7  23.4  29.6   2.7   3.5   0.0
1  1977  234  10.8  23.4  30.1   2.6   5.4   0.0
1  1977  235   9.6  22.6  29.6   2.7   5.3   4.5
1  1977  236  11.1  22.0  29.6   2.6   3.0   0.0
1  1977  237   9.1  23.5  29.8   3.0   4.8   0.0
1  1977  238   7.7  22.6  29.1   2.6   5.0   0.8
1  1977  239  10.1  21.6  29.1   2.5   4.7   0.0
1  1977  240   8.4  23.1  29.2   2.9   5.0   2.2
1  1977  241   9.7  21.4  30.6   2.7   4.3   0.0
1  1977  242  10.9  23.8  30.2   2.7   4.2   0.0
1  1977  243   8.4  22.5  29.3   2.7   4.1   7.2
1  1977  244  10.3  23.2  29.8   2.7   5.3   0.0
1  1977  245   9.3  22.8  30.4   2.5   3.9   0.0
1  1977  246  10.8  22.6  30.1   2.3   5.2   0.0
1  1977  247  10.6  22.8  30.2   2.4   5.5   0.0
1  1977  248  10.4  22.4  30.0   2.7   5.0   0.0
1  1977  249  10.4  22.9  30.6   2.5   5.2   0.0
1  1977  250  10.9  22.0  31.2   2.3   4.8   0.0
1  1977  251  11.1  22.7  32.0   2.2   5.0   0.0
1  1977  252  10.6  21.3  31.0   2.3   5.3   0.0
1  1977  253  10.7  22.4  30.4   2.4   5.8   0.0
1  1977  254  10.6  22.8  31.0   2.6   3.3   0.0
1  1977  255   9.0  22.4  30.2   2.8   4.7   0.0
1  1977  256  10.9  22.4  31.0   2.4   5.2   0.0
1  1977  257  10.7  22.8  31.7   2.4   4.4   0.0
1  1977  258   9.5  22.6  30.8   2.6   4.7   0.0
1  1977  259   9.8  22.6  30.9   2.5   5.1   0.0
1  1977  260   9.9  23.4  30.4   2.6   5.2   0.0
1  1977  261   9.3  23.2  30.8   2.9   6.7   0.0
1  1977  262   9.5  23.8  30.6   2.8   4.4   0.0
1  1977  263   9.6  23.2  30.4   2.6   4.7   0.0
1  1977  264   6.7  23.4  28.8   3.1   4.7   6.4
1  1977  265   9.6  23.8  31.0   2.9   4.1   0.0
1  1977  266  10.3  23.8  30.6   2.6   6.9   0.0
1  1977  267   8.9  24.1  30.6   2.9   6.1   0.0
1  1977  268  10.1  24.6  30.0   2.9   3.3   0.2
1  1977  269  10.6  22.5  30.2   2.8   3.3   0.0
1  1977  270  10.2  23.0  30.2   2.8   4.1   0.0
1  1977  271   9.8  24.6  30.4   2.9   4.4   0.0
1  1977  272  10.4  24.6  30.4   2.7   3.8   0.0
1  1977  273   8.9  23.8  31.0   2.8   4.6   0.1
1  1977  274   9.9  23.8  30.9   2.6   4.7   3.8
1  1977  275   8.5  22.0  29.8   3.0   3.9   8.8
1  1977  276   9.1  24.2  30.1   2.9   6.4   0.4
1  1977  277   5.4  24.0  28.0   3.0   4.7   4.0
1  1977  278   6.0  25.0  30.0   2.9   3.6   0.0
1  1977  279   8.0  24.5  30.0   2.8   5.5   0.0
1  1977  280   9.9  24.6  29.9   2.7   5.7   0.0
1  1977  281   8.1  24.7  31.0   2.6   6.6   0.0
1  1977  282   8.9  25.4  30.8   2.8   6.9   0.0
1  1977  283   9.2  24.6  30.5   2.8   5.2   0.3
1  1977  284   9.7  24.2  31.2   2.8   5.0   0.0
1  1977  285  10.2  23.4  30.4   2.6   5.8   0.0
1  1977  286   8.9  23.5  30.9   2.6   4.6   0.0
1  1977  287  10.1  24.8  31.4   2.6   4.8   0.0
1  1977  288   7.8  23.6  30.1   2.7   4.7   0.0
1  1977  289  11.3  25.0  31.2   2.9   6.1   0.0
1  1977  290   8.3  23.7  29.0   3.0   4.8   5.9
1  1977  291   9.9  23.6  31.0   2.8   6.4   0.0
1  1977  292  10.5  24.8  30.2   2.9   5.3   0.0
1  1977  293   9.8  24.0  31.2   2.7   5.2   0.0
1  1977  294  10.7  24.6  30.8   2.4   5.5   0.0
1  1977  295  10.1  25.4  31.0   2.8   5.8   0.0
1  1977  296  11.3  25.4  30.5   2.7   6.1   0.0
1  1977  297  11.2  25.0  31.0   3.0   4.9   0.0
1  1977  298  11.1  25.0  30.4   2.8   5.8   0.0
1  1977  299  10.5  25.1  31.4   2.8   5.3   0.0
1  1977  300  10.8  25.4  31.4   2.6   6.4   0.0
1  1977  301  10.7  23.7  31.4   2.6   5.5   0.0
1  1977  302  10.5  23.8  31.4   2.8   6.1   0.0
1  1977  303  10.5  25.7  31.4   3.1   7.3   0.0
1  1977  304   9.0  24.8  31.1   2.9   4.2   0.0
1  1977  305   5.8  24.8  31.0   2.9   4.4   0.3
1  1977  306  10.4  25.1  31.0   2.9   5.8   0.2
1  1977  307   9.7  25.0  30.6   2.9   4.4   0.5
1  1977  308  10.2  25.0  31.0   2.9   5.5   0.0
1  1977  309  10.8  25.4  31.4   2.9   6.6   0.0
1  1977  310  10.9  25.2  31.0   2.8   5.5   0.0
1  1977  311   9.7  24.9  31.0   2.7   4.9   0.0
1  1977  312  10.6  24.6  31.0   2.8   6.1   0.0
1  1977  313  10.8  25.4  31.4   2.7   5.2   0.0
1  1977  314  10.6  25.6  31.4   2.8   6.4   0.0
1  1977  315  11.2  25.8  31.4   2.8   5.5   0.0
1  1977  316  10.0  25.6  31.8   2.7   5.2   0.0
1  1977  317  10.2  25.8  30.4   3.0   4.5   0.1
1  1977  318  10.8  25.4  31.2   2.8   6.6   0.0
1  1977  319  11.2  24.8  31.2   3.0   4.7   0.7
1  1977  320  10.9  25.7  31.4   2.9   5.0   0.8
1  1977  321  11.0  25.2  30.6   2.8   4.9   0.0
1  1977  322  11.0  25.2  31.7   2.9   4.4   0.0
1  1977  323   9.5  24.8  31.0   3.0   4.2   0.5
1  1977  324  11.6  25.4  31.9   2.8   4.5   0.0
1  1977  325  10.8  25.6  31.2   2.7   3.9   0.0
1  1977  326  11.5  23.6  32.0   2.8   5.0   0.0
1  1977  327  10.7  24.2  30.0   2.7   3.3   0.0
1  1977  328   9.1  25.4  30.8   2.5   4.2   0.0
1  1977  329  10.4  25.4  30.8   2.6   3.9   0.0
1  1977  330   9.1  25.2  30.6   2.7   4.2   0.0
1  1977  331  10.6  23.6  30.4   2.7   4.7   0.0
1  1977  332   8.6  25.4  29.9   2.7   4.8   0.0
1  1977  333   6.9  23.6  30.4   2.7   4.4   0.0
1  1977  334  10.7  25.0  30.6   2.6   5.0   0.0
1  1977  335  10.7  24.0  31.9   2.8   4.2   0.0
1  1977  336  11.0  25.8  32.0   2.8   5.0   0.0
1  1977  337  10.7  24.8  30.2   2.9   4.0   2.0
1  1977  338  10.1  24.0  31.4   2.8   5.0   0.0
1  1977  339  10.6  25.4  31.6   2.8   4.4   0.0
1  1977  340  11.2  25.6  31.2   2.8   5.0   0.0
1  1977  341   8.5  25.6  30.8   2.7   4.4   0.0
1  1977  342   4.8  25.4  30.6   2.8   4.2   0.0
1  1977  343  11.0  25.6  30.6   2.7   4.1   0.0
1  1977  344  10.9  25.6  31.5   2.8   4.2   0.0
1  1977  345  10.8  25.5  31.2   2.9   4.3   0.0
1  1977  346  10.6  25.4  30.2   2.9   4.3   0.0
1  1977  347   6.0  26.0  31.0   2.8   4.1   0.0
1  1977  348  10.5  25.3  30.5   3.0   4.2   0.0
1  1977  349   3.7  26.2  31.0   2.9   4.0   0.0
1  1977  350   2.7  24.6  31.0   3.0   4.3   0.2
1  1977  351   4.4  26.0  31.1   2.8   6.1   0.0
1  1977  352  10.4  26.0  31.4   2.9   4.8   0.0
1  1977  353  11.5  25.0  32.0   2.9   4.1   0.0
1  1977  354  10.7  25.8  31.6   2.8   5.0   0.0
1  1977  355  10.8  25.0  32.0   2.9   5.8   0.2
1  1977  356  10.6  26.2  32.6   3.0   5.5   0.0
1  1977  357  10.7  26.0  31.6   2.9   4.2   0.0
1  1977  358  10.7  25.6  31.5   3.1   3.1   0.0
1  1977  359   9.7  25.6  32.0   3.1   4.1   0.0
1  1977  360  11.1  25.0  31.0   3.0   3.9   0.0
1  1977  361   9.7  24.4  31.4   2.9   3.9   0.0
1  1977  362  10.9  23.6  31.4   2.9   3.5   0.0
1  1977  363   6.8  25.2  31.0   3.1   4.5   0.0
1  1977  364   0.0  24.6  29.4   2.9   3.9   0.3
1  1977  365   1.6  25.6  31.4   2.9   3.1   0.0
