*-----------------------------------------------------*
* Station name: Maceio-AL, Brazil
* Year: 1961
* Author: Luis Claudio Costa
* Source: UFV / DEA              -999.000:NIL VALUE
* Longitude: 35 42 W, latitude: 09 40 S, altitude: 64.50 m.
*
* Column     Daily value
* 1          station number
* 2          year
* 3          day
* 4          sunshine                      (hour d-1)
* 5          minimum temperature           (oC)        
* 6          maximum temperature           (oC)        
* 7          early morning vapour pressure (kPa)
* 8          mean wind speed (height: 2m ) (m s-1)
* 9          precipitation                 (mm d-1)
*-----------------------------------------------------*
-35.74  -9.67  64.50  0.25 0.54
2  1961    1  10.5  22.8  29.4   2.6   5.0   0.0
2  1961    2  11.5  22.1  29.3   2.3   5.3   0.0
2  1961    3  11.3  21.9  29.9   2.5   5.3   0.0
2  1961    4  11.1  22.4  30.0   2.8   6.0   0.0
2  1961    5  10.8  24.8  29.8   2.6   4.0   0.0
2  1961    6  10.6  23.6  29.7   2.7   4.0   0.0
2  1961    7  10.8  22.8  30.4   2.7   6.0   0.0
2  1961    8  10.5  22.4  29.9   2.7   5.7   0.0
2  1961    9   7.5  22.8  29.4   2.8   4.3   0.0
2  1961   10  10.3  22.6  29.9   2.6   4.3   0.0
2  1961   11  10.7  22.2  29.3   2.7   5.7   0.0
2  1961   12   9.0  25.1  29.9   2.8   4.7   0.0
2  1961   13   2.9  23.8  27.5   2.9   4.0   9.2
2  1961   14   9.1  23.7  28.6   2.6   3.3   1.9
2  1961   15   7.2  22.8  29.3   2.8   3.3   1.2
2  1961   16   9.3  24.6  29.2   2.9   3.3   0.0
2  1961   17   5.4  23.4  28.6   2.9   5.0  13.8
2  1961   18   0.9  24.2  27.4   2.9   3.3  15.8
2  1961   19   2.9  23.6  28.2   2.9   4.0  14.6
2  1961   20   3.8  22.4  27.3   2.7   1.3   9.1
2  1961   21   2.5  23.6  28.4   2.8   2.7   4.2
2  1961   22   2.2  22.9  28.3   3.0   1.0   2.1
2  1961   23   7.9  24.0  29.4   2.9   2.0   2.4
2  1961   24   0.2  23.8  28.2   3.0   2.7   0.9
2  1961   25  10.8  22.5  29.4   2.8   3.7   0.0
2  1961   26  10.5  22.8  29.6   2.7   4.7   0.0
2  1961   27   8.3  23.7  29.7   2.9   5.3   0.0
2  1961   28  10.9  23.6  30.1   2.7   4.0   0.0
2  1961   29  10.9  23.2  30.0   2.6   3.3   0.0
2  1961   30  11.1  22.0  30.2   2.7   3.0   0.0
2  1961   31  10.7  25.4  30.3   2.6   5.0   0.0
2  1961   32   9.8  22.0  30.0   2.6   3.7   0.4
2  1961   33   6.7  22.3  28.4   2.7   3.0   0.8
2  1961   34  10.5  22.2  30.0   2.3   3.3   0.0
2  1961   35  10.7  21.3  30.0   2.6   3.3   0.0
2  1961   36  11.0  22.8  30.5   2.4   4.3   0.6
2  1961   37  10.3  23.0  30.9   2.6   4.3   0.0
2  1961   38   9.6  23.2  31.0   2.7   2.3   0.4
2  1961   39   8.4  23.3  30.4   2.8   3.3   0.0
2  1961   40   2.9  23.5  26.0   3.0   2.7  19.8
2  1961   41   7.1  22.6  28.9   2.6   2.3   3.0
2  1961   42  10.8  21.6  29.6   2.5   2.3   0.0
2  1961   43  10.4  22.8  29.8   2.5   3.0   0.0
2  1961   44  10.3  22.4  31.1   2.6   3.0   0.0
2  1961   45   8.8  23.2  30.8   2.7   2.0   0.0
2  1961   46  10.1  23.2  30.5   2.5   2.7   0.3
2  1961   47   7.1  23.2  29.9   2.8   2.3   0.8
2  1961   48   2.6  23.4  28.5   2.8   1.0   5.4
2  1961   49   7.2  22.6  29.2   2.8   2.3   3.0
2  1961   50  10.5  22.8  29.6   2.8   3.7   5.6
2  1961   51  10.4  21.8  29.7   2.7   2.0   0.0
2  1961   52   2.4  24.4  28.5   2.8   2.7   4.1
2  1961   53   9.9  22.6  29.3   2.4   2.3   0.0
2  1961   54   9.6  24.5  30.7   2.9   3.0   1.4
2  1961   55  10.1  25.2  30.1   2.6   3.0   0.0
2  1961   56   6.7  23.3  29.5   2.6   3.3   0.0
2  1961   57   9.1  24.5  29.1   2.8   3.7   5.0
2  1961   58   9.9  25.4  30.8   2.9   4.3   0.0
2  1961   59  10.1  24.3  30.9   2.7   3.0   0.0
2  1961   60   8.8  23.6  30.3   2.7   3.7   0.0
2  1961   61  10.5  21.5  30.4   2.5   4.0   0.0
2  1961   62  10.1  23.0  30.7   2.9   5.3   0.0
2  1961   63   6.9  24.5  30.9   3.0   4.7   1.6
2  1961   64  10.1  26.2  31.0   2.8   4.3   0.0
2  1961   65  10.1  23.5  30.9   2.6   3.7   0.0
2  1961   66   8.0  22.4  30.1   2.8   3.3   0.4
2  1961   67   9.4  23.2  30.2   3.0   3.7   4.8
2  1961   68   7.2  23.6  30.3   3.1   2.0   4.2
2  1961   69   9.6  23.5  30.4   3.0   2.3   3.7
2  1961   70   5.8  23.5  30.9   3.0   3.0   0.5
2  1961   71   6.0  23.3  30.2   3.2   3.0   2.8
2  1961   72   7.0  23.4  29.8   3.1   3.3   7.3
2  1961   73   9.9  23.6  30.1   3.1   2.0   5.8
2  1961   74   7.4  23.2  29.6   3.1   2.3  10.5
2  1961   75   4.3  23.4  29.3   3.0   3.7  49.7
2  1961   76   8.9  21.3  29.6   3.1   2.3  27.8
2  1961   77   7.5  23.8  30.2   2.9   3.3   0.6
2  1961   78  10.2  23.9  29.9   2.7   3.3   0.0
2  1961   79   7.7  22.3  30.3   2.8   2.3   0.4
2  1961   80   9.3  23.0  30.3   2.9   3.0   0.5
2  1961   81   5.9  23.0  30.0   2.8   1.3   5.6
2  1961   82   4.6  22.9  29.4   3.1   2.7   7.6
2  1961   83   2.4  24.1  29.0   2.8   3.0   2.0
2  1961   84   2.1  23.6  28.0   3.0   5.0  19.1
2  1961   85   0.3  24.1  28.3   3.0   2.3   7.1
2  1961   86   1.0  23.2  27.2   2.9   2.0  15.9
2  1961   87   7.8  23.3  29.0   3.0   2.0   1.8
2  1961   88   1.2  22.6  27.4   2.8   2.0  10.4
2  1961   89   4.3  23.1  27.3   3.0   3.0  19.6
2  1961   90   4.7  23.0  27.9   3.0   2.3  33.3
2  1961   91   8.8  23.3  29.9   2.7   3.0   0.3
2  1961   92   7.6  22.6  28.4   2.9   4.0   0.0
2  1961   93  10.2  23.4  29.7   2.7   3.7   0.0
2  1961   94   6.2  22.7  29.6   3.0   2.7   0.6
2  1961   95   3.2  23.0  29.4   3.0   4.3   5.2
2  1961   96  10.1  21.8  29.5   2.6   3.0   0.0
2  1961   97   9.6  22.3  29.3   2.5   3.7   0.0
2  1961   98   7.9  22.2  29.5   2.9   2.3   0.0
2  1961   99   8.2  24.0  29.9   2.8   2.7   4.4
2  1961  100   7.9  22.8  29.1   2.8   3.0   0.0
2  1961  101   8.9  23.0  29.4   2.5   3.7   0.0
2  1961  102   2.9  23.2  28.1   2.9   3.7   4.4
2  1961  103   1.4  23.2  27.5   3.0   3.0  26.5
2  1961  104   5.8  23.5  28.5   2.9   5.3  14.1
2  1961  105   9.6  22.8  28.9   2.7   5.3   0.9
2  1961  106   4.3  22.2  28.4   2.8   6.3   3.7
2  1961  107   8.8  22.8  28.9   2.4   4.0   4.6
2  1961  108   5.3  23.2  28.7   3.1   4.7  29.2
2  1961  109   7.1  22.6  27.9   3.1   5.3   1.8
2  1961  110   3.0  23.1  28.4   3.1   2.3  11.5
2  1961  111   9.9  24.6  29.2   2.6   3.7   0.9
2  1961  112   7.0  22.5  28.5   2.6   4.7   1.3
2  1961  113   7.9  24.0  29.2   2.7   5.3   3.2
2  1961  114   8.9  22.3  28.7   2.9   2.3   2.2
2  1961  115   2.0  22.4  26.6   2.8   3.0  31.9
2  1961  116   8.6  22.9  28.6   2.9   1.7   1.8
2  1961  117   6.9  22.3  29.2   3.0   2.7   0.0
2  1961  118   9.5  22.8  29.4   3.0   1.7   0.4
2  1961  119   3.2  23.6  29.2   2.9   2.0  11.3
2  1961  120   3.2  22.8  27.3   2.9   4.7   3.6
2  1961  121   3.5  23.4  27.4   2.9   5.0   5.0
2  1961  122   9.8  24.2  28.8   2.9   3.0   6.4
2  1961  123  10.2  22.1  28.3   2.8   3.3   1.7
2  1961  124   9.7  22.1  29.2   2.9   2.0   0.6
2  1961  125   9.0  24.3  29.3   2.9   3.0   0.2
2  1961  126   9.3  24.1  29.0   2.8   4.0   6.3
2  1961  127   8.2  22.2  29.2   2.9   2.7   2.1
2  1961  128   8.3  22.5  29.1   3.0   3.0   8.6
2  1961  129   5.3  21.7  28.2   2.9   3.3   0.0
2  1961  130   4.2  23.2  27.6   2.7   5.7  25.7
2  1961  131   2.0  21.9  26.9   2.8   5.0  20.4
2  1961  132   0.0  20.9  24.5   2.8   4.3  58.7
2  1961  133   4.1  22.4  27.4   2.7   5.7  18.1
2  1961  134   5.3  22.6  27.9   2.6   3.3   2.5
2  1961  135   7.7  20.3  28.3   2.6   2.0   0.6
2  1961  136   6.8  23.0  28.1   2.2   4.3   0.0
2  1961  137  10.0  20.9  28.0   2.8   2.3   0.4
2  1961  138   3.1  21.9  27.3   2.9   3.7   8.0
2  1961  139   9.0  21.0  28.3   2.8   2.0   0.0
2  1961  140  10.2  21.9  29.5   2.9   1.0   0.0
2  1961  141   8.6  21.9  28.4   2.9   4.3   0.0
2  1961  142  10.2  23.5  28.7   2.9   4.0   1.1
2  1961  143   9.6  21.6  28.2   2.6   4.7   0.4
2  1961  144   5.8  21.8  28.8   2.9   5.3   5.9
2  1961  145   5.9  22.0  27.4   2.9   3.3   3.8
2  1961  146   7.1  21.8  27.6   2.7   1.3   7.0
2  1961  147   9.7  22.4  28.1   2.8   2.0   2.6
2  1961  148   0.0  22.1  24.3   2.8   1.3  44.6
2  1961  149   2.8  20.9  27.6   2.8   1.3  24.3
2  1961  150   9.0  22.9  28.3   2.5   3.0   3.1
2  1961  151   8.6  22.9  28.0   2.6   5.0   6.4
2  1961  152   1.0  22.6  25.9   2.7   5.0  10.4
2  1961  153   8.8  22.6  28.0   3.1   3.3  13.7
2  1961  154   4.4  23.1  28.0   2.7   1.7   2.5
2  1961  155   2.4  22.6  26.8   2.8   6.7  13.0
2  1961  156   4.2  22.5  26.4   2.8   2.7   9.0
2  1961  157   6.5  22.8  27.4   2.6   4.7   5.8
2  1961  158   9.1  22.4  27.5   2.6   3.3  14.2
2  1961  159   4.2  22.0  27.6   2.8   5.0   9.7
2  1961  160  10.3  22.9  27.8   2.6   4.3   1.4
2  1961  161   1.6  22.1  25.8   2.7   4.3  17.1
2  1961  162   6.6  21.4  28.5   2.8   2.7  13.0
2  1961  163   3.0  22.6  26.7   2.9   2.3   4.4
2  1961  164   0.0  22.0  25.5   2.8   1.7  13.8
2  1961  165   9.1  22.3  27.9   2.8   1.3   0.8
2  1961  166   9.1  22.0  27.6   2.8   1.3   3.5
2  1961  167  10.4  20.9  27.2   2.6   5.3   0.0
2  1961  168   3.8  20.7  25.4   2.5   4.7   5.2
2  1961  169   2.4  22.0  26.0   2.5   7.0   9.0
2  1961  170   8.4  22.5  27.2   2.5   5.7   3.0
2  1961  171   6.5  21.3  27.0   2.6   4.7   1.0
2  1961  172   1.6  21.5  25.3   2.3   4.0  17.7
2  1961  173   3.2  20.3  26.9   2.6   1.7   6.9
2  1961  174   8.4  20.3  27.4   2.5   4.3   0.5
2  1961  175   1.9  21.8  25.7   2.5   4.7   5.7
2  1961  176   9.6  22.3  27.3   2.4   6.7   2.9
2  1961  177   5.4  23.3  25.9   2.6   5.0   9.1
2  1961  178  10.3  22.6  27.3   2.3   4.0   5.4
2  1961  179   7.3  19.4  28.8   2.5   3.0   0.3
2  1961  180   0.1  21.6  25.2   2.8   8.0  60.9
2  1961  181   6.0  22.5  26.5   2.4   5.3  10.3
2  1961  182   2.4  21.8  26.2   2.5   6.7   5.5
2  1961  183   6.0  21.4  26.8   2.5   5.0   0.6
2  1961  184   0.7  21.2  24.9   2.5   6.7  22.9
2  1961  185   7.1  21.0  26.0   2.4   3.7   4.2
2  1961  186  10.3  21.4  27.1   2.2   5.0   9.4
2  1961  187   7.1  20.0  27.2   2.4   4.7   0.7
2  1961  188   7.4  21.2  27.2   2.5   1.7   4.0
2  1961  189   2.1  20.6  25.3   2.5   2.0   7.9
2  1961  190  10.3  20.2  26.8   2.6   1.7   1.3
2  1961  191  10.3  19.4  26.7   2.5   3.7   0.0
2  1961  192   7.5  20.2  26.4   2.3   7.0   0.6
2  1961  193   9.1  23.1  26.7   2.3   6.0   0.6
2  1961  194   0.0  21.0  24.0   2.3   7.0  24.8
2  1961  195   6.8  20.4  26.0   2.2   7.7  25.8
2  1962  196   7.6  21.6  27.2   1.9   3.7   1.3
2  1962  197   7.5  20.8  27.0   2.3   3.3   1.6
2  1961  198   2.0  21.0  26.0   2.6   6.3   6.5
2  1961  199   1.3  21.5  26.0   2.6   6.3  26.3
2  1961  200   5.6  20.9  26.3   2.5   3.3   5.0
2  1961  201   5.3  19.9  25.2   2.4   1.3   3.2
2  1961  202   5.6  21.0  26.2   2.5   3.7   7.0
2  1961  203   0.3  20.9  24.4   2.5   5.0  10.8
2  1961  204   8.8  19.9  26.8   2.5   2.0   1.5
2  1961  205   6.3  20.5  26.4   2.5   4.7   3.2
2  1961  206   7.1  21.9  26.3   2.3   5.0   5.3
2  1961  207   9.9  22.2  26.9   2.2   2.7   0.0
2  1961  208   9.7  19.3  26.6   2.3   3.3   0.8
2  1961  209   7.6  19.5  26.4   2.3   2.7   0.0
2  1961  210   8.5  20.4  27.0   2.5   4.0   0.9
2  1961  211   9.8  21.4  26.9   2.2   6.7   1.0
2  1961  212   7.1  20.6  26.5   2.5   3.0   4.1
2  1961  213   8.9  20.9  26.7   2.5   4.0   1.5
2  1961  214   7.3  20.7  26.0   2.5   3.0   1.8
2  1961  215   9.8  22.3  27.0   2.0   4.0   0.8
2  1961  216   4.7  20.5  26.1   2.3   5.7   5.4
2  1961  217   8.5  19.9  26.3   2.4   4.7   3.8
2  1961  218   2.5  21.2  25.9   2.1   7.0   3.6
2  1961  219   4.8  21.7  26.9   2.2   5.3   1.2
2  1961  220   7.4  22.1  26.9   2.5   3.3   2.4
2  1961  221   6.6  21.1  26.4   2.4   8.0   2.7
2  1961  222   7.3  21.6  26.6   2.3   7.0   2.5
2  1961  223   9.3  22.3  26.9   1.9   4.0   1.4
2  1961  224   9.7  21.7  27.2   2.3   6.0   0.8
2  1961  225   8.8  23.0  27.0   2.2   5.7   0.0
2  1961  226   3.8  21.4  26.4   2.4   5.0   2.9
2  1961  227   0.4  20.6  25.4   2.3   5.0  12.8
2  1961  228   1.8  21.6  26.1   2.3   2.0   2.7
2  1961  229   7.7  22.5  27.2   2.4   3.3   0.6
2  1961  230   9.1  22.5  27.1   2.4   3.7   0.9
2  1961  231   7.3  21.3  27.3   2.3   4.7   0.6
2  1961  232   4.7  22.8  26.9   2.3   5.0   1.7
2  1961  233   8.9  20.2  26.8   2.4   4.3   0.0
2  1961  234   9.6  20.1  26.8   2.3   4.3   0.0
2  1961  235   9.5  19.5  27.1   2.3   2.7   0.0
2  1961  236   9.2  20.8  27.6   2.4   5.0   0.0
2  1961  237   8.4  21.0  27.5   2.4   3.3   0.0
2  1961  238   9.0  22.3  28.1   2.1   3.7   0.9
2  1961  239   2.4  21.0  27.2   2.3   4.0   0.6
2  1961  240   4.7  22.9  27.5   2.3   5.3   0.5
2  1961  241   9.0  22.6  27.7   2.3   3.7   0.0
2  1961  242   6.5  20.5  27.0   2.5   2.7   2.1
2  1961  243   7.6  21.3  27.5   2.4   4.3   2.6
2  1961  244   7.8  21.0  27.2   2.4   5.3   3.0
2  1961  245   7.4  19.7  27.3   2.5   4.7   1.1
2  1961  246   8.3  22.5  27.3   2.3   6.3   0.5
2  1961  247   5.7  22.1  27.2   2.3   5.7   1.7
2  1961  248   7.6  22.5  27.9   2.4   4.7   0.5
2  1961  249   7.3  23.2  28.1   2.5   3.0   0.6
2  1961  250   8.8  21.8  27.5   2.5   3.0   0.6
2  1961  251   6.2  23.2  27.4   2.1   4.3   0.9
2  1961  252   9.0  21.8  27.6   2.3   4.7   1.5
2  1961  253   8.7  20.4  27.4   2.1   3.7   0.0
2  1961  254   9.1  19.3  28.3   2.1   4.3   0.5
2  1961  255   8.2  19.0  28.7   2.5   4.0   0.0
2  1961  256   8.2  22.2  28.6   2.4   3.3   0.4
2  1961  257   8.2  23.0  27.7   2.0   4.0   0.0
2  1961  258   7.6  20.1  28.3   2.5   2.7   0.5
2  1961  259   3.2  19.0  26.5   2.5   2.7   4.3
2  1961  260   7.9  21.4  27.5   2.4   4.3   0.0
2  1961  261   7.6  21.4  27.9   2.4   2.3   0.5
2  1961  262   6.0  20.3  27.5   2.4   4.3   0.0
2  1961  263   8.6  22.6  28.3   2.4   5.3   0.5
2  1961  264   5.8  21.5  27.6   2.6   2.0   0.6
2  1961  265   8.4  23.5  28.1   2.5   4.7   0.0
2  1961  266   4.9  23.5  27.4   2.5   6.3   0.0
2  1961  267   2.3  22.7  27.3   2.7   6.7   2.9
2  1961  268   5.6  23.6  28.1   2.3   6.0   0.0
2  1961  269   7.4  23.2  28.2   2.7   6.0   0.0
2  1961  270   7.7  23.3  28.5   2.6   5.0   0.0
2  1961  271   8.2  23.0  28.1   2.4   3.7   1.3
2  1961  272   7.7  21.0  28.1   2.5   2.0   0.0
2  1961  273   9.5  23.8  28.8   2.4   4.7   0.0
2  1961  274   5.3  23.8  28.2   2.5   3.3   0.0
2  1961  275   5.9  23.7  28.0   2.6   5.0   0.0
2  1961  276   9.1  23.5  27.7   2.2   5.3   0.0
2  1961  277   4.9  21.5  27.6   2.6   6.3   3.3
2  1961  278   8.2  21.7  27.9   2.6   6.0   1.9
2  1961  279   0.4  22.1  26.4   2.7   5.0   5.6
2  1961  280   9.5  21.5  27.3   2.4   4.3   4.8
2  1961  281   3.3  23.8  27.5   2.5   2.7   0.0
2  1961  282   7.8  23.3  27.9   2.4   4.3   0.0
2  1961  283   7.1  23.8  28.6   2.5   4.7   0.0
2  1961  284   9.5  24.0  29.2   2.5   4.0   0.0
2  1961  285   4.6  23.8  29.2   2.2   2.7   1.6
2  1961  286   2.7  22.5  27.4   2.6   4.7   3.4
2  1961  287   7.8  23.3  28.5   2.5   4.7   0.9
2  1961  288   9.4  24.1  28.2   2.3   3.3   0.0
2  1961  289   7.0  22.3  28.2   2.4   6.0   3.0
2  1961  290   9.9  22.5  28.3   2.3   4.3   0.0
2  1961  291   3.1  20.6  25.9   2.7   3.3   5.2
2  1961  292   7.4  21.2  27.5   2.7   2.7  18.9
2  1961  293   5.3  21.2  26.9   2.4   4.7  29.4
2  1961  294   7.1  21.1  26.5   2.3   4.3  21.6
2  1961  295   7.1  23.0  27.8   2.5   4.3   3.2
2  1961  296   9.4  22.5  27.6   2.5   4.0   0.6
2  1961  297   9.8  21.4  27.7   2.3   4.7   0.0
2  1961  298   8.1  21.3  27.9   2.5   3.3   0.7
2  1961  299  10.5  21.5  28.9   2.6   6.0   0.0
2  1961  300   9.7  24.2  29.4   2.9   6.3   0.0
2  1961  301   9.8  24.3  29.4   2.6   5.3   0.0
2  1961  302   8.2  24.2  28.4   2.5   5.0   0.5
2  1961  303   3.3  22.3  27.3   2.5   2.7   6.5
2  1961  304   3.6  21.8  26.1   2.7   6.0  30.2
2  1961  305   8.9  22.8  27.6   2.5   5.3   9.6
2  1961  306  10.1  23.2  27.6   2.3   5.0   0.0
2  1961  307   9.8  21.3  27.5   2.3   4.3   0.0
2  1961  308   9.7  21.2  27.9   2.4   5.0   0.5
2  1961  309   6.0  22.5  28.9   2.7   2.3   1.4
2  1961  310   8.0  22.2  29.3   2.6   5.3   0.0
2  1961  311  11.1  21.2  29.5   2.6   4.0   0.0
2  1961  312   7.2  23.9  29.3   2.7   3.3   0.0
2  1961  313   6.3  22.7  28.5   2.4   3.7   5.5
2  1961  314   7.5  21.5  28.2   2.6   2.3   2.3
2  1961  315  10.5  21.6  28.5   2.2   3.7   0.3
2  1961  316  10.2  21.4  29.4   2.6   4.0   0.0
2  1961  317  10.6  21.8  29.4   2.7   5.0   0.0
2  1961  318  10.2  21.4  29.2   2.6   4.3   0.0
2  1961  319  11.0  21.4  29.0   2.7   5.0   0.0
2  1961  320  10.6  21.8  29.3   2.5   4.3   0.0
2  1961  321   7.6  21.8  28.4   2.4   4.7   1.6
2  1961  322   9.1  22.0  28.8   2.6   5.3   0.3
2  1961  323   7.9  22.6  27.2   2.5   4.3   1.8
2  1961  324   9.5  22.0  28.7   2.3   4.7   0.9
2  1961  325  10.8  20.7  29.0   2.4   4.0   0.0
2  1961  326  10.3  20.0  28.9   2.5   4.7   0.0
2  1961  327  11.1  22.3  29.7   2.6   5.0   0.0
2  1961  328   5.2  22.2  27.5   2.5   3.3  14.0
2  1961  329  11.0  20.3  28.9   2.4   5.0   0.9
2  1961  330   6.0  22.0  27.9   2.5   4.7  10.3
2  1961  331  10.8  22.5  28.7   2.5   5.0   0.0
2  1961  332  10.7  21.2  29.0   2.4   5.3   0.0
2  1961  333  10.7  22.4  29.3   2.5   5.7   0.0
2  1961  334  10.9  23.0  29.9   2.7   5.7   0.0
2  1961  335  11.1  22.7  29.8   2.6   5.0   0.0
2  1961  336  10.4  22.4  29.5   2.6   4.3   0.0
2  1961  337  11.0  22.0  29.0   2.5   4.7   0.0
2  1961  338  10.4  22.5  30.8   2.7   4.0   0.0
2  1961  339  10.2  23.0  30.0   2.8   4.0   0.0
2  1961  340   8.1  23.5  29.6   2.5   4.0   0.0
2  1961  341  10.4  22.8  29.7   2.7   3.3   0.6
2  1961  342  10.8  22.5  29.8   2.6   5.7   0.6
2  1961  343   9.0  21.9  29.8   2.6   5.3   0.0
2  1961  344  10.4  24.0  29.5   2.5   6.0   0.0
2  1961  345   9.5  21.8  29.6   2.4   4.0   0.0
2  1961  346   5.3  22.2  28.7   2.6   2.0   0.5
2  1961  347  10.2  23.8  29.0   2.6   4.0   1.1
2  1961  348   9.2  22.6  30.0   2.6   4.0   0.6
2  1961  349  10.5  22.6  29.8   2.6   4.3   0.0
2  1961  350   9.9  23.5  29.3   2.8   5.3   5.5
2  1961  351  11.1  24.0  29.5   2.5   3.7   0.0
2  1961  352  11.0  22.2  29.8   2.5   4.7   0.0
2  1961  353  10.8  23.6  29.7   2.5   5.0   0.0
2  1961  354  10.7  24.8  29.8   2.6   5.0   0.0
2  1961  355  11.5  23.4  29.9   2.4   4.3   1.1
2  1961  356  11.3  23.7  29.9   2.5   4.7   0.5
2  1961  357  10.4  24.5  29.8   2.4   4.3   0.0
2  1961  358  10.4  22.8  29.8   2.4   4.0   0.0
2  1961  359   8.8  22.2  30.5   2.5   4.7   0.0
2  1961  360   0.3  24.0  27.3   2.8   3.0   2.5
2  1961  361   8.1  22.6  29.6   2.6   4.0   1.7
2  1961  362   7.0  23.2  29.5   2.6   3.3   1.9
2  1961  363   5.9  22.7  29.0   2.6   3.0   2.1
2  1961  364   9.1  24.8  29.4   2.7   3.3   0.0
2  1961  365  11.0  21.4  30.1   2.4   5.0   0.0
