*-----------------------------------------------------*
* Station name: Fortaleza-CE, Brazil
* Year: 1975
* Author: Luis Claudio Costa
* Source: UFV / DEA              -999.000:NIL VALUE
* Longitude: 38 36 w, latitude: 03 46 s, altitude: 21.13 m.
*
* Column     Daily value
* 1          station number
* 2          year
* 3          day
* 4          sunshine                      (hour d-1)
* 5          minimum temperature           (oC)        
* 6          maximum temperature           (oC)        
* 7          early morning vapour pressure (kPa)
* 8          mean wind speed (height: 2m ) (m s-1)
* 9          precipitation                 (mm d-1)
*-----------------------------------------------------*
-38.54 -3.75 21.13  0.25  0.54
1  1975    1   8.0  23.3  29.9   2.9   3.3   0.0
1  1975    2   9.5  23.5  30.2   3.0   3.3   3.0
1  1975    3   0.7  24.5  28.6   3.3   1.3   8.6
1  1975    4   5.6  25.4  29.4   3.1   1.3   0.8
1  1975    5  10.0  24.0  30.6   3.0   2.0   0.2
1  1975    6   9.4  23.6  30.2   3.1   3.0   1.4
1  1975    7  10.6  23.0  30.0   3.0   3.3   4.2
1  1975    8   7.4  23.6  30.0   3.1   3.0   1.9
1  1975    9   8.7  25.9  30.4   2.9   4.7   0.0
1  1975   10  10.2  25.3  30.6   3.0   2.0   2.6
1  1975   11   9.9  24.8  31.0   2.9   5.0   0.0
1  1975   12  10.9  25.2  31.2   2.8   4.0   0.0
1  1975   13   8.8  25.2  30.8   3.2   3.3   1.4
1  1975   14   8.4  24.9  31.4   3.4   4.7   0.0
1  1975   15   3.3  25.7  30.8   2.9   3.7   0.0
1  1975   16   1.2  22.8  28.6   3.0   2.3  12.9
1  1975   17  10.5  23.4  29.8   3.1   3.3   0.0
1  1975   18   9.8  24.4  30.6   3.0   3.7   0.0
1  1975   19   4.5  22.9  29.6   2.8   1.7   6.8
1  1975   20   1.4  21.9  30.4   2.7   1.0   0.2
1  1975   21   5.3  23.6  30.0   3.1   1.3   0.0
1  1975   22   0.5  23.1  28.6   3.2   2.0  10.8
1  1975   23   0.9  22.5  29.6   3.1   2.0   9.0
1  1975   24   8.0  23.7  30.0   3.0   2.0   4.8
1  1975   25  11.0  23.0  30.2   2.7   3.3   0.0
1  1975   26  10.9  23.0  31.0   3.1   2.0   0.0
1  1975   27  10.4  23.4  30.4   2.9   5.0   0.0
1  1975   28   7.5  23.7  30.6   3.2   2.3   5.1
1  1975   29  11.1  23.6  31.0   3.1   2.7   0.0
1  1975   30   0.8  23.4  27.2   3.0   4.0  27.6
1  1975   31   8.8  23.7  30.0   3.0   2.7   0.8
1  1975   32   7.5  25.0  30.8   3.2   2.3   0.2
1  1975   33   1.1  24.0  28.2   3.2   2.7   4.7
1  1975   34   0.0  24.0  27.6   3.3   1.0  14.3
1  1975   35   2.3  24.0  29.6   3.3   2.3   4.3
1  1975   36   6.9  23.0  30.2   3.1   2.3   0.0
1  1975   37   2.0  23.2  31.0   3.0   3.3   0.0
1  1975   38   5.7  24.0  30.1   2.9   1.7   0.0
1  1975   39   7.7  23.2  30.7   2.9   2.3   0.0
1  1975   40   9.8  22.9  29.8   3.1   1.3   0.7
1  1975   41   5.5  23.0  30.0   3.0   1.7   0.0
1  1975   42   4.6  25.4  29.4   3.1   2.3   0.7
1  1975   43   9.6  24.6  29.7   3.0   2.7   0.7
1  1975   44   2.4  24.0  29.2   3.3   3.3   3.4
1  1975   45   4.1  23.2  30.2   3.2   1.3   6.8
1  1975   46   0.2  22.4  28.2   3.1   2.0  26.1
1  1975   47   7.5  22.6  30.4   3.3   2.0   3.9
1  1975   48   5.6  24.4  30.4   3.3   2.7   0.8
1  1975   49   1.3  24.3  30.0   3.1   4.0   1.6
1  1975   50   8.7  25.0  30.4   3.0   3.7   0.6
1  1975   51   3.3  24.0  30.0   3.0   4.0   1.0
1  1975   52   6.2  23.0  30.1   2.9   3.3   0.0
1  1975   53   1.5  21.8  28.6   2.7   2.0  60.2
1  1975   54   5.6  22.5  29.2   3.0   3.3   0.3
1  1975   55  11.4  23.1  29.8   2.9   2.3   0.0
1  1975   56  10.0  23.0  30.8   2.9   3.0   0.2
1  1975   57   5.4  23.2  30.8   2.9   3.7   0.0
1  1975   58   8.6  22.8  30.8   3.0   3.7   0.2
1  1975   59   0.3  23.8  28.0   3.1   4.0   1.9
1  1975   60   0.0  22.3  28.8   3.1   2.3  18.2
1  1975   61   0.0  22.5  27.2   3.0   1.3  36.4
1  1975   62   3.6  23.2  29.4   3.1   1.3   0.0
1  1975   63   1.1  23.1  27.4   3.0   1.7   8.4
1  1975   64   0.6  22.2  27.2   3.0   2.7  41.2
1  1975   65   1.1  22.8  28.8   2.9   2.0  33.2
1  1975   66   7.2  23.0  30.4   2.9   2.0   0.7
1  1975   67   5.2  22.0  30.2   2.9   1.7  17.6
1  1975   68   0.0  23.4  28.0   3.0   1.7  17.2
1  1975   69   2.5  22.6  28.8   3.1   2.3   0.9
1  1975   70   0.9  23.3  30.2   3.0   2.0  10.8
1  1975   71   3.4  23.4  30.0   3.0   3.3   0.7
1  1975   72   5.1  23.0  30.2   3.2   3.7  11.9
1  1975   73   0.0  22.5  27.2   3.0   2.0  75.7
1  1975   74   8.2  23.0  30.4   3.1   2.7   7.2
1  1975   75  10.2  23.4  31.0   3.1   2.7   0.0
1  1975   76   8.8  23.2  30.6   3.1   2.3  23.4
1  1975   77   7.6  23.6  30.2   3.1   2.7   9.8
1  1975   78   8.5  23.4  30.8   3.0   2.7   0.0
1  1975   79   4.5  23.0  28.8   3.1   2.3  14.6
1  1975   80   7.5  22.4  30.8   3.1   1.7   0.0
1  1975   81   0.4  23.2  28.8   2.9   2.0  56.1
1  1975   82   0.0  23.0  27.4   3.1   1.0  20.8
1  1975   83   0.5  23.0  27.2   3.2   1.0  25.4
1  1975   84   3.7  23.5  29.4   3.1   1.0   2.6
1  1975   85  10.9  22.5  30.4   3.1   1.3   0.0
1  1975   86  10.2  22.8  30.4   3.1   2.3   0.0
1  1975   87  10.4  23.6  30.8   2.9   2.0   0.0
1  1975   88  10.5  22.0  30.8   2.9   2.0   0.0
1  1975   89  10.5  23.4  31.0   3.1   3.3   0.0
1  1975   90   0.0  23.0  26.8   3.0   1.3  23.3
1  1975   91   5.4  22.9  30.6   3.3   1.7   0.0
1  1975   92   3.4  24.6  30.0   3.2   2.3   3.2
1  1975   93   1.2  24.0  29.8   3.3   2.7   6.6
1  1975   94   0.0  23.8  28.6   3.1   1.7  17.2
1  1975   95   2.0  23.0  28.6   3.0   2.0   0.9
1  1975   96   8.8  22.4  30.8   3.1   2.3   0.0
1  1975   97   9.1  23.9  30.8   3.3   2.3   0.4
1  1975   98  10.9  23.4  31.2   3.2   2.7   0.0
1  1975   99   9.8  23.6  31.0   3.2   2.0   0.0
1  1975  100  10.9  23.2  31.0   3.2   4.3   0.1
1  1975  101   5.4  24.1  30.4   3.1   2.7   0.3
1  1975  102   6.7  23.6  29.8   3.1   3.0   8.4
1  1975  103   2.8  24.0  30.4   3.3   1.3   5.0
1  1975  104   8.4  23.3  30.8   3.3   4.0   6.9
1  1975  105   0.0  22.0  27.2   2.9   0.7  33.2
1  1975  106  10.0  22.2  29.8   3.2   2.0   0.8
1  1975  107   9.6  22.6  30.5   3.2   3.3   4.0
1  1975  108  10.8  23.0  30.6   3.2   3.0   7.7
1  1975  109   0.6  23.2  29.0   3.1   1.3  23.5
1  1975  110   8.4  22.4  29.8   3.0   0.7  17.6
1  1975  111   0.0  22.4  25.8   3.0   1.7  44.0
1  1975  112   4.4  22.7  29.8   3.1   1.7   3.1
1  1975  113   3.3  22.7  29.0   3.2   1.7   9.1
1  1975  114   7.1  22.9  30.2   2.9   2.7  15.8
1  1975  115   8.1  23.0  30.6   3.0   2.0   1.4
1  1975  116  10.7  23.2  30.6   3.1   3.3   0.1
1  1975  117   7.9  23.3  30.8   3.1   2.7   9.6
1  1975  118   0.6  23.7  28.4   3.2   1.3  17.0
1  1975  119   9.9  23.1  30.6   3.2   1.7   1.2
1  1975  120  10.6  23.1  30.8   2.8   3.3   2.6
1  1975  121   0.8  22.6  28.6   3.1   1.0   9.4
1  1975  122   5.1  23.0  28.4   3.2   1.3  16.2
1  1975  123   0.5  23.4  28.6   3.1   1.3   2.6
1  1975  124   4.4  23.2  29.6   3.2   0.3  34.4
1  1975  125   0.0  21.8  28.9   2.9   1.0  23.2
1  1975  126   2.8  23.4  30.4   3.1   1.3  28.1
1  1975  127   0.8  23.2  30.0   3.0   3.0   0.2
1  1975  128   6.2  22.8  30.4   2.7   3.0   0.2
1  1975  129   9.9  23.2  30.8   3.0   2.7   0.0
1  1975  130   0.0  23.5  26.8   2.9   1.7   5.7
1  1975  131   0.0  22.5  27.6   3.0   0.7   3.6
1  1975  132   1.5  23.4  28.6   3.1   1.0  35.6
1  1975  133   0.2  22.3  26.4   3.0   1.3   3.0
1  1975  134   0.0  22.7  26.8   2.9   1.3  28.8
1  1975  135   7.0  22.0  30.6   3.1   2.3   0.0
1  1975  136   0.9  23.0  29.6   3.1   1.7  11.9
1  1975  137   4.4  22.9  29.0   3.1   3.0   7.6
1  1975  138   7.3  22.7  29.8   3.0   1.7   4.0
1  1975  139   6.3  23.0  29.8   3.1   2.3   0.0
1  1975  140   4.1  22.4  29.4   3.0   2.7   1.4
1  1975  141  10.9  23.7  29.9   2.8   2.0   0.2
1  1975  142   8.7  23.0  30.5   2.8   3.3   5.2
1  1975  143   2.8  22.9  29.4   2.8   2.7  45.8
1  1975  144   9.8  22.2  29.0   2.6   2.7  49.2
1  1975  145   0.0  22.4  27.8   2.9   2.0   7.0
1  1975  146  10.9  22.8  29.8   2.7   3.7   3.2
1  1975  147   3.9  23.2  29.0   2.9   2.3  20.8
1  1975  148   6.1  23.4  29.4   3.0   2.7   2.4
1  1975  149   2.8  23.0  27.0   3.1   1.7  32.3
1  1975  150   1.0  22.8  27.0   3.0   2.3  37.6
1  1975  151  11.1  23.4  29.2   3.1   4.7   3.8
1  1975  152   9.1  23.5  30.0   3.0   4.7   5.6
1  1975  153   4.0  24.3  28.8   3.0   3.7   9.1
1  1975  154  10.5  23.6  29.4   3.1   5.0   0.0
1  1975  155  10.8  23.2  29.8   2.9   3.0   0.8
1  1975  156  10.4  23.2  29.8   2.9   5.3   0.0
1  1975  157  10.9  23.6  29.8   3.1   2.3   0.0
1  1975  158  10.9  23.0  29.4   3.1   3.0   0.0
1  1975  159   9.8  23.4  29.6   3.0   2.3   0.0
1  1975  160  10.6  23.7  29.8   3.0   3.0   0.2
1  1975  161  10.7  23.9  29.8   2.7   2.7   0.0
1  1975  162   9.3  22.6  30.0   3.0   1.7   0.0
1  1975  163   8.9  23.3  28.8   2.9   3.0  20.4
1  1975  164  10.7  22.7  29.2   2.7   2.7  16.6
1  1975  165   9.1  23.2  29.4   2.8   4.0   0.0
1  1975  166  10.0  22.9  29.6   2.9   2.3   0.5
1  1975  167   8.7  23.4  29.4   2.6   4.3   0.0
1  1975  168   9.1  22.0  28.2   3.0   3.7  16.4
1  1975  169   4.3  22.6  28.2   2.9   2.0  18.2
1  1975  170   8.4  22.4  28.8   3.0   3.7   1.4
1  1975  171  10.3  22.7  28.8   2.8   4.0   0.0
1  1975  172   7.8  22.6  29.2   2.7   5.3   0.7
1  1975  173  10.3  23.0  28.8   3.1   2.3  13.4
1  1975  174  11.2  23.2  29.8   2.8   5.0   0.4
1  1975  175   5.4  23.9  28.6   3.0   3.3   4.8
1  1975  176   4.4  23.8  28.2   3.1   3.3   7.9
1  1975  177  10.3  22.5  28.8   3.0   3.0  10.8
1  1975  178   2.0  22.5  27.0   2.9   2.7  17.1
1  1975  179   0.1  21.8  25.4   2.9   2.0   8.9
1  1975  180   4.4  22.7  28.4   2.9   3.0   1.0
1  1975  181   7.6  23.0  29.4   2.5   3.3   3.5
1  1975  182   4.8  22.6  29.0   2.5   3.0   1.8
1  1975  183   9.9  21.0  30.4   2.8   1.7   0.0
1  1975  184   9.0  21.6  31.0   2.9   4.0   0.0
1  1975  185   7.6  22.4  30.8   3.1   2.3   2.2
1  1975  186   0.0  21.6  27.0   3.0   2.7  27.5
1  1975  187   4.9  21.0  30.0   3.1   1.3   6.4
1  1975  188   9.4  20.4  30.0   3.1   1.3   0.0
1  1975  189  10.2  23.0  30.8   3.0   4.0   0.4
1  1975  190  10.2  21.5  30.4   2.8   4.3   8.0
1  1975  191  10.5  21.6  29.8   2.7   3.3  15.1
1  1975  192   5.6  20.7  29.8   2.7   3.7  26.8
1  1975  193   8.9  22.1  30.0   2.7   2.7   1.3
1  1975  194   6.1  22.3  28.8   2.6   2.3   1.2
1  1975  195   8.7  20.7  30.0   2.5   3.3   0.0
1  1975  196  11.0  22.0  30.8   2.5   3.7   0.0
1  1975  197   6.3  22.0  30.0   2.7   4.3   0.8
1  1975  198   6.1  23.0  29.0   3.1   3.7  23.0
1  1975  199   0.0  20.7  27.0   2.9   1.7   0.0
1  1975  200   4.6  21.6  29.0   3.0   3.3   4.5
1  1975  201   7.7  21.9  30.0   2.4   2.7   0.0
1  1975  202   8.5  21.2  30.6   2.6   3.7   0.0
1  1975  203  10.5  21.8  30.4   2.6   4.3   0.0
1  1975  204  11.3  19.7  29.8   2.2   4.3   2.0
1  1975  205   7.2  21.6  29.4   2.1   4.0   0.0
1  1975  206   8.3  21.2  30.4   2.5   2.0   0.0
1  1975  207   8.9  20.0  29.4   1.9   4.3   0.0
1  1975  208  10.9  19.9  31.0   2.6   2.3   0.0
1  1975  209   9.9  21.8  29.8   2.5   2.7   0.0
1  1975  210   6.1  22.1  30.4   2.5   4.3   0.3
1  1975  211  11.0  21.4  30.8   2.5   2.7   0.0
1  1975  212  11.3  20.4  31.2   2.4   3.3   0.0
1  1975  213   6.8  21.8  31.0   2.1   4.3   0.0
1  1975  214   9.4  21.4  30.2   2.6   5.3   0.0
1  1975  215   2.3  21.5  28.0   2.7   2.3   2.5
1  1975  216  10.9  21.8  30.4   2.6   3.3   0.0
1  1975  217  10.7  21.8  30.0   2.5   5.3   0.0
1  1975  218  11.0  21.3  30.8   2.5   4.0   0.0
1  1975  219  10.4  21.2  30.6   2.4   3.7   0.0
1  1975  220  10.4  22.0  30.0   2.4   3.7   0.0
1  1975  221  10.8  22.2  30.8   2.8   3.3   0.0
1  1975  222  11.1  23.4  30.6   2.5   6.7   0.0
1  1975  223  11.0  22.2  31.2   2.5   5.3   0.0
1  1975  224   9.0  22.3  31.8   2.5   7.3   0.0
1  1975  225  10.8  21.8  30.4   2.4   4.0   0.0
1  1975  226  10.2  20.8  31.0   2.5   3.0   0.0
1  1975  227  11.1  20.5  31.6   2.6   4.0   0.0
1  1975  228  11.1  20.7  31.2   2.9   5.0   0.0
1  1975  229  10.2  22.4  31.6   2.9   6.0   0.0
1  1975  230   7.3  22.7  31.8   2.4   4.7   0.0
1  1975  231   6.3  23.2  31.4   2.8   3.7   0.0
1  1975  232   8.7  23.2  31.0   2.9   4.0   4.0
1  1975  233   8.5  24.1  32.0   3.0   3.3   0.2
1  1975  234   3.0  23.1  30.6   2.4   3.7   0.0
1  1975  235  10.5  23.9  31.2   2.9   6.3   0.3
1  1975  236   9.1  23.4  30.6   3.0   6.0   1.3
1  1975  237   7.6  22.9  30.6   2.8   4.0   3.8
1  1975  238  10.8  23.5  30.8   2.5   4.3   0.0
1  1975  239  11.1  21.8  30.6   2.6   3.7   0.0
1  1975  240  10.8  23.2  30.6   2.2   4.7   0.0
1  1975  241  10.9  23.0  31.2   2.1   4.0   0.0
1  1975  242  10.6  23.2  31.8   2.3   5.3   0.0
1  1975  243  10.8  22.8  31.0   2.1   6.0   0.0
1  1975  244  10.5  22.6  31.0   2.5   3.7   0.0
1  1975  245  10.0  22.3  30.8   2.7   3.7   1.2
1  1975  246   8.5  23.6  30.6   2.7   5.3   0.4
1  1975  247   7.2  23.4  32.6   2.6   5.0   0.0
1  1975  248   2.9  22.4  30.6   2.3   4.7   0.0
1  1975  249   3.6  22.8  29.6   2.8   5.7  15.4
1  1975  250   3.2  21.8  28.6   3.0   3.3  10.6
1  1975  251   5.3  22.3  30.0   3.0   2.3   3.9
1  1975  252  10.1  22.0  31.4   2.5   4.0   0.0
1  1975  253  10.3  22.6  31.0   2.7   2.7   0.0
1  1975  254  10.4  21.8  31.4   2.5   5.3   0.0
1  1975  255  10.1  24.1  30.4   2.5   5.3   0.4
1  1975  256  10.6  22.6  30.8   2.7   5.0   0.0
1  1975  257  10.7  22.8  30.4   2.4   4.3   0.0
1  1975  258   9.5  22.2  30.6   2.3   4.7   0.0
1  1975  259  10.5  22.2  30.6   2.6   3.7   0.0
1  1975  260   9.5  23.9  31.6   2.6   5.0   1.1
1  1975  261  10.4  24.1  30.8   2.3   4.0   0.5
1  1975  262  10.7  21.6  30.8   2.3   4.3   0.3
1  1975  263  11.2  22.8  31.4   2.4   4.3   0.0
1  1975  264   9.8  24.0  30.6   2.4   4.0   0.0
1  1975  265  10.4  23.2  30.6   2.2   5.3   0.4
1  1975  266   9.0  23.1  31.8   2.8   3.3   1.6
1  1975  267  10.3  23.1  31.6   2.6   3.7   0.1
1  1975  268   9.5  23.7  31.2   2.6   4.3   0.0
1  1975  269   9.0  24.6  30.8   2.6   2.7   0.0
1  1975  270  10.2  24.2  32.0   2.5   3.7   0.0
1  1975  271  10.5  23.0  32.6   2.3   4.7   0.0
1  1975  272  10.4  23.7  32.2   2.3   3.0   0.0
1  1975  273   9.7  23.3  32.0   2.3   4.0   0.0
1  1975  274   9.7  24.2  31.2   2.4   3.7   0.0
1  1975  275   9.0  24.1  32.0   2.5   3.7   0.0
1  1975  276   9.5  24.3  31.6   2.4   4.7   0.0
1  1975  277   4.9  24.4  29.6   2.7   3.7   8.7
1  1975  278   9.4  23.6  30.0   2.8   4.0   0.0
1  1975  279  10.7  24.5  31.0   2.5   5.3   0.0
1  1975  280   6.5  24.6  30.8   3.1   5.3   3.4
1  1975  281   7.1  24.6  30.6   2.7   5.3   0.0
1  1975  282  10.0  24.1  30.8   2.7   4.7   0.0
1  1975  283  11.0  24.4  31.0   2.6   2.7   0.0
1  1975  284   7.7  24.3  30.8   2.4   4.0   0.0
1  1975  285   9.7  23.6  31.0   2.9   4.0   0.0
1  1975  286   8.8  23.1  31.0   2.9   3.3   1.3
1  1975  287   9.5  24.1  31.8   2.7   3.0   0.1
1  1975  288   9.9  24.3  31.8   2.4   5.3   0.0
1  1975  289  10.7  24.8  31.4   2.6   3.7   0.0
1  1975  290  10.6  23.5  31.0   2.5   5.7   0.0
1  1975  291   9.3  23.8  30.8   2.8   4.0   0.0
1  1975  292  10.2  24.0  31.0   2.6   3.3   0.0
1  1975  293   9.5  23.8  30.6   2.7   2.7   0.0
1  1975  294  10.9  22.8  31.0   2.7   5.0   0.0
1  1975  295   5.6  24.6  30.8   2.7   3.3   0.0
1  1975  296  11.0  25.0  31.0   2.7   4.3   0.0
1  1975  297  10.7  25.1  30.8   2.6   4.0   0.2
1  1975  298  10.8  24.4  30.8   2.6   3.3   0.0
1  1975  299   8.3  22.8  32.8   2.4   4.3   0.0
1  1975  300   8.9  25.0  31.0   2.9   4.7   0.0
1  1975  301   7.0  24.8  31.8   2.7   4.3   0.0
1  1975  302   9.2  24.7  31.0   2.8   3.7   0.0
1  1975  303   8.7  25.1  31.0   3.1   3.0   0.0
1  1975  304  11.1  23.6  30.8   2.7   3.3   0.0
1  1975  305  11.1  22.0  30.6   2.4   4.3   0.0
1  1975  306  11.3  22.6  30.4   2.6   2.3   0.0
1  1975  307  10.5  23.2  31.8   2.7   4.0   0.0
1  1975  308   6.7  25.4  31.2   2.5   4.0   0.0
1  1975  309  11.3  25.3  31.4   2.6   4.0   0.0
1  1975  310   9.1  23.3  30.4   2.5   3.3   0.2
1  1975  311  11.5  23.0  31.8   2.8   5.0   0.0
1  1975  312  10.6  24.0  31.6   2.5   3.3   0.0
1  1975  313  10.9  25.2  31.0   2.5   4.0   0.0
1  1975  314  10.4  25.2  31.2   2.7   5.0   0.0
1  1975  315  11.4  25.4  31.6   2.7   4.0   0.0
1  1975  316  11.4  25.6  32.0   2.7   3.3   0.0
1  1975  317  10.6  25.2  31.8   2.7   3.7   0.0
1  1975  318  10.6  23.9  31.6   2.7   4.7   0.0
1  1975  319   9.0  24.8  31.6   3.0   4.0   0.5
1  1975  320   8.1  25.4  31.6   2.7   5.0   0.0
1  1975  321   9.7  23.6  30.4   2.5   3.7   2.6
1  1975  322   5.5  23.8  31.2   2.9   4.3   0.1
1  1975  323   7.9  24.9  30.4   3.0   3.0   1.7
1  1975  324   4.7  24.6  31.0   2.8   4.7   0.0
1  1975  325  10.5  25.0  30.4   2.7   3.7   0.0
1  1975  326  10.6  24.6  31.2   2.8   3.0   0.0
1  1975  327   7.5  23.2  30.8   2.4   5.0   0.0
1  1975  328   9.3  23.2  31.0   2.6   2.7   0.0
1  1975  329   6.7  24.1  31.6   3.0   3.3   0.2
1  1975  330   8.8  24.6  31.2   2.7   4.3   0.0
1  1975  331   4.3  25.0  31.6   2.9   4.7   0.0
1  1975  332   0.3  24.0  27.4   3.1   2.3   8.1
1  1975  333   6.7  24.0  30.2   2.9   5.7   0.0
1  1975  334  10.5  24.0  30.6   2.5   4.3   0.0
1  1975  335   9.8  23.8  31.2   2.9   5.0   0.0
1  1975  336  10.1  25.8  31.4   2.9   3.0   0.0
1  1975  337   9.9  24.0  31.0   3.1   3.0   6.3
1  1975  338   7.4  23.2  30.0   2.8   2.0   7.4
1  1975  339   5.3  23.0  29.4   3.0   3.0   5.3
1  1975  340   1.5  22.5  28.2   2.9   2.3  21.2
1  1975  341   8.8  22.5  30.6   3.2   4.7   7.2
1  1975  342   6.4  23.9  30.8   3.1   2.3   0.4
1  1975  343   8.4  23.3  30.8   2.8   3.0   0.4
1  1975  344   5.1  22.5  30.4   2.9   3.3   0.2
1  1975  345   6.3  23.8  29.0   2.8   3.0  12.4
1  1975  346   9.8  23.6  30.0   2.9   4.0   0.0
1  1975  347  11.1  23.8  30.4   2.9   4.0   0.0
1  1975  348  10.7  24.6  30.0   2.9   3.3   0.7
1  1975  349  10.3  25.2  30.0   2.8   3.0   0.0
1  1975  350  11.0  23.0  29.4   2.6   5.0   0.0
1  1975  351   9.9  23.6  29.5   2.9   4.0   0.4
1  1975  352  11.3  23.8  30.2   2.7   5.7   0.0
1  1975  353  10.4  23.5  31.0   2.8   3.0   0.0
1  1975  354   2.3  23.0  29.4   3.0   2.0  12.0
1  1975  355  11.2  23.2  30.2   3.0   3.0   0.0
1  1975  356   9.7  25.0  30.0   3.0   3.7   0.3
1  1975  357   6.7  24.3  29.0   3.0   2.3   2.4
1  1975  358   9.5  23.9  30.4   2.9   2.7   0.0
1  1975  359   9.6  23.7  31.0   3.1   3.7   0.0
1  1975  360   8.5  24.8  31.2   3.2   3.0   0.0
1  1975  361   1.1  24.8  28.4   3.0   2.7   1.2
1  1975  362   0.0  22.9  27.8   3.0   3.7   5.6
1  1975  363   6.8  23.2  30.4   3.1   3.7   0.0
1  1975  364   4.4  23.8  29.0   3.0   3.7   8.5
1  1975  365   6.6  23.8  28.8   3.0   3.3   0.7
