*-----------------------------------------------------*
* Station name: Vicosa-MG, Brazil
* Year: 1975
* Author: Luis Claudio Costa
* Source: UFV / DEA              -999.000:NIL VALUE
* Longitude: 42 51 W, latitude: 20 45 S, altitude: 642.88 m.
*
* Column     Daily value
* 1          station number
* 2          year
* 3          day
* 4          sunshine                      (hour d-1)
* 5          minimum temperature           (oC)        
* 6          maximum temperature           (oC)        
* 7          early morning vapour pressure (kPa)
* 8          mean wind speed (height: 2m ) (m s-1)
* 9          precipitation                 (mm d-1)
*-----------------------------------------------------*
-42.88  -20.75  642.88 0.25 0.54
3  1975    1   1.6  18.4  26.0   2.2   2.3  38.0
3  1975    2   0.0  16.8  23.4   2.0   3.0 153.0
3  1975    3   0.0  15.5  21.5   1.8   1.3  16.4
3  1975    4   1.5  16.5  24.6   1.9   0.7   0.1
3  1975    5   7.0  16.7  25.1   2.0   1.3   1.3
3  1975    6   1.6  13.8  23.9   1.8   1.0   6.7
3  1975    7   9.0  15.1  28.1   2.1   0.7   3.8
3  1975    8   3.2  16.2  26.6   2.2   1.3   0.5
3  1975    9   3.6  15.5  26.0   2.1   1.3   6.7
3  1975   10   8.5  17.5  29.7   2.3   3.0   0.8
3  1975   11   4.4  17.9  29.9   2.3   3.0  13.2
3  1975   12   0.5  18.8  27.2   2.4   2.3   1.1
3  1975   13   9.6  17.8  32.1   2.4   3.0   0.0
3  1975   14   7.5  18.3  29.3   2.2   3.7   0.2
3  1975   15  11.7  17.1  30.7   2.2   2.7   0.0
3  1975   16  11.6  15.3  29.9   2.1   2.7   0.0
3  1975   17   9.5  16.5  30.7   2.1   2.7   0.0
3  1975   18   6.8  17.3  31.3   2.1   1.3   0.0
3  1975   19   1.8  17.6  28.7   2.3   3.3   0.0
3  1975   20   1.8  18.1  25.6   2.2   3.0   8.0
3  1975   21   0.0  16.8  20.5   1.9   1.0   4.1
3  1975   22   0.3  17.4  23.7   2.0   1.7  11.6
3  1975   23   0.8  17.7  24.7   2.2   1.0  16.1
3  1975   24   1.0  18.0  26.4   2.2   3.7   1.0
3  1975   25   7.2  17.2  28.6   2.1   1.7   2.4
3  1975   26   9.2  16.7  30.1   2.1   2.3   7.2
3  1975   27  11.5  17.5  31.0   2.1   1.3   0.0
3  1975   28  11.3  15.4  30.7   2.3   2.3   0.0
3  1975   29   3.8  19.0  29.2   2.3   1.3   0.0
3  1975   30   4.7  17.8  29.2   2.2   0.7   0.0
3  1975   31   5.2  18.3  29.0   2.2   0.7   0.8
3  1975   32   6.1  18.2  29.3   2.3   2.0  11.4
3  1975   33   4.1  17.6  28.6   2.0   3.7  24.0
3  1975   34   0.3  19.4  27.3   2.3   1.3   0.0
3  1975   35   3.0  20.3  29.3   2.3   3.0   0.7
3  1975   36   2.1  19.6  28.3   2.6   0.7  53.8
3  1975   37   0.0  18.2  23.4   2.1   1.7   7.3
3  1975   38   4.3  19.0  28.2   2.3   1.0   0.0
3  1975   39   8.4  21.4  29.3   2.4   2.0   0.0
3  1975   40   5.2  20.9  29.7   2.4   2.7  32.6
3  1975   41   6.2  19.2  28.2   2.4   1.3   6.6
3  1975   42   8.4  19.0  27.8   2.2   1.3   0.5
3  1975   43  10.2  18.4  28.7   2.3   1.7   0.0
3  1975   44   9.9  17.8  31.4   2.5   1.7   0.0
3  1975   45   7.8  17.5  32.2   2.6   3.0   0.0
3  1975   46  10.8  17.3  32.6   2.4   1.3  37.7
3  1975   47   9.1  18.2  32.4   2.7   0.7   0.1
3  1975   48  10.9  19.4  29.3   2.7   2.0  11.6
3  1975   49  11.0  17.8  30.3   2.4   3.7   0.0
3  1975   50   7.2  18.2  29.5   2.4   2.7   0.0
3  1975   51  10.7  17.6  29.3   2.1   2.0   0.0
3  1975   52  10.9  14.6  29.8   2.1   1.3   0.0
3  1975   53   8.4  16.7  30.0   2.2   3.3   0.0
3  1975   54   1.5  16.3  27.2   2.3   3.7   0.2
3  1975   55   7.3  17.4  28.6   2.1   2.0   1.1
3  1975   56  10.2  16.3  30.6   2.2   1.7   0.0
3  1975   57   5.4  18.2  29.4   2.3   1.3   0.0
3  1975   58  11.0  18.0  29.0   2.0   3.0   0.0
3  1975   59   8.7  17.2  29.4   2.2   1.7   0.0
3  1975   60  10.4  16.6  31.4   2.1   2.3   0.0
3  1975   61  10.0  17.5  30.5   2.2   2.0   0.0
3  1975   62   6.8  16.2  30.4   2.3   2.3   0.2
3  1975   63  10.6  17.0  29.7   2.1   2.3  25.0
3  1975   64  11.4  16.6  29.6   2.1   1.3   0.0
3  1975   65  10.1  16.2  31.2   2.2   1.3   0.0
3  1975   66   9.2  17.9  31.1   2.3   2.3   0.0
3  1975   67   9.9  16.2  29.9   2.1   2.0   0.8
3  1975   68   7.1  16.5  29.9   2.3   1.3   0.6
3  1975   69   8.5  17.7  29.5   2.3   2.3   0.0
3  1975   70   7.1  16.5  29.7   2.2   1.0   5.3
3  1975   71  10.9  15.4  29.3   2.0   1.3   0.0
3  1975   72   7.3  15.3  29.2   2.2   2.7   0.0
3  1975   73  10.3  16.2  31.9   2.2   1.0   0.0
3  1975   74   9.5  17.2  30.7   2.4   2.7   0.0
3  1975   75  10.1  18.2  30.4   2.3   5.0   0.0
3  1975   76   8.2  17.0  27.5   1.7   3.0   0.0
3  1975   77   9.0  15.7  26.5   1.9   4.3   0.0
3  1975   78   5.5  15.8  27.8   2.1   2.0   0.0
3  1975   79   7.0  17.8  29.5   2.1   0.3   0.0
3  1975   80   8.0  16.0  30.9   2.3   0.7   0.0
3  1975   81   3.6  18.7  28.0   2.3   1.3   0.0
3  1975   82  10.0  17.8  30.2   2.2   1.3   0.0
3  1975   83   8.6  16.6  31.0   2.3   1.0   0.0
3  1975   84   2.4  19.2  28.3   2.3   2.3   6.5
3  1975   85   0.7  17.8  25.2   1.9   3.0  35.6
3  1975   86   3.0  17.8  25.1   2.1   3.3   2.8
3  1975   87   7.3  15.4  26.0   1.8   2.0   0.0
3  1975   88   8.3  14.6  27.3   1.9   0.7   0.0
3  1975   89   6.9  16.6  28.1   2.2   1.0   0.0
3  1975   90   7.4  15.4  30.3   2.3   2.3   0.0
3  1975   91   6.3  19.7  27.1   2.3   2.0   1.1
3  1975   92   0.0  17.6  23.0   2.1   1.3   6.4
3  1975   93   0.0  18.4  21.2   2.2   3.0  18.6
3  1975   94   7.2  15.2  24.3   1.7   3.7   0.0
3  1975   95  11.4  13.2  23.8   1.5   3.3   0.0
3  1975   96   9.5  12.7  24.8   1.7   3.0   0.0
3  1975   97   9.4  13.3  24.8   1.7   2.0   0.0
3  1975   98  10.4  12.1  25.7   1.9   1.7   0.0
3  1975   99   7.2  11.2  25.7   1.8   1.3   0.0
3  1975  100   1.7  15.6  24.4   2.0   2.0   0.0
3  1975  101   4.8  16.0  27.2   2.1   3.0   0.6
3  1975  102   8.2  15.6  28.2   2.2   1.3  15.4
3  1975  103   6.2  15.2  26.4   2.2   1.0   0.0
3  1975  104   7.1  16.0  27.5   2.1   1.3   0.0
3  1975  105   1.2  15.3  24.7   2.0   4.0   0.0
3  1975  106   3.1  15.7  22.8   1.4   2.0  19.6
3  1975  107   2.7  12.6  23.1   1.7   1.3   0.0
3  1975  108   8.0  12.3  26.3   1.8   0.7   0.0
3  1975  109   8.8  10.5  26.3   1.7   1.0   0.0
3  1975  110   7.3  12.6  26.2   1.8   1.7   0.0
3  1975  111   6.8  16.3  25.8   1.9   3.0   0.0
3  1975  112  10.5  12.6  25.0   1.6   2.3   0.0
3  1975  113   7.1  13.0  24.8   1.8   1.3   0.0
3  1975  114   6.6  12.9  25.4   1.8   2.0   0.0
3  1975  115  10.3   8.0  25.2   1.6   1.3   0.1
3  1975  116   8.6   9.0  25.7   1.6   1.0   0.0
3  1975  117  10.5   8.7  25.8   1.7   1.3   0.0
3  1975  118   7.9  13.0  26.8   1.9   1.3   0.0
3  1975  119   9.2  15.0  27.6   1.9   1.7   0.0
3  1975  120   9.7  11.5  28.6   1.7   1.3   0.0
3  1975  121   9.3  11.6  28.5   1.8   0.7   0.0
3  1975  122  10.0  16.1  27.7   2.0   1.3   0.0
3  1975  123  10.1  13.7  29.3   2.0   1.3   0.0
3  1975  124   5.3  17.7  24.4   2.2   4.3   1.6
3  1975  125   3.0  15.6  23.8   1.7   0.7   0.0
3  1975  126   0.0  16.0  19.9   1.9   1.3  11.4
3  1975  127   1.0  16.6  21.1   2.0   1.0  12.9
3  1975  128   7.3  15.7  24.5   1.9   2.3   0.0
3  1975  129  10.3  11.6  23.9   1.6   3.7   0.0
3  1975  130  10.2  12.4  23.5   1.6   2.7   0.0
3  1975  131   7.4  10.0  24.9   1.6   1.7   0.0
3  1975  132   6.7  10.9  26.2   1.7   2.3   0.1
3  1975  133   9.0  11.1  25.4   1.7   1.0   0.0
3  1975  134   8.1  10.7  26.3   1.8   0.7   0.0
3  1975  135   9.0  11.6  28.6   1.8   1.0   0.1
3  1975  136   9.9  14.3  25.1   1.8   2.0   0.0
3  1975  137   3.4  14.8  25.1   1.9   2.0   0.0
3  1975  138   9.4  14.2  26.2   2.1   3.7   0.0
3  1975  139  10.3  11.2  21.9   1.3   3.7   0.0
3  1975  140   9.4  10.3  20.8   1.4   2.0   0.0
3  1975  141   9.8   9.1  21.6   1.3   2.7   0.1
3  1975  142   9.6   9.5  20.3   1.4   3.3   0.0
3  1975  143  10.2   9.2  20.8   1.2   2.3   0.0
3  1975  144   6.8   8.4  19.5   1.2   2.3   0.0
3  1975  145   5.7  11.1  21.8   1.5   3.7   0.7
3  1975  146  10.2  10.1  21.8   1.3   2.0   0.0
3  1975  147   9.9   7.1  24.5   1.3   1.0   0.0
3  1975  148   7.0   7.5  24.1   1.4   2.0   0.0
3  1975  149   7.8   7.1  23.9   1.5   1.0   0.1
3  1975  150   9.2   5.5  23.6   1.3   1.0   0.1
3  1975  151   7.1   5.4  23.1   1.2   1.3   0.1
3  1975  152   9.8   5.2  25.0   1.3   0.7   0.1
3  1975  153  10.2   5.1  27.2   1.3   1.0   0.0
3  1975  154   9.9   7.7  27.4   1.3   0.3   0.0
3  1975  155   9.3  10.3  26.9   1.6   1.3   0.0
3  1975  156   8.3  15.0  26.4   1.8   1.3   0.0
3  1975  157   4.8  15.4  25.0   1.9   2.3   0.0
3  1975  158   8.9  15.4  27.5   1.8   1.3   0.1
3  1975  159   0.6  13.4  19.4   1.5   1.7   0.0
3  1975  160   1.8  13.0  21.2   1.6   1.0   1.0
3  1975  161   4.0  14.6  23.3   1.8   2.3   0.0
3  1975  162   6.7  11.4  26.0   1.6   1.3   0.2
3  1975  163   6.8   8.6  25.3   1.5   1.3   0.1
3  1975  164   9.7   6.6  25.6   1.3   1.3   0.1
3  1975  165   7.7   9.1  23.9   1.6   3.0   0.0
3  1975  166   5.7  12.7  21.5   1.5   3.7   0.0
3  1975  167   9.7   9.1  21.1   1.3   3.7   0.0
3  1975  168   7.7   8.4  21.1   1.1   2.7   0.0
3  1975  169   3.3  11.5  20.3   1.4   1.7   0.0
3  1975  170   3.2  12.0  21.9   1.5   1.0   0.0
3  1975  171   3.6  12.3  22.8   1.6   1.7   0.0
3  1975  172   6.0  10.7  22.8   1.5   0.7   0.0
3  1975  173   8.0   7.9  23.3   1.4   1.3   0.1
3  1975  174   9.9   6.4  25.8   1.4   0.7   0.1
3  1975  175   9.7   7.2  24.7   1.4   0.7   0.0
3  1975  176   7.9   8.9  23.8   1.5   1.3   0.0
3  1975  177   9.2  11.7  23.5   1.5   1.7   0.0
3  1975  178   3.4  10.7  22.8   1.7   2.3   0.0
3  1975  179   4.8  12.1  24.4   1.8   1.0  13.8
3  1975  180   8.0  13.9  25.4   1.8   0.7   0.5
3  1975  181   2.3  13.9  22.3   1.8   0.7  25.2
3  1975  182   2.9  13.9  20.8   1.7   1.0  12.3
3  1975  183   9.1  10.0  24.9   1.6   1.3   0.2
3  1975  184   8.2  10.8  25.8   1.6   1.3   0.1
3  1975  185   0.0   9.9  16.7   1.7   0.3  20.2
3  1975  186   6.4   9.8  23.4   1.3   1.7   0.3
3  1975  187   5.2  10.8  24.8   1.6   1.3   0.1
3  1975  188   9.8   4.7  19.9   1.0   1.7   0.1
3  1975  189   9.9   3.1  20.7   1.0   1.3   0.0
3  1975  190   8.9   4.0  21.6   1.1   1.3   0.1
3  1975  191   7.8   5.6  22.6   1.2   0.7   0.1
3  1975  192   9.1   4.9  22.5   1.2   1.7   0.1
3  1975  193   9.4   5.4  24.1   1.2   1.3   0.1
3  1975  194  10.1   5.5  25.9   1.3   1.0   0.0
3  1975  195   9.9   7.4  23.8   1.5   1.3   0.1
3  1975  196   8.4   8.5  24.7   1.6   2.7   0.0
3  1975  197   7.2   7.9  22.8   1.5   2.7   0.1
3  1975  198  10.1   8.5  26.4   1.5   2.3   0.0
3  1975  199   0.0   8.1  14.5   1.4   3.7   0.9
3  1975  200   0.0   7.7  12.8   1.1   3.0   0.0
3  1975  201   0.7  10.5  16.5   1.3   1.0   0.0
3  1975  202   6.4  11.3  20.8   1.4   1.3   0.0
3  1975  203   6.5   8.4  20.0   1.3   1.7   0.0
3  1975  204  10.3   6.1  21.5   1.2   2.7   0.0
3  1975  205   8.7   7.8  23.8   1.3   2.0   0.0
3  1975  206   9.1  12.4  23.8   1.6   1.3   0.0
3  1975  207   5.7  10.4  24.4   1.7   1.7   0.0
3  1975  208   9.4  11.0  22.5   1.5   2.7   0.0
3  1975  209   6.2  10.5  21.6   1.4   2.3   0.0
3  1975  210   7.3   9.2  23.6   1.5   2.0   0.0
3  1975  211   7.7   6.6  22.7   1.2   1.0   0.0
3  1975  212   9.5   6.4  23.6   1.3   1.0   0.0
3  1975  213   6.5   7.9  23.7   1.4   1.3   0.0
3  1975  214   9.4   7.1  22.9   1.5   1.3   0.0
3  1975  215  10.3   7.5  25.0   1.4   0.7   0.0
3  1975  216   8.1   9.6  25.2   1.6   2.7   0.1
3  1975  217   9.7   8.8  27.1   1.5   1.0   0.1
3  1975  218   9.8   9.6  28.1   1.5   0.7   0.0
3  1975  219   9.8   9.5  26.0   1.5   1.3   0.0
3  1975  220   9.7   9.5  26.2   1.6   1.3   0.1
3  1975  221   8.1  10.9  24.9   1.7   1.0   0.0
3  1975  222   6.6  13.4  24.8   1.6   1.3   0.0
3  1975  223   8.3   9.5  24.5   1.7   2.0   0.0
3  1975  224   9.9   9.1  25.2   1.5   1.0   0.0
3  1975  225  10.2   8.6  25.6   1.5   0.7   0.0
3  1975  226  10.4   9.0  24.8   1.4   3.3   0.0
3  1975  227   8.4  10.0  25.1   1.4   2.3   0.0
3  1975  228   8.6  13.1  25.8   1.6   1.3   0.0
3  1975  229  10.0   8.5  25.4   1.5   1.7   0.0
3  1975  230  10.2  10.0  25.3   1.5   2.7   0.0
3  1975  231   9.9   7.3  26.5   1.2   1.7   0.0
3  1975  232  10.1   7.9  27.2   1.4   1.3   0.0
3  1975  233  10.3   7.3  26.6   1.4   1.3   0.0
3  1975  234  10.6   7.1  25.2   1.4   2.7   0.0
3  1975  235   7.9   8.1  25.3   1.5   2.0   0.0
3  1975  236   9.2  10.2  25.6   1.6   3.0   0.0
3  1975  237  10.3   8.8  26.5   1.7   2.7   0.0
3  1975  238  10.5   8.1  27.1   1.5   2.7   0.0
3  1975  239   5.1  13.7  27.0   1.8   2.3   0.0
3  1975  240   5.6  12.7  25.8   1.7   2.0   0.0
3  1975  241  10.3   9.8  26.8   1.6   2.7   0.0
3  1975  242  10.4   8.9  28.1   1.6   1.3   0.0
3  1975  243   8.7   9.2  25.8   1.7   1.0   0.0
3  1975  244   8.5  11.0  25.7   1.6   1.3   0.0
3  1975  245   5.0  10.1  25.4   1.5   1.0   0.0
3  1975  246  10.5  12.7  25.6   1.4   3.0   0.0
3  1975  247   8.2  10.6  26.1   1.5   2.0   0.0
3  1975  248  10.9   6.0  26.7   1.2   2.0   0.0
3  1975  249   8.2   9.6  26.4   1.6   2.0   0.0
3  1975  250  10.5  12.4  29.8   1.7   3.0   0.0
3  1975  251  10.1  10.6  28.5   1.7   2.0   0.0
3  1975  252   8.7  12.3  27.9   1.8   1.3   0.0
3  1975  253  10.1  12.6  26.7   1.5   3.3   0.0
3  1975  254  10.2  10.7  27.0   1.7   4.3   0.0
3  1975  255   8.8  11.6  28.0   1.8   2.7   0.0
3  1975  256  10.7  10.6  27.7   1.6   2.0   0.0
3  1975  257   9.9  10.7  27.6   1.6   2.7   0.0
3  1975  258  10.8  10.0  29.9   1.6   3.0   0.0
3  1975  259   7.9  12.6  27.5   1.6   2.7   0.0
3  1975  260   3.7  14.4  25.5   1.6   1.7   0.0
3  1975  261   8.2  15.5  26.0   1.6   2.0   0.0
3  1975  262   3.6  14.5  22.6   1.7   2.0   0.0
3  1975  263   0.3  13.4  20.5   1.4   1.3   0.0
3  1975  264   6.6  14.3  23.9   1.5   1.3   0.0
3  1975  265   6.7  10.0  23.9   1.4   0.7   0.0
3  1975  266   5.1  10.6  25.8   1.5   2.7   0.0
3  1975  267   5.7  12.6  29.4   1.5   0.7   0.0
3  1975  268   6.4  11.7  31.0   1.8   0.7   0.0
3  1975  269   0.0  11.8  20.1   1.6   1.0   9.3
3  1975  270   0.0  12.6  16.8   1.5   0.3   5.0
3  1975  271   1.4  13.7  22.5   1.7   1.0  14.0
3  1975  272   5.9  14.1  25.9   1.9   1.3   0.0
3  1975  273   3.4  14.0  25.7   1.9   3.3   0.0
3  1975  274   6.1  14.4  30.6   2.1   1.3   0.0
3  1975  275   6.2  17.0  28.9   1.9   3.3   0.0
3  1975  276   2.6  17.4  30.1   2.0   1.3   0.0
3  1975  277   0.0  18.2  22.6   2.0   1.7   2.9
3  1975  278   0.0  16.4  22.0   2.2   0.7   0.0
3  1975  279   0.0  16.3  18.1   1.8   0.7   1.1
3  1975  280   8.2  16.5  29.3   2.0   2.3   0.0
3  1975  281   2.6  16.9  29.1   2.0   1.3   0.0
3  1975  282   5.2  17.6  28.4   2.1   1.7   2.1
3  1975  283   3.3  18.3  26.0   2.0   2.3  24.0
3  1975  284   2.0  17.4  26.3   2.1   3.0   2.3
3  1975  285   3.0  16.3  22.9   1.7   2.3  30.2
3  1975  286   8.5  15.5  26.8   1.8   1.7   0.2
3  1975  287   5.1  16.0  27.0   1.9   4.3   0.0
3  1975  288   6.1  16.8  28.1   2.1   2.0  10.2
3  1975  289   7.0  17.4  29.3   2.2   2.3   0.0
3  1975  290   0.7  18.2  26.0   2.2   1.3   0.1
3  1975  291   2.6  17.7  27.2   2.0   1.7   3.2
3  1975  292   0.9  16.1  24.5   2.1   1.7  20.1
3  1975  293   2.8  16.0  27.4   2.1   2.3   2.9
3  1975  294   9.8  15.4  30.6   2.1   1.7   0.1
3  1975  295   7.3  17.5  28.7   1.8   1.7   0.0
3  1975  296   7.8  18.0  26.9   2.1   2.3   0.0
3  1975  297   7.9  16.8  24.2   1.8   2.3   0.0
3  1975  298   1.5  16.4  24.7   1.8   2.7   0.0
3  1975  299   0.0  16.3  19.8   2.0   0.7  10.6
3  1975  300   9.4  16.7  28.9   1.9   1.7   0.5
3  1975  301   8.6  15.4  30.1   2.1   2.3   0.0
3  1975  302   9.4  13.8  29.8   2.1   1.3   0.0
3  1975  303  10.8  17.5  30.1   2.1   2.0   0.0
3  1975  304   5.5  17.2  28.3   2.1   2.7   0.0
3  1975  305   1.5  17.2  24.1   2.1   3.7  29.0
3  1975  306   0.7  15.7  22.2   1.8   0.7  16.2
3  1975  307   4.1  17.2  25.4   1.9   3.0   0.0
3  1975  308   3.5  15.8  23.5   1.8   3.0   0.0
3  1975  309   1.6  16.0  24.1   1.8   1.3   0.1
3  1975  310   6.8  17.4  24.5   1.8   4.3   0.0
3  1975  311   0.5  17.5  22.3   2.0   2.3   5.8
3  1975  312   5.8  20.0  28.8   2.2   1.0   0.0
3  1975  313   9.3  18.7  31.9   2.4   2.0   0.7
3  1975  314   1.8  18.8  26.2   2.3   1.3  22.4
3  1975  315   0.6  19.0  25.7   2.2   1.0  26.8
3  1975  316   0.0  18.9  24.3   2.3   1.7  43.7
3  1975  317   1.5  16.0  23.1   1.8   0.3   4.9
3  1975  318   4.4  17.2  25.3   1.8   0.7   0.7
3  1975  319   6.0  17.8  27.0   1.9   1.7   0.0
3  1975  320   6.1  16.5  25.7   1.8   3.7   0.0
3  1975  321   9.8  16.6  29.2   2.0   2.3   0.0
3  1975  322   9.2  16.8  29.5   2.1   3.7   0.6
3  1975  323   0.0  15.9  28.1   1.7   1.7  93.0
3  1975  324   7.4  15.7  27.1   1.7   2.7   0.0
3  1975  325   2.0  15.8  25.8   1.9   1.7   0.5
3  1975  326   8.3  15.7  31.8   2.2   2.0   0.0
3  1975  327  10.0  16.2  30.5   2.1   1.0   0.2
3  1975  328   1.8  17.6  27.0   2.1   3.3   0.0
3  1975  329   0.0  19.0  25.6   2.2   1.3  15.8
3  1975  330   1.9  18.4  26.7   2.2   1.0   1.6
3  1975  331   0.0  18.2  22.5   2.1   1.3  42.1
3  1975  332   0.0  18.3  22.3   2.0   3.0  26.3
3  1975  333   2.9  18.5  26.7   2.2   1.3   0.9
3  1975  334   8.5  18.4  28.1   2.1   3.3   0.0
3  1975  335   9.5  14.7  28.3   2.1   2.0   0.0
3  1975  336   5.7  18.8  27.8   2.0   1.7   0.0
3  1975  337   9.9  17.8  28.8   1.9   2.3   2.0
3  1975  338   5.1  17.3  28.4   1.8   1.3   0.0
3  1975  339   9.1  14.0  27.4   2.0   1.3   8.7
3  1975  340  10.8  16.4  28.3   1.8   3.0   0.1
3  1975  341  11.0  19.1  27.6   2.0   2.7   0.0
3  1975  342   9.8  17.6  27.8   2.1   2.3   0.0
3  1975  343  10.6  17.2  30.8   2.3   3.0   0.0
3  1975  344   8.7  17.6  31.9   2.4   2.0   0.0
3  1975  345   6.8  19.8  31.6   2.5   1.3   3.9
3  1975  346   9.2  19.4  29.9   2.2   2.0   0.0
3  1975  347   1.3  18.7  27.3   2.3   2.3   0.5
3  1975  348   0.0  16.7  22.5   2.3   2.0  82.8
3  1975  349   0.3  15.1  21.3   1.6   0.7   6.0
3  1975  350   0.0  15.7  20.3   1.7   0.7   0.5
3  1975  351   3.0  17.6  26.0   2.1   2.0   2.0
3  1975  352   5.0  17.4  28.4   2.3   0.7   0.0
3  1975  353  11.3  16.3  28.6   1.8   3.7   0.0
3  1975  354   5.4  17.0  26.4   2.1   2.0   0.0
3  1975  355   7.7  17.4  28.5   2.1   2.7   0.0
3  1975  356   9.2  18.0  29.4   2.2   2.3   0.0
3  1975  357  11.8  16.2  29.3   2.1   2.0   0.0
3  1975  358   5.8  17.8  29.2   2.2   2.7   0.0
3  1975  359   1.9  18.5  27.8   2.2   2.0   0.4
3  1975  360   1.3  18.1  26.8   2.3   1.3  18.2
3  1975  361   7.2  18.4  28.4   2.2   3.0  12.2
3  1975  362  10.1  17.6  29.4   2.2   2.3   0.0
3  1975  363   8.0  18.3  29.1   2.2   1.3   0.0
3  1975  364   8.8  17.3  29.2   2.1   1.0   0.0
3  1975  365   8.6  17.8  28.2   2.1   1.0   0.0
