*-----------------------------------------------------*
* Station name: Fortaleza-CE, Brazil
* Year: 1978
* Author: Luis Claudio Costa
* Source: UFV / DEA              -999.000:NIL VALUE
* Longitude: 38 36 w, latitude: 03 46 s, altitude: 21.13 m.
*
* Column     Daily value
* 1          station number
* 2          year
* 3          day
* 4          sunshine                      (hour d-1)
* 5          minimum temperature           (oC)        
* 6          maximum temperature           (oC)        
* 7          early morning vapour pressure (kPa)
* 8          mean wind speed (height: 2m ) (m s-1)
* 9          precipitation                 (mm d-1)
*-----------------------------------------------------*
-38.54  -3.75  21.13  0.25  0.54
1  1978    1  10.2  25.6  29.6   2.9   4.2   0.0
1  1978    2   2.4  25.5  31.8   2.8   4.4   0.0
1  1978    3   3.5  25.2  31.2   2.8   4.7   0.0
1  1978    4  10.3  25.0  31.0   3.0   4.4   0.0
1  1978    5  10.3  25.4  31.6   3.0   4.4   0.0
1  1978    6   9.9  24.5  31.2   3.3   4.1   3.2
1  1978    7   8.1  24.6  30.0   3.1   5.0  11.9
1  1978    8  10.2  24.6  30.2   3.1   5.8   2.9
1  1978    9  10.7  24.8  31.2   2.9   4.4   0.0
1  1978   10   9.4  24.5  31.4   2.9   4.1   0.0
1  1978   11   8.2  25.2  31.0   3.0   4.1   0.0
1  1978   12   4.5  24.8  31.0   3.1   3.0   2.0
1  1978   13   7.8  24.0  31.2   3.1   4.1   3.2
1  1978   14   6.6  24.8  31.8   3.1   3.8   0.0
1  1978   15   5.0  23.2  28.6   3.2   3.3  17.8
1  1978   16   3.7  25.6  29.6   3.0   3.6   0.0
1  1978   17   7.4  24.4  30.6   2.9   4.1   0.3
1  1978   18   7.4  24.2  32.0   3.1   4.4   0.0
1  1978   19  10.0  24.5  31.0   3.2   3.5   4.4
1  1978   20  11.1  24.8  30.6   3.0   4.7   0.0
1  1978   21   9.5  23.6  29.8   3.2   3.2  12.8
1  1978   22  10.6  24.0  30.6   3.2   4.1   0.8
1  1978   23  10.2  23.8  31.0   3.0   3.9   0.0
1  1978   24  10.2  25.8  30.4   2.9   5.2   0.0
1  1978   25  10.1  25.6  30.4   2.9   5.0   0.2
1  1978   26   9.0  23.0  30.2   3.2   3.6  10.0
1  1978   27  11.4  23.6  30.4   3.1   4.4   0.0
1  1978   28   8.4  25.0  30.1   3.2   4.7   2.2
1  1978   29   7.1  24.4  31.8   3.1   5.3   0.0
1  1978   30   9.3  24.2  30.4   3.4   5.0   6.6
1  1978   31  10.3  24.8  31.4   3.1   4.4   0.0
1  1978   32   9.8  25.0  31.4   3.0   4.1   0.0
1  1978   33   9.9  25.4  31.4   3.0   5.5   0.0
1  1978   34   8.9  25.4  31.4   3.3   4.4   0.4
1  1978   35  11.2  26.0  31.8   3.0   5.0   0.0
1  1978   36   8.9  25.6  31.4   3.2   4.7   0.0
1  1978   37   9.0  25.8  31.4   3.2   4.2   0.0
1  1978   38   9.5  25.6  31.2   3.2   4.1   0.0
1  1978   39   2.2  23.6  29.2   3.3   3.9   6.0
1  1978   40   2.1  26.0  30.0   3.3   3.0   0.0
1  1978   41   2.2  23.6  28.4   3.1   2.2  22.9
1  1978   42   0.0  22.0  25.8   2.7   1.1 129.0
1  1978   43   8.0  21.6  29.4   2.9   3.6 110.8
1  1978   44   8.8  22.6  30.0   3.0   3.8   0.0
1  1978   45   7.5  23.5  29.6   3.1   2.9  10.4
1  1978   46   6.8  24.0  30.4   3.1   3.5   0.2
1  1978   47   4.9  23.6  30.0   3.1   4.1   0.4
1  1978   48  10.3  25.2  31.0   3.1   3.6   0.0
1  1978   49   6.7  24.4  30.3   3.1   3.4   0.3
1  1978   50  10.3  24.4  31.0   2.9   4.1   0.0
1  1978   51  10.6  24.8  30.7   3.0   3.6   1.6
1  1978   52  10.9  25.4  31.1   2.9   3.4   0.0
1  1978   53  11.0  24.7  31.0   2.9   4.1   0.0
1  1978   54  11.3  24.4  31.2   2.9   4.1   0.0
1  1978   55  10.9  25.0  31.7   3.1   4.0   0.0
1  1978   56  11.4  25.6  31.2   2.8   5.0   0.0
1  1978   57  10.2  24.3  31.0   2.9   4.1   0.0
1  1978   58   9.5  25.4  30.6   3.0   3.9   1.5
1  1978   59   8.4  24.8  30.3   2.8   3.2   0.0
1  1978   60   0.0  23.0  27.4   3.0   3.0   8.2
1  1978   61   7.5  22.6  29.4   3.1   2.4  16.3
1  1978   62   2.5  24.0  30.1   2.9   3.5   3.2
1  1978   63   5.3  23.8  30.3   3.1   2.4   4.6
1  1978   64  10.1  24.0  30.4   3.1   3.3   0.0
1  1978   65   5.9  24.0  30.4   3.1   3.0   0.0
1  1978   66   2.3  22.6  30.6   3.0   2.5   0.0
1  1978   67   6.3  22.6  30.1   3.1   3.0   7.2
1  1978   68   9.3  22.6  30.2   2.9   3.0   0.0
1  1978   69   6.0  22.0  28.9   2.9   1.9  16.6
1  1978   70   5.9  23.0  29.2   3.2   2.2  16.5
1  1978   71   6.5  23.1  29.1   3.0   1.9   0.0
1  1978   72   9.9  23.4  29.6   3.0   2.2   0.2
1  1978   73   3.5  23.6  29.0   3.2   2.7   8.1
1  1978   74   5.4  24.2  30.0   3.2   2.8  11.7
1  1978   75  10.2  24.2  30.8   3.0   2.6   0.1
1  1978   76   3.2  23.4  29.4   3.1   2.7   4.9
1  1978   77   7.3  24.2  29.9   3.1   3.2   0.2
1  1978   78  11.1  24.6  30.2   3.2   3.3   0.0
1  1978   79  10.5  24.2  30.8   3.1   3.3   0.0
1  1978   80   1.7  24.4  29.8   2.9   4.4   2.8
1  1978   81   5.9  24.0  29.9   3.0   3.3   6.1
1  1978   82   9.4  24.6  30.6   2.9   3.6   0.4
1  1978   83   4.7  24.0  29.9   3.0   3.6   0.0
1  1978   84   1.7  24.2  29.1   3.0   2.5  32.9
1  1978   85   4.5  23.8  29.8   3.1   3.4   0.3
1  1978   86   8.6  25.0  29.8   3.2   4.4   4.6
1  1978   87   7.4  24.6  30.4   3.2   2.8   1.7
1  1978   88   8.8  23.6  30.6   3.2   4.1   0.0
1  1978   89   2.7  24.6  29.7   3.2   2.1   1.7
1  1978   90   5.8  24.0  30.8   3.1   2.3   0.0
1  1978   91   3.7  24.3  29.9   3.3   3.4   4.8
1  1978   92   3.1  23.3  29.4   3.3   2.3   7.9
1  1978   93   5.8  23.8  29.4   3.2   3.9   0.5
1  1978   94   8.5  23.4  29.5   3.0   2.7   0.0
1  1978   95   8.7  22.5  30.2   3.1   1.6   0.0
1  1978   96   6.0  23.8  30.5   3.3   2.5   1.4
1  1978   97   8.1  24.4  30.0   3.2   4.1  10.2
1  1978   98   9.0  23.2  30.4   3.0   4.7   0.0
1  1978   99   0.8  25.0  28.6   3.3   3.0   1.1
1  1978  100   7.0  23.4  29.9   3.1   2.5  14.7
1  1978  101   2.1  24.5  29.0   3.3   3.0   3.1
1  1978  102  10.0  24.0  30.2   3.2   3.3   0.0
1  1978  103   8.3  23.6  30.6   3.3   2.7   0.0
1  1978  104  10.1  24.6  30.9   3.2   4.3   0.0
1  1978  105   3.2  22.6  29.8   3.2   2.8  13.2
1  1978  106   4.5  22.1  29.6   3.2   3.0  58.8
1  1978  107   8.2  23.6  30.4   3.1   3.0   0.0
1  1978  108   2.7  24.9  30.3   3.1   3.3   0.0
1  1978  109   0.6  24.0  30.4   2.9   2.7   0.0
1  1978  110   0.5  23.4  28.5   3.0   3.0   1.0
1  1978  111   0.5  23.0  27.8   3.2   2.5 104.0
1  1978  112   2.4  23.2  27.6   3.2   2.2   2.1
1  1978  113   0.4  23.8  27.8   2.9   1.8   8.8
1  1978  114   9.3  23.0  30.2   3.2   3.2   3.8
1  1978  115   3.5  23.0  28.9   3.1   2.6   0.0
1  1978  116  10.3  22.5  30.4   3.2   3.0   0.0
1  1978  117  10.1  24.2  30.9   3.2   3.8   0.2
1  1978  118   7.7  24.0  30.0   3.0   3.6   0.0
1  1978  119   6.3  23.6  30.0   3.3   2.2   2.5
1  1978  120   8.2  22.9  30.9   3.2   2.6   1.5
1  1978  121   0.7  24.0  27.7   3.1   2.5   0.9
1  1978  122   9.7  22.2  30.3   3.3   2.5   0.3
1  1978  123   6.4  23.4  29.8   3.1   2.5   0.0
1  1978  124  10.9  23.5  30.5   3.1   3.6   0.2
1  1978  125  10.4  22.6  31.2   3.1   3.0   0.0
1  1978  126   9.5  24.4  30.6   3.3   2.8   0.0
1  1978  127   1.0  24.1  29.9   3.1   2.1  24.2
1  1978  128   5.8  23.4  29.0   3.2   2.5  15.8
1  1978  129   0.5  23.4  27.6   3.1   0.0  11.1
1  1978  130  10.0  22.6  30.0   3.1   2.3   1.1
1  1978  131   7.9  21.8  30.4   3.1   1.3  28.4
1  1978  132   9.1  22.6  30.0   2.9   3.6  16.4
1  1978  133   6.8  23.2  29.2   3.1   2.8  10.2
1  1978  134  10.7  23.4  30.0   3.1   4.7   1.7
1  1978  135  11.0  23.0  29.6   3.0   3.6  11.6
1  1978  136   9.8  23.8  29.5   3.3   3.9   5.7
1  1978  137  10.8  23.6  30.4   3.3   3.6   4.1
1  1978  138  11.3  23.2  30.4   2.9   3.8  21.4
1  1978  139   6.8  24.4  30.1   3.2   2.7   0.0
1  1978  140   2.2  24.6  29.1   3.3   2.7   3.6
1  1978  141   4.3  22.4  29.6   3.2   1.7  19.4
1  1978  142   8.7  23.6  29.5   3.3   2.2   7.0
1  1978  143  10.4  23.4  30.0   3.3   2.7   5.0
1  1978  144   9.3  23.6  30.4   3.1   2.8   0.0
1  1978  145  10.0  23.6  29.9   3.1   3.6   1.8
1  1978  146  10.0  24.0  30.0   3.1   2.7   3.2
1  1978  147   8.0  23.8  29.8   3.0   3.3   5.6
1  1978  148   9.5  24.6  29.8   3.1   2.5   0.0
1  1978  149   8.1  24.0  29.9   3.1   2.7   3.5
1  1978  150  10.5  23.6  29.6   3.0   3.3   0.4
1  1978  151   8.8  23.4  30.0   3.0   2.2   0.8
1  1978  152   6.2  23.0  29.8   3.0   3.0  11.2
1  1978  153  10.9  22.4  29.7   3.1   2.7   0.0
1  1978  154  11.0  23.0  30.2   3.2   2.2   0.8
1  1978  155  10.5  23.0  30.4   3.0   3.0   0.0
1  1978  156  10.7  23.4  30.0   2.9   3.3   0.0
1  1978  157  10.7  23.6  30.3   2.8   3.0   0.0
1  1978  158  11.0  23.0  30.4   2.6   2.7   1.2
1  1978  159   3.9  23.2  28.9   2.9   2.2   1.2
1  1978  160  11.2  22.6  30.2   2.7   2.1   4.8
1  1978  161  10.8  23.0  29.8   2.9   3.3   0.0
1  1978  162  10.8  22.4  30.1   2.7   2.7   0.0
1  1978  163   0.0  22.0  26.7   2.7   2.5  13.8
1  1978  164  11.1  22.2  29.2   2.9   2.8   2.0
1  1978  165   6.6  22.6  28.2   2.8   3.0   3.2
1  1978  166   1.6  22.4  27.5   2.8   2.8  13.5
1  1978  167   7.4  21.8  29.1   2.5   3.0   6.5
1  1978  168   7.9  21.5  29.4   2.5   4.4   0.0
1  1978  169   5.4  21.6  29.9   2.5   2.5   0.0
1  1978  170   9.1  23.2  29.4   2.6   3.3   5.5
1  1978  171  11.1  21.4  29.4   3.0   2.9   0.0
1  1978  172  10.9  22.5  30.4   2.6   2.9   0.0
1  1978  173   8.6  22.8  30.2   2.6   4.1   0.0
1  1978  174   0.0  22.9  26.0   2.6   3.9   0.8
1  1978  175  11.1  22.0  29.7   2.5   4.2   0.9
1  1978  176  10.5  22.2  29.6   2.6   3.3   0.0
1  1978  177   8.3  23.0  28.6   3.0   1.6   7.5
1  1978  178   8.5  22.6  28.8   3.0   3.6   0.9
1  1978  179   8.1  22.1  29.5   2.7   3.3   0.3
1  1978  180  10.9  21.8  29.7   2.8   3.0   5.1
1  1978  181  10.6  22.6  30.4   2.7   2.5   0.0
1  1978  182  10.7  21.8  30.1   2.6   3.0   0.0
1  1978  183  10.5  22.4  30.4   2.5   2.5   0.0
1  1978  184   7.2  22.6  29.4   2.7   3.6   0.0
1  1978  185   8.5  22.8  29.2   3.0   2.7   9.6
1  1978  186   5.4  22.8  28.5   3.0   1.4   9.5
1  1978  187  10.3  23.0  29.8   2.8   2.8  20.0
1  1978  188  10.6  23.2  29.6   2.7   3.6   0.0
1  1978  189   6.4  23.6  29.4   3.0   3.0   4.0
1  1978  190  10.1  22.6  29.4   2.9   4.1  20.0
1  1978  191   9.7  23.2  30.0   2.9   2.5   2.0
1  1978  192   8.2  22.6  29.6   2.7   3.0  11.5
1  1978  193   4.5  22.0  28.4   2.7   3.6  18.6
1  1978  194   4.5  22.0  28.2   2.8   0.8  45.6
1  1978  195  10.0  23.4  29.4   3.0   3.0   3.0
1  1978  196  10.2  23.4  30.0   2.9   5.5   0.5
1  1978  197   0.0  23.0  26.6   2.9   1.4   9.6
1  1978  198   8.9  22.2  29.2   2.9   2.5   0.0
1  1978  199  10.9  21.8  29.4   2.9   2.2   0.0
1  1978  200   8.6  23.0  29.2   3.1   3.0   6.4
1  1978  201   8.0  23.2  29.0   2.7   3.6   0.1
1  1978  202  10.4  22.6  29.0   2.8   2.8   0.3
1  1978  203  11.1  21.4  29.4   2.9   2.2   0.0
1  1978  204   8.6  22.6  29.6   3.0   2.8   1.7
1  1978  205  10.6  22.6  29.8   2.9   3.6   0.9
1  1978  206   4.1  23.2  28.8   2.8   3.0   9.8
1  1978  207  10.9  22.2  29.8   2.5   5.3   0.0
1  1978  208   1.2  22.8  29.4   2.6   3.1   0.0
1  1978  209   4.7  21.8  28.8   2.8   2.2   5.8
1  1978  210   0.0  22.0  27.6   2.8   2.2  22.3
1  1978  211   9.0  22.4  29.1   2.7   4.9   0.5
1  1978  212  10.9  21.8  29.8   2.2   3.3   0.0
1  1978  213   7.8  20.8  29.6   2.3   5.8   0.0
1  1978  214  10.9  21.6  30.0   2.4   4.1   0.0
1  1978  215  10.9  21.4  29.6   2.2   5.0   0.0
1  1978  216  10.9  21.4  29.7   2.4   4.4   0.0
1  1978  217  10.3  21.6  29.3   2.5   5.0   0.0
1  1978  218   7.0  21.5  28.9   2.3   4.1   0.8
1  1978  219   9.9  21.5  29.4   2.3   3.6   0.0
1  1978  220   9.5  21.8  29.3   2.4   3.8   0.0
1  1978  221   9.0  22.8  28.9   2.8   4.0   0.2
1  1978  222   9.9  22.0  30.0   2.7   4.4   0.0
1  1978  223  10.4  22.4  29.5   2.3   3.5   0.0
1  1978  224  10.7  22.0  29.6   2.3   3.6   0.0
1  1978  225  10.1  22.4  31.2   2.6   4.1   0.0
1  1978  226   8.9  23.6  30.2   2.9   3.6   0.0
1  1978  227  10.4  22.8  29.4   2.6   4.7   0.0
1  1978  228   9.8  22.2  28.9   2.6   2.7   0.0
1  1978  229   6.9  22.8  29.6   2.5   3.9   0.0
1  1978  230   4.9  23.8  30.8   2.5   4.2   0.0
1  1978  231   8.7  22.8  31.6   2.3   5.5   0.0
1  1978  232   9.6  21.4  30.7   2.2   4.9   0.0
1  1978  233  10.7  21.4  30.6   2.0   4.4   0.0
1  1978  234  10.6  21.6  30.8   2.3   5.5   0.0
1  1978  235  10.5  23.2  30.2   2.5   3.9   0.0
1  1978  236  10.7  22.6  29.6   2.2   3.6   0.0
1  1978  237  10.6  23.3  29.2   2.4   4.1   0.0
1  1978  238  10.1  22.6  30.4   2.6   4.4   0.0
1  1978  239   8.9  23.0  30.1   2.7   4.1   0.0
1  1978  240   8.1  23.6  29.8   2.7   4.7   0.0
1  1978  241   7.1  23.4  29.5   2.9   4.4   5.0
1  1978  242   5.5  23.8  28.2   2.7   3.9   4.0
1  1978  243   9.0  23.8  29.3   2.6   4.4   0.0
1  1978  244   7.8  23.6  29.6   2.8   5.3   0.0
1  1978  245   9.1  23.2  29.0   2.3   5.0   0.4
1  1978  246   9.8  22.6  31.0   2.3   5.2   0.0
1  1978  247   9.8  23.6  30.1   2.5   5.1   0.2
1  1978  248   6.5  22.8  30.2   2.5   5.9   0.5
1  1978  249   1.4  22.5  29.5   2.7   5.3  14.4
1  1978  250   8.2  22.6  29.0   2.9   5.0   2.9
1  1978  251   3.9  23.2  28.6   2.6   4.3   0.0
1  1978  252   9.8  23.4  29.9   2.5   5.7   0.0
1  1978  253   9.3  22.8  29.4   2.5   5.3   0.0
1  1978  254   9.4  23.6  30.1   2.4   5.5   0.0
1  1978  255   7.6  22.6  30.5   2.5   5.4   0.4
1  1978  256   8.6  23.0  30.1   2.5   3.9   0.0
1  1978  257   9.6  22.8  30.0   2.4   5.8   0.0
1  1978  258  10.3  23.2  30.4   2.4   3.6   0.0
1  1978  259   8.2  22.5  30.2   2.1   5.2   0.0
1  1978  260   9.9  23.2  30.4   2.7   5.0   0.0
1  1978  261   9.9  23.2  30.8   2.4   5.3   0.0
1  1978  262   8.9  23.3  30.0   2.4   5.0   0.0
1  1978  263   9.6  22.8  30.4   2.6   3.7   0.0
1  1978  264   9.0  22.8  30.1   2.7   4.6   3.9
1  1978  265  10.1  22.9  30.4   2.5   6.8   0.4
1  1978  266  10.0  23.0  30.4   2.8   3.6   0.0
1  1978  267   7.4  23.4  30.4   2.7   4.1   3.6
1  1978  268  10.0  23.8  30.6   2.7   5.6   0.0
1  1978  269  10.7  24.2  30.6   2.4   4.7   0.0
1  1978  270   7.8  23.3  30.7   2.8   5.0   0.2
1  1978  271   8.7  23.2  29.9   2.6   4.9   4.9
1  1978  272   8.9  23.4  30.6   2.8   5.0   0.1
1  1978  273   9.3  23.2  30.4   2.6   6.0   2.0
1  1978  274  10.5  22.4  31.4   2.3   6.6   1.0
1  1978  275   8.7  22.6  32.2   2.2   5.6   0.0
1  1978  276   9.9  22.5  31.8   2.4   6.1   0.0
1  1978  277  10.4  22.9  30.2   2.2   6.6   0.0
1  1978  278  10.4  22.7  31.3   2.3   4.9   0.0
1  1978  279   8.1  23.0  30.8   2.9   5.1   0.0
1  1978  280   8.4  24.2  30.7   2.9   6.1   0.1
1  1978  281   9.1  24.8  31.6   2.7   6.6   0.0
1  1978  282   8.9  24.8  30.6   2.7   5.0   0.0
1  1978  283   9.4  23.8  30.1   2.8   5.3   0.0
1  1978  284   8.6  24.6  30.4   2.9   4.7   0.0
1  1978  285  10.7  23.2  30.6   2.7   3.9   0.6
1  1978  286   7.3  23.4  30.7   2.9   5.8   0.0
1  1978  287  10.4  23.2  31.0   2.5   6.2   0.0
1  1978  288  10.2  24.8  31.4   2.8   5.8   0.0
1  1978  289   9.6  24.6  30.6   2.5   4.7   0.0
1  1978  290  10.1  23.6  31.2   2.8   4.1   0.0
1  1978  291   9.4  23.8  30.4   2.6   5.5   0.0
1  1978  292   2.3  23.0  29.8   3.0   4.1   1.6
1  1978  293   6.7  24.4  29.9   2.7   3.0   1.0
1  1978  294   4.8  24.2  29.1   2.8   4.4   1.0
1  1978  295   9.8  22.6  30.2   2.5   4.4   0.0
1  1978  296   6.8  23.8  30.6   2.6   4.1   0.0
1  1978  297  10.3  25.0  30.6   2.6   5.2   0.0
1  1978  298  10.8  25.0  30.4   2.5   4.4   0.0
1  1978  299  10.6  23.6  31.2   2.8   3.9   0.0
1  1978  300   9.2  22.8  30.0   2.8   5.8   6.0
1  1978  301   5.3  23.4  29.2   3.0   3.9  12.6
1  1978  302  10.4  24.6  29.8   2.9   5.5   0.0
1  1978  303   7.4  25.0  29.4   2.7   5.3   0.0
1  1978  304   8.0  25.2  30.0   2.8   3.9   0.0
1  1978  305   9.3  25.1  30.5   3.1   5.1   0.8
1  1978  306  10.2  24.8  29.8   2.9   4.1   0.0
1  1978  307   9.0  24.6  30.4   2.9   3.6   0.0
1  1978  308   8.3  24.4  30.6   2.9   6.1   0.0
1  1978  309   9.9  24.4  30.4   3.0   5.4   0.0
1  1978  310  10.6  25.0  29.9   2.8   4.9   0.0
1  1978  311   6.2  23.6  30.3   3.0   4.0   0.1
1  1978  312   7.4  23.2  30.4   3.2   5.0   0.8
1  1978  313  10.7  23.6  30.1   3.0   4.9   0.8
1  1978  314   9.7  23.6  31.5   2.9   3.8   0.0
1  1978  315  10.5  23.6  31.4   3.1   4.8   0.0
1  1978  316  10.8  24.2  30.7   2.8   4.8   0.0
1  1978  317   9.6  25.3  30.1   3.2   4.3   0.0
1  1978  318   7.5  24.8  30.4   3.0   5.1   0.0
1  1978  319   9.5  25.0  30.6   2.8   3.9   0.0
1  1978  320  10.2  25.2  30.8   2.8   4.2   0.0
1  1978  321   8.9  23.8  31.0   2.9   3.7   0.0
1  1978  322   3.5  22.8  29.1   3.1   5.0   2.8
1  1978  323   9.5  24.2  30.6   2.8   4.2   0.0
1  1978  324   9.7  24.7  31.1   2.8   4.2   0.0
1  1978  325   5.4  25.0  30.9   2.8   4.3   0.0
1  1978  326  10.1  25.2  31.4   3.0   4.5   0.0
1  1978  327   9.9  25.4  30.7   2.9   5.3   0.0
1  1978  328   9.7  25.0  31.2   2.9   5.7   0.0
1  1978  329   8.3  25.0  31.7   2.9   4.8   0.0
1  1978  330   9.3  25.6  31.2   3.2   5.6   0.0
1  1978  331   3.5  24.5  30.5   3.0   4.0   0.0
1  1978  332   7.6  23.8  31.3   2.8   4.4   0.0
1  1978  333   8.9  24.8  31.0   3.0   4.2   0.0
1  1978  334   0.0  23.2  28.4   3.1   3.9   1.3
1  1978  335  10.4  23.6  31.0   2.9   6.9   1.3
1  1978  336  10.0  24.9  30.4   3.2   5.8   1.4
1  1978  337   8.4  23.8  30.2   3.2   4.4  13.0
1  1978  338   0.8  24.8  29.3   3.2   5.3   4.9
1  1978  339   3.4  23.2  28.8   3.1   3.8  15.4
1  1978  340   0.3  24.6  29.6   3.2   5.0   0.0
1  1978  341   2.7  24.4  29.6   3.2   3.6   0.0
1  1978  342   6.5  23.8  30.1   3.0   5.0   0.0
1  1978  343   1.8  24.4  29.6   3.0   5.0   0.0
1  1978  344   5.3  25.2  30.0   3.1   3.8   0.0
1  1978  345  10.1  25.0  30.6   3.0   5.6   0.0
1  1978  346   7.6  25.4  30.2   3.2   5.0   0.0
1  1978  347  10.3  23.5  30.8   3.1   5.2   0.0
1  1978  348  10.4  25.4  30.4   3.1   4.4   0.0
1  1978  349   8.7  23.4  30.6   3.0   5.5   0.6
1  1978  350  10.2  23.8  30.6   3.2   5.2   0.0
1  1978  351  10.8  23.2  30.9   3.1   4.4   0.0
1  1978  352   8.9  25.2  30.4   3.1   4.1   0.0
1  1978  353   7.9  24.6  30.7   3.0   4.4   0.0
1  1978  354   9.6  23.8  30.6   3.1   4.1   0.0
1  1978  355   6.1  25.4  30.7   3.1   4.2   0.0
1  1978  356   9.8  23.4  30.8   3.0   5.8   0.0
1  1978  357   7.6  25.4  30.4   3.0   5.8   0.0
1  1978  358   5.6  23.4  29.1   3.0   4.1  17.0
1  1978  359   7.1  24.0  29.4   3.1   4.4   0.0
1  1978  360   5.5  22.4  29.9   3.0   5.0   0.0
1  1978  361   5.9  25.4  30.7   3.0   4.7   0.0
1  1978  362   4.4  25.2  30.1   3.3   5.8   0.4
1  1978  363   8.7  25.6  30.5   3.1   5.1   0.0
1  1978  364   6.9  25.0  30.5   3.0   4.3   0.0
1  1978  365   7.9  23.0  31.4   3.1   4.4   0.0

