*-----------------------------------------------------*
* Station name: Vicosa-MG, Brazil
* Year: 1969
* Author: Luis Claudio Costa
* Source: UFV / DEA              -999.000:NIL VALUE
* Longitude: 42 51 W, latitude: 20 45 S, altitude: 642.88 m.
*
* Column     Daily value
* 1          station number
* 2          year
* 3          day
* 4          sunshine                      (hour d-1)
* 5          minimum temperature           (oC)        
* 6          maximum temperature           (oC)        
* 7          early morning vapour pressure (kPa)
* 8          mean wind speed (height: 2m ) (m s-1)
* 9          precipitation                 (mm d-1)
*-----------------------------------------------------*
-42.88  -20.75  642.88 0.25 0.54
3  1969    1  11.9  16.7  29.5   2.0   4.3   0.0
3  1969    2  12.4  17.2  33.5   2.2   3.3   0.0
3  1969    3   7.7  18.7  32.5   2.1   3.0   0.0
3  1969    4  10.9  17.9  32.3   2.3   2.7   2.8
3  1969    5  11.8  18.3  32.8   2.2   3.0   0.0
3  1969    6  11.0  18.5  35.5   2.1   2.3   0.0
3  1969    7   9.1  19.5  34.0   2.4   3.0   2.0
3  1969    8  11.0  19.3  34.0   2.1   3.0   0.0
3  1969    9   7.8  19.8  33.6   1.9   2.3   0.0
3  1969   10  11.7  17.4  35.1   1.7   2.7   0.0
3  1969   11   8.6  19.8  34.8   2.1   3.3   0.0
3  1969   12   4.6  16.5  29.2   2.2   1.7   0.0
3  1969   13   1.7  16.5  25.1   2.0   1.3  22.6
3  1969   14   0.8  18.7  26.8   2.2   2.7   0.4
3  1969   15   9.6  16.7  31.0   2.2   2.3   0.0
3  1969   16   3.5  16.8  27.8   2.3   2.3  11.6
3  1969   17   1.6  17.8  22.6   2.1   2.0  22.6
3  1969   18   6.8  17.2  29.7   2.0   3.0   0.0
3  1969   19   8.8  15.9  27.5   1.9   3.0  18.6
3  1969   20   6.6  17.5  28.5   2.1   4.7   1.4
3  1969   21   7.6  19.8  28.6   2.1   5.0   0.0
3  1969   22   0.0  19.4  21.8   2.2   3.3  16.0
3  1969   23   0.0  19.0  23.0   2.3   4.0  47.6
3  1969   24   4.0  19.0  28.2   2.3   6.0  12.8
3  1969   25   6.2  19.0  29.0   2.4   2.7  20.4
3  1969   26   4.9  19.0  30.0   2.3   2.7  19.6
3  1969   27   2.0  18.8  27.3   2.1   4.3   4.4
3  1969   28  11.1  17.0  30.3   2.2   3.7   0.0
3  1969   29  11.3  17.4  30.3   2.0   4.0   0.0
3  1969   30   8.8  19.0  28.0   2.1   3.7   0.0
3  1969   31  11.8  18.0  30.0   2.1   3.0   0.3
3  1969   32  10.5  17.4  31.0   2.1   3.3   0.0
3  1969   33  11.5  15.0  32.2   2.0   2.3   0.0
3  1969   34   4.9  18.0  29.8   2.4   0.0   0.0
3  1969   35   8.9  18.8  30.8   2.2   1.7   4.0
3  1969   36  10.5  19.4  32.2   2.4   3.0   0.0
3  1969   37   7.2  18.6  30.2   2.5   2.7   1.0
3  1969   38  10.3  17.2  30.3   2.3   1.7   3.8
3  1969   39   9.3  18.2  29.3   2.3   2.7   0.0
3  1969   40  10.1  18.8  29.6   2.2   2.7   0.0
3  1969   41  10.4  17.0  30.0   2.2   3.3   0.0
3  1969   42   7.5  19.6  31.8   2.2   1.7   1.0
3  1969   43  10.4  19.7  32.0   2.3   3.0   0.0
3  1969   44  10.2  19.7  32.0   2.4   2.3   0.3
3  1969   45  11.5  19.5  31.0   2.5   4.3   0.0
3  1969   46  11.2  18.8  30.7   2.3   3.0   0.0
3  1969   47  10.0  20.4  32.2   2.3   3.7   0.0
3  1969   48  12.0  19.2  35.0   2.5   1.7   0.0
3  1969   49  11.3  20.5  31.2   2.5   3.3   0.0
3  1969   50   9.2  20.7  32.3   2.2   5.0   0.0
3  1969   51   4.4  19.6  29.8   2.3   1.3   1.1
3  1969   52   1.9  19.4  28.6   2.2   1.3  29.6
3  1969   53   1.1  20.2  27.0   2.2   2.7   2.4
3  1969   54   5.8  20.7  30.0   2.5   2.0  13.0
3  1969   55   4.3  19.8  28.0   2.3   2.7   0.0
3  1969   56  10.8  18.0  28.7   2.1   3.3   0.0
3  1969   57   8.7  17.6  30.0   2.2   3.0   0.0
3  1969   58  11.8  15.8  31.3   2.2   2.7   0.0
3  1969   59  11.3  17.2  32.4   2.3   4.3   0.0
3  1969   60   8.7  19.0  30.2   2.3   3.7   1.9
3  1969   61   7.1  18.0  30.6   2.3   4.0   2.8
3  1969   62   7.8  20.5  32.0   2.5   3.7   0.2
3  1969   63   5.0  19.0  31.2   2.5   2.7   2.6
3  1969   64   0.3  18.6  30.0   2.1   3.0  13.8
3  1969   65   3.3  17.8  25.8   2.3   2.0   6.5
3  1969   66   0.0  18.3  28.0   2.3   2.0  14.4
3  1969   67   1.3  18.0  24.2   2.2   1.3  32.2
3  1969   68   2.0  18.4  26.3   2.2   1.3  27.2
3  1969   69   6.4  18.4  27.3   2.2   3.7   0.1
3  1969   70  11.3  18.2  27.6   2.0   3.7   6.2
3  1969   71   9.5  19.0  28.0   2.1   3.3   5.4
3  1969   72   8.2  16.9  28.6   2.1   4.0   0.0
3  1969   73  11.5  19.4  28.0   2.3   2.3   0.0
3  1969   74   6.5  15.4  27.0   1.7   4.0   0.0
3  1969   75  10.4  15.4  27.6   2.0   3.0   0.0
3  1969   76  10.9  14.8  29.0   2.0   3.0   0.0
3  1969   77  10.9  13.3  31.8   1.9   2.0   0.0
3  1969   78  11.1  14.4  32.0   2.1   1.7   0.0
3  1969   79  10.4  16.3  29.2   1.9   3.0   0.0
3  1969   80   7.1  14.6  30.7   2.1   1.7   0.0
3  1969   81   4.1  15.6  30.2   2.2   3.0   0.0
3  1969   82   5.7  16.8  29.2   2.3   2.0   0.1
3  1969   83  10.3  18.0  30.8   2.2   3.0   0.0
3  1969   84   7.9  15.9  30.3   2.3   3.0   5.6
3  1969   85  10.4  15.2  27.7   2.3   3.7   0.0
3  1969   86  10.0  15.7  30.3   2.2   3.3   0.1
3  1969   87   8.0  15.8  31.0   2.3   2.3   0.0
3  1969   88   7.8  17.5  31.2   2.3   2.7   0.0
3  1969   89  10.0  18.6  30.5   2.1   3.7   0.0
3  1969   90   9.5  19.0  30.5   2.3   2.7   6.1
3  1969   91   9.4  18.4  29.4   2.0   4.0   0.0
3  1969   92   8.6  16.2  30.0   2.2   2.3   0.0
3  1969   93   0.6  18.3  28.6   2.2   2.7   0.0
3  1969   94   6.6  19.4  26.2   2.3   2.0   1.2
3  1969   95  10.4  17.9  30.0   2.2   4.0   0.0
3  1969   96   3.5  18.2  29.5   2.3   3.0   3.4
3  1969   97   1.0  19.0  26.5   2.1   1.7   0.0
3  1969   98   2.5  16.8  24.3   1.9   1.0   0.3
3  1969   99   8.0  18.4  25.6   2.0   2.7   0.1
3  1969  100   6.6  18.8  28.4   2.2   2.0  29.5
3  1969  101   0.0  17.0  27.7   2.0   1.7   0.0
3  1969  102  10.4  16.3  21.0   2.0   0.7   1.8
3  1969  103  10.6  15.8  25.1   1.6   3.3   0.0
3  1969  104  10.4  13.4  24.6   1.6   2.3   0.0
3  1969  105   9.6  13.6  24.7   1.6   3.7   0.0
3  1969  106  10.6  14.2  24.4   1.7   4.0   0.0
3  1969  107   9.9  12.7  26.8   1.7   2.0   0.0
3  1969  108  10.1  12.6  27.8   1.7   1.7   0.0
3  1969  109   9.9  10.6  28.0   1.8   1.3   0.0
3  1969  110  10.1  11.0  27.7   1.8   2.3   0.0
3  1969  111   7.8  11.6  27.6   1.9   1.0   0.0
3  1969  112   9.0  13.3  28.5   2.0   1.3   0.0
3  1969  113   5.2  14.2  28.7   2.1   2.7   0.0
3  1969  114   8.3  14.2  26.8   2.1   1.7   0.6
3  1969  115  10.5  15.5  28.3   1.8   1.0   0.0
3  1969  116   9.0  11.2  28.6   1.6   1.3   0.0
3  1969  117   6.2  10.8  26.4   1.7   2.3   0.0
3  1969  118   8.2  13.0  26.8   1.9   3.7   0.0
3  1969  119  10.7  15.3  29.3   2.1   5.0   0.6
3  1969  120  10.7   9.4  27.4   1.5   2.3   0.0
3  1969  121  10.7  10.0  28.2   1.8   2.3   0.0
3  1969  122   7.3  12.8  26.7   2.0   3.3   0.0
3  1969  123   7.8  15.4  28.8   2.2   3.3   0.0
3  1969  124   6.0  18.0  27.4   2.3   2.3   2.2
3  1969  125   8.9  15.4  26.3   1.8   2.7   0.0
3  1969  126   3.9  15.3  24.3   1.8   2.7   0.0
3  1969  127   6.8  12.5  23.8   1.7   1.7   0.0
3  1969  128   6.8   8.4  23.9   1.5   1.0   0.2
3  1969  129   8.7   9.0  25.2   1.5   2.0   0.0
3  1969  130  10.5   8.4  25.5   1.6   0.3   0.0
3  1969  131   9.8   9.6  24.7   1.6   1.3   0.0
3  1969  132   9.5   8.8  26.6   1.6   0.7   0.2
3  1969  133   8.0   8.2  25.2   1.7   2.3   0.0
3  1969  134   9.4  14.6  26.2   1.7   4.3   0.0
3  1969  135   3.4  12.1  21.0   1.6   3.3   0.0
3  1969  136  10.1   9.4  23.4   1.6   2.3   0.1
3  1969  137   7.9  10.4  24.2   1.6   1.7   0.0
3  1969  138  10.0   7.2  25.3   1.6   1.7   0.0
3  1969  139   8.5   8.2  26.7   1.6   1.3   0.0
3  1969  140   9.7  10.0  26.2   1.7   2.3   0.0
3  1969  141   8.8   9.8  26.0   1.8   3.0   0.0
3  1969  142  10.2  11.8  28.2   2.0   2.3   0.0
3  1969  143   9.0  13.2  25.6   1.8   1.7   0.0
3  1969  144   8.1  13.4  25.8   1.9   3.7   0.2
3  1969  145   9.1  12.9  29.2   1.8   2.0   0.0
3  1969  146   9.6  14.6  28.9   1.9   3.7   0.0
3  1969  147   9.1  12.7  28.7   1.9   2.7   0.1
3  1969  148   6.7  12.3  28.0   2.0   2.0   0.2
3  1969  149   1.6  14.8  24.6   2.0   1.7   5.6
3  1969  150   5.0  14.8  24.8   2.0   1.3   1.8
3  1969  151   3.8  13.0  25.6   1.9   2.0   0.0
3  1969  152   8.0  12.3  27.2   1.7   1.7   0.3
3  1969  153   7.4  12.6  27.6   1.8   4.0   0.0
3  1969  154   0.0  13.3  18.4   1.8   1.0  10.2
3  1969  155   8.7  12.2  24.6   1.7   3.3   5.1
3  1969  156  10.2   4.2  25.0   1.1   2.7   0.0
3  1969  157  10.0   3.5  24.6   1.2   1.3   0.0
3  1969  158  10.2   4.7  23.8   1.2   0.0   0.0
3  1969  159  10.0   6.5  23.5   1.4   1.3   0.0
3  1969  160   9.8   6.5  26.4   1.4   0.3   0.0
3  1969  161   9.0   7.6  27.4   1.5   1.0   0.0
3  1969  162   9.5   7.9  26.5   1.5   1.0   0.0
3  1969  163   6.9   9.7  25.6   1.5   1.7   0.0
3  1969  164   7.9  11.5  24.7   1.7   3.7   0.0
3  1969  165   8.0  12.8  25.8   1.8   4.7   0.0
3  1969  166   9.9  12.4  26.5   1.8   3.7   0.0
3  1969  167   9.9   9.6  26.6   1.7   2.0   0.0
3  1969  168   9.2  12.4  26.5   1.8   3.3   0.0
3  1969  169   9.8   8.7  27.1   1.6   1.7   0.0
3  1969  170   6.6  12.3  25.8   1.8   1.3   0.0
3  1969  171   3.3  16.1  22.7   1.8   2.0   3.2
3  1969  172   1.9  15.4  23.4   1.7   3.3   2.2
3  1969  173   0.6  16.0  20.6   1.8   2.3   5.9
3  1969  174   7.1  14.2  23.7   1.7   2.3   2.6
3  1969  175   4.8  16.2  23.2   1.9   2.0   3.4
3  1969  176   3.8  14.0  19.8   1.6   3.3   0.1
3  1969  177   7.1  12.0  21.8   1.4   2.7   0.0
3  1969  178   8.2  13.4  22.4   1.5   2.3   0.0
3  1969  179   6.7  12.0  24.3   1.6   1.0   0.0
3  1969  180   7.9   9.6  24.4   1.5   2.3   0.0
3  1969  181   9.1  11.0  26.7   1.8   1.3   0.0
3  1969  182   6.2  14.2  26.2   1.9   0.7   0.0
3  1969  183   6.0  15.4  25.8   1.9   2.3   0.0
3  1969  184   9.7  12.0  24.2   1.6   3.0   0.0
3  1969  185   7.8  14.0  24.0   1.8   2.0   1.3
3  1969  186   6.9  12.2  24.7   1.6   1.0   0.0
3  1969  187  10.2   9.0  24.6   1.5   2.0   0.0
3  1969  188  10.1  10.7  28.4   1.8   1.7   0.0
3  1969  189   9.0  10.6  26.0   1.6   1.3   0.0
3  1969  190   9.2  11.0  25.6   1.6   3.0   0.0
3  1969  191   6.9  13.0  26.2   1.9   2.3   0.0
3  1969  192   3.0  14.8  24.3   1.8   2.7   0.0
3  1969  193   5.1  13.8  24.4   1.6   3.0   0.0
3  1969  194   0.0  13.2  17.9   1.7   1.3  14.5
3  1969  195   8.1   8.8  24.8   1.4   0.7   0.0
3  1969  196   8.3   9.8  25.0   1.5   0.7   0.0
3  1969  197   9.6   8.3  26.7   1.5   1.7   0.0
3  1969  198   4.4  13.0  23.6   1.6   1.7   0.0
3  1969  199   7.4   9.5  23.4   1.6   0.7   0.0
3  1969  200   9.2   6.2  23.4   1.4   1.3   0.0
3  1969  201   8.5   5.8  22.2   1.4   1.7   0.0
3  1969  202   9.7   7.8  26.6   1.4   1.7   0.0
3  1969  203  10.0   8.2  28.5   1.6   1.7   0.0
3  1969  204   9.7  10.2  26.4   1.6   2.7   0.0
3  1969  205   6.1  14.8  23.0   1.7   3.3   0.0
3  1969  206  10.3  12.0  22.4   1.3   3.7   0.0
3  1969  207   8.8   8.4  24.6   1.4   1.7   0.0
3  1969  208   9.3   8.8  24.0   1.5   1.0   0.0
3  1969  209   7.8   7.1  24.3   1.5   1.3   0.0
3  1969  210   5.5  11.1  25.7   1.6   1.3   0.0
3  1969  211   7.1  10.5  23.6   1.6   2.0   0.0
3  1969  212   9.5  10.2  24.7   1.6   3.3   0.0
3  1969  213   6.2  10.5  24.6   1.7   3.7   0.0
3  1969  214  10.1  11.2  28.1   1.5   2.7   0.0
3  1969  215   0.1  14.0  18.7   1.8   3.0   0.0
3  1969  216   0.8  13.2  19.7   1.5   1.0  13.6
3  1969  217   7.4  11.5  23.5   1.8   1.0   0.0
3  1969  218  10.0   8.7  25.9   1.6   3.0   0.0
3  1969  219   8.3  11.8  26.6   1.8   1.7   0.0
3  1969  220   4.8  14.7  24.7   1.8   2.3   0.0
3  1969  221   6.6  13.3  25.8   1.7   2.3   0.0
3  1969  222   9.3   8.6  25.8   1.5   1.7   0.0
3  1969  223  10.6   8.3  27.2   1.6   2.0   0.0
3  1969  224  10.6   8.5  25.7   1.6   2.3   0.0
3  1969  225   8.0   9.2  24.5   1.6   4.0   0.0
3  1969  226   6.7  12.4  25.8   1.6   3.0   0.0
3  1969  227   9.8  12.6  27.0   1.6   4.0   0.0
3  1969  228  10.3  12.0  28.5   1.7   2.3   0.0
3  1969  229  10.3  12.0  30.6   1.5   1.7   0.0
3  1969  230   7.3  17.0  28.5   1.8   1.3   0.0
3  1969  231   8.2  15.5  28.3   1.8   2.7   0.0
3  1969  232   9.7  15.3  27.3   1.8   1.3   0.0
3  1969  233   0.0  12.8  15.4   1.5   3.0   0.0
3  1969  234   0.2  12.4  20.5   1.3   2.3   0.0
3  1969  235   7.4  12.5  25.8   1.5   1.7   0.0
3  1969  236   9.7   9.0  28.2   1.6   2.3   0.0
3  1969  237  10.9   8.8  26.2   1.3   2.3   0.0
3  1969  238   9.8   7.7  27.5   1.4   2.3   0.0
3  1969  239   9.6  13.1  27.6   1.7   1.0   0.0
3  1969  240  10.0  14.2  30.4   1.5   2.7   0.0
3  1969  241   0.7  15.0  18.8   1.4   1.7   0.0
3  1969  242   0.0  13.8  17.2   1.5   0.7   0.0
3  1969  243   0.0  14.6  21.7   1.6   2.0   0.0
3  1969  244   5.0  14.7  26.4   1.8   1.7   0.0
3  1969  245   7.8  11.9  28.2   1.8   1.7   0.0
3  1969  246   9.1  10.7  28.2   1.6   4.0   0.0
3  1969  247   9.8  10.4  31.3   1.3   3.3   0.0
3  1969  248   5.0  10.3  29.4   1.5   2.3   0.0
3  1969  249   6.6  13.8  27.6   1.8   2.0   0.0
3  1969  250   8.5  14.2  26.8   1.7   5.3   0.0
3  1969  251   7.1  12.7  29.2   1.5   1.7   0.0
3  1969  252   3.8  16.8  26.2   1.8   1.7   0.0
3  1969  253   3.0  14.1  26.0   1.7   2.7   0.0
3  1969  254   9.4  11.5  30.0   1.8   4.0   0.0
3  1969  255   9.0  13.4  31.6   1.7   2.3   0.0
3  1969  256   0.7  18.0  24.7   1.9   2.3   0.0
3  1969  257   1.4  15.8  24.5   1.8   3.3   0.0
3  1969  258   0.1  16.4  23.7   1.9   2.3   1.4
3  1969  259   0.0  15.3  21.2   1.7   1.3   0.0
3  1969  260   6.8  15.9  23.3   1.7   4.7   5.0
3  1969  261   7.6  17.3  28.8   1.8   3.0   0.0
3  1969  262   9.2  13.3  30.8   1.9   1.7   0.0
3  1969  263   9.3  13.4  29.4   1.8   4.7   0.0
3  1969  264   5.6  16.7  26.1   1.8   2.0  13.0
3  1969  265   5.5  16.6  25.3   1.7   3.7   0.6
3  1969  266   3.3  16.5  27.0   1.8   1.3   0.0
3  1969  267   7.2  15.8  27.3   1.8   2.3   0.0
3  1969  268   8.0  14.7  27.6   1.8   2.0   0.0
3  1969  269   8.5  11.6  27.5   1.7   3.7   0.0
3  1969  270   9.7  10.8  28.6   1.7   2.7   0.0
3  1969  271   9.5  12.8  28.9   1.8   2.7   0.0
3  1969  272   8.6  15.5  30.5   1.8   5.7   0.0
3  1969  273   7.6  18.1  30.6   1.7   5.3   0.0
3  1969  274   5.3  17.1  30.3   2.0   4.7   0.0
3  1969  275   0.0  17.4  22.0   1.8   3.3   0.0
3  1969  276   0.0  17.6  24.6   1.9   1.7   0.0
3  1969  277   4.6  17.7  28.8   2.1   2.0   0.0
3  1969  278   9.5  16.6  32.3   1.8   6.0   0.0
3  1969  279  10.3  17.8  34.6   1.9   3.3   0.0
3  1969  280   8.3  15.6  29.5   2.0   6.0   0.0
3  1969  281   0.0  14.0  19.5   1.5   2.7  14.8
3  1969  282   1.5  13.8  22.6   1.3   0.7   0.0
3  1969  283   8.5  12.8  28.4   1.5   3.3   0.0
3  1969  284   0.0  17.0  21.8   1.8   0.7  17.5
3  1969  285   0.0  14.4  19.2   1.5   2.0   3.2
3  1969  286   4.7  14.7  23.8   1.6   2.7   0.0
3  1969  287   6.4  14.8  28.4   1.9   1.7   0.4
3  1969  288   0.6  17.3  25.4   2.1   1.0   0.0
3  1969  289  10.7  13.5  32.0   1.5   0.7   0.0
3  1969  290   7.1  17.5  26.6   1.8   3.7   3.4
3  1969  291   0.0  14.9  21.0   1.6   1.0   0.0
3  1969  292   0.0  15.2  19.3   1.7   0.3  16.9
3  1969  293   0.0  15.9  19.6   1.8   0.3  30.0
3  1969  294   0.9  16.2  21.6   1.9   1.0   2.6
3  1969  295   5.5  17.0  26.8   1.9   2.0   0.0
3  1969  296   3.8  17.2  27.6   2.0   3.0   0.0
3  1969  297   0.0  18.0  20.2   1.8   2.0  10.0
3  1969  298   0.0  15.5  18.6   1.8   1.3   1.6
3  1969  299   0.2  16.8  23.8   2.0   2.0   3.0
3  1969  300   8.4  18.0  29.7   2.2   2.3   6.0
3  1969  301   3.9  19.1  27.6   2.0   3.0   0.0
3  1969  302   9.1  18.1  29.8   2.2   3.3   7.5
3  1969  303   8.2  16.6  28.7   2.0   2.7   0.0
3  1969  304   1.8  18.7  25.8   2.1   3.0   3.2
3  1969  305   4.8  18.5  26.7   2.2   2.0   4.8
3  1969  306   4.0  18.3  27.9   2.3   2.0   2.0
3  1969  307   2.7  20.0  29.7   2.5   2.7   0.0
3  1969  308   2.9  19.2  27.8   2.3   1.3   2.2
3  1969  309   6.5  19.6  28.7   2.2   1.7   0.0
3  1969  310   9.2  18.3  30.3   2.3   2.3   0.0
3  1969  311   4.6  21.3  29.2   2.3   2.3   0.0
3  1969  312   7.7  20.0  30.7   2.4   3.0   0.0
3  1969  313   3.8  18.9  28.4   2.3   2.0  26.2
3  1969  314   0.0  18.0  22.2   2.4   3.7  21.2
3  1969  315   0.0  15.3  20.7   1.7   2.7   2.0
3  1969  316   4.7  16.7  26.0   1.8   2.0   0.0
3  1969  317   6.6  17.3  25.6   1.5   3.7   0.0
3  1969  318   0.4  16.2  22.3   1.7   6.0   0.2
3  1969  319   1.2  15.7  22.8   1.9   4.0   0.2
3  1969  320   1.2  18.0  23.7   2.1   1.3  13.4
3  1969  321   7.7  17.3  26.8   2.0   4.3   1.0
3  1969  322   3.8  19.5  26.7   2.1   2.7   0.0
3  1969  323   9.7  15.9  29.4   2.0   3.3   0.0
3  1969  324   8.4  16.4  28.7   2.1   3.0   0.0
3  1969  325   8.3  17.3  27.8   2.0   3.0   2.6
3  1969  326   6.1  16.7  27.3   1.9   3.0   0.0
3  1969  327   7.3  17.0  26.5   2.0   0.7  55.0
3  1969  328   5.7  18.0  26.7   1.9   2.3   6.6
3  1969  329  10.1  15.6  29.4   2.0   0.7   0.0
3  1969  330   0.4  18.0  23.3   2.0   1.7   0.0
3  1969  331   8.1  18.1  29.8   2.2   0.7   5.4
3  1969  332  10.0  20.2  30.5   2.2   1.3  22.0
3  1969  333   3.5  19.0  29.3   2.4   4.0   3.0
3  1969  334   5.9  18.2  28.0   2.0   2.6   1.4
3  1969  335   4.7  19.0  27.6   2.4   4.0  15.1
3  1969  336   0.0  17.0  21.4   2.1   2.7  28.8
3  1969  337   0.0  15.8  21.5   1.7   2.3   0.0
3  1969  338   0.0  14.8  18.0   1.5   1.3   7.4
3  1969  339   0.0  16.0  21.7   1.7   1.0   0.0
3  1969  340   5.9  16.9  26.3   1.9   2.7   0.6
3  1969  341   0.0  17.6  22.3   2.0   2.0  12.0
3  1969  342   2.4  18.9  25.3   2.2   2.0  10.0
3  1969  343   5.1  19.2  28.0   2.2   1.3  15.6
3  1969  344   8.4  17.4  27.4   1.9   1.1   4.0
3  1969  345  11.1  18.0  29.2   2.0   2.0   0.0
3  1969  346   7.2  18.6  29.7   2.2   2.0   0.0
3  1969  347   2.2  19.1  26.2   2.2   2.0  33.6
3  1969  348   2.6  19.9  27.0   2.4   1.3  32.6
3  1969  349   1.9  17.9  22.3   1.9   3.0   4.6
3  1969  350   9.1  16.0  24.9   1.6   3.3   0.0
3  1969  351  11.5  12.9  25.2   1.5   1.3   0.0
3  1969  352   7.7  16.0  26.0   1.8   2.3   0.0
3  1969  353  11.6  15.1  27.0   1.7   1.3   0.0
3  1969  354  12.5  14.3  30.4   2.0   1.7   0.0
3  1969  355  10.1  15.0  29.6   2.1   2.3   0.0
3  1969  356  12.2  16.2  30.0   2.0   3.3   0.0
3  1969  357  10.7  17.4  30.0   2.1   3.0   0.0
3  1969  358   4.9  20.0  30.0   2.2   4.0   0.0
3  1969  359   0.0  16.5  18.7   1.8   2.0  64.0
3  1969  360   0.0  16.5  22.8   1.8   3.3  14.0
3  1969  361   5.8  16.2  24.8   1.8   1.7   0.3
3  1969  362   5.6  17.2  24.8   1.9   3.3   0.0
3  1969  363  10.3  13.7  26.8   1.9   2.7   0.3
3  1969  364   6.0  17.5  27.0   2.0   1.7   1.2
3  1969  365  11.1  18.3  27.6   2.0   2.3   0.0


