*-----------------------------------------------------*
* Station name: Fortaleza-CE, Brazil
* Year: 1974
* Author: Luis Claudio Costa
* Source: UFV / DEA              -999.000:NIL VALUE
* Longitude: 38 36 w, latitude: 03 46 s, altitude: 21.13 m.
*
* Column     Daily value
* 1          station number
* 2          year
* 3          day
* 4          sunshine                      (hour d-1)
* 5          minimum temperature           (oC)        
* 6          maximum temperature           (oC)        
* 7          early morning vapour pressure (kPa)
* 8          mean wind speed (height: 2m ) (m s-1)
* 9          precipitation                 (mm d-1)
*-----------------------------------------------------*
-38.54 -3.75 21.13  0.25  0.54
1  1974    1  10.7  25.7  32.0   2.8   3.3   0.0
1  1974    2  11.1  21.6  31.2   2.6   1.3   0.0
1  1974    3  10.5  24.5  31.2   2.8   2.7   0.0
1  1974    4  11.1  23.0  31.8   2.8   1.7   0.0
1  1974    5  10.8  24.4  32.4   2.8   2.7   0.0
1  1974    6  11.4  25.0  30.8   2.6   3.7   0.0
1  1974    7  10.9  23.5  31.8   2.7   3.3   0.0
1  1974    8  10.9  24.5  31.6   2.6   4.0   0.0
1  1974    9   7.4  24.6  32.0   2.7   4.7   0.0
1  1974   10   8.4  25.5  32.6   2.8   4.7   0.0
1  1974   11   7.5  24.0  31.4   2.9   2.3   0.0
1  1974   12   3.5  26.0  30.8   2.8   1.7   0.0
1  1974   13   7.9  25.7  33.0   2.8   4.0   0.0
1  1974   14   3.6  24.7  29.0   2.9   3.7   2.8
1  1974   15   0.9  23.8  29.6   3.0   1.7  33.0
1  1974   16   0.0  21.4  27.2   2.7   1.3  29.4
1  1974   17   4.7  22.3  29.2   2.8   3.3   0.0
1  1974   18   4.6  21.8  29.5   2.8   0.3  27.4
1  1974   19   2.0  22.2  27.2   2.9   1.7  10.6
1  1974   20   9.9  22.5  29.8   2.7   2.0   0.0
1  1974   21   4.3  23.5  29.2   2.9   3.0   0.1
1  1974   22  10.6  21.9  29.8   2.8   3.0  20.2
1  1974   23   4.9  22.6  30.0   2.8   1.7   1.8
1  1974   24   3.9  21.9  29.8   3.0   2.0   8.5
1  1974   25   5.6  22.4  30.2   3.1   3.0   9.8
1  1974   26   0.6  22.9  28.5   2.8   2.0  48.2
1  1974   27   0.0  22.6  25.8   3.0   1.0  33.4
1  1974   28   4.1  21.0  29.2   2.6   2.0  64.9
1  1974   29   8.0  22.8  28.4   3.0   1.7   8.0
1  1974   30   5.4  22.5  29.7   2.9   1.3   5.7
1  1974   31   0.7  23.3  25.8   3.1   0.3  50.4
1  1974   32   0.0  22.5  27.5   2.9   0.7  22.6
1  1974   33   3.9  21.4  29.7   2.9   1.7  15.8
1  1974   34   0.0  21.8  27.5   2.7   0.7  22.0
1  1974   35   6.4  22.2  29.6   2.9   3.0   0.0
1  1974   36   3.4  22.4  29.5   2.9   2.0   7.0
1  1974   37  10.1  22.9  30.0   2.9   3.3   0.0
1  1974   38   4.0  23.6  29.7   3.0   2.3  14.2
1  1974   39   0.0  22.2  27.2   2.9   0.3  21.5
1  1974   40  10.4  23.0  30.3   3.1   4.3   0.0
1  1974   41   1.8  23.1  29.8   2.9   2.3   0.0
1  1974   42   2.9  22.5  29.3   2.9   2.3  17.2
1  1974   43   8.8  23.7  30.6   2.9   4.0   0.0
1  1974   44   3.4  23.8  28.9   3.1   3.3   3.2
1  1974   45   3.5  23.4  29.6   3.0   1.7   5.2
1  1974   46  10.4  22.4  30.1   3.0   4.3   0.0
1  1974   47   1.9  24.0  29.0   3.0   3.0   3.9
1  1974   48   1.5  22.2  28.8   2.9   5.0   7.7
1  1974   49  10.0  22.0  29.8   2.8   2.0   0.0
1  1974   50   5.2  22.3  29.5   2.8   3.7   6.9
1  1974   51   6.0  23.1  30.0   3.2   2.0   0.0
1  1974   52   6.0  23.0  29.2   2.8   1.7   0.0
1  1974   53   4.7  22.7  29.2   3.1   2.3   1.9
1  1974   54   7.8  22.6  30.9   2.6   1.7   0.0
1  1974   55   6.6  23.0  29.3   3.0   1.7   0.1
1  1974   56   5.8  22.8  31.5   3.1   2.3   5.0
1  1974   57   6.4  22.5  29.8   3.1   2.3   0.0
1  1974   58   7.0  22.1  29.8   3.0   0.7  12.8
1  1974   59   3.8  23.3  28.8   3.1   0.3   1.0
1  1974   60   0.0  22.8  27.8   2.8   1.0  29.0
1  1974   61   0.2  23.4  28.0   2.9   0.7  57.0
1  1974   62   4.4  22.6  29.4   2.9   2.0  10.2
1  1974   63   1.9  23.1  30.0   3.0   1.0   1.4
1  1974   64   5.0  23.3  29.5   3.0   0.7   0.0
1  1974   65   1.1  22.2  29.2   3.0   1.7  31.8
1  1974   66   0.5  23.5  27.2   3.1   0.7  19.1
1  1974   67   1.0  22.3  28.6   2.8   1.0  23.3
1  1974   68   2.6  23.0  27.2   2.8   1.0  63.6
1  1974   69   3.2  22.0  27.8   2.9   3.0  57.1
1  1974   70   1.6  21.9  28.1   3.1   1.3   2.9
1  1974   71   0.1  22.4  25.6   2.9   1.0  41.8
1  1974   72   5.3  22.7  29.3   3.0   1.7   0.8
1  1974   73   1.5  23.4  29.2   3.1   1.3  13.8
1  1974   74   4.0  22.9  28.8   2.8   1.0  21.0
1  1974   75   1.4  23.2  29.6   3.1   4.0   0.3
1  1974   76   0.0  23.2  27.5   2.9   0.7  10.0
1  1974   77   6.9  21.6  30.2   2.8   4.0  17.3
1  1974   78   3.6  22.5  29.6   3.1   3.3   0.7
1  1974   79   6.6  22.5  30.0   2.9   4.3  11.0
1  1974   80   0.4  23.0  27.3   2.8   0.7  19.6
1  1974   81   4.0  22.6  29.8   2.9   1.7   0.0
1  1974   82   2.6  22.7  28.2   2.9   1.3  42.0
1  1974   83   2.7  21.8  28.4   2.8   1.0   0.0
1  1974   84   4.2  22.5  29.6   2.9   1.3   0.0
1  1974   85   4.5  22.2  30.6   2.7   2.7  43.3
1  1974   86   4.0  22.9  28.8   2.9   1.7   2.8
1  1974   87   2.7  22.9  28.3   2.9   0.7   0.0
1  1974   88   1.7  22.3  28.1   2.8   1.0   0.0
1  1974   89   4.2  22.8  29.2   2.4   0.3   3.3
1  1974   90   3.0  22.2  29.0   2.3   1.3   0.0
1  1974   91   5.3  22.3  29.0   2.9   1.0   1.0
1  1974   92   3.0  22.7  28.5   2.9   1.7   0.2
1  1974   93   0.0  22.9  24.8   2.9   1.7  75.2
1  1974   94   4.7  22.2  29.2   3.0   1.0   1.6
1  1974   95   1.7  22.5  29.8   2.9   4.0   1.4
1  1974   96   1.8  22.6  27.8   2.9   3.1   3.8
1  1974   97   0.0  23.2  27.4   2.9   1.7  17.3
1  1974   98   0.1  22.5  27.1   2.9   1.0   7.2
1  1974   99   5.3  22.5  28.8   2.9   0.3  15.0
1  1974  100   5.4  22.5  29.1   2.8   1.3  74.2
1  1974  101   2.9  23.5  28.6   2.9   1.7   6.2
1  1974  102   6.0  22.6  29.3   2.9   1.3   3.3
1  1974  103   1.8  23.2  28.0   2.8   2.0   2.1
1  1974  104   3.2  22.6  29.5   2.9   0.7   2.3
1  1974  105   2.6  22.7  29.2   3.1   0.7   9.2
1  1974  106   9.2  22.0  29.3   2.9   1.0   6.1
1  1974  107   1.4  23.7  28.0   3.1   2.0  53.8
1  1974  108   4.0  23.0  28.3   2.8   1.3   0.0
1  1974  109   9.7  22.4  29.4   2.9   1.7   0.0
1  1974  110   4.4  23.0  29.7   2.8   0.7   8.8
1  1974  111   3.9  23.3  28.0   3.0   2.0  27.3
1  1974  112   0.5  22.8  28.4   3.0   2.0  24.5
1  1974  113   4.0  22.7  29.4   3.3   0.7  20.6
1  1974  114   6.7  23.6  29.9   3.0   1.0  54.7
1  1974  115   0.5  23.5  27.2   2.9   1.3  22.5
1  1974  116   0.0  23.2  25.4   2.8   0.3  47.3
1  1974  117   6.9  22.0  29.8   3.1   2.0  29.4
1  1974  118   0.0  22.0  26.4   2.5   2.0 125.5
1  1974  119   5.6  22.0  30.2   3.0   2.3   0.1
1  1974  120   7.2  23.1  30.6   3.2   1.3   1.2
1  1974  121   0.0  21.5  27.0   2.7   0.7   2.4
1  1974  122   3.9  21.8  29.5   2.8   1.3   3.5
1  1974  123   1.3  22.6  26.8   3.0   1.0  18.7
1  1974  124   0.9  22.6  29.0   3.0   1.0   0.3
1  1974  125   9.2  21.7  30.0   3.0   2.0   3.0
1  1974  126   9.3  22.8  30.1   2.9   2.7   0.0
1  1974  127  10.3  22.6  29.8   3.0   3.3   0.3
1  1974  128   0.0  22.2  25.8   2.8   0.7  15.9
1  1974  129  10.6  21.4  29.0   3.2   1.3   5.3
1  1974  130   0.0  21.1  25.9   2.8   0.3   7.3
1  1974  131  10.2  22.4  29.6   2.9   2.3   1.2
1  1974  132   2.9  22.4  29.1   2.7   1.3   9.9
1  1974  133   0.4  23.0  28.8   2.9   0.0  30.8
1  1974  134   4.3  22.7  28.7   2.8   1.0   0.6
1  1974  135   2.2  21.9  28.4   2.9   0.7   0.4
1  1974  136   8.7  21.6  29.6   2.8   1.3   0.0
1  1974  137  10.0  21.5  30.0   3.0   3.7   0.0
1  1974  138  10.0  21.7  29.4   2.8   2.3  67.7
1  1974  139   6.8  22.4  29.6   3.0   2.7   2.0
1  1974  140   3.2  22.3  30.1   2.8   1.3   1.2
1  1974  141   0.0  22.3  28.0   2.9   0.7 101.2
1  1974  142   0.0  22.9  27.0   2.8   1.3  12.9
1  1974  143   0.4  22.4  28.6   2.9   1.0  36.6
1  1974  144   6.6  22.6  29.6   2.8   1.3   6.8
1  1974  145   0.0  23.0  25.8   3.0   1.0  25.5
1  1974  146   0.0  22.4  26.0   2.9   1.0  26.4
1  1974  147   6.5  22.4  29.6   2.9   1.3   1.2
1  1974  148   0.0  23.4  29.2   2.9   0.3  22.1
1  1974  149   8.1  23.6  30.0   3.0   0.7   0.2
1  1974  150   1.4  23.0  25.6   2.9   0.7  64.1
1  1974  151   8.3  21.2  30.0   3.0   0.3   0.0
1  1974  152   1.4  22.4  29.1   2.8   1.7   0.0
1  1974  153   0.2  22.6  28.3   2.8   1.7  36.7
1  1974  154   5.4  22.2  29.9   2.6   1.7   0.0
1  1974  155   9.0  23.0  29.4   3.2   2.0   1.6
1  1974  156   8.2  23.3  29.5   3.1   2.7   0.2
1  1974  157  10.9  22.7  29.4   2.7   3.3   0.0
1  1974  158   4.7  22.7  29.7   2.7   5.7   3.2
1  1974  159   8.9  23.0  29.4   2.8   5.0   0.0
1  1974  160   5.3  23.4  29.5   2.7   3.3   0.5
1  1974  161  10.8  21.0  30.0   2.5   1.7   0.3
1  1974  162  11.0  20.9  30.1   2.4   3.3   0.8
1  1974  163  10.8  22.0  29.7   2.4   3.7   0.0
1  1974  164   5.8  21.2  29.8   2.8   3.7   0.0
1  1974  165   5.1  23.0  30.2   2.9   1.7  12.4
1  1974  166   5.5  22.5  29.7   2.8   1.7   7.3
1  1974  167   6.2  23.0  28.5   2.8   1.3  19.2
1  1974  168  10.6  22.9  29.5   2.8   2.7   8.0
1  1974  169   9.8  23.0  29.0   2.7   3.7   0.4
1  1974  170   5.6  22.6  28.2   2.8   3.3  33.4
1  1974  171  11.4  21.1  30.6   2.7   2.0   0.4
1  1974  172  10.6  22.7  29.1   2.6   3.3   0.7
1  1974  173   5.3  22.2  28.6   2.9   1.7  11.8
1  1974  174  10.5  21.1  29.0   2.9   3.0   0.0
1  1974  175   9.3  23.0  29.6   2.5   2.7   0.6
1  1974  176   4.3  22.4  27.9   2.7   3.7   0.5
1  1974  177  10.9  21.9  29.4   2.7   2.7   6.1
1  1974  178  10.4  21.8  29.4   2.7   3.3   0.0
1  1974  179   8.4  22.5  29.8   3.1   2.3   0.1
1  1974  180  10.8  23.0  29.6   2.9   3.3   0.1
1  1974  181   8.5  22.0  29.3   2.4   3.0   6.2
1  1974  182  10.9  21.3  29.3   2.1   4.3   3.1
1  1974  183  10.7  20.8  29.2   2.1   2.7   0.0
1  1974  184  11.3  20.0  29.1   2.1   4.3   0.0
1  1974  185  10.8  20.3  29.6   1.8   6.0   0.0
1  1974  186  10.3  19.4  29.5   2.0   5.3   0.0
1  1974  187   9.8  22.7  30.4   2.5   3.7   0.0
1  1974  188   2.4  22.7  27.8   3.1   3.7   1.8
1  1974  189  10.4  21.4  29.4   2.6   3.7   0.0
1  1974  190  10.8  22.1  30.0   2.5   4.3   3.7
1  1974  191   5.6  22.5  28.4   2.7   4.0   3.1
1  1974  192   7.7  22.4  29.3   2.6   3.3   6.4
1  1974  193   7.6  22.5  30.3   2.7   5.3   0.0
1  1974  194   9.0  21.9  29.9   2.4   5.0   0.0
1  1974  195  10.5  21.5  30.0   2.5   3.3   0.0
1  1974  196   6.8  22.3  28.3   2.6   4.0   0.1
1  1974  197   7.9  21.7  29.8   2.6   2.0   0.0
1  1974  198  11.2  22.1  30.6   2.6   3.7   0.2
1  1974  199   5.9  21.0  29.2   2.1   5.0   0.0
1  1974  200   6.0  21.6  28.8   2.8   4.7   2.3
1  1974  201  10.9  22.2  29.4   2.6   4.0   0.0
1  1974  202  11.2  21.4  30.2   2.1   3.0   1.8
1  1974  203  11.5  22.4  30.4   2.4   2.7   0.0
1  1974  204   9.9  21.1  30.1   2.0   4.0   0.0
1  1974  205   7.7  22.2  31.0   2.3   4.0   0.0
1  1974  206   0.9  23.1  28.8   2.3   2.7   0.0
1  1974  207   3.7  22.4  30.7   2.5   2.7   0.0
1  1974  208  11.4  22.4  30.2   2.4   3.7   2.1
1  1974  209   9.3  22.3  30.8   2.2   3.7   0.0
1  1974  210  10.0  20.8  30.2   2.2   5.3   0.0
1  1974  211  11.5  20.8  30.0   2.0   5.0   0.0
1  1974  212  11.2  20.2  30.4   2.5   2.3   0.0
1  1974  213  10.2  22.8  29.8   2.6   3.3   0.0
1  1974  214   7.6  21.7  28.6   2.7   6.3  25.6
1  1974  215  10.6  20.8  30.4   2.3   5.3   0.0
1  1974  216  11.3  20.2  28.9   2.3   2.0   0.0
1  1974  217  11.5  20.2  30.6   2.1   3.7   0.0
1  1974  218  11.0  21.0  29.8   2.1   5.0   0.0
1  1974  219  10.9  21.7  30.6   2.2   3.0   0.0
1  1974  220   3.3  22.6  30.1   2.5   4.7   0.1
1  1974  221  11.3  22.1  30.0   2.2   6.0   0.0
1  1974  222  11.4  20.3  32.1   2.2   4.3   0.0
1  1974  223   6.6  23.0  29.6   2.5   4.3   0.0
1  1974  224  10.4  22.8  29.2   2.2   4.7   0.0
1  1974  225  10.7  23.0  30.0   2.4   4.3   0.0
1  1974  226  11.0  22.5  28.6   2.3   5.0   0.0
1  1974  227   9.5  23.2  28.8   2.8   5.7   0.0
1  1974  228  11.0  21.2  29.7   2.6   4.0   0.0
1  1974  229  10.3  22.1  30.0   2.5   3.7   0.0
1  1974  230  11.1  21.5  29.7   2.5   3.3   0.0
1  1974  231  10.7  20.7  30.4   2.5   4.3   0.0
1  1974  232  11.4  20.8  31.4   2.2   4.0   0.0
1  1974  233  11.2  23.5  31.2   2.4   3.3   0.0
1  1974  234   6.6  21.8  30.3   2.3   3.3   0.0
1  1974  235  10.7  23.2  30.8   2.3   2.7   0.0
1  1974  236  11.1  21.3  31.0   2.0   3.7   0.0
1  1974  237  11.2  21.6  32.2   1.9   7.3   0.0
1  1974  238   9.9  22.5  29.7   2.4   5.7   0.3
1  1974  239  10.3  22.8  30.6   2.8   4.3   1.2
1  1974  240   8.7  23.0  29.1   2.8   3.3   1.7
1  1974  241  11.2  24.3  31.0   2.7   6.0   0.0
1  1974  242   8.8  22.8  29.3   2.5   6.0   2.7
1  1974  243  10.6  23.4  30.2   2.7   5.0   0.2
1  1974  244  10.0  21.4  30.1   2.3   3.3   0.0
1  1974  245   9.8  24.1  30.4   2.8   6.3   1.1
1  1974  246  10.5  22.4  29.5   2.5   6.7   1.5
1  1974  247  10.7  23.0  30.6   2.5   5.7   0.3
1  1974  248   9.7  22.1  29.6   2.4   4.3   2.2
1  1974  249  10.2  22.2  29.8   2.7   3.7  18.2
1  1974  250  11.0  22.3  30.2   2.2   5.3   0.0
1  1974  251  11.2  22.5  32.7   2.4   5.3   0.0
1  1974  252  10.3  22.2  30.2   2.4   6.3   0.0
1  1974  253  11.0  21.6  30.8   2.7   4.7   0.0
1  1974  254   7.9  20.5  28.8   2.7   4.3   0.8
1  1974  255  10.7  22.9  29.8   2.7   5.0   8.5
1  1974  256   9.6  23.2  30.1   2.7   5.0   0.0
1  1974  257   8.5  24.0  30.0   3.0   4.3   0.2
1  1974  258  10.9  22.0  29.5   2.3   8.0   0.0
1  1974  259   9.4  23.5  30.2   2.9   4.0   0.0
1  1974  260   7.9  22.8  29.6   2.7   4.7   5.3
1  1974  261   6.7  21.4  29.6   2.6   3.7   4.0
1  1974  262  10.7  22.5  29.7   2.3   5.3   0.0
1  1974  263  10.4  24.1  29.6   2.7   6.0   0.0
1  1974  264  11.1  22.7  30.2   2.2   5.7   0.0
1  1974  265  11.1  23.0  30.4   2.8   5.7   1.5
1  1974  266  10.1  23.0  29.2   3.2   6.7  14.5
1  1974  267  11.0  23.2  30.6   2.7   3.3   0.0
1  1974  268   7.3  23.0  29.3   2.7   5.7   0.6
1  1974  269  10.1  23.4  30.2   2.7   6.0   0.0
1  1974  270  10.8  24.2  29.9   2.2   9.0   0.0
1  1974  271   9.8  23.0  30.0   3.3   8.3   3.3
1  1974  272   9.9  23.3  29.8   2.5   8.0   0.4
1  1974  273  11.0  23.0  30.0   2.7   6.7   0.0
1  1974  274  10.3  23.2  30.2   2.7   6.0   0.1
1  1974  275  10.0  23.8  30.2   2.8   5.3   0.3
1  1974  276  10.4  22.6  29.8   2.3   6.0   0.0
1  1974  277   9.1  23.3  30.0   2.7   6.3   0.6
1  1974  278   2.7  23.0  28.4   2.8   5.0   9.2
1  1974  279   8.2  23.7  29.8   2.8   7.0   0.0
1  1974  280  11.2  24.3  29.7   2.7   4.3   0.0
1  1974  281  10.0  23.4  30.4   2.8   2.7   0.0
1  1974  282   2.8  23.7  27.9   2.9   3.3   8.2
1  1974  283   7.8  23.0  29.6   2.8   2.7   1.4
1  1974  284   7.3  24.1  29.1   2.8   4.7   0.3
1  1974  285   7.9  22.6  29.8   3.0   4.0   0.0
1  1974  286   8.4  24.8  29.4   2.3   5.3   0.0
1  1974  287  11.1  24.8  30.4   2.5   6.7   0.0
1  1974  288  11.1  22.3  30.5   2.5   5.3   0.0
1  1974  289  10.0  24.5  30.6   3.0   4.3   1.6
1  1974  290  10.4  23.8  31.2   2.7   6.0   0.7
1  1974  291  10.9  25.4  30.6   2.5   6.7   0.0
1  1974  292  11.0  24.2  30.7   2.5   5.0   0.0
1  1974  293  10.6  24.7  31.2   2.8   3.0   0.0
1  1974  294  10.1  22.9  30.6   2.8   4.7   0.0
1  1974  295   9.0  25.0  31.0   2.7   4.7   0.0
1  1974  296  10.4  23.6  29.9   2.5   2.7   0.0
1  1974  297  10.9  22.5  30.6   2.6   4.3   0.0
1  1974  298  11.4  22.2  30.6   2.4   6.0   0.0
1  1974  299  10.7  25.0  31.4   2.5   4.7   0.0
1  1974  300   9.9  23.5  30.8   2.5   4.3   0.0
1  1974  301   6.2  23.0  31.1   2.7   4.0   0.2
1  1974  302  10.1  22.6  30.6   2.5   2.3   0.0
1  1974  303   5.9  24.0  30.2   2.6   3.7   0.2
1  1974  304  11.1  22.2  30.7   2.6   4.7   0.0
1  1974  305   7.6  24.6  30.6   2.6   4.3   0.3
1  1974  306   9.1  23.4  30.6   2.5   5.0   0.0
1  1974  307   9.8  23.6  30.4   2.6   2.3   0.1
1  1974  308  10.7  24.6  30.3   2.5   4.7   0.0
1  1974  309   8.6  24.5  30.6   2.5   5.0   0.3
1  1974  310   8.8  22.5  30.4   2.4   4.3   0.0
1  1974  311   9.9  23.4  30.8   2.5   4.0   0.0
1  1974  312   9.0  24.6  29.5   2.6   3.0   0.0
1  1974  313  11.0  23.2  29.8   2.5   2.0   0.0
1  1974  314  11.2  22.1  30.8   2.6   3.7   0.0
1  1974  315  10.4  24.8  31.4   2.5   3.0   0.0
1  1974  316  10.6  23.3  31.3   2.4   4.3   0.4
1  1974  317   9.6  23.0  31.0   2.8   4.0   0.0
1  1974  318  10.9  23.4  30.5   2.6   3.3   0.0
1  1974  319  11.1  25.6  30.6   2.5   4.0   0.0
1  1974  320  10.1  21.6  30.8   2.4   3.0   0.0
1  1974  321  11.1  22.6  31.7   2.5   5.0   0.0
1  1974  322   9.6  23.9  30.9   2.8   5.3   1.2
1  1974  323  10.8  25.7  31.6   2.4   5.7   0.0
1  1974  324   5.0  25.2  31.6   2.5   4.0   0.0
1  1974  325   9.6  23.5  31.0   2.5   5.0   0.0
1  1974  326  10.0  24.0  30.9   2.8   4.0   0.2
1  1974  327   5.4  26.0  29.8   2.6   4.3   0.3
1  1974  328  10.8  25.0  30.9   2.5   5.0   0.0
1  1974  329  10.7  25.4  30.8   2.7   6.0   0.3
1  1974  330   7.9  25.2  30.2   2.7   5.3   0.0
1  1974  331   3.1  23.8  29.2   2.8   4.0   5.6
1  1974  332  10.4  22.7  29.8   2.5   3.3   0.0
1  1974  333  10.0  23.2  31.5   2.7   4.7   0.0
1  1974  334   6.8  23.2  29.7   3.0   4.3  11.9
1  1974  335   4.9  22.8  29.3   2.7   2.0   5.9
1  1974  336  11.3  22.4  29.7   2.6   2.3   0.0
1  1974  337   6.4  23.0  30.2   2.9   3.7   0.0
1  1974  338   8.0  23.3  30.4   2.7   2.0   0.0
1  1974  339   6.7  24.0  28.0   3.0   3.0  22.6
1  1974  340   7.1  22.6  28.9   3.0   2.0   4.8
1  1974  341  10.2  23.0  30.0   2.9   4.3   0.0
1  1974  342  10.8  22.8  30.2   2.8   8.0   0.0
1  1974  343  10.2  23.5  30.8   2.7   3.7   0.0
1  1974  344  10.4  22.8  30.5   2.6   4.7   0.0
1  1974  345  11.2  23.7  30.2   2.6   4.0   3.2
1  1974  346  10.7  23.2  30.7   3.0   6.3   0.0
1  1974  347   9.3  23.2  30.6   2.9   5.0   0.5
1  1974  348   8.4  23.3  29.4   2.6   3.7   3.3
1  1974  349   6.8  23.7  30.0   2.8   3.3   0.0
1  1974  350  10.6  24.1  30.5   2.8   5.3   0.0
1  1974  351   4.9  23.3  29.8   3.2   3.7   3.8
1  1974  352   0.8  24.8  29.4   2.9   3.3   1.0
1  1974  353   2.0  24.0  30.0   3.1   3.3   0.0
1  1974  354   9.5  23.0  30.6   2.8   3.7   0.0
1  1974  355   9.9  23.0  30.2   2.8   4.0   0.0
1  1974  356  10.0  24.2  29.4   2.8   4.0   4.8
1  1974  357  10.2  25.0  30.6   2.9   4.0   0.0
1  1974  358   8.3  24.1  30.3   3.0   1.0   0.2
1  1974  359  10.6  24.3  31.6   2.9   3.7   0.0
1  1974  360   7.6  24.2  30.5   3.0   2.7   1.2
1  1974  361   9.3  25.5  30.2   3.1   3.7   0.6
1  1974  362   0.0  22.6  26.3   2.8   0.3  16.4
1  1974  363   9.9  23.3  29.9   3.1   2.3   0.0
1  1974  364  11.1  22.8  30.3   2.9   3.3   0.0
1  1974  365   9.3  23.0  30.0   3.0   4.7   6.4
