*-----------------------------------------------------*
* Station name: Vicosa-MG, Brazil
* Year: 1974
* Author: Luis Claudio Costa
* Source: UFV / DEA              -999.000:NIL VALUE
* Longitude: 42 51 W, latitude: 20 45 S, altitude: 642.88 m.
*
* Column     Daily value
* 1          station number
* 2          year
* 3          day
* 4          sunshine                      (hour d-1)
* 5          minimum temperature           (oC)        
* 6          maximum temperature           (oC)        
* 7          early morning vapour pressure (kPa)
* 8          mean wind speed (height: 2m ) (m s-1)
* 9          precipitation                 (mm d-1)
*-----------------------------------------------------*
-42.88  -20.75  642.88 0.25 0.54
3  1974    1   2.9  19.1  28.5   2.4   3.7  12.5
3  1974    2   4.8  20.3  27.5   2.3   0.7   1.6
3  1974    3   0.5  18.7  22.9   2.3   1.7  29.8
3  1974    4   8.2  18.4  26.8   2.1   1.3   0.3
3  1974    5   4.3  19.0  28.7   2.1   0.7   0.2
3  1974    6   7.5  19.4  31.6   2.4   1.7   1.4
3  1974    7  10.2  17.8  31.3   2.5   3.7  21.8
3  1974    8   9.7  19.9  31.0   2.5   4.3   0.7
3  1974    9   5.2  19.0  31.3   2.2   1.7   0.9
3  1974   10   9.2  16.7  30.1   2.2   2.7   0.0
3  1974   11   8.6  17.4  28.3   2.2   3.0   0.0
3  1974   12   7.2  18.5  29.3   2.3   3.7   1.7
3  1974   13   9.4  17.5  27.8   2.2   3.0   2.7
3  1974   14  11.6  19.5  28.6   2.2   2.7   5.1
3  1974   15   8.2  17.0  31.1   2.3   2.3   0.0
3  1974   16   8.7  19.2  28.6   2.3   2.3  12.7
3  1974   17  11.3  17.9  30.1   2.0   3.0   1.8
3  1974   18   9.2  17.0  30.0   2.2   1.3   3.3
3  1974   19   8.1  16.7  29.0   2.3   0.7   0.3
3  1974   20   5.7  17.3  28.7   2.1   2.0   0.5
3  1974   21   5.5  16.6  27.0   2.2   1.3  17.4
3  1974   22   6.9  16.3  28.1   2.1   1.7   0.5
3  1974   23   8.4  15.8  27.7   2.0   3.0   0.8
3  1974   24   8.2  15.8  29.5   2.0   1.3   0.0
3  1974   25   9.8  18.2  29.8   2.2   2.3   0.0
3  1974   26   7.9  19.3  30.1   2.3   2.0   0.0
3  1974   27   5.0  18.9  28.8   2.2   3.0   0.0
3  1974   28   8.1  17.6  30.2   2.2   4.0   0.0
3  1974   29   5.9  18.8  31.3   2.3   2.3   0.0
3  1974   30   6.2  19.0  27.3   2.4   2.0   2.6
3  1974   31   6.0  18.2  26.6   2.2   2.0  35.8
3  1974   32   3.0  20.0  27.2   2.5   1.7   2.8
3  1974   33  12.2  16.2  29.8   2.1   2.3   0.1
3  1974   34  11.4  19.2  29.6   2.1   2.7   0.1
3  1974   35  10.0  18.7  31.0   2.1   3.0   0.0
3  1974   36   9.6  17.4  29.9   2.3   3.0   0.0
3  1974   37   9.6  18.8  29.8   2.1   3.0   0.0
3  1974   38   8.0  16.1  27.6   2.1   1.7   3.0
3  1974   39  11.6  13.3  28.8   2.1   2.3   1.0
3  1974   40   8.9  15.6  28.3   2.1   1.3   0.0
3  1974   41   2.7  18.5  26.6   2.2   3.0   2.7
3  1974   42   5.4  18.5  27.9   2.3   3.0   9.1
3  1974   43   5.8  18.0  29.9   2.3   2.0   1.2
3  1974   44   7.1  18.8  28.6   2.2   2.0   0.5
3  1974   45   9.9  18.0  29.2   2.1   1.3   1.6
3  1974   46  11.5  17.0  31.4   2.2   3.0   0.0
3  1974   47  11.0  18.0  31.6   2.3   3.0   0.0
3  1974   48   9.9  17.0  31.7   2.3   3.0   0.0
3  1974   49   8.4  18.8  30.2   2.2   2.3   0.0
3  1974   50   6.8  17.8  30.0   2.1   2.0   0.0
3  1974   51   9.6  17.0  31.8   2.3   3.0   0.0
3  1974   52  11.0  16.3  30.4   2.2   4.3   0.1
3  1974   53  11.5  15.3  32.0   2.3   3.0   0.0
3  1974   54   8.3  17.0  32.1   2.4   3.7   0.0
3  1974   55  10.6  17.6  32.1   2.3   3.7   0.0
3  1974   56   7.2  17.3  31.3   2.1   3.0   0.0
3  1974   57   4.8  19.5  29.1   2.1   1.3   0.5
3  1974   58   4.9  19.5  28.4   2.1   1.7   0.0
3  1974   59   2.1  18.1  26.3   2.1   1.7  35.6
3  1974   60   1.8  20.0  27.6   2.3   3.7  18.0
3  1974   61   7.8  19.0  30.7   2.3   2.0   0.4
3  1974   62   7.6  16.9  29.7   2.3   3.0   0.0
3  1974   63   9.1  18.5  30.6   2.4   3.7   0.0
3  1974   64   9.7  17.3  29.8   2.2   2.3   0.1
3  1974   65  11.0  15.0  29.3   2.0   3.3   0.0
3  1974   66   9.1  15.3  28.8   2.3   3.0   1.6
3  1974   67   3.3  17.1  27.3   2.1   3.0   0.0
3  1974   68   3.9  17.0  27.2   2.0   2.7   0.1
3  1974   69   3.6  18.5  26.4   2.1   2.7   0.0
3  1974   70   4.9  17.4  28.7   2.2   1.7   0.0
3  1974   71   5.2  18.3  29.4   2.2   5.0   0.0
3  1974   72   1.6  19.0  25.9   2.3   3.0   4.5
3  1974   73   0.9  18.8  26.7   2.4   3.3   0.3
3  1974   74   9.5  18.8  29.2   2.2   2.9   0.3
3  1974   75  10.8  17.8  29.0   2.1   3.0   0.0
3  1974   76   8.8  17.1  28.3   2.0   3.3   0.0
3  1974   77   6.4  16.9  27.3   2.0   3.7   0.0
3  1974   78   2.2  17.0  26.4   2.1   3.0   0.0
3  1974   79   0.6  17.7  26.2   2.2   1.3   3.1
3  1974   80   2.0  19.4  27.7   2.3   3.0   5.1
3  1974   81   0.9  19.4  25.2   2.3   2.0  39.6
3  1974   82   1.8  19.7  26.2   2.3   1.7   7.8
3  1974   83   3.8  20.3  29.2   2.4   1.7   0.0
3  1974   84   3.1  19.8  27.8   2.4   1.7  21.8
3  1974   85   2.7  20.4  28.2   2.4   2.0  14.2
3  1974   86   6.4  18.7  29.2   2.2   1.7  41.6
3  1974   87   3.9  19.1  26.7   2.3   2.0   0.3
3  1974   88   5.9  18.7  26.7   2.2   2.7   6.8
3  1974   89   6.0  18.3  29.1   2.3   1.3   0.0
3  1974   90   7.0  18.6  28.3   2.2   2.3   0.0
3  1974   91   9.0  16.5  30.0   2.3   1.3   0.0
3  1974   92   8.4  15.4  30.5   2.1   1.7   0.0
3  1974   93   0.9  20.3  25.3   2.2   2.0   0.5
3  1974   94   7.4  18.7  28.5   2.4   1.7   0.0
3  1974   95   7.8  17.5  30.0   2.2   4.3   0.0
3  1974   96   4.9  19.1  26.4   2.1   3.0  11.4
3  1974   97   2.6  17.4  25.1   1.9   1.0   0.0
3  1974   98  10.4  14.9  25.0   1.7   3.0   0.0
3  1974   99   9.4  12.6  26.8   1.9   1.7   0.0
3  1974  100   8.6  14.7  29.2   2.0   1.0   0.0
3  1974  101   2.1  16.8  26.5   2.1   2.3   0.0
3  1974  102   2.7  16.0  25.8   2.1   1.7   9.9
3  1974  103   2.9  18.6  27.2   2.3   1.3   5.5
3  1974  104   0.0  16.6  22.5   1.9   1.0   3.6
3  1974  105   4.7  17.7  26.6   2.0   2.3   1.5
3  1974  106   5.8  18.0  25.8   2.0   1.0   0.0
3  1974  107   0.5  17.4  23.3   1.8   1.3   0.9
3  1974  108   6.5  15.3  25.6   2.1   2.3   0.0
3  1974  109  10.6  13.9  29.5   2.1   3.0   0.1
3  1974  110  10.3  15.0  26.0   1.7   3.0   0.0
3  1974  111   2.7  16.3  23.1   1.8   1.7   0.0
3  1974  112   6.9  14.1  27.5   2.0   0.7   0.0
3  1974  113   8.0  16.6  28.5   2.2   0.7   1.5
3  1974  114   6.0  17.6  25.6   2.2   2.0   0.0
3  1974  115   9.1  14.9  26.6   2.1   2.3   0.0
3  1974  116   4.5  17.8  26.6   2.3   1.0   0.0
3  1974  117   0.6  15.1  20.7   1.6   1.3  11.3
3  1974  118   7.0  10.6  20.7   1.5   3.0   0.0
3  1974  119   9.8  10.1  23.7   1.5   0.7   0.0
3  1974  120   9.1  13.6  25.5   1.6   1.3   0.2
3  1974  121   9.2  12.5  27.4   1.7   0.7   3.4
3  1974  122   7.1  14.5  25.5   1.9   0.7   7.5
3  1974  123   6.5  14.8  25.6   1.8   0.7   0.0
3  1974  124   7.1  13.3  25.8   1.9   2.7   0.0
3  1974  125   7.2  16.3  26.2   2.1   1.7   0.0
3  1974  126   6.7  14.9  24.2   1.6   1.7   0.0
3  1974  127   1.3  15.5  20.5   1.8   0.7   0.2
3  1974  128   5.2  15.4  23.8   1.9   3.7   0.3
3  1974  129   5.6  14.1  25.1   1.9   1.3  13.1
3  1974  130   7.5  15.6  26.0   2.1   1.3   0.2
3  1974  131   5.6  14.2  25.0   2.1   0.7   0.0
3  1974  132   8.5  15.7  26.2   2.1   1.3   0.0
3  1974  133   5.9  13.5  25.6   2.1   1.3   0.1
3  1974  134   3.9  17.4  26.0   2.1   0.7  14.0
3  1974  135   1.0  16.7  20.6   1.8   1.0   0.0
3  1974  136   2.7  14.6  22.3   1.7   0.7   0.0
3  1974  137   8.0  13.8  26.0   2.0   1.7   0.0
3  1974  138   5.0  11.3  22.3   1.8   1.3   0.1
3  1974  139   8.1  11.7  27.0   1.8   1.7   0.1
3  1974  140   7.6  13.3  26.7   1.9   1.3   0.1
3  1974  141   7.3  15.5  25.4   1.9   1.0   1.1
3  1974  142   6.5  14.5  25.4   2.0   1.3   0.0
3  1974  143   8.3  12.3  26.6   1.8   1.3   0.1
3  1974  144   5.1  14.0  25.2   2.0   0.7   0.1
3  1974  145   7.7  11.4  25.1   1.7   1.3   0.1
3  1974  146   4.3  12.7  23.9   1.9   3.3   0.0
3  1974  147   7.9  12.3  25.4   2.0   2.3   0.1
3  1974  148   5.0  12.9  24.8   2.0   2.0   0.0
3  1974  149   5.4  15.7  26.4   2.0   0.7   0.2
3  1974  150   9.9  13.0  25.3   1.7   2.3   0.0
3  1974  151  10.1   9.4  23.9   1.5   0.3   0.1
3  1974  152   8.5  11.5  23.1   1.5   0.7   0.1
3  1974  153   6.3   8.0  22.5   1.5   1.3   0.0
3  1974  154   9.3  10.0  26.7   1.7   0.7   0.1
3  1974  155   0.0  14.6  20.1   1.8   0.7   0.0
3  1974  156   1.5  14.1  21.6   1.7   0.7   1.8
3  1974  157   0.2  13.4  20.7   1.7   0.7   5.0
3  1974  158   3.7  11.4  23.4   1.7   2.0   0.0
3  1974  159   9.6  11.1  24.5   1.8   2.0  20.1
3  1974  160  10.2  10.5  25.1   1.7   0.7   0.1
3  1974  161  10.0   9.5  27.4   1.5   0.7   0.1
3  1974  162   9.2   9.4  26.1   1.6   2.3   0.1
3  1974  163   7.5   8.1  26.4   1.4   0.3   0.0
3  1974  164   4.2  14.6  22.6   1.7   2.3   0.0
3  1974  165   0.2  12.6  17.2   1.4   1.7   0.1
3  1974  166   5.7   9.5  19.7   1.3   1.3   0.0
3  1974  167   7.6   5.6  22.5   1.1   0.7   0.1
3  1974  168   9.9   5.7  23.8   1.3   0.7   0.1
3  1974  169  10.1   6.0  25.7   1.3   1.7   0.1
3  1974  170   8.7   8.2  25.0   1.7   1.7   0.1
3  1974  171   7.7  10.5  24.3   1.6   1.7   0.1
3  1974  172   6.6   9.5  24.1   1.6   1.7   0.1
3  1974  173   0.0  13.5  18.5   1.7   1.3   1.4
3  1974  174   0.3  12.2  18.5   1.5   2.3   0.0
3  1974  175   2.7  12.3  22.3   1.5   1.0   0.0
3  1974  176   1.7  12.0  22.4   1.6   3.3  10.6
3  1974  177   5.0  11.5  25.1   1.6   2.3   3.4
3  1974  178   9.4   9.5  25.1   1.5   1.0   8.3
3  1974  179   8.8   9.6  21.0   1.2   4.3   0.0
3  1974  180  10.2   6.3  19.6   1.1   3.0   0.0
3  1974  181   8.8   5.8  19.1   1.1   2.0   0.0
3  1974  182   9.1   4.0  19.6   1.2   3.0   0.0
3  1974  183   5.1   9.7  19.8   1.3   4.0   0.0
3  1974  184   8.7   5.2  22.5   1.3   1.7   0.0
3  1974  185   8.9   5.6  22.5   1.1   1.7   0.2
3  1974  186   8.7   6.7  23.8   1.2   1.7   0.0
3  1974  187   5.3   7.0  23.1   1.4   0.7   0.1
3  1974  188   4.4  10.2  22.8   1.6   1.3   0.0
3  1974  189   4.3  13.0  23.4   1.6   1.3   0.0
3  1974  190   5.0  10.2  22.6   1.5   0.7   0.2
3  1974  191   7.9   9.8  23.2   1.5   1.3   0.0
3  1974  192   6.4   6.4  21.8   1.2   0.7   0.1
3  1974  193   7.7   6.0  22.8   1.2   1.0   0.1
3  1974  194   5.7   8.3  21.8   1.3   1.3   0.0
3  1974  195   4.4   9.7  22.0   1.3   0.3   0.0
3  1974  196  10.1   4.5  24.0   1.1   1.7   0.0
3  1974  197   8.9   5.4  25.4   1.2   1.0   0.1
3  1974  198  10.2   4.6  25.7   1.2   1.7   0.0
3  1974  199  10.2   6.7  24.0   1.3   1.3   0.0
3  1974  200  10.1   9.4  26.2   1.6   3.0   0.1
3  1974  201  10.3   8.4  25.3   1.5   1.3   0.0
3  1974  202  10.3   7.6  25.1   1.4   0.7   0.0
3  1974  203  10.2   7.6  26.7   1.4   1.0   0.0
3  1974  204   7.4  12.2  25.1   1.7   1.3   0.1
3  1974  205   8.3  12.3  25.4   1.8   0.7   0.1
3  1974  206   9.6   7.0  25.2   1.4   0.7   0.1
3  1974  207   8.5   7.6  26.0   1.5   0.3   0.0
3  1974  208   9.6   9.4  25.9   1.5   1.3   0.0
3  1974  209  10.3   7.4  26.3   1.4   1.0   0.1
3  1974  210  10.2   7.0  25.6   1.3   0.7   0.0
3  1974  211  10.2   6.8  26.4   1.3   0.3   0.0
3  1974  212   8.1   7.0  27.7   1.3   1.3   0.0
3  1974  213   9.6   8.2  26.4   1.3   1.0   0.0
3  1974  214  10.3   6.7  24.9   1.3   2.0   0.0
3  1974  215  10.6   6.3  24.6   1.4   1.7   0.0
3  1974  216  10.3   6.5  24.8   1.4   1.7   0.0
3  1974  217   9.9   7.6  26.2   1.5   3.0   0.1
3  1974  218   9.1  10.4  28.9   1.5   1.7   0.0
3  1974  219   9.2  14.5  27.0   1.7   1.7   0.0
3  1974  220   8.4  12.6  26.1   1.7   3.7   0.1
3  1974  221   0.6  15.4  20.6   1.6   2.3   0.0
3  1974  222   0.0  12.8  15.9   1.4   1.0   0.6
3  1974  223   0.0  12.6  15.4   1.4   0.7   0.9
3  1974  224   0.0  13.5  16.1   1.5   1.0   0.6
3  1974  225   0.1  13.8  16.8   1.6   1.3   1.2
3  1974  226   6.1  13.7  24.7   1.8   1.3   0.0
3  1974  227   1.3  13.3  23.1   1.9   2.3   0.0
3  1974  228   9.7  11.6  26.4   1.7   3.7   0.0
3  1974  229   3.4  11.6  20.1   1.3   2.0   0.0
3  1974  230   8.1  12.5  26.2   1.6   3.7   0.0
3  1974  231   4.9  11.1  21.2   1.1   2.7   0.0
3  1974  232   5.6  12.0  22.4   1.4   2.7   0.0
3  1974  233   5.6   7.0  24.7   1.4   2.7   0.1
3  1974  234   9.7   6.5  27.3   1.4   0.7   0.1
3  1974  235  10.4   7.2  25.3   1.4   2.0   0.1
3  1974  236  10.7   7.2  25.1   1.5   4.0   0.0
3  1974  237   7.5   8.6  25.2   1.6   2.7   0.0
3  1974  238  10.9   8.1  26.7   1.5   3.7   0.0
3  1974  239   8.2  11.7  27.0   1.7   2.7   0.0
3  1974  240  10.4  11.3  28.0   1.6   4.0   0.0
3  1974  241  10.0  12.3  31.2   1.7   1.7   0.0
3  1974  242  10.0  13.3  32.4   1.8   1.3   0.0
3  1974  243   8.8  13.5  29.0   1.9   3.0   0.0
3  1974  244   8.2  16.0  29.4   1.6   3.0   0.0
3  1974  245   8.3  16.0  28.7   1.8   2.3   0.0
3  1974  246   6.3  18.3  28.9   2.0   1.7   0.0
3  1974  247   6.9  17.4  28.9   1.8   1.7   0.0
3  1974  248   9.9  11.1  28.0   1.7   2.7   0.0
3  1974  249  10.3   9.0  28.3   1.4   2.0   0.0
3  1974  250   2.2  15.4  22.4   1.7   2.3   0.0
3  1974  251   8.7  14.5  26.8   1.5   1.7   0.0
3  1974  252  10.1  13.6  31.4   1.8   3.3   0.0
3  1974  253   5.5  13.9  26.6   1.3   3.3   0.0
3  1974  254   5.2  11.2  25.2   1.3   2.7   0.0
3  1974  255   7.3  13.8  26.8   1.7   2.0   0.0
3  1974  256   8.0  13.7  30.0   1.8   2.3   0.0
3  1974  257   8.1  12.6  30.0   2.1   1.0   0.0
3  1974  258   6.9  16.2  29.0   1.9   1.3   0.0
3  1974  259   9.1  14.4  29.5   1.8   1.0   0.0
3  1974  260   7.5  11.0  27.7   1.7   2.7   0.0
3  1974  261   9.7  10.0  28.3   1.7   3.0   0.0
3  1974  262   5.8  13.6  27.1   1.7   2.7   0.0
3  1974  263   5.9  16.5  27.5   1.8   1.7   0.0
3  1974  264   6.1  13.4  26.8   1.6   1.7   0.0
3  1974  265   5.1  14.1  27.0   1.8   1.7   0.0
3  1974  266   7.8  16.9  30.4   1.7   2.3   0.0
3  1974  267   6.9  18.2  28.9   2.0   1.3   4.8
3  1974  268  11.0  10.2  28.2   1.5   4.3   0.0
3  1974  269   9.3  10.5  28.6   1.5   2.7   0.0
3  1974  270  10.3  13.1  32.7   1.7   3.0   0.0
3  1974  271  10.0  13.8  30.4   1.7   2.7   0.0
3  1974  272  10.0  15.6  30.0   1.7   3.0   0.0
3  1974  273   0.4  16.8  23.5   1.8   4.3   0.0
3  1974  274   8.7  14.3  26.7   1.3   2.3   0.0
3  1974  275   8.4  12.0  28.9   1.6   1.3   0.0
3  1974  276   8.4  12.9  29.2   1.6   3.0   0.0
3  1974  277   2.7  15.0  27.8   1.6   7.7   0.0
3  1974  278   6.6  16.4  30.4   1.8   2.3   0.2
3  1974  279   4.8  18.2  30.2   2.2   3.7   1.8
3  1974  280   0.3  17.5  25.2   2.2   3.0   0.7
3  1974  281   1.0  15.0  22.9   1.5   3.0   0.0
3  1974  282   0.0  14.5  18.5   1.7   2.3   5.8
3  1974  283   0.6  13.6  21.3   1.4   3.0   8.5
3  1974  284   8.8  12.7  27.0   1.4   3.3   0.0
3  1974  285  10.2  13.2  28.4   1.6   4.3   0.0
3  1974  286   8.3  13.1  29.2   1.6   3.0   0.0
3  1974  287   7.9  14.8  28.6   1.9   1.3   6.2
3  1974  288   6.1  16.8  27.4   2.0   3.0   3.1
3  1974  289   3.7  15.3  27.7   2.0   2.3   0.0
3  1974  290   2.2  16.7  28.2   2.1   3.0   0.0
3  1974  291   9.9  16.2  32.3   2.3   3.7  20.6
3  1974  292   0.2  18.5  23.4   2.1   0.3  19.6
3  1974  293   1.0  17.5  24.0   2.0   1.3   2.5
3  1974  294   2.3  18.8  25.9   2.1   1.7  15.2
3  1974  295   4.8  16.2  27.6   2.1   1.3   2.0
3  1974  296   2.0  15.8  25.9   2.1   1.3   1.0
3  1974  297   7.8  17.1  30.4   2.2   5.7   0.0
3  1974  298   6.2  18.2  29.8   2.0   2.3   0.8
3  1974  299   4.0  17.6  29.1   2.2   2.7   0.0
3  1974  300   7.4  18.0  29.5   2.2   1.3  48.2
3  1974  301   0.7  19.7  27.3   2.4   1.3   2.0
3  1974  302   4.6  17.8  28.2   2.3   2.0  24.0
3  1974  303   1.9  16.0  24.7   2.2   4.3  16.8
3  1974  304   0.0  14.3  18.8   1.6   1.7   0.3
3  1974  305   0.2  15.3  21.7   1.8   1.7   1.1
3  1974  306  12.2  13.3  24.9   1.4   4.3   0.1
3  1974  307  12.1   9.6  25.5   1.1   3.7   0.0
3  1974  308   9.8  13.9  27.3   1.8   2.0   0.0
3  1974  309  11.7  12.9  28.4   1.7   2.7   0.0
3  1974  310   5.1  16.8  29.8   1.6   4.3   0.0
3  1974  311   9.6  16.3  28.4   1.9   3.7  22.3
3  1974  312   6.2  14.8  24.5   1.6   3.0   0.0
3  1974  313   8.3  14.5  23.6   1.5   3.0   0.0
3  1974  314   5.5  13.6  24.5   1.5   2.3   0.0
3  1974  315   6.4  15.0  25.7   1.7   2.7   0.0
3  1974  316   5.3  15.3  25.3   1.7   3.0   0.0
3  1974  317   7.3  15.8  26.4   1.7   5.0   0.0
3  1974  318   3.6  18.1  28.7   2.1   2.7   5.3
3  1974  319   9.9  19.1  29.7   2.3   2.3   4.6
3  1974  320  10.1  16.7  27.8   1.9   3.0   0.0
3  1974  321   0.9  17.3  23.8   2.0   1.0   1.0
3  1974  322   7.1  17.5  27.6   2.1   2.3  38.8
3  1974  323   7.1  19.5  29.0   2.2   2.3   0.0
3  1974  324   8.4  16.9  30.6   2.2   4.0   0.0
3  1974  325   4.2  18.2  29.8   2.2   4.3   0.0
3  1974  326   4.4  17.0  27.9   2.2   3.0  14.1
3  1974  327   5.3  17.2  24.7   1.9   1.7   7.4
3  1974  328  10.1  13.7  28.2   1.8   0.7   0.0
3  1974  329  11.1  14.8  28.0   1.9   3.7   0.0
3  1974  330  10.0  16.5  30.1   2.1   2.7   0.0
3  1974  331  11.9  17.5  30.3   2.1   4.3   0.0
3  1974  332   9.1  21.1  29.6   2.2   3.3   0.0
3  1974  333   7.0  18.8  30.4   2.2   1.0   0.0
3  1974  334  10.2  17.8  30.2   2.1   1.3   3.0
3  1974  335  11.2  17.1  29.4   2.0   2.7   1.5
3  1974  336  10.7  17.4  30.3   2.1   3.0   0.0
3  1974  337   6.9  18.0  31.8   2.1   5.7   6.4
3  1974  338   0.0  17.0  22.5   2.0   3.0   4.3
3  1974  339   0.0  16.0  21.8   1.7   1.0   0.2
3  1974  340   0.0  14.0  17.4   1.6   0.7  21.7
3  1974  341   0.0  14.6  19.7   1.8   2.7  19.1
3  1974  342   2.6  14.4  24.2   1.6   2.0   1.6
3  1974  343   9.4  14.4  28.0   2.0   1.3   0.0
3  1974  344  10.5  16.6  28.0   2.1   3.0   0.7
3  1974  345   0.2  18.4  24.5   2.0   2.3   0.1
3  1974  346   3.4  15.2  26.6   1.8   2.3   0.0
3  1974  347   4.7  17.0  24.0   1.8   2.7   3.0
3  1974  348   3.3  15.2  27.6   2.1   3.3   0.0
3  1974  349   1.1  16.8  24.1   2.1   1.0  43.2
3  1974  350   5.4  16.2  27.0   2.1   2.7   1.5
3  1974  351   4.3  18.0  27.8   2.2   6.3   0.0
3  1974  352   5.7  18.0  28.4   2.4   4.3  42.0
3  1974  353   0.8  19.0  24.4   2.4   2.7   9.6
3  1974  354   1.3  17.2  24.9   2.0   1.3   0.3
3  1974  355   2.3  17.8  26.6   2.1   1.3   0.0
3  1974  356   0.1  20.0  24.5   2.3   1.3   5.7
3  1974  357   0.5  19.7  25.4   2.3   2.3   2.6
3  1974  358   0.3  19.6  24.2   2.3   3.0  15.1
3  1974  359   6.8  19.4  24.8   2.2   3.0   4.6
3  1974  360   7.1  19.6  28.7   2.3   2.0   4.7
3  1974  361   4.2  17.3  28.1   2.4   2.3 106.0
3  1974  362   6.9  17.2  28.5   2.3   2.0   7.3
3  1974  363   2.6  18.4  25.4   2.1   2.0  11.7
3  1974  364   2.4  17.0  26.0   2.2   0.7   0.0
3  1974  365   7.5  16.6  28.1   2.2   2.0   0.0
