*-----------------------------------------------------*
* Station name: Maceio-AL, Brazil
* Year: 1965
* Author: Luis Claudio Costa
* Source: UFV / DEA              -999.000:NIL VALUE
* Longitude: 35 42 W, latitude: 09 40 S, altitude: 64.50 m.
*
* Column     Daily value
* 1          station number
* 2          year
* 3          day
* 4          sunshine                      (hour d-1)
* 5          minimum temperature           (oC)        
* 6          maximum temperature           (oC)        
* 7          early morning vapour pressure (kPa)
* 8          mean wind speed (height: 2m ) (m s-1)
* 9          precipitation                 (mm d-1)
*-----------------------------------------------------*
-35.74  -9.67  64.50  0.25 0.54
2  1965    1  11.3  21.6  30.3   2.5   4.7   0.0
2  1965    2  10.5  21.5  30.2   2.6   4.7   0.0
2  1965    3  11.1  21.7  30.5   2.5   3.7   0.0
2  1965    4  11.1  21.0  30.8   2.4   1.3   0.0
2  1965    5  11.3  21.1  30.5   2.4   5.0   0.0
2  1965    6  10.4  20.9  30.7   2.2   6.3   0.0
2  1965    7  10.5  22.3  30.5   2.6   4.7   0.0
2  1965    8  11.3  22.6  30.7   2.3   4.3   0.0
2  1965    9  10.8  22.9  30.5   2.6   5.7   0.0
2  1965   10  10.4  23.2  30.5   2.5   6.0   0.5
2  1965   11   9.9  23.0  30.1   2.8   5.7   3.0
2  1965   12   1.2  22.5  28.9   2.6   1.7   3.7
2  1965   13   8.3  21.4  28.9   2.6   2.0  23.0
2  1965   14   9.0  22.4  29.4   2.6   4.3   0.0
2  1965   15   9.4  21.6  29.8   2.6   2.3   3.0
2  1965   16   8.9  22.2  29.6   2.5   3.0   0.0
2  1965   17   4.4  21.6  28.7   2.9   2.0  22.1
2  1965   18   4.7  21.6  29.8   2.8   1.3  29.7
2  1965   19   4.9  23.8  29.4   2.8   3.7   1.1
2  1965   20  10.4  24.2  30.3   2.8   5.3   1.0
2  1965   21   8.7  24.0  29.5   2.6   4.7   0.4
2  1965   22  10.4  25.2  30.0   2.6   2.3   0.5
2  1965   23   9.6  24.9  29.9   2.6   5.0   1.2
2  1965   24   0.0  23.0  26.1   2.8   0.7   9.4
2  1965   25   3.1  21.9  28.1   3.0   2.0  35.1
2  1965   26   8.3  23.3  29.1   2.8   1.7   1.8
2  1965   27   8.3  21.9  29.6   2.6   2.0   0.0
2  1965   28   7.1  22.5  30.1   2.8   2.3   1.5
2  1965   29  10.4  23.5  29.7   2.6   2.7   1.0
2  1965   30   8.2  22.6  29.3   2.8   3.7   1.2
2  1965   31   8.4  22.3  30.1   2.7   2.3   0.0
2  1965   32  10.9  21.6  30.1   2.6   3.0   0.0
2  1965   33  11.0  21.0  30.7   2.5   3.0   0.0
2  1965   34  10.6  22.9  32.7   2.5   5.0   0.0
2  1965   35  10.8  23.2  31.5   2.4   3.7   0.0
2  1965   36  10.8  23.4  32.2   2.7   4.0   0.0
2  1965   37  10.7  23.2  30.2   2.6   1.0   0.0
2  1965   38  10.8  22.7  31.7   2.5   2.7   0.0
2  1965   39  10.8  22.5  32.4   2.4   2.3   0.0
2  1965   40  10.8  22.1  31.6   2.2   3.7   0.0
2  1965   41  10.9  22.1  31.0   2.5   3.0   0.0
2  1965   42  10.6  23.3  30.1   2.6   3.3   0.0
2  1965   43  10.8  22.3  29.7   2.8   2.7   0.0
2  1965   44   9.4  24.5  30.4   3.0   1.7   6.2
2  1965   45   6.5  23.4  29.6   3.1   1.0   7.0
2  1965   46  10.5  22.9  31.2   2.8   2.7   0.0
2  1965   47  10.7  22.4  30.7   2.7   3.7   0.0
2  1965   48  10.9  22.4  31.6   2.6   3.3   0.0
2  1965   49   9.1  22.5  31.6   2.7   1.7   0.0
2  1965   50  10.9  23.1  31.6   2.8   4.3   0.0
2  1965   51   5.5  22.8  31.1   2.9   2.0   0.0
2  1965   52  10.3  23.7  30.7   2.8   2.7   2.0
2  1965   53   9.7  23.5  30.4   2.8   3.0   0.0
2  1965   54  10.4  23.1  30.9   2.7   1.7   0.0
2  1965   55  10.1  22.4  31.5   2.9   2.7   0.8
2  1965   56   9.7  23.6  31.3   2.8   3.7   0.0
2  1965   57  10.9  22.9  31.3   2.7   3.7   0.0
2  1965   58   9.5  23.8  31.1   2.9   3.3   0.0
2  1965   59   5.8  23.9  30.7   2.9   2.3   0.4
2  1965   60   9.3  23.6  30.9   2.8   2.7   0.2
2  1965   61   9.9  25.9  31.2   2.8   4.0   0.0
2  1965   62   9.1  23.2  30.3   3.2   2.3  11.6
2  1965   63   8.4  23.8  31.6   2.8   3.0   0.0
2  1965   64   9.0  23.8  31.3   2.9   4.0   0.0
2  1965   65   9.3  25.9  31.5   2.8   5.0   0.0
2  1965   66   9.8  25.8  31.4   2.7   5.3   0.0
2  1965   67   9.6  23.3  31.2   2.5   2.7   3.0
2  1965   68   9.9  22.6  31.3   2.7   4.3   0.0
2  1965   69   9.8  22.4  31.6   2.7   4.7   0.0
2  1965   70   9.6  23.2  31.6   2.8   4.7   0.0
2  1965   71   9.1  23.6  31.3   2.6   3.0   0.0
2  1965   72   3.2  26.4  30.3   2.9   4.7   0.0
2  1965   73   9.5  22.7  30.4   2.8   3.3   2.5
2  1965   74   8.3  23.2  30.4   2.8   3.3   1.0
2  1965   75   9.9  23.6  30.9   2.5   3.0   0.0
2  1965   76   9.2  22.3  30.9   2.6   4.3   0.0
2  1965   77   8.7  25.4  30.6   2.6   4.3   0.0
2  1965   78   7.3  23.4  30.8   2.8   4.0   0.7
2  1965   79   9.1  23.0  30.8   2.9   3.3   0.0
2  1965   80   3.5  23.2  29.2   2.9   4.0   0.8
2  1965   81   2.3  23.0  28.2   2.8   1.3  59.2
2  1965   82   8.2  22.6  29.9   2.8   1.7   9.0
2  1965   83   8.2  22.2  30.9   2.9   3.3  18.0
2  1965   84   7.4  23.2  30.9   2.9   4.0   0.5
2  1965   85   8.3  24.1  30.6   2.7   3.3   0.5
2  1965   86   8.7  22.9  30.7   2.6   3.7   0.0
2  1965   87   7.6  22.3  31.1   2.9   3.7   0.0
2  1965   88   8.5  24.2  31.4   2.8   3.0   0.0
2  1965   89   8.1  24.1  31.6   3.0   2.7   0.0
2  1965   90   8.9  24.3  31.4   2.9   3.0   0.0
2  1965   91   6.0  23.9  30.1   2.8   2.3   0.0
2  1965   92   5.4  23.8  29.3   2.8   4.0  11.5
2  1965   93   6.5  23.0  29.7   2.9   4.3  37.2
2  1965   94   9.2  22.2  29.9   2.5   2.3   0.0
2  1965   95   2.7  22.3  28.5   2.8   2.3  23.6
2  1965   96   5.5  22.1  29.6   3.0   1.0  31.8
2  1965   97   5.3  23.1  28.9   2.9   2.3  13.2
2  1965   98   9.3  22.4  30.3   2.7   0.7   0.0
2  1965   99   5.0  23.4  29.6   2.9   1.3   9.2
2  1965  100   7.9  23.0  30.8   2.8   1.7   0.0
2  1965  101   9.2  23.3  30.9   2.9   3.3   0.0
2  1965  102   7.0  23.7  30.6   2.7   2.0   2.5
2  1965  103   7.8  23.4  30.7   2.8   1.3   0.5
2  1965  104   4.7  23.6  29.6   2.8   2.3   0.0
2  1965  105   8.3  23.0  29.6   2.9   3.7   0.0
2  1965  106  10.1  23.4  30.9   2.6   1.7   0.0
2  1965  107   4.5  23.8  29.5   2.9   3.3   1.7
2  1965  108   6.2  22.8  29.6   3.0   1.7  19.2
2  1965  109   8.2  23.4  29.6   2.9   1.3   0.5
2  1965  110   4.5  23.2  29.3   3.0   1.0  16.5
2  1965  111   1.2  22.8  26.6   2.8   2.3  32.5
2  1965  112  10.0  22.5  29.4   2.7   1.3   0.0
2  1965  113   8.9  24.0  30.1   2.8   4.3   0.0
2  1965  114   9.5  25.2  29.6   2.7   4.0   0.0
2  1965  115   3.5  23.3  28.0   3.1   2.0  23.3
2  1965  116   9.4  24.4  29.1   3.0   4.0  11.4
2  1965  117   9.7  23.2  29.4   2.7   2.7   0.0
2  1965  118  10.2  22.4  29.3   2.8   1.0   0.0
2  1965  119   6.6  22.9  29.1   2.8   1.7   2.2
2  1965  120   9.5  20.7  29.4   2.8   2.0   0.0
2  1965  121   5.1  23.1  29.8   2.6   3.3   0.5
2  1965  122   4.8  22.9  28.5   2.7   1.7   1.0
2  1965  123   4.4  23.1  29.4   2.9   3.0  11.1
2  1965  124   9.1  22.8  29.4   2.9   3.3   5.8
2  1965  125   8.3  23.9  29.7   2.8   5.3   4.0
2  1965  126   5.9  22.8  29.4   2.9   2.0   5.4
2  1965  127   7.8  23.8  29.2   2.7   3.3   8.5
2  1965  128   0.6  24.0  27.0   2.9   2.7  14.7
2  1965  129   9.9  23.4  29.4   2.6   6.3   0.9
2  1965  130   8.3  25.4  29.4   2.7   5.7   1.3
2  1965  131   6.1  21.8  28.7   2.6   4.3  22.2
2  1965  132  10.3  22.5  29.3   2.9   2.7   0.9
2  1965  133   9.9  23.2  29.6   2.8   5.0   2.4
2  1965  134   8.0  21.8  29.1   2.7   1.3   0.0
2  1965  135  10.3  21.3  29.3   2.6   2.7   0.0
2  1965  136   4.9  21.6  28.2   2.9   5.3  14.6
2  1965  137   9.8  22.2  28.9   2.7   4.0   6.4
2  1965  138  10.3  21.2  29.0   2.7   3.3   0.0
2  1965  139  10.6  20.7  29.5   2.5   2.3   0.0
2  1965  140  10.6  21.8  30.3   2.8   3.3   0.0
2  1965  141   9.5  21.9  29.4   2.7   0.7   7.0
2  1965  142  10.3  23.0  29.2   2.6   2.0  10.5
2  1965  143   6.8  22.0  28.8   2.7   2.0   0.5
2  1965  144   1.6  23.2  28.3   2.8   2.3   1.0
2  1965  145   9.4  22.9  29.3   2.6   4.0   1.6
2  1965  146  10.8  21.3  28.9   2.4   2.7   0.0
2  1965  147   5.7  21.1  27.1   2.7   1.7   6.3
2  1965  148   5.9  22.0  28.8   2.7   5.7  50.4
2  1965  149   7.9  23.6  28.5   2.6   6.3   2.0
2  1965  150   8.9  22.5  28.5   2.7   7.0   6.7
2  1965  151   2.8  21.8  27.9   2.7   5.3  40.3
2  1965  152   2.9  22.3  28.1   2.4   7.0   2.6
2  1965  153   0.1  22.1  27.2   2.6   4.7  17.6
2  1965  154   2.9  22.5  28.0   2.3   4.7   8.3
2  1965  155   3.8  21.5  27.1   2.6   2.3   3.1
2  1965  156   7.8  22.2  28.5   2.8   2.3  33.4
2  1965  157   1.1  22.5  27.3   2.9   1.7  52.6
2  1965  158   9.3  23.0  28.2   2.6   5.0   2.6
2  1965  159   5.8  23.1  28.1   2.7   4.7   9.4
2  1965  160   8.2  22.7  28.3   2.4   6.3  33.8
2  1965  161   8.2  23.8  28.4   2.3   5.0   1.6
2  1965  162   1.2  22.9  27.0   2.7   5.7   4.8
2  1965  163   0.0  20.7  25.5   2.6   2.3 125.3
2  1965  164   0.2  21.6  25.1   2.8   3.7  36.2
2  1965  165   0.5  21.2  25.4   2.6   3.0  16.9
2  1965  166   6.7  21.3  27.7   2.3   1.7  14.0
2  1965  167  10.6  21.8  27.7   2.6   5.3   2.4
2  1965  168   9.6  22.4  27.9   2.5   5.0  33.8
2  1965  169  11.0  21.1  28.8   2.2   4.7   0.8
2  1965  170  10.1  20.9  27.4   2.5   4.0   0.0
2  1965  171   8.0  21.3  27.6   2.7   3.7   0.8
2  1965  172  10.2  23.5  28.3   2.4   6.3   1.3
2  1965  173   9.8  23.3  28.3   2.0   4.7   0.0
2  1965  174   7.7  21.7  27.6   2.5   7.0   3.2
2  1965  175   4.7  22.1  27.7   2.5   7.3   3.1
2  1965  176   0.6  22.4  27.3   2.4   4.5   7.4
2  1965  177   0.0  22.7  27.3   2.4   5.3   4.6
2  1965  178  10.5  23.8  28.0   2.4   5.7   1.9
2  1965  179   5.7  20.7  27.3   2.6   5.3   6.7
2  1965  180   0.0  21.7  26.1   2.6   5.0   6.4
2  1965  181  11.0  21.5  27.5   2.2   4.0   0.4
2  1965  182   1.7  19.6  25.4   2.4   3.3   3.6
2  1965  183   5.4  21.3  27.4   2.4   3.0   6.4
2  1965  184   7.3  21.6  28.0   2.6   1.7   3.1
2  1965  185   6.4  20.7  27.9   2.7   1.7   3.1
2  1965  186   7.2  21.5  27.7   2.8   2.3   2.9
2  1965  187   7.9  21.4  28.6   2.8   1.0   0.0
2  1965  188   4.2  22.2  27.3   2.8   1.0   6.0
2  1965  189  10.5  21.2  28.0   2.6   3.0   6.0
2  1965  190   8.6  21.6  28.3   2.7   2.3   1.0
2  1965  191   7.8  21.6  28.1   2.7   2.3   4.6
2  1965  192  10.3  21.2  28.5   2.7   3.7   1.4
2  1965  193   4.5  22.4  27.2   2.8   5.7  29.5
2  1965  194   6.5  22.7  27.5   2.2   5.3   1.3
2  1965  195   5.0  22.0  27.8   2.1   3.0  13.9
2  1965  196   5.0  22.5  25.8   2.7   3.7  15.8
2  1965  197   5.0  22.9  27.2   2.6   4.7   5.5
2  1965  198   6.1  23.2  27.5   2.2   5.3   3.4
2  1965  199   6.1  22.6  27.4   2.3   6.7   4.1
2  1965  200   6.1  19.8  27.3   2.1   4.3   0.0
2  1965  201   6.1  21.0  26.9   1.8   4.7   0.0
2  1965  202   6.5  19.6  27.4   2.1   6.0   0.0
2  1965  203   6.1  19.2  27.4   2.4   3.7   4.4
2  1965  204   6.1  20.2  26.9   2.5   2.7  12.5
2  1965  205   6.1  21.0  26.6   2.1   4.3   0.7
2  1965  206   6.1  21.2  26.7   2.2   7.3   4.6
2  1965  207   6.6  21.8  27.2   2.1   5.3   1.6
2  1965  208   6.1  21.4  27.2   2.5   2.7   5.9
2  1965  209   6.4  20.6  25.2   2.4   0.7   7.0
2  1965  210   6.1  20.7  25.8   2.5   5.3   5.8
2  1965  211   6.1  20.3  26.7   2.5   3.0   9.2
2  1965  212   7.3  19.6  25.4   2.2   2.7   3.2
2  1965  213   8.2  19.7  26.3   2.2   3.7   1.4
2  1965  214   9.2  19.2  26.5   2.1   4.0   0.0
2  1965  215   9.6  19.4  27.1   2.0   4.3   0.0
2  1965  216   9.3  20.2  26.6   2.3   3.3   0.5
2  1965  217  10.0  19.3  26.8   2.3   3.3   0.0
2  1965  218   2.7  21.1  25.2   2.5   6.0  15.4
2  1965  219   9.0  20.1  26.8   2.6   4.0  26.6
2  1965  220   9.8  19.8  26.8   2.1   4.0   1.2
2  1965  221   7.6  20.9  27.2   2.3   4.3   1.8
2  1965  222   0.8  20.6  25.2   2.4   4.7   2.8
2  1965  223   7.3  20.6  26.4   2.2   6.0  19.2
2  1965  224   4.5  20.3  26.7   2.3   4.0   9.9
2  1965  225   9.3  19.2  27.2   2.2   2.3   1.7
2  1965  226   7.9  19.6  27.4   2.3   3.3   0.0
2  1965  227   7.3  20.7  26.9   2.6   2.7   1.4
2  1965  228   9.4  21.0  27.7   2.5   3.0   3.0
2  1965  229   9.2  19.4  27.9   2.5   3.7   0.0
2  1965  230   0.9  21.0  25.4   2.5   3.0   8.5
2  1965  231   9.2  21.6  27.3   2.2   3.7   4.9
2  1965  232   5.8  20.4  27.3   2.5   2.3   0.8
2  1965  233   7.4  21.6  26.6   2.6   5.0   3.7
2  1965  234   9.2  22.5  27.3   2.6   6.3   0.6
2  1965  235   7.7  21.4  27.2   2.5   4.3   1.6
2  1965  236   4.0  19.1  25.6   2.3   3.3   2.5
2  1965  237   6.6  20.4  26.7   2.2   6.0   7.2
2  1965  238   0.4  20.6  25.9   2.5   2.3  22.0
2  1965  239   4.9  21.6  27.0   2.6   5.7   8.2
2  1965  240   3.8  21.5  26.8   2.7   2.7  13.1
2  1965  241   7.9  21.4  27.4   2.5   4.0   1.1
2  1965  242   5.7  21.5  26.8   2.3   2.7   2.0
2  1965  243   8.8  21.1  26.6   2.2   4.0   8.4
2  1965  244   9.0  23.1  26.8   2.0   5.3   0.0
2  1965  245   9.0  20.2  26.9   2.1   2.0   2.0
2  1965  246   8.8  20.0  27.6   2.4   2.0   0.5
2  1965  247   8.5  19.5  27.4   2.5   2.7   0.0
2  1965  248   5.6  20.7  27.7   2.2   2.7   1.3
2  1965  249   8.4  20.8  27.7   2.3   5.3   0.0
2  1965  250   8.2  21.2  27.9   2.5   4.0   0.0
2  1965  251   7.3  24.1  27.8   2.6   5.3   0.4
2  1965  252   6.2  23.5  27.3   2.4   5.7   2.1
2  1965  253   8.7  22.5  27.5   2.2   3.0   1.6
2  1965  254   8.5  19.7  28.1   2.2   2.0   0.0
2  1965  255   6.8  22.4  27.9   2.6   4.3   2.6
2  1965  256   5.2  21.8  27.0   2.5   4.7  25.7
2  1965  257   6.7  21.8  27.6   2.6   4.7  16.0
2  1965  258   7.3  21.4  27.6   2.2   5.7   9.0
2  1965  259   8.3  20.0  27.9   2.0   5.7   0.0
2  1965  260   5.2  21.6  27.6   2.3   5.3   0.0
2  1965  261   4.1  20.2  26.7   2.4   4.0   5.1
2  1965  262   5.9  21.2  27.5   2.4   4.3   3.8
2  1965  263   4.5  21.0  27.2   2.7   4.0  10.5
2  1965  264   8.6  21.1  28.5   2.6   4.3   0.0
2  1965  265   7.8  21.1  28.3   2.5   2.7   0.0
2  1965  266   8.4  21.7  28.4   2.4   5.3   0.0
2  1965  267   8.1  21.5  28.3   2.5   4.0   1.8
2  1965  268   7.1  23.0  28.7   2.3   5.0   0.0
2  1965  269   3.8  21.4  27.4   2.5   3.0   9.5
2  1965  270   8.9  23.8  28.9   2.5   6.0   0.0
2  1965  271   8.5  21.3  29.3   2.5   4.0   0.0
2  1965  272   9.3  21.4  29.1   2.4   5.0   0.0
2  1965  273   4.2  21.0  27.6   2.6   1.7   2.1
2  1965  274   9.4  20.9  29.4   2.6   4.0   0.0
2  1965  275   9.0  22.4  29.3   2.5   3.0   0.0
2  1965  276   6.3  22.1  28.7   2.6   2.7   0.0
2  1965  277   7.4  22.2  28.3   2.6   3.7  26.0
2  1965  278   2.9  22.8  29.1   2.6   3.3   0.0
2  1965  279   5.0  23.0  29.3   2.6   4.0   0.0
2  1965  280   7.3  23.2  29.5   2.9   3.0   0.0
2  1965  281   9.3  22.0  29.4   2.5   3.3   0.0
2  1965  282   9.5  22.2  28.5   2.8   4.7   8.0
2  1965  283   6.8  22.7  28.4   2.9   4.3   6.2
2  1965  284   7.8  22.3  28.4   2.3   4.0   0.0
2  1965  285   9.8  22.0  28.9   2.7   3.7   0.0
2  1965  286   9.6  22.4  28.8   2.4   2.7   0.0
2  1965  287   8.9  21.4  29.6   2.5   4.0   0.0
2  1965  288   9.4  20.4  30.5   2.6   4.7   0.0
2  1965  289   9.0  22.3  30.3   2.6   6.0   0.0
2  1965  290  10.1  24.6  29.3   2.7   3.7   0.0
2  1965  291   9.8  23.6  28.8   2.7   6.0   7.6
2  1965  292   3.9  22.7  27.9   2.7   5.7   6.4
2  1965  293   8.6  23.0  28.5   2.9   3.0   2.8
2  1965  294   4.4  22.9  28.4   3.0   3.7   6.4
2  1965  295  10.7  22.2  29.4   2.5   3.3   0.0
2  1965  296   9.1  21.8  29.1   2.6   4.0   0.0
2  1965  297  10.0  22.5  29.9   2.8   4.3   0.6
2  1965  298  11.0  21.8  30.3   2.6   5.7   0.0
2  1965  299  10.7  21.7  30.3   2.5   5.0   0.0
2  1965  300   4.7  22.9  29.4   2.5   6.0   0.0
2  1965  301   9.0  23.7  30.1   2.6   4.3   0.5
2  1965  302  10.4  22.4  30.4   2.7   6.0   2.6
2  1965  303  10.5  22.0  30.0   2.5   5.7   1.0
2  1965  304  10.6  21.6  29.6   2.5   6.0   0.0
2  1965  305  10.6  22.0  30.2   2.5   5.3   0.0
2  1965  306  10.7  21.8  29.4   2.5   5.7   0.0
2  1965  307   8.9  24.2  29.3   2.7   2.0   0.0
2  1965  308   4.5  23.2  28.5   2.6   4.7  15.6
2  1965  309   9.1  22.9  28.9   2.6   5.0   4.6
2  1965  310   8.4  24.3  29.2   2.6   3.0   0.4
2  1965  311  10.6  24.7  29.3   2.6   5.0   0.0
2  1965  312   6.9  24.8  29.9   2.7   3.7   0.0
2  1965  313   7.0  22.6  29.1   3.0   3.3   7.3
2  1965  314  10.4  23.0  30.2   2.6   3.3   0.0
2  1965  315  10.5  21.5  30.1   2.5   3.7   0.0
2  1965  316  10.4  21.9  30.1   2.4   4.0   0.0
2  1965  317   9.8  21.4  30.2   2.5   6.3   0.0
2  1965  318   7.1  25.0  29.4   2.8   3.0   2.3
2  1965  319   9.7  23.8  30.3   2.5   5.3   1.5
2  1965  320   9.0  24.5  30.3   2.6   4.7   0.0
2  1965  321  10.7  21.6  30.2   2.6   5.0   0.0
2  1965  322  10.9  21.9  30.3   2.6   6.7   0.0
2  1965  323  10.6  22.5  30.6   2.7   5.7   0.0
2  1965  324  10.6  23.0  30.9   2.6   7.3   0.0
2  1965  325   9.0  23.1  30.6   2.6   5.7   0.0
2  1965  326  10.9  22.5  30.6   2.5   7.0   0.0
2  1965  327   7.2  22.5  30.4   2.5   9.0   0.0
2  1965  328  10.9  22.6  31.1   2.4   9.0   0.0
2  1965  329  10.7  22.2  30.5   2.5   7.7   0.0
2  1965  330   9.0  22.5  30.4   2.8   4.3   0.4
2  1965  331  10.1  23.6  30.4   2.8   3.3   0.9
2  1965  332   1.1  22.7  27.8   2.7   1.0   2.5
2  1965  333   9.6  22.6  29.4   2.8   4.0   7.0
2  1965  334  11.3  21.9  29.9   2.6   3.7   0.0
2  1965  335  11.2  22.3  30.2   2.6   4.7   0.0
2  1965  336  11.5  21.4  30.4   2.4   5.0   0.0
2  1965  337  11.6  21.5  30.6   2.4   5.0   0.0
2  1965  338  11.2  21.3  30.6   2.2   5.0   0.0
2  1965  339   9.6  21.7  30.7   2.4   5.0   0.0
2  1965  340   3.9  22.1  30.4   2.4   4.7   0.0
2  1965  341   4.8  23.7  30.4   2.6   3.3   0.3
2  1965  342   8.7  23.2  30.5   2.4   3.3   0.0
2  1965  343   3.4  22.6  29.8   2.7   1.3   0.0
2  1965  344   6.5  22.4  30.7   2.7   4.3   2.0
2  1965  345   2.6  22.4  29.3   2.8   4.0   8.9
2  1965  346  10.1  23.2  29.9   2.8   7.0  11.7
2  1965  347   9.3  22.5  29.8   2.7   5.0   2.2
2  1965  348   9.8  22.3  30.6   2.7   4.3   0.0
2  1965  349  11.3  21.8  30.6   2.5   6.3   0.0
2  1965  350   9.2  24.4  30.9   2.7   6.3   0.0
2  1965  351  10.9  23.4  30.7   2.7   5.7   0.0
2  1965  352  11.1  25.2  30.2   2.4   3.0   0.0
2  1965  353   7.3  22.0  30.1   2.7   2.3   1.0
2  1965  354   8.2  21.5  29.7   2.9   3.3   3.0
2  1965  355   9.6  22.4  29.8   2.7   3.7   0.0
2  1965  356   9.5  23.3  30.4   2.8   4.7   3.0
2  1965  357  11.1  22.8  30.7   2.5   4.0   0.0
2  1965  358  10.6  22.7  30.6   2.7   3.7   0.0
2  1965  359   8.9  24.9  30.8   2.6   4.0   3.4
2  1965  360  10.1  25.0  30.6   2.5   4.7   0.4
2  1965  361   5.0  23.6  29.2   2.6   3.7   7.6
2  1965  362   3.9  24.6  30.2   2.8   3.3   1.1
2  1965  363   9.7  25.4  30.1   2.7   4.0   0.0
2  1965  364   8.6  25.2  30.7   2.8   5.3   0.0
2  1965  365   9.0  23.2  30.3   2.6   3.0   0.5
