*-----------------------------------------------------*
* Station name: Maceio-AL, Brazil
* Year: 1967
* Author: Luis Claudio Costa
* Source: UFV / DEA              -999.000:NIL VALUE
* Longitude: 35 42 W, latitude: 09 40 S, altitude: 64.50 m.
*
* Column     Daily value
* 1          station number
* 2          year
* 3          day
* 4          sunshine                      (hour d-1)
* 5          minimum temperature           (oC)        
* 6          maximum temperature           (oC)        
* 7          early morning vapour pressure (kPa)
* 8          mean wind speed (height: 2m ) (m s-1)
* 9          precipitation                 (mm d-1)
*-----------------------------------------------------*
-35.74  -9.67  64.50  0.25 0.54
2  1967    1   9.2  22.3  29.9   2.7   3.0   5.2
2  1967    2   2.2  23.1  30.0   2.7   3.7   0.0
2  1967    3   7.4  22.4  28.9   2.9   3.0   7.0
2  1967    4  10.7  22.1  30.2   2.6   3.7   0.7
2  1967    5  11.4  22.4  30.3   2.5   4.3   7.4
2  1967    6  11.0  22.9  30.6   2.7   4.3   2.0
2  1967    7   9.5  23.1  30.3   2.6   5.3   0.0
2  1967    8   8.4  25.4  30.5   2.4   5.3   0.9
2  1967    9  10.9  24.0  31.2   2.4   5.3   0.0
2  1967   10   5.1  24.0  28.2   3.1   4.0   4.6
2  1967   11  11.1  25.1  30.3   2.8   5.3   0.0
2  1967   12   8.4  24.6  30.2   2.7   3.3   0.5
2  1967   13   8.4  23.3  30.3   2.7   4.0   0.0
2  1967   14   8.4  25.5  30.4   2.9   3.0   1.5
2  1967   15  10.4  23.4  31.2   2.8   5.0   0.0
2  1967   16   9.5  23.2  31.6   2.8   5.7   0.0
2  1967   17  11.4  23.3  31.2   2.6   6.7   0.0
2  1967   18  11.5  23.4  31.2   2.7   5.0   0.0
2  1967   19   9.1  23.2  30.9   2.7   4.3   1.1
2  1967   20  11.2  23.0  30.8   2.5   5.3   0.0
2  1967   21  11.5  24.9  30.7   2.7   2.3   0.0
2  1967   22   8.5  22.8  31.0   2.7   3.0   2.0
2  1967   23   9.9  22.6  30.4   2.6   4.7   0.0
2  1967   24  11.4  23.3  30.3   2.7   5.3   0.9
2  1967   25   9.5  24.5  30.4   2.8   5.7   1.5
2  1967   26  11.5  23.2  30.7   2.7   5.7   1.6
2  1967   27  11.7  21.8  30.5   2.4   3.7   0.0
2  1967   28  11.3  23.2  30.4   2.6   7.3   0.0
2  1967   29  11.0  23.8  30.7   2.9   6.3   0.0
2  1967   30   9.8  24.9  31.2   2.7   4.3   0.4
2  1967   31  11.4  23.2  30.7   2.5   4.3   0.0
2  1967   32  10.7  23.1  30.7   2.7   4.3   7.0
2  1967   33   4.6  22.6  29.2   2.8   0.7  14.6
2  1967   34  11.4  22.7  30.6   2.4   4.0   0.6
2  1967   35  11.0  23.3  31.2   2.7   5.0   0.4
2  1967   36  11.1  24.1  30.8   2.8   4.0   0.5
2  1967   37  11.4  23.6  31.2   2.8   2.3   0.4
2  1967   38   2.7  25.3  29.4   3.0   2.3  37.1
2  1967   39   9.9  23.1  29.3   2.7   3.3  10.6
2  1967   40  11.0  23.5  30.4   2.7   2.7   0.8
2  1967   41  11.4  23.4  30.8   2.8   3.3   0.6
2  1967   42   8.8  23.6  30.7   2.9   3.0   0.4
2  1967   43  10.6  23.1  30.4   2.9   3.3   0.0
2  1967   44  11.6  23.0  30.9   2.7   3.7   0.0
2  1967   45  11.5  23.3  30.4   2.7   4.7   0.0
2  1967   46  10.7  23.8  30.9   2.8   6.0   0.0
2  1967   47   9.5  25.3  31.9   3.0   5.0   0.0
2  1967   48   2.2  24.4  28.9   3.1   1.3  10.0
2  1967   49  11.0  23.1  30.0   2.9   3.3   4.6
2  1967   50  10.4  23.2  30.3   2.6   4.3   3.1
2  1967   51   8.3  23.7  29.4   2.7   3.3   0.9
2  1967   52   7.6  23.9  30.7   2.7   3.0   5.4
2  1967   53   8.1  22.8  29.9   2.9   1.7  11.1
2  1967   54   9.1  23.4  29.9   2.8   2.3   1.1
2  1967   55   9.5  23.8  30.1   2.7   2.0   0.6
2  1967   56   6.8  22.8  29.2   2.6   1.7  17.7
2  1967   57   3.7  23.7  29.2   3.0   2.3   6.2
2  1967   58   9.2  23.6  30.2   2.8   4.3   0.0
2  1967   59  10.1  25.8  30.3   2.6   4.3   1.9
2  1967   60  10.0  22.8  30.3   2.6   3.3   1.2
2  1967   61   9.8  22.8  31.3   2.8   4.0   0.5
2  1967   62   9.6  23.8  30.9   2.5   3.7   0.0
2  1967   63   5.7  23.2  30.4   2.8   3.0   3.8
2  1967   64   7.9  23.6  29.9   2.9   3.3  13.2
2  1967   65  10.2  23.4  29.4   2.7   4.0   0.0
2  1967   66   7.5  22.9  30.9   2.7   3.0   0.0
2  1967   67   9.8  23.7  30.3   2.8   2.7   0.0
2  1967   68   9.9  23.5  30.4   2.9   4.3   1.1
2  1967   69  10.0  23.8  31.3   2.8   3.7   0.0
2  1967   70   9.6  23.5  30.9   2.5   4.3   0.0
2  1967   71   1.9  23.8  28.4   2.9   4.3  10.3
2  1967   72   1.8  23.0  27.9   3.0   2.0  26.8
2  1967   73   0.0  22.5  26.8   2.9   1.0  30.3
2  1967   74   5.8  23.4  29.6   3.0   3.0   0.8
2  1967   75   1.9  23.8  29.9   2.8   2.7   0.6
2  1967   76   0.8  23.8  27.6   2.9   2.0   2.4
2  1967   77   8.5  24.2  30.0   2.9   3.3   6.0
2  1967   78   3.2  23.7  29.4   3.1   1.3   5.4
2  1967   79   8.2  23.7  31.2   3.0   4.7   4.0
2  1967   80   4.2  23.3  30.4   3.0   2.3   0.0
2  1967   81   8.4  23.5  30.0   2.8   2.3   4.0
2  1967   82   9.0  23.4  29.9   3.0   4.0   7.2
2  1967   83   8.9  23.3  29.9   2.8   3.7   1.6
2  1967   84   8.0  24.1  29.9   3.2   3.7   9.5
2  1967   85   0.0  24.0  27.1   2.9   1.3   8.1
2  1967   86   4.4  22.9  29.3   2.7   1.7   2.3
2  1967   87   8.5  23.1  29.7   2.8   3.0   1.0
2  1967   88   7.5  23.2  30.0   3.0   1.7  18.5
2  1967   89   2.7  24.3  29.9   2.8   4.7   7.3
2  1967   90   8.7  22.8  30.0   2.8   3.3   1.1
2  1967   91   0.0  22.8  27.0   3.1   1.3  57.0
2  1967   92   2.0  23.3  28.7   3.0   4.0  39.1
2  1967   93   3.6  23.9  29.0   3.2   3.7   8.2
2  1967   94   8.4  23.2  29.4   2.9   2.7  12.6
2  1967   95   6.4  22.9  29.4   3.0   2.0   8.6
2  1967   96   5.4  23.0  29.3   2.8   1.7  71.2
2  1967   97   8.8  23.0  29.3   3.0   3.3   3.0
2  1967   98   9.1  23.3  29.5   3.0   2.0  21.4
2  1967   99   9.1  23.8  30.2   2.9   1.3   2.7
2  1967  100   9.2  22.5  30.2   2.9   3.0   2.6
2  1967  101   6.0  22.5  29.5   2.6   4.3   2.1
2  1967  102   2.8  23.6  29.6   3.3   1.0   9.6
2  1967  103   8.1  23.6  29.3   3.1   2.3   0.8
2  1967  104   8.9  23.6  30.2   3.0   3.3   6.6
2  1967  105   9.6  23.0  29.6   2.6   3.0   2.0
2  1967  106   8.7  23.0  30.4   2.8   3.3   4.2
2  1967  107   0.0  23.2  27.2   2.9   2.7  71.0
2  1967  108   6.8  23.2  28.7   3.0   1.0  37.0
2  1967  109   0.5  23.2  27.1   2.9   1.0  20.7
2  1967  110  10.0  23.4  29.3   2.9   4.0   1.2
2  1967  111   9.8  22.9  29.7   2.8   3.0   0.0
2  1967  112   9.4  23.3  29.3   2.8   3.7   2.6
2  1967  113   9.7  22.8  29.4   2.8   4.3   0.0
2  1967  114   5.1  22.7  28.6   2.9   2.0   3.3
2  1967  115   9.2  23.0  29.6   2.7   3.7   5.0
2  1967  116   4.6  22.3  29.5   2.8   2.3   4.2
2  1967  117   9.6  24.1  30.0   2.8   6.0  20.0
2  1967  118   9.4  24.4  30.1   2.6   6.3   1.0
2  1967  119   7.7  22.3  29.3   2.9   5.7  11.2
2  1967  120   4.5  22.5  28.4   3.0   4.7  23.7
2  1967  121   4.0  23.2  28.1   3.0   1.3  29.1
2  1967  122   2.0  23.4  28.6   3.0   2.0  34.5
2  1967  123   9.1  22.6  28.4   2.9   4.0  24.0
2  1967  124   8.6  23.2  28.5   2.9   1.7   5.0
2  1967  125   4.4  22.8  27.9   2.9   1.7   2.4
2  1967  126   0.2  23.1  25.7   2.8   5.0  20.3
2  1967  127   0.7  23.6  27.3   3.0   3.0  13.3
2  1967  128   6.2  22.6  27.6   2.9   0.3  12.9
2  1967  129   1.9  22.8  27.4   2.8   2.0  21.7
2  1967  130   0.4  21.1  27.4   2.8   4.0  13.2
2  1967  131   7.0  22.3  27.7   2.6   3.0  11.4
2  1967  132  10.1  21.6  28.4   2.8   2.7   1.6
2  1967  133   8.5  22.8  28.7   2.7   2.0  16.6
2  1967  134   3.5  24.5  27.9   2.8   4.3  27.9
2  1967  135   4.7  23.2  28.7   2.8   3.3  18.2
2  1967  136  10.0  22.9  28.8   2.5   4.3  15.2
2  1967  137   9.4  22.5  28.5   2.9   3.7   0.6
2  1967  138   8.4  22.5  28.6   2.9   2.7   7.0
2  1967  139   8.8  22.5  29.0   2.9   2.7   1.5
2  1967  140   7.6  23.2  29.4   3.0   2.0   7.0
2  1967  141  10.4  23.4  30.3   2.6   4.3   1.3
2  1967  142  10.3  22.6  29.0   2.8   4.3   0.0
2  1967  143  10.1  22.6  29.0   3.0   4.0   0.0
2  1967  144  10.1  23.0  29.3   2.6   6.0   0.0
2  1967  145   5.4  22.2  27.9   2.9   6.7   0.8
2  1967  146   3.5  22.0  27.8   2.7   3.0  13.1
2  1967  147   5.5  22.1  27.5   2.9   3.7  24.4
2  1967  148   8.8  22.2  28.9   2.9   4.3  10.2
2  1967  149   9.9  23.0  29.3   2.5   5.7   3.3
2  1967  150   4.3  22.6  27.8   2.8   3.0   5.3
2  1967  151   6.9  22.3  28.7   3.0   4.7   1.6
2  1967  152   6.9  22.4  28.8   2.9   4.0   3.4
2  1967  153  10.9  21.1  29.0   2.2   4.0   0.0
2  1967  154  10.3  23.4  28.4   2.3   3.3   3.6
2  1967  155   4.8  23.3  28.6   2.4   3.7   3.0
2  1967  156  10.6  21.3  29.5   2.7   2.0   1.6
2  1967  157   5.2  20.7  27.8   2.6   3.0   1.2
2  1967  158   8.9  23.1  29.3   3.0   3.8  16.5
2  1967  159   9.7  21.7  28.5   3.0   2.0   0.0
2  1967  160   9.7  21.2  29.4   2.7   4.3   0.0
2  1967  161   9.0  21.8  29.3   2.9   4.3   0.0
2  1967  162   9.7  22.1  28.6   2.3   2.4   1.2
2  1967  163   9.3  20.6  29.2   2.6   2.0   1.4
2  1967  164   3.1  22.1  28.2   2.6   8.3  29.7
2  1967  165   7.4  21.0  29.0   2.5   2.7   2.6
2  1967  166  10.6  22.0  28.5   2.1   5.3   7.3
2  1967  167   7.5  20.6  28.7   2.3   7.7   0.0
2  1967  168   9.4  22.6  28.4   2.0   7.0  20.6
2  1967  169   9.4  23.3  28.9   2.3   6.0   2.2
2  1967  170   4.2  22.2  27.7   2.8   7.0   4.9
2  1967  171   8.0  21.4  28.1   2.9   4.3  37.8
2  1967  172   6.2  20.5  27.5   2.9   3.7   3.8
2  1967  173   7.6  21.9  27.7   2.6   5.0  11.3
2  1967  174   2.8  22.8  26.7   2.5   5.0  20.6
2  1967  175   2.5  20.6  26.8   2.7   6.3  24.2
2  1967  176  10.1  22.0  28.0   2.3   6.0   6.2
2  1967  177   3.5  24.2  27.6   2.1   6.7   0.7
2  1967  178   5.3  24.4  28.2   2.0   6.0   1.5
2  1967  179   8.4  23.8  28.1   2.2   5.3   0.0
2  1967  180   7.1  21.4  27.3   2.2   5.0  18.0
2  1967  181   0.0  21.3  25.6   2.7   2.3  30.0
2  1967  182   0.4  22.0  25.8   2.5   2.0  17.5
2  1967  183   9.5  20.8  27.7   2.6   3.7   5.0
2  1967  184   7.1  21.4  27.2   2.4   7.0   3.6
2  1967  185   2.7  21.6  27.1   2.4   5.3  23.1
2  1967  186   7.4  20.9  27.5   2.3   4.7  21.4
2  1967  187   9.4  20.9  27.3   2.6   4.0  16.4
2  1967  188  10.1  21.8  28.0   2.2   7.3  11.2
2  1967  189   0.8  21.1  26.4   2.6   5.0  13.1
2  1967  190   7.4  20.8  27.4   2.2   2.7   4.1
2  1967  191   6.4  19.8  27.6   2.4   3.0   2.7
2  1967  192   9.4  21.0  27.4   2.2   4.0  12.9
2  1967  193   8.2  21.1  27.3   2.5   5.3   3.4
2  1967  194  10.3  21.2  27.0   2.2   5.3   4.6
2  1967  195   9.3  22.6  27.8   2.3   4.7   1.1
2  1967  196  10.3  19.6  28.2   2.6   2.0   2.0
2  1967  197  10.9  19.8  27.4   2.4   2.3   0.0
2  1967  198  10.8  20.0  29.0   2.4   2.7   0.0
2  1967  199   2.8  20.8  26.7   2.5   6.3  19.7
2  1967  200   4.7  21.6  26.0   2.2   7.3   5.7
2  1967  201   5.8  21.3  26.6   1.9   8.0   0.5
2  1967  202   5.5  19.6  26.3   1.9   6.0   5.0
2  1967  203   3.8  19.4  25.7   2.3   3.3   4.1
2  1967  204   5.0  20.2  26.5   2.4   3.0   1.1
2  1967  205   6.3  19.5  27.2   2.1   4.6   1.9
2  1967  206   5.8  19.3  27.0   2.5   4.0   4.9
2  1967  207   0.2  20.8  24.8   2.5   4.3  27.5
2  1967  208   4.0  20.4  26.8   2.5   5.7  14.6
2  1967  209   5.6  20.1  26.9   2.5   4.3  13.5
2  1967  210  10.1  21.2  27.0   1.9   5.3  12.5
2  1967  211   7.0  20.8  27.4   2.5   4.7   4.1
2  1967  212   7.1  20.4  27.1   2.5   5.7   4.1
2  1967  213   4.8  21.0  27.0   2.5   5.7  21.6
2  1967  214  10.3  23.0  27.8   1.8   6.7   0.0
2  1967  215   6.2  21.4  26.1   2.0   5.7   3.1
2  1967  216   8.3  22.0  27.3   2.0   5.7   1.8
2  1967  217   9.4  19.8  27.2   2.6   4.0   1.6
2  1967  218   3.6  21.7  27.1   2.5   8.3  10.9
2  1967  219   6.1  23.5  27.6   2.1   5.3   5.0
2  1967  220   8.0  20.3  27.4   2.1   5.3   3.5
2  1967  221   7.1  21.8  26.9   2.3   5.7   2.1
2  1967  222   6.5  17.8  25.6   2.2   3.3   6.0
2  1967  223   6.7  20.3  27.3   2.5   3.3   4.7
2  1967  224   7.4  20.1  26.8   2.5   3.3   2.4
2  1967  225   5.4  21.1  27.2   2.4   3.7  36.0
2  1967  226   5.7  20.0  27.2   2.5   1.7   1.9
2  1967  227   9.6  22.2  27.4   2.3   3.0   1.6
2  1967  228   9.0  19.6  27.4   1.8   3.0   1.6
2  1967  229   9.3  21.8  27.2   2.2   6.7   6.7
2  1967  230   4.2  21.1  26.3   2.2   7.0   0.9
2  1967  231   8.6  22.0  27.1   2.2   3.3  30.0
2  1967  232   9.6  19.3  27.7   2.4   2.7   1.0
2  1967  233   7.5  19.5  27.4   2.5   2.7   2.6
2  1967  234  10.0  20.0  27.3   2.2   3.3   1.2
2  1967  235  10.0  19.6  27.2   2.3   2.3   0.0
2  1967  236   3.2  19.2  25.5   2.4   3.3   4.1
2  1967  237   0.6  19.9  26.6   2.4   3.0  12.3
2  1967  238   2.1  20.0  25.4   2.5   2.0  10.4
2  1967  239   0.0  20.1  23.9   2.4   1.3  40.5
2  1967  240   9.8  20.2  27.1   2.3   6.0   2.9
2  1967  241   9.7  21.5  27.3   2.2   5.7   7.6
2  1967  242   4.6  23.0  27.4   2.3   6.0   0.0
2  1967  243   9.6  23.2  27.4   2.1   4.3   0.0
2  1967  244   4.7  21.9  27.1   2.4   7.0   5.0
2  1967  245   6.8  21.3  27.0   2.5   6.7   8.9
2  1967  246   8.5  23.4  27.7   2.2   3.7   0.9
2  1967  247   9.0  20.3  27.7   2.1   2.7   0.0
2  1967  248   9.1  19.2  27.9   2.4   4.0   0.0
2  1967  249   0.9  21.8  25.5   2.7   5.0  28.0
2  1967  250   9.4  22.8  28.0   2.5   5.0   2.1
2  1967  251   9.4  20.3  28.1   2.4   3.7   0.0
2  1967  252   9.3  19.5  28.4   2.5   3.7   0.0
2  1967  253   9.3  21.6  29.5   2.4   6.3   0.0
2  1967  254   7.7  22.9  28.4   2.4   2.7   0.5
2  1967  255   9.2  21.9  28.0   2.3   3.3   0.8
2  1967  256   9.3  20.9  28.0   2.4   4.3   0.0
2  1967  257   9.0  20.8  28.0   2.3   2.7   0.0
2  1967  258   8.6  20.0  28.4   2.6   3.7   0.0
2  1967  259   1.6  21.3  26.6   2.8   2.0   6.4
2  1967  260   4.6  21.8  26.4   2.7   6.7  13.3
2  1967  261   6.0  22.8  27.4   2.7   7.7  12.8
2  1967  262   7.0  21.3  27.6   2.5   7.0  26.0
2  1967  263   4.9  21.4  27.5   2.3   4.3  20.6
2  1967  264   8.3  20.3  27.6   2.4   5.3  21.3
2  1967  265   8.5  20.4  27.7   2.0   5.7   0.0
2  1967  266   9.1  21.6  27.2   2.2   5.0   2.2
2  1967  267   9.0  19.7  27.4   2.5   2.7   0.0
2  1967  268   8.6  20.9  28.3   2.4   4.7   0.0
2  1967  269   9.3  20.3  28.5   2.2   3.3   0.0
2  1967  270   9.5  21.0  29.2   2.7   7.0   0.0
2  1967  271   9.1  24.0  29.5   2.5   4.7   0.0
2  1967  272   5.4  22.1  28.5   2.4   7.0   1.7
2  1967  273   3.9  23.9  28.2   2.4   4.7   2.0
2  1967  274   8.2  22.4  27.9   2.3   3.3   2.4
2  1967  275   8.2  22.4  28.0   2.2   4.0   3.8
2  1967  276   8.8  21.1  27.9   2.4   3.7   1.9
2  1967  277   9.4  23.5  27.7   2.4   6.3   0.0
2  1967  278   8.1  21.8  28.0   2.3   5.0   5.5
2  1967  279   5.4  20.9  27.3   2.4   4.0   0.7
2  1967  280   9.2  21.8  27.6   2.5   6.0  30.6
2  1967  281   5.4  21.8  26.7   2.6   5.7  21.9
2  1967  282   7.4  20.7  27.6   2.5   3.0   0.4
2  1967  283   6.3  22.1  27.6   2.5   3.7   6.5
2  1967  284   9.9  23.6  28.2   2.5   4.3   0.0
2  1967  285   9.7  23.8  29.1   2.5   4.7   0.0
2  1967  286   9.1  21.6  29.1   2.4   5.3   0.7
2  1967  287   7.1  23.8  27.9   2.3   5.7   1.5
2  1967  288   4.6  22.6  28.4   2.6   5.7   7.1
2  1967  289  10.9  23.9  28.4   2.2   7.0   3.7
2  1967  290   7.5  21.4  28.7   2.2   6.3   0.8
2  1967  291   5.0  22.4  27.3   2.4   5.0   2.5
2  1967  292   8.5  20.6  27.9   2.4   6.7   3.0
2  1967  293   9.4  23.7  29.2   2.5   4.3   1.2
2  1967  294  10.9  23.3  29.0   2.3   6.7   2.3
2  1967  295  10.1  24.5  29.0   2.5   6.3   2.8
2  1967  296  11.2  24.3  29.0   2.4   6.3   0.0
2  1967  297   9.4  23.9  28.5   2.5   6.3   1.8
2  1967  298   7.9  24.1  28.4   2.7   5.0   2.6
2  1967  299   3.9  22.0  27.4   2.6   5.7   4.4
2  1967  300  11.0  22.8  28.4   2.5   5.3   3.8
2  1967  301  11.0  24.3  29.5   2.6   4.3   0.0
2  1967  302   9.5  21.0  29.4   2.3   7.0   0.0
2  1967  303  11.0  20.8  29.9   2.4   7.0   0.0
2  1967  304  10.2  21.3  29.7   2.6   4.3   0.0
2  1967  305   8.3  21.6  29.3   2.9   5.0   1.4
2  1967  306   9.4  21.9  29.7   2.5   4.7   0.0
2  1967  307  11.0  21.6  30.0   2.4   7.0   0.0
2  1967  308  11.1  21.8  32.3   2.2   8.3   0.0
2  1967  309   8.9  21.8  31.6   2.3   7.0   0.0
2  1967  310  11.0  21.8  30.4   2.2   5.0   0.0
2  1967  311  11.0  22.6  29.8   2.5   4.0   0.0
2  1967  312  10.6  21.2  30.2   2.3   6.0   0.0
2  1967  313  11.4  22.2  30.1   2.4   6.0   0.8
2  1967  314   9.1  21.3  29.7   2.6   5.0   1.4
2  1967  315  11.0  20.8  29.1   2.2   4.7   0.0
2  1967  316  10.4  24.1  29.4   2.3   5.0   0.0
2  1967  317  11.1  21.8  29.3   2.2   4.7   0.0
2  1967  318  10.3  21.8  29.3   2.3   5.0   0.0
2  1967  319  11.2  22.7  28.9   2.3   4.0   0.0
2  1967  320  11.4  20.6  28.9   2.1   3.0   0.0
2  1967  321  11.6  20.4  29.4   2.2   4.3   0.0
2  1967  322   9.1  21.6  29.2   2.6   6.0   0.5
2  1967  323   9.6  21.7  30.2   2.5   8.0   0.8
2  1967  324  10.0  22.1  30.1   2.4   7.7   0.0
2  1967  325  10.7  21.3  29.1   2.1   5.3   0.6
2  1967  326  11.6  20.2  29.1   2.0   5.0   0.0
2  1967  327   8.3  21.1  29.7   2.2   4.0   0.0
2  1967  328  10.7  21.7  30.0   2.3   4.7   0.0
2  1967  329  10.1  22.0  30.1   2.5   5.7   0.0
2  1967  330  10.2  22.5  30.2   2.3   5.0   0.0
2  1967  331  11.6  22.2  30.5   2.2   6.7   0.0
2  1967  332  11.6  22.2  31.3   2.3   6.7   0.0
2  1967  333  11.7  23.1  30.6   2.4   6.3   0.0
2  1967  334  11.6  22.7  29.9   2.7   7.0   0.0
2  1967  335  11.7  21.6  30.1   2.3   4.3   0.0
2  1967  336  11.5  20.8  29.2   2.5   6.0   0.0
2  1967  337  11.1  20.8  29.2   2.4   4.7   0.0
2  1967  338  11.8  24.1  29.1   2.3   4.3   0.0
2  1967  339   4.3  22.4  28.9   2.4   2.3   1.5
2  1967  340   5.5  21.7  28.9   2.7   3.7  15.7
2  1967  341  11.3  22.0  28.5   2.5   4.7   7.8
2  1967  342  11.1  21.3  28.2   2.4   3.3   0.8
2  1967  343  11.5  20.8  29.4   2.3   5.0   0.0
2  1967  344  11.6  20.9  30.0   2.2   7.0   0.0
2  1967  345  11.5  22.3  31.5   2.2   7.0   0.0
2  1967  346  10.2  22.6  31.2   2.3   7.7   0.0
2  1967  347   6.3  23.1  31.8   2.3   4.7   0.0
2  1967  348  10.2  22.7  31.2   2.1   5.3   0.0
2  1967  349  10.9  22.1  30.8   2.6   5.7   0.0
2  1967  350  11.0  22.2  30.0   2.5   5.0   0.0
2  1967  351  11.0  22.6  29.2   2.4   4.3   0.0
2  1967  352  10.4  23.4  29.5   2.3   3.0   0.0
2  1967  353  11.5  20.3  29.9   2.2   3.7   0.0
2  1967  354   9.6  21.0  30.9   2.3   6.0   0.0
2  1967  355  10.1  22.9  30.4   2.4   6.7   0.0
2  1967  356  10.3  22.2  30.3   2.5   4.7   0.0
2  1967  357   7.1  22.1  30.1   2.6   4.3   0.0
2  1967  358  10.6  23.2  30.6   2.4   6.7   0.0
2  1967  359   9.7  23.8  30.4   2.6   4.3   0.0
2  1967  360   3.8  23.8  30.2   2.6   2.7   0.4
2  1967  361   2.6  21.6  30.8   2.3   3.7   0.4
2  1967  362   8.0  21.4  30.0   2.8   4.7  18.8
2  1967  363   0.0  23.0  25.6   2.9   2.0  10.2
2  1967  364  11.8  21.0  29.2   2.6   4.0   0.8
2  1967  365  11.5  22.6  29.8   2.6   5.0   0.0
