*...............................................*
* Country    : Malaysia
* Station    : Batu Embun
* Year       : 1992
* Author     : A.G.Mohamad Zabawi
* Source     : Malaysia Meteorological Services
* Longitude  : 102 21 E
* Latitude   :   3 58 N
* Elevation  :   59.5 M
*
* Colums:
* station number
* year
* day
* solar radiation (kJ/m2/d)
* min temperature (oC)
* max temperature (oC)
* vapour pressure (kPa)
* wind speed      (m/s)
* rainfall        (mm/d)
*...............................................*
 102.35 3.97 59.5 0.0 0.0
  22 1992    1  8170   23.4 30.0 3.233 1.5   0.1
  22 1992    2 10250   22.6 31.5 3.287 1.8  22.6
  22 1992    3  4780   21.6 25.8 2.867 1.5  22.7
  22 1992    4 11700   21.6 31.2 3.052 1.9   0.7
  22 1992    5 12000   22.0 33.0 3.255 1.6   0.0
  22 1992    6 14490   23.3 32.5 3.262 2.0   8.0
  22 1992    7 17550   22.1 32.9 3.243 1.7  10.2
  22 1992    8 17500   21.6 33.4 3.205 1.5   0.0
  22 1992    9 18480   21.2 33.2 2.941 1.7   0.0
  22 1992   10 18120   20.5 33.3 2.995 1.9   7.0
  22 1992   11 17210   20.9 32.7 2.998 1.8   0.0
  22 1992   12 14770   19.5 32.0 2.853 2.6   0.0
  22 1992   13 16960   19.4 32.6 2.911 2.5   7.5
  22 1992   14 15630   20.7 32.5 3.127 1.7   4.8
  22 1992   15 11930   22.5 30.1 3.001 2.6   0.2
  22 1992   16  3960   22.3 27.3 2.986 1.4   2.3
  22 1992   17  8260   20.9 29.0 2.838 1.8   0.0
  22 1992   18 15800   20.8 30.7 2.806 2.2   0.0
  22 1992   19 13180   21.5 31.5 3.048 2.0   0.0
  22 1992   20 13650   22.1 29.8 2.874 2.8   0.0
  22 1992   21 11630   20.8 31.0 2.880 1.6   0.0
  22 1992   22  8800   19.2 29.1 2.738 1.4  13.0
  22 1992   23 12940   22.1 30.5 2.890 1.8   0.0
  22 1992   24 17820   20.3 32.1 2.817 2.0   0.0
  22 1992   25 14760   23.0 32.0 3.119 1.2   0.0
  22 1992   26 17910   21.8 33.5 3.081 1.6   0.0
  22 1992   27 10720   21.6 31.6 3.290 3.1  18.9
  22 1992   28 13070   21.5 31.2 2.887 2.4   0.0
  22 1992   29 14250   21.6 31.7 2.955 2.3   0.0
  22 1992   30 17680   19.9 32.6 2.813 2.5   0.0
  22 1992   31 17700   22.7 34.0 3.092 2.0   0.0
  22 1992   32 16240   23.4 34.0 3.305 1.4   0.0
  22 1992   33 16000   24.0 33.3 3.305 1.3   0.0
  22 1992   34 15000   21.9 33.1 3.134 1.6   0.0
  22 1992   35 12000   22.0 33.7 3.115 2.0   0.3
  22 1992   36 11000   23.8 33.5 3.425 1.2   6.4
  22 1992   37 10830   23.9 31.7 3.440 3.2  29.3
  22 1992   38 12000   23.0 33.8 3.217 1.6   0.0
  22 1992   39 13000   22.4 33.7 3.062 1.0   0.1
  22 1992   40 15170   23.9 32.8 3.073 2.4   2.7
  22 1992   41 14590   23.2 33.1 3.088 0.5   0.0
  22 1992   42 14340   23.4 33.4 3.179 0.8   0.0
  22 1992   43 16610   24.2 34.8 3.471 0.9   3.0
  22 1992   44 16500   22.5 34.0 3.156 2.5  23.2
  22 1992   45 12340   23.0 32.5 3.243 0.6   0.0
  22 1992   46 16360   22.5 34.0 3.141 1.3   0.0
  22 1992   47 16190   24.0 34.7 3.309 1.8   2.2
  22 1992   48  6560   23.5 29.1 3.072 2.0   6.7
  22 1992   49 15660   21.3 33.0 3.073 1.5   0.0
  22 1992   50 15000   21.3 34.2 3.119 1.0 109.2
  22 1992   51 14000   21.6 32.4 3.148 2.5   1.8
  22 1992   52 14550   22.7 33.1 3.296 2.7   2.4
  22 1992   53 16070   21.1 33.4 2.980 1.6   0.0
  22 1992   54 12830   20.5 32.3 2.827 1.9   0.0
  22 1992   55 12620   20.3 32.1 2.796 1.5   0.0
  22 1992   56  7840   20.1 29.2 2.847 2.2   0.5
  22 1992   57 15720   21.8 32.2 2.963 2.2   0.0
  22 1992   58 18160   21.7 33.6 2.982 1.7   0.0
  22 1992   59 15920   23.1 34.6 3.137 1.7   3.1
  22 1992   60 14950   23.7 33.8 3.433 0.9  20.1
  22 1992   61 16600   23.7 33.0 3.221 1.8   0.0
  22 1992   62 13790   23.6 34.1 3.357 1.0   0.0
  22 1992   63 13050   23.1 34.0 3.341 1.7   0.0
  22 1992   64 17780   22.7 34.5 3.345 5.2   2.1
  22 1992   65 12200   23.4 32.0 3.391 2.2   0.3
  22 1992   66 15770   22.1 33.9 3.221 2.5   0.0
  22 1992   67 12810   23.7 32.5 3.247 2.1   0.0
  22 1992   68 14000   23.7 32.0 3.315 2.7   0.0
  22 1992   69 17510   22.8 34.0 3.164 1.5   0.0
  22 1992   70 17890   21.7 33.6 3.183 4.5   0.8
  22 1992   71 17720   20.6 34.1 3.062 1.5   1.8
  22 1992   72 14110   20.5 33.0 3.176 3.5  18.3
  22 1992   73 16840   21.3 33.3 3.012 2.5   0.0
  22 1992   74 19190   19.4 33.5 2.702 1.1   0.0
  22 1992   75 18680   21.4 34.6 2.986 1.5   0.0
  22 1992   76 18930   23.0 35.0 3.113 1.1   0.0
  22 1992   77 17510   23.4 35.0 3.129 1.0   0.0
  22 1992   78 18130   23.5 35.0 3.165 1.4   0.0
  22 1992   79 17780   21.4 34.5 2.941 1.4   0.0
  22 1992   80 17130   21.5 34.7 2.907 0.8   0.0
  22 1992   81 17830   20.5 34.8 2.998 1.4   0.0
  22 1992   82 16070   22.4 35.5 3.241 3.9   1.0
  22 1992   83 16100   22.4 35.8 3.301 0.8   0.2
  22 1992   84 16290   23.5 35.5 3.407 1.1   0.0
  22 1992   85 15920   23.7 35.5 3.331 0.5   0.0
  22 1992   86 16930   23.8 36.1 3.352 0.9   0.0
  22 1992   87 15530   22.9 35.5 3.197 1.0   0.0
  22 1992   88 14690   24.0 35.7 3.335 0.9   0.0
  22 1992   89 15170   23.3 35.0 3.129 1.2   0.0
  22 1992   90 15610   23.5 35.0 3.061 0.9   0.0
  22 1992   91 15600   24.4 36.2 3.140 1.1   0.0
  22 1992   92 13900   24.6 35.3 3.322 0.9   0.0
  22 1992   93 15630   25.5 36.2 3.576 2.0  10.7
  22 1992   94 16210   23.0 35.2 3.313 1.0   7.0
  22 1992   95 16230   23.4 34.6 3.401 3.7  23.4
  22 1992   96 16180   23.2 34.0 3.397 1.4  19.3
  22 1992   97 12050   24.4 33.6 3.645 1.4  20.7
  22 1992   98 16110   23.8 34.3 3.401 1.4   0.0
  22 1992   99 15620   22.8 34.6 3.349 1.1   0.0
  22 1992  100 14380   23.5 32.5 3.319 1.8   7.0
  22 1992  101 17100   23.0 35.4 3.285 1.2   0.0
  22 1992  102 17840   23.5 35.0 3.209 1.3  10.8
  22 1992  103 16000   23.4 34.7 3.429 0.6   0.0
  22 1992  104 16030   24.0 34.9 3.297 1.4   0.0
  22 1992  105 18120   24.1 35.6 3.343 2.8   0.0
  22 1992  106 16410   24.0 35.2 3.416 1.5   0.0
  22 1992  107 11870   24.6 34.2 3.333 0.6   0.0
  22 1992  108 15620   23.6 35.0 3.269 2.0   0.0
  22 1992  109 17010   23.0 35.8 3.125 1.0   0.0
  22 1992  110 15310   25.0 35.5 3.539 5.5  32.0
  22 1992  111 17710   22.0 35.5 3.305 1.6   0.0
  22 1992  112 17600   23.9 35.9 3.416 1.6   0.0
  22 1992  113 15120   25.6 35.5 3.738 1.1   0.0
  22 1992  114 16950   24.4 36.1 3.373 1.4   0.0
  22 1992  115 15570   25.2 35.5 3.467 3.3   8.6
  22 1992  116 16470   22.7 34.8 3.297 1.5   0.0
  22 1992  117 13740   21.5 34.5 3.376 2.0  26.2
  22 1992  118 17590   23.0 34.3 3.381 1.6   0.0
  22 1992  119 16220   23.8 35.5 3.708 2.3   6.7
  22 1992  120 15760   23.3 34.6 3.481 0.8   0.7
  22 1992  121 13450   23.1 34.5 3.341 1.5   0.0
  22 1992  122 19120   23.5 34.5 3.265 1.9   0.0
  22 1992  123 16630   23.3 35.5 3.293 1.8   0.0
  22 1992  124 11980   23.8 35.5 3.513 2.2   0.0
  22 1992  125 18530   23.8 35.7 3.424 3.1   0.0
  22 1992  126 16140   23.4 34.7 3.469 2.8   8.5
  22 1992  127 15510   23.0 35.0 3.305 4.6  18.9
  22 1992  128 16250   23.0 33.1 3.334 2.5   0.0
  22 1992  129 17220   22.9 33.3 3.266 2.0   4.3
  22 1992  130 18220   22.6 33.5 3.285 1.5   0.0
  22 1992  131 19580   23.8 35.2 3.513 0.8   0.0
  22 1992  132 22770   24.3 34.0 3.429 3.0  11.2
  22 1992  133 20760   23.3 33.6 3.398 2.0   0.0
  22 1992  134 19010   23.4 35.0 3.545 2.3   1.0
  22 1992  135 12210   22.8 34.7 3.461 1.8   1.9
  22 1992  136 19460   23.3 34.0 3.489 1.6   0.0
  22 1992  137 21600   23.0 34.9 3.433 4.2  16.7
  22 1992  138 18810   22.6 33.3 3.406 2.1  13.6
  22 1992  139 15130   22.5 34.2 3.251 1.0   0.0
  22 1992  140 12860   22.8 35.0 3.453 1.9   0.8
  22 1992  141 14070   22.2 35.1 3.417 1.6   2.9
  22 1992  142 15000   23.8 34.5 3.361 1.3   0.0
  22 1992  143 16430   24.4 34.2 3.353 2.2   0.0
  22 1992  144 18340   24.2 34.0 3.377 1.4   0.0
  22 1992  145 18000   23.9 33.0 3.319 1.9   0.0
  22 1992  146 17000   23.0 34.6 3.441 1.6   0.0
  22 1992  147 16180   23.7 34.5 3.581 1.6  15.0
  22 1992  148 17210   23.1 34.8 3.465 1.0   5.2
  22 1992  149 15540   24.1 33.7 3.509 1.4   0.0
  22 1992  150 17600   23.5 34.7 3.293 1.5   0.0
  22 1992  151 16000   23.0 34.2 3.361 1.4   0.0
  22 1992  152 11560   23.2 34.4 3.445 1.0   0.0
  22 1992  153 14740   22.2 34.5 3.156 1.5   0.0
  22 1992  154  8360   22.5 34.0 3.149 1.6   0.0
  22 1992  155 11870   23.4 35.0 3.301 3.0   0.1
  22 1992  156 15170   22.6 35.2 3.349 3.3   0.0
  22 1992  157 18370   22.9 34.0 3.183 1.7   0.0
  22 1992  158 17890   23.3 34.3 3.357 1.6   2.5
  22 1992  159 12790   23.9 34.0 3.457 1.9   6.8
  22 1992  160 18830   23.5 33.5 3.601 2.5   0.1
  22 1992  161 18000   23.3 31.3 3.137 1.5   0.0
  22 1992  162 18570   23.7 32.8 3.137 2.7   0.0
  22 1992  163 17000   23.0 33.7 3.413 3.7   3.7
  22 1992  164 17670   22.1 32.5 3.045 2.0   0.0
  22 1992  165 20070   22.7 33.3 3.232 1.5   0.9
  22 1992  166 17620   22.9 31.3 3.166 1.3   0.1
  22 1992  167 18460   23.3 33.0 3.330 3.1  19.2
  22 1992  168 18590   22.7 31.0 3.180 1.3   0.0
  22 1992  169 17210   23.4 33.6 3.417 2.1   0.4
  22 1992  170 17350   24.4 32.3 3.417 1.6   0.3
  22 1992  171 17160   23.1 31.7 3.130 1.4   0.0
  22 1992  172 16640   24.2 34.0 3.325 2.0   0.0
  22 1992  173 14010   23.0 34.5 3.273 2.5   0.0
  22 1992  174 14490   24.6 34.8 3.424 3.2   0.0
  22 1992  175 18510   22.6 33.9 3.164 4.1   0.0
  22 1992  176 18000   22.2 35.0 3.321 1.5   0.0
  22 1992  177 19000   23.2 32.3 3.277 1.5   0.0
  22 1992  178 19870   23.8 32.6 3.296 1.4   0.0
  22 1992  179 20740   23.0 33.9 3.383 4.2   3.8
  22 1992  180 15860   22.0 32.6 3.037 1.6   0.0
  22 1992  181 18700   23.2 33.2 3.217 2.3   0.0
  22 1992  182 16710   22.2 35.3 3.161 2.0  22.6
  22 1992  183 16420   23.4 31.3 3.251 1.5   1.6
  22 1992  184 13380   22.5 34.5 3.305 3.1  14.3
  22 1992  185 15220   23.1 33.5 3.258 2.5   0.0
  22 1992  186 17640   22.0 33.8 3.149 1.5   0.0
  22 1992  187 15000   22.2 34.4 3.001 1.4   0.0
  22 1992  188 13700   22.1 34.8 3.047 1.8   0.0
  22 1992  189 13100   22.5 34.5 3.265 1.2   0.0
  22 1992  190 17730   23.4 33.8 3.317 1.0   8.6
  22 1992  191  7950   22.2 30.4 3.005 1.5   0.0
  22 1992  192 14670   23.0 32.0 3.308 4.0   1.2
  22 1992  193 11310   21.7 33.4 3.266 2.0   5.5
  22 1992  194 15680   23.0 32.0 3.308 2.4   8.0
  22 1992  195 13880   22.1 30.6 2.948 2.0   0.9
  22 1992  196 17640   21.0 32.3 3.041 2.0   0.0
  22 1992  197 15340   22.5 32.5 3.228 3.8   1.9
  22 1992  198 18850   22.0 33.0 3.247 1.8   1.3
  22 1992  199 18830   22.9 32.5 3.209 2.2  19.1
  22 1992  200 16430   22.2 33.0 3.239 1.7  47.0
  22 1992  201 11460   22.4 27.9 2.926 2.7  21.0
  22 1992  202 14620   22.4 32.7 3.247 1.4   0.0
  22 1992  203 14020   22.1 33.2 3.349 2.0  13.5
  22 1992  204 14000   21.8 31.0 3.018 2.2   0.0
  22 1992  205 14410   22.4 32.0 3.098 2.0   0.0
  22 1992  206 12100   22.0 33.5 3.126 1.9   0.0
  22 1992  207 15390   22.5 33.0 3.171 2.5   0.0
  22 1992  208 13830   22.5 33.5 3.183 1.5   0.0
  22 1992  209 16840   22.9 33.6 3.300 7.8  23.5
  22 1992  210 15780   21.8 30.2 3.072 3.0   0.1
  22 1992  211 14050   22.7 33.2 3.217 2.0   0.0
  22 1992  212 16660   23.3 31.1 3.109 2.6   0.0
  22 1992  213 17080   21.8 33.7 3.156 2.2   0.0
  22 1992  214 14540   21.9 33.7 3.171 2.6   0.0
  22 1992  215 17090   22.3 33.5 3.088 2.8   2.0
  22 1992  216 15260   22.9 33.8 3.134 2.5   1.3
  22 1992  217 14290   22.0 33.3 3.224 2.0   0.0
  22 1992  218 16110   23.6 34.0 3.209 2.6   0.0
  22 1992  219 15950   21.7 33.5 3.096 2.8  11.2
  22 1992  220 12330   22.3 33.3 3.209 1.8   0.0
  22 1992  221 18310   21.8 33.0 3.059 1.9   0.0
  22 1992  222 18650   22.0 33.0 3.175 2.5   0.0
  22 1992  223 16530   22.0 33.0 3.323 3.5  34.8
  22 1992  224  9620   22.6 32.9 3.251 1.8   0.0
  22 1992  225 16530   22.6 32.9 3.262 2.0   5.0
  22 1992  226 16620   22.7 30.5 3.180 2.1   0.0
  22 1992  227 14380   21.7 33.3 3.081 1.5   0.0
  22 1992  228 13730   21.8 34.2 3.096 3.1   0.3
  22 1992  229 13700   21.5 33.5 3.164 3.6  35.3
  22 1992  230 12000   21.8 32.0 3.219 3.0  18.7
  22 1992  231 12630   21.5 32.0 3.073 2.2   0.0
  22 1992  232 16420   22.4 30.4 3.015 0.6   0.5
  22 1992  233 15920   23.2 34.3 3.373 1.6   0.0
  22 1992  234  7590   24.0 32.9 3.273 1.0   0.0
  22 1992  235  9730   24.2 33.1 3.465 1.4   0.0
  22 1992  236 12270   22.9 32.2 3.198 1.9   4.2
  22 1992  237 15140   22.7 30.5 3.230 4.7   5.0
  22 1992  238 12600   22.0 33.7 3.194 2.0   0.0
  22 1992  239 17490   22.8 33.4 3.239 2.0   0.0
  22 1992  240 13000   23.2 34.5 3.365 1.6   0.9
  22 1992  241 15300   22.5 35.4 3.181 3.5   0.0
  22 1992  242  4400   23.4 34.3 3.269 1.5   0.0
  22 1992  243 17050   21.8 34.6 3.084 1.3   0.0
  22 1992  244 15200   22.1 33.2 3.198 1.6   0.0
  22 1992  245 19470   22.5 35.1 3.261 1.6   0.0
  22 1992  246 14860   22.7 33.2 3.126 0.8   0.0
  22 1992  247 16170   24.0 33.5 3.313 2.1   7.6
  22 1992  248 16980   22.1 29.6 3.001 1.8   0.0
  22 1992  249 16330   22.7 33.2 3.247 1.6   0.0
  22 1992  250 16880   22.0 32.7 3.187 1.7   4.4
  22 1992  251 17890   22.6 33.0 3.224 1.8  23.6
  22 1992  252 11510   22.2 33.6 3.153 1.1   2.2
  22 1992  253 11990   21.6 34.0 3.126 1.5   0.1
  22 1992  254 15460   23.2 33.4 3.122 2.4   0.0
  22 1992  255 14900   22.1 33.7 3.156 2.5   0.0
  22 1992  256 16190   20.6 33.9 2.934 1.4   0.0
  22 1992  257 14000   22.5 35.0 3.357 2.1   1.0
  22 1992  258 13500   21.8 33.4 3.213 1.8   0.0
  22 1992  259 13600   22.0 33.8 3.168 4.0  21.9
  22 1992  260 13030   22.0 32.6 3.123 3.4   0.2
  22 1992  261 16590   21.3 32.6 3.048 1.8   1.0
  22 1992  262 12270   22.2 32.4 3.166 4.2  11.1
  22 1992  263 14260   22.2 31.9 3.191 3.2   0.6
  22 1992  264 16930   22.3 32.8 3.345 3.0   0.0
  22 1992  265 18930   22.2 32.0 3.087 2.7   0.0
  22 1992  266 18390   22.6 33.3 3.134 2.8   0.0
  22 1992  267 16000   22.5 32.5 3.239 3.0   0.6
  22 1992  268 15770   22.5 33.4 3.164 2.0   0.4
  22 1992  269 15420   22.9 33.0 3.183 2.1   0.0
  22 1992  270 11680   23.0 32.3 3.394 2.6   4.1
  22 1992  271 10000   22.9 32.0 3.205 3.0   0.0
  22 1992  272  8300   22.9 32.5 3.243 1.9   0.0
  22 1992  273 10060   22.2 33.1 3.202 2.6   0.0
  22 1992  274 15460   20.6 34.5 3.020 3.1   0.0
  22 1992  275 12550   22.9 33.8 3.224 3.2   0.4
  22 1992  276 15700   22.0 33.5 3.202 3.0  14.8
  22 1992  277 12540   22.2 33.1 3.156 2.5   6.0
  22 1992  278 11780   22.3 33.1 3.262 2.5   0.7
  22 1992  279 15100   23.5 31.6 3.243 1.7   9.0
  22 1992  280 15220   23.5 28.7 3.069 0.6   0.0
  22 1992  281 14630   23.1 33.4 3.217 3.0   4.2
  22 1992  282 13000   23.0 34.1 3.437 2.0   3.5
  22 1992  283 10690   22.8 33.0 3.255 2.3  35.5
  22 1992  284  9930   22.8 32.2 3.300 3.7   0.7
  22 1992  285 11680   22.9 31.3 3.109 1.7   0.3
  22 1992  286 12500   23.0 33.2 3.258 1.6   0.0
  22 1992  287 16260   23.0 32.3 3.296 1.9   3.2
  22 1992  288 17930   23.0 33.9 3.228 1.8  36.8
  22 1992  289 17290   22.5 30.7 3.180 2.5   0.0
  22 1992  290 19200   24.1 32.4 3.368 3.6   1.5
  22 1992  291 14660   22.7 32.0 3.080 2.2   0.0
  22 1992  292 16760   23.4 32.2 3.342 2.0   0.0
  22 1992  293 16000   22.1 32.3 3.055 2.2   0.4
  22 1992  294 16600   23.1 33.8 3.300 4.7  59.2
  22 1992  295 17780   22.2 30.7 3.005 1.1   0.0
  22 1992  296 14560   23.3 33.3 3.334 1.6   3.8
  22 1992  297 11820   23.6 33.7 3.485 4.8  20.1
  22 1992  298 12120   22.7 34.0 3.251 2.4   0.1
  22 1992  299 12400   22.6 33.9 3.217 2.0   8.4
  22 1992  300 12140   21.6 32.3 3.112 1.7   7.2
  22 1992  301 13680   22.0 33.0 3.107 4.7   0.0
  22 1992  302  8140   22.5 33.0 3.258 2.4   0.6
  22 1992  303 10000   22.2 33.8 3.100 3.1   0.0
  22 1992  304 13970   21.9 32.5 3.030 1.5   0.0
  22 1992  305 17660   22.0 33.5 3.190 1.9  10.4
  22 1992  306 16160   22.2 32.2 3.112 1.6   0.0
  22 1992  307 14490   23.0 33.2 3.266 2.6   0.0
  22 1992  308 10420   23.2 29.9 3.176 2.1   0.3
  22 1992  309 11010   22.3 31.7 3.077 2.2   0.0
  22 1992  310 10850   22.7 29.6 2.988 1.7   0.0
  22 1992  311 16540   21.9 32.1 3.127 1.6   0.5
  22 1992  312 10470   23.0 31.5 3.205 2.0   1.9
  22 1992  313 14060   22.6 33.0 3.296 2.7   0.4
  22 1992  314 13550   22.8 31.3 3.248 2.3   2.5
  22 1992  315  9000   22.5 31.7 3.094 3.5   0.5
  22 1992  316  8910   22.0 27.2 2.996 2.6 108.0
  22 1992  317 10720   21.7 28.3 2.961 1.9   5.0
  22 1992  318 10400   22.7 30.2 3.025 2.0   2.2
  22 1992  319 14490   23.0 32.5 3.277 2.6   2.8
  22 1992  320  1680   23.4 31.9 3.383 2.6  36.2
  22 1992  321  8000   22.3 27.6 2.974 1.0   0.3
  22 1992  322 13510   22.7 31.5 3.191 2.8  38.5
  22 1992  323  4420   22.2 30.4 3.112 2.5   5.1
  22 1992  324 13390   22.7 32.0 3.212 2.8   1.9
  22 1992  325 13810   22.5 33.1 3.398 2.8  14.7
  22 1992  326  9460   22.6 28.1 2.977 1.8  22.2
  22 1992  327    10   22.9 32.0 3.137 1.8   7.9
  22 1992  328  6520   22.7 30.3 3.258 5.0  16.7
  22 1992  329  5850   22.0 30.5 3.008 2.0   0.0
  22 1992  330  5350   21.6 28.5 2.936 2.4  10.2
  22 1992  331 14860   22.5 30.6 3.134 2.2   0.3
  22 1992  332 11590   21.1 29.5 2.790 2.1   0.0
  22 1992  333  7870   21.0 31.5 2.837 2.3   0.0
  22 1992  334  9000   22.0 31.0 3.169 1.8   2.7
  22 1992  335 12910   21.9 31.8 3.020 3.0   5.1
  22 1992  336 16490   21.0 31.5 2.867 2.5   0.0
  22 1992  337  7550   20.9 31.3 2.843 2.5   0.0
  22 1992  338  9700   20.7 31.4 2.974 2.4   1.0
  22 1992  339  4840   21.5 30.3 2.974 2.1   0.9
  22 1992  340   990   22.5 25.7 2.864 2.2  34.8
  22 1992  341  4310   22.7 28.0 2.983 1.8  25.3
  22 1992  342  4690   22.7 25.8 2.902 0.7   9.1
  22 1992  343  6650   22.5 26.6 3.018 0.7  12.5
  22 1992  344  1000   22.7 24.5 2.911 1.7  12.8
  22 1992  345  1570   21.6 31.6 3.294 2.4   7.1
  22 1992  346  1150   23.3 31.9 3.447 1.4   5.1
  22 1992  347 10550   22.1 29.7 3.106 1.9   4.2
  22 1992  348  5930   22.2 32.5 3.041 2.0   0.0
  22 1992  349 15540   23.1 32.7 3.277 2.0   1.9
  22 1992  350 10740   21.3 33.0 2.955 2.6   0.1
  22 1992  351  5270   19.7 30.7 2.689 2.8   0.0
  22 1992  352  9180   21.3 30.0 2.974 2.8   1.8
  22 1992  353  8040   20.6 30.3 2.796 2.4   0.1
  22 1992  354  8000   20.9 30.8 2.837 2.7   0.0
  22 1992  355  8670   22.9 30.0 3.065 2.0   4.8
  22 1992  356  8290   21.9 29.9 3.001 2.2   0.0
  22 1992  357  8000   23.1 30.1 3.173 2.3   0.0
  22 1992  358  9590   21.7 31.3 3.127 3.4   6.9
  22 1992  359  9990   22.1 30.0 3.011 2.5   0.3
  22 1992  360 15470   22.5 33.0 3.281 1.6   0.3
  22 1992  361 15820   23.4 30.0 3.255 3.7   5.4
  22 1992  362 10950   23.7 29.3 3.362 2.6  20.4
  22 1992  363  9160   22.9 31.5 3.209 1.4   0.0
  22 1992  364  2170   22.7 31.8 3.233 2.5   1.0
  22 1992  365  9070   21.5 32.2 3.262 2.3   6.4
  22 1992  366  9000   22.0 31.5 3.305 1.8  15.7
