*...............................................*
* Country    : Malaysia
* Station    : Batu Embun
* Year       : 1994
* Author     : A.G.Mohamad Zabawi
* Source     : Malaysia Meteorological Services
* Longitude  : 102 21 E
* Latitude   :   3 58 N
* Elevation  :   59.5 M
*
* Colums:
* station number
* year
* day
* solar radiation (kJ/m2/d)
* min temperature (oC)
* max temperature (oC)
* vapour pressure (kPa)
* wind speed      (m/s)
* rainfall        (mm/d)
*...............................................*
 102.35 3.97 59.5 0.0 0.0
  22 1994    1 20090   22.3 31.8 2.948 2.4   0.0
  22 1994    2 17820   23.5 31.5 3.300 2.9   0.7
  22 1994    3 13960   22.6 30.0 3.001 2.6  14.2
  22 1994    4  5310   23.3 27.0 2.958 2.4   0.2
  22 1994    5 19740   21.5 32.5 3.094 5.0  10.6
  22 1994    6 14460   21.7 31.7 3.287 1.7  19.7
  22 1994    7 21820   22.7 32.5 3.228 2.7   0.0
  22 1994    8 19910   21.8 31.9 2.987 2.5   0.0
  22 1994    9 20690   22.0 33.1 3.141 2.1   0.0
  22 1994   10 21310   22.2 33.7 3.066 2.3   0.0
  22 1994   11 14810   22.9 32.7 3.311 2.0   1.3
  22 1994   12 18490   22.0 32.0 3.084 3.0   0.0
  22 1994   13 16270   22.4 32.4 3.123 2.7  20.0
  22 1994   14 20430   21.5 32.7 3.102 2.4   5.9
  22 1994   15 23170   21.0 32.0 2.916 2.7   0.0
  22 1994   16 22980   21.0 31.9 2.685 2.7   0.0
  22 1994   17 17050   20.5 30.8 2.810 1.8   0.0
  22 1994   18 22730   19.6 32.9 2.696 2.6   0.0
  22 1994   19 23420   18.8 32.3 2.682 3.0   0.0
  22 1994   20 23660   21.0 33.2 2.831 2.8   0.0
  22 1994   21 21430   21.5 32.0 2.813 2.6   0.0
  22 1994   22 20000   20.1 30.2 2.676 2.4   0.0
  22 1994   23 12980   22.2 31.0 3.055 2.6   0.0
  22 1994   24 15230   22.1 30.0 2.806 3.7   0.0
  22 1994   25 15950   21.9 30.4 2.773 3.1   0.0
  22 1994   26 13600   23.2 30.3 2.923 2.5   0.0
  22 1994   27 14960   22.6 31.0 2.998 1.9   0.1
  22 1994   28 13960   23.1 31.0 3.091 3.1   0.0
  22 1994   29 16360   22.8 32.0 3.073 2.0   0.5
  22 1994   30 17650   21.3 32.7 3.084 2.4   0.8
  22 1994   31 10330   23.4 31.0 3.333 3.5  19.6
  22 1994   32 15320   22.0 32.1 3.123 3.8   0.0
  22 1994   33 17340   20.9 32.4 3.116 2.3   1.3
  22 1994   34  8550   22.9 28.4 3.089 1.8   2.3
  22 1994   35 14330   23.2 31.0 3.127 1.8   0.4
  22 1994   36 10210   22.5 29.0 3.129 2.5   4.2
  22 1994   37  9220   23.0 29.6 3.166 3.1  12.7
  22 1994   38 13030   22.6 31.1 3.344 3.0  10.2
  22 1994   39 17470   22.1 32.9 3.364 3.8   0.0
  22 1994   40 16760   23.0 33.0 3.425 1.5   8.3
  22 1994   41 20290   22.9 33.1 3.202 2.4   0.8
  22 1994   42 19730   22.6 33.1 3.160 1.5   0.0
  22 1994   43 22580   23.0 34.0 3.369 2.1   9.4
  22 1994   44 21040   22.1 33.5 3.209 1.8   0.0
  22 1994   45 13420   23.2 32.5 3.379 1.4   6.3
  22 1994   46 18540   22.4 32.1 3.127 2.5   0.0
  22 1994   47 23300   23.0 33.7 3.130 2.5   0.0
  22 1994   48 14830   22.5 32.0 3.066 1.1   0.0
  22 1994   49 24360   24.0 34.5 3.225 2.3   0.0
  22 1994   50 20480   22.8 33.9 3.092 1.4   0.0
  22 1994   51 16370   23.1 33.2 3.164 1.5   0.0
  22 1994   52 21960   22.2 33.5 3.115 2.5   0.0
  22 1994   53 23970   21.9 34.6 2.998 1.9   0.0
  22 1994   54 17670   23.5 34.0 3.301 1.7  13.5
  22 1994   55 23150   22.3 34.5 3.122 1.8   0.0
  22 1994   56 23850   21.4 34.6 2.967 2.0   0.0
  22 1994   57 23500   20.0 33.5 2.741 2.6   0.0
  22 1994   58 23400   19.1 33.8 2.618 3.1   0.1
  22 1994   59 19270   22.0 32.7 2.909 4.1  20.0
  22 1994   60 20240   22.9 32.3 3.190 2.8   0.3
  22 1994   61 22120   21.5 33.3 2.938 2.9   0.0
  22 1994   62  9330   21.7 29.4 3.085 1.6  11.7
  22 1994   63 19060   22.5 31.5 3.119 2.7   4.1
  22 1994   64 13930   23.0 31.5 3.180 2.1   0.2
  22 1994   65 17560   22.8 31.8 3.109 2.2   0.1
  22 1994   66 17010   22.7 32.7 3.334 2.6   6.8
  22 1994   67 18070   22.6 33.5 3.334 1.7   0.1
  22 1994   68 19000   23.5 33.9 3.453 3.8   0.1
  22 1994   69 19280   23.0 32.5 3.349 3.2   0.9
  22 1994   70 23640   22.4 34.0 3.111 2.5   0.0
  22 1994   71 18270   21.9 33.0 3.112 1.9   0.6
  22 1994   72 14990   23.6 32.2 3.391 2.3   1.6
  22 1994   73 19170   22.3 32.5 3.134 4.4   0.7
  22 1994   74 10590   22.6 30.2 3.022 2.0   0.1
  22 1994   75  9580   22.3 29.9 3.092 2.7   9.8
  22 1994   76 10580   23.0 29.3 3.143 2.5   4.9
  22 1994   77 17300   23.0 32.4 3.440 1.9  30.7
  22 1994   78 14590   23.0 31.0 3.173 2.0   0.2
  22 1994   79 20980   22.5 33.5 3.262 1.8   8.3
  22 1994   80 18980   23.0 33.5 3.119 2.6   0.7
  22 1994   81 18350   22.0 32.3 3.134 2.7  40.8
  22 1994   82 15000   22.4 33.7 3.228 1.5   0.2
  22 1994   83 12660   21.9 31.3 3.258 4.0   5.2
  22 1994   84  8130   23.1 28.2 3.112 1.2   0.2
  22 1994   85 17740   23.2 32.6 3.311 2.0   9.9
  22 1994   86 13150   23.3 30.7 3.290 1.3   7.9
  22 1994   87 15080   22.6 29.9 3.099 3.0  10.1
  22 1994   88  5360   22.8 27.3 3.043 1.1   7.0
  22 1994   89 19020   22.7 32.4 3.387 2.0   7.3
  22 1994   90 25530   21.9 33.6 3.126 2.1   0.0
  22 1994   91 24000   22.2 34.0 3.103 2.5   4.8
  22 1994   92 24940   22.3 34.0 3.134 2.9   0.0
  22 1994   93 24170   21.8 34.0 3.035 1.5   0.0
  22 1994   94 24410   23.0 35.1 3.113 1.5   0.0
  22 1994   95 24370   24.5 35.0 3.318 1.7   0.0
  22 1994   96 23000   23.2 35.0 3.153 1.5   0.0
  22 1994   97 23490   22.6 35.2 3.197 1.6   0.0
  22 1994   98 22000   23.7 34.4 3.293 1.5   0.0
  22 1994   99 21470   22.7 34.7 3.297 1.7  31.8
  22 1994  100 19830   23.3 34.6 3.465 1.8   0.0
  22 1994  101 18850   23.7 35.2 3.377 1.8   2.2
  22 1994  102 20230   23.1 33.8 3.289 1.9   0.2
  22 1994  103 20270   23.2 33.7 3.096 1.7   0.0
  22 1994  104 16000   23.2 34.8 3.301 1.7   0.3
  22 1994  105 14030   22.1 31.8 3.230 2.4   0.8
  22 1994  106 20650   22.4 33.5 3.175 2.4   0.9
  22 1994  107 22470   22.6 35.0 3.341 3.9   0.0
  22 1994  108 23390   22.4 34.4 3.141 2.0  12.2
  22 1994  109 15890   23.9 33.8 3.505 4.3  12.2
  22 1994  110 15000   23.3 33.5 3.417 2.1   1.5
  22 1994  111 16000   23.0 33.1 3.190 1.1   0.0
  22 1994  112 17920   23.0 34.5 3.505 2.6   0.9
  22 1994  113 21730   22.4 34.2 3.228 2.4   2.5
  22 1994  114 11800   24.2 31.0 3.425 1.6  13.1
  22 1994  115 18940   24.2 33.9 3.485 3.5  56.6
  22 1994  116 10500   23.1 29.9 3.287 1.4   2.5
  22 1994  117 21550   23.6 34.6 3.317 1.7   0.0
  22 1994  118 19250   24.4 34.7 3.534 2.2   2.1
  22 1994  119 20000   22.6 35.1 3.217 2.4   0.0
  22 1994  120 23010   23.9 34.6 3.241 2.0   0.0
  22 1994  121 20310   24.3 35.4 3.517 1.7  32.4
  22 1994  122 10700   23.4 30.8 3.276 3.4   4.2
  22 1994  123 22340   22.4 34.2 3.168 2.4   0.0
  22 1994  124 21780   23.5 34.7 3.333 1.2   5.0
  22 1994  125 19230   22.9 34.6 3.481 2.9  30.2
  22 1994  126 21690   21.9 33.5 3.247 5.0   0.0
  22 1994  127 21000   23.7 33.4 3.433 1.8   0.0
  22 1994  128 21460   22.1 34.4 3.277 1.0   0.3
  22 1994  129 16360   24.0 33.7 3.593 0.8  18.9
  22 1994  130 16800   23.8 33.4 3.485 2.9   0.5
  22 1994  131 20590   22.7 34.0 3.187 1.5   0.1
  22 1994  132 16900   23.0 34.1 3.513 3.5   0.9
  22 1994  133 18820   23.7 34.3 3.441 3.5   0.0
  22 1994  134 17280   23.0 32.6 3.330 1.5   0.3
  22 1994  135 20680   23.4 34.1 3.337 1.2   0.0
  22 1994  136 20310   24.5 34.6 3.500 1.4   0.0
  22 1994  137 19090   24.3 34.7 3.683 2.7   2.4
  22 1994  138 16140   24.5 33.5 3.481 2.0   0.8
  22 1994  139 13790   23.2 32.2 3.440 2.1   2.5
  22 1994  140 19500   23.6 33.5 3.341 0.8   0.0
  22 1994  141 16290   23.5 33.1 3.323 1.5   0.3
  22 1994  142 20020   23.3 33.6 3.247 2.0  57.7
  22 1994  143 20000   22.7 32.0 3.169 1.5   0.0
  22 1994  144 20760   23.7 34.2 3.357 3.9   0.0
  22 1994  145 20000   24.5 32.2 3.360 3.4   2.7
  22 1994  146 19000   24.0 32.0 3.360 1.8  12.7
  22 1994  147 19370   23.0 32.8 3.304 1.9   0.0
  22 1994  148 17580   24.4 32.6 3.441 2.5   0.0
  22 1994  149 19570   23.8 33.0 3.221 2.0   0.0
  22 1994  150 20000   24.5 34.5 3.590 2.1   1.6
  22 1994  151 21300   23.6 34.2 3.441 1.7   0.0
  22 1994  152 18110   23.8 33.9 3.441 1.8   0.1
  22 1994  153 13040   24.5 32.5 3.541 0.8   0.6
  22 1994  154 12460   24.6 31.9 3.432 3.2   2.6
  22 1994  155 16740   24.0 33.1 3.449 1.9   0.0
  22 1994  156 21100   22.4 33.5 3.153 2.7   0.0
  22 1994  157 17440   23.5 34.3 3.365 1.9   0.0
  22 1994  158 20110   23.7 33.6 3.281 2.5   0.0
  22 1994  159 18420   23.8 33.1 3.111 2.3   0.0
  22 1994  160 18000   23.6 33.0 3.334 4.5   7.4
  22 1994  161 19740   23.2 33.3 3.198 2.7   0.0
  22 1994  162 19000   23.5 28.8 3.166 2.0  25.4
  22 1994  163 18000   23.1 33.0 3.194 3.0   0.0
  22 1994  164 19000   23.2 33.5 3.183 2.8   0.0
  22 1994  165 18400   22.2 33.4 3.209 2.0   0.0
  22 1994  166 19680   21.5 33.3 2.973 5.0   0.0
  22 1994  167 16120   22.1 33.0 3.205 2.0   0.0
  22 1994  168 20120   22.4 34.1 3.069 2.5   0.0
  22 1994  169 20120   21.0 34.6 3.122 1.2   0.0
  22 1994  170 16100   24.2 33.3 3.401 2.1   0.0
  22 1994  171 11870   23.5 31.6 3.315 2.5   0.0
  22 1994  172 11250   24.1 31.2 3.379 4.5   2.8
  22 1994  173 18260   22.7 32.7 3.289 3.5   3.8
  22 1994  174  8600   23.5 30.0 3.262 1.7   0.0
  22 1994  175 12000   24.0 32.5 3.194 3.4   0.0
  22 1994  176 17000   23.0 32.8 3.103 3.1   0.4
  22 1994  177 19110   22.4 33.5 3.205 3.4   0.0
  22 1994  178 15770   22.2 32.7 3.116 4.0   1.4
  22 1994  179 19430   21.9 32.5 3.084 2.3  12.7
  22 1994  180 12670   21.7 31.1 3.102 2.6   1.4
  22 1994  181 17310   23.0 32.7 3.171 3.3   0.0
  22 1994  182 18000   23.1 32.7 3.224 2.0   0.3
  22 1994  183 19350   22.6 33.4 3.134 2.5  21.8
  22 1994  184 19230   23.3 32.8 3.247 1.6   0.0
  22 1994  185 18000   22.5 33.8 3.092 1.7   0.0
  22 1994  186 17860   22.3 33.7 3.205 2.6   0.0
  22 1994  187 19770   22.6 34.2 3.107 2.5   0.0
  22 1994  188 18280   21.4 34.3 3.171 2.1   0.0
  22 1994  189 17070   22.7 33.1 3.153 2.5   0.0
  22 1994  190 12390   23.8 31.7 3.383 5.0  15.8
  22 1994  191 16100   22.9 32.1 3.232 2.5   0.0
  22 1994  192 17570   21.8 31.8 3.055 2.7   1.1
  22 1994  193 13600   23.1 31.6 3.119 1.9   0.0
  22 1994  194 16980   22.5 32.8 3.190 2.0   0.0
  22 1994  195 17680   22.5 33.5 3.194 3.7   0.0
  22 1994  196 16280   23.9 32.4 3.273 3.2   0.0
  22 1994  197 18270   23.0 33.7 3.134 2.5   0.0
  22 1994  198 20930   22.2 33.5 3.024 2.8   0.0
  22 1994  199 17220   23.5 33.0 3.130 3.5   0.0
  22 1994  200 16670   22.4 33.3 3.107 3.6   0.0
  22 1994  201 16100   23.3 32.9 3.103 2.9   0.0
  22 1994  202 11170   23.5 31.8 3.262 1.7   0.0
  22 1994  203 19690   23.3 33.6 3.020 3.0   0.0
  22 1994  204 18050   22.3 32.8 3.088 3.7   0.0
  22 1994  205 18210   22.3 33.5 3.077 2.9   0.2
  22 1994  206 15670   21.9 33.4 3.149 2.8   0.0
  22 1994  207 20350   22.9 33.7 2.926 3.7   0.0
  22 1994  208 16340   22.8 32.4 2.956 2.8   0.0
  22 1994  209 14120   22.4 32.7 3.122 2.9   0.0
  22 1994  210 15570   22.3 34.1 3.073 2.9   0.0
  22 1994  211 18300   21.3 33.9 3.016 3.0   0.0
  22 1994  212 18820   22.6 34.5 3.121 3.5   0.0
  22 1994  213 13490   22.7 32.6 3.137 3.3   0.0
  22 1994  214 17820   22.4 34.1 3.016 5.8  21.3
  22 1994  215 14000   21.0 31.5 3.008 4.5   2.6
  22 1994  216 10270   22.7 30.3 3.201 1.4   0.1
  22 1994  217 19220   23.2 33.0 3.141 2.9   0.0
  22 1994  218 20470   22.3 34.2 3.058 2.7   0.3
  22 1994  219 15540   22.5 33.7 3.081 2.3   0.0
  22 1994  220 17200   23.5 33.0 3.058 2.4   0.0
  22 1994  221 21740   20.9 33.8 2.827 2.7   0.0
  22 1994  222 14960   23.5 33.0 3.103 2.9   0.0
  22 1994  223 21180   21.8 34.4 2.948 2.1   0.0
  22 1994  224 22250   21.9 35.5 3.009 2.0  20.4
  22 1994  225 17880   24.0 32.8 3.209 2.1   3.4
  22 1994  226 19030   21.9 32.7 3.102 1.8   0.0
  22 1994  227 13260   23.3 31.6 3.098 2.0   0.0
  22 1994  228 14800   23.9 32.0 3.141 1.5   0.0
  22 1994  229 16300   22.9 32.9 3.103 3.0  29.3
  22 1994  230 18520   21.9 32.9 3.062 2.4  11.0
  22 1994  231 18750   22.3 32.0 3.052 2.8   0.0
  22 1994  232 16570   22.9 31.8 3.066 2.4   0.0
  22 1994  233 21200   22.2 33.4 3.066 1.2   0.0
  22 1994  234 13390   24.1 32.3 3.239 2.5   1.2
  22 1994  235 14270   24.5 32.8 3.485 2.2   4.5
  22 1994  236  5930   23.1 28.2 3.126 0.8   0.3
  22 1994  237 10080   22.6 29.1 3.035 0.7   0.0
  22 1994  238 16360   23.0 31.9 3.016 1.5   4.8
  22 1994  239  9700   23.3 29.5 3.042 4.0  58.0
  22 1994  240 13000   21.9 31.5 3.109 2.6   0.9
  22 1994  241 16450   22.3 32.0 3.130 2.3   0.5
  22 1994  242 19250   22.4 33.0 3.292 2.9  10.9
  22 1994  243 17760   22.1 33.0 3.323 1.7   0.0
  22 1994  244 11130   22.1 31.0 3.184 2.0   0.0
  22 1994  245 16910   23.0 32.2 3.266 3.0  30.0
  22 1994  246  9290   22.5 29.9 3.129 3.5  28.3
  22 1994  247 18390   21.7 32.0 3.091 2.4   0.0
  22 1994  248 16280   22.5 32.2 3.087 1.8   0.4
  22 1994  249 17960   22.4 32.5 3.062 2.4   0.0
  22 1994  250 18880   22.7 34.0 3.149 1.4   0.0
  22 1994  251 14960   24.7 33.5 3.361 1.2   0.0
  22 1994  252 11670   23.1 31.0 3.184 5.8  11.5
  22 1994  253 13140   22.9 32.1 3.428 3.7   0.9
  22 1994  254 16400   22.6 32.9 3.360 1.6   5.0
  22 1994  255 13340   22.8 31.8 3.212 1.5   6.7
  22 1994  256 16100   23.2 32.0 3.187 2.0   0.0
  22 1994  257 20260   22.5 33.1 3.119 1.5   0.0
  22 1994  258 10310   24.5 31.3 3.338 1.0   0.1
  22 1994  259 15040   22.1 32.0 3.137 1.1   0.0
  22 1994  260 14520   24.2 33.3 3.421 1.2  21.6
  22 1994  261 13520   21.1 31.3 2.974 4.1  15.5
  22 1994  262 15140   22.0 32.5 3.127 0.5   0.0
  22 1994  263 18610   22.0 33.6 3.209 1.2   0.0
  22 1994  264 21170   21.9 33.4 3.134 1.6   0.0
  22 1994  265 12030   23.5 32.0 3.266 0.9  25.8
  22 1994  266  9580   24.0 30.5 3.269 1.0   0.0
  22 1994  267  6860   23.2 27.0 2.939 2.3   0.3
  22 1994  268 16160   23.5 31.8 3.391 1.7  11.9
  22 1994  269 17190   23.1 32.6 3.281 1.7   0.0
  22 1994  270 12680   23.5 31.5 3.349 0.6   0.0
  22 1994  271 11710   23.4 31.0 3.109 1.2   2.6
  22 1994  272 12370   22.8 30.9 3.176 1.9   0.0
  22 1994  273 12500   23.1 31.1 3.169 1.6   0.0
  22 1994  274 12630   23.9 31.5 3.308 2.7   0.0
  22 1994  275 13080   23.4 31.5 3.162 2.4  42.4
  22 1994  276 17790   22.8 32.6 3.277 1.5   0.0
  22 1994  277 18150   23.5 33.2 3.217 1.5   0.0
  22 1994  278 16350   23.2 32.3 3.436 2.0   7.6
  22 1994  279 21180   22.7 33.7 3.273 1.9   0.5
  22 1994  280 19490   22.1 33.2 3.209 2.7   0.0
  22 1994  281 22840   22.2 34.4 3.115 1.7   0.0
  22 1994  282 23920   23.0 34.5 3.293 1.4   7.9
  22 1994  283 23260   21.6 34.3 3.171 2.4   0.0
  22 1994  284 18760   22.8 34.2 3.258 2.9   0.7
  22 1994  285 20350   22.2 33.0 3.205 3.0   0.4
  22 1994  286 17970   21.6 32.5 3.084 4.5  24.6
  22 1994  287 18910   21.2 33.8 3.338 1.8   0.0
  22 1994  288 19130   22.3 32.8 3.209 3.4   0.0
  22 1994  289 22120   22.4 33.5 3.141 2.0   0.0
  22 1994  290 16540   22.3 29.8 2.985 2.4   0.5
  22 1994  291 19160   21.8 32.2 3.084 2.5   0.0
  22 1994  292 22580   21.6 33.6 3.100 2.5   0.1
  22 1994  293 18550   23.1 33.3 3.130 2.1  12.3
  22 1994  294 15320   23.2 31.5 3.055 1.5   0.0
  22 1994  295 10400   23.5 29.8 3.219 1.9  27.1
  22 1994  296 15390   22.9 32.0 3.198 2.1  53.6
  22 1994  297 14670   22.6 30.6 3.144 3.0   0.3
  22 1994  298 17230   23.1 31.7 3.094 2.3  74.5
  22 1994  299 16000   21.6 31.0 2.991 2.5   2.5
  22 1994  300 15800   23.8 32.4 3.270 2.2   0.0
  22 1994  301 15360   23.7 32.2 3.281 1.5   0.2
  22 1994  302 12340   24.4 31.7 3.338 1.1   6.2
  22 1994  303 17540   21.9 32.3 3.080 5.1  37.6
  22 1994  304 17970   22.2 32.0 3.130 2.7   1.5
  22 1994  305  8380   23.0 29.5 3.180 2.7  22.9
  22 1994  306 12370   22.3 31.0 3.276 2.1   7.0
  22 1994  307 11990   22.4 28.7 3.028 2.1   0.5
  22 1994  308 10890   21.7 28.8 2.904 1.7   4.1
  22 1994  309 18770   21.9 32.2 3.159 3.7  34.2
  22 1994  310 15540   22.3 31.5 3.226 2.8   2.4
  22 1994  311 11000   22.8 30.5 3.301 1.6  33.3
  22 1994  312 10050   22.5 29.0 3.132 2.2  33.3
  22 1994  313  7400   23.0 28.6 3.216 1.8  23.8
  22 1994  314  8530   23.1 28.9 3.186 2.4  32.4
  22 1994  315  8480   22.6 29.1 3.206 2.0  18.3
  22 1994  316 18330   22.7 31.8 3.144 2.8   0.0
  22 1994  317 16220   23.0 31.7 3.194 2.3   1.5
  22 1994  318 10840   23.0 28.2 3.180 1.6  51.4
  22 1994  319  9000   22.6 31.4 3.319 2.0  64.5
  22 1994  320  8250   22.9 29.3 3.095 2.6   1.2
  22 1994  321 11850   23.2 30.3 3.369 2.3  44.0
  22 1994  322  8350   23.4 28.1 3.216 2.5  22.2
  22 1994  323 13350   23.3 29.5 3.099 2.3   5.7
  22 1994  324 16470   23.2 31.5 3.151 2.0   0.0
  22 1994  325 12670   23.1 31.5 3.312 3.6  16.3
  22 1994  326 14240   23.4 30.2 3.308 2.5   8.7
  22 1994  327  8950   22.4 27.0 3.005 2.0   4.1
  22 1994  328 16840   23.0 30.5 3.216 2.8   0.0
  22 1994  329 16550   22.8 33.1 3.345 1.4   0.1
  22 1994  330 17000   23.5 32.2 3.421 2.8  12.5
  22 1994  331  4260   23.6 26.9 3.081 1.7   7.9
  22 1994  332 16060   22.5 33.0 3.425 5.0   4.6
  22 1994  333 11920   22.6 30.5 3.319 2.0   0.6
  22 1994  334 11060   23.0 30.2 3.308 2.0  10.5
  22 1994  335 17220   23.6 32.4 3.323 2.0   0.0
  22 1994  336 16310   23.4 31.7 3.308 1.7  29.0
  22 1994  337 10480   22.5 28.9 3.062 1.3   1.0
  22 1994  338 17020   22.5 32.3 3.059 2.0  13.5
  22 1994  339 12790   22.7 30.2 2.981 3.0   0.0
  22 1994  340 16370   22.3 32.2 3.098 2.7  23.3
  22 1994  341 15050   22.6 31.5 3.169 2.6   0.0
  22 1994  342 21230   22.9 33.8 3.171 2.5   0.0
  22 1994  343 19840   23.0 32.7 3.187 2.0   0.0
  22 1994  344 21750   20.5 33.5 2.941 1.8   0.0
  22 1994  345 18400   21.1 32.5 3.048 2.1   0.0
  22 1994  346 17700   23.3 33.3 3.194 1.6   0.0
  22 1994  347 16380   23.0 32.2 3.270 1.7   0.0
  22 1994  348 22680   22.3 33.2 3.073 2.5   0.0
  22 1994  349 19820   21.2 33.0 3.030 3.2  56.5
  22 1994  350  9990   22.3 27.5 2.933 2.1   2.4
  22 1994  351 11490   22.6 30.5 3.180 2.1  11.7
  22 1994  352  9030   23.0 28.9 3.038 1.7   5.0
  22 1994  353  3990   22.7 26.0 2.843 2.5   6.4
  22 1994  354 16010   23.0 32.0 3.300 3.3   0.0
  22 1994  355 18150   20.1 31.6 2.606 3.6   1.8
  22 1994  356 10790   22.0 29.5 2.841 2.4   0.6
  22 1994  357 19570   21.0 32.3 2.898 3.0   0.0
  22 1994  358 19190   21.0 32.8 2.913 3.3   0.1
  22 1994  359 22450   20.8 33.7 2.856 3.2   0.0
  22 1994  360 16400   22.5 33.3 3.092 3.4   0.0
  22 1994  361 14250   23.8 32.3 3.247 2.0   3.6
  22 1994  362  9530   23.2 29.6 2.967 1.6   8.9
  22 1994  363 18490   23.0 32.1 3.315 2.5   0.3
  22 1994  364 20740   21.1 32.2 2.998 3.0   1.5
  22 1994  365 13150   23.6 31.2 3.198 2.2  17.4
