*...............................................*
* Country    : Malaysia
* Station    : Batu Embun
* Year       : 1991
* Author     : A.G.Mohamad Zabawi
* Source     : Malaysia Meteorological Services
* Longitude  : 102 21 E
* Latitude   :   3 58 N
* Elevation  :   59.5 M
*
* Colums:
* station
* year
* day
* solar radiation (kJ/m2/d)
* min temperature (oC)
* max temperature (oC)
* vapour pressure (kPa)
* wind speed      (m/s)
* rainfall        (mm/d)
*...............................................*
 102.35 3.97 59.5 0.0 0.0
  22 1991    1 15930   22.7 32.6 3.425 2.7   6.7
  22 1991    2  7110   22.3 31.5 3.312 1.9  11.7
  22 1991    3  7010   22.4 28.0 2.983 0.8   5.8
  22 1991    4 16730   22.2 32.2 3.201 2.5   1.9
  22 1991    5 19980   22.1 32.9 3.194 2.6   0.0
  22 1991    6 17280   19.4 32.0 2.850 2.1   0.0
  22 1991    7 18000   18.7 32.6 2.810 2.1   0.0
  22 1991    8 21560   20.8 33.2 2.934 2.6   0.0
  22 1991    9 19000   18.6 31.6 2.698 2.3   0.4
  22 1991   10 19390   22.5 32.8 3.137 2.2   0.0
  22 1991   11 21120   21.0 33.0 2.927 2.1   0.0
  22 1991   12 13000   20.5 32.8 3.023 2.5   7.3
  22 1991   13  8600   22.5 28.0 2.983 2.2  11.2
  22 1991   14 16610   23.1 32.7 3.413 2.2   1.2
  22 1991   15 14140   22.9 31.2 3.280 2.0   9.0
  22 1991   16  9440   22.9 30.4 3.298 2.2   0.6
  22 1991   17 12900   23.1 30.7 3.251 2.4   0.3
  22 1991   18 13000   23.2 31.0 3.298 3.4  25.0
  22 1991   19 14680   22.2 31.4 3.233 2.5   1.8
  22 1991   20 17680   22.2 32.4 3.134 2.1   0.0
  22 1991   21 15000   23.4 30.4 3.198 1.7   0.0
  22 1991   22 10540   23.4 28.6 3.032 2.9   0.0
  22 1991   23 15630   22.2 31.7 3.123 2.3   0.0
  22 1991   24 12000   20.8 30.6 3.018 2.3  29.7
  22 1991   25 11600   22.1 30.0 3.129 2.8  17.8
  22 1991   26  7160   22.0 28.2 2.974 2.0   7.6
  22 1991   27  4620   22.5 26.4 2.891 1.7   5.4
  22 1991   28  8710   23.0 29.5 3.180 2.0  16.2
  22 1991   29 13450   21.9 29.8 3.112 2.4   0.7
  22 1991   30 16140   21.5 31.0 2.964 3.0   0.0
  22 1991   31 13560   22.1 31.8 3.166 2.4   3.9
  22 1991   32 18850   21.1 32.3 3.102 2.6   0.0
  22 1991   33 17220   20.3 32.0 2.985 3.2   3.0
  22 1991   34 19920   20.1 32.0 2.857 2.5   0.0
  22 1991   35 19610   20.5 32.8 3.020 2.3   0.0
  22 1991   36 14250   22.0 31.1 3.062 2.0   0.0
  22 1991   37 13850   22.4 31.3 3.105 2.4   0.1
  22 1991   38 21500   21.0 34.0 3.081 2.2   0.0
  22 1991   39 14750   22.0 31.5 3.009 1.5   0.0
  22 1991   40 21980   21.0 33.6 2.891 2.5   0.0
  22 1991   41 21480   21.4 34.0 2.986 2.0   0.0
  22 1991   42 20000   21.8 33.8 3.054 1.9   0.0
  22 1991   43 19510   22.0 33.4 3.035 1.5   0.0
  22 1991   44 17800   22.0 32.9 2.959 1.4   0.0
  22 1991   45 20890   21.8 34.4 3.013 1.7   0.0
  22 1991   46 20350   22.2 35.0 3.241 1.8   0.0
  22 1991   47 20870   22.5 34.9 3.225 1.5   0.0
  22 1991   48 17960   23.8 34.2 3.185 1.7   0.0
  22 1991   49 18000   22.8 33.6 3.058 2.2   0.0
  22 1991   50 19630   21.2 35.1 3.009 1.1   0.0
  22 1991   51 19010   20.3 34.0 2.841 1.9   0.0
  22 1991   52 20330   18.9 33.3 2.642 2.9   0.0
  22 1991   53 18180   20.1 34.0 3.023 2.8   4.2
  22 1991   54 16370   21.0 32.6 2.955 2.2   0.0
  22 1991   55 17000   21.4 33.0 2.845 2.7   0.0
  22 1991   56 21550   20.0 34.2 2.845 2.6   0.1
  22 1991   57 11580   21.8 32.2 3.169 2.3  29.0
  22 1991   58 13750   22.3 31.9 3.219 2.0   8.1
  22 1991   59 11500   22.4 30.4 3.146 2.3  22.8
  22 1991   60 16860   23.0 32.3 3.236 1.6   0.0
  22 1991   61 21030   22.2 34.0 3.088 2.2   0.0
  22 1991   62 18510   22.1 33.4 3.066 1.4   0.0
  22 1991   63 21500   21.8 33.1 2.734 1.6   0.0
  22 1991   64 23400   19.1 33.9 2.745 1.3   0.0
  22 1991   65 20700   21.4 34.0 3.013 1.6   0.0
  22 1991   66 18740   23.0 34.8 3.221 1.2   0.0
  22 1991   67 21140   23.6 35.2 3.073 1.3   0.0
  22 1991   68 22670   23.5 35.3 3.045 1.8   0.0
  22 1991   69 20000   21.2 33.5 2.795 1.6   0.0
  22 1991   70 21010   20.0 33.6 2.888 1.8   0.0
  22 1991   71 17900   21.1 33.5 2.856 1.5   0.0
  22 1991   72 17600   24.2 33.6 3.193 1.9   0.0
  22 1991   73 17110   23.5 34.3 3.165 1.4   0.0
  22 1991   74 19700   23.0 34.5 3.085 1.9   0.0
  22 1991   75 19770   22.5 35.3 3.081 1.5   0.0
  22 1991   76 19440   23.4 35.2 3.113 2.5   1.9
  22 1991   77 10600   23.9 31.7 3.213 2.0   4.6
  22 1991   78 19990   23.1 33.6 3.111 1.9   0.0
  22 1991   79 15000   23.9 33.2 3.401 1.9  14.0
  22 1991   80 11400   22.9 32.1 3.425 1.3   8.7
  22 1991   81 16120   23.7 34.4 3.465 1.4   8.4
  22 1991   82 17840   23.6 33.8 3.433 2.3   0.5
  22 1991   83 17060   23.4 34.3 3.285 0.8   0.0
  22 1991   84 19230   24.1 35.0 3.636 1.4   0.9
  22 1991   85 19620   23.2 33.7 3.224 1.8   5.0
  22 1991   86 20760   23.1 34.7 3.461 1.4   2.0
  22 1991   87 21660   21.5 35.0 3.058 2.0   0.0
  22 1991   88 14700   23.0 32.6 3.243 2.2   0.0
  22 1991   89 10500   24.0 30.9 3.094 1.9   0.0
  22 1991   90 17410   22.2 34.1 3.228 2.7  18.9
  22 1991   91 18040   21.9 33.5 3.364 2.9  10.1
  22 1991   92 15900   21.5 33.0 3.205 3.0  18.4
  22 1991   93 11460   22.4 30.9 3.315 2.6   3.8
  22 1991   94  5370   23.7 28.2 3.156 1.1   0.6
  22 1991   95 12470   23.2 32.6 3.493 2.1   1.5
  22 1991   96 19910   22.9 34.2 3.417 2.4   1.0
  22 1991   97 22280   22.5 35.2 3.201 1.3   0.0
  22 1991   98 22110   23.3 35.6 3.165 2.0  12.4
  22 1991   99 21810   23.2 35.1 3.313 1.3   0.0
  22 1991  100 19000   23.2 35.6 3.229 1.3   0.0
  22 1991  101 20090   25.5 35.4 3.348 1.6   0.1
  22 1991  102 20250   25.1 35.3 3.322 1.2   0.4
  22 1991  103 17750   24.5 34.7 3.568 1.9   0.3
  22 1991  104 20770   24.4 35.1 3.382 1.6   0.0
  22 1991  105 21360   22.7 34.9 3.113 1.2   0.0
  22 1991  106 20620   23.5 35.9 3.310 2.5  11.2
  22 1991  107 17710   23.0 33.3 3.205 1.6   0.0
  22 1991  108 21110   24.0 35.4 3.484 2.2   0.7
  22 1991  109 22150   23.0 35.4 3.261 1.8   0.0
  22 1991  110 20420   23.3 35.4 3.165 2.1   0.0
  22 1991  111 20570   25.0 35.4 3.594 2.2  10.3
  22 1991  112 19220   23.3 34.2 3.437 1.7   0.8
  22 1991  113 18320   22.7 34.2 3.270 2.0   0.0
  22 1991  114 11400   23.7 33.0 3.338 1.2   2.4
  22 1991  115 13300   24.3 32.5 3.304 2.5   0.0
  22 1991  116 18350   22.7 34.9 3.489 2.8   3.0
  22 1991  117 20810   23.3 35.6 3.289 3.2  56.9
  22 1991  118 18390   22.2 34.9 3.433 1.0   0.0
  22 1991  119 14900   24.4 33.9 3.433 1.2   0.0
  22 1991  120 17550   24.3 34.9 3.543 1.7   0.0
  22 1991  121 17990   23.0 34.7 3.513 3.7  17.0
  22 1991  122 19120   22.4 34.1 3.217 1.8   0.4
  22 1991  123 16630   24.0 35.2 3.602 1.1   0.1
  22 1991  124 11980   23.5 32.0 3.323 2.5   0.7
  22 1991  125 18530   23.3 33.1 3.190 2.5  17.0
  22 1991  126 16140   22.5 32.5 3.304 1.6   9.5
  22 1991  127 15510   23.5 33.0 3.289 2.5   0.0
  22 1991  128 16250   22.7 34.3 3.497 1.4   2.5
  22 1991  129 17220   23.7 32.3 3.258 1.9   2.2
  22 1991  130 18220   22.9 33.7 3.300 1.1   1.0
  22 1991  131 19580   22.8 34.3 3.469 1.8   0.0
  22 1991  132 22770   22.6 35.0 3.245 1.2   0.0
  22 1991  133 20760   23.1 34.9 3.265 1.0   0.0
  22 1991  134 19010   23.5 34.6 3.349 1.3   1.2
  22 1991  135 12210   24.5 32.7 3.569 2.6   0.8
  22 1991  136 19460   23.2 34.4 3.533 1.8   8.2
  22 1991  137 21600   23.4 35.3 3.425 2.6  13.0
  22 1991  138 18810   24.9 34.5 3.670 1.4   4.2
  22 1991  139 15130   23.7 33.0 3.428 1.9   0.0
  22 1991  140 12860   24.7 32.9 3.605 2.2   0.0
  22 1991  141 14070   22.9 32.4 3.345 1.2   0.0
  22 1991  142 15000   23.0 33.0 3.315 1.1   1.2
  22 1991  143 16430   24.7 34.0 3.481 1.6   4.0
  22 1991  144 18340   23.1 33.7 3.255 1.9  93.5
  22 1991  145 18000   23.9 32.3 3.497 3.3   4.0
  22 1991  146 17000   24.2 34.5 3.601 2.0   9.6
  22 1991  147 16180   23.5 32.3 3.315 2.5   0.8
  22 1991  148 17210   23.8 33.1 3.334 2.2   1.5
  22 1991  149 15540   24.5 33.3 3.589 1.7   0.0
  22 1991  150 17600   24.0 34.0 3.477 1.6   0.0
  22 1991  151 16000   24.0 33.3 3.533 1.5   0.0
  22 1991  152 11560   24.6 33.4 3.678 1.7  28.2
  22 1991  153 14740   23.9 33.3 3.617 1.4   0.0
  22 1991  154  8360   24.1 31.3 3.527 1.6   6.9
  22 1991  155 11870   23.0 31.0 3.241 2.7   5.9
  22 1991  156 15170   23.9 33.1 3.674 2.0  30.1
  22 1991  157 18370   23.6 32.8 3.334 2.2   0.0
  22 1991  158 17890   24.0 33.8 3.425 2.0   0.0
  22 1991  159 12790   24.4 33.4 3.706 2.7  31.3
  22 1991  160 18830   23.4 33.4 3.273 1.5   0.0
  22 1991  161 18000   23.5 34.7 3.365 1.5   0.0
  22 1991  162 18570   24.5 34.5 3.577 1.1   0.0
  22 1991  163 17000   23.5 33.5 3.465 1.7   0.0
  22 1991  164 17670   24.4 34.0 3.449 1.4   0.0
  22 1991  165 20070   23.5 35.2 3.393 0.9   0.0
  22 1991  166 17620   23.5 34.1 3.461 1.5   0.0
  22 1991  167 18460   23.6 34.3 3.381 1.8   0.0
  22 1991  168 18590   22.9 34.5 3.341 0.8   0.0
  22 1991  169 17210   23.0 33.8 3.224 1.1   0.0
  22 1991  170 17350   23.1 33.9 3.409 2.2   0.0
  22 1991  171 17160   23.8 33.9 3.337 2.2   0.0
  22 1991  172 16640   24.6 33.3 3.389 2.6   0.0
  22 1991  173 14010   23.0 33.0 3.251 2.3   0.0
  22 1991  174 14490   23.0 33.7 3.326 1.5   0.0
  22 1991  175 18510   22.5 33.5 3.156 1.5   0.0
  22 1991  176 18000   23.9 33.0 3.168 2.5   0.0
  22 1991  177 19000   23.3 34.6 3.345 1.9   0.0
  22 1991  178 19870   22.5 34.5 3.317 1.8   0.0
  22 1991  179 20740   22.8 35.0 3.233 1.5   0.0
  22 1991  180 15860   23.4 34.3 3.257 1.3   0.0
  22 1991  181 18700   23.4 34.5 3.345 4.0  12.8
  22 1991  182 16710   22.8 32.7 3.308 1.9   6.3
  22 1991  183 16420   21.7 32.5 3.094 2.7  23.6
  22 1991  184 13380   21.7 31.2 3.038 2.0   0.0
  22 1991  185 15220   21.6 31.5 3.112 2.1   0.0
  22 1991  186 17640   22.3 32.7 3.217 2.1   0.0
  22 1991  187 15000   21.6 32.6 3.116 2.0   0.0
  22 1991  188 13700   20.8 33.0 3.187 2.0  22.3
  22 1991  189 13100   22.9 31.4 3.180 1.5   0.0
  22 1991  190 17730   21.9 33.0 3.080 1.5   0.0
  22 1991  191  7950   24.0 30.5 3.251 1.3   0.0
  22 1991  192 14670   22.3 33.0 3.270 2.1   0.0
  22 1991  193 11310   22.4 31.6 3.166 2.1   0.0
  22 1991  194 15680   22.3 32.2 3.066 2.0   0.0
  22 1991  195 13880   23.6 33.0 3.239 2.7   0.0
  22 1991  196 17640   22.5 33.0 3.194 2.6   0.0
  22 1991  197 15340   23.0 34.6 3.433 1.9   1.0
  22 1991  198 18850   22.5 34.5 3.393 1.5   0.0
  22 1991  199 18830   23.0 34.5 3.297 2.5  69.2
  22 1991  200 16430   21.7 32.9 3.141 1.2   0.0
  22 1991  201 11460   23.6 32.5 3.493 2.4   5.2
  22 1991  202 14620   23.0 33.2 3.334 1.7   1.0
  22 1991  203 14020   23.6 32.3 3.323 2.0   0.0
  22 1991  204 14000   23.4 32.0 3.330 2.2   0.0
  22 1991  205 14410   23.2 33.0 3.243 1.3   0.0
  22 1991  206 12100   22.6 32.1 3.155 1.9   0.0
  22 1991  207 15390   23.6 33.1 3.239 1.7   0.0
  22 1991  208 13830   23.4 32.8 3.266 1.6   0.0
  22 1991  209 16840   23.5 33.1 3.213 3.0   0.0
  22 1991  210 15780   22.8 33.5 3.255 1.5   0.0
  22 1991  211 14050   23.6 33.5 3.421 1.8   0.0
  22 1991  212 16660   23.7 33.4 3.417 2.1   0.0
  22 1991  213 17080   21.3 33.3 3.016 1.7   0.0
  22 1991  214 14540   23.1 33.5 3.304 3.3  13.4
  22 1991  215 17090   21.5 32.5 3.087 2.0   0.0
  22 1991  216 15260   22.6 33.0 3.266 2.1   0.0
  22 1991  217 14290   22.2 32.0 3.073 1.3   1.4
  22 1991  218 16110   22.5 32.4 3.059 1.9   0.0
  22 1991  219 15950   23.2 33.4 3.179 1.5   0.0
  22 1991  220 12330   23.7 32.0 3.262 1.8   0.0
  22 1991  221 18310   21.5 32.9 2.991 1.5   0.0
  22 1991  222 18650   22.0 33.9 3.096 2.1   0.0
  22 1991  223 16530   22.0 34.2 3.190 2.8  17.3
  22 1991  224  9620   22.5 30.2 3.062 1.3   0.0
  22 1991  225 16530   23.2 32.5 3.270 2.2   0.0
  22 1991  226 16620   22.7 33.2 3.202 2.0   5.4
  22 1991  227 14380   22.2 32.6 3.127 1.4   0.0
  22 1991  228 13730   23.0 32.4 3.285 1.7   0.0
  22 1991  229 13700   22.9 33.1 3.285 1.2   0.0
  22 1991  230 12000   23.1 33.5 3.209 1.2   0.0
  22 1991  231 12630   22.9 32.4 3.345 1.8   1.9
  22 1991  232 16420   22.7 33.0 3.239 2.5   0.0
  22 1991  233 15920   23.2 33.1 3.115 2.0   0.7
  22 1991  234  7590   22.5 30.4 3.032 0.9   0.0
  22 1991  235  9730   24.4 32.5 3.451 2.4   0.9
  22 1991  236 12270   22.2 32.3 3.159 1.6   0.0
  22 1991  237 15140   22.7 33.0 3.232 1.9   0.0
  22 1991  238 12600   23.4 33.1 3.447 2.6  18.0
  22 1991  239 17490   23.2 34.0 3.441 1.2   0.0
  22 1991  240 13000   22.1 32.2 3.094 1.6   0.0
  22 1991  241 15300   23.2 33.0 3.205 1.4   0.0
  22 1991  242  4400   23.6 28.5 3.139 1.3   0.7
  22 1991  243 17050   22.5 33.0 3.171 1.1   0.0
  22 1991  244 15200   22.6 33.2 3.296 1.7   5.9
  22 1991  245 19470   22.4 33.6 3.194 2.3   0.1
  22 1991  246 14860   23.0 33.0 3.266 1.4   0.0
  22 1991  247 16170   23.3 32.6 3.175 2.2   0.0
  22 1991  248 16980   23.3 34.1 3.293 2.0   0.0
  22 1991  249 16330   23.1 34.5 3.265 2.1   0.0
  22 1991  250 16880   22.0 33.4 3.101 1.9   0.0
  22 1991  251 17890   21.5 33.7 3.013 2.4   0.0
  22 1991  252 11510   23.7 32.4 3.175 1.6   0.1
  22 1991  253 11990   22.7 32.5 3.232 1.6   0.0
  22 1991  254 15460   22.7 34.1 3.005 2.0   0.0
  22 1991  255 14900   23.0 33.9 3.020 1.8   0.0
  22 1991  256 16190   23.4 34.4 3.181 2.2   0.0
  22 1991  257 14000   22.5 33.6 3.096 1.9   1.7
  22 1991  258 13500   22.5 33.8 3.353 2.4   6.4
  22 1991  259 13600   22.1 32.5 3.169 1.4   1.0
  22 1991  260 13030   22.6 32.7 3.247 1.8   0.0
  22 1991  261 16590   22.1 34.2 3.103 1.5   0.0
  22 1991  262 12270   23.0 32.4 3.292 2.3   5.4
  22 1991  263 14260   23.1 33.5 3.239 1.4  35.7
  22 1991  264 16930   21.6 33.8 3.239 2.5   0.9
  22 1991  265 18930   22.3 34.5 3.171 1.7  30.9
  22 1991  266 18390   21.5 33.5 3.198 1.5   0.0
  22 1991  267 16000   22.9 33.2 3.221 2.0   1.0
  22 1991  268 15770   22.6 32.8 3.224 1.3   0.0
  22 1991  269 15420   23.7 33.2 3.115 1.4   0.1
  22 1991  270 11680   23.2 31.7 3.119 1.3   2.0
  22 1991  271 10000   23.1 27.0 2.955 0.4   0.2
  22 1991  272  8300   22.3 30.2 3.015 1.4   0.5
  22 1991  273 10060   23.0 31.2 3.180 1.0   0.0
  22 1991  274 15460   23.7 33.0 3.175 1.6   0.0
  22 1991  275 12550   22.4 32.5 3.048 2.3   0.1
  22 1991  276 15700   21.6 33.3 3.012 1.6   0.0
  22 1991  277 12540   23.9 33.4 3.441 1.1   0.0
  22 1991  278 11780   23.7 33.3 3.509 2.5  15.2
  22 1991  279 15100   22.0 32.7 3.151 1.2   0.2
  22 1991  280 15220   22.4 33.2 3.251 1.2   0.0
  22 1991  281 14630   22.8 33.2 3.187 1.3   0.0
  22 1991  282 13000   23.6 32.6 3.171 1.5   0.6
  22 1991  283 10690   24.1 32.2 3.285 1.0   0.0
  22 1991  284  9930   22.7 32.1 3.144 2.0   0.0
  22 1991  285 11680   23.0 31.3 3.155 1.0   1.8
  22 1991  286 12500   22.6 32.0 3.198 1.7   1.9
  22 1991  287 16260   22.4 31.5 3.059 1.7   2.5
  22 1991  288 17930   22.1 33.4 3.247 2.1   0.0
  22 1991  289 17290   21.4 33.7 3.194 1.4   0.0
  22 1991  290 19200   21.7 34.2 3.153 1.8   0.5
  22 1991  291 14660   21.0 32.5 2.941 1.1   0.0
  22 1991  292 16760   21.5 33.1 2.963 2.2   0.0
  22 1991  293 16000   22.3 31.1 3.276 2.6  48.6
  22 1991  294 16600   21.8 32.6 3.055 3.0  13.4
  22 1991  295 17780   21.7 32.6 3.034 1.7   2.6
  22 1991  296 14560   22.2 32.0 3.048 1.0   0.0
  22 1991  297 11820   22.0 31.2 3.127 1.6   8.8
  22 1991  298 12120   21.8 32.0 3.130 2.2   2.0
  22 1991  299 12400   23.0 31.9 3.162 1.9  16.9
  22 1991  300 12140   21.9 31.3 3.173 1.0   8.6
  22 1991  301 13680   22.2 31.9 3.148 1.4   0.0
  22 1991  302  8140   22.5 30.3 3.085 1.5   0.4
  22 1991  303 10000   22.2 33.0 3.247 1.3   0.0
  22 1991  304 13970   21.2 32.3 3.141 1.2   0.0
  22 1991  305 17660   21.7 33.7 3.247 1.8   7.7
  22 1991  306 16160   22.6 32.5 3.323 1.7   6.4
  22 1991  307 14490   23.1 32.0 3.277 1.5   4.0
  22 1991  308 10420   23.0 29.4 2.985 1.7   0.0
  22 1991  309 11010   22.5 30.6 3.123 1.3   0.0
  22 1991  310 10850   22.0 31.4 3.258 1.5   6.0
  22 1991  311 16540   21.9 33.2 3.262 1.5   0.0
  22 1991  312 10470   22.1 31.0 3.305 2.0  24.4
  22 1991  313 14060   22.5 31.6 3.198 1.9  24.6
  22 1991  314 13550   22.1 31.7 3.176 1.5   0.0
  22 1991  315  9000   22.0 31.2 3.258 1.9  28.7
  22 1991  316  8910   22.0 28.2 2.910 1.7   0.0
  22 1991  317 10720   21.7 29.0 2.866 2.5   0.0
  22 1991  318 10400   22.0 30.0 2.954 2.0   0.0
  22 1991  319 14490   20.7 31.0 2.847 2.5   0.0
  22 1991  320  1680   22.0 26.0 2.840 1.4   4.5
  22 1991  321  8000   22.2 27.0 2.999 2.0   0.0
  22 1991  322 13510   21.5 31.4 2.921 2.2  20.0
  22 1991  323  4420   23.3 28.0 3.139 2.0   0.6
  22 1991  324 13390   23.2 32.2 3.315 2.7   0.3
  22 1991  325 13810   22.5 31.9 3.002 2.4   0.0
  22 1991  326  9460   22.5 31.0 3.226 2.1  13.4
  22 1991  327  1000   22.5 25.0 2.914 0.8  23.3
  22 1991  328  6520   22.7 27.4 2.983 2.0   5.2
  22 1991  329  5850   22.8 29.0 3.193 1.4  14.0
  22 1991  330  5350   23.0 28.4 3.203 2.1  10.4
  22 1991  331 14860   22.2 32.4 3.045 2.1   0.0
  22 1991  332 11590   21.8 31.7 3.087 2.4   0.0
  22 1991  333  7870   23.6 30.3 3.144 1.7   0.0
  22 1991  334  9000   23.2 32.0 3.319 1.4   5.6
  22 1991  335 12910   22.5 32.7 3.338 2.0   0.0
  22 1991  336 16490   21.5 33.2 3.077 3.5   8.0
  22 1991  337  7550   21.7 29.7 2.968 1.4   0.0
  22 1991  338  9700   22.1 30.2 3.032 2.9   3.6
  22 1991  339  4840   22.4 28.5 2.850 2.0   0.0
  22 1991  340   990   22.5 26.6 2.967 1.6  28.4
  22 1991  341  4310   21.3 25.8 2.822 2.1   1.2
  22 1991  342  4690   22.6 27.6 2.936 0.9   0.0
  22 1991  343  6650   22.3 27.6 2.967 1.9  41.5
  22 1991  344  1000   22.2 25.0 2.932 2.0  59.1
  22 1991  345  1570   21.3 25.4 2.711 1.4   5.9
  22 1991  346  1150   22.6 25.7 2.876 1.2   7.9
  22 1991  347 10550   22.6 30.6 3.276 1.8   5.6
  22 1991  348  5930   22.7 28.5 3.227 1.7  58.1
  22 1991  349 15540   22.6 31.6 3.116 2.2   0.0
  22 1991  350 10740   22.2 30.9 3.248 1.8   1.1
  22 1991  351  5270   23.0 27.1 3.009 2.0  32.5
  22 1991  352  9180   22.6 29.2 3.156 2.0  16.3
  22 1991  353  8040   22.4 29.3 3.156 1.7   6.1
  22 1991  354  8000   23.1 28.7 3.072 1.8   0.0
  22 1991  355  8670   21.1 29.1 2.901 2.4   1.1
  22 1991  356  8290   21.8 28.3 2.936 1.8   6.5
  22 1991  357  8000   22.9 27.5 3.059 0.9  15.7
  22 1991  358  9590   22.1 30.7 3.116 1.8   5.6
  22 1991  359  9990   22.0 29.3 3.092 1.7   7.2
  22 1991  360 15470   22.7 32.0 3.119 2.2   0.0
  22 1991  361 15820   22.9 33.2 3.205 1.2   0.0
  22 1991  362 10950   23.5 32.7 3.402 1.5   4.4
  22 1991  363  9160   23.1 31.6 3.255 2.2   1.5
  22 1991  364  2170   22.6 26.9 3.031 0.8   3.7
  22 1991  365  9070   22.5 30.8 3.276 1.2   4.1
