*...............................................*
* Country    : Malaysia
* Station    : Batu Embun
* Year       : 1993
* Author     : A.G.Mohamad Zabawi
* Source     : Malaysia Meteorological Services
* Longitude  : 102 21 E
* Latitude   :   3 58 N
* Elevation  :   59.5 M
*
* Colums:
* station number
* year
* day
* solar radiation (kJ/m2/d)
* min temperature (oC)
* max temperature (oC)
* vapour pressure (kPa)
* wind speed      (m/s)
* rainfall        (mm/d)
*...............................................*
 102.35 3.97 59.5 0.0 0.0
  22 1993    1 16070   21.6 28.0 2.958 1.7   0.9
  22 1993    2 21410   20.5 31.5 2.978 2.8   0.0
  22 1993    3 13520   22.0 28.9 2.834 2.3   0.2
  22 1993    4 14870   21.9 31.4 3.233 2.5   2.0
  22 1993    5 16270   23.0 29.3 3.112 2.1  14.9
  22 1993    6 15690   22.0 30.4 3.008 2.9   0.0
  22 1993    7 21380   22.3 32.5 2.984 2.1   0.0
  22 1993    8 14370   19.0 28.0 2.700 1.8   0.0
  22 1993    9  8700   21.5 27.7 2.999 2.6  11.1
  22 1993   10 12350   22.2 31.6 3.287 3.7  50.0
  22 1993   11 18960   22.3 32.6 3.155 2.4   0.4
  22 1993   12 19980   20.3 32.1 2.921 2.1   4.2
  22 1993   13 23450   21.2 31.7 2.890 2.1   2.2
  22 1993   14 19880   23.1 32.4 3.342 1.6   1.3
  22 1993   15 16070   23.4 33.3 3.217 1.6   3.3
  22 1993   16 19070   22.8 33.1 3.292 4.5   0.2
  22 1993   17 11340   22.5 29.9 3.122 1.7   4.2
  22 1993   18 13220   22.8 30.6 3.323   5  15.0
  22 1993   19  4480   23.0 28.2 3.156 1.8   4.4
  22 1993   20  7240   22.8 27.1 3.015   1   1.6
  22 1993   21 13740   22.3 28.5 2.990 1.8  10.3
  22 1993   22 11210   21.9 27.7 2.914   2   0.1
  22 1993   23 15190   21.6 32.0 3.077 0.7   0.0
  22 1993   24 20260   22.3 32.4 3.116 1.2   0.0
  22 1993   25 19490   22.0 33.5 3.077 1.8   0.0
  22 1993   26 20260   22.4 33.4 3.054 1.6   0.0
  22 1993   27 18010   22.9 32.4 3.107 1.5   0.0
  22 1993   28 13310   23.0 31.3 3.094 2.4   0.0
  22 1993   29 13460   22.5 30.7 3.180 2.5   2.7
  22 1993   30 14310   21.5 30.0 2.924 2.2   0.0
  22 1993   31 13630   21.0 31.0 2.793 2.1   0.0
  22 1993   32 23540   19.0 32.5 2.776 2.4   0.4
  22 1993   33 11360   20.6 29.3 2.822 3.5   4.0
  22 1993   34 18990   22.0 30.5 2.948 1.7   0.0
  22 1993   35 22370   19.5 32.3 2.769 3.2   0.0
  22 1993   36 23480   19.6 32.3 2.736 2.3   0.0
  22 1993   37 24030   20.5 33.0 2.845 2.4   4.9
  22 1993   38 18840   21.5 33.2 2.852 1.7   0.0
  22 1993   39 15860   23.0 32.8 3.035 1.6   0.0
  22 1993   40 19650   22.7 32.5 2.990 1.2   0.0
  22 1993   41 13180   20.7 29.1 2.882 1.6  22.3
  22 1993   42 19000   22.3 32.5 3.062 1.8   0.0
  22 1993   43 19430   21.6 32.2 3.176 4.5   0.9
  22 1993   44 23880   21.4 32.7 2.902   2   2.0
  22 1993   45 19580   20.9 32.6 2.941 1.9   0.0
  22 1993   46 17000   22.0 32.7 2.863 2.2   2.3
  22 1993   47 15380   23.2 32.5 3.205 1.2   0.7
  22 1993   48 19000   23.4 33.9 3.193 2.1   4.7
  22 1993   49 23090   21.9 33.4 3.047 1.9   0.0
  22 1993   50 21680   22.1 33.2 3.062 1.7   0.0
  22 1993   51 17430   21.0 32.6 2.984   1   0.0
  22 1993   52 19160   21.5 33.0 2.927 1.9   0.0
  22 1993   53 17330   20.1 32.0 2.743 1.5   0.0
  22 1993   54 21000   20.7 33.4 2.774 1.7   0.0
  22 1993   55 22110   19.0 33.6 2.534 1.7   0.0
  22 1993   56 18950   22.0 32.7 2.873 1.8   0.0
  22 1993   57 25940   21.6 34.7 3.069 2.1   0.0
  22 1993   58 18140   22.6 33.2 3.300 2.3   6.6
  22 1993   59 17140   22.3 32.3 3.173 2.1  28.2
  22 1993   60 13840   21.5 31.1 3.022 2.3   4.7
  22 1993   61 13980   22.5 29.0 3.149 2.3   4.0
  22 1993   62 26300   20.4 33.1 2.859 1.9   0.0
  22 1993   63 25000   19.2 33.1 2.645 1.6   0.0
  22 1993   64 26200   19.2 33.5 2.726 1.5   0.0
  22 1993   65 22100   21.5 33.4 2.977   2   1.0
  22 1993   66 19940   22.2 32.3 3.041 2.4   0.0
  22 1993   67 15770   21.4 30.3 3.082 1.6   7.4
  22 1993   68 13380   22.5 31.1 3.312 2.9  12.4
  22 1993   69 12970   22.5 30.3 2.988 2.6   1.0
  22 1993   70  8360   23.1 27.6 3.009 2.5  22.5
  22 1993   71  5920   23.0 29.2 3.166 1.5  19.5
  22 1993   72 18540   22.9 32.5 3.258 1.6   1.5
  22 1993   73 18370   22.5 33.2 3.277 3.9  53.7
  22 1993   74 17000   22.6 33.1 3.451   3  40.6
  22 1993   75 19080   22.3 30.5 3.022 1.6   0.0
  22 1993   76 23170   22.9 34.0 3.035 1.7   0.0
  22 1993   77 20510   23.9 32.6 3.111 3.1   0.0
  22 1993   78 27090   21.4 33.8 3.020 2.8   0.0
  22 1993   79 23970   23.5 34.7 3.269 1.7   0.0
  22 1993   80 24510   22.3 34.4 3.005 1.2   0.0
  22 1993   81 19040   21.1 34.0 3.081 2.4   0.0
  22 1993   82 20770   21.4 33.7 3.137 2.1   2.4
  22 1993   83 19370   21.7 33.1 3.027 2.5   6.9
  22 1993   84 24630   22.3 33.3 3.122 1.7   0.0
  22 1993   85 26770   21.4 34.7 2.952 1.4   0.0
  22 1993   86 20430   23.8 34.1 3.205 1.8   0.0
  22 1993   87 22380   23.0 34.2 3.221 1.3   0.0
  22 1993   88 27530   22.0 35.1 3.161 1.5   0.0
  22 1993   89 20930   22.3 34.4 2.952 1.5   2.6
  22 1993   90 19800   23.7 34.0 3.317   2   0.0
  22 1993   91 20900   23.0 35.0 3.157 1.7   0.0
  22 1993   92 22350   23.3 32.6 3.202 2.7  16.2
  22 1993   93 18960   22.5 33.3 3.308 1.7   4.2
  22 1993   94 25560   22.2 35.0 3.229 1.6   0.1
  22 1993   95 23270   23.0 35.0 3.209 0.8  17.1
  22 1993   96 21400   22.0 35.3 3.293 1.4   3.4
  22 1993   97 25180   23.8 35.6 3.492 1.1   0.0
  22 1993   98 22200   22.9 34.9 3.189 1.5   0.0
  22 1993   99 14260   22.9 31.5 3.191 2.5   3.0
  22 1993  100 20420   23.2 32.5 3.410 1.1   5.9
  22 1993  101 20710   22.8 33.4 3.251 1.4  59.8
  22 1993  102 17310   22.8 31.7 3.194 2.2  27.5
  22 1993  103 18210   22.6 33.3 3.258   2   0.1
  22 1993  104 19000   23.5 30.5 3.205   2   2.0
  22 1993  105 22420   23.6 33.5 3.389 0.8  21.0
  22 1993  106 16890   21.7 31.8 3.191   2   4.4
  22 1993  107 24810   23.8 34.2 3.377   2  14.8
  22 1993  108 21740   23.7 33.6 3.477 0.7  49.5
  22 1993  109 16730   22.6 32.7 3.360 1.4   0.1
  22 1993  110 19780   23.7 35.1 3.297 2.5   0.0
  22 1993  111 17650   24.5 34.5 3.543 6.8  18.0
  22 1993  112 13540   23.0 33.5 3.270 0.9   0.0
  22 1993  113 12280   23.0 33.0 3.319   2   0.0
  22 1993  114 21700   23.0 34.6 3.389   2   0.0
  22 1993  115 21190   23.1 34.9 3.413 1.1   0.2
  22 1993  116 23430   24.0 35.1 3.488 1.5   0.0
  22 1993  117 23230   24.0 35.7 3.399 1.7   0.0
  22 1993  118 19180   25.4 35.3 3.420 2.3   0.9
  22 1993  119 23680   23.0 35.0 3.345 1.7   0.0
  22 1993  120 23460   22.9 35.5 3.321 1.6   0.0
  22 1993  121 21670   25.5 34.2 3.551   1   0.0
  22 1993  122 23220   24.2 35.5 3.467 0.9   0.0
  22 1993  123 15480   24.2 35.4 3.505 5.5   0.0
  22 1993  124 20940   24.5 35.5 3.327 1.3   0.0
  22 1993  125 17340   24.7 34.7 3.585 1.9   0.0
  22 1993  126 23850   22.8 35.8 3.213 2.7   0.0
  22 1993  127 22290   24.0 35.0 3.394   1   0.0
  22 1993  128 21090   23.5 36.1 3.543   3  36.5
  22 1993  129 17540   23.2 33.8 3.425 4.9  31.7
  22 1993  130 19570   22.3 33.4 3.228 3.3   0.5
  22 1993  131 11950   22.4 31.2 3.191 2.6   0.0
  22 1993  132 15000   23.5 33.7 3.377   2  39.3
  22 1993  133 23680   22.3 34.6 3.149   2   0.0
  22 1993  134 22310   24.4 35.0 3.411 0.8   0.0
  22 1993  135 20750   23.0 33.7 3.376 4.5  13.5
  22 1993  136 22990   23.5 33.2 3.255   3   6.0
  22 1993  137 20760   23.1 34.1 3.433 2.5   0.4
  22 1993  138 19050   24.0 33.0 3.425 2.6   3.4
  22 1993  139 17920   23.3 33.3 3.202   2   5.1
  22 1993  140 19850   24.0 32.8 3.247 1.6   0.0
  22 1993  141 21100   23.5 34.0 3.377 0.5   0.0
  22 1993  142 24210   23.1 34.6 3.313 0.9   0.0
  22 1993  143 22480   23.1 34.1 3.329 1.4   1.7
  22 1993  144 21240   24.0 34.0 3.401 1.4   0.0
  22 1993  145 21850   25.0 34.1 3.573 0.9  26.5
  22 1993  146 22660   23.9 34.0 3.457 1.9   4.1
  22 1993  147 22000   24.2 34.0 3.373   1   0.0
  22 1993  148 22040   24.2 35.2 3.517 1.6   0.0
  22 1993  149 12350   23.8 32.5 3.315   2   0.0
  22 1993  150 16840   24.5 32.5 3.457 1.2   0.0
  22 1993  151 20680   23.4 33.8 3.333 1.6   0.0
  22 1993  152 17260   23.0 35.0 3.349   1   0.0
  22 1993  153 23460   24.2 34.5 3.313 0.8   0.0
  22 1993  154 18620   23.9 34.1 3.461 3.7  17.3
  22 1993  155 21490   22.6 33.6 3.270 0.8   0.0
  22 1993  156 19350   24.5 35.2 3.517 2.4  31.0
  22 1993  157 20240   22.9 33.5 3.187 1.6   0.0
  22 1993  158 19160   23.9 33.3 3.405 1.3   1.0
  22 1993  159 24700   23.5 33.7 3.385 0.8   0.0
  22 1993  160 15110   23.2 34.2 3.425 2.5   0.0
  22 1993  161 18750   22.4 34.4 3.209 1.5   0.0
  22 1993  162 19000   23.2 33.4 3.224 1.5   0.0
  22 1993  163 21100   22.5 35.0 3.273 1.3   0.0
  22 1993  164 22650   23.4 35.2 3.265 4.5   1.8
  22 1993  165 23600   21.4 34.7 3.209 1.7   0.0
  22 1993  166 18440   23.0 34.0 3.401 1.5   0.0
  22 1993  167 21760   22.5 35.2 3.273 1.4   0.0
  22 1993  168 20520   22.5 34.6 3.361 3.2   1.0
  22 1993  169 19920   22.0 34.1 3.213 3.2   5.5
  22 1993  170 19470   22.1 33.4 3.338 2.1   9.4
  22 1993  171 18610   22.5 33.3 3.255 1.8   0.0
  22 1993  172 21930   22.8 34.1 3.156 1.6   0.0
  22 1993  173 22560   22.7 34.5 3.313 1.2   0.2
  22 1993  174 17990   24.0 33.0 3.489 2.3   4.5
  22 1993  175 19900   22.6 33.3 3.232   2   0.0
  22 1993  176 21850   22.1 34.5 3.100 1.1   0.0
  22 1993  177 20750   22.9 34.3 3.225   2   0.0
  22 1993  178 22450   23.8 34.1 3.249   2   1.0
  22 1993  179 15760   23.1 33.8 3.202 2.3   0.0
  22 1993  180 16100   22.5 33.4 3.213 2.6   0.0
  22 1993  181 15010   22.9 32.6 3.262 2.1   0.0
  22 1993  182 18920   22.8 34.5 3.429 3.3  36.1
  22 1993  183 14340   22.6 29.3 3.028   1   0.0
  22 1993  184 20080   24.1 34.0 3.377 2.5   8.2
  22 1993  185 16720   22.8 32.5 3.285 2.7  22.1
  22 1993  186 13570   22.8 32.5 3.330 2.2   0.3
  22 1993  187 10730   23.0 29.6 3.025 1.6   0.0
  22 1993  188 17830   22.9 32.8 3.213 1.5   0.0
  22 1993  189 18510   22.9 33.0 3.262   1   6.0
  22 1993  190 19000   21.3 31.5 2.894 1.8   0.0
  22 1993  191 20130   23.1 33.0 3.202 1.6   0.0
  22 1993  192 20100   22.6 34.0 3.160 2.1   0.0
  22 1993  193 18750   23.1 33.6 3.126 1.3   0.0
  22 1993  194 18350   24.1 33.2 3.321   2   0.0
  22 1993  195 20230   23.6 34.6 3.253   2  17.7
  22 1993  196 22220   22.7 34.2 3.289 2.7   0.2
  22 1993  197 20150   22.7 34.2 3.122 1.9  31.0
  22 1993  198 20480   23.2 33.5 3.281 0.8   0.0
  22 1993  199 21680   23.6 33.9 3.317 1.4   0.0
  22 1993  200 18420   23.3 33.9 3.437   2   0.0
  22 1993  201 15730   22.7 32.8 3.281   2   1.9
  22 1993  202 17500   24.3 32.0 3.304 5.3  11.1
  22 1993  203 14340   22.6 32.3 3.205 1.6   0.0
  22 1993  204 22050   22.3 33.6 3.224 1.5   0.0
  22 1993  205 16160   23.3 33.3 3.289   4  13.7
  22 1993  206 18160   22.3 32.7 3.353 3.3   0.5
  22 1993  207 19290   22.5 33.3 3.247 0.7   0.0
  22 1993  208 12900   22.9 31.1 3.187 1.1   0.0
  22 1993  209 13270   22.8 31.6 3.134 1.4   0.0
  22 1993  210 21590   22.1 33.4 3.232 2.6   0.0
  22 1993  211 16750   22.5 34.1 3.209 0.9   0.0
  22 1993  212 19840   24.5 34.3 3.429 1.7   0.0
  22 1993  213 15180   23.4 32.0 3.353   1   0.0
  22 1993  214 18590   23.7 33.9 3.297 2.6   0.0
  22 1993  215 20590   21.1 33.7 2.848 1.5   0.0
  22 1993  216 23420   21.4 34.1 3.088 1.9   0.3
  22 1993  217 15310   23.0 33.1 3.247 1.7   0.0
  22 1993  218 18600   20.9 34.2 3.209 3.1   0.0
  22 1993  219 22210   23.0 34.7 3.273   4   2.8
  22 1993  220 21060   23.0 33.7 3.224 1.2   0.0
  22 1993  221 15000   22.4 32.7 3.194 1.7   0.0
  22 1993  222 16000   22.4 33.3 3.156   2   0.0
  22 1993  223 17190   22.3 33.5 3.122 1.4   0.7
  22 1993  224 21230   21.6 34.6 3.043   2   0.0
  22 1993  225 19710   22.2 34.5 3.073   3   0.0
  22 1993  226 19620   23.1 34.6 3.257 1.7   0.0
  22 1993  227 15660   23.2 29.0 3.072 1.7   0.0
  22 1993  228 15930   23.2 33.0 3.353 3.5  17.4
  22 1993  229 23510   21.2 33.9 3.122 2.1   0.0
  22 1993  230 18660   21.6 34.0 3.028 2.2   0.0
  22 1993  231 19450   22.2 34.0 3.028 2.4   0.0
  22 1993  232 15520   23.0 33.6 3.187 3.1   0.2
  22 1993  233 14180   22.9 33.0 3.311   4   1.5
  22 1993  234 13780   22.0 32.7 3.059 2.7   0.0
  22 1993  235 19030   23.0 32.9 3.111 2.8  12.3
  22 1993  236 19030   23.3 33.0 3.198   2  27.8
  22 1993  237 17430   22.2 33.1 3.168 2.2  41.1
  22 1993  238 19810   22.5 31.3 3.112   2   3.0
  22 1993  239 17550   23.2 32.2 3.285 2.5   0.0
  22 1993  240 19790   22.4 33.3 3.236 2.2   0.1
  22 1993  241 19680   21.9 33.5 3.171 1.8   0.0
  22 1993  242 18610   22.2 33.7 3.202 2.7   0.0
  22 1993  243 20700   22.6 33.5 3.194 5.9   0.0
  22 1993  244 19290   21.6 33.0 2.991 1.5   0.0
  22 1993  245 17300   22.6 31.6 3.134 2.4   0.4
  22 1993  246 16580   22.0 32.1 3.087 2.5   0.0
  22 1993  247 21340   20.8 33.5 2.980 3.6   4.8
  22 1993  248 21210   21.0 33.3 3.005 2.5   6.1
  22 1993  249 21280   21.8 32.6 3.148 2.6   0.0
  22 1993  250 19680   21.4 33.0 3.112 5.6  22.7
  22 1993  251 19530   22.6 32.3 3.062   4   0.0
  22 1993  252 20230   22.6 33.5 3.202 3.3   0.2
  22 1993  253 23120   21.6 33.0 2.959 3.1   0.0
  22 1993  254 23000   21.6 34.0 3.066 2.3   0.0
  22 1993  255 15790   22.4 31.3 3.159 3.5  24.0
  22 1993  256 16010   22.2 31.0 3.237 3.2   0.0
  22 1993  257 22090   22.1 31.6 3.248 2.9  13.1
  22 1993  258 17520   21.7 32.5 3.102 2.7  17.6
  22 1993  259 19450   23.0 32.6 3.311 1.9   0.0
  22 1993  260 13890   22.5 32.8 3.300   4   8.9
  22 1993  261 18250   22.0 31.5 3.084 2.7   0.0
  22 1993  262 21440   22.4 33.5 3.187 5.1   0.1
  22 1993  263 22620   22.2 32.5 2.991   3  14.0
  22 1993  264 22580   21.9 31.7 3.184 2.6   0.0
  22 1993  265 22680   23.2 32.5 3.213 2.6   3.9
  22 1993  266 20460   22.6 33.1 3.315   3 131.4
  22 1993  267 20980   22.6 32.5 3.202 3.5   8.5
  22 1993  268 18850   22.5 32.9 3.194 2.5   0.0
  22 1993  269 19260   22.2 33.3 3.342 2.2   5.6
  22 1993  270 16030   23.5 32.6 3.410 4.2  20.0
  22 1993  271 18550   22.9 32.7 3.217 1.7   0.0
  22 1993  272 16130   22.7 31.3 3.077 2.3   0.0
  22 1993  273 19840   22.4 32.5 3.041   2  34.6
  22 1993  274 10510   22.6 31.5 3.127 2.6   0.0
  22 1993  275 17110   22.6 32.0 3.219 3.4   0.0
  22 1993  276 18660   22.3 32.0 3.155 2.9   0.6
  22 1993  277 13310   22.7 31.7 3.201 2.2  17.4
  22 1993  278 18560   22.5 31.8 3.159 1.8   0.0
  22 1993  279 16370   22.9 29.1 3.102 1.5  11.3
  22 1993  280 19420   22.5 32.2 3.148 2.5   0.0
  22 1993  281 20460   23.6 33.0 3.190 2.7   0.0
  22 1993  282 17370   23.2 32.6 3.209 2.7  12.5
  22 1993  283 11700   23.2 31.8 3.281 3.5  52.3
  22 1993  284 15080   21.9 29.5 3.059 1.6   2.4
  22 1993  285 17470   23.2 30.6 3.209 2.3  11.2
  22 1993  286 16440   23.0 31.9 3.169 1.7  66.3
  22 1993  287 17930   22.3 33.0 3.262 2.9  59.8
  22 1993  288 16390   22.5 31.3 3.176 1.5  12.4
  22 1993  289 19840   22.6 31.2 3.233 2.1   4.4
  22 1993  290 18750   22.5 32.3 3.241 3.2  16.0
  22 1993  291 21990   21.7 33.5 3.266 5.5   8.6
  22 1993  292 21110   22.0 32.5 3.084 2.2  20.6
  22 1993  293 21790   22.3 32.5 3.162 3.7   0.0
  22 1993  294 19370   22.9 31.7 3.148 2.3   0.0
  22 1993  295 24150   22.1 33.7 3.194 2.7  56.0
  22 1993  296 19810   23.0 32.9 3.398 2.2  12.3
  22 1993  297 22080   22.5 32.5 3.319 4.8   6.1
  22 1993  298 18460   22.3 32.1 3.119 2.7   0.0
  22 1993  299 20350   22.8 33.7 3.194 2.2   0.1
  22 1993  300 17520   23.6 31.3 3.151 3.5   7.2
  22 1993  301 17500   23.5 32.4 3.315 2.2   0.5
  22 1993  302 20050   23.5 32.1 3.428 2.5   1.8
  22 1993  303 14280   22.7 29.4 3.176 0.9  50.7
  22 1993  304 11190   22.6 28.2 3.018 1.6   6.3
  22 1993  305 20580   22.6 32.5 3.368 2.5   0.6
  22 1993  306  6560   23.2 27.5 3.040 1.1  11.8
  22 1993  307 11390   23.6 29.5 3.351 1.2   3.4
  22 1993  308 10200   23.0 28.5 3.180   2   6.2
  22 1993  309 19350   23.6 32.0 3.338   2  11.6
  22 1993  310 13270   22.6 32.1 3.223 2.4   4.0
  22 1993  311 20710   23.2 33.0 3.353   3   0.1
  22 1993  312 12570   23.3 30.0 3.301   2   2.4
  22 1993  313 18140   23.3 32.6 3.357 2.3   3.6
  22 1993  314 20120   23.0 31.8 3.212 2.5   1.7
  22 1993  315 17020   23.3 32.7 3.315 1.7  14.3
  22 1993  316 14990   23.3 31.7 3.357 4.5  26.6
  22 1993  317 15870   22.0 32.0 3.169 2.2  15.5
  22 1993  318 15710   22.5 32.7 3.364   3  86.3
  22 1993  319 15480   22.3 30.5 3.015 1.8   0.0
  22 1993  320 20750   23.3 33.5 3.149   2   0.0
  22 1993  321 23510   22.1 33.1 3.171 1.8   0.0
  22 1993  322 20840   22.0 33.7 3.115   2   0.0
  22 1993  323 20420   22.0 34.0 3.122 1.5  13.1
  22 1993  324 21840   22.1 34.0 3.228 1.7   0.0
  22 1993  325 14660   24.4 32.3 3.379   2  11.4
  22 1993  326 19510   23.6 32.1 3.402 2.6   0.3
  22 1993  327 18420   23.3 33.0 3.281 2.5   0.5
  22 1993  328 17030   23.1 32.8 3.258   3   0.1
  22 1993  329 16550   23.6 31.5 3.391   3  37.2
  22 1993  330 19740   23.2 33.8 3.413 3.5  11.0
  22 1993  331 20370   22.5 34.0 3.205 2.5  14.0
  22 1993  332 18050   22.5 32.5 3.326 5.2  18.6
  22 1993  333 18160   22.6 33.0 3.368 2.5  32.3
  22 1993  334 10770   22.5 27.8 3.043 1.3   4.0
  22 1993  335 20090   22.4 33.0 3.391 3.4  13.0
  22 1993  336 19140   22.5 32.5 3.493 3.7   5.6
  22 1993  337 20600   23.3 31.6 3.226 2.8   0.2
  22 1993  338 20650   22.7 33.0 3.270 2.6   0.0
  22 1993  339 20530   23.0 33.5 3.315 5.2  82.2
  22 1993  340 16130   22.8 32.7 3.296   2   0.0
  22 1993  341  5180   23.5 27.1 3.031 2.2   7.1
  22 1993  342 21630   22.2 31.4 3.069   2  16.6
  22 1993  343 12110   23.6 31.0 3.201 0.9   7.2
  22 1993  344 19140   23.5 31.9 3.345 2.5  36.5
  22 1993  345  5450   23.5 28.0 3.270 0.7  24.7
  22 1993  346 13790   22.6 32.4 3.319 2.1   6.0
  22 1993  347 17700   23.5 32.6 3.296 2.2   7.6
  22 1993  348 20590   23.7 33.5 3.441 1.9   9.3
  22 1993  349 18370   23.1 33.0 3.262   3  91.2
  22 1993  350 17740   22.3 32.2 3.180 2.1  25.4
  22 1993  351  1290   22.9 26.5 3.113   1  73.8
  22 1993  352  2900   22.9 25.6 2.888 1.7   9.9
  22 1993  353 14710   22.4 30.6 3.191   2   0.0
  22 1993  354 20550   22.4 30.2 2.981   3   0.0
  22 1993  355 15050   22.4 30.2 3.122 2.6  36.0
  22 1993  356 11500   23.0 26.1 3.078 1.9  41.9
  22 1993  357  8600   22.2 26.8 2.977 1.2   0.7
  22 1993  358  6730   22.8 28.0 2.926 1.8   2.6
  22 1993  359  6230   22.5 29.0 3.102 2.5   1.2
  22 1993  360 24300   22.1 30.3 2.907 2.6   0.0
  22 1993  361 14330   22.5 29.3 2.971 2.2   3.3
  22 1993  362 10890   22.5 29.5 2.981   3   0.0
  22 1993  363 10590   23.0 29.0 2.944 2.6   0.0
  22 1993  364 15110   22.9 31.7 3.041 2.7   0.0
  22 1993  365 15000   23.5 31.1 3.034 2.1   0.0
