*...............................................*
* Country    : Malaysia
* Station    : Batu Embun
* Year       : 1995
* Author     : A.G.Mohamad Zabawi
* Source     : Malaysia Meteorological Services
* Longitude  : 102 21 E
* Latitude   :   3 58 N
* Elevation  :   59.5 M
*
* Colums:
* station number
* year
* day
* solar radiation (kJ/m2/d)
* min temperature (oC)
* max temperature (oC)
* vapour pressure (kPa)
* wind speed      (m/s)
* rainfall        (mm/d)
*...............................................*
 102.35 3.97 59.5 0.0 0.0
  22 1995    1 13140   22.7 31.5 3.283 2.8  15.8
  22 1995    2 17250   22.6 31.6 3.191 3.1   5.6
  22 1995    3 22080   22.0 33.3 3.213 3.0   0.3
  22 1995    4 18150   22.1 32.5 3.098 2.4   4.0
  22 1995    5 10900   23.3 29.0 3.116 2.2  28.6
  22 1995    6 14580   23.3 30.5 3.041 3.7   0.0
  22 1995    7 12000   20.8 30.1 2.651 3.1   0.0
  22 1995    8  9440   22.6 29.0 3.015 3.4   0.0
  22 1995    9 11070   22.8 30.0 3.099 1.8  11.6
  22 1995   10  7190   22.8 28.7 3.173 1.8  33.6
  22 1995   11  6450   22.5 27.7 2.942 1.6   0.0
  22 1995   12 22680   22.2 33.7 3.126 2.6   0.0
  22 1995   13 22990   22.0 33.2 3.119 3.9   2.6
  22 1995   14 19320   22.4 31.8 2.948 2.7   0.0
  22 1995   15 19400   19.8 31.5 2.769 2.2   0.0
  22 1995   16 16920   19.9 31.8 2.887 3.2  12.2
  22 1995   17 17100   22.5 30.3 2.995 3.0   6.3
  22 1995   18 11970   22.7 29.6 3.082 2.0  18.4
  22 1995   19  5920   22.3 26.7 3.015 2.3  20.6
  22 1995   20 14770   22.8 31.4 3.205 2.3   4.3
  22 1995   21  9130   23.3 28.6 3.038 1.6   3.0
  22 1995   22 14230   22.1 31.6 3.073 2.2   5.4
  22 1995   23 18630   22.9 32.0 3.077 4.5  29.6
  22 1995   24 21260   21.8 32.5 2.998 2.0   0.0
  22 1995   25 18970   23.4 33.5 3.175 1.9   8.8
  22 1995   26 10610   23.4 29.5 3.109 1.9   3.3
  22 1995   27 12900   22.9 31.0 3.216 1.7  15.0
  22 1995   28 14000   22.2 31.9 3.059 2.8   0.0
  22 1995   29 16930   20.7 32.8 3.155 2.0   6.1
  22 1995   30 16810   21.6 32.1 3.166 2.5   2.6
  22 1995   31 16460   22.1 31.5 3.062 2.8   0.0
  22 1995   32 12380   22.8 29.8 2.931 2.7   0.3
  22 1995   33 15360   22.6 29.6 2.921 3.0   0.5
  22 1995   34  8860   22.2 28.3 2.809 3.2   0.0
  22 1995   35  6440   21.8 26.8 2.780 1.7  16.5
  22 1995   36 13850   20.9 29.3 2.784 2.5   3.9
  22 1995   37 13410   22.0 29.3 2.958 2.0   0.1
  22 1995   38 20080   21.2 31.1 2.753 2.9   0.0
  22 1995   39 24120   20.9 32.9 2.848 2.2   0.0
  22 1995   40 21360   22.6 32.9 2.967 1.8   0.0
  22 1995   41 22200   21.9 33.3 2.986 2.5   0.0
  22 1995   42 12810   20.5 29.3 2.819 1.8   9.6
  22 1995   43 15000   22.8 31.5 3.144 4.4   0.9
  22 1995   44 19350   22.2 31.8 3.048 2.7   0.0
  22 1995   45 20870   22.5 34.0 3.277 2.0   3.6
  22 1995   46 22930   23.1 34.0 3.237 1.9   0.0
  22 1995   47 16960   23.1 32.7 3.137 1.2   0.0
  22 1995   48 22600   22.8 33.5 3.024 2.4   0.0
  22 1995   49 22170   22.2 33.5 3.111 2.1   0.0
  22 1995   50 20000   22.4 33.8 3.050 2.1   0.0
  22 1995   51 21000   21.4 31.5 2.857 2.0   0.0
  22 1995   52 19340   21.6 33.6 3.262 3.0  16.4
  22 1995   53  8540   22.0 28.4 2.914 1.8   0.1
  22 1995   54 13690   22.4 30.9 3.237 2.6   2.5
  22 1995   55 12710   23.1 30.3 3.337 2.7  30.0
  22 1995   56 11000   22.5 30.3 3.052 1.5   3.3
  22 1995   57 13290   22.5 30.5 3.209 1.7   0.6
  22 1995   58 12920   22.9 31.0 3.273 1.7  14.0
  22 1995   59 22440   22.5 33.7 3.194 1.9   0.0
  22 1995   60 16020   22.6 32.2 3.045 1.9   0.5
  22 1995   61 15000   22.6 33.4 3.130 2.1   0.0
  22 1995   62 14420   22.6 31.6 3.077 1.3   0.0
  22 1995   63 22460   23.5 33.8 3.193 2.5   0.0
  22 1995   64 18550   21.9 32.0 2.920 1.5   0.0
  22 1995   65 18780   21.5 32.6 3.005 1.8   0.1
  22 1995   66 18000   22.4 33.5 3.115 2.7   0.6
  22 1995   67 16000   22.8 33.7 3.005 3.0   0.0
  22 1995   68 17680   21.1 33.3 2.881 2.6   0.0
  22 1995   69 24830   20.9 34.3 2.911 1.6   0.0
  22 1995   70 23720   22.3 34.5 2.982 2.3   0.0
  22 1995   71 20420   23.9 34.6 3.153 1.8   0.0
  22 1995   72 21560   23.9 34.6 3.105 2.5   0.0
  22 1995   73 22120   22.5 33.5 3.117 1.8   0.0
  22 1995   74 22060   20.5 34.0 2.763 1.9   0.0
  22 1995   75 24920   22.3 34.8 3.045 1.5   0.0
  22 1995   76 14480   24.5 34.0 3.357 1.3   0.0
  22 1995   77 16000   22.8 31.9 3.209 2.0  15.7
  22 1995   78 21790   22.3 33.2 3.088 2.8   0.0
  22 1995   79 21000   22.0 30.1 2.924 1.4   0.0
  22 1995   80 20110   21.9 34.3 3.039 3.9   0.0
  22 1995   81 23100   22.4 35.2 3.281 5.8   7.8
  22 1995   82 22000   22.6 33.3 3.187 1.6   0.0
  22 1995   83 21650   23.5 34.3 3.217 1.8   0.0
  22 1995   84 20000   24.0 34.5 3.441 3.2  73.6
  22 1995   85 19850   22.5 34.0 3.262 3.0   0.0
  22 1995   86 21140   22.6 34.2 3.088 2.5   0.0
  22 1995   87 24480   23.8 35.3 3.420 1.5  27.2
  22 1995   88 24800   24.2 35.1 3.471 1.5   0.2
  22 1995   89 19200   24.0 34.7 3.345 1.9   0.0
  22 1995   90 23340   23.0 35.0 3.261 1.8   0.0
  22 1995   91 26000   23.5 35.3 3.117 1.5   0.0
  22 1995   92 25000   23.5 35.5 3.276 1.7   0.0
  22 1995   93 24860   24.1 35.7 3.280 1.7   0.0
  22 1995   94 25320   22.1 35.8 3.093 2.5   0.0
  22 1995   95 23000   23.0 33.0 3.050 2.1   0.0
  22 1995   96 19110   23.0 33.7 3.084 1.7   0.0
  22 1995   97 25480   22.1 35.2 3.141 2.5   0.0
  22 1995   98 23880   22.3 35.4 3.021 1.6   0.0
  22 1995   99 24460   22.4 35.8 3.029 1.9   0.0
  22 1995  100 19840   23.2 35.0 3.217 1.9   0.0
  22 1995  101 20990   23.2 34.5 3.273 3.1   0.0
  22 1995  102 21360   24.2 36.1 3.484 3.3   2.2
  22 1995  103 26110   22.0 36.2 3.153 1.9  44.2
  22 1995  104 20850   22.5 34.4 3.156 2.5   1.5
  22 1995  105 22190   23.0 34.0 3.353 1.8   0.0
  22 1995  106 21100   23.7 35.0 3.305 2.5   0.0
  22 1995  107 24240   23.7 35.4 3.522 3.2  13.0
  22 1995  108 24560   23.1 35.5 3.201 1.5   0.0
  22 1995  109 23670   24.7 35.0 3.301 1.6   0.0
  22 1995  110 21470   24.4 35.2 3.386 2.0   0.0
  22 1995  111 22420   24.0 35.5 3.492 2.8   0.0
  22 1995  112 20860   22.4 34.5 3.198 2.0   7.4
  22 1995  113 25440   23.6 35.7 3.424 1.6   4.2
  22 1995  114 22040   24.0 34.6 3.289 0.9   0.2
  22 1995  115 17510   25.0 35.4 3.560 2.5   0.0
  22 1995  116 19250   23.4 34.7 3.473 1.6   0.0
  22 1995  117 17000   23.8 34.7 3.405 3.2   0.0
  22 1995  118 15610   23.7 33.8 3.521 1.1   0.6
  22 1995  119 17300   24.0 33.8 3.489 2.1   0.3
  22 1995  120 18000   23.1 33.5 3.270 2.8   0.0
  22 1995  121 19210   24.1 34.5 3.457 2.4   2.1
  22 1995  122 19000   23.9 34.9 3.529 2.0   5.7
  22 1995  123 20770   24.3 34.2 3.389 1.6   0.0
  22 1995  124 20060   24.6 34.3 3.245 1.7   0.0
  22 1995  125 21070   23.2 35.0 3.233 0.9   0.0
  22 1995  126 22550   21.7 35.3 3.181 2.0   0.0
  22 1995  127 13310   22.3 33.3 3.315 1.2   2.2
  22 1995  128 18210   24.2 34.6 3.533 1.7   0.7
  22 1995  129 18360   23.8 34.4 3.477 4.0   0.0
  22 1995  130 17170   24.3 33.2 3.389 2.6   2.4
  22 1995  131  8840   24.1 30.0 3.258 0.4   1.0
  22 1995  132 11500   24.3 32.1 3.304 0.8   0.0
  22 1995  133 17260   23.5 34.7 3.461 2.4   2.4
  22 1995  134 17330   23.0 34.2 3.353 1.9   0.0
  22 1995  135 19450   23.8 35.3 3.420 1.7   0.0
  22 1995  136 17200   24.9 34.3 3.556 1.0   0.0
  22 1995  137 21550   23.0 35.7 3.249 1.7   0.0
  22 1995  138 19790   23.0 36.3 3.424 2.6   3.0
  22 1995  139 21810   22.6 34.8 3.309 1.6   0.0
  22 1995  140 18960   23.0 35.5 3.373 3.5  21.0
  22 1995  141 22600   21.5 34.7 3.130 1.8   0.0
  22 1995  142 20880   23.3 34.8 3.281 1.6   0.0
  22 1995  143 19300   23.1 34.8 3.261 2.8   1.0
  22 1995  144 20000   22.8 33.3 3.262 2.0   0.0
  22 1995  145 21080   23.1 35.0 3.233 1.5   0.0
  22 1995  146 19750   22.4 34.7 3.281 1.2   0.0
  22 1995  147 13700   25.0 33.8 3.445 2.4   3.9
  22 1995  148 15000   23.1 34.0 3.361 1.7   0.0
  22 1995  149 17680   22.7 33.6 3.149 2.0   0.0
  22 1995  150 17010   23.6 35.4 3.568 1.5  13.1
  22 1995  151 17830   22.5 34.3 3.262 0.8   0.0
  22 1995  152 19560   23.6 34.8 3.385 1.8   3.0
  22 1995  153 18560   25.0 34.3 3.721 1.8  16.5
  22 1995  154 15730   24.0 33.8 3.585 2.0  27.4
  22 1995  155 17080   23.7 33.4 3.521 3.9  12.1
  22 1995  156 19930   23.1 34.5 3.433 1.5   0.0
  22 1995  157 22800   23.8 36.0 3.488 1.5  49.5
  22 1995  158 24320   22.7 34.8 3.381 1.5   0.0
  22 1995  159 17490   24.0 34.3 3.393 1.4   9.6
  22 1995  160 16250   23.0 32.1 3.338 2.9   0.3
  22 1995  161 17840   23.4 33.3 3.323 1.4   0.5
  22 1995  162 16630   24.0 33.2 3.489 0.8   0.0
  22 1995  163 19000   25.3 35.4 3.598 0.8   0.0
  22 1995  164 20940   24.4 34.8 3.500 1.4   0.0
  22 1995  165 21810   24.0 34.7 3.265 1.7   6.3
  22 1995  166 22000   22.9 34.0 3.205 4.8   4.9
  22 1995  167 18970   22.1 34.7 3.126 0.9   0.0
  22 1995  168 21570   22.7 35.0 3.321 7.5  15.0
  22 1995  169 16160   22.9 32.0 3.123 1.5   3.5
  22 1995  170 19250   23.8 33.0 3.209 1.2   0.2
  22 1995  171 20000   24.9 31.0 3.527 3.2   9.0
  22 1995  172 21000   21.8 32.8 3.130 0.9   0.0
  22 1995  173 23240   23.1 34.6 3.277 1.5   0.0
  22 1995  174 19600   23.2 33.2 3.175 1.8   0.0
  22 1995  175 10800   24.0 30.3 3.198 2.2   0.0
  22 1995  176 16420   22.7 33.5 3.372 3.6   9.6
  22 1995  177 19330   22.3 33.5 3.330 2.0   0.0
  22 1995  178 18770   23.2 33.8 3.469 3.4  12.3
  22 1995  179 14700   22.4 31.6 3.212 1.2   0.0
  22 1995  180 20120   23.1 34.1 3.485 1.9   0.0
  22 1995  181 20160   23.5 34.0 3.365 2.0   0.0
  22 1995  182 19000   24.5 32.1 3.296 2.8   0.0
  22 1995  183 16280   22.8 32.5 3.345 2.8   3.0
  22 1995  184 21580   22.9 33.0 3.224 2.5   1.9
  22 1995  185 15650   22.7 31.0 3.237 2.8   0.8
  22 1995  186 16120   23.6 33.2 3.224 1.6   0.0
  22 1995  187 15770   24.0 33.3 3.397 1.1   0.0
  22 1995  188 20460   23.0 34.0 3.285 5.0  15.0
  22 1995  189 17030   21.7 32.0 3.155 1.7   0.0
  22 1995  190 11260   23.0 31.6 3.219 2.0   0.0
  22 1995  191  8580   23.3 30.0 3.262 1.3   0.5
  22 1995  192 14730   24.5 32.5 3.429 3.5   0.1
  22 1995  193 16780   22.0 33.1 3.266 2.8   0.0
  22 1995  194 14050   24.5 32.0 3.243 3.0   0.0
  22 1995  195 20940   23.5 33.7 3.233 3.3   0.0
  22 1995  196 16030   22.2 32.3 3.027 2.1   0.0
  22 1995  197 16500   22.1 33.2 3.277 1.6   0.0
  22 1995  198 15150   24.1 32.6 3.243 2.5   0.0
  22 1995  199  6870   23.8 27.7 3.129 1.2   8.6
  22 1995  200 14600   23.1 31.9 3.323 1.7   0.0
  22 1995  201 19690   21.5 32.5 2.984 2.0   0.0
  22 1995  202 21770   22.3 34.1 3.016 1.8   0.0
  22 1995  203 17770   22.2 33.8 3.069 1.9   0.0
  22 1995  204 18800   22.5 33.5 3.141 3.0  19.5
  22 1995  205 18000   23.3 32.2 3.236 2.0   0.0
  22 1995  206 19720   21.7 33.3 3.153 1.6   0.0
  22 1995  207 20680   21.8 33.5 3.047 3.0   0.0
  22 1995  208 19080   23.0 32.8 3.084 3.5   0.0
  22 1995  209 18000   22.7 34.0 3.024 3.0   0.0
  22 1995  210 16050   23.6 33.3 3.126 4.7   0.0
  22 1995  211 16120   23.1 32.7 3.266 2.7   9.5
  22 1995  212 20020   23.5 33.0 3.202 2.9   0.0
  22 1995  213 13830   22.7 32.0 3.073 5.6   0.0
  22 1995  214 13080   23.1 30.6 3.155 5.3  15.5
  22 1995  215 13770   22.0 31.0 3.151 1.8   1.5
  22 1995  216 16000   22.5 31.6 3.223 2.5   4.7
  22 1995  217 18410   23.9 33.1 3.513 2.2  23.3
  22 1995  218 14350   22.8 32.0 3.166 2.9   0.0
  22 1995  219 20810   23.7 33.2 3.156 2.0   1.0
  22 1995  220  8060   22.6 28.5 3.089 1.0   0.6
  22 1995  221 20470   21.5 32.7 3.137 1.9  13.5
  22 1995  222 19660   23.1 33.3 3.126 3.3   0.0
  22 1995  223 19170   23.7 33.1 3.236 6.9  44.7
  22 1995  224 17650   23.0 31.1 3.155 2.3   0.0
  22 1995  225 15790   22.8 31.8 3.062 2.2   0.0
  22 1995  226 20350   23.3 32.7 3.217 2.6  55.4
  22 1995  227 18310   22.9 32.4 3.315 1.8  10.8
  22 1995  228 15440   22.9 31.0 3.173 1.6  29.9
  22 1995  229 22400   23.1 33.2 3.266 1.7   1.0
  22 1995  230 17390   23.7 32.7 3.300 3.0  85.2
  22 1995  231 14850   23.0 31.4 3.173 3.0   0.6
  22 1995  232 15870   22.7 32.1 3.137 1.7   0.0
  22 1995  233 11880   23.5 30.8 3.226 2.2   0.0
  22 1995  234 16200   22.9 33.5 3.338 3.4   2.1
  22 1995  235 17000   23.5 33.1 3.262 2.5   0.0
  22 1995  236 18000   24.0 33.5 3.273 3.0   0.0
  22 1995  237 18200   23.2 33.4 3.221 3.5   2.8
  22 1995  238 15760   22.5 31.9 3.184 3.3  10.4
  22 1995  239 14490   23.0 31.1 3.087 2.7   0.0
  22 1995  240 20480   22.2 33.2 3.183 3.7   0.0
  22 1995  241 15030   24.1 31.7 3.209 3.0   0.0
  22 1995  242 19430   22.6 33.3 3.190 3.1   0.0
  22 1995  243 13690   22.8 32.0 3.144 1.6   0.6
  22 1995  244 12580   24.5 31.0 3.285 2.6   0.0
  22 1995  245 15480   23.3 32.7 3.281 1.2   0.0
  22 1995  246 15810   24.0 34.0 3.505 6.3  26.2
  22 1995  247 20190   21.9 33.2 3.258 3.0   0.4
  22 1995  248 18370   22.4 32.4 3.127 3.5   0.5
  22 1995  249 16310   23.0 33.5 3.372 5.3  19.4
  22 1995  250 13910   22.4 32.2 3.084 2.0   0.0
  22 1995  251  7170   23.8 29.6 3.315 1.2   1.0
  22 1995  252 20190   23.0 34.0 3.401 5.8   0.0
  22 1995  253 16850   21.5 32.6 3.084 2.3   0.0
  22 1995  254 15940   23.1 32.2 3.296 1.9   0.0
  22 1995  255 19120   22.2 32.7 2.991 3.7   0.0
  22 1995  256 21390   20.8 34.0 2.920 3.5   0.0
  22 1995  257 16920   21.8 33.0 3.030 3.5   0.0
  22 1995  258 13200   23.0 32.4 3.421 4.5   9.5
  22 1995  259 12250   23.5 31.7 3.342 2.5   2.5
  22 1995  260 17160   22.8 32.7 3.285 3.0  14.1
  22 1995  261 13570   23.1 30.2 3.212 2.0   4.3
  22 1995  262 18470   23.2 32.9 3.198 3.1   0.0
  22 1995  263 18990   22.0 33.7 3.073 3.0   0.0
  22 1995  264 20180   23.2 34.0 3.385 1.0   0.0
  22 1995  265 15760   24.5 33.5 3.601 1.8   4.1
  22 1995  266 19940   23.2 33.5 3.194 3.8   0.0
  22 1995  267 20470   22.2 34.5 3.190 2.9  54.1
  22 1995  268 12330   21.7 29.1 2.866 1.0   0.0
  22 1995  269 19090   23.0 32.1 3.239 2.0  29.7
  22 1995  270 19170   22.7 32.6 3.330 1.6   0.0
  22 1995  271 15550   24.2 32.5 3.376 4.6  71.2
  22 1995  272 17230   22.8 32.0 3.184 2.4   1.8
  22 1995  273 20780   22.8 33.3 3.243 2.8   0.0
  22 1995  274 20420   22.1 33.5 3.194 1.5   0.0
  22 1995  275 18290   22.5 33.0 3.209 1.8   0.6
  22 1995  276 12700   24.0 32.5 3.387 3.5  28.8
  22 1995  277 17110   22.1 32.0 3.155 3.2   0.0
  22 1995  278 22740   23.5 33.0 3.130 2.7   0.0
  22 1995  279 22130   22.3 33.6 3.141 2.7   0.0
  22 1995  280 16490   22.7 32.0 3.059 1.0   0.0
  22 1995  281 17530   23.0 33.4 3.273 2.1   0.1
  22 1995  282 15650   23.1 32.0 3.376 2.2   0.0
  22 1995  283 19520   22.8 33.6 3.194 1.6   0.0
  22 1995  284 20360   23.7 34.4 3.325 1.6   0.0
  22 1995  285 22390   22.4 34.8 3.237 3.0   1.0
  22 1995  286 18780   22.2 32.8 3.183 1.6   0.0
  22 1995  287 17840   24.1 34.3 3.329 2.7   0.0
  22 1995  288 16000   22.4 33.3 3.323 2.1   9.0
  22 1995  289 20610   22.7 33.5 3.262 2.5  22.3
  22 1995  290 22310   22.9 33.4 3.205 1.9   0.5
  22 1995  291 21240   23.8 34.1 3.385 3.6   0.2
  22 1995  292 14440   23.8 32.5 3.387 2.1   4.1
  22 1995  293 21410   23.2 33.4 3.168 3.0   4.2
  22 1995  294 16490   23.0 31.8 3.084 1.1   0.0
  22 1995  295 23010   22.5 34.4 3.285 2.6   0.5
  22 1995  296 16500   23.4 31.7 3.368 2.6   2.1
  22 1995  297 17370   22.5 32.1 3.130 2.6   0.0
  22 1995  298 16480   22.7 31.8 3.155 5.0  24.6
  22 1995  299 22230   23.0 33.7 3.304 3.1  23.1
  22 1995  300 17010   22.7 32.7 3.394 3.6   1.4
  22 1995  301 11550   23.4 29.8 3.233 1.5   0.1
  22 1995  302 18830   23.8 33.4 3.505 3.5  22.2
  22 1995  303 12040   22.5 31.1 3.262 1.7   5.6
  22 1995  304 19190   22.8 32.9 3.360 4.5  34.5
  22 1995  305 18000   23.4 33.3 3.372 3.7  10.4
  22 1995  306 15020   23.3 32.0 3.345 2.4  86.3
  22 1995  307 15730   23.1 32.2 3.394 1.7   0.7
  22 1995  308  9450   23.9 28.9 3.102 1.6   1.6
  22 1995  309 11570   23.8 31.0 3.180 1.8   0.0
  22 1995  310 15300   24.0 32.5 3.376 1.9  38.0
  22 1995  311 21120   22.9 33.3 3.202 2.0   0.0
  22 1995  312 17270   23.9 33.2 3.549 2.0   0.8
  22 1995  313 11460   23.2 30.2 3.198 2.8   0.0
  22 1995  314 11130   22.0 30.5 3.028 1.7   0.0
  22 1995  315 12410   23.4 30.5 3.187 2.0   2.7
  22 1995  316 19470   24.0 33.1 3.489 1.8   1.2
  22 1995  317 17230   23.1 32.7 3.266 3.1   5.8
  22 1995  318 18720   22.6 33.2 3.379 2.6   0.0
  22 1995  319 13520   23.4 30.3 3.166 3.0   2.0
  22 1995  320  8960   23.6 29.3 3.122 1.8   4.8
  22 1995  321  4260   23.6 26.9 3.050 1.6   5.9
  22 1995  322 15690   23.5 31.4 3.241 3.2  35.4
  22 1995  323  5820   23.5 27.3 2.993 1.8   0.0
  22 1995  324 20620   23.7 33.0 3.387 2.8   7.7
  22 1995  325 12300   23.2 30.7 3.187 2.4   0.0
  22 1995  326 15140   23.3 32.2 3.308 2.5  10.3
  22 1995  327 20700   22.5 32.8 3.323 3.2  54.2
  22 1995  328  7230   21.3 27.5 2.795 1.7   3.2
  22 1995  329 14750   22.0 30.2 2.988 2.4   0.4
  22 1995  330 14890   22.9 31.5 3.184 2.5  25.0
  22 1995  331 14930   22.2 31.5 3.173 2.0   0.0
  22 1995  332 21270   22.7 33.4 3.232 3.0  28.7
  22 1995  333 16760   22.7 32.4 3.292 3.0   0.0
  22 1995  334 20100   22.2 31.8 3.091 2.8   0.0
  22 1995  335 22470   23.3 33.8 3.405 2.4  11.3
  22 1995  336 13570   22.4 32.1 3.283 5.5  17.7
  22 1995  337 12000   22.5 28.9 3.095 3.8  13.2
  22 1995  338  5070   22.7 26.5 2.996 2.0  11.9
  22 1995  339  7330   22.3 26.7 2.993 1.5   7.1
  22 1995  340 12120   22.4 28.7 3.008 2.1   7.9
  22 1995  341 15660   21.9 29.6 2.951 2.6  49.5
  22 1995  342 18670   20.4 29.3 2.752 3.0   0.0
  22 1995  343 18890   21.7 31.0 2.860 2.8  43.8
  22 1995  344 19700   22.5 30.7 3.066 2.5   0.0
  22 1995  345 21270   22.7 32.1 2.945 2.5   0.0
  22 1995  346 22640   21.2 32.6 2.980 2.6   0.0
  22 1995  347 23030   20.7 32.6 2.884 2.6   0.0
  22 1995  348 18810   22.0 32.2 3.023 2.4   0.0
  22 1995  349 19860   22.8 33.4 3.194 2.5   0.0
  22 1995  350 14630   22.5 32.2 3.027 1.5   0.0
  22 1995  351 20960   22.4 33.5 3.134 2.1   0.0
  22 1995  352 17990   23.0 33.3 3.168 2.0   0.0
  22 1995  353 16510   22.2 31.6 3.148 2.3   0.0
  22 1995  354 14050   22.2 31.7 3.119 3.3   3.3
  22 1995  355 13420   23.1 31.9 3.497 4.8  52.8
  22 1995  356  9360   22.9 28.1 3.200 2.0  19.1
  22 1995  357  7290   22.6 26.3 2.801 2.6  13.1
  22 1995  358 10010   22.1 28.7 2.917 2.5   9.1
  22 1995  359 12000   22.6 29.4 3.149 4.7   1.1
  22 1995  360 13860   22.8 31.0 3.219 3.0   0.1
  22 1995  361  8670   22.4 27.8 2.964 2.2  16.3
  22 1995  362  3710   22.8 26.2 3.069 1.7  27.3
  22 1995  363 15830   22.5 30.4 3.048 3.1   1.5
  22 1995  364 19100   22.2 30.8 3.080 2.5  15.8
  22 1995  365 10210   22.2 29.8 2.974 2.0   0.0
