*---------------------------------------------------------*
*   Country: Cote d'Ivoire
*   Station: Yamoussoukro
*      Year: 1995
* Longitude: 005 21 W
*  Latitude: 06 54 N
* Elevation: 213 m.
*  WMO-code: 65.-
*  Comments: Automatically generated file from *.WOF file
*            with REGENSIM.FOR ver. aug 96
*
*  Columns:
*  ========
*  station number
*  year
*  day
*  irradiation (kJ m-2 d-1)
*  minimum temperature (degrees Celsius)
*  maximum temperature (degrees Celsius)
*  vapour pressure (kPa)
*  mean wind speed (m s-1)
*  precipitation (mm month-1)
*---------------------------------------------------------*
  -5.35    6.90  213.00     .00     .00
  15 1995    1 18065.  14.3 33.3 2.197 1.    0.
  15 1995    2 18105.  14.1 33.4 2.171 1.    0.
  15 1995    3 18146.  13.8 33.5 2.145 1.    0.
  15 1995    4 18186.  13.5 33.6 2.119 1.    0.
  15 1995    5 18226.  13.2 33.7 2.092 1.    0.
  15 1995    6 18267.  13.0 33.8 2.066 1.    0.
  15 1995    7 18307.  12.7 33.9 2.040 1.    0.
  15 1995    8 18347.  12.4 34.0 2.014 1.    0.
  15 1995    9 18388.  12.2 34.1 1.988 1.    0.
  15 1995   10 18428.  11.9 34.3 1.962 1.    0.
  15 1995   11 18469.  11.6 34.4 1.936 1.    0.
  15 1995   12 18509.  11.4 34.5 1.909 1.    0.
  15 1995   13 18549.  11.1 34.6 1.883 1.    0.
  15 1995   14 18590.  10.8 34.7 1.857 1.    0.
  15 1995   15 18630.  10.6 34.8 1.831 1.    0.
  15 1995   16 18627.  10.7 34.8 1.843 1.    0.
  15 1995   17 18625.  10.9 34.9 1.855 1.    0.
  15 1995   18 18622.  11.0 35.0 1.867 1.    0.
  15 1995   19 18619.  11.1 35.1 1.879 1.    0.
  15 1995   20 18617.  11.3 35.1 1.891 1.    0.
  15 1995   21 18614.  11.4 35.2 1.903 1.    0.
  15 1995   22 18611.  11.6 35.3 1.915 1.    0.
  15 1995   23 18609.  11.7 35.3 1.927 1.    0.
  15 1995   24 18606.  11.9 35.4 1.939 1.    0.
  15 1995   25 18603.  12.0 35.5 1.951 1.    0.
  15 1995   26 18601.  12.1 35.6 1.963 1.    0.
  15 1995   27 18598.  12.3 35.6 1.975 1.    0.
  15 1995   28 18595.  12.4 35.7 1.987 1.    0.
  15 1995   29 18593.  12.6 35.8 1.999 1.    0.
  15 1995   30 18590.  12.7 35.9 2.012 1.    0.
  15 1995   31 18587.  12.9 35.9 2.024 1.    0.
  15 1995   32 18585.  13.0 36.0 2.036 1.    0.
  15 1995   33 18582.  13.1 36.1 2.048 1.    0.
  15 1995   34 18579.  13.3 36.1 2.060 1.    0.
  15 1995   35 18577.  13.4 36.2 2.072 1.    0.
  15 1995   36 18574.  13.6 36.3 2.084 1.    0.
  15 1995   37 18571.  13.7 36.4 2.096 1.    0.
  15 1995   38 18569.  13.9 36.4 2.108 1.    0.
  15 1995   39 18566.  14.0 36.5 2.120 1.    0.
  15 1995   40 18563.  14.2 36.6 2.132 1.    0.
  15 1995   41 18561.  14.3 36.6 2.144 1.    0.
  15 1995   42 18558.  14.4 36.7 2.156 1.    0.
  15 1995   43 18555.  14.6 36.8 2.168 1.    0.
  15 1995   44 18553.  14.7 36.9 2.180 1.    0.
  15 1995   45 18550.  14.9 36.9 2.192 1.    0.
  15 1995   46 18598.  14.9 36.8 2.211 1.    0.
  15 1995   47 18647.  15.0 36.7 2.230 1.    0.
  15 1995   48 18695.  15.1 36.6 2.249 1.    0.
  15 1995   49 18743.  15.1 36.5 2.269 1.    0.
  15 1995   50 18791.  15.2 36.4 2.288 1.    0.
  15 1995   51 18840.  15.3 36.4 2.307 1.    0.
  15 1995   52 18888.  15.3 36.3 2.326 1.    0.
  15 1995   53 18936.  15.4 36.2 2.345 2.    0.
  15 1995   54 18984.  15.4 36.1 2.364 2.    1.
  15 1995   55 19033.  15.5 36.0 2.383 2.    0.
  15 1995   56 19081.  15.6 35.9 2.403 2.   37.
  15 1995   57 19129.  15.6 35.8 2.422 2.    0.
  15 1995   58 19178.  15.7 35.7 2.441 2.    0.
  15 1995   59 19226.  15.8 35.6 2.460 2.    0.
  15 1995   60 19274.  15.8 35.5 2.479 2.    0.
  15 1995   61 19322.  15.9 35.4 2.498 2.    0.
  15 1995   62 19371.  16.0 35.3 2.517 2.    0.
  15 1995   63 19419.  16.0 35.2 2.536 2.    0.
  15 1995   64 19467.  16.1 35.1 2.556 2.   15.
  15 1995   65 19516.  16.2 35.0 2.575 2.    0.
  15 1995   66 19564.  16.2 34.9 2.594 2.    1.
  15 1995   67 19612.  16.3 34.8 2.613 2.    0.
  15 1995   68 19660.  16.3 34.7 2.632 2.   12.
  15 1995   69 19709.  16.4 34.6 2.651 2.   10.
  15 1995   70 19757.  16.5 34.5 2.670 2.    0.
  15 1995   71 19805.  16.5 34.4 2.690 2.    0.
  15 1995   72 19853.  16.6 34.3 2.709 2.    8.
  15 1995   73 19902.  16.7 34.2 2.728 2.    0.
  15 1995   74 19950.  16.7 34.1 2.747 2.    0.
  15 1995   75 19905.  16.8 34.1 2.751 2.    0.
  15 1995   76 19861.  16.8 34.1 2.756 2.    1.
  15 1995   77 19816.  16.9 34.1 2.760 2.    0.
  15 1995   78 19772.  17.0 34.0 2.764 2.    0.
  15 1995   79 19727.  17.0 34.0 2.768 2.    0.
  15 1995   80 19683.  17.1 34.0 2.773 2.   61.
  15 1995   81 19638.  17.1 34.0 2.777 2.    0.
  15 1995   82 19594.  17.2 33.9 2.781 2.    0.
  15 1995   83 19549.  17.2 33.9 2.785 2.   21.
  15 1995   84 19505.  17.3 33.9 2.790 2.    7.
  15 1995   85 19460.  17.4 33.9 2.794 2.    0.
  15 1995   86 19416.  17.4 33.8 2.798 2.    0.
  15 1995   87 19371.  17.5 33.8 2.802 2.    0.
  15 1995   88 19327.  17.5 33.8 2.807 2.    0.
  15 1995   89 19282.  17.6 33.8 2.811 2.    0.
  15 1995   90 19238.  17.6 33.8 2.815 2.    0.
  15 1995   91 19193.  17.7 33.7 2.819 2.    4.
  15 1995   92 19149.  17.8 33.7 2.824 2.   42.
  15 1995   93 19104.  17.8 33.7 2.828 2.    0.
  15 1995   94 19060.  17.9 33.7 2.832 2.    0.
  15 1995   95 19015.  17.9 33.6 2.836 2.    0.
  15 1995   96 18971.  18.0 33.6 2.841 2.    0.
  15 1995   97 18926.  18.0 33.6 2.845 2.    0.
  15 1995   98 18882.  18.1 33.6 2.849 2.    0.
  15 1995   99 18837.  18.2 33.5 2.853 2.    0.
  15 1995  100 18793.  18.2 33.5 2.858 2.    0.
  15 1995  101 18748.  18.3 33.5 2.862 2.    0.
  15 1995  102 18704.  18.3 33.5 2.866 2.    2.
  15 1995  103 18659.  18.4 33.4 2.870 2.    0.
  15 1995  104 18615.  18.4 33.4 2.875 2.    0.
  15 1995  105 18570.  18.5 33.4 2.879 2.   24.
  15 1995  106 18626.  18.4 33.4 2.865 2.   13.
  15 1995  107 18683.  18.3 33.4 2.852 2.    0.
  15 1995  108 18739.  18.2 33.3 2.838 2.    0.
  15 1995  109 18795.  18.1 33.3 2.824 2.    0.
  15 1995  110 18852.  18.0 33.3 2.811 2.    2.
  15 1995  111 18908.  17.9 33.3 2.797 2.    0.
  15 1995  112 18964.  17.8 33.3 2.783 2.    0.
  15 1995  113 19021.  17.6 33.3 2.769 2.   25.
  15 1995  114 19077.  17.5 33.2 2.756 2.    0.
  15 1995  115 19133.  17.4 33.2 2.742 2.    3.
  15 1995  116 19190.  17.3 33.2 2.728 2.    0.
  15 1995  117 19246.  17.2 33.2 2.715 2.    0.
  15 1995  118 19302.  17.1 33.2 2.701 2.    0.
  15 1995  119 19359.  17.0 33.2 2.687 2.    0.
  15 1995  120 19415.  16.9 33.1 2.674 2.    0.
  15 1995  121 19471.  16.8 33.1 2.660 2.    8.
  15 1995  122 19528.  16.7 33.1 2.646 2.    0.
  15 1995  123 19584.  16.6 33.1 2.632 2.    0.
  15 1995  124 19640.  16.5 33.1 2.619 2.    0.
  15 1995  125 19697.  16.4 33.0 2.605 2.    0.
  15 1995  126 19753.  16.3 33.0 2.591 2.   17.
  15 1995  127 19809.  16.2 33.0 2.578 2.    0.
  15 1995  128 19866.  16.0 33.0 2.564 2.  105.
  15 1995  129 19922.  15.9 33.0 2.550 2.   22.
  15 1995  130 19978.  15.8 33.0 2.536 2.    0.
  15 1995  131 20035.  15.7 32.9 2.523 2.   20.
  15 1995  132 20091.  15.6 32.9 2.509 2.    0.
  15 1995  133 20147.  15.5 32.9 2.495 2.    3.
  15 1995  134 20204.  15.4 32.9 2.482 2.    0.
  15 1995  135 20260.  15.3 32.9 2.468 2.    0.
  15 1995  136 20156.  15.5 32.8 2.479 2.    0.
  15 1995  137 20052.  15.7 32.8 2.490 2.   33.
  15 1995  138 19947.  16.0 32.7 2.501 2.    0.
  15 1995  139 19843.  16.2 32.7 2.512 2.    0.
  15 1995  140 19739.  16.4 32.6 2.523 2.    0.
  15 1995  141 19635.  16.6 32.6 2.534 2.   24.
  15 1995  142 19531.  16.9 32.5 2.545 2.    5.
  15 1995  143 19426.  17.1 32.5 2.556 2.    0.
  15 1995  144 19322.  17.3 32.4 2.567 2.    0.
  15 1995  145 19218.  17.5 32.4 2.578 2.   28.
  15 1995  146 19114.  17.8 32.3 2.589 2.    0.
  15 1995  147 19010.  18.0 32.3 2.600 2.    0.
  15 1995  148 18905.  18.2 32.2 2.611 2.    7.
  15 1995  149 18801.  18.4 32.2 2.622 2.    4.
  15 1995  150 18697.  18.7 32.1 2.633 2.    0.
  15 1995  151 18593.  18.9 32.1 2.645 2.    0.
  15 1995  152 18489.  19.1 32.0 2.656 2.    0.
  15 1995  153 18385.  19.3 32.0 2.667 2.   15.
  15 1995  154 18280.  19.6 31.9 2.678 2.    0.
  15 1995  155 18176.  19.8 31.9 2.689 2.   40.
  15 1995  156 18072.  20.0 31.8 2.700 2.    0.
  15 1995  157 17968.  20.2 31.8 2.711 2.    0.
  15 1995  158 17864.  20.5 31.7 2.722 2.    0.
  15 1995  159 17759.  20.7 31.7 2.733 2.    6.
  15 1995  160 17655.  20.9 31.6 2.744 2.    0.
  15 1995  161 17551.  21.1 31.6 2.755 2.    0.
  15 1995  162 17447.  21.4 31.5 2.766 2.   35.
  15 1995  163 17343.  21.6 31.5 2.777 2.    5.
  15 1995  164 17238.  21.8 31.4 2.788 2.    0.
  15 1995  165 17134.  22.0 31.4 2.799 2.    5.
  15 1995  166 17030.  22.3 31.3 2.810 2.    0.
  15 1995  167 17008.  22.3 31.3 2.810 2.    0.
  15 1995  168 16985.  22.3 31.3 2.810 2.    2.
  15 1995  169 16963.  22.3 31.3 2.810 2.   47.
  15 1995  170 16941.  22.2 31.3 2.809 2.    0.
  15 1995  171 16918.  22.2 31.3 2.809 2.    0.
  15 1995  172 16896.  22.2 31.3 2.809 2.    0.
  15 1995  173 16874.  22.2 31.2 2.809 2.    0.
  15 1995  174 16851.  22.2 31.2 2.809 2.   21.
  15 1995  175 16829.  22.2 31.2 2.809 2.    0.
  15 1995  176 16807.  22.2 31.2 2.809 2.    0.
  15 1995  177 16784.  22.2 31.2 2.809 2.    0.
  15 1995  178 16762.  22.2 31.2 2.808 2.    0.
  15 1995  179 16740.  22.2 31.2 2.808 2.    0.
  15 1995  180 16717.  22.2 31.2 2.808 2.    3.
  15 1995  181 16695.  22.2 31.2 2.808 2.    0.
  15 1995  182 16673.  22.2 31.2 2.808 2.    0.
  15 1995  183 16650.  22.2 31.2 2.808 2.    0.
  15 1995  184 16628.  22.1 31.2 2.808 2.    0.
  15 1995  185 16606.  22.1 31.2 2.807 2.    0.
  15 1995  186 16583.  22.1 31.1 2.807 2.    1.
  15 1995  187 16561.  22.1 31.1 2.807 2.    0.
  15 1995  188 16539.  22.1 31.1 2.807 2.    3.
  15 1995  189 16516.  22.1 31.1 2.807 2.   14.
  15 1995  190 16494.  22.1 31.1 2.807 2.    0.
  15 1995  191 16472.  22.1 31.1 2.807 2.    0.
  15 1995  192 16449.  22.1 31.1 2.807 2.    0.
  15 1995  193 16427.  22.1 31.1 2.806 2.    0.
  15 1995  194 16405.  22.1 31.1 2.806 2.    0.
  15 1995  195 16382.  22.1 31.1 2.806 2.   18.
  15 1995  196 16360.  22.1 31.1 2.806 2.    0.
  15 1995  197 16353.  22.1 31.0 2.804 2.    0.
  15 1995  198 16345.  22.1 31.0 2.802 2.    0.
  15 1995  199 16338.  22.1 31.0 2.800 2.   39.
  15 1995  200 16330.  22.1 30.9 2.798 2.    0.
  15 1995  201 16323.  22.1 30.9 2.796 2.    4.
  15 1995  202 16315.  22.1 30.9 2.794 2.    1.
  15 1995  203 16308.  22.1 30.8 2.792 2.    0.
  15 1995  204 16301.  22.1 30.8 2.790 2.    0.
  15 1995  205 16293.  22.1 30.8 2.788 2.    0.
  15 1995  206 16286.  22.1 30.7 2.786 2.    2.
  15 1995  207 16278.  22.1 30.7 2.784 2.    0.
  15 1995  208 16271.  22.1 30.7 2.782 2.    0.
  15 1995  209 16264.  22.1 30.6 2.780 2.    0.
  15 1995  210 16256.  22.1 30.6 2.778 2.    0.
  15 1995  211 16249.  22.1 30.6 2.776 2.    0.
  15 1995  212 16241.  22.1 30.5 2.773 2.    0.
  15 1995  213 16234.  22.1 30.5 2.771 2.    0.
  15 1995  214 16226.  22.1 30.5 2.769 2.    0.
  15 1995  215 16219.  22.1 30.4 2.767 2.   16.
  15 1995  216 16212.  22.2 30.4 2.765 2.    2.
  15 1995  217 16204.  22.2 30.4 2.763 2.   12.
  15 1995  218 16197.  22.2 30.3 2.761 2.   11.
  15 1995  219 16189.  22.2 30.3 2.759 2.    5.
  15 1995  220 16182.  22.2 30.3 2.757 2.    2.
  15 1995  221 16175.  22.2 30.2 2.755 2.    0.
  15 1995  222 16167.  22.2 30.2 2.753 2.   20.
  15 1995  223 16160.  22.2 30.2 2.751 2.    6.
  15 1995  224 16152.  22.2 30.1 2.749 2.    0.
  15 1995  225 16145.  22.2 30.1 2.747 2.    0.
  15 1995  226 16137.  22.2 30.1 2.745 2.    0.
  15 1995  227 16130.  22.2 30.0 2.743 2.    0.
  15 1995  228 16140.  22.2 30.1 2.745 2.    0.
  15 1995  229 16151.  22.1 30.1 2.746 2.    0.
  15 1995  230 16161.  22.1 30.1 2.748 2.    0.
  15 1995  231 16171.  22.1 30.1 2.749 2.    0.
  15 1995  232 16182.  22.0 30.2 2.751 2.    0.
  15 1995  233 16192.  22.0 30.2 2.753 2.    0.
  15 1995  234 16202.  22.0 30.2 2.754 2.    5.
  15 1995  235 16213.  21.9 30.3 2.756 2.    4.
  15 1995  236 16223.  21.9 30.3 2.758 2.    0.
  15 1995  237 16233.  21.9 30.3 2.759 2.    0.
  15 1995  238 16244.  21.8 30.3 2.761 2.    0.
  15 1995  239 16254.  21.8 30.4 2.762 2.    0.
  15 1995  240 16264.  21.8 30.4 2.764 2.    0.
  15 1995  241 16275.  21.7 30.4 2.766 2.    0.
  15 1995  242 16285.  21.7 30.5 2.767 2.    0.
  15 1995  243 16295.  21.7 30.5 2.769 2.    9.
  15 1995  244 16305.  21.7 30.5 2.770 2.    0.
  15 1995  245 16316.  21.6 30.6 2.772 2.   10.
  15 1995  246 16326.  21.6 30.6 2.774 2.   20.
  15 1995  247 16336.  21.6 30.6 2.775 2.    0.
  15 1995  248 16347.  21.5 30.6 2.777 2.    6.
  15 1995  249 16357.  21.5 30.7 2.778 2.    7.
  15 1995  250 16367.  21.5 30.7 2.780 2.    0.
  15 1995  251 16378.  21.4 30.7 2.782 2.   15.
  15 1995  252 16388.  21.4 30.8 2.783 2.    0.
  15 1995  253 16398.  21.4 30.8 2.785 2.   19.
  15 1995  254 16409.  21.3 30.8 2.787 2.   14.
  15 1995  255 16419.  21.3 30.8 2.788 2.   13.
  15 1995  256 16429.  21.3 30.9 2.790 2.    2.
  15 1995  257 16440.  21.2 30.9 2.791 2.    0.
  15 1995  258 16450.  21.2 30.9 2.793 2.    0.
  15 1995  259 16413.  21.2 30.9 2.793 2.    1.
  15 1995  260 16377.  21.2 30.9 2.793 2.    0.
  15 1995  261 16340.  21.2 30.9 2.793 2.   12.
  15 1995  262 16303.  21.2 30.9 2.793 2.    1.
  15 1995  263 16267.  21.2 31.0 2.793 2.    0.
  15 1995  264 16230.  21.1 31.0 2.792 2.    0.
  15 1995  265 16193.  21.1 31.0 2.792 2.    0.
  15 1995  266 16157.  21.1 31.0 2.792 1.    1.
  15 1995  267 16120.  21.1 31.0 2.792 1.    0.
  15 1995  268 16083.  21.1 31.0 2.792 1.    0.
  15 1995  269 16047.  21.1 31.0 2.792 1.    0.
  15 1995  270 16010.  21.1 31.0 2.792 1.    2.
  15 1995  271 15973.  21.1 31.0 2.792 1.    1.
  15 1995  272 15937.  21.1 31.0 2.792 1.    0.
  15 1995  273 15900.  21.1 31.0 2.792 1.   14.
  15 1995  274 15863.  21.1 31.0 2.791 1.    2.
  15 1995  275 15827.  21.0 31.0 2.791 1.    0.
  15 1995  276 15790.  21.0 31.0 2.791 1.    0.
  15 1995  277 15753.  21.0 31.0 2.791 1.    0.
  15 1995  278 15717.  21.0 31.0 2.791 1.    0.
  15 1995  279 15680.  21.0 31.0 2.791 1.    0.
  15 1995  280 15643.  21.0 31.0 2.791 1.   11.
  15 1995  281 15607.  21.0 31.0 2.791 1.    8.
  15 1995  282 15570.  21.0 31.0 2.791 1.    0.
  15 1995  283 15533.  21.0 31.0 2.791 1.    0.
  15 1995  284 15497.  21.0 31.1 2.790 1.    8.
  15 1995  285 15460.  21.0 31.1 2.790 1.    7.
  15 1995  286 15423.  20.9 31.1 2.790 1.    0.
  15 1995  287 15387.  20.9 31.1 2.790 1.    0.
  15 1995  288 15350.  20.9 31.1 2.790 1.    3.
  15 1995  289 15375.  20.9 31.1 2.785 1.    0.
  15 1995  290 15401.  20.8 31.1 2.781 1.    0.
  15 1995  291 15426.  20.8 31.1 2.776 1.    0.
  15 1995  292 15452.  20.7 31.2 2.771 1.    0.
  15 1995  293 15477.  20.7 31.2 2.767 1.    0.
  15 1995  294 15503.  20.6 31.2 2.762 1.    0.
  15 1995  295 15528.  20.5 31.2 2.757 1.    1.
  15 1995  296 15554.  20.5 31.3 2.753 1.    5.
  15 1995  297 15579.  20.4 31.3 2.748 1.    8.
  15 1995  298 15605.  20.4 31.3 2.743 1.    0.
  15 1995  299 15630.  20.3 31.3 2.739 1.    0.
  15 1995  300 15656.  20.3 31.4 2.734 1.    4.
  15 1995  301 15681.  20.2 31.4 2.729 1.    0.
  15 1995  302 15707.  20.1 31.4 2.725 1.   26.
  15 1995  303 15732.  20.1 31.4 2.720 1.    7.
  15 1995  304 15758.  20.0 31.5 2.715 1.    9.
  15 1995  305 15783.  20.0 31.5 2.710 1.    0.
  15 1995  306 15809.  19.9 31.5 2.706 1.    0.
  15 1995  307 15834.  19.9 31.5 2.701 1.    0.
  15 1995  308 15860.  19.8 31.6 2.696 1.   38.
  15 1995  309 15885.  19.8 31.6 2.692 1.    0.
  15 1995  310 15911.  19.7 31.6 2.687 1.    0.
  15 1995  311 15936.  19.6 31.6 2.682 1.    0.
  15 1995  312 15962.  19.6 31.7 2.678 1.    0.
  15 1995  313 15987.  19.5 31.7 2.673 1.   21.
  15 1995  314 16013.  19.5 31.7 2.668 1.    0.
  15 1995  315 16038.  19.4 31.7 2.664 1.    0.
  15 1995  316 16064.  19.4 31.8 2.659 1.    0.
  15 1995  317 16089.  19.3 31.8 2.654 1.    0.
  15 1995  318 16115.  19.3 31.8 2.650 1.    0.
  15 1995  319 16140.  19.2 31.8 2.645 1.    0.
  15 1995  320 16185.  19.2 31.8 2.642 1.    0.
  15 1995  321 16231.  19.1 31.8 2.640 1.    0.
  15 1995  322 16276.  19.1 31.8 2.637 1.    0.
  15 1995  323 16321.  19.0 31.8 2.634 1.    0.
  15 1995  324 16367.  19.0 31.8 2.631 1.    0.
  15 1995  325 16412.  19.0 31.8 2.629 1.    0.
  15 1995  326 16457.  18.9 31.8 2.626 1.    0.
  15 1995  327 16503.  18.9 31.8 2.623 1.    0.
  15 1995  328 16548.  18.9 31.8 2.620 1.    0.
  15 1995  329 16593.  18.8 31.8 2.618 1.    0.
  15 1995  330 16639.  18.8 31.8 2.615 1.    0.
  15 1995  331 16684.  18.7 31.8 2.612 1.    0.
  15 1995  332 16729.  18.7 31.8 2.609 1.    0.
  15 1995  333 16775.  18.7 31.8 2.607 1.    0.
  15 1995  334 16820.  18.6 31.9 2.604 1.    5.
  15 1995  335 16865.  18.6 31.9 2.601 1.    0.
  15 1995  336 16911.  18.6 31.9 2.599 1.    3.
  15 1995  337 16956.  18.5 31.9 2.596 1.    0.
  15 1995  338 17001.  18.5 31.9 2.593 1.    0.
  15 1995  339 17047.  18.4 31.9 2.590 1.    0.
  15 1995  340 17092.  18.4 31.9 2.588 1.    9.
  15 1995  341 17137.  18.4 31.9 2.585 1.    0.
  15 1995  342 17183.  18.3 31.9 2.582 1.    0.
  15 1995  343 17228.  18.3 31.9 2.579 1.    0.
  15 1995  344 17273.  18.3 31.9 2.577 1.    0.
  15 1995  345 17319.  18.2 31.9 2.574 1.    0.
  15 1995  346 17364.  18.2 31.9 2.571 1.   18.
  15 1995  347 17409.  18.1 31.9 2.568 1.    0.
  15 1995  348 17455.  18.1 31.9 2.566 1.    0.
  15 1995  349 17500.  18.1 31.9 2.563 1.    0.
  15 1995  350 17535.  17.8 32.0 2.540 1.    0.
  15 1995  351 17571.  17.6 32.1 2.517 1.    0.
  15 1995  352 17606.  17.4 32.1 2.494 1.   10.
  15 1995  353 17641.  17.1 32.2 2.472 1.    0.
  15 1995  354 17677.  16.9 32.3 2.449 1.    0.
  15 1995  355 17712.  16.7 32.4 2.426 1.    0.
  15 1995  356 17747.  16.4 32.5 2.403 1.    0.
  15 1995  357 17783.  16.2 32.6 2.380 1.    0.
  15 1995  358 17818.  16.0 32.7 2.357 1.    0.
  15 1995  359 17853.  15.7 32.8 2.334 1.    0.
  15 1995  360 17888.  15.5 32.9 2.311 1.    4.
  15 1995  361 17924.  15.3 33.0 2.288 1.    0.
  15 1995  362 17959.  15.0 33.0 2.266 1.    0.
  15 1995  363 17994.  14.8 33.1 2.243 1.    0.
  15 1995  364 18030.  14.6 33.2 2.220 1.    0.
  15 1995  365 18065.  14.3 33.3 2.197 1.    0.
