*---------------------------------------------------------*
*   Country: Cote d'Ivoire
*   Station: Dimbokro
*      Year: 1990
* Longitude: 004 42 W
*  Latitude: 06 39 N
* Elevation: 92 m.
*  WMO-code: 65.5280
*  Comments: Automatically generated file from *.WOF file
*            with REGENSIM.FOR ver. aug 96
*
*  Columns:
*  ========
*  station number
*  year
*  day
*  irradiation (kJ m-2 d-1)
*  minimum temperature (degrees Celsius)
*  maximum temperature (degrees Celsius)
*  vapour pressure (kPa)
*  mean wind speed (m s-1)
*  precipitation (mm month-1)
*---------------------------------------------------------*
  -4.70    6.65   92.00     .00     .00
  16 1990    1 17225.  20.7 32.5 2.567 0.    0.
  16 1990    2 17263.  20.7 32.6 2.567 0.    0.
  16 1990    3 17301.  20.7 32.7 2.566 0.    0.
  16 1990    4 17340.  20.7 32.7 2.566 0.    0.
  16 1990    5 17378.  20.7 32.8 2.565 0.    0.
  16 1990    6 17416.  20.7 32.8 2.565 0.    0.
  16 1990    7 17454.  20.8 32.9 2.564 0.    0.
  16 1990    8 17493.  20.8 33.0 2.564 0.    0.
  16 1990    9 17531.  20.8 33.0 2.563 0.    0.
  16 1990   10 17569.  20.8 33.1 2.563 0.    0.
  16 1990   11 17607.  20.8 33.2 2.562 0.    0.
  16 1990   12 17645.  20.8 33.2 2.562 0.    1.
  16 1990   13 17684.  20.8 33.3 2.561 0.    0.
  16 1990   14 17722.  20.9 33.3 2.560 0.    0.
  16 1990   15 17760.  20.9 33.4 2.560 0.    0.
  16 1990   16 17807.  20.9 33.5 2.554 0.    0.
  16 1990   17 17854.  20.8 33.5 2.549 0.    0.
  16 1990   18 17901.  20.8 33.6 2.543 0.    0.
  16 1990   19 17948.  20.8 33.7 2.537 0.    0.
  16 1990   20 17995.  20.8 33.7 2.532 0.    0.
  16 1990   21 18042.  20.8 33.8 2.526 0.    0.
  16 1990   22 18089.  20.8 33.9 2.521 0.    0.
  16 1990   23 18136.  20.8 33.9 2.515 1.    0.
  16 1990   24 18183.  20.8 34.0 2.509 1.    0.
  16 1990   25 18230.  20.7 34.0 2.504 1.    0.
  16 1990   26 18277.  20.7 34.1 2.498 1.    0.
  16 1990   27 18324.  20.7 34.2 2.492 1.    0.
  16 1990   28 18371.  20.7 34.2 2.487 1.    0.
  16 1990   29 18418.  20.7 34.3 2.481 1.    0.
  16 1990   30 18465.  20.7 34.4 2.475 1.    0.
  16 1990   31 18512.  20.7 34.4 2.470 1.    0.
  16 1990   32 18559.  20.6 34.5 2.464 1.    0.
  16 1990   33 18606.  20.6 34.6 2.459 1.    0.
  16 1990   34 18653.  20.6 34.6 2.453 1.    0.
  16 1990   35 18700.  20.6 34.7 2.447 1.    0.
  16 1990   36 18747.  20.6 34.8 2.442 1.   33.
  16 1990   37 18794.  20.6 34.8 2.436 1.    0.
  16 1990   38 18841.  20.6 34.9 2.430 2.    0.
  16 1990   39 18888.  20.5 34.9 2.425 2.    0.
  16 1990   40 18935.  20.5 35.0 2.419 2.    0.
  16 1990   41 18982.  20.5 35.1 2.414 2.    0.
  16 1990   42 19029.  20.5 35.1 2.408 2.    0.
  16 1990   43 19076.  20.5 35.2 2.402 2.   20.
  16 1990   44 19123.  20.5 35.3 2.397 2.    0.
  16 1990   45 19170.  20.5 35.3 2.391 2.    0.
  16 1990   46 19188.  20.6 35.4 2.394 2.    0.
  16 1990   47 19207.  20.7 35.4 2.398 2.    0.
  16 1990   48 19225.  20.8 35.5 2.401 2.    0.
  16 1990   49 19243.  20.9 35.5 2.405 2.    0.
  16 1990   50 19261.  21.0 35.6 2.408 2.    0.
  16 1990   51 19280.  21.1 35.6 2.411 2.    0.
  16 1990   52 19298.  21.2 35.7 2.415 2.    0.
  16 1990   53 19316.  21.3 35.7 2.418 2.    0.
  16 1990   54 19334.  21.4 35.8 2.421 1.    0.
  16 1990   55 19353.  21.5 35.8 2.425 1.    0.
  16 1990   56 19371.  21.6 35.8 2.428 1.    0.
  16 1990   57 19389.  21.7 35.9 2.432 1.    0.
  16 1990   58 19408.  21.8 35.9 2.435 1.    0.
  16 1990   59 19426.  21.9 36.0 2.438 1.    0.
  16 1990   60 19444.  22.0 36.0 2.442 1.    0.
  16 1990   61 19462.  22.1 36.1 2.445 1.    0.
  16 1990   62 19481.  22.2 36.1 2.448 1.    0.
  16 1990   63 19499.  22.3 36.2 2.452 1.    0.
  16 1990   64 19517.  22.4 36.2 2.455 1.    0.
  16 1990   65 19536.  22.5 36.3 2.459 1.    0.
  16 1990   66 19554.  22.6 36.3 2.462 1.    0.
  16 1990   67 19572.  22.7 36.4 2.465 1.    0.
  16 1990   68 19590.  22.8 36.4 2.469 1.    0.
  16 1990   69 19609.  22.9 36.5 2.472 1.    0.
  16 1990   70 19627.  23.0 36.5 2.475 1.    0.
  16 1990   71 19645.  23.1 36.6 2.479 1.    1.
  16 1990   72 19663.  23.2 36.6 2.482 0.    0.
  16 1990   73 19682.  23.3 36.7 2.486 0.    0.
  16 1990   74 19700.  23.4 36.7 2.489 0.    0.
  16 1990   75 19730.  23.4 36.7 2.501 0.    0.
  16 1990   76 19759.  23.3 36.7 2.513 0.    0.
  16 1990   77 19789.  23.3 36.6 2.524 0.    0.
  16 1990   78 19819.  23.3 36.6 2.536 0.    0.
  16 1990   79 19848.  23.3 36.6 2.548 0.    0.
  16 1990   80 19878.  23.2 36.6 2.560 0.    0.
  16 1990   81 19908.  23.2 36.5 2.572 0.    0.
  16 1990   82 19937.  23.2 36.5 2.583 1.    0.
  16 1990   83 19967.  23.2 36.5 2.595 1.    0.
  16 1990   84 19997.  23.1 36.5 2.607 1.    0.
  16 1990   85 20026.  23.1 36.4 2.619 1.    0.
  16 1990   86 20056.  23.1 36.4 2.631 1.    0.
  16 1990   87 20086.  23.1 36.4 2.642 1.    1.
  16 1990   88 20115.  23.0 36.4 2.654 1.    0.
  16 1990   89 20145.  23.0 36.3 2.666 1.    0.
  16 1990   90 20175.  23.0 36.3 2.678 1.    0.
  16 1990   91 20205.  22.9 36.3 2.690 1.    0.
  16 1990   92 20234.  22.9 36.3 2.702 1.    5.
  16 1990   93 20264.  22.9 36.3 2.713 1.    0.
  16 1990   94 20294.  22.9 36.2 2.725 1.    0.
  16 1990   95 20323.  22.8 36.2 2.737 1.   17.
  16 1990   96 20353.  22.8 36.2 2.749 1.    0.
  16 1990   97 20383.  22.8 36.2 2.761 1.    0.
  16 1990   98 20412.  22.8 36.1 2.772 1.    0.
  16 1990   99 20442.  22.7 36.1 2.784 1.    6.
  16 1990  100 20472.  22.7 36.1 2.796 1.    0.
  16 1990  101 20501.  22.7 36.1 2.808 1.    0.
  16 1990  102 20531.  22.7 36.0 2.820 1.   13.
  16 1990  103 20561.  22.6 36.0 2.831 1.    1.
  16 1990  104 20590.  22.6 36.0 2.843 1.    7.
  16 1990  105 20620.  22.6 36.0 2.855 1.    5.
  16 1990  106 20602.  22.5 35.9 2.847 1.    0.
  16 1990  107 20585.  22.4 35.8 2.839 1.   23.
  16 1990  108 20567.  22.4 35.7 2.831 1.    0.
  16 1990  109 20549.  22.3 35.7 2.824 1.    0.
  16 1990  110 20532.  22.3 35.6 2.816 1.    0.
  16 1990  111 20514.  22.2 35.5 2.808 1.    6.
  16 1990  112 20496.  22.1 35.4 2.800 1.    0.
  16 1990  113 20479.  22.1 35.4 2.792 1.   27.
  16 1990  114 20461.  22.0 35.3 2.784 1.    0.
  16 1990  115 20443.  22.0 35.2 2.777 1.    0.
  16 1990  116 20426.  21.9 35.1 2.769 1.   21.
  16 1990  117 20408.  21.8 35.0 2.761 1.    0.
  16 1990  118 20390.  21.8 35.0 2.753 1.    0.
  16 1990  119 20373.  21.7 34.9 2.745 1.    6.
  16 1990  120 20355.  21.6 34.8 2.737 0.    0.
  16 1990  121 20337.  21.6 34.7 2.730 0.    1.
  16 1990  122 20320.  21.5 34.7 2.722 0.    0.
  16 1990  123 20302.  21.5 34.6 2.714 0.    0.
  16 1990  124 20284.  21.4 34.5 2.706 0.    3.
  16 1990  125 20267.  21.3 34.4 2.698 0.    0.
  16 1990  126 20249.  21.3 34.4 2.691 0.    4.
  16 1990  127 20231.  21.2 34.3 2.683 0.    0.
  16 1990  128 20214.  21.2 34.2 2.675 0.    0.
  16 1990  129 20196.  21.1 34.1 2.667 0.    1.
  16 1990  130 20178.  21.0 34.1 2.659 0.   10.
  16 1990  131 20161.  21.0 34.0 2.651 0.   14.
  16 1990  132 20143.  20.9 33.9 2.644 0.    0.
  16 1990  133 20125.  20.9 33.8 2.636 0.    0.
  16 1990  134 20108.  20.8 33.7 2.628 0.    0.
  16 1990  135 20090.  20.7 33.7 2.620 0.    0.
  16 1990  136 19994.  20.8 33.6 2.622 0.    0.
  16 1990  137 19898.  20.8 33.5 2.623 0.    0.
  16 1990  138 19803.  20.8 33.5 2.625 0.    2.
  16 1990  139 19707.  20.8 33.4 2.626 0.    0.
  16 1990  140 19611.  20.9 33.4 2.628 0.    0.
  16 1990  141 19515.  20.9 33.3 2.629 0.    0.
  16 1990  142 19419.  20.9 33.2 2.631 0.    2.
  16 1990  143 19324.  20.9 33.2 2.632 0.    0.
  16 1990  144 19228.  21.0 33.1 2.634 0.    0.
  16 1990  145 19132.  21.0 33.1 2.635 0.    1.
  16 1990  146 19036.  21.0 33.0 2.637 0.    0.
  16 1990  147 18940.  21.0 32.9 2.639 0.    0.
  16 1990  148 18845.  21.1 32.9 2.640 0.    0.
  16 1990  149 18749.  21.1 32.8 2.642 0.    0.
  16 1990  150 18653.  21.1 32.8 2.643 0.   10.
  16 1990  151 18557.  21.1 32.7 2.645 0.    0.
  16 1990  152 18461.  21.2 32.6 2.646 0.    0.
  16 1990  153 18365.  21.2 32.6 2.648 0.    0.
  16 1990  154 18270.  21.2 32.5 2.649 0.    0.
  16 1990  155 18174.  21.2 32.4 2.651 0.    0.
  16 1990  156 18078.  21.3 32.4 2.653 0.    0.
  16 1990  157 17982.  21.3 32.3 2.654 0.    0.
  16 1990  158 17886.  21.3 32.3 2.656 0.   15.
  16 1990  159 17791.  21.3 32.2 2.657 0.    0.
  16 1990  160 17695.  21.4 32.1 2.659 0.    0.
  16 1990  161 17599.  21.4 32.1 2.660 0.    0.
  16 1990  162 17503.  21.4 32.0 2.662 0.    5.
  16 1990  163 17407.  21.4 32.0 2.663 0.   24.
  16 1990  164 17312.  21.5 31.9 2.665 0.    0.
  16 1990  165 17216.  21.5 31.8 2.666 0.    0.
  16 1990  166 17120.  21.5 31.8 2.668 0.    2.
  16 1990  167 17064.  21.5 31.7 2.669 0.    3.
  16 1990  168 17007.  21.5 31.7 2.670 0.   14.
  16 1990  169 16951.  21.4 31.6 2.672 0.    9.
  16 1990  170 16895.  21.4 31.6 2.673 0.    0.
  16 1990  171 16838.  21.4 31.5 2.674 0.   57.
  16 1990  172 16782.  21.4 31.5 2.675 0.    0.
  16 1990  173 16726.  21.4 31.4 2.677 0.    0.
  16 1990  174 16669.  21.4 31.3 2.678 0.    1.
  16 1990  175 16613.  21.3 31.3 2.679 0.    6.
  16 1990  176 16557.  21.3 31.2 2.680 0.    0.
  16 1990  177 16500.  21.3 31.2 2.682 0.    8.
  16 1990  178 16444.  21.3 31.1 2.683 0.   84.
  16 1990  179 16388.  21.3 31.1 2.684 0.    3.
  16 1990  180 16331.  21.3 31.0 2.685 0.    0.
  16 1990  181 16275.  21.2 31.0 2.687 1.    0.
  16 1990  182 16219.  21.2 30.9 2.688 1.    0.
  16 1990  183 16162.  21.2 30.9 2.689 1.    0.
  16 1990  184 16106.  21.2 30.8 2.690 1.    0.
  16 1990  185 16050.  21.2 30.8 2.691 1.    0.
  16 1990  186 15993.  21.1 30.7 2.693 1.    0.
  16 1990  187 15937.  21.1 30.6 2.694 1.    0.
  16 1990  188 15881.  21.1 30.6 2.695 1.    0.
  16 1990  189 15824.  21.1 30.5 2.696 1.    0.
  16 1990  190 15768.  21.1 30.5 2.698 1.    0.
  16 1990  191 15712.  21.1 30.4 2.699 1.    0.
  16 1990  192 15655.  21.0 30.4 2.700 1.    1.
  16 1990  193 15599.  21.0 30.3 2.701 1.    5.
  16 1990  194 15543.  21.0 30.3 2.703 1.    0.
  16 1990  195 15486.  21.0 30.2 2.704 1.    0.
  16 1990  196 15430.  21.0 30.2 2.705 1.    0.
  16 1990  197 15375.  21.0 30.2 2.698 1.    0.
  16 1990  198 15321.  21.0 30.2 2.690 1.    0.
  16 1990  199 15266.  21.0 30.2 2.683 1.    0.
  16 1990  200 15212.  20.9 30.2 2.675 1.    0.
  16 1990  201 15157.  20.9 30.2 2.668 1.    0.
  16 1990  202 15103.  20.9 30.2 2.660 1.    0.
  16 1990  203 15048.  20.9 30.2 2.653 1.    0.
  16 1990  204 14994.  20.9 30.2 2.645 0.    0.
  16 1990  205 14939.  20.9 30.2 2.638 0.    0.
  16 1990  206 14885.  20.9 30.2 2.630 0.    0.
  16 1990  207 14830.  20.9 30.2 2.623 0.    0.
  16 1990  208 14776.  20.9 30.2 2.615 0.    0.
  16 1990  209 14721.  20.9 30.2 2.608 0.    0.
  16 1990  210 14667.  20.9 30.2 2.600 0.    3.
  16 1990  211 14612.  20.9 30.2 2.593 0.    0.
  16 1990  212 14558.  20.9 30.2 2.585 0.    1.
  16 1990  213 14503.  20.9 30.2 2.578 0.    0.
  16 1990  214 14449.  20.9 30.2 2.570 0.    0.
  16 1990  215 14394.  20.9 30.2 2.563 0.    0.
  16 1990  216 14340.  20.9 30.2 2.555 0.    0.
  16 1990  217 14285.  20.9 30.2 2.548 0.    0.
  16 1990  218 14231.  20.8 30.2 2.540 0.    2.
  16 1990  219 14176.  20.8 30.2 2.533 0.    2.
  16 1990  220 14122.  20.8 30.2 2.525 0.    0.
  16 1990  221 14067.  20.8 30.2 2.518 0.    0.
  16 1990  222 14013.  20.8 30.2 2.510 0.    0.
  16 1990  223 13958.  20.8 30.2 2.503 0.    1.
  16 1990  224 13904.  20.8 30.2 2.495 0.    0.
  16 1990  225 13849.  20.8 30.2 2.488 0.    0.
  16 1990  226 13795.  20.8 30.2 2.480 0.    0.
  16 1990  227 13740.  20.8 30.2 2.473 0.    0.
  16 1990  228 13792.  20.8 30.2 2.480 0.    1.
  16 1990  229 13844.  20.8 30.3 2.488 0.    2.
  16 1990  230 13896.  20.9 30.3 2.495 0.    0.
  16 1990  231 13948.  20.9 30.4 2.502 0.    0.
  16 1990  232 14000.  20.9 30.4 2.509 0.    0.
  16 1990  233 14052.  20.9 30.5 2.517 0.    7.
  16 1990  234 14104.  20.9 30.5 2.524 0.    0.
  16 1990  235 14155.  21.0 30.6 2.531 0.    0.
  16 1990  236 14207.  21.0 30.6 2.538 0.    0.
  16 1990  237 14259.  21.0 30.7 2.546 0.    0.
  16 1990  238 14311.  21.0 30.7 2.553 0.    0.
  16 1990  239 14363.  21.0 30.8 2.560 0.    0.
  16 1990  240 14415.  21.1 30.9 2.567 0.    0.
  16 1990  241 14467.  21.1 30.9 2.575 0.    0.
  16 1990  242 14519.  21.1 31.0 2.582 0.    0.
  16 1990  243 14571.  21.1 31.0 2.589 0.    0.
  16 1990  244 14623.  21.1 31.1 2.596 0.    0.
  16 1990  245 14675.  21.1 31.1 2.604 0.    0.
  16 1990  246 14727.  21.2 31.2 2.611 0.    0.
  16 1990  247 14779.  21.2 31.2 2.618 0.    0.
  16 1990  248 14831.  21.2 31.3 2.625 0.    0.
  16 1990  249 14883.  21.2 31.3 2.633 0.    3.
  16 1990  250 14935.  21.2 31.4 2.640 0.    0.
  16 1990  251 14986.  21.3 31.4 2.647 1.    0.
  16 1990  252 15038.  21.3 31.5 2.654 1.    0.
  16 1990  253 15090.  21.3 31.5 2.662 1.    2.
  16 1990  254 15142.  21.3 31.6 2.669 1.    0.
  16 1990  255 15194.  21.3 31.6 2.676 1.    2.
  16 1990  256 15246.  21.4 31.7 2.683 1.    0.
  16 1990  257 15298.  21.4 31.7 2.691 1.    0.
  16 1990  258 15350.  21.4 31.8 2.698 1.   14.
  16 1990  259 15481.  21.5 31.8 2.702 1.    2.
  16 1990  260 15612.  21.6 31.8 2.706 1.    0.
  16 1990  261 15743.  21.7 31.9 2.710 1.    8.
  16 1990  262 15874.  21.8 31.9 2.713 1.    0.
  16 1990  263 16005.  21.9 31.9 2.717 1.    0.
  16 1990  264 16136.  22.0 31.9 2.721 1.    0.
  16 1990  265 16267.  22.1 31.9 2.725 1.    7.
  16 1990  266 16398.  22.2 32.0 2.729 0.    0.
  16 1990  267 16529.  22.3 32.0 2.732 0.    2.
  16 1990  268 16660.  22.4 32.0 2.736 0.    0.
  16 1990  269 16791.  22.5 32.0 2.740 0.    0.
  16 1990  270 16922.  22.6 32.1 2.744 0.    1.
  16 1990  271 17053.  22.7 32.1 2.748 0.    0.
  16 1990  272 17184.  22.8 32.1 2.752 0.    0.
  16 1990  273 17315.  22.9 32.1 2.755 0.    0.
  16 1990  274 17446.  23.0 32.1 2.759 0.    0.
  16 1990  275 17577.  23.1 32.2 2.763 0.   13.
  16 1990  276 17708.  23.2 32.2 2.767 0.    0.
  16 1990  277 17839.  23.3 32.2 2.771 0.    0.
  16 1990  278 17970.  23.4 32.2 2.775 0.    0.
  16 1990  279 18101.  23.5 32.2 2.779 0.    0.
  16 1990  280 18232.  23.6 32.3 2.782 0.    0.
  16 1990  281 18363.  23.7 32.3 2.786 0.    0.
  16 1990  282 18494.  23.8 32.3 2.790 0.   15.
  16 1990  283 18625.  23.9 32.3 2.794 0.    0.
  16 1990  284 18756.  24.0 32.3 2.798 0.    0.
  16 1990  285 18887.  24.1 32.4 2.802 0.    0.
  16 1990  286 19018.  24.2 32.4 2.805 0.    0.
  16 1990  287 19149.  24.3 32.4 2.809 0.    0.
  16 1990  288 19280.  24.4 32.4 2.813 0.    0.
  16 1990  289 19249.  24.3 32.4 2.816 0.    0.
  16 1990  290 19217.  24.2 32.5 2.819 0.    0.
  16 1990  291 19186.  24.2 32.5 2.822 0.    1.
  16 1990  292 19155.  24.1 32.5 2.824 0.    1.
  16 1990  293 19124.  24.0 32.5 2.827 0.   30.
  16 1990  294 19092.  23.9 32.5 2.830 0.    5.
  16 1990  295 19061.  23.9 32.5 2.833 0.   13.
  16 1990  296 19030.  23.8 32.6 2.836 0.   58.
  16 1990  297 18998.  23.7 32.6 2.839 0.    3.
  16 1990  298 18967.  23.7 32.6 2.841 0.    5.
  16 1990  299 18936.  23.6 32.6 2.844 0.    0.
  16 1990  300 18905.  23.5 32.6 2.847 0.    0.
  16 1990  301 18873.  23.4 32.6 2.850 0.    4.
  16 1990  302 18842.  23.4 32.7 2.853 0.   28.
  16 1990  303 18811.  23.3 32.7 2.856 0.    0.
  16 1990  304 18779.  23.2 32.7 2.858 0.    0.
  16 1990  305 18748.  23.2 32.7 2.861 0.    0.
  16 1990  306 18717.  23.1 32.7 2.864 0.    0.
  16 1990  307 18685.  23.0 32.7 2.867 0.    0.
  16 1990  308 18654.  22.9 32.7 2.870 0.    0.
  16 1990  309 18623.  22.9 32.8 2.873 0.    0.
  16 1990  310 18592.  22.8 32.8 2.875 0.    0.
  16 1990  311 18560.  22.7 32.8 2.878 0.    0.
  16 1990  312 18529.  22.7 32.8 2.881 0.    0.
  16 1990  313 18498.  22.6 32.8 2.884 0.    1.
  16 1990  314 18466.  22.5 32.8 2.887 1.    0.
  16 1990  315 18435.  22.4 32.9 2.890 1.    0.
  16 1990  316 18404.  22.4 32.9 2.892 1.    0.
  16 1990  317 18373.  22.3 32.9 2.895 1.    0.
  16 1990  318 18341.  22.2 32.9 2.898 1.    0.
  16 1990  319 18310.  22.1 32.9 2.901 1.    0.
  16 1990  320 18256.  22.1 32.9 2.890 1.    0.
  16 1990  321 18202.  22.0 32.8 2.879 1.    0.
  16 1990  322 18148.  22.0 32.8 2.868 1.    0.
  16 1990  323 18094.  21.9 32.8 2.857 1.    0.
  16 1990  324 18040.  21.9 32.7 2.847 1.    0.
  16 1990  325 17986.  21.8 32.7 2.836 1.    0.
  16 1990  326 17932.  21.8 32.6 2.825 1.    0.
  16 1990  327 17878.  21.7 32.6 2.814 1.    1.
  16 1990  328 17824.  21.6 32.5 2.803 1.    0.
  16 1990  329 17770.  21.6 32.5 2.792 1.    0.
  16 1990  330 17716.  21.5 32.5 2.781 1.    0.
  16 1990  331 17662.  21.5 32.4 2.770 1.    0.
  16 1990  332 17608.  21.4 32.4 2.759 1.   16.
  16 1990  333 17554.  21.4 32.3 2.748 1.   26.
  16 1990  334 17500.  21.3 32.3 2.737 1.    0.
  16 1990  335 17446.  21.2 32.2 2.727 1.    0.
  16 1990  336 17392.  21.2 32.2 2.716 1.    0.
  16 1990  337 17338.  21.1 32.2 2.705 1.    0.
  16 1990  338 17284.  21.1 32.1 2.694 1.    0.
  16 1990  339 17230.  21.0 32.1 2.683 1.   10.
  16 1990  340 17176.  21.0 32.0 2.672 1.    0.
  16 1990  341 17122.  20.9 32.0 2.661 1.    0.
  16 1990  342 17068.  20.8 32.0 2.650 1.    0.
  16 1990  343 17014.  20.8 31.9 2.639 1.    0.
  16 1990  344 16960.  20.7 31.9 2.628 1.    0.
  16 1990  345 16906.  20.7 31.8 2.618 1.    0.
  16 1990  346 16852.  20.6 31.8 2.607 1.    0.
  16 1990  347 16798.  20.6 31.7 2.596 1.    0.
  16 1990  348 16744.  20.5 31.7 2.585 1.    0.
  16 1990  349 16690.  20.5 31.7 2.574 1.    0.
  16 1990  350 16723.  20.5 31.7 2.574 1.    0.
  16 1990  351 16757.  20.5 31.8 2.573 1.    0.
  16 1990  352 16790.  20.5 31.8 2.573 1.    0.
  16 1990  353 16824.  20.5 31.9 2.572 1.    0.
  16 1990  354 16857.  20.5 31.9 2.572 1.    0.
  16 1990  355 16891.  20.5 32.0 2.571 0.    0.
  16 1990  356 16924.  20.5 32.0 2.571 0.    0.
  16 1990  357 16958.  20.6 32.1 2.571 0.    0.
  16 1990  358 16991.  20.6 32.1 2.570 0.    0.
  16 1990  359 17024.  20.6 32.2 2.570 0.    0.
  16 1990  360 17058.  20.6 32.3 2.569 0.    0.
  16 1990  361 17091.  20.6 32.3 2.569 0.    0.
  16 1990  362 17125.  20.6 32.4 2.568 0.    0.
  16 1990  363 17158.  20.6 32.4 2.568 0.    0.
  16 1990  364 17192.  20.6 32.5 2.567 0.    0.
  16 1990  365 17225.  20.7 32.5 2.567 0.    0.
