*---------------------------------------------------------*
*   Country: Cote d'Ivoire
*   Station: San Pedro
*      Year: 1995
* Longitude: 006 39 W
*  Latitude: 04 45 N
* Elevation: 30 m.
*  WMO-code: 65.5280
*  Comments: Automatically generated file from *.WOF file
*            with REGENSIM.FOR ver. aug 96
*
*  Columns:
*  ========
*  station number
*  year
*  day
*  irradiation (kJ m-2 d-1)
*  minimum temperature (degrees Celsius)
*  maximum temperature (degrees Celsius)
*  vapour pressure (kPa)
*  mean wind speed (m s-1)
*  precipitation (mm month-1)
*---------------------------------------------------------*
  -6.65    4.75   30.00     .00     .00
  17 1995    1 14875.  22.6 30.8 2.976 2.    0.
  17 1995    2 14907.  22.6 30.8 2.971 2.    0.
  17 1995    3 14939.  22.6 30.8 2.967 2.    0.
  17 1995    4 14970.  22.6 30.8 2.963 2.    0.
  17 1995    5 15002.  22.6 30.8 2.959 2.    0.
  17 1995    6 15034.  22.6 30.8 2.955 2.    0.
  17 1995    7 15066.  22.5 30.8 2.951 3.    0.
  17 1995    8 15098.  22.5 30.8 2.947 3.    8.
  17 1995    9 15129.  22.5 30.8 2.943 3.    0.
  17 1995   10 15161.  22.5 30.8 2.939 3.    0.
  17 1995   11 15193.  22.5 30.8 2.934 3.    0.
  17 1995   12 15225.  22.5 30.8 2.930 3.    0.
  17 1995   13 15256.  22.5 30.8 2.926 3.    9.
  17 1995   14 15288.  22.5 30.8 2.922 3.    0.
  17 1995   15 15320.  22.5 30.8 2.918 3.    0.
  17 1995   16 15292.  22.5 30.8 2.920 3.    0.
  17 1995   17 15263.  22.6 30.9 2.922 3.    3.
  17 1995   18 15235.  22.6 30.9 2.924 3.    0.
  17 1995   19 15207.  22.7 30.9 2.925 3.    0.
  17 1995   20 15178.  22.7 30.9 2.927 3.    0.
  17 1995   21 15150.  22.8 30.9 2.929 4.    3.
  17 1995   22 15122.  22.8 31.0 2.931 4.    0.
  17 1995   23 15093.  22.9 31.0 2.933 4.    0.
  17 1995   24 15065.  22.9 31.0 2.934 4.    0.
  17 1995   25 15037.  23.0 31.0 2.936 4.    0.
  17 1995   26 15008.  23.0 31.0 2.938 4.    0.
  17 1995   27 14980.  23.1 31.1 2.940 4.    0.
  17 1995   28 14952.  23.1 31.1 2.942 4.    0.
  17 1995   29 14923.  23.2 31.1 2.944 4.    0.
  17 1995   30 14895.  23.2 31.1 2.946 4.    0.
  17 1995   31 14867.  23.3 31.1 2.947 4.    0.
  17 1995   32 14838.  23.3 31.2 2.949 4.    0.
  17 1995   33 14810.  23.4 31.2 2.951 4.    0.
  17 1995   34 14782.  23.4 31.2 2.953 4.    0.
  17 1995   35 14753.  23.5 31.2 2.955 4.    0.
  17 1995   36 14725.  23.5 31.2 2.957 4.    0.
  17 1995   37 14697.  23.6 31.2 2.958 4.    0.
  17 1995   38 14668.  23.6 31.3 2.960 4.    0.
  17 1995   39 14640.  23.7 31.3 2.962 4.    0.
  17 1995   40 14612.  23.7 31.3 2.964 4.    0.
  17 1995   41 14583.  23.8 31.3 2.966 4.    0.
  17 1995   42 14555.  23.8 31.3 2.967 4.    0.
  17 1995   43 14527.  23.9 31.4 2.969 4.    0.
  17 1995   44 14498.  23.9 31.4 2.971 4.    0.
  17 1995   45 14470.  24.0 31.4 2.973 4.    0.
  17 1995   46 14583.  24.0 31.4 2.980 4.    0.
  17 1995   47 14696.  24.0 31.4 2.988 4.    0.
  17 1995   48 14809.  24.0 31.4 2.995 4.    0.
  17 1995   49 14922.  24.0 31.4 3.003 4.    0.
  17 1995   50 15036.  23.9 31.4 3.010 4.    0.
  17 1995   51 15149.  23.9 31.4 3.018 4.    0.
  17 1995   52 15262.  23.9 31.3 3.025 4.    0.
  17 1995   53 15375.  23.9 31.3 3.033 4.    0.
  17 1995   54 15488.  23.9 31.3 3.040 4.    0.
  17 1995   55 15601.  23.9 31.3 3.048 4.    0.
  17 1995   56 15714.  23.9 31.3 3.055 4.    0.
  17 1995   57 15827.  23.9 31.3 3.063 4.    0.
  17 1995   58 15940.  23.9 31.3 3.070 4.    0.
  17 1995   59 16053.  23.9 31.3 3.078 4.    0.
  17 1995   60 16167.  23.9 31.3 3.085 5.    0.
  17 1995   61 16280.  23.9 31.3 3.093 5.    7.
  17 1995   62 16393.  23.9 31.3 3.100 5.    5.
  17 1995   63 16506.  23.9 31.3 3.108 5.    0.
  17 1995   64 16619.  23.9 31.2 3.115 5.    0.
  17 1995   65 16732.  23.9 31.2 3.123 5.    0.
  17 1995   66 16845.  23.9 31.2 3.130 5.    0.
  17 1995   67 16958.  23.9 31.2 3.138 5.    0.
  17 1995   68 17071.  23.9 31.2 3.145 5.    0.
  17 1995   69 17184.  23.9 31.2 3.153 5.    0.
  17 1995   70 17298.  23.8 31.2 3.160 5.    0.
  17 1995   71 17411.  23.8 31.2 3.168 5.    0.
  17 1995   72 17524.  23.8 31.2 3.175 5.    0.
  17 1995   73 17637.  23.8 31.2 3.183 5.    9.
  17 1995   74 17750.  23.8 31.2 3.190 5.    0.
  17 1995   75 17720.  23.8 31.2 3.189 5.    0.
  17 1995   76 17691.  23.8 31.2 3.187 4.    0.
  17 1995   77 17661.  23.8 31.2 3.186 4.    0.
  17 1995   78 17631.  23.9 31.2 3.185 4.    0.
  17 1995   79 17602.  23.9 31.1 3.183 4.    0.
  17 1995   80 17572.  23.9 31.1 3.182 4.    0.
  17 1995   81 17542.  23.9 31.1 3.181 4.    0.
  17 1995   82 17513.  23.9 31.1 3.179 4.    0.
  17 1995   83 17483.  23.9 31.1 3.178 4.    0.
  17 1995   84 17453.  23.9 31.1 3.176 4.   31.
  17 1995   85 17424.  23.9 31.1 3.175 4.    1.
  17 1995   86 17394.  23.9 31.1 3.174 4.   26.
  17 1995   87 17364.  23.9 31.1 3.172 4.    0.
  17 1995   88 17335.  23.9 31.1 3.171 3.    0.
  17 1995   89 17305.  23.9 31.1 3.170 3.    0.
  17 1995   90 17275.  23.9 31.1 3.168 3.   54.
  17 1995   91 17245.  23.9 31.1 3.167 3.    0.
  17 1995   92 17216.  23.9 31.1 3.166 3.    0.
  17 1995   93 17186.  24.0 31.1 3.164 3.    0.
  17 1995   94 17156.  24.0 31.1 3.163 3.    0.
  17 1995   95 17127.  24.0 31.1 3.162 3.    0.
  17 1995   96 17097.  24.0 31.1 3.160 3.    7.
  17 1995   97 17067.  24.0 31.1 3.159 3.    0.
  17 1995   98 17038.  24.0 31.1 3.157 3.    0.
  17 1995   99 17008.  24.0 31.1 3.156 3.    0.
  17 1995  100 16978.  24.0 31.1 3.155 2.    0.
  17 1995  101 16949.  24.0 31.0 3.153 2.    0.
  17 1995  102 16919.  24.0 31.0 3.152 2.    0.
  17 1995  103 16889.  24.0 31.0 3.151 2.    0.
  17 1995  104 16860.  24.0 31.0 3.149 2.    0.
  17 1995  105 16830.  24.0 31.0 3.148 2.    3.
  17 1995  106 16793.  24.0 31.0 3.147 2.   36.
  17 1995  107 16757.  24.0 31.0 3.147 2.    1.
  17 1995  108 16720.  24.0 31.0 3.146 2.    0.
  17 1995  109 16683.  24.0 31.0 3.146 2.    0.
  17 1995  110 16647.  24.0 31.0 3.145 2.    0.
  17 1995  111 16610.  24.0 30.9 3.144 2.    0.
  17 1995  112 16573.  24.0 30.9 3.144 2.    7.
  17 1995  113 16537.  24.0 30.9 3.143 2.   99.
  17 1995  114 16500.  24.0 30.9 3.143 1.    0.
  17 1995  115 16463.  24.0 30.9 3.142 1.    0.
  17 1995  116 16427.  24.0 30.9 3.141 1.    0.
  17 1995  117 16390.  24.0 30.8 3.141 1.    0.
  17 1995  118 16353.  24.0 30.8 3.140 1.    7.
  17 1995  119 16317.  24.0 30.8 3.140 1.    0.
  17 1995  120 16280.  24.0 30.8 3.139 1.   15.
  17 1995  121 16243.  23.9 30.8 3.138 1.    0.
  17 1995  122 16207.  23.9 30.8 3.138 1.    0.
  17 1995  123 16170.  23.9 30.8 3.137 1.    0.
  17 1995  124 16133.  23.9 30.7 3.137 1.   68.
  17 1995  125 16097.  23.9 30.7 3.136 1.    0.
  17 1995  126 16060.  23.9 30.7 3.135 1.    0.
  17 1995  127 16023.  23.9 30.7 3.135 1.    2.
  17 1995  128 15987.  23.9 30.7 3.134 1.    0.
  17 1995  129 15950.  23.9 30.7 3.134 1.    1.
  17 1995  130 15913.  23.9 30.6 3.133 1.    0.
  17 1995  131 15877.  23.9 30.6 3.132 1.    0.
  17 1995  132 15840.  23.9 30.6 3.132 0.    0.
  17 1995  133 15803.  23.9 30.6 3.131 0.    3.
  17 1995  134 15767.  23.9 30.6 3.131 0.    0.
  17 1995  135 15730.  23.9 30.6 3.130 0.    0.
  17 1995  136 15634.  23.9 30.5 3.127 0.    4.
  17 1995  137 15538.  23.8 30.4 3.124 0.    0.
  17 1995  138 15443.  23.8 30.4 3.122 0.    0.
  17 1995  139 15347.  23.8 30.3 3.119 0.    1.
  17 1995  140 15251.  23.8 30.3 3.116 0.    0.
  17 1995  141 15155.  23.8 30.2 3.113 0.    0.
  17 1995  142 15059.  23.8 30.1 3.110 0.    9.
  17 1995  143 14964.  23.7 30.1 3.108 0.    0.
  17 1995  144 14868.  23.7 30.0 3.105 0.    0.
  17 1995  145 14772.  23.7 30.0 3.102 0.    0.
  17 1995  146 14676.  23.7 29.9 3.099 0.    6.
  17 1995  147 14580.  23.7 29.8 3.096 0.    0.
  17 1995  148 14485.  23.7 29.8 3.094 0.    0.
  17 1995  149 14389.  23.6 29.7 3.091 0.   21.
  17 1995  150 14293.  23.6 29.7 3.088 0.    2.
  17 1995  151 14197.  23.6 29.6 3.085 0.    0.
  17 1995  152 14101.  23.6 29.5 3.082 0.    1.
  17 1995  153 14005.  23.6 29.5 3.079 0.    0.
  17 1995  154 13910.  23.6 29.4 3.077 0.    7.
  17 1995  155 13814.  23.5 29.4 3.074 0.    2.
  17 1995  156 13718.  23.5 29.3 3.071 0.   14.
  17 1995  157 13622.  23.5 29.2 3.068 0.    0.
  17 1995  158 13526.  23.5 29.2 3.065 0.   30.
  17 1995  159 13431.  23.5 29.1 3.063 0.    0.
  17 1995  160 13335.  23.5 29.1 3.060 0.    0.
  17 1995  161 13239.  23.5 29.0 3.057 0.    0.
  17 1995  162 13143.  23.4 28.9 3.054 0.   38.
  17 1995  163 13047.  23.4 28.9 3.051 0.    0.
  17 1995  164 12952.  23.4 28.8 3.049 0.   13.
  17 1995  165 12856.  23.4 28.8 3.046 0.    2.
  17 1995  166 12760.  23.4 28.7 3.043 0.    2.
  17 1995  167 12794.  23.4 28.7 3.036 0.    0.
  17 1995  168 12827.  23.4 28.7 3.030 0.    0.
  17 1995  169 12861.  23.4 28.6 3.023 0.    9.
  17 1995  170 12895.  23.4 28.6 3.017 0.   24.
  17 1995  171 12928.  23.4 28.6 3.010 0.   43.
  17 1995  172 12962.  23.4 28.6 3.003 0.   49.
  17 1995  173 12996.  23.3 28.5 2.997 0.    0.
  17 1995  174 13029.  23.3 28.5 2.990 1.   12.
  17 1995  175 13063.  23.3 28.5 2.984 1.    0.
  17 1995  176 13097.  23.3 28.5 2.977 1.    3.
  17 1995  177 13130.  23.3 28.4 2.970 1.   17.
  17 1995  178 13164.  23.3 28.4 2.964 1.   10.
  17 1995  179 13198.  23.3 28.4 2.957 1.    0.
  17 1995  180 13231.  23.3 28.4 2.951 1.   48.
  17 1995  181 13265.  23.3 28.4 2.944 1.   12.
  17 1995  182 13299.  23.3 28.3 2.937 1.    0.
  17 1995  183 13332.  23.3 28.3 2.931 1.    0.
  17 1995  184 13366.  23.3 28.3 2.924 1.   14.
  17 1995  185 13400.  23.3 28.3 2.918 1.    0.
  17 1995  186 13433.  23.3 28.2 2.911 1.    6.
  17 1995  187 13467.  23.3 28.2 2.904 1.    0.
  17 1995  188 13501.  23.3 28.2 2.898 1.    0.
  17 1995  189 13534.  23.3 28.2 2.891 1.    0.
  17 1995  190 13568.  23.3 28.1 2.885 1.    0.
  17 1995  191 13602.  23.3 28.1 2.878 1.    0.
  17 1995  192 13635.  23.3 28.1 2.871 1.   10.
  17 1995  193 13669.  23.3 28.1 2.865 1.    0.
  17 1995  194 13703.  23.3 28.0 2.858 1.    2.
  17 1995  195 13736.  23.3 28.0 2.852 1.    0.
  17 1995  196 13770.  23.3 28.0 2.845 1.    1.
  17 1995  197 13731.  23.3 28.0 2.845 1.    4.
  17 1995  198 13693.  23.3 28.0 2.846 1.    3.
  17 1995  199 13654.  23.2 28.0 2.846 1.    0.
  17 1995  200 13615.  23.2 27.9 2.847 1.    0.
  17 1995  201 13576.  23.2 27.9 2.847 1.    6.
  17 1995  202 13538.  23.2 27.9 2.847 1.    0.
  17 1995  203 13499.  23.2 27.9 2.848 1.    2.
  17 1995  204 13460.  23.2 27.9 2.848 1.    0.
  17 1995  205 13422.  23.2 27.9 2.848 1.    0.
  17 1995  206 13383.  23.2 27.8 2.849 1.    0.
  17 1995  207 13344.  23.2 27.8 2.849 1.    0.
  17 1995  208 13305.  23.2 27.8 2.850 1.    0.
  17 1995  209 13267.  23.2 27.8 2.850 1.    1.
  17 1995  210 13228.  23.2 27.8 2.850 1.    0.
  17 1995  211 13189.  23.2 27.8 2.851 1.    0.
  17 1995  212 13151.  23.1 27.7 2.851 1.    0.
  17 1995  213 13112.  23.1 27.7 2.852 1.    0.
  17 1995  214 13073.  23.1 27.7 2.852 1.    1.
  17 1995  215 13035.  23.1 27.7 2.852 1.    0.
  17 1995  216 12996.  23.1 27.7 2.853 1.    1.
  17 1995  217 12957.  23.1 27.7 2.853 1.    3.
  17 1995  218 12918.  23.1 27.6 2.854 1.    5.
  17 1995  219 12880.  23.1 27.6 2.854 1.    1.
  17 1995  220 12841.  23.1 27.6 2.854 1.   20.
  17 1995  221 12802.  23.1 27.6 2.855 1.    0.
  17 1995  222 12764.  23.1 27.6 2.855 1.    0.
  17 1995  223 12725.  23.1 27.6 2.855 1.    0.
  17 1995  224 12686.  23.1 27.5 2.856 1.    3.
  17 1995  225 12647.  23.0 27.5 2.856 1.   14.
  17 1995  226 12609.  23.0 27.5 2.857 1.    0.
  17 1995  227 12570.  23.0 27.5 2.857 1.    0.
  17 1995  228 12602.  23.0 27.5 2.858 1.    7.
  17 1995  229 12634.  23.1 27.5 2.859 1.    3.
  17 1995  230 12666.  23.1 27.5 2.860 1.    2.
  17 1995  231 12698.  23.1 27.5 2.861 1.   13.
  17 1995  232 12730.  23.1 27.5 2.862 1.   14.
  17 1995  233 12762.  23.1 27.5 2.862 1.    0.
  17 1995  234 12794.  23.1 27.5 2.863 1.   15.
  17 1995  235 12825.  23.2 27.5 2.864 1.    8.
  17 1995  236 12857.  23.2 27.5 2.865 1.    0.
  17 1995  237 12889.  23.2 27.5 2.866 1.    0.
  17 1995  238 12921.  23.2 27.5 2.867 1.    6.
  17 1995  239 12953.  23.2 27.5 2.868 1.    0.
  17 1995  240 12985.  23.2 27.5 2.869 1.    6.
  17 1995  241 13017.  23.2 27.5 2.870 1.    2.
  17 1995  242 13049.  23.3 27.5 2.871 1.    0.
  17 1995  243 13081.  23.3 27.5 2.871 1.    0.
  17 1995  244 13113.  23.3 27.5 2.872 1.    0.
  17 1995  245 13145.  23.3 27.5 2.873 1.   19.
  17 1995  246 13177.  23.3 27.5 2.874 1.    0.
  17 1995  247 13209.  23.3 27.5 2.875 1.    9.
  17 1995  248 13241.  23.3 27.5 2.876 1.    0.
  17 1995  249 13273.  23.4 27.5 2.877 1.    1.
  17 1995  250 13305.  23.4 27.6 2.878 1.    0.
  17 1995  251 13336.  23.4 27.6 2.879 1.    2.
  17 1995  252 13368.  23.4 27.6 2.880 1.    0.
  17 1995  253 13400.  23.4 27.6 2.880 1.    0.
  17 1995  254 13432.  23.4 27.6 2.881 1.    6.
  17 1995  255 13464.  23.5 27.6 2.882 1.   17.
  17 1995  256 13496.  23.5 27.6 2.883 1.    0.
  17 1995  257 13528.  23.5 27.6 2.884 1.    0.
  17 1995  258 13560.  23.5 27.6 2.885 1.    2.
  17 1995  259 13681.  23.5 27.6 2.889 1.   16.
  17 1995  260 13803.  23.5 27.7 2.893 1.    0.
  17 1995  261 13924.  23.5 27.7 2.897 1.    0.
  17 1995  262 14045.  23.5 27.8 2.901 1.    0.
  17 1995  263 14167.  23.5 27.8 2.905 1.    7.
  17 1995  264 14288.  23.5 27.9 2.909 1.    0.
  17 1995  265 14409.  23.5 27.9 2.913 1.    0.
  17 1995  266 14531.  23.5 28.0 2.917 1.    3.
  17 1995  267 14652.  23.5 28.0 2.921 1.    0.
  17 1995  268 14773.  23.5 28.1 2.925 1.    0.
  17 1995  269 14895.  23.5 28.1 2.929 1.    0.
  17 1995  270 15016.  23.5 28.2 2.933 1.    0.
  17 1995  271 15137.  23.5 28.2 2.937 1.    0.
  17 1995  272 15259.  23.5 28.3 2.941 1.    0.
  17 1995  273 15380.  23.5 28.3 2.945 1.    0.
  17 1995  274 15501.  23.5 28.4 2.948 1.    0.
  17 1995  275 15623.  23.5 28.4 2.952 1.    0.
  17 1995  276 15744.  23.5 28.5 2.956 1.    3.
  17 1995  277 15865.  23.5 28.5 2.960 1.    1.
  17 1995  278 15987.  23.5 28.6 2.964 1.    0.
  17 1995  279 16108.  23.5 28.6 2.968 1.    0.
  17 1995  280 16229.  23.5 28.7 2.972 1.    0.
  17 1995  281 16351.  23.5 28.7 2.976 0.    0.
  17 1995  282 16472.  23.5 28.8 2.980 0.    0.
  17 1995  283 16593.  23.5 28.8 2.984 0.    0.
  17 1995  284 16715.  23.5 28.9 2.988 0.    0.
  17 1995  285 16836.  23.5 28.9 2.992 0.    0.
  17 1995  286 16957.  23.5 29.0 2.996 0.    0.
  17 1995  287 17079.  23.5 29.0 3.000 0.    0.
  17 1995  288 17200.  23.5 29.1 3.004 0.    4.
  17 1995  289 17174.  23.5 29.1 3.006 0.    0.
  17 1995  290 17148.  23.5 29.2 3.008 0.    9.
  17 1995  291 17123.  23.5 29.2 3.010 0.   13.
  17 1995  292 17097.  23.5 29.2 3.012 0.    6.
  17 1995  293 17071.  23.4 29.3 3.014 0.    0.
  17 1995  294 17045.  23.4 29.3 3.016 0.    6.
  17 1995  295 17019.  23.4 29.4 3.018 0.   18.
  17 1995  296 16994.  23.4 29.4 3.020 0.    1.
  17 1995  297 16968.  23.4 29.4 3.022 0.    1.
  17 1995  298 16942.  23.4 29.5 3.024 0.    0.
  17 1995  299 16916.  23.4 29.5 3.026 0.    0.
  17 1995  300 16890.  23.4 29.6 3.028 0.    0.
  17 1995  301 16865.  23.4 29.6 3.030 0.    1.
  17 1995  302 16839.  23.4 29.7 3.032 0.    0.
  17 1995  303 16813.  23.4 29.7 3.034 0.   15.
  17 1995  304 16787.  23.4 29.7 3.037 0.    0.
  17 1995  305 16761.  23.4 29.8 3.039 0.    0.
  17 1995  306 16735.  23.4 29.8 3.041 0.    0.
  17 1995  307 16710.  23.4 29.9 3.043 0.   10.
  17 1995  308 16684.  23.4 29.9 3.045 0.    0.
  17 1995  309 16658.  23.4 30.0 3.047 0.    0.
  17 1995  310 16632.  23.4 30.0 3.049 0.    0.
  17 1995  311 16606.  23.4 30.0 3.051 0.    4.
  17 1995  312 16581.  23.4 30.1 3.053 0.    1.
  17 1995  313 16555.  23.4 30.1 3.055 0.    0.
  17 1995  314 16529.  23.4 30.2 3.057 0.    0.
  17 1995  315 16503.  23.3 30.2 3.059 0.   46.
  17 1995  316 16477.  23.3 30.2 3.061 0.    0.
  17 1995  317 16452.  23.3 30.3 3.063 0.    1.
  17 1995  318 16426.  23.3 30.3 3.065 0.    0.
  17 1995  319 16400.  23.3 30.4 3.067 0.   18.
  17 1995  320 16334.  23.3 30.4 3.066 0.    0.
  17 1995  321 16269.  23.3 30.4 3.065 0.    0.
  17 1995  322 16203.  23.3 30.4 3.064 0.    8.
  17 1995  323 16137.  23.3 30.4 3.062 0.   36.
  17 1995  324 16072.  23.2 30.4 3.061 0.    0.
  17 1995  325 16006.  23.2 30.5 3.060 0.    6.
  17 1995  326 15940.  23.2 30.5 3.059 0.    0.
  17 1995  327 15875.  23.2 30.5 3.058 0.    1.
  17 1995  328 15809.  23.1 30.5 3.057 0.    2.
  17 1995  329 15743.  23.1 30.5 3.056 0.    0.
  17 1995  330 15678.  23.1 30.5 3.055 0.    0.
  17 1995  331 15612.  23.1 30.5 3.053 0.    2.
  17 1995  332 15546.  23.1 30.6 3.052 0.    1.
  17 1995  333 15481.  23.0 30.6 3.051 0.    0.
  17 1995  334 15415.  23.0 30.6 3.050 0.    0.
  17 1995  335 15349.  23.0 30.6 3.049 0.    0.
  17 1995  336 15284.  23.0 30.6 3.048 0.    0.
  17 1995  337 15218.  23.0 30.6 3.047 0.    0.
  17 1995  338 15152.  22.9 30.6 3.045 0.    0.
  17 1995  339 15087.  22.9 30.7 3.044 0.    0.
  17 1995  340 15021.  22.9 30.7 3.043 0.    0.
  17 1995  341 14955.  22.9 30.7 3.042 0.    0.
  17 1995  342 14890.  22.9 30.7 3.041 1.    5.
  17 1995  343 14824.  22.9 30.7 3.040 1.   12.
  17 1995  344 14758.  22.8 30.7 3.039 1.   17.
  17 1995  345 14693.  22.8 30.7 3.038 1.    7.
  17 1995  346 14627.  22.8 30.8 3.036 1.    2.
  17 1995  347 14561.  22.8 30.8 3.035 1.    0.
  17 1995  348 14496.  22.8 30.8 3.034 1.    0.
  17 1995  349 14430.  22.7 30.8 3.033 1.    0.
  17 1995  350 14458.  22.7 30.8 3.029 1.    1.
  17 1995  351 14486.  22.7 30.8 3.026 1.    0.
  17 1995  352 14513.  22.7 30.8 3.022 1.    0.
  17 1995  353 14541.  22.7 30.8 3.019 1.    0.
  17 1995  354 14569.  22.7 30.8 3.015 1.    0.
  17 1995  355 14597.  22.7 30.8 3.011 1.    0.
  17 1995  356 14625.  22.7 30.8 3.008 1.    0.
  17 1995  357 14653.  22.7 30.8 3.004 1.    0.
  17 1995  358 14680.  22.7 30.8 3.001 1.    0.
  17 1995  359 14708.  22.6 30.8 2.997 2.    0.
  17 1995  360 14736.  22.6 30.8 2.993 2.    0.
  17 1995  361 14764.  22.6 30.8 2.990 2.    0.
  17 1995  362 14792.  22.6 30.8 2.986 2.    0.
  17 1995  363 14819.  22.6 30.8 2.983 2.    0.
  17 1995  364 14847.  22.6 30.8 2.979 2.    0.
  17 1995  365 14875.  22.6 30.8 2.976 2.    0.
