*---------------------------------------------------------*
*   Country: Cote d'Ivoire
*   Station: Dimbokro
*      Year: 1993
* Longitude: 004 42 W
*  Latitude: 06 39 N
* Elevation: 92 m.
*  WMO-code: 65.5280
*  Comments: Automatically generated file from *.WOF file
*            with REGENSIM.FOR ver. aug 96
*
*  Columns:
*  ========
*  station number
*  year
*  day
*  irradiation (kJ m-2 d-1)
*  minimum temperature (degrees Celsius)
*  maximum temperature (degrees Celsius)
*  vapour pressure (kPa)
*  mean wind speed (m s-1)
*  precipitation (mm month-1)
*---------------------------------------------------------*
  -4.70    6.65   92.00     .00     .00
  16 1993    1 17430.  20.4 34.0 2.479 0.    0.
  16 1993    2 17487.  20.3 34.0 2.467 0.    0.
  16 1993    3 17544.  20.3 34.1 2.456 0.    0.
  16 1993    4 17601.  20.2 34.2 2.445 0.    0.
  16 1993    5 17659.  20.1 34.3 2.433 0.    0.
  16 1993    6 17716.  20.1 34.3 2.422 0.    0.
  16 1993    7 17773.  20.0 34.4 2.411 0.    0.
  16 1993    8 17830.  19.9 34.5 2.399 0.    0.
  16 1993    9 17887.  19.8 34.5 2.388 0.    0.
  16 1993   10 17944.  19.8 34.6 2.377 0.    0.
  16 1993   11 18001.  19.7 34.7 2.365 0.    0.
  16 1993   12 18059.  19.6 34.8 2.354 0.    0.
  16 1993   13 18116.  19.5 34.8 2.343 0.    0.
  16 1993   14 18173.  19.5 34.9 2.331 0.    0.
  16 1993   15 18230.  19.4 35.0 2.320 0.    0.
  16 1993   16 18259.  19.5 35.0 2.329 0.    0.
  16 1993   17 18287.  19.6 34.9 2.339 0.    0.
  16 1993   18 18316.  19.7 34.9 2.349 0.    0.
  16 1993   19 18345.  19.8 34.8 2.358 0.    0.
  16 1993   20 18373.  19.8 34.8 2.368 0.    0.
  16 1993   21 18402.  19.9 34.7 2.377 0.    0.
  16 1993   22 18431.  20.0 34.7 2.387 0.    0.
  16 1993   23 18459.  20.1 34.6 2.396 0.    0.
  16 1993   24 18488.  20.2 34.6 2.406 0.    0.
  16 1993   25 18517.  20.3 34.5 2.415 0.    0.
  16 1993   26 18545.  20.4 34.5 2.425 0.    0.
  16 1993   27 18574.  20.5 34.4 2.434 0.    0.
  16 1993   28 18603.  20.5 34.4 2.444 0.    0.
  16 1993   29 18631.  20.6 34.3 2.453 0.    0.
  16 1993   30 18660.  20.7 34.3 2.463 0.    0.
  16 1993   31 18689.  20.8 34.2 2.472 0.    0.
  16 1993   32 18717.  20.9 34.2 2.482 0.    0.
  16 1993   33 18746.  21.0 34.1 2.491 0.    0.
  16 1993   34 18775.  21.1 34.1 2.500 0.    0.
  16 1993   35 18803.  21.2 34.0 2.510 0.    0.
  16 1993   36 18832.  21.2 34.0 2.520 0.    0.
  16 1993   37 18861.  21.3 34.0 2.529 0.    0.
  16 1993   38 18889.  21.4 33.9 2.539 0.    0.
  16 1993   39 18918.  21.5 33.9 2.548 0.    0.
  16 1993   40 18947.  21.6 33.8 2.557 0.    0.
  16 1993   41 18975.  21.7 33.8 2.567 0.    0.
  16 1993   42 19004.  21.8 33.7 2.576 0.    0.
  16 1993   43 19033.  21.9 33.7 2.586 0.    0.
  16 1993   44 19061.  21.9 33.6 2.595 0.    2.
  16 1993   45 19090.  22.0 33.6 2.605 0.    0.
  16 1993   46 19104.  22.0 33.6 2.606 0.    3.
  16 1993   47 19118.  22.0 33.6 2.607 0.    0.
  16 1993   48 19131.  22.0 33.7 2.608 0.   33.
  16 1993   49 19145.  22.0 33.7 2.609 0.    0.
  16 1993   50 19159.  22.0 33.7 2.609 0.    0.
  16 1993   51 19173.  22.0 33.8 2.610 0.    0.
  16 1993   52 19187.  22.0 33.8 2.611 0.    0.
  16 1993   53 19200.  22.0 33.9 2.612 1.   33.
  16 1993   54 19214.  22.0 33.9 2.613 1.    0.
  16 1993   55 19228.  22.0 33.9 2.614 1.    4.
  16 1993   56 19242.  22.0 34.0 2.615 1.    0.
  16 1993   57 19256.  22.0 34.0 2.616 1.    0.
  16 1993   58 19269.  22.0 34.0 2.617 1.    0.
  16 1993   59 19283.  22.0 34.1 2.618 1.    0.
  16 1993   60 19297.  22.1 34.1 2.618 1.    0.
  16 1993   61 19311.  22.1 34.1 2.619 1.    0.
  16 1993   62 19324.  22.1 34.2 2.620 1.    1.
  16 1993   63 19338.  22.1 34.2 2.621 1.   24.
  16 1993   64 19352.  22.1 34.2 2.622 1.    0.
  16 1993   65 19366.  22.1 34.3 2.623 1.    0.
  16 1993   66 19380.  22.1 34.3 2.624 1.   29.
  16 1993   67 19393.  22.1 34.4 2.625 1.    5.
  16 1993   68 19407.  22.1 34.4 2.626 1.   11.
  16 1993   69 19421.  22.1 34.4 2.627 1.    9.
  16 1993   70 19435.  22.1 34.5 2.627 1.    0.
  16 1993   71 19449.  22.1 34.5 2.628 1.    0.
  16 1993   72 19462.  22.1 34.5 2.629 1.    9.
  16 1993   73 19476.  22.1 34.6 2.630 1.    0.
  16 1993   74 19490.  22.1 34.6 2.631 1.    0.
  16 1993   75 19557.  22.1 34.6 2.638 1.    0.
  16 1993   76 19624.  22.2 34.6 2.645 1.   19.
  16 1993   77 19690.  22.2 34.6 2.652 1.    0.
  16 1993   78 19757.  22.3 34.6 2.660 1.    0.
  16 1993   79 19824.  22.3 34.7 2.667 1.   38.
  16 1993   80 19891.  22.4 34.7 2.674 1.    5.
  16 1993   81 19957.  22.4 34.7 2.681 1.    0.
  16 1993   82 20024.  22.5 34.7 2.688 1.    0.
  16 1993   83 20091.  22.5 34.7 2.695 1.    0.
  16 1993   84 20158.  22.6 34.7 2.703 1.    0.
  16 1993   85 20225.  22.6 34.7 2.710 1.   16.
  16 1993   86 20291.  22.7 34.7 2.717 1.    0.
  16 1993   87 20358.  22.7 34.8 2.724 1.   10.
  16 1993   88 20425.  22.8 34.8 2.731 1.    0.
  16 1993   89 20492.  22.8 34.8 2.738 1.    0.
  16 1993   90 20558.  22.9 34.8 2.746 1.    0.
  16 1993   91 20625.  22.9 34.8 2.753 1.    0.
  16 1993   92 20692.  23.0 34.8 2.760 1.   23.
  16 1993   93 20759.  23.0 34.8 2.767 1.    1.
  16 1993   94 20825.  23.1 34.8 2.774 1.    0.
  16 1993   95 20892.  23.1 34.9 2.781 1.    0.
  16 1993   96 20959.  23.2 34.9 2.789 1.   36.
  16 1993   97 21026.  23.2 34.9 2.796 1.    1.
  16 1993   98 21093.  23.3 34.9 2.803 0.    0.
  16 1993   99 21159.  23.3 34.9 2.810 0.    0.
  16 1993  100 21226.  23.4 34.9 2.817 0.    0.
  16 1993  101 21293.  23.4 34.9 2.824 0.   19.
  16 1993  102 21360.  23.5 34.9 2.832 0.    0.
  16 1993  103 21426.  23.5 34.9 2.839 0.    5.
  16 1993  104 21493.  23.6 35.0 2.846 0.    0.
  16 1993  105 21560.  23.6 35.0 2.853 0.   21.
  16 1993  106 21512.  23.6 34.9 2.862 0.    0.
  16 1993  107 21465.  23.6 34.9 2.871 0.    0.
  16 1993  108 21417.  23.6 34.9 2.881 0.    0.
  16 1993  109 21369.  23.6 34.9 2.890 0.    0.
  16 1993  110 21322.  23.6 34.8 2.899 0.   17.
  16 1993  111 21274.  23.6 34.8 2.908 0.    0.
  16 1993  112 21226.  23.6 34.8 2.917 0.   17.
  16 1993  113 21179.  23.6 34.8 2.927 0.    0.
  16 1993  114 21131.  23.6 34.7 2.936 0.    0.
  16 1993  115 21083.  23.6 34.7 2.945 0.    0.
  16 1993  116 21036.  23.6 34.7 2.954 0.    0.
  16 1993  117 20988.  23.5 34.7 2.963 0.   12.
  16 1993  118 20940.  23.5 34.6 2.973 0.    0.
  16 1993  119 20893.  23.5 34.6 2.982 0.    1.
  16 1993  120 20845.  23.5 34.6 2.991 0.    0.
  16 1993  121 20797.  23.5 34.6 3.000 0.    0.
  16 1993  122 20750.  23.5 34.5 3.009 0.    0.
  16 1993  123 20702.  23.5 34.5 3.019 0.    0.
  16 1993  124 20654.  23.5 34.5 3.028 0.    0.
  16 1993  125 20607.  23.5 34.5 3.037 0.    0.
  16 1993  126 20559.  23.5 34.4 3.046 0.    0.
  16 1993  127 20511.  23.5 34.4 3.055 0.    0.
  16 1993  128 20464.  23.5 34.4 3.065 0.    0.
  16 1993  129 20416.  23.5 34.4 3.074 0.   39.
  16 1993  130 20368.  23.5 34.3 3.083 0.    4.
  16 1993  131 20321.  23.5 34.3 3.092 0.    6.
  16 1993  132 20273.  23.5 34.3 3.101 0.    2.
  16 1993  133 20225.  23.4 34.3 3.111 0.    3.
  16 1993  134 20178.  23.4 34.2 3.120 0.   13.
  16 1993  135 20130.  23.4 34.2 3.129 0.   17.
  16 1993  136 20043.  23.4 34.1 3.121 0.   18.
  16 1993  137 19956.  23.4 34.1 3.114 0.    2.
  16 1993  138 19870.  23.3 34.0 3.106 0.    0.
  16 1993  139 19783.  23.3 33.9 3.099 0.   21.
  16 1993  140 19696.  23.3 33.9 3.091 0.    0.
  16 1993  141 19609.  23.2 33.8 3.084 0.    0.
  16 1993  142 19523.  23.2 33.7 3.076 0.    0.
  16 1993  143 19436.  23.2 33.7 3.069 0.    0.
  16 1993  144 19349.  23.1 33.6 3.061 0.    0.
  16 1993  145 19262.  23.1 33.5 3.054 0.    0.
  16 1993  146 19175.  23.1 33.5 3.046 0.    0.
  16 1993  147 19089.  23.0 33.4 3.038 0.    0.
  16 1993  148 19002.  23.0 33.3 3.031 0.    6.
  16 1993  149 18915.  23.0 33.3 3.023 0.    0.
  16 1993  150 18828.  22.9 33.2 3.016 0.    8.
  16 1993  151 18742.  22.9 33.1 3.008 0.    0.
  16 1993  152 18655.  22.8 33.1 3.001 0.   23.
  16 1993  153 18568.  22.8 33.0 2.993 0.    4.
  16 1993  154 18481.  22.8 32.9 2.986 0.    0.
  16 1993  155 18395.  22.7 32.9 2.978 0.   17.
  16 1993  156 18308.  22.7 32.8 2.970 0.    4.
  16 1993  157 18221.  22.7 32.7 2.963 0.    1.
  16 1993  158 18134.  22.6 32.7 2.955 0.    0.
  16 1993  159 18047.  22.6 32.6 2.948 0.   37.
  16 1993  160 17961.  22.6 32.5 2.940 0.   70.
  16 1993  161 17874.  22.5 32.5 2.933 0.    1.
  16 1993  162 17787.  22.5 32.4 2.925 0.    0.
  16 1993  163 17700.  22.5 32.3 2.918 0.    0.
  16 1993  164 17614.  22.4 32.3 2.910 0.   69.
  16 1993  165 17527.  22.4 32.2 2.903 0.    0.
  16 1993  166 17440.  22.4 32.1 2.895 0.   18.
  16 1993  167 17359.  22.4 32.1 2.895 0.   19.
  16 1993  168 17279.  22.3 32.0 2.895 0.    8.
  16 1993  169 17198.  22.3 31.9 2.895 0.    0.
  16 1993  170 17117.  22.3 31.9 2.895 0.    0.
  16 1993  171 17037.  22.3 31.8 2.895 0.   16.
  16 1993  172 16956.  22.3 31.7 2.896 0.    0.
  16 1993  173 16875.  22.2 31.7 2.896 0.    0.
  16 1993  174 16795.  22.2 31.6 2.896 0.    0.
  16 1993  175 16714.  22.2 31.6 2.896 0.    1.
  16 1993  176 16633.  22.2 31.5 2.896 0.    0.
  16 1993  177 16553.  22.2 31.4 2.896 0.    0.
  16 1993  178 16472.  22.1 31.4 2.896 0.    0.
  16 1993  179 16391.  22.1 31.3 2.896 0.    0.
  16 1993  180 16311.  22.1 31.2 2.896 0.    8.
  16 1993  181 16230.  22.1 31.2 2.897 0.    2.
  16 1993  182 16149.  22.1 31.1 2.897 0.    0.
  16 1993  183 16069.  22.0 31.0 2.897 0.    0.
  16 1993  184 15988.  22.0 31.0 2.897 0.    0.
  16 1993  185 15907.  22.0 30.9 2.897 0.    0.
  16 1993  186 15827.  22.0 30.8 2.897 0.    5.
  16 1993  187 15746.  22.0 30.8 2.897 0.    0.
  16 1993  188 15665.  22.0 30.7 2.897 0.    0.
  16 1993  189 15585.  21.9 30.7 2.897 0.    0.
  16 1993  190 15504.  21.9 30.6 2.897 0.    0.
  16 1993  191 15423.  21.9 30.5 2.898 0.    0.
  16 1993  192 15343.  21.9 30.5 2.898 0.    0.
  16 1993  193 15262.  21.9 30.4 2.898 0.    0.
  16 1993  194 15181.  21.8 30.3 2.898 0.    0.
  16 1993  195 15101.  21.8 30.3 2.898 0.    0.
  16 1993  196 15020.  21.8 30.2 2.898 0.    0.
  16 1993  197 15011.  21.8 30.2 2.891 0.    0.
  16 1993  198 15001.  21.8 30.2 2.884 0.    5.
  16 1993  199 14992.  21.8 30.2 2.877 0.    0.
  16 1993  200 14983.  21.8 30.2 2.870 0.    0.
  16 1993  201 14973.  21.8 30.3 2.863 0.    0.
  16 1993  202 14964.  21.8 30.3 2.857 0.    0.
  16 1993  203 14955.  21.8 30.3 2.850 0.    0.
  16 1993  204 14945.  21.8 30.3 2.843 0.    0.
  16 1993  205 14936.  21.8 30.3 2.836 0.    0.
  16 1993  206 14926.  21.8 30.3 2.829 0.    4.
  16 1993  207 14917.  21.8 30.3 2.822 0.    0.
  16 1993  208 14908.  21.8 30.3 2.815 0.    0.
  16 1993  209 14898.  21.8 30.4 2.808 0.    0.
  16 1993  210 14889.  21.8 30.4 2.801 0.    0.
  16 1993  211 14880.  21.8 30.4 2.794 0.    0.
  16 1993  212 14870.  21.7 30.4 2.788 0.    5.
  16 1993  213 14861.  21.7 30.4 2.781 0.    1.
  16 1993  214 14852.  21.7 30.4 2.774 0.    0.
  16 1993  215 14842.  21.7 30.4 2.767 0.    0.
  16 1993  216 14833.  21.7 30.4 2.760 0.    0.
  16 1993  217 14824.  21.7 30.5 2.753 0.    0.
  16 1993  218 14814.  21.7 30.5 2.746 0.    0.
  16 1993  219 14805.  21.7 30.5 2.739 0.    0.
  16 1993  220 14795.  21.7 30.5 2.732 0.    0.
  16 1993  221 14786.  21.7 30.5 2.725 0.    1.
  16 1993  222 14777.  21.7 30.5 2.719 0.    0.
  16 1993  223 14767.  21.7 30.5 2.712 0.    0.
  16 1993  224 14758.  21.7 30.5 2.705 0.    0.
  16 1993  225 14749.  21.7 30.5 2.698 0.    0.
  16 1993  226 14739.  21.7 30.6 2.691 0.    0.
  16 1993  227 14730.  21.7 30.6 2.684 0.    1.
  16 1993  228 14783.  21.7 30.6 2.683 0.    1.
  16 1993  229 14835.  21.7 30.7 2.682 0.    0.
  16 1993  230 14888.  21.7 30.7 2.681 0.    1.
  16 1993  231 14940.  21.8 30.8 2.680 0.    0.
  16 1993  232 14993.  21.8 30.8 2.679 0.    1.
  16 1993  233 15045.  21.8 30.9 2.678 0.    0.
  16 1993  234 15098.  21.8 30.9 2.677 0.    1.
  16 1993  235 15151.  21.8 31.0 2.676 0.    0.
  16 1993  236 15203.  21.8 31.0 2.675 0.    1.
  16 1993  237 15256.  21.9 31.1 2.674 0.    0.
  16 1993  238 15308.  21.9 31.1 2.673 0.    0.
  16 1993  239 15361.  21.9 31.2 2.672 0.    0.
  16 1993  240 15414.  21.9 31.2 2.671 0.    0.
  16 1993  241 15466.  21.9 31.3 2.670 0.    0.
  16 1993  242 15519.  21.9 31.3 2.669 0.    1.
  16 1993  243 15571.  22.0 31.4 2.668 0.    1.
  16 1993  244 15624.  22.0 31.4 2.667 0.    0.
  16 1993  245 15676.  22.0 31.5 2.666 0.   29.
  16 1993  246 15729.  22.0 31.5 2.665 0.    0.
  16 1993  247 15782.  22.0 31.6 2.664 0.   23.
  16 1993  248 15834.  22.0 31.6 2.663 0.    0.
  16 1993  249 15887.  22.1 31.7 2.662 0.    5.
  16 1993  250 15939.  22.1 31.7 2.661 0.    0.
  16 1993  251 15992.  22.1 31.8 2.660 0.    0.
  16 1993  252 16045.  22.1 31.8 2.659 0.    0.
  16 1993  253 16097.  22.1 31.9 2.658 0.    0.
  16 1993  254 16150.  22.1 31.9 2.657 0.    0.
  16 1993  255 16202.  22.2 32.0 2.656 0.    0.
  16 1993  256 16255.  22.2 32.0 2.655 0.    0.
  16 1993  257 16307.  22.2 32.1 2.654 0.   22.
  16 1993  258 16360.  22.2 32.1 2.653 0.    0.
  16 1993  259 16463.  22.2 32.1 2.655 0.    3.
  16 1993  260 16565.  22.2 32.1 2.657 0.    2.
  16 1993  261 16668.  22.2 32.1 2.658 0.    0.
  16 1993  262 16771.  22.2 32.1 2.660 0.    7.
  16 1993  263 16873.  22.2 32.1 2.662 0.    0.
  16 1993  264 16976.  22.2 32.1 2.664 0.    0.
  16 1993  265 17079.  22.2 32.1 2.666 0.    0.
  16 1993  266 17181.  22.2 32.2 2.667 0.    0.
  16 1993  267 17284.  22.2 32.2 2.669 0.   11.
  16 1993  268 17387.  22.2 32.2 2.671 0.    0.
  16 1993  269 17489.  22.2 32.2 2.673 0.    2.
  16 1993  270 17592.  22.2 32.2 2.675 0.    0.
  16 1993  271 17695.  22.2 32.2 2.676 0.    0.
  16 1993  272 17797.  22.2 32.2 2.678 0.   11.
  16 1993  273 17900.  22.3 32.2 2.680 0.    0.
  16 1993  274 18003.  22.3 32.2 2.682 0.    0.
  16 1993  275 18105.  22.3 32.2 2.684 0.    1.
  16 1993  276 18208.  22.3 32.2 2.685 0.   21.
  16 1993  277 18311.  22.3 32.2 2.687 0.    0.
  16 1993  278 18413.  22.3 32.2 2.689 0.    0.
  16 1993  279 18516.  22.3 32.2 2.691 0.    0.
  16 1993  280 18619.  22.3 32.2 2.693 0.    6.
  16 1993  281 18721.  22.3 32.3 2.694 0.    0.
  16 1993  282 18824.  22.3 32.3 2.696 0.    0.
  16 1993  283 18927.  22.3 32.3 2.698 0.   11.
  16 1993  284 19029.  22.3 32.3 2.700 0.    0.
  16 1993  285 19132.  22.3 32.3 2.702 0.   20.
  16 1993  286 19235.  22.3 32.3 2.703 0.    1.
  16 1993  287 19337.  22.3 32.3 2.705 0.    0.
  16 1993  288 19440.  22.3 32.3 2.707 0.    0.
  16 1993  289 19394.  22.3 32.3 2.714 0.   12.
  16 1993  290 19348.  22.3 32.4 2.721 0.    0.
  16 1993  291 19303.  22.4 32.4 2.728 0.   16.
  16 1993  292 19257.  22.4 32.5 2.735 0.    9.
  16 1993  293 19211.  22.4 32.5 2.742 0.   11.
  16 1993  294 19165.  22.4 32.5 2.749 0.    0.
  16 1993  295 19119.  22.4 32.6 2.756 0.   11.
  16 1993  296 19074.  22.5 32.6 2.763 0.    0.
  16 1993  297 19028.  22.5 32.7 2.770 0.    0.
  16 1993  298 18982.  22.5 32.7 2.777 0.    0.
  16 1993  299 18936.  22.5 32.7 2.784 0.    0.
  16 1993  300 18890.  22.5 32.8 2.791 0.   16.
  16 1993  301 18845.  22.6 32.8 2.798 0.    6.
  16 1993  302 18799.  22.6 32.9 2.805 0.    0.
  16 1993  303 18753.  22.6 32.9 2.812 0.    0.
  16 1993  304 18707.  22.6 32.9 2.818 0.    0.
  16 1993  305 18661.  22.6 33.0 2.825 0.    0.
  16 1993  306 18615.  22.6 33.0 2.832 0.    0.
  16 1993  307 18570.  22.7 33.1 2.839 0.    0.
  16 1993  308 18524.  22.7 33.1 2.846 0.    0.
  16 1993  309 18478.  22.7 33.1 2.853 0.    0.
  16 1993  310 18432.  22.7 33.2 2.860 0.    0.
  16 1993  311 18386.  22.7 33.2 2.867 0.    0.
  16 1993  312 18341.  22.8 33.3 2.874 0.    0.
  16 1993  313 18295.  22.8 33.3 2.881 0.   12.
  16 1993  314 18249.  22.8 33.3 2.888 0.    0.
  16 1993  315 18203.  22.8 33.4 2.895 0.    0.
  16 1993  316 18157.  22.8 33.4 2.902 0.    0.
  16 1993  317 18112.  22.9 33.5 2.909 0.    0.
  16 1993  318 18066.  22.9 33.5 2.916 0.    0.
  16 1993  319 18020.  22.9 33.5 2.923 0.    0.
  16 1993  320 17974.  22.9 33.5 2.913 0.    3.
  16 1993  321 17927.  22.8 33.5 2.904 0.    0.
  16 1993  322 17881.  22.8 33.5 2.894 0.    0.
  16 1993  323 17835.  22.7 33.4 2.885 0.    1.
  16 1993  324 17788.  22.7 33.4 2.875 0.    8.
  16 1993  325 17742.  22.6 33.4 2.866 0.    2.
  16 1993  326 17696.  22.6 33.4 2.856 0.    0.
  16 1993  327 17649.  22.5 33.4 2.847 0.    0.
  16 1993  328 17603.  22.5 33.3 2.837 0.    6.
  16 1993  329 17557.  22.4 33.3 2.828 0.    0.
  16 1993  330 17510.  22.4 33.3 2.818 0.    0.
  16 1993  331 17464.  22.3 33.3 2.809 0.   15.
  16 1993  332 17418.  22.3 33.3 2.799 0.    0.
  16 1993  333 17371.  22.2 33.2 2.790 0.    0.
  16 1993  334 17325.  22.2 33.2 2.780 0.    3.
  16 1993  335 17279.  22.1 33.2 2.770 0.    0.
  16 1993  336 17232.  22.1 33.2 2.761 0.    0.
  16 1993  337 17186.  22.0 33.2 2.751 0.   18.
  16 1993  338 17140.  22.0 33.1 2.742 0.    0.
  16 1993  339 17093.  21.9 33.1 2.732 0.    0.
  16 1993  340 17047.  21.9 33.1 2.723 0.    0.
  16 1993  341 17001.  21.8 33.1 2.713 0.    0.
  16 1993  342 16954.  21.8 33.0 2.704 0.    0.
  16 1993  343 16908.  21.7 33.0 2.694 0.    0.
  16 1993  344 16862.  21.7 33.0 2.685 0.    0.
  16 1993  345 16815.  21.6 33.0 2.675 0.    0.
  16 1993  346 16769.  21.6 33.0 2.666 0.    0.
  16 1993  347 16723.  21.5 32.9 2.656 0.    0.
  16 1993  348 16676.  21.5 32.9 2.647 0.    0.
  16 1993  349 16630.  21.4 32.9 2.637 0.    0.
  16 1993  350 16680.  21.4 33.0 2.627 0.    0.
  16 1993  351 16730.  21.3 33.0 2.617 0.    0.
  16 1993  352 16780.  21.2 33.1 2.607 0.    0.
  16 1993  353 16830.  21.2 33.2 2.597 0.    0.
  16 1993  354 16880.  21.1 33.2 2.587 0.    0.
  16 1993  355 16930.  21.0 33.3 2.578 0.    0.
  16 1993  356 16980.  21.0 33.4 2.568 0.    0.
  16 1993  357 17030.  20.9 33.4 2.558 0.    0.
  16 1993  358 17080.  20.9 33.5 2.548 0.    0.
  16 1993  359 17130.  20.8 33.6 2.538 0.    0.
  16 1993  360 17180.  20.7 33.6 2.528 0.    0.
  16 1993  361 17230.  20.7 33.7 2.518 0.    0.
  16 1993  362 17280.  20.6 33.8 2.508 0.    0.
  16 1993  363 17330.  20.5 33.8 2.498 0.   12.
  16 1993  364 17380.  20.5 33.9 2.488 0.    1.
  16 1993  365 17430.  20.4 34.0 2.479 0.    0.
