*---------------------------------------------------------*
*   Country: Cote d'Ivoire
*   Station: Dimbokro
*      Year: 1992
* Longitude: 004 42 W
*  Latitude: 06 39 N
* Elevation: 92 m.
*  WMO-code: 65.5280
*  Comments: Automatically generated file from *.WOF file
*            with REGENSIM.FOR ver. aug 96
*
*  Columns:
*  ========
*  station number
*  year
*  day
*  irradiation (kJ m-2 d-1)
*  minimum temperature (degrees Celsius)
*  maximum temperature (degrees Celsius)
*  vapour pressure (kPa)
*  mean wind speed (m s-1)
*  precipitation (mm month-1)
*---------------------------------------------------------*
  -4.70    6.65   92.00     .00     .00
  16 1992    1 15980.  20.0 33.2 2.297 0.    0.
  16 1992    2 15929.  19.9 33.4 2.277 0.    0.
  16 1992    3 15879.  19.9 33.5 2.257 0.    0.
  16 1992    4 15828.  19.9 33.6 2.238 0.    0.
  16 1992    5 15777.  19.8 33.7 2.218 0.    0.
  16 1992    6 15726.  19.8 33.8 2.198 0.    0.
  16 1992    7 15676.  19.8 33.9 2.178 0.    0.
  16 1992    8 15625.  19.7 34.0 2.159 0.    0.
  16 1992    9 15574.  19.7 34.2 2.139 0.    0.
  16 1992   10 15524.  19.7 34.3 2.119 0.    0.
  16 1992   11 15473.  19.6 34.4 2.099 0.    0.
  16 1992   12 15422.  19.6 34.5 2.079 0.    0.
  16 1992   13 15371.  19.6 34.6 2.060 0.    0.
  16 1992   14 15321.  19.5 34.7 2.040 0.    0.
  16 1992   15 15270.  19.5 34.8 2.020 0.    0.
  16 1992   16 15405.  19.6 34.8 2.039 0.    0.
  16 1992   17 15541.  19.7 34.8 2.057 0.    0.
  16 1992   18 15676.  19.8 34.8 2.076 0.    0.
  16 1992   19 15811.  19.9 34.8 2.094 0.    0.
  16 1992   20 15947.  20.0 34.8 2.113 0.    0.
  16 1992   21 16082.  20.0 34.8 2.132 0.    0.
  16 1992   22 16217.  20.1 34.8 2.150 0.    0.
  16 1992   23 16353.  20.2 34.8 2.169 0.    0.
  16 1992   24 16488.  20.3 34.9 2.187 0.    0.
  16 1992   25 16623.  20.4 34.9 2.206 0.    0.
  16 1992   26 16759.  20.5 34.9 2.225 0.    0.
  16 1992   27 16894.  20.6 34.9 2.243 0.    0.
  16 1992   28 17029.  20.7 34.9 2.262 0.    0.
  16 1992   29 17165.  20.8 34.9 2.280 0.    0.
  16 1992   30 17300.  20.9 34.9 2.299 1.    0.
  16 1992   31 17435.  20.9 34.9 2.318 1.   20.
  16 1992   32 17571.  21.0 34.9 2.336 1.    0.
  16 1992   33 17706.  21.1 34.9 2.355 1.    0.
  16 1992   34 17841.  21.2 34.9 2.373 1.    0.
  16 1992   35 17977.  21.3 34.9 2.392 1.    0.
  16 1992   36 18112.  21.4 34.9 2.411 1.    0.
  16 1992   37 18247.  21.5 34.9 2.429 1.    0.
  16 1992   38 18383.  21.6 34.9 2.448 1.    0.
  16 1992   39 18518.  21.7 34.9 2.466 1.    0.
  16 1992   40 18653.  21.8 34.9 2.485 1.    4.
  16 1992   41 18789.  21.8 34.9 2.504 1.    0.
  16 1992   42 18924.  21.9 34.9 2.522 1.    0.
  16 1992   43 19059.  22.0 34.9 2.541 1.    0.
  16 1992   44 19195.  22.1 34.9 2.559 1.    0.
  16 1992   45 19330.  22.2 34.9 2.578 1.    0.
  16 1992   46 19305.  22.3 34.9 2.585 1.    0.
  16 1992   47 19281.  22.3 35.0 2.593 1.    0.
  16 1992   48 19256.  22.4 35.0 2.600 1.    0.
  16 1992   49 19231.  22.4 35.1 2.608 1.    0.
  16 1992   50 19207.  22.5 35.1 2.615 1.    0.
  16 1992   51 19182.  22.6 35.2 2.623 1.    0.
  16 1992   52 19157.  22.6 35.2 2.630 1.    0.
  16 1992   53 19133.  22.7 35.3 2.637 1.    0.
  16 1992   54 19108.  22.7 35.3 2.645 1.    0.
  16 1992   55 19083.  22.8 35.4 2.652 1.    0.
  16 1992   56 19059.  22.9 35.4 2.660 1.    0.
  16 1992   57 19034.  22.9 35.5 2.667 1.    0.
  16 1992   58 19009.  23.0 35.5 2.675 1.   16.
  16 1992   59 18985.  23.1 35.6 2.682 1.    0.
  16 1992   60 18960.  23.1 35.6 2.690 1.   12.
  16 1992   61 18935.  23.2 35.7 2.697 1.    0.
  16 1992   62 18911.  23.2 35.7 2.704 1.    0.
  16 1992   63 18886.  23.3 35.8 2.712 1.    0.
  16 1992   64 18861.  23.4 35.8 2.719 1.    0.
  16 1992   65 18837.  23.4 35.9 2.727 1.    4.
  16 1992   66 18812.  23.5 35.9 2.734 1.    9.
  16 1992   67 18787.  23.5 36.0 2.742 1.    6.
  16 1992   68 18763.  23.6 36.0 2.749 1.    0.
  16 1992   69 18738.  23.7 36.1 2.756 1.    2.
  16 1992   70 18713.  23.7 36.1 2.764 1.    0.
  16 1992   71 18689.  23.8 36.2 2.771 1.    0.
  16 1992   72 18664.  23.8 36.2 2.779 1.    0.
  16 1992   73 18639.  23.9 36.3 2.786 1.    8.
  16 1992   74 18615.  24.0 36.3 2.794 1.    0.
  16 1992   75 18590.  24.0 36.4 2.801 1.    0.
  16 1992   76 18604.  24.0 36.3 2.807 1.    0.
  16 1992   77 18617.  24.0 36.3 2.813 1.   15.
  16 1992   78 18631.  23.9 36.2 2.820 1.    3.
  16 1992   79 18644.  23.9 36.1 2.826 1.    0.
  16 1992   80 18658.  23.9 36.1 2.832 1.    0.
  16 1992   81 18671.  23.9 36.0 2.838 1.    0.
  16 1992   82 18685.  23.8 36.0 2.844 1.    0.
  16 1992   83 18698.  23.8 35.9 2.851 1.    0.
  16 1992   84 18712.  23.8 35.8 2.857 1.    0.
  16 1992   85 18725.  23.7 35.8 2.863 1.    0.
  16 1992   86 18739.  23.7 35.7 2.869 1.    0.
  16 1992   87 18753.  23.7 35.7 2.875 1.    8.
  16 1992   88 18766.  23.6 35.6 2.882 1.    0.
  16 1992   89 18780.  23.6 35.6 2.888 1.    0.
  16 1992   90 18793.  23.6 35.5 2.894 1.    0.
  16 1992   91 18807.  23.6 35.4 2.900 0.    0.
  16 1992   92 18820.  23.5 35.4 2.906 0.    3.
  16 1992   93 18834.  23.5 35.3 2.912 0.   30.
  16 1992   94 18847.  23.5 35.3 2.919 0.    8.
  16 1992   95 18861.  23.4 35.2 2.925 0.    2.
  16 1992   96 18875.  23.4 35.2 2.931 0.    0.
  16 1992   97 18888.  23.4 35.1 2.937 0.    5.
  16 1992   98 18902.  23.3 35.0 2.943 0.    0.
  16 1992   99 18915.  23.3 35.0 2.950 0.   10.
  16 1992  100 18929.  23.3 34.9 2.956 0.   16.
  16 1992  101 18942.  23.3 34.9 2.962 0.    0.
  16 1992  102 18956.  23.2 34.8 2.968 0.    0.
  16 1992  103 18969.  23.2 34.7 2.974 0.    0.
  16 1992  104 18983.  23.2 34.7 2.981 0.    2.
  16 1992  105 18996.  23.1 34.6 2.987 0.    0.
  16 1992  106 19010.  23.1 34.6 2.993 0.    9.
  16 1992  107 19027.  23.1 34.6 2.992 0.    0.
  16 1992  108 19044.  23.1 34.5 2.991 0.    2.
  16 1992  109 19061.  23.1 34.5 2.989 0.   27.
  16 1992  110 19078.  23.1 34.5 2.988 0.    0.
  16 1992  111 19095.  23.1 34.5 2.987 0.    0.
  16 1992  112 19112.  23.1 34.5 2.986 0.    0.
  16 1992  113 19129.  23.1 34.5 2.984 0.    0.
  16 1992  114 19146.  23.1 34.5 2.983 0.    0.
  16 1992  115 19163.  23.1 34.5 2.982 0.    0.
  16 1992  116 19180.  23.1 34.4 2.981 0.    0.
  16 1992  117 19197.  23.1 34.4 2.979 0.   33.
  16 1992  118 19214.  23.2 34.4 2.978 0.    0.
  16 1992  119 19231.  23.2 34.4 2.977 0.    0.
  16 1992  120 19248.  23.2 34.4 2.976 0.   11.
  16 1992  121 19265.  23.2 34.4 2.974 0.    0.
  16 1992  122 19282.  23.2 34.4 2.973 0.    0.
  16 1992  123 19299.  23.2 34.3 2.972 0.    0.
  16 1992  124 19316.  23.2 34.3 2.971 0.    0.
  16 1992  125 19333.  23.2 34.3 2.970 0.    0.
  16 1992  126 19350.  23.2 34.3 2.968 0.   25.
  16 1992  127 19367.  23.2 34.3 2.967 0.   17.
  16 1992  128 19384.  23.2 34.3 2.966 0.    0.
  16 1992  129 19401.  23.2 34.3 2.965 0.    0.
  16 1992  130 19418.  23.2 34.3 2.963 0.    0.
  16 1992  131 19435.  23.2 34.2 2.962 0.    0.
  16 1992  132 19452.  23.2 34.2 2.961 0.    0.
  16 1992  133 19469.  23.2 34.2 2.960 0.   65.
  16 1992  134 19486.  23.2 34.2 2.958 0.    0.
  16 1992  135 19503.  23.2 34.2 2.957 0.   19.
  16 1992  136 19520.  23.2 34.2 2.956 0.    0.
  16 1992  137 19378.  23.2 34.1 2.952 0.    0.
  16 1992  138 19236.  23.2 34.0 2.948 0.    0.
  16 1992  139 19094.  23.2 33.9 2.944 0.    0.
  16 1992  140 18952.  23.1 33.9 2.941 0.    0.
  16 1992  141 18810.  23.1 33.8 2.937 0.   12.
  16 1992  142 18668.  23.1 33.7 2.933 0.    0.
  16 1992  143 18526.  23.0 33.7 2.929 0.    0.
  16 1992  144 18385.  23.0 33.6 2.925 0.    0.
  16 1992  145 18243.  23.0 33.5 2.921 0.    0.
  16 1992  146 18101.  23.0 33.4 2.917 0.    0.
  16 1992  147 17959.  22.9 33.4 2.913 0.    6.
  16 1992  148 17817.  22.9 33.3 2.910 0.    0.
  16 1992  149 17675.  22.9 33.2 2.906 0.    0.
  16 1992  150 17533.  22.9 33.1 2.902 0.   25.
  16 1992  151 17391.  22.8 33.1 2.898 0.    0.
  16 1992  152 17249.  22.8 33.0 2.894 1.    1.
  16 1992  153 17107.  22.8 32.9 2.890 1.    0.
  16 1992  154 16965.  22.8 32.8 2.886 1.    0.
  16 1992  155 16823.  22.7 32.8 2.882 1.    1.
  16 1992  156 16681.  22.7 32.7 2.879 1.    3.
  16 1992  157 16539.  22.7 32.6 2.875 1.    7.
  16 1992  158 16397.  22.7 32.5 2.871 1.    2.
  16 1992  159 16255.  22.6 32.5 2.867 1.    2.
  16 1992  160 16114.  22.6 32.4 2.863 1.    1.
  16 1992  161 15972.  22.6 32.3 2.859 1.    0.
  16 1992  162 15830.  22.6 32.2 2.855 1.    3.
  16 1992  163 15688.  22.5 32.2 2.851 1.    4.
  16 1992  164 15546.  22.5 32.1 2.848 1.    3.
  16 1992  165 15404.  22.5 32.0 2.844 1.    0.
  16 1992  166 15262.  22.5 31.9 2.840 1.   19.
  16 1992  167 15120.  22.4 31.9 2.836 1.    7.
  16 1992  168 15053.  22.4 31.8 2.833 1.    0.
  16 1992  169 14987.  22.4 31.7 2.830 1.   16.
  16 1992  170 14920.  22.4 31.7 2.827 1.    0.
  16 1992  171 14853.  22.3 31.6 2.824 1.    0.
  16 1992  172 14787.  22.3 31.6 2.821 1.    5.
  16 1992  173 14720.  22.3 31.5 2.818 1.    0.
  16 1992  174 14653.  22.2 31.4 2.815 1.    0.
  16 1992  175 14587.  22.2 31.4 2.813 0.    0.
  16 1992  176 14520.  22.2 31.3 2.810 0.    0.
  16 1992  177 14453.  22.2 31.2 2.807 0.    0.
  16 1992  178 14387.  22.1 31.2 2.804 0.    0.
  16 1992  179 14320.  22.1 31.1 2.801 0.    0.
  16 1992  180 14253.  22.1 31.0 2.798 0.    0.
  16 1992  181 14187.  22.1 31.0 2.795 0.    0.
  16 1992  182 14120.  22.0 30.9 2.792 0.    9.
  16 1992  183 14053.  22.0 30.9 2.789 0.    0.
  16 1992  184 13987.  22.0 30.8 2.786 0.    1.
  16 1992  185 13920.  21.9 30.7 2.783 0.    0.
  16 1992  186 13853.  21.9 30.7 2.780 0.    0.
  16 1992  187 13787.  21.9 30.6 2.777 0.    0.
  16 1992  188 13720.  21.9 30.5 2.774 0.    0.
  16 1992  189 13653.  21.8 30.5 2.771 0.    0.
  16 1992  190 13587.  21.8 30.4 2.769 0.    0.
  16 1992  191 13520.  21.8 30.4 2.766 0.    0.
  16 1992  192 13453.  21.8 30.3 2.763 0.    0.
  16 1992  193 13387.  21.7 30.2 2.760 0.    0.
  16 1992  194 13320.  21.7 30.2 2.757 0.    0.
  16 1992  195 13253.  21.7 30.1 2.754 0.    0.
  16 1992  196 13187.  21.7 30.0 2.751 0.    0.
  16 1992  197 13120.  21.6 30.0 2.748 0.    0.
  16 1992  198 13148.  21.6 30.0 2.740 0.   40.
  16 1992  199 13175.  21.6 30.0 2.733 0.    4.
  16 1992  200 13203.  21.6 30.0 2.725 0.    0.
  16 1992  201 13231.  21.5 30.0 2.717 0.    0.
  16 1992  202 13259.  21.5 30.0 2.709 0.    3.
  16 1992  203 13286.  21.5 30.0 2.702 0.    0.
  16 1992  204 13314.  21.5 30.0 2.694 0.    0.
  16 1992  205 13342.  21.4 30.0 2.686 0.    0.
  16 1992  206 13370.  21.4 30.0 2.678 0.    1.
  16 1992  207 13397.  21.4 30.1 2.671 0.    4.
  16 1992  208 13425.  21.4 30.1 2.663 0.    0.
  16 1992  209 13453.  21.3 30.1 2.655 0.    2.
  16 1992  210 13481.  21.3 30.1 2.647 0.    0.
  16 1992  211 13508.  21.3 30.1 2.640 0.    0.
  16 1992  212 13536.  21.3 30.1 2.632 0.    0.
  16 1992  213 13564.  21.3 30.1 2.624 0.    0.
  16 1992  214 13592.  21.2 30.1 2.616 0.    0.
  16 1992  215 13619.  21.2 30.1 2.609 0.    0.
  16 1992  216 13647.  21.2 30.1 2.601 0.    0.
  16 1992  217 13675.  21.2 30.1 2.593 0.    0.
  16 1992  218 13703.  21.1 30.1 2.585 0.    0.
  16 1992  219 13730.  21.1 30.2 2.578 0.    0.
  16 1992  220 13758.  21.1 30.2 2.570 0.    0.
  16 1992  221 13786.  21.1 30.2 2.562 0.    0.
  16 1992  222 13814.  21.0 30.2 2.554 0.    0.
  16 1992  223 13841.  21.0 30.2 2.547 0.    0.
  16 1992  224 13869.  21.0 30.2 2.539 0.    0.
  16 1992  225 13897.  21.0 30.2 2.531 0.    0.
  16 1992  226 13925.  20.9 30.2 2.523 0.    0.
  16 1992  227 13952.  20.9 30.2 2.516 0.    0.
  16 1992  228 13980.  20.9 30.2 2.508 0.    0.
  16 1992  229 14038.  20.9 30.3 2.515 0.    0.
  16 1992  230 14095.  21.0 30.3 2.521 0.    0.
  16 1992  231 14153.  21.0 30.4 2.528 0.    1.
  16 1992  232 14211.  21.0 30.5 2.534 0.    0.
  16 1992  233 14269.  21.0 30.5 2.541 0.    0.
  16 1992  234 14326.  21.1 30.6 2.548 0.    0.
  16 1992  235 14384.  21.1 30.6 2.554 0.    0.
  16 1992  236 14442.  21.1 30.7 2.561 0.    0.
  16 1992  237 14500.  21.1 30.7 2.568 0.    0.
  16 1992  238 14557.  21.2 30.8 2.574 0.    1.
  16 1992  239 14615.  21.2 30.8 2.581 0.    0.
  16 1992  240 14673.  21.2 30.9 2.587 0.    0.
  16 1992  241 14731.  21.2 31.0 2.594 0.    0.
  16 1992  242 14788.  21.3 31.0 2.601 0.    0.
  16 1992  243 14846.  21.3 31.1 2.607 0.    0.
  16 1992  244 14904.  21.3 31.1 2.614 1.    0.
  16 1992  245 14962.  21.4 31.2 2.620 1.    0.
  16 1992  246 15019.  21.4 31.2 2.627 1.    0.
  16 1992  247 15077.  21.4 31.3 2.634 1.    0.
  16 1992  248 15135.  21.4 31.4 2.640 1.    0.
  16 1992  249 15193.  21.5 31.4 2.647 1.    1.
  16 1992  250 15250.  21.5 31.5 2.653 1.    0.
  16 1992  251 15308.  21.5 31.5 2.660 1.    3.
  16 1992  252 15366.  21.5 31.6 2.667 1.   18.
  16 1992  253 15424.  21.6 31.6 2.673 1.    0.
  16 1992  254 15481.  21.6 31.7 2.680 1.    1.
  16 1992  255 15539.  21.6 31.7 2.687 1.    0.
  16 1992  256 15597.  21.6 31.8 2.693 1.    0.
  16 1992  257 15655.  21.7 31.9 2.700 1.    9.
  16 1992  258 15712.  21.7 31.9 2.706 1.    0.
  16 1992  259 15770.  21.7 32.0 2.713 1.    0.
  16 1992  260 15822.  21.7 32.0 2.718 1.    5.
  16 1992  261 15875.  21.7 32.0 2.723 1.   17.
  16 1992  262 15927.  21.7 32.0 2.728 1.    0.
  16 1992  263 15979.  21.7 32.0 2.733 1.    0.
  16 1992  264 16032.  21.7 32.0 2.738 1.    0.
  16 1992  265 16084.  21.7 32.1 2.743 1.   11.
  16 1992  266 16136.  21.7 32.1 2.748 1.    0.
  16 1992  267 16189.  21.7 32.1 2.754 0.    0.
  16 1992  268 16241.  21.8 32.1 2.759 0.   30.
  16 1992  269 16293.  21.8 32.1 2.764 0.    0.
  16 1992  270 16346.  21.8 32.1 2.769 0.   13.
  16 1992  271 16398.  21.8 32.1 2.774 0.    0.
  16 1992  272 16450.  21.8 32.2 2.779 0.    1.
  16 1992  273 16503.  21.8 32.2 2.784 0.    0.
  16 1992  274 16555.  21.8 32.2 2.789 0.    0.
  16 1992  275 16607.  21.8 32.2 2.794 0.    0.
  16 1992  276 16660.  21.8 32.2 2.799 0.    0.
  16 1992  277 16712.  21.8 32.2 2.804 0.    0.
  16 1992  278 16764.  21.8 32.2 2.809 0.    0.
  16 1992  279 16817.  21.8 32.3 2.814 0.   18.
  16 1992  280 16869.  21.8 32.3 2.819 0.    2.
  16 1992  281 16921.  21.8 32.3 2.824 0.    0.
  16 1992  282 16974.  21.8 32.3 2.830 0.   12.
  16 1992  283 17026.  21.8 32.3 2.835 0.    0.
  16 1992  284 17078.  21.8 32.3 2.840 0.    0.
  16 1992  285 17131.  21.8 32.3 2.845 0.    0.
  16 1992  286 17183.  21.8 32.4 2.850 0.    0.
  16 1992  287 17235.  21.8 32.4 2.855 0.    0.
  16 1992  288 17288.  21.8 32.4 2.860 0.    2.
  16 1992  289 17340.  21.8 32.4 2.865 0.   18.
  16 1992  290 17371.  21.8 32.4 2.866 0.    0.
  16 1992  291 17403.  21.8 32.4 2.867 0.    0.
  16 1992  292 17434.  21.8 32.5 2.868 0.    0.
  16 1992  293 17465.  21.8 32.5 2.870 0.    2.
  16 1992  294 17496.  21.9 32.5 2.871 0.    0.
  16 1992  295 17528.  21.9 32.5 2.872 0.    0.
  16 1992  296 17559.  21.9 32.5 2.873 0.    0.
  16 1992  297 17590.  21.9 32.5 2.874 0.    0.
  16 1992  298 17622.  21.9 32.6 2.875 0.    0.
  16 1992  299 17653.  21.9 32.6 2.877 0.    0.
  16 1992  300 17684.  21.9 32.6 2.878 0.    0.
  16 1992  301 17715.  21.9 32.6 2.879 0.    0.
  16 1992  302 17747.  21.9 32.6 2.880 0.    0.
  16 1992  303 17778.  22.0 32.6 2.881 0.    0.
  16 1992  304 17809.  22.0 32.7 2.882 0.    0.
  16 1992  305 17841.  22.0 32.7 2.884 0.    0.
  16 1992  306 17872.  22.0 32.7 2.885 0.    0.
  16 1992  307 17903.  22.0 32.7 2.886 0.    0.
  16 1992  308 17935.  22.0 32.7 2.887 0.    0.
  16 1992  309 17966.  22.0 32.7 2.888 0.    0.
  16 1992  310 17997.  22.0 32.8 2.889 0.    0.
  16 1992  311 18028.  22.0 32.8 2.891 0.   10.
  16 1992  312 18060.  22.1 32.8 2.892 0.    0.
  16 1992  313 18091.  22.1 32.8 2.893 0.    0.
  16 1992  314 18122.  22.1 32.8 2.894 0.    0.
  16 1992  315 18154.  22.1 32.8 2.895 1.    0.
  16 1992  316 18185.  22.1 32.9 2.896 1.    0.
  16 1992  317 18216.  22.1 32.9 2.898 1.    0.
  16 1992  318 18247.  22.1 32.9 2.899 1.    0.
  16 1992  319 18279.  22.1 32.9 2.900 1.    0.
  16 1992  320 18310.  22.1 32.9 2.901 1.    0.
  16 1992  321 18256.  22.1 32.9 2.890 1.    0.
  16 1992  322 18202.  22.0 32.8 2.879 1.    0.
  16 1992  323 18148.  22.0 32.8 2.868 1.    0.
  16 1992  324 18094.  21.9 32.8 2.857 1.    0.
  16 1992  325 18040.  21.9 32.7 2.847 1.    0.
  16 1992  326 17986.  21.8 32.7 2.836 1.    0.
  16 1992  327 17932.  21.8 32.6 2.825 1.    0.
  16 1992  328 17878.  21.7 32.6 2.814 1.    0.
  16 1992  329 17824.  21.6 32.5 2.803 1.   10.
  16 1992  330 17770.  21.6 32.5 2.792 1.    0.
  16 1992  331 17716.  21.5 32.5 2.781 1.    0.
  16 1992  332 17662.  21.5 32.4 2.770 1.    0.
  16 1992  333 17608.  21.4 32.4 2.759 1.    0.
  16 1992  334 17554.  21.4 32.3 2.748 1.    0.
  16 1992  335 17500.  21.3 32.3 2.737 1.   24.
  16 1992  336 17446.  21.2 32.2 2.727 1.    0.
  16 1992  337 17392.  21.2 32.2 2.716 1.    0.
  16 1992  338 17338.  21.1 32.2 2.705 1.    0.
  16 1992  339 17284.  21.1 32.1 2.694 1.    0.
  16 1992  340 17230.  21.0 32.1 2.683 1.    0.
  16 1992  341 17176.  21.0 32.0 2.672 1.    0.
  16 1992  342 17122.  20.9 32.0 2.661 1.    0.
  16 1992  343 17068.  20.8 32.0 2.650 1.    0.
  16 1992  344 17014.  20.8 31.9 2.639 1.    0.
  16 1992  345 16960.  20.7 31.9 2.628 1.    0.
  16 1992  346 16906.  20.7 31.8 2.618 1.    0.
  16 1992  347 16852.  20.6 31.8 2.607 1.    0.
  16 1992  348 16798.  20.6 31.7 2.596 1.    0.
  16 1992  349 16744.  20.5 31.7 2.585 1.    0.
  16 1992  350 16690.  20.5 31.7 2.574 1.    0.
  16 1992  351 16646.  20.4 31.8 2.557 1.    0.
  16 1992  352 16601.  20.4 31.9 2.539 1.    0.
  16 1992  353 16557.  20.4 32.0 2.522 1.    0.
  16 1992  354 16513.  20.3 32.1 2.505 1.    0.
  16 1992  355 16468.  20.3 32.2 2.487 1.   10.
  16 1992  356 16424.  20.3 32.3 2.470 0.    0.
  16 1992  357 16379.  20.2 32.4 2.453 0.    0.
  16 1992  358 16335.  20.2 32.5 2.435 0.    0.
  16 1992  359 16291.  20.2 32.6 2.418 0.    0.
  16 1992  360 16246.  20.2 32.7 2.401 0.    0.
  16 1992  361 16202.  20.1 32.7 2.384 0.    0.
  16 1992  362 16158.  20.1 32.8 2.366 0.    0.
  16 1992  363 16113.  20.1 32.9 2.349 0.    0.
  16 1992  364 16069.  20.0 33.0 2.332 0.    0.
  16 1992  365 16024.  20.0 33.1 2.314 0.    0.
  16 1992  366 15980.  20.0 33.2 2.297 0.    0.
