*---------------------------------------------------------*
*   Country: Cote d'Ivoire
*   Station: Dimbokro
*      Year: 1995
* Longitude: 004 42 W
*  Latitude: 06 39 N
* Elevation: 92 m.
*  WMO-code: 65.5280
*  Comments: Automatically generated file from *.WOF file
*            with REGENSIM.FOR ver. aug 96
*
*  Columns:
*  ========
*  station number
*  year
*  day
*  irradiation (kJ m-2 d-1)
*  minimum temperature (degrees Celsius)
*  maximum temperature (degrees Celsius)
*  vapour pressure (kPa)
*  mean wind speed (m s-1)
*  precipitation (mm month-1)
*---------------------------------------------------------*
  -4.70    6.65   92.00     .00     .00
  16 1995    1 17100.  19.2 33.3 2.507 1.    0.
  16 1995    2 17129.  19.1 33.4 2.502 1.    0.
  16 1995    3 17159.  19.1 33.5 2.497 1.    0.
  16 1995    4 17188.  19.0 33.6 2.492 1.    0.
  16 1995    5 17217.  18.9 33.8 2.487 1.    0.
  16 1995    6 17246.  18.8 33.9 2.482 1.    0.
  16 1995    7 17276.  18.7 34.0 2.478 1.    0.
  16 1995    8 17305.  18.6 34.1 2.473 1.    0.
  16 1995    9 17334.  18.5 34.2 2.468 1.    0.
  16 1995   10 17364.  18.4 34.3 2.463 1.    0.
  16 1995   11 17393.  18.4 34.5 2.458 1.    0.
  16 1995   12 17422.  18.3 34.6 2.453 1.    0.
  16 1995   13 17451.  18.2 34.7 2.449 1.    0.
  16 1995   14 17481.  18.1 34.8 2.444 1.    0.
  16 1995   15 17510.  18.0 34.9 2.439 1.    0.
  16 1995   16 17560.  18.2 35.0 2.447 1.    0.
  16 1995   17 17609.  18.3 35.1 2.455 1.    0.
  16 1995   18 17659.  18.5 35.1 2.462 1.    0.
  16 1995   19 17709.  18.6 35.2 2.470 1.    0.
  16 1995   20 17758.  18.8 35.3 2.478 1.    0.
  16 1995   21 17808.  18.9 35.4 2.486 1.    0.
  16 1995   22 17858.  19.1 35.4 2.493 1.    0.
  16 1995   23 17907.  19.2 35.5 2.501 1.    0.
  16 1995   24 17957.  19.4 35.6 2.509 1.    0.
  16 1995   25 18007.  19.6 35.6 2.517 1.    0.
  16 1995   26 18056.  19.7 35.7 2.524 1.    0.
  16 1995   27 18106.  19.9 35.8 2.532 1.    0.
  16 1995   28 18156.  20.0 35.9 2.540 1.    0.
  16 1995   29 18205.  20.2 35.9 2.548 1.    0.
  16 1995   30 18255.  20.3 36.0 2.555 1.    0.
  16 1995   31 18305.  20.5 36.1 2.563 1.    0.
  16 1995   32 18354.  20.6 36.1 2.571 1.    0.
  16 1995   33 18404.  20.8 36.2 2.579 1.    0.
  16 1995   34 18454.  21.0 36.3 2.587 1.    0.
  16 1995   35 18503.  21.1 36.4 2.594 1.    0.
  16 1995   36 18553.  21.3 36.4 2.602 1.    0.
  16 1995   37 18603.  21.4 36.5 2.610 1.    0.
  16 1995   38 18652.  21.6 36.6 2.618 1.    0.
  16 1995   39 18702.  21.7 36.6 2.625 1.    0.
  16 1995   40 18752.  21.9 36.7 2.633 1.    0.
  16 1995   41 18801.  22.0 36.8 2.641 1.    0.
  16 1995   42 18851.  22.2 36.9 2.649 1.    0.
  16 1995   43 18901.  22.4 36.9 2.656 1.    0.
  16 1995   44 18950.  22.5 37.0 2.664 1.    0.
  16 1995   45 19000.  22.7 37.1 2.672 1.    2.
  16 1995   46 18993.  22.7 37.0 2.681 1.    0.
  16 1995   47 18987.  22.7 36.9 2.689 1.    0.
  16 1995   48 18980.  22.7 36.8 2.698 1.    0.
  16 1995   49 18974.  22.7 36.7 2.706 1.    0.
  16 1995   50 18967.  22.7 36.6 2.715 1.    0.
  16 1995   51 18961.  22.7 36.5 2.723 1.    0.
  16 1995   52 18954.  22.7 36.4 2.732 1.   45.
  16 1995   53 18948.  22.7 36.3 2.740 1.    0.
  16 1995   54 18941.  22.7 36.3 2.749 1.    0.
  16 1995   55 18934.  22.7 36.2 2.757 1.    0.
  16 1995   56 18928.  22.7 36.1 2.766 1.    0.
  16 1995   57 18921.  22.7 36.0 2.774 1.    0.
  16 1995   58 18915.  22.7 35.9 2.783 1.    0.
  16 1995   59 18908.  22.7 35.8 2.791 1.    0.
  16 1995   60 18902.  22.7 35.7 2.800 1.    0.
  16 1995   61 18895.  22.7 35.6 2.808 1.   24.
  16 1995   62 18889.  22.7 35.5 2.817 1.    0.
  16 1995   63 18882.  22.7 35.4 2.825 1.   36.
  16 1995   64 18876.  22.7 35.3 2.834 1.    0.
  16 1995   65 18869.  22.7 35.2 2.842 1.    9.
  16 1995   66 18862.  22.7 35.2 2.851 1.    0.
  16 1995   67 18856.  22.7 35.1 2.859 2.    0.
  16 1995   68 18849.  22.7 35.0 2.868 2.    0.
  16 1995   69 18843.  22.8 34.9 2.876 2.    0.
  16 1995   70 18836.  22.8 34.8 2.885 2.    1.
  16 1995   71 18830.  22.8 34.7 2.893 2.    7.
  16 1995   72 18823.  22.8 34.6 2.902 2.    0.
  16 1995   73 18817.  22.8 34.5 2.910 2.    0.
  16 1995   74 18810.  22.8 34.4 2.919 2.    0.
  16 1995   75 18829.  22.8 34.4 2.923 2.    3.
  16 1995   76 18847.  22.8 34.4 2.928 2.   17.
  16 1995   77 18866.  22.8 34.4 2.932 2.    0.
  16 1995   78 18885.  22.9 34.4 2.937 2.    0.
  16 1995   79 18904.  22.9 34.4 2.941 2.    0.
  16 1995   80 18922.  22.9 34.4 2.946 2.    0.
  16 1995   81 18941.  22.9 34.5 2.950 2.    0.
  16 1995   82 18960.  22.9 34.5 2.955 2.    0.
  16 1995   83 18978.  23.0 34.5 2.959 2.    0.
  16 1995   84 18997.  23.0 34.5 2.964 2.    0.
  16 1995   85 19016.  23.0 34.5 2.968 2.    0.
  16 1995   86 19035.  23.0 34.5 2.972 2.   19.
  16 1995   87 19053.  23.0 34.5 2.977 2.    0.
  16 1995   88 19072.  23.1 34.5 2.981 2.    0.
  16 1995   89 19091.  23.1 34.5 2.986 2.    0.
  16 1995   90 19109.  23.1 34.5 2.990 2.    0.
  16 1995   91 19128.  23.1 34.5 2.995 2.    0.
  16 1995   92 19147.  23.2 34.5 2.999 2.   14.
  16 1995   93 19165.  23.2 34.5 3.004 2.    0.
  16 1995   94 19184.  23.2 34.5 3.008 2.    0.
  16 1995   95 19203.  23.2 34.5 3.012 2.    0.
  16 1995   96 19222.  23.2 34.5 3.017 2.    0.
  16 1995   97 19240.  23.3 34.5 3.021 2.    0.
  16 1995   98 19259.  23.3 34.5 3.026 2.    0.
  16 1995   99 19278.  23.3 34.5 3.030 2.    0.
  16 1995  100 19296.  23.3 34.5 3.035 2.    2.
  16 1995  101 19315.  23.3 34.5 3.039 2.    0.
  16 1995  102 19334.  23.4 34.5 3.044 2.    0.
  16 1995  103 19353.  23.4 34.5 3.048 2.    0.
  16 1995  104 19371.  23.4 34.5 3.053 2.    0.
  16 1995  105 19390.  23.4 34.5 3.057 2.   10.
  16 1995  106 19397.  23.4 34.5 3.059 2.    3.
  16 1995  107 19404.  23.4 34.5 3.061 2.    0.
  16 1995  108 19411.  23.4 34.5 3.063 2.    0.
  16 1995  109 19418.  23.4 34.5 3.065 2.    0.
  16 1995  110 19425.  23.4 34.4 3.067 2.    8.
  16 1995  111 19432.  23.4 34.4 3.070 2.    5.
  16 1995  112 19439.  23.4 34.4 3.072 2.    0.
  16 1995  113 19446.  23.4 34.4 3.074 2.    0.
  16 1995  114 19453.  23.4 34.4 3.076 2.    0.
  16 1995  115 19460.  23.4 34.4 3.078 2.   27.
  16 1995  116 19467.  23.4 34.3 3.080 2.    4.
  16 1995  117 19474.  23.4 34.3 3.082 2.   85.
  16 1995  118 19481.  23.3 34.3 3.084 2.    0.
  16 1995  119 19488.  23.3 34.3 3.086 2.    0.
  16 1995  120 19495.  23.3 34.3 3.089 2.    1.
  16 1995  121 19502.  23.3 34.2 3.091 2.    9.
  16 1995  122 19509.  23.3 34.2 3.093 2.    0.
  16 1995  123 19516.  23.3 34.2 3.095 2.    0.
  16 1995  124 19523.  23.3 34.2 3.097 2.    8.
  16 1995  125 19530.  23.3 34.2 3.099 2.    0.
  16 1995  126 19537.  23.3 34.2 3.101 2.    1.
  16 1995  127 19544.  23.3 34.1 3.103 2.    0.
  16 1995  128 19551.  23.3 34.1 3.105 2.    9.
  16 1995  129 19558.  23.3 34.1 3.107 2.   31.
  16 1995  130 19565.  23.3 34.1 3.110 2.    0.
  16 1995  131 19572.  23.3 34.1 3.112 2.    3.
  16 1995  132 19579.  23.3 34.1 3.114 2.    5.
  16 1995  133 19586.  23.2 34.0 3.116 2.   17.
  16 1995  134 19593.  23.2 34.0 3.118 2.    0.
  16 1995  135 19600.  23.2 34.0 3.120 2.    0.
  16 1995  136 19542.  23.2 34.0 3.115 2.    0.
  16 1995  137 19484.  23.2 33.9 3.111 2.    0.
  16 1995  138 19426.  23.1 33.9 3.106 2.   18.
  16 1995  139 19368.  23.1 33.8 3.101 2.    0.
  16 1995  140 19310.  23.1 33.8 3.096 2.    0.
  16 1995  141 19252.  23.1 33.7 3.092 2.   17.
  16 1995  142 19194.  23.0 33.7 3.087 2.   24.
  16 1995  143 19135.  23.0 33.6 3.082 2.    0.
  16 1995  144 19077.  23.0 33.6 3.077 2.    0.
  16 1995  145 19019.  23.0 33.5 3.073 2.    0.
  16 1995  146 18961.  22.9 33.5 3.068 2.    0.
  16 1995  147 18903.  22.9 33.4 3.063 2.   46.
  16 1995  148 18845.  22.9 33.4 3.058 2.    0.
  16 1995  149 18787.  22.9 33.3 3.054 2.   12.
  16 1995  150 18729.  22.8 33.3 3.049 2.    0.
  16 1995  151 18671.  22.8 33.2 3.044 2.    1.
  16 1995  152 18613.  22.8 33.2 3.039 2.    0.
  16 1995  153 18555.  22.7 33.1 3.035 2.   22.
  16 1995  154 18497.  22.7 33.1 3.030 2.    0.
  16 1995  155 18439.  22.7 33.0 3.025 2.    0.
  16 1995  156 18381.  22.7 33.0 3.020 2.    0.
  16 1995  157 18323.  22.6 32.9 3.016 2.    0.
  16 1995  158 18265.  22.6 32.9 3.011 2.    0.
  16 1995  159 18206.  22.6 32.8 3.006 2.    3.
  16 1995  160 18148.  22.6 32.8 3.001 2.    1.
  16 1995  161 18090.  22.5 32.7 2.997 2.    1.
  16 1995  162 18032.  22.5 32.7 2.992 2.    2.
  16 1995  163 17974.  22.5 32.6 2.987 2.   32.
  16 1995  164 17916.  22.5 32.6 2.982 2.    5.
  16 1995  165 17858.  22.4 32.5 2.978 2.    6.
  16 1995  166 17800.  22.4 32.5 2.973 2.    4.
  16 1995  167 17738.  22.4 32.5 2.968 2.    0.
  16 1995  168 17677.  22.4 32.4 2.964 2.    0.
  16 1995  169 17615.  22.4 32.4 2.959 2.    0.
  16 1995  170 17553.  22.4 32.3 2.954 2.    0.
  16 1995  171 17492.  22.3 32.3 2.949 2.    0.
  16 1995  172 17430.  22.3 32.3 2.945 2.    4.
  16 1995  173 17368.  22.3 32.2 2.940 2.    3.
  16 1995  174 17307.  22.3 32.2 2.935 2.   16.
  16 1995  175 17245.  22.3 32.1 2.931 2.    8.
  16 1995  176 17183.  22.3 32.1 2.926 2.    0.
  16 1995  177 17122.  22.3 32.1 2.921 2.    6.
  16 1995  178 17060.  22.3 32.0 2.917 2.    0.
  16 1995  179 16998.  22.3 32.0 2.912 2.    1.
  16 1995  180 16937.  22.2 32.0 2.907 2.    0.
  16 1995  181 16875.  22.2 31.9 2.902 2.    0.
  16 1995  182 16813.  22.2 31.9 2.898 2.    1.
  16 1995  183 16752.  22.2 31.8 2.893 2.    0.
  16 1995  184 16690.  22.2 31.8 2.888 2.    0.
  16 1995  185 16628.  22.2 31.8 2.884 2.    0.
  16 1995  186 16567.  22.2 31.7 2.879 2.    0.
  16 1995  187 16505.  22.2 31.7 2.874 2.    0.
  16 1995  188 16443.  22.2 31.6 2.870 2.    0.
  16 1995  189 16382.  22.1 31.6 2.865 2.    0.
  16 1995  190 16320.  22.1 31.6 2.860 2.    0.
  16 1995  191 16258.  22.1 31.5 2.855 2.    0.
  16 1995  192 16197.  22.1 31.5 2.851 2.    0.
  16 1995  193 16135.  22.1 31.4 2.846 2.   14.
  16 1995  194 16073.  22.1 31.4 2.841 2.    0.
  16 1995  195 16012.  22.1 31.4 2.837 2.   13.
  16 1995  196 15950.  22.1 31.3 2.832 2.    1.
  16 1995  197 15919.  22.1 31.3 2.833 2.    0.
  16 1995  198 15887.  22.1 31.3 2.833 2.    1.
  16 1995  199 15856.  22.1 31.3 2.834 2.    0.
  16 1995  200 15825.  22.1 31.3 2.835 2.    9.
  16 1995  201 15794.  22.2 31.3 2.836 2.    0.
  16 1995  202 15762.  22.2 31.3 2.836 2.    0.
  16 1995  203 15731.  22.2 31.3 2.837 2.    0.
  16 1995  204 15700.  22.2 31.3 2.838 2.    0.
  16 1995  205 15668.  22.2 31.4 2.838 2.    0.
  16 1995  206 15637.  22.3 31.4 2.839 2.    0.
  16 1995  207 15606.  22.3 31.4 2.840 2.    0.
  16 1995  208 15575.  22.3 31.4 2.841 2.    0.
  16 1995  209 15543.  22.3 31.4 2.841 2.   35.
  16 1995  210 15512.  22.3 31.4 2.842 2.    0.
  16 1995  211 15481.  22.3 31.4 2.843 2.    0.
  16 1995  212 15449.  22.4 31.4 2.843 2.    4.
  16 1995  213 15418.  22.4 31.4 2.844 2.   15.
  16 1995  214 15387.  22.4 31.4 2.845 2.    7.
  16 1995  215 15355.  22.4 31.4 2.845 2.    0.
  16 1995  216 15324.  22.4 31.4 2.846 2.    5.
  16 1995  217 15293.  22.4 31.4 2.847 2.    2.
  16 1995  218 15262.  22.5 31.4 2.848 2.   15.
  16 1995  219 15230.  22.5 31.4 2.848 2.   15.
  16 1995  220 15199.  22.5 31.4 2.849 2.   10.
  16 1995  221 15168.  22.5 31.4 2.850 2.   32.
  16 1995  222 15136.  22.5 31.4 2.850 2.    0.
  16 1995  223 15105.  22.6 31.4 2.851 2.    0.
  16 1995  224 15074.  22.6 31.4 2.852 2.    1.
  16 1995  225 15043.  22.6 31.4 2.853 2.    5.
  16 1995  226 15011.  22.6 31.4 2.853 2.    0.
  16 1995  227 14980.  22.6 31.4 2.854 2.    0.
  16 1995  228 15003.  22.6 31.4 2.850 2.   11.
  16 1995  229 15026.  22.6 31.4 2.845 2.    1.
  16 1995  230 15049.  22.6 31.4 2.841 2.    0.
  16 1995  231 15072.  22.5 31.4 2.837 2.    0.
  16 1995  232 15095.  22.5 31.4 2.833 2.    0.
  16 1995  233 15117.  22.5 31.4 2.828 2.    2.
  16 1995  234 15140.  22.5 31.4 2.824 2.    0.
  16 1995  235 15163.  22.4 31.4 2.820 2.    0.
  16 1995  236 15186.  22.4 31.4 2.816 2.    6.
  16 1995  237 15209.  22.4 31.4 2.811 2.   13.
  16 1995  238 15232.  22.4 31.4 2.807 2.    3.
  16 1995  239 15255.  22.4 31.4 2.803 2.   19.
  16 1995  240 15278.  22.3 31.4 2.799 2.    0.
  16 1995  241 15301.  22.3 31.4 2.794 2.    0.
  16 1995  242 15324.  22.3 31.3 2.790 1.    0.
  16 1995  243 15346.  22.3 31.3 2.786 1.   18.
  16 1995  244 15369.  22.2 31.3 2.782 1.    0.
  16 1995  245 15392.  22.2 31.3 2.777 1.    1.
  16 1995  246 15415.  22.2 31.3 2.773 1.   23.
  16 1995  247 15438.  22.2 31.3 2.769 1.    0.
  16 1995  248 15461.  22.2 31.3 2.765 1.   10.
  16 1995  249 15484.  22.1 31.3 2.760 1.    2.
  16 1995  250 15507.  22.1 31.3 2.756 1.   29.
  16 1995  251 15530.  22.1 31.3 2.752 1.    0.
  16 1995  252 15553.  22.1 31.3 2.748 1.    0.
  16 1995  253 15575.  22.0 31.3 2.743 1.    0.
  16 1995  254 15598.  22.0 31.3 2.739 1.    0.
  16 1995  255 15621.  22.0 31.3 2.735 1.    0.
  16 1995  256 15644.  22.0 31.3 2.731 1.    0.
  16 1995  257 15667.  22.0 31.3 2.726 1.    0.
  16 1995  258 15690.  21.9 31.3 2.722 1.    0.
  16 1995  259 15661.  21.9 31.3 2.727 1.    0.
  16 1995  260 15633.  21.9 31.3 2.732 1.    4.
  16 1995  261 15604.  21.9 31.3 2.737 1.    8.
  16 1995  262 15575.  21.9 31.3 2.742 1.    0.
  16 1995  263 15547.  21.9 31.2 2.747 1.    7.
  16 1995  264 15518.  21.9 31.2 2.752 1.    1.
  16 1995  265 15489.  21.9 31.2 2.757 1.    8.
  16 1995  266 15461.  21.9 31.2 2.762 1.   31.
  16 1995  267 15432.  22.0 31.2 2.767 1.    3.
  16 1995  268 15403.  22.0 31.2 2.772 1.    0.
  16 1995  269 15375.  22.0 31.2 2.777 1.    0.
  16 1995  270 15346.  22.0 31.2 2.782 1.    4.
  16 1995  271 15317.  22.0 31.2 2.787 1.    0.
  16 1995  272 15289.  22.0 31.2 2.792 1.    0.
  16 1995  273 15260.  22.0 31.1 2.796 1.    0.
  16 1995  274 15231.  22.0 31.1 2.801 1.    0.
  16 1995  275 15203.  22.0 31.1 2.806 1.    4.
  16 1995  276 15174.  22.0 31.1 2.811 1.    0.
  16 1995  277 15145.  22.0 31.1 2.816 1.    0.
  16 1995  278 15117.  22.0 31.1 2.821 1.    0.
  16 1995  279 15088.  22.0 31.1 2.826 1.    0.
  16 1995  280 15059.  22.0 31.1 2.831 1.    0.
  16 1995  281 15031.  22.0 31.1 2.836 1.    0.
  16 1995  282 15002.  22.0 31.1 2.841 1.    0.
  16 1995  283 14973.  22.0 31.0 2.846 1.    0.
  16 1995  284 14945.  22.0 31.0 2.851 1.    0.
  16 1995  285 14916.  22.0 31.0 2.856 1.    7.
  16 1995  286 14887.  22.0 31.0 2.861 1.    0.
  16 1995  287 14859.  22.0 31.0 2.866 1.    1.
  16 1995  288 14830.  22.0 31.0 2.871 1.    0.
  16 1995  289 14942.  22.0 31.1 2.874 1.    0.
  16 1995  290 15055.  22.0 31.2 2.876 1.    0.
  16 1995  291 15167.  22.0 31.2 2.879 1.    0.
  16 1995  292 15279.  21.9 31.3 2.881 1.    0.
  16 1995  293 15391.  21.9 31.4 2.884 1.    0.
  16 1995  294 15504.  21.9 31.5 2.886 1.    0.
  16 1995  295 15616.  21.9 31.5 2.889 1.    0.
  16 1995  296 15728.  21.9 31.6 2.891 1.    0.
  16 1995  297 15840.  21.9 31.7 2.894 1.    0.
  16 1995  298 15953.  21.9 31.8 2.896 1.    0.
  16 1995  299 16065.  21.9 31.9 2.899 1.    0.
  16 1995  300 16177.  21.8 31.9 2.902 1.    0.
  16 1995  301 16289.  21.8 32.0 2.904 1.    0.
  16 1995  302 16402.  21.8 32.1 2.907 1.    0.
  16 1995  303 16514.  21.8 32.2 2.909 1.    0.
  16 1995  304 16626.  21.8 32.2 2.912 1.    0.
  16 1995  305 16738.  21.8 32.3 2.914 1.    0.
  16 1995  306 16851.  21.8 32.4 2.917 1.    0.
  16 1995  307 16963.  21.8 32.5 2.919 1.    0.
  16 1995  308 17075.  21.7 32.5 2.922 1.    0.
  16 1995  309 17187.  21.7 32.6 2.925 1.    0.
  16 1995  310 17300.  21.7 32.7 2.927 1.    0.
  16 1995  311 17412.  21.7 32.8 2.930 1.    0.
  16 1995  312 17524.  21.7 32.9 2.932 1.    0.
  16 1995  313 17636.  21.7 32.9 2.935 1.    0.
  16 1995  314 17749.  21.7 33.0 2.937 1.    0.
  16 1995  315 17861.  21.7 33.1 2.940 1.    0.
  16 1995  316 17973.  21.6 33.2 2.942 1.    0.
  16 1995  317 18085.  21.6 33.2 2.945 1.    0.
  16 1995  318 18198.  21.6 33.3 2.947 1.    0.
  16 1995  319 18310.  21.6 33.4 2.950 1.    0.
  16 1995  320 18256.  21.6 33.3 2.937 1.    0.
  16 1995  321 18202.  21.5 33.3 2.925 1.    0.
  16 1995  322 18148.  21.5 33.2 2.912 1.    0.
  16 1995  323 18094.  21.4 33.2 2.900 1.    0.
  16 1995  324 18040.  21.4 33.1 2.887 1.    0.
  16 1995  325 17986.  21.4 33.1 2.875 1.    0.
  16 1995  326 17932.  21.3 33.0 2.862 1.    0.
  16 1995  327 17878.  21.3 32.9 2.850 1.    0.
  16 1995  328 17824.  21.3 32.9 2.837 1.    0.
  16 1995  329 17770.  21.2 32.8 2.825 1.    0.
  16 1995  330 17716.  21.2 32.8 2.812 1.    0.
  16 1995  331 17662.  21.1 32.7 2.800 1.    0.
  16 1995  332 17608.  21.1 32.6 2.787 1.    0.
  16 1995  333 17554.  21.1 32.6 2.775 1.    0.
  16 1995  334 17500.  21.0 32.5 2.762 1.    0.
  16 1995  335 17446.  21.0 32.5 2.749 1.    0.
  16 1995  336 17392.  20.9 32.4 2.737 1.    0.
  16 1995  337 17338.  20.9 32.4 2.724 1.    0.
  16 1995  338 17284.  20.9 32.3 2.712 1.    0.
  16 1995  339 17230.  20.8 32.2 2.699 1.    0.
  16 1995  340 17176.  20.8 32.2 2.687 1.    0.
  16 1995  341 17122.  20.8 32.1 2.674 1.    0.
  16 1995  342 17068.  20.7 32.1 2.662 1.   10.
  16 1995  343 17014.  20.7 32.0 2.649 1.    0.
  16 1995  344 16960.  20.6 32.0 2.637 1.    0.
  16 1995  345 16906.  20.6 31.9 2.624 1.    0.
  16 1995  346 16852.  20.6 31.8 2.612 1.    0.
  16 1995  347 16798.  20.5 31.8 2.599 1.    0.
  16 1995  348 16744.  20.5 31.7 2.587 1.    0.
  16 1995  349 16690.  20.5 31.7 2.574 1.    0.
  16 1995  350 16716.  20.4 31.8 2.570 1.    0.
  16 1995  351 16741.  20.3 31.9 2.566 1.    0.
  16 1995  352 16767.  20.2 32.0 2.561 1.    0.
  16 1995  353 16793.  20.1 32.1 2.557 1.    0.
  16 1995  354 16818.  20.1 32.2 2.553 1.    0.
  16 1995  355 16844.  20.0 32.3 2.549 1.    0.
  16 1995  356 16869.  19.9 32.4 2.544 1.    0.
  16 1995  357 16895.  19.8 32.5 2.540 1.    0.
  16 1995  358 16921.  19.8 32.6 2.536 1.    0.
  16 1995  359 16946.  19.7 32.7 2.532 1.    0.
  16 1995  360 16972.  19.6 32.8 2.528 1.    0.
  16 1995  361 16998.  19.5 32.9 2.523 1.    0.
  16 1995  362 17023.  19.5 33.0 2.519 1.    0.
  16 1995  363 17049.  19.4 33.1 2.515 1.    0.
  16 1995  364 17074.  19.3 33.2 2.511 1.    0.
  16 1995  365 17100.  19.2 33.3 2.507 1.    0.
