*---------------------------------------------------------*
*   Country: Cote d'Ivoire
*   Station: Yamoussoukro
*      Year: 1991
* Longitude: 005 21 W
*  Latitude: 06 54 N
* Elevation: 213 m.
*  WMO-code: 65.-
*  Comments: Automatically generated file from *.WOF file
*            with REGENSIM.FOR ver. aug 96
*
*  Columns:
*  ========
*  station number
*  year
*  day
*  irradiation (kJ m-2 d-1)
*  minimum temperature (degrees Celsius)
*  maximum temperature (degrees Celsius)
*  vapour pressure (kPa)
*  mean wind speed (m s-1)
*  precipitation (mm month-1)
*---------------------------------------------------------*
  -5.35    6.90  213.00     .00     .00
  15 1991    1 16540.  18.4 32.8 2.243 1.    0.
  15 1991    2 16670.  18.4 32.8 2.228 1.    0.
  15 1991    3 16800.  18.4 32.9 2.212 1.    0.
  15 1991    4 16930.  18.4 32.9 2.196 1.    0.
  15 1991    5 17060.  18.4 33.0 2.180 1.    0.
  15 1991    6 17190.  18.4 33.0 2.164 1.    0.
  15 1991    7 17320.  18.4 33.1 2.149 1.    0.
  15 1991    8 17450.  18.4 33.1 2.133 1.    0.
  15 1991    9 17580.  18.4 33.2 2.117 1.    0.
  15 1991   10 17710.  18.4 33.2 2.101 1.    0.
  15 1991   11 17840.  18.4 33.3 2.085 1.    0.
  15 1991   12 17970.  18.4 33.3 2.069 1.    0.
  15 1991   13 18100.  18.4 33.4 2.054 1.    0.
  15 1991   14 18230.  18.4 33.4 2.038 1.    0.
  15 1991   15 18360.  18.4 33.5 2.022 1.    0.
  15 1991   16 18365.  18.5 33.5 2.033 1.    0.
  15 1991   17 18369.  18.6 33.6 2.043 1.    0.
  15 1991   18 18374.  18.7 33.7 2.054 1.    0.
  15 1991   19 18379.  18.8 33.8 2.064 1.    0.
  15 1991   20 18383.  18.9 33.8 2.075 1.    0.
  15 1991   21 18388.  19.0 33.9 2.085 1.    0.
  15 1991   22 18393.  19.1 34.0 2.096 1.    0.
  15 1991   23 18397.  19.2 34.1 2.107 1.    0.
  15 1991   24 18402.  19.3 34.1 2.117 1.    0.
  15 1991   25 18407.  19.4 34.2 2.128 1.    0.
  15 1991   26 18411.  19.5 34.3 2.138 1.    0.
  15 1991   27 18416.  19.6 34.4 2.149 1.    0.
  15 1991   28 18421.  19.7 34.4 2.159 1.    0.
  15 1991   29 18425.  19.8 34.5 2.170 1.    0.
  15 1991   30 18430.  19.9 34.6 2.180 1.    0.
  15 1991   31 18435.  20.0 34.7 2.191 1.    0.
  15 1991   32 18439.  20.1 34.7 2.202 1.    0.
  15 1991   33 18444.  20.2 34.8 2.212 1.    0.
  15 1991   34 18449.  20.4 34.9 2.223 1.    0.
  15 1991   35 18453.  20.5 35.0 2.233 1.    0.
  15 1991   36 18458.  20.6 35.0 2.244 1.   11.
  15 1991   37 18463.  20.7 35.1 2.254 1.    0.
  15 1991   38 18467.  20.8 35.2 2.265 1.    0.
  15 1991   39 18472.  20.9 35.3 2.276 1.    0.
  15 1991   40 18477.  21.0 35.3 2.286 1.    0.
  15 1991   41 18481.  21.1 35.4 2.297 1.    0.
  15 1991   42 18486.  21.2 35.5 2.307 1.    0.
  15 1991   43 18491.  21.3 35.6 2.318 1.    0.
  15 1991   44 18495.  21.4 35.6 2.328 1.    0.
  15 1991   45 18500.  21.5 35.7 2.339 1.   18.
  15 1991   46 18509.  21.5 35.7 2.352 1.    0.
  15 1991   47 18519.  21.5 35.6 2.366 1.   17.
  15 1991   48 18528.  21.5 35.6 2.379 1.    1.
  15 1991   49 18537.  21.6 35.6 2.393 1.    0.
  15 1991   50 18547.  21.6 35.5 2.406 1.    0.
  15 1991   51 18556.  21.6 35.5 2.419 1.    0.
  15 1991   52 18565.  21.6 35.4 2.433 1.    0.
  15 1991   53 18574.  21.6 35.4 2.446 1.    0.
  15 1991   54 18584.  21.6 35.4 2.460 1.    0.
  15 1991   55 18593.  21.6 35.3 2.473 1.    0.
  15 1991   56 18602.  21.7 35.3 2.487 1.    0.
  15 1991   57 18612.  21.7 35.3 2.500 1.    0.
  15 1991   58 18621.  21.7 35.2 2.513 1.    0.
  15 1991   59 18630.  21.7 35.2 2.527 1.    0.
  15 1991   60 18640.  21.7 35.1 2.540 1.    0.
  15 1991   61 18649.  21.7 35.1 2.554 1.    0.
  15 1991   62 18658.  21.8 35.1 2.567 1.    0.
  15 1991   63 18668.  21.8 35.0 2.580 1.    2.
  15 1991   64 18677.  21.8 35.0 2.594 1.    0.
  15 1991   65 18686.  21.8 35.0 2.607 1.    0.
  15 1991   66 18696.  21.8 34.9 2.621 1.    0.
  15 1991   67 18705.  21.8 34.9 2.634 1.    0.
  15 1991   68 18714.  21.8 34.9 2.648 1.    0.
  15 1991   69 18723.  21.9 34.8 2.661 1.    5.
  15 1991   70 18733.  21.9 34.8 2.674 1.    2.
  15 1991   71 18742.  21.9 34.7 2.688 1.    0.
  15 1991   72 18751.  21.9 34.7 2.701 1.    1.
  15 1991   73 18761.  21.9 34.7 2.715 1.    0.
  15 1991   74 18770.  21.9 34.6 2.728 1.    0.
  15 1991   75 18824.  21.9 34.6 2.730 1.    0.
  15 1991   76 18878.  21.9 34.5 2.731 1.    3.
  15 1991   77 18933.  21.9 34.5 2.733 1.    0.
  15 1991   78 18987.  21.9 34.4 2.734 1.    0.
  15 1991   79 19041.  21.9 34.4 2.736 1.    4.
  15 1991   80 19095.  21.8 34.3 2.738 1.    0.
  15 1991   81 19149.  21.8 34.3 2.739 1.   16.
  15 1991   82 19204.  21.8 34.3 2.741 2.    0.
  15 1991   83 19258.  21.8 34.2 2.743 2.    0.
  15 1991   84 19312.  21.8 34.2 2.744 2.   64.
  15 1991   85 19366.  21.8 34.1 2.746 2.    0.
  15 1991   86 19420.  21.8 34.1 2.747 2.    0.
  15 1991   87 19475.  21.7 34.0 2.749 2.    0.
  15 1991   88 19529.  21.7 34.0 2.751 2.    9.
  15 1991   89 19583.  21.7 33.9 2.752 2.    0.
  15 1991   90 19637.  21.7 33.9 2.754 2.    0.
  15 1991   91 19691.  21.7 33.8 2.755 2.    0.
  15 1991   92 19745.  21.7 33.8 2.757 2.    3.
  15 1991   93 19800.  21.7 33.7 2.759 2.    0.
  15 1991   94 19854.  21.7 33.7 2.760 2.   21.
  15 1991   95 19908.  21.6 33.6 2.762 2.    0.
  15 1991   96 19962.  21.6 33.6 2.763 2.   19.
  15 1991   97 20016.  21.6 33.5 2.765 2.    0.
  15 1991   98 20071.  21.6 33.5 2.767 2.    0.
  15 1991   99 20125.  21.6 33.5 2.768 2.    0.
  15 1991  100 20179.  21.6 33.4 2.770 2.    0.
  15 1991  101 20233.  21.6 33.4 2.772 2.   18.
  15 1991  102 20287.  21.5 33.3 2.773 2.   24.
  15 1991  103 20342.  21.5 33.3 2.775 2.    0.
  15 1991  104 20396.  21.5 33.2 2.776 2.    0.
  15 1991  105 20450.  21.5 33.2 2.778 2.    2.
  15 1991  106 20338.  21.5 33.1 2.774 2.    7.
  15 1991  107 20225.  21.5 33.1 2.771 2.   17.
  15 1991  108 20113.  21.6 33.1 2.767 2.    0.
  15 1991  109 20001.  21.6 33.1 2.764 2.    0.
  15 1991  110 19888.  21.6 33.0 2.760 2.    0.
  15 1991  111 19776.  21.6 33.0 2.757 2.    0.
  15 1991  112 19664.  21.7 33.0 2.753 2.    0.
  15 1991  113 19551.  21.7 32.9 2.749 2.    0.
  15 1991  114 19439.  21.7 32.9 2.746 2.    0.
  15 1991  115 19327.  21.7 32.9 2.742 2.    0.
  15 1991  116 19214.  21.8 32.9 2.739 2.   32.
  15 1991  117 19102.  21.8 32.8 2.735 2.    0.
  15 1991  118 18990.  21.8 32.8 2.732 2.    3.
  15 1991  119 18877.  21.8 32.8 2.728 2.    0.
  15 1991  120 18765.  21.9 32.7 2.725 2.    0.
  15 1991  121 18653.  21.9 32.7 2.721 2.    1.
  15 1991  122 18540.  21.9 32.7 2.717 2.    0.
  15 1991  123 18428.  21.9 32.6 2.714 2.    0.
  15 1991  124 18316.  22.0 32.6 2.710 2.    3.
  15 1991  125 18203.  22.0 32.6 2.707 2.    0.
  15 1991  126 18091.  22.0 32.6 2.703 2.   17.
  15 1991  127 17979.  22.0 32.5 2.700 2.    0.
  15 1991  128 17866.  22.1 32.5 2.696 2.    0.
  15 1991  129 17754.  22.1 32.5 2.692 2.    0.
  15 1991  130 17642.  22.1 32.4 2.689 2.    0.
  15 1991  131 17529.  22.1 32.4 2.685 2.    1.
  15 1991  132 17417.  22.2 32.4 2.682 2.   43.
  15 1991  133 17305.  22.2 32.4 2.678 2.    5.
  15 1991  134 17192.  22.2 32.3 2.675 2.    0.
  15 1991  135 17080.  22.2 32.3 2.671 2.    0.
  15 1991  136 17076.  22.2 32.3 2.677 2.    0.
  15 1991  137 17072.  22.2 32.3 2.682 2.    8.
  15 1991  138 17067.  22.2 32.3 2.688 2.    7.
  15 1991  139 17063.  22.2 32.3 2.693 2.   47.
  15 1991  140 17059.  22.2 32.3 2.699 2.   12.
  15 1991  141 17055.  22.2 32.3 2.704 2.   13.
  15 1991  142 17051.  22.2 32.3 2.710 2.    0.
  15 1991  143 17046.  22.2 32.3 2.715 2.    2.
  15 1991  144 17042.  22.2 32.3 2.721 2.    0.
  15 1991  145 17038.  22.2 32.3 2.726 2.    0.
  15 1991  146 17034.  22.2 32.3 2.732 2.    0.
  15 1991  147 17030.  22.2 32.3 2.738 2.   15.
  15 1991  148 17025.  22.2 32.3 2.743 2.    0.
  15 1991  149 17021.  22.2 32.3 2.749 2.    0.
  15 1991  150 17017.  22.2 32.3 2.754 2.    4.
  15 1991  151 17013.  22.2 32.2 2.760 1.    0.
  15 1991  152 17009.  22.2 32.2 2.765 1.    2.
  15 1991  153 17005.  22.2 32.2 2.771 1.   10.
  15 1991  154 17000.  22.2 32.2 2.776 1.    0.
  15 1991  155 16996.  22.1 32.2 2.782 1.    0.
  15 1991  156 16992.  22.1 32.2 2.788 1.    0.
  15 1991  157 16988.  22.1 32.2 2.793 1.    0.
  15 1991  158 16984.  22.1 32.2 2.799 1.    0.
  15 1991  159 16979.  22.1 32.2 2.804 1.   40.
  15 1991  160 16975.  22.1 32.2 2.810 1.    0.
  15 1991  161 16971.  22.1 32.2 2.815 1.    0.
  15 1991  162 16967.  22.1 32.2 2.821 1.    0.
  15 1991  163 16963.  22.1 32.2 2.826 1.    0.
  15 1991  164 16958.  22.1 32.2 2.832 1.    0.
  15 1991  165 16954.  22.1 32.2 2.837 1.    0.
  15 1991  166 16950.  22.1 32.2 2.843 1.    0.
  15 1991  167 16902.  22.1 32.2 2.838 1.   26.
  15 1991  168 16853.  22.1 32.1 2.834 1.    0.
  15 1991  169 16805.  22.1 32.0 2.829 1.    0.
  15 1991  170 16757.  22.0 32.0 2.825 1.    0.
  15 1991  171 16708.  22.0 32.0 2.820 1.    0.
  15 1991  172 16660.  22.0 31.9 2.816 1.    0.
  15 1991  173 16612.  22.0 31.9 2.811 1.    1.
  15 1991  174 16563.  22.0 31.8 2.806 1.   21.
  15 1991  175 16515.  22.0 31.8 2.802 1.    7.
  15 1991  176 16467.  22.0 31.7 2.797 1.    0.
  15 1991  177 16418.  22.0 31.7 2.793 1.    0.
  15 1991  178 16370.  21.9 31.6 2.788 1.    0.
  15 1991  179 16322.  21.9 31.6 2.784 1.    6.
  15 1991  180 16273.  21.9 31.5 2.779 1.    0.
  15 1991  181 16225.  21.9 31.5 2.774 1.    5.
  15 1991  182 16177.  21.9 31.4 2.770 1.    0.
  15 1991  183 16128.  21.9 31.4 2.765 1.    2.
  15 1991  184 16080.  21.9 31.3 2.761 1.   19.
  15 1991  185 16032.  21.8 31.3 2.756 1.    0.
  15 1991  186 15983.  21.8 31.2 2.752 1.    0.
  15 1991  187 15935.  21.8 31.2 2.747 1.    2.
  15 1991  188 15887.  21.8 31.1 2.743 1.    0.
  15 1991  189 15838.  21.8 31.1 2.738 1.    0.
  15 1991  190 15790.  21.8 31.0 2.733 1.    0.
  15 1991  191 15742.  21.8 31.0 2.729 1.   15.
  15 1991  192 15693.  21.8 30.9 2.724 1.    0.
  15 1991  193 15645.  21.7 30.9 2.720 1.    0.
  15 1991  194 15597.  21.7 30.8 2.715 1.    0.
  15 1991  195 15548.  21.7 30.8 2.711 1.    0.
  15 1991  196 15500.  21.7 30.7 2.706 1.    0.
  15 1991  197 15459.  21.7 30.7 2.706 1.    0.
  15 1991  198 15418.  21.7 30.6 2.706 1.    0.
  15 1991  199 15377.  21.6 30.6 2.706 1.   22.
  15 1991  200 15336.  21.6 30.6 2.707 1.    0.
  15 1991  201 15295.  21.6 30.5 2.707 1.    0.
  15 1991  202 15254.  21.6 30.5 2.707 1.    0.
  15 1991  203 15213.  21.6 30.5 2.707 1.   15.
  15 1991  204 15172.  21.5 30.4 2.707 2.    2.
  15 1991  205 15131.  21.5 30.4 2.707 2.    0.
  15 1991  206 15090.  21.5 30.4 2.707 2.    1.
  15 1991  207 15049.  21.5 30.4 2.707 2.    0.
  15 1991  208 15008.  21.5 30.3 2.708 2.    0.
  15 1991  209 14967.  21.4 30.3 2.708 2.    0.
  15 1991  210 14926.  21.4 30.3 2.708 2.   31.
  15 1991  211 14885.  21.4 30.2 2.708 2.    0.
  15 1991  212 14845.  21.4 30.2 2.708 2.    3.
  15 1991  213 14804.  21.4 30.2 2.708 2.    7.
  15 1991  214 14763.  21.3 30.1 2.708 2.    7.
  15 1991  215 14722.  21.3 30.1 2.708 2.    0.
  15 1991  216 14681.  21.3 30.1 2.709 2.    5.
  15 1991  217 14640.  21.3 30.0 2.709 2.    2.
  15 1991  218 14599.  21.3 30.0 2.709 2.    0.
  15 1991  219 14558.  21.2 30.0 2.709 2.    2.
  15 1991  220 14517.  21.2 29.9 2.709 2.    0.
  15 1991  221 14476.  21.2 29.9 2.709 2.   11.
  15 1991  222 14435.  21.2 29.9 2.709 2.    0.
  15 1991  223 14394.  21.2 29.9 2.709 2.    0.
  15 1991  224 14353.  21.1 29.8 2.710 2.    0.
  15 1991  225 14312.  21.1 29.8 2.710 2.    0.
  15 1991  226 14271.  21.1 29.8 2.710 2.    0.
  15 1991  227 14230.  21.1 29.7 2.710 2.    0.
  15 1991  228 14247.  21.1 29.8 2.709 2.    0.
  15 1991  229 14264.  21.1 29.8 2.708 2.    0.
  15 1991  230 14281.  21.1 29.8 2.707 2.    0.
  15 1991  231 14298.  21.1 29.8 2.705 2.    5.
  15 1991  232 14315.  21.1 29.8 2.704 2.    3.
  15 1991  233 14333.  21.1 29.9 2.703 2.    0.
  15 1991  234 14350.  21.1 29.9 2.702 2.    0.
  15 1991  235 14367.  21.1 29.9 2.701 2.    2.
  15 1991  236 14384.  21.1 29.9 2.700 2.    0.
  15 1991  237 14401.  21.1 29.9 2.699 2.    5.
  15 1991  238 14418.  21.1 30.0 2.698 2.    0.
  15 1991  239 14435.  21.1 30.0 2.696 2.    0.
  15 1991  240 14452.  21.1 30.0 2.695 2.    2.
  15 1991  241 14469.  21.1 30.0 2.694 2.   11.
  15 1991  242 14486.  21.1 30.1 2.693 2.   14.
  15 1991  243 14504.  21.0 30.1 2.692 2.    1.
  15 1991  244 14521.  21.0 30.1 2.691 2.    0.
  15 1991  245 14538.  21.0 30.1 2.690 2.    0.
  15 1991  246 14555.  21.0 30.1 2.689 2.    5.
  15 1991  247 14572.  21.0 30.2 2.687 2.    3.
  15 1991  248 14589.  21.0 30.2 2.686 2.    4.
  15 1991  249 14606.  21.0 30.2 2.685 2.   11.
  15 1991  250 14623.  21.0 30.2 2.684 2.    0.
  15 1991  251 14640.  21.0 30.2 2.683 2.    3.
  15 1991  252 14657.  21.0 30.3 2.682 2.    0.
  15 1991  253 14675.  21.0 30.3 2.681 2.    0.
  15 1991  254 14692.  21.0 30.3 2.680 2.    0.
  15 1991  255 14709.  21.0 30.3 2.678 2.    0.
  15 1991  256 14726.  21.0 30.4 2.677 2.    0.
  15 1991  257 14743.  21.0 30.4 2.676 2.    0.
  15 1991  258 14760.  21.0 30.4 2.675 2.    2.
  15 1991  259 14790.  21.0 30.4 2.670 2.    0.
  15 1991  260 14820.  21.0 30.5 2.666 2.    9.
  15 1991  261 14850.  21.0 30.5 2.661 2.    7.
  15 1991  262 14880.  21.0 30.5 2.656 2.    0.
  15 1991  263 14910.  21.0 30.5 2.651 2.    0.
  15 1991  264 14940.  21.0 30.6 2.647 2.    0.
  15 1991  265 14970.  20.9 30.6 2.642 2.    0.
  15 1991  266 15000.  20.9 30.6 2.637 2.   14.
  15 1991  267 15030.  20.9 30.7 2.632 2.    0.
  15 1991  268 15060.  20.9 30.7 2.628 2.    0.
  15 1991  269 15090.  20.9 30.7 2.623 2.    0.
  15 1991  270 15120.  20.9 30.7 2.618 2.    0.
  15 1991  271 15150.  20.9 30.8 2.613 2.    0.
  15 1991  272 15180.  20.8 30.8 2.609 2.    0.
  15 1991  273 15210.  20.8 30.8 2.604 2.    0.
  15 1991  274 15240.  20.8 30.9 2.599 2.    1.
  15 1991  275 15270.  20.8 30.9 2.595 2.    7.
  15 1991  276 15300.  20.8 30.9 2.590 2.    3.
  15 1991  277 15330.  20.8 31.0 2.585 2.    0.
  15 1991  278 15360.  20.8 31.0 2.580 2.    0.
  15 1991  279 15390.  20.8 31.0 2.576 2.    0.
  15 1991  280 15420.  20.7 31.0 2.571 2.    4.
  15 1991  281 15450.  20.7 31.1 2.566 2.    5.
  15 1991  282 15480.  20.7 31.1 2.561 2.    0.
  15 1991  283 15510.  20.7 31.1 2.557 2.    0.
  15 1991  284 15540.  20.7 31.2 2.552 2.    0.
  15 1991  285 15570.  20.7 31.2 2.547 2.    0.
  15 1991  286 15600.  20.7 31.2 2.542 2.    0.
  15 1991  287 15630.  20.6 31.2 2.538 2.    2.
  15 1991  288 15660.  20.6 31.3 2.533 2.    0.
  15 1991  289 15679.  20.6 31.3 2.536 2.    0.
  15 1991  290 15699.  20.6 31.2 2.539 2.    8.
  15 1991  291 15718.  20.5 31.2 2.542 2.    0.
  15 1991  292 15737.  20.5 31.2 2.544 2.    0.
  15 1991  293 15757.  20.5 31.2 2.547 2.    3.
  15 1991  294 15776.  20.4 31.2 2.550 2.    1.
  15 1991  295 15795.  20.4 31.2 2.553 2.    6.
  15 1991  296 15815.  20.4 31.1 2.556 2.    5.
  15 1991  297 15834.  20.3 31.1 2.559 2.    0.
  15 1991  298 15854.  20.3 31.1 2.562 2.    0.
  15 1991  299 15873.  20.3 31.1 2.565 2.    0.
  15 1991  300 15892.  20.2 31.1 2.567 2.    0.
  15 1991  301 15912.  20.2 31.1 2.570 2.    8.
  15 1991  302 15931.  20.2 31.0 2.573 2.    0.
  15 1991  303 15950.  20.1 31.0 2.576 2.    0.
  15 1991  304 15970.  20.1 31.0 2.579 2.    0.
  15 1991  305 15989.  20.1 31.0 2.582 2.   14.
  15 1991  306 16008.  20.0 31.0 2.585 2.    0.
  15 1991  307 16028.  20.0 31.0 2.588 2.    0.
  15 1991  308 16047.  20.0 30.9 2.590 2.    1.
  15 1991  309 16066.  20.0 30.9 2.593 2.    0.
  15 1991  310 16086.  19.9 30.9 2.596 2.    0.
  15 1991  311 16105.  19.9 30.9 2.599 2.    1.
  15 1991  312 16125.  19.9 30.9 2.602 2.    0.
  15 1991  313 16144.  19.8 30.9 2.605 2.    0.
  15 1991  314 16163.  19.8 30.9 2.608 2.    0.
  15 1991  315 16183.  19.8 30.8 2.611 2.    0.
  15 1991  316 16202.  19.7 30.8 2.613 2.    0.
  15 1991  317 16221.  19.7 30.8 2.616 2.    0.
  15 1991  318 16241.  19.7 30.8 2.619 2.    0.
  15 1991  319 16260.  19.6 30.8 2.622 2.    0.
  15 1991  320 16209.  19.6 30.8 2.617 2.    5.
  15 1991  321 16157.  19.5 30.9 2.612 2.    2.
  15 1991  322 16106.  19.5 30.9 2.606 2.    0.
  15 1991  323 16055.  19.5 31.0 2.601 2.    0.
  15 1991  324 16003.  19.4 31.0 2.596 2.    0.
  15 1991  325 15952.  19.4 31.0 2.591 2.    0.
  15 1991  326 15901.  19.3 31.1 2.585 2.    0.
  15 1991  327 15849.  19.3 31.1 2.580 2.    5.
  15 1991  328 15798.  19.3 31.2 2.575 2.    0.
  15 1991  329 15747.  19.2 31.2 2.570 2.    0.
  15 1991  330 15695.  19.2 31.3 2.564 2.    0.
  15 1991  331 15644.  19.1 31.3 2.559 2.    0.
  15 1991  332 15593.  19.1 31.4 2.554 2.    0.
  15 1991  333 15541.  19.0 31.4 2.549 2.   27.
  15 1991  334 15490.  19.0 31.5 2.543 2.    0.
  15 1991  335 15439.  19.0 31.5 2.538 1.    0.
  15 1991  336 15387.  18.9 31.5 2.533 1.    0.
  15 1991  337 15336.  18.9 31.6 2.528 1.    0.
  15 1991  338 15285.  18.8 31.6 2.523 1.    0.
  15 1991  339 15233.  18.8 31.7 2.517 1.    0.
  15 1991  340 15182.  18.7 31.7 2.512 1.    0.
  15 1991  341 15131.  18.7 31.8 2.507 1.    0.
  15 1991  342 15079.  18.7 31.8 2.502 1.    0.
  15 1991  343 15028.  18.6 31.9 2.496 1.    0.
  15 1991  344 14977.  18.6 31.9 2.491 1.    0.
  15 1991  345 14925.  18.5 31.9 2.486 1.    0.
  15 1991  346 14874.  18.5 32.0 2.481 1.    0.
  15 1991  347 14823.  18.5 32.0 2.475 1.    0.
  15 1991  348 14771.  18.4 32.1 2.470 1.    0.
  15 1991  349 14720.  18.4 32.1 2.465 1.    0.
  15 1991  350 14834.  18.4 32.2 2.451 1.    0.
  15 1991  351 14948.  18.4 32.2 2.437 1.    0.
  15 1991  352 15061.  18.4 32.3 2.423 1.    0.
  15 1991  353 15175.  18.4 32.3 2.410 1.    0.
  15 1991  354 15289.  18.4 32.3 2.396 1.    0.
  15 1991  355 15403.  18.4 32.4 2.382 1.    0.
  15 1991  356 15516.  18.4 32.4 2.368 1.    0.
  15 1991  357 15630.  18.4 32.5 2.354 1.    0.
  15 1991  358 15744.  18.4 32.5 2.340 1.    0.
  15 1991  359 15858.  18.4 32.5 2.327 1.    0.
  15 1991  360 15971.  18.4 32.6 2.313 1.   17.
  15 1991  361 16085.  18.4 32.6 2.299 1.    0.
  15 1991  362 16199.  18.4 32.7 2.285 1.    0.
  15 1991  363 16313.  18.4 32.7 2.271 1.    0.
  15 1991  364 16426.  18.4 32.8 2.257 1.    0.
  15 1991  365 16540.  18.4 32.8 2.243 1.    0.
