*---------------------------------------------------------*
*   Country: Cote d'Ivoire
*   Station: San Pedro
*      Year: 1991
* Longitude: 006 39 W
*  Latitude: 04 45 N
* Elevation: 30 m.
*  WMO-code: 65.5280
*  Comments: Automatically generated file from *.WOF file
*            with REGENSIM.FOR ver. aug 96
*
*  Columns:
*  ========
*  station number
*  year
*  day
*  irradiation (kJ m-2 d-1)
*  minimum temperature (degrees Celsius)
*  maximum temperature (degrees Celsius)
*  vapour pressure (kPa)
*  mean wind speed (m s-1)
*  precipitation (mm month-1)
*---------------------------------------------------------*
  -6.65    4.75   30.00     .00     .00
  17 1991    1 14650.  22.8 30.2 2.937 3.    0.
  17 1991    2 14708.  22.7 30.3 2.932 2.    0.
  17 1991    3 14766.  22.7 30.3 2.928 2.    0.
  17 1991    4 14824.  22.7 30.3 2.924 2.    0.
  17 1991    5 14881.  22.7 30.3 2.920 2.    0.
  17 1991    6 14939.  22.7 30.4 2.916 2.    0.
  17 1991    7 14997.  22.7 30.4 2.912 2.    0.
  17 1991    8 15055.  22.7 30.4 2.908 2.    0.
  17 1991    9 15113.  22.7 30.4 2.904 2.    0.
  17 1991   10 15171.  22.7 30.5 2.900 2.    2.
  17 1991   11 15229.  22.6 30.5 2.895 2.    0.
  17 1991   12 15286.  22.6 30.5 2.891 2.    3.
  17 1991   13 15344.  22.6 30.5 2.887 2.    0.
  17 1991   14 15402.  22.6 30.5 2.883 2.    0.
  17 1991   15 15460.  22.6 30.6 2.879 2.    0.
  17 1991   16 15468.  22.6 30.5 2.881 2.    0.
  17 1991   17 15476.  22.7 30.5 2.883 2.    0.
  17 1991   18 15484.  22.7 30.5 2.884 2.    0.
  17 1991   19 15492.  22.7 30.5 2.886 2.    0.
  17 1991   20 15500.  22.8 30.4 2.888 2.    0.
  17 1991   21 15508.  22.8 30.4 2.890 2.    0.
  17 1991   22 15516.  22.8 30.4 2.891 2.    0.
  17 1991   23 15524.  22.8 30.3 2.893 2.    0.
  17 1991   24 15532.  22.9 30.3 2.895 2.    0.
  17 1991   25 15540.  22.9 30.3 2.897 2.    0.
  17 1991   26 15548.  22.9 30.3 2.898 2.    7.
  17 1991   27 15556.  23.0 30.2 2.900 2.    0.
  17 1991   28 15564.  23.0 30.2 2.902 2.    0.
  17 1991   29 15572.  23.0 30.2 2.904 2.    0.
  17 1991   30 15580.  23.1 30.1 2.906 2.    0.
  17 1991   31 15588.  23.1 30.1 2.907 2.    0.
  17 1991   32 15596.  23.1 30.1 2.909 2.    0.
  17 1991   33 15604.  23.2 30.0 2.911 2.    0.
  17 1991   34 15612.  23.2 30.0 2.913 2.    0.
  17 1991   35 15620.  23.2 30.0 2.914 2.    7.
  17 1991   36 15628.  23.3 30.0 2.916 2.    0.
  17 1991   37 15636.  23.3 29.9 2.918 2.    0.
  17 1991   38 15644.  23.3 29.9 2.920 2.    0.
  17 1991   39 15652.  23.3 29.9 2.921 2.    0.
  17 1991   40 15660.  23.4 29.8 2.923 2.    0.
  17 1991   41 15668.  23.4 29.8 2.925 2.    0.
  17 1991   42 15676.  23.4 29.8 2.927 2.    0.
  17 1991   43 15684.  23.5 29.8 2.928 2.    0.
  17 1991   44 15692.  23.5 29.7 2.930 2.    0.
  17 1991   45 15700.  23.5 29.7 2.932 2.    4.
  17 1991   46 15780.  23.5 29.8 2.934 2.    0.
  17 1991   47 15861.  23.6 29.9 2.936 2.    0.
  17 1991   48 15941.  23.6 29.9 2.938 2.    3.
  17 1991   49 16021.  23.6 30.0 2.941 2.    0.
  17 1991   50 16102.  23.6 30.1 2.943 2.    0.
  17 1991   51 16182.  23.6 30.2 2.945 2.    0.
  17 1991   52 16262.  23.6 30.2 2.947 2.    0.
  17 1991   53 16343.  23.6 30.3 2.949 2.    0.
  17 1991   54 16423.  23.6 30.4 2.951 2.    0.
  17 1991   55 16503.  23.7 30.5 2.953 2.    0.
  17 1991   56 16584.  23.7 30.5 2.956 2.    0.
  17 1991   57 16664.  23.7 30.6 2.958 2.    0.
  17 1991   58 16744.  23.7 30.7 2.960 2.    0.
  17 1991   59 16825.  23.7 30.8 2.962 2.    0.
  17 1991   60 16905.  23.7 30.9 2.964 2.    0.
  17 1991   61 16986.  23.7 30.9 2.966 2.    0.
  17 1991   62 17066.  23.7 31.0 2.968 2.    7.
  17 1991   63 17146.  23.8 31.1 2.970 2.    0.
  17 1991   64 17227.  23.8 31.2 2.973 2.    3.
  17 1991   65 17307.  23.8 31.2 2.975 2.    0.
  17 1991   66 17387.  23.8 31.3 2.977 2.    0.
  17 1991   67 17468.  23.8 31.4 2.979 2.    0.
  17 1991   68 17548.  23.8 31.5 2.981 2.    0.
  17 1991   69 17628.  23.8 31.5 2.983 2.    0.
  17 1991   70 17709.  23.8 31.6 2.985 2.    3.
  17 1991   71 17789.  23.9 31.7 2.988 2.    0.
  17 1991   72 17869.  23.9 31.8 2.990 2.    0.
  17 1991   73 17950.  23.9 31.9 2.992 2.    0.
  17 1991   74 18030.  23.9 31.9 2.994 2.    0.
  17 1991   75 18027.  23.9 31.9 2.995 2.    1.
  17 1991   76 18025.  23.9 31.9 2.996 2.    0.
  17 1991   77 18022.  23.8 31.8 2.997 2.   12.
  17 1991   78 18020.  23.8 31.8 2.998 2.   21.
  17 1991   79 18017.  23.8 31.8 2.999 2.    0.
  17 1991   80 18015.  23.8 31.7 3.000 2.    0.
  17 1991   81 18012.  23.8 31.7 3.001 2.    0.
  17 1991   82 18009.  23.8 31.7 3.002 2.    0.
  17 1991   83 18007.  23.7 31.6 3.003 2.    0.
  17 1991   84 18004.  23.7 31.6 3.004 3.    2.
  17 1991   85 18002.  23.7 31.6 3.005 3.    0.
  17 1991   86 17999.  23.7 31.5 3.006 3.    0.
  17 1991   87 17996.  23.7 31.5 3.007 3.    0.
  17 1991   88 17994.  23.7 31.5 3.008 3.    0.
  17 1991   89 17991.  23.6 31.4 3.009 3.    0.
  17 1991   90 17989.  23.6 31.4 3.010 3.    0.
  17 1991   91 17986.  23.6 31.3 3.011 3.    0.
  17 1991   92 17984.  23.6 31.3 3.012 3.    7.
  17 1991   93 17981.  23.6 31.3 3.013 3.    0.
  17 1991   94 17978.  23.6 31.2 3.014 3.   12.
  17 1991   95 17976.  23.5 31.2 3.015 3.    0.
  17 1991   96 17973.  23.5 31.2 3.016 3.    3.
  17 1991   97 17971.  23.5 31.1 3.017 3.    0.
  17 1991   98 17968.  23.5 31.1 3.018 3.    5.
  17 1991   99 17965.  23.5 31.1 3.019 3.    0.
  17 1991  100 17963.  23.5 31.0 3.020 3.    0.
  17 1991  101 17960.  23.4 31.0 3.021 3.    0.
  17 1991  102 17958.  23.4 31.0 3.022 4.    0.
  17 1991  103 17955.  23.4 30.9 3.023 4.    0.
  17 1991  104 17953.  23.4 30.9 3.024 4.    0.
  17 1991  105 17950.  23.4 30.9 3.025 4.   16.
  17 1991  106 17853.  23.4 30.8 3.028 4.    0.
  17 1991  107 17756.  23.4 30.8 3.032 4.    0.
  17 1991  108 17659.  23.4 30.8 3.035 4.    2.
  17 1991  109 17562.  23.4 30.7 3.039 4.    0.
  17 1991  110 17465.  23.4 30.7 3.042 4.    0.
  17 1991  111 17368.  23.5 30.7 3.046 4.    0.
  17 1991  112 17271.  23.5 30.6 3.049 4.    0.
  17 1991  113 17174.  23.5 30.6 3.052 3.    0.
  17 1991  114 17077.  23.5 30.6 3.056 3.    0.
  17 1991  115 16980.  23.5 30.5 3.059 3.    0.
  17 1991  116 16883.  23.5 30.5 3.063 3.    0.
  17 1991  117 16786.  23.5 30.5 3.066 3.    0.
  17 1991  118 16689.  23.6 30.4 3.070 3.    0.
  17 1991  119 16592.  23.6 30.4 3.073 3.   54.
  17 1991  120 16495.  23.6 30.4 3.076 3.    0.
  17 1991  121 16398.  23.6 30.3 3.080 3.    0.
  17 1991  122 16301.  23.6 30.3 3.083 3.    7.
  17 1991  123 16204.  23.6 30.3 3.087 3.    0.
  17 1991  124 16107.  23.6 30.2 3.090 3.    2.
  17 1991  125 16010.  23.7 30.2 3.094 3.    2.
  17 1991  126 15913.  23.7 30.2 3.097 3.    0.
  17 1991  127 15816.  23.7 30.1 3.101 3.    0.
  17 1991  128 15719.  23.7 30.1 3.104 3.    0.
  17 1991  129 15622.  23.7 30.1 3.107 3.    0.
  17 1991  130 15525.  23.7 30.0 3.111 3.    0.
  17 1991  131 15428.  23.7 30.0 3.114 3.    0.
  17 1991  132 15331.  23.8 30.0 3.118 3.    4.
  17 1991  133 15234.  23.8 29.9 3.121 3.    0.
  17 1991  134 15137.  23.8 29.9 3.125 3.    0.
  17 1991  135 15040.  23.8 29.9 3.128 3.    0.
  17 1991  136 14979.  23.8 29.8 3.126 3.   21.
  17 1991  137 14918.  23.8 29.8 3.124 3.    0.
  17 1991  138 14857.  23.8 29.8 3.122 3.   25.
  17 1991  139 14796.  23.8 29.8 3.120 3.    0.
  17 1991  140 14735.  23.8 29.7 3.118 3.    0.
  17 1991  141 14674.  23.8 29.7 3.116 3.    0.
  17 1991  142 14613.  23.8 29.7 3.114 3.    0.
  17 1991  143 14552.  23.8 29.6 3.111 3.   23.
  17 1991  144 14491.  23.8 29.6 3.109 3.    1.
  17 1991  145 14430.  23.8 29.6 3.107 3.    0.
  17 1991  146 14369.  23.8 29.6 3.105 3.    9.
  17 1991  147 14308.  23.8 29.5 3.103 4.    0.
  17 1991  148 14247.  23.8 29.5 3.101 4.    7.
  17 1991  149 14186.  23.8 29.5 3.099 4.   14.
  17 1991  150 14125.  23.8 29.4 3.097 4.    0.
  17 1991  151 14065.  23.9 29.4 3.095 4.    1.
  17 1991  152 14004.  23.9 29.4 3.093 4.    0.
  17 1991  153 13943.  23.9 29.3 3.091 4.    4.
  17 1991  154 13882.  23.9 29.3 3.089 4.   10.
  17 1991  155 13821.  23.9 29.3 3.087 4.   13.
  17 1991  156 13760.  23.9 29.3 3.085 4.    0.
  17 1991  157 13699.  23.9 29.2 3.083 4.   52.
  17 1991  158 13638.  23.9 29.2 3.081 4.    5.
  17 1991  159 13577.  23.9 29.2 3.078 4.    0.
  17 1991  160 13516.  23.9 29.1 3.076 4.    0.
  17 1991  161 13455.  23.9 29.1 3.074 4.    0.
  17 1991  162 13394.  23.9 29.1 3.072 4.   25.
  17 1991  163 13333.  23.9 29.1 3.070 4.    0.
  17 1991  164 13272.  23.9 29.0 3.068 4.    0.
  17 1991  165 13211.  23.9 29.0 3.066 4.   45.
  17 1991  166 13150.  23.9 29.0 3.064 4.   28.
  17 1991  167 13223.  23.9 28.9 3.054 4.   13.
  17 1991  168 13296.  23.8 28.9 3.044 4.   34.
  17 1991  169 13369.  23.8 28.9 3.034 4.    2.
  17 1991  170 13442.  23.7 28.8 3.023 4.   14.
  17 1991  171 13515.  23.7 28.8 3.013 4.    5.
  17 1991  172 13588.  23.6 28.8 3.003 4.    9.
  17 1991  173 13661.  23.6 28.7 2.993 4.    3.
  17 1991  174 13734.  23.6 28.7 2.983 4.    0.
  17 1991  175 13807.  23.5 28.7 2.973 4.   46.
  17 1991  176 13880.  23.5 28.6 2.963 4.    4.
  17 1991  177 13953.  23.4 28.6 2.953 4.    8.
  17 1991  178 14026.  23.4 28.6 2.942 4.    2.
  17 1991  179 14099.  23.3 28.5 2.932 4.   21.
  17 1991  180 14172.  23.3 28.5 2.922 4.    0.
  17 1991  181 14245.  23.3 28.5 2.912 4.    5.
  17 1991  182 14318.  23.2 28.5 2.902 4.    8.
  17 1991  183 14391.  23.2 28.4 2.892 4.    0.
  17 1991  184 14464.  23.1 28.4 2.882 4.    0.
  17 1991  185 14537.  23.1 28.4 2.871 4.    0.
  17 1991  186 14610.  23.0 28.3 2.861 4.    6.
  17 1991  187 14683.  23.0 28.3 2.851 4.    0.
  17 1991  188 14756.  22.9 28.3 2.841 4.    0.
  17 1991  189 14829.  22.9 28.2 2.831 4.    0.
  17 1991  190 14902.  22.9 28.2 2.821 4.    0.
  17 1991  191 14975.  22.8 28.2 2.811 4.    0.
  17 1991  192 15048.  22.8 28.1 2.801 4.    2.
  17 1991  193 15121.  22.7 28.1 2.790 4.    0.
  17 1991  194 15194.  22.7 28.1 2.780 4.   35.
  17 1991  195 15267.  22.6 28.0 2.770 4.    0.
  17 1991  196 15340.  22.6 28.0 2.760 4.    0.
  17 1991  197 15185.  22.6 28.0 2.758 4.    0.
  17 1991  198 15031.  22.6 27.9 2.757 4.    1.
  17 1991  199 14876.  22.6 27.9 2.755 4.   58.
  17 1991  200 14722.  22.6 27.9 2.754 4.    0.
  17 1991  201 14567.  22.6 27.8 2.752 4.    0.
  17 1991  202 14413.  22.6 27.8 2.751 4.   18.
  17 1991  203 14258.  22.6 27.8 2.749 4.    0.
  17 1991  204 14104.  22.5 27.7 2.747 4.    0.
  17 1991  205 13949.  22.5 27.7 2.746 4.    0.
  17 1991  206 13795.  22.5 27.6 2.744 4.   40.
  17 1991  207 13640.  22.5 27.6 2.743 4.    0.
  17 1991  208 13486.  22.5 27.6 2.741 4.    0.
  17 1991  209 13331.  22.5 27.5 2.739 4.    0.
  17 1991  210 13177.  22.5 27.5 2.738 4.   25.
  17 1991  211 13022.  22.5 27.5 2.736 4.    0.
  17 1991  212 12868.  22.5 27.4 2.735 4.    0.
  17 1991  213 12713.  22.5 27.4 2.733 4.    0.
  17 1991  214 12559.  22.5 27.4 2.732 4.    0.
  17 1991  215 12404.  22.5 27.3 2.730 4.   13.
  17 1991  216 12250.  22.5 27.3 2.728 4.    0.
  17 1991  217 12095.  22.5 27.3 2.727 4.    0.
  17 1991  218 11941.  22.5 27.2 2.725 4.    1.
  17 1991  219 11786.  22.5 27.2 2.724 4.    0.
  17 1991  220 11632.  22.4 27.1 2.722 4.    0.
  17 1991  221 11477.  22.4 27.1 2.720 4.    9.
  17 1991  222 11323.  22.4 27.1 2.719 4.    6.
  17 1991  223 11168.  22.4 27.0 2.717 4.    2.
  17 1991  224 11014.  22.4 27.0 2.716 4.    1.
  17 1991  225 10859.  22.4 27.0 2.714 4.    0.
  17 1991  226 10705.  22.4 26.9 2.713 4.    2.
  17 1991  227 10550.  22.4 26.9 2.711 4.    5.
  17 1991  228 10628.  22.4 26.9 2.714 4.    4.
  17 1991  229 10705.  22.4 27.0 2.717 4.    5.
  17 1991  230 10783.  22.4 27.0 2.720 4.    1.
  17 1991  231 10861.  22.5 27.0 2.722 4.    0.
  17 1991  232 10939.  22.5 27.0 2.725 4.    2.
  17 1991  233 11016.  22.5 27.1 2.728 4.    0.
  17 1991  234 11094.  22.5 27.1 2.731 4.    0.
  17 1991  235 11172.  22.5 27.1 2.734 4.    0.
  17 1991  236 11250.  22.5 27.1 2.737 4.    5.
  17 1991  237 11327.  22.5 27.2 2.740 4.    4.
  17 1991  238 11405.  22.6 27.2 2.743 4.    2.
  17 1991  239 11483.  22.6 27.2 2.745 4.   10.
  17 1991  240 11561.  22.6 27.2 2.748 4.    0.
  17 1991  241 11638.  22.6 27.3 2.751 4.    1.
  17 1991  242 11716.  22.6 27.3 2.754 4.    3.
  17 1991  243 11794.  22.6 27.3 2.757 4.    0.
  17 1991  244 11872.  22.6 27.4 2.760 4.    0.
  17 1991  245 11949.  22.6 27.4 2.763 4.    0.
  17 1991  246 12027.  22.7 27.4 2.766 4.    1.
  17 1991  247 12105.  22.7 27.4 2.768 4.    0.
  17 1991  248 12183.  22.7 27.5 2.771 4.    0.
  17 1991  249 12260.  22.7 27.5 2.774 4.    0.
  17 1991  250 12338.  22.7 27.5 2.777 4.    0.
  17 1991  251 12416.  22.7 27.5 2.780 4.    0.
  17 1991  252 12494.  22.7 27.6 2.783 4.    0.
  17 1991  253 12571.  22.8 27.6 2.786 4.    0.
  17 1991  254 12649.  22.8 27.6 2.789 4.    0.
  17 1991  255 12727.  22.8 27.6 2.791 4.    0.
  17 1991  256 12805.  22.8 27.7 2.794 4.    0.
  17 1991  257 12882.  22.8 27.7 2.797 4.    0.
  17 1991  258 12960.  22.8 27.7 2.800 4.    1.
  17 1991  259 13075.  22.8 27.8 2.800 4.    0.
  17 1991  260 13189.  22.8 27.8 2.800 4.    0.
  17 1991  261 13304.  22.8 27.8 2.800 4.    0.
  17 1991  262 13419.  22.8 27.8 2.800 4.    0.
  17 1991  263 13533.  22.8 27.8 2.800 4.    0.
  17 1991  264 13648.  22.7 27.9 2.800 4.    1.
  17 1991  265 13763.  22.7 27.9 2.800 4.    0.
  17 1991  266 13877.  22.7 27.9 2.800 4.    0.
  17 1991  267 13992.  22.7 27.9 2.800 4.    0.
  17 1991  268 14107.  22.7 27.9 2.800 4.    0.
  17 1991  269 14221.  22.7 28.0 2.800 4.    1.
  17 1991  270 14336.  22.6 28.0 2.800 4.    0.
  17 1991  271 14451.  22.6 28.0 2.800 4.    1.
  17 1991  272 14565.  22.6 28.0 2.800 4.    1.
  17 1991  273 14680.  22.6 28.0 2.800 4.    0.
  17 1991  274 14795.  22.6 28.1 2.800 4.    1.
  17 1991  275 14909.  22.6 28.1 2.800 4.    1.
  17 1991  276 15024.  22.6 28.1 2.800 4.    0.
  17 1991  277 15139.  22.5 28.1 2.800 4.    0.
  17 1991  278 15253.  22.5 28.2 2.800 4.    0.
  17 1991  279 15368.  22.5 28.2 2.800 4.    0.
  17 1991  280 15483.  22.5 28.2 2.800 4.    0.
  17 1991  281 15597.  22.5 28.2 2.800 4.    0.
  17 1991  282 15712.  22.5 28.2 2.800 4.    0.
  17 1991  283 15827.  22.4 28.3 2.800 4.    0.
  17 1991  284 15941.  22.4 28.3 2.800 4.    1.
  17 1991  285 16056.  22.4 28.3 2.800 4.    0.
  17 1991  286 16171.  22.4 28.3 2.800 4.    0.
  17 1991  287 16285.  22.4 28.3 2.800 4.    0.
  17 1991  288 16400.  22.4 28.4 2.800 4.    0.
  17 1991  289 16419.  22.4 28.4 2.802 4.    0.
  17 1991  290 16437.  22.4 28.4 2.804 4.    0.
  17 1991  291 16456.  22.4 28.4 2.806 4.    0.
  17 1991  292 16475.  22.4 28.4 2.807 4.    0.
  17 1991  293 16494.  22.4 28.4 2.809 4.    1.
  17 1991  294 16512.  22.4 28.4 2.811 4.    1.
  17 1991  295 16531.  22.4 28.4 2.813 4.    0.
  17 1991  296 16550.  22.4 28.4 2.815 4.    0.
  17 1991  297 16568.  22.4 28.4 2.817 4.    0.
  17 1991  298 16587.  22.4 28.4 2.818 4.    0.
  17 1991  299 16606.  22.4 28.5 2.820 4.    0.
  17 1991  300 16625.  22.4 28.5 2.822 4.    0.
  17 1991  301 16643.  22.5 28.5 2.824 4.    0.
  17 1991  302 16662.  22.5 28.5 2.826 4.    0.
  17 1991  303 16681.  22.5 28.5 2.828 4.    1.
  17 1991  304 16699.  22.5 28.5 2.829 4.    1.
  17 1991  305 16718.  22.5 28.5 2.831 4.    0.
  17 1991  306 16737.  22.5 28.5 2.833 4.    0.
  17 1991  307 16755.  22.5 28.5 2.835 4.    0.
  17 1991  308 16774.  22.5 28.5 2.837 4.    0.
  17 1991  309 16793.  22.5 28.5 2.839 4.    3.
  17 1991  310 16812.  22.5 28.5 2.840 4.    0.
  17 1991  311 16830.  22.5 28.5 2.842 4.    0.
  17 1991  312 16849.  22.5 28.5 2.844 4.    2.
  17 1991  313 16868.  22.5 28.6 2.846 4.    0.
  17 1991  314 16886.  22.5 28.6 2.848 4.    5.
  17 1991  315 16905.  22.5 28.6 2.850 4.    5.
  17 1991  316 16924.  22.6 28.6 2.851 4.    0.
  17 1991  317 16943.  22.6 28.6 2.853 4.    0.
  17 1991  318 16961.  22.6 28.6 2.855 4.    0.
  17 1991  319 16980.  22.6 28.6 2.857 4.   18.
  17 1991  320 16875.  22.6 28.6 2.862 4.    0.
  17 1991  321 16771.  22.6 28.7 2.866 4.    0.
  17 1991  322 16666.  22.6 28.7 2.871 4.    0.
  17 1991  323 16561.  22.6 28.8 2.875 4.    0.
  17 1991  324 16457.  22.6 28.8 2.880 4.    0.
  17 1991  325 16352.  22.6 28.9 2.884 4.    5.
  17 1991  326 16247.  22.6 28.9 2.889 4.    8.
  17 1991  327 16143.  22.7 28.9 2.894 4.    0.
  17 1991  328 16038.  22.7 29.0 2.898 4.    2.
  17 1991  329 15933.  22.7 29.0 2.903 4.    0.
  17 1991  330 15829.  22.7 29.1 2.907 4.    2.
  17 1991  331 15724.  22.7 29.1 2.912 3.    0.
  17 1991  332 15619.  22.7 29.2 2.916 3.   26.
  17 1991  333 15515.  22.7 29.2 2.921 3.    0.
  17 1991  334 15410.  22.7 29.3 2.926 3.    1.
  17 1991  335 15305.  22.7 29.3 2.930 3.    0.
  17 1991  336 15201.  22.8 29.3 2.935 3.    0.
  17 1991  337 15096.  22.8 29.4 2.939 3.    0.
  17 1991  338 14991.  22.8 29.4 2.944 3.    0.
  17 1991  339 14887.  22.8 29.5 2.948 3.    3.
  17 1991  340 14782.  22.8 29.5 2.953 3.    0.
  17 1991  341 14677.  22.8 29.6 2.957 3.    0.
  17 1991  342 14573.  22.8 29.6 2.962 3.    0.
  17 1991  343 14468.  22.8 29.6 2.967 3.    2.
  17 1991  344 14363.  22.8 29.7 2.971 3.    0.
  17 1991  345 14259.  22.9 29.7 2.976 3.    5.
  17 1991  346 14154.  22.9 29.8 2.980 3.    0.
  17 1991  347 14049.  22.9 29.8 2.985 3.    0.
  17 1991  348 13945.  22.9 29.9 2.989 3.    3.
  17 1991  349 13840.  22.9 29.9 2.994 3.    0.
  17 1991  350 13891.  22.9 29.9 2.990 3.    5.
  17 1991  351 13941.  22.9 29.9 2.987 3.    2.
  17 1991  352 13992.  22.9 30.0 2.983 3.    0.
  17 1991  353 14043.  22.9 30.0 2.980 3.    0.
  17 1991  354 14093.  22.9 30.0 2.976 3.    0.
  17 1991  355 14144.  22.8 30.0 2.972 3.   14.
  17 1991  356 14194.  22.8 30.0 2.969 3.    0.
  17 1991  357 14245.  22.8 30.1 2.965 3.    0.
  17 1991  358 14296.  22.8 30.1 2.962 3.    1.
  17 1991  359 14346.  22.8 30.1 2.958 3.    0.
  17 1991  360 14397.  22.8 30.1 2.954 3.    0.
  17 1991  361 14448.  22.8 30.2 2.951 3.    0.
  17 1991  362 14498.  22.8 30.2 2.947 3.    0.
  17 1991  363 14549.  22.8 30.2 2.944 3.    0.
  17 1991  364 14599.  22.8 30.2 2.940 3.    2.
  17 1991  365 14650.  22.8 30.2 2.937 3.    0.
