*---------------------------------------------------------*
*   Country: Cote d'Ivoire
*   Station: Yamoussoukro
*      Year: 1992
* Longitude: 005 21 W
*  Latitude: 06 54 N
* Elevation: 213 m.
*  WMO-code: 65.-
*  Comments: Automatically generated file from *.WOF file
*            with REGENSIM.FOR ver. aug 96
*
*  Columns:
*  ========
*  station number
*  year
*  day
*  irradiation (kJ m-2 d-1)
*  minimum temperature (degrees Celsius)
*  maximum temperature (degrees Celsius)
*  vapour pressure (kPa)
*  mean wind speed (m s-1)
*  precipitation (mm month-1)
*---------------------------------------------------------*
  -5.35    6.90  213.00     .00     .00
  15 1992    1 16090.  17.0 33.1 2.041 1.    0.
  15 1992    2 16079.  17.0 33.1 2.013 1.    0.
  15 1992    3 16067.  17.0 33.2 1.986 1.    0.
  15 1992    4 16056.  17.0 33.3 1.959 1.    0.
  15 1992    5 16044.  17.0 33.4 1.932 1.    0.
  15 1992    6 16033.  17.0 33.4 1.905 1.    0.
  15 1992    7 16021.  16.9 33.5 1.878 1.    0.
  15 1992    8 16010.  16.9 33.6 1.851 1.    0.
  15 1992    9 15999.  16.9 33.6 1.824 2.    0.
  15 1992   10 15987.  16.9 33.7 1.797 2.    0.
  15 1992   11 15976.  16.9 33.8 1.770 2.    0.
  15 1992   12 15964.  16.9 33.8 1.743 2.    0.
  15 1992   13 15953.  16.9 33.9 1.716 2.    0.
  15 1992   14 15941.  16.9 34.0 1.689 2.    0.
  15 1992   15 15930.  16.9 34.0 1.662 2.    0.
  15 1992   16 16021.  17.0 34.1 1.686 2.    0.
  15 1992   17 16113.  17.2 34.1 1.711 2.    0.
  15 1992   18 16204.  17.3 34.2 1.735 2.    0.
  15 1992   19 16295.  17.4 34.2 1.760 2.    0.
  15 1992   20 16387.  17.5 34.3 1.784 2.    0.
  15 1992   21 16478.  17.7 34.3 1.809 2.    0.
  15 1992   22 16569.  17.8 34.4 1.833 2.    0.
  15 1992   23 16661.  17.9 34.4 1.857 2.    0.
  15 1992   24 16752.  18.0 34.5 1.882 2.    0.
  15 1992   25 16843.  18.2 34.5 1.906 2.    0.
  15 1992   26 16935.  18.3 34.5 1.931 2.    0.
  15 1992   27 17026.  18.4 34.6 1.955 2.    0.
  15 1992   28 17117.  18.5 34.6 1.980 2.    0.
  15 1992   29 17209.  18.7 34.7 2.004 2.    0.
  15 1992   30 17300.  18.8 34.7 2.029 2.    0.
  15 1992   31 17391.  18.9 34.8 2.053 2.    0.
  15 1992   32 17483.  19.0 34.8 2.077 2.    0.
  15 1992   33 17574.  19.2 34.9 2.102 2.    0.
  15 1992   34 17665.  19.3 34.9 2.126 2.    0.
  15 1992   35 17757.  19.4 35.0 2.151 2.    0.
  15 1992   36 17848.  19.5 35.0 2.175 2.    0.
  15 1992   37 17939.  19.7 35.1 2.200 2.   21.
  15 1992   38 18031.  19.8 35.1 2.224 2.    0.
  15 1992   39 18122.  19.9 35.2 2.248 2.    0.
  15 1992   40 18213.  20.0 35.2 2.273 2.    0.
  15 1992   41 18305.  20.2 35.2 2.297 2.    0.
  15 1992   42 18396.  20.3 35.3 2.322 2.    1.
  15 1992   43 18487.  20.4 35.3 2.346 2.    0.
  15 1992   44 18579.  20.5 35.4 2.371 2.    6.
  15 1992   45 18670.  20.7 35.4 2.395 2.    0.
  15 1992   46 18585.  20.7 35.4 2.402 2.    0.
  15 1992   47 18501.  20.8 35.4 2.410 2.    0.
  15 1992   48 18416.  20.9 35.4 2.417 2.    0.
  15 1992   49 18331.  21.0 35.4 2.425 2.    0.
  15 1992   50 18247.  21.0 35.4 2.432 2.   21.
  15 1992   51 18162.  21.1 35.3 2.440 2.    0.
  15 1992   52 18077.  21.2 35.3 2.447 2.    0.
  15 1992   53 17993.  21.3 35.3 2.455 2.    0.
  15 1992   54 17908.  21.3 35.3 2.462 2.    0.
  15 1992   55 17823.  21.4 35.3 2.470 2.    0.
  15 1992   56 17739.  21.5 35.3 2.477 2.    0.
  15 1992   57 17654.  21.6 35.3 2.485 2.    0.
  15 1992   58 17569.  21.6 35.3 2.492 2.    0.
  15 1992   59 17485.  21.7 35.2 2.500 2.    0.
  15 1992   60 17400.  21.8 35.2 2.507 2.    0.
  15 1992   61 17315.  21.8 35.2 2.514 2.    0.
  15 1992   62 17231.  21.9 35.2 2.522 2.    0.
  15 1992   63 17146.  22.0 35.2 2.529 2.    0.
  15 1992   64 17061.  22.1 35.2 2.537 2.    0.
  15 1992   65 16977.  22.1 35.2 2.544 2.    0.
  15 1992   66 16892.  22.2 35.1 2.552 2.    0.
  15 1992   67 16807.  22.3 35.1 2.559 2.    0.
  15 1992   68 16723.  22.4 35.1 2.567 2.    4.
  15 1992   69 16638.  22.4 35.1 2.574 2.    9.
  15 1992   70 16553.  22.5 35.1 2.582 2.    0.
  15 1992   71 16469.  22.6 35.1 2.589 2.    0.
  15 1992   72 16384.  22.7 35.1 2.597 2.   10.
  15 1992   73 16299.  22.7 35.1 2.604 2.    0.
  15 1992   74 16215.  22.8 35.0 2.612 2.    0.
  15 1992   75 16130.  22.9 35.0 2.619 2.    0.
  15 1992   76 16217.  22.8 35.0 2.625 2.    4.
  15 1992   77 16304.  22.8 34.9 2.631 2.    0.
  15 1992   78 16391.  22.8 34.9 2.637 2.    0.
  15 1992   79 16478.  22.7 34.8 2.643 2.    0.
  15 1992   80 16565.  22.7 34.8 2.649 2.   26.
  15 1992   81 16653.  22.7 34.7 2.655 2.    0.
  15 1992   82 16740.  22.6 34.7 2.661 2.    7.
  15 1992   83 16827.  22.6 34.6 2.668 2.    0.
  15 1992   84 16914.  22.6 34.6 2.674 2.    0.
  15 1992   85 17001.  22.5 34.5 2.680 2.    2.
  15 1992   86 17088.  22.5 34.5 2.686 2.    0.
  15 1992   87 17175.  22.5 34.4 2.692 2.    1.
  15 1992   88 17262.  22.4 34.4 2.698 2.    0.
  15 1992   89 17349.  22.4 34.3 2.704 2.    0.
  15 1992   90 17436.  22.4 34.3 2.710 2.    0.
  15 1992   91 17524.  22.3 34.2 2.716 1.    2.
  15 1992   92 17611.  22.3 34.2 2.722 1.    0.
  15 1992   93 17698.  22.3 34.1 2.728 1.   31.
  15 1992   94 17785.  22.2 34.1 2.734 1.    2.
  15 1992   95 17872.  22.2 34.0 2.740 1.    0.
  15 1992   96 17959.  22.2 34.0 2.746 1.    0.
  15 1992   97 18046.  22.1 33.9 2.752 1.    1.
  15 1992   98 18133.  22.1 33.9 2.758 1.    0.
  15 1992   99 18220.  22.1 33.8 2.765 1.    0.
  15 1992  100 18307.  22.0 33.8 2.771 1.    0.
  15 1992  101 18395.  22.0 33.7 2.777 1.    0.
  15 1992  102 18482.  22.0 33.7 2.783 1.    3.
  15 1992  103 18569.  21.9 33.6 2.789 1.    0.
  15 1992  104 18656.  21.9 33.6 2.795 1.    0.
  15 1992  105 18743.  21.9 33.5 2.801 1.    9.
  15 1992  106 18830.  21.8 33.5 2.807 1.   22.
  15 1992  107 18841.  21.8 33.5 2.813 1.   30.
  15 1992  108 18852.  21.8 33.4 2.819 1.   14.
  15 1992  109 18863.  21.8 33.4 2.825 1.   35.
  15 1992  110 18874.  21.8 33.4 2.831 1.    9.
  15 1992  111 18885.  21.8 33.4 2.837 1.    0.
  15 1992  112 18896.  21.8 33.4 2.843 1.    0.
  15 1992  113 18907.  21.8 33.4 2.849 1.   19.
  15 1992  114 18918.  21.8 33.3 2.855 1.    0.
  15 1992  115 18929.  21.7 33.3 2.861 1.    2.
  15 1992  116 18940.  21.7 33.3 2.867 1.    0.
  15 1992  117 18951.  21.7 33.3 2.873 1.   18.
  15 1992  118 18962.  21.7 33.3 2.879 1.    0.
  15 1992  119 18973.  21.7 33.3 2.885 1.    7.
  15 1992  120 18984.  21.7 33.2 2.891 1.    0.
  15 1992  121 18995.  21.7 33.2 2.897 1.   16.
  15 1992  122 19006.  21.7 33.2 2.904 1.    0.
  15 1992  123 19017.  21.7 33.2 2.910 1.    0.
  15 1992  124 19028.  21.6 33.2 2.916 1.    0.
  15 1992  125 19039.  21.6 33.2 2.922 1.    0.
  15 1992  126 19050.  21.6 33.1 2.928 1.   12.
  15 1992  127 19061.  21.6 33.1 2.934 1.    0.
  15 1992  128 19072.  21.6 33.1 2.940 1.    0.
  15 1992  129 19083.  21.6 33.1 2.946 1.    0.
  15 1992  130 19094.  21.6 33.1 2.952 1.    0.
  15 1992  131 19105.  21.6 33.1 2.958 1.    4.
  15 1992  132 19116.  21.6 33.0 2.964 1.   24.
  15 1992  133 19127.  21.6 33.0 2.970 1.    0.
  15 1992  134 19138.  21.6 33.0 2.976 1.    1.
  15 1992  135 19149.  21.5 33.0 2.982 1.    0.
  15 1992  136 19160.  21.5 33.0 2.988 1.    0.
  15 1992  137 19049.  21.5 32.9 2.978 1.    0.
  15 1992  138 18937.  21.5 32.8 2.968 1.    6.
  15 1992  139 18826.  21.5 32.7 2.958 1.    1.
  15 1992  140 18715.  21.5 32.7 2.948 1.    0.
  15 1992  141 18604.  21.5 32.6 2.938 1.    0.
  15 1992  142 18492.  21.5 32.5 2.928 1.    0.
  15 1992  143 18381.  21.5 32.4 2.918 1.   21.
  15 1992  144 18270.  21.5 32.4 2.908 2.    0.
  15 1992  145 18158.  21.5 32.3 2.898 2.    0.
  15 1992  146 18047.  21.5 32.2 2.888 2.   15.
  15 1992  147 17936.  21.5 32.1 2.878 2.    0.
  15 1992  148 17825.  21.5 32.1 2.868 2.    0.
  15 1992  149 17713.  21.5 32.0 2.858 2.    0.
  15 1992  150 17602.  21.5 31.9 2.848 2.   35.
  15 1992  151 17491.  21.5 31.8 2.838 2.    0.
  15 1992  152 17379.  21.5 31.7 2.827 2.    0.
  15 1992  153 17268.  21.5 31.7 2.817 2.    0.
  15 1992  154 17157.  21.5 31.6 2.807 2.    0.
  15 1992  155 17045.  21.5 31.5 2.797 2.    0.
  15 1992  156 16934.  21.5 31.4 2.787 2.    0.
  15 1992  157 16823.  21.5 31.4 2.777 2.    0.
  15 1992  158 16712.  21.5 31.3 2.767 2.    1.
  15 1992  159 16600.  21.5 31.2 2.757 2.    3.
  15 1992  160 16489.  21.5 31.1 2.747 2.    0.
  15 1992  161 16378.  21.5 31.1 2.737 2.    0.
  15 1992  162 16266.  21.5 31.0 2.727 2.    0.
  15 1992  163 16155.  21.5 30.9 2.717 2.    4.
  15 1992  164 16044.  21.5 30.8 2.707 2.    0.
  15 1992  165 15933.  21.5 30.8 2.697 2.    7.
  15 1992  166 15821.  21.5 30.7 2.687 2.    0.
  15 1992  167 15710.  21.5 30.6 2.677 2.    0.
  15 1992  168 15630.  21.5 30.5 2.668 2.    3.
  15 1992  169 15549.  21.4 30.5 2.659 2.    0.
  15 1992  170 15469.  21.4 30.4 2.650 2.    3.
  15 1992  171 15389.  21.3 30.3 2.641 2.    0.
  15 1992  172 15308.  21.3 30.3 2.632 2.    1.
  15 1992  173 15228.  21.2 30.2 2.623 2.    2.
  15 1992  174 15148.  21.2 30.2 2.614 2.    0.
  15 1992  175 15067.  21.1 30.1 2.606 2.    0.
  15 1992  176 14987.  21.1 30.0 2.597 2.    6.
  15 1992  177 14907.  21.0 30.0 2.588 2.    8.
  15 1992  178 14826.  21.0 29.9 2.579 2.    0.
  15 1992  179 14746.  20.9 29.8 2.570 2.    0.
  15 1992  180 14666.  20.9 29.8 2.561 2.    0.
  15 1992  181 14585.  20.8 29.7 2.552 2.    3.
  15 1992  182 14505.  20.8 29.7 2.543 2.    3.
  15 1992  183 14425.  20.8 29.6 2.534 2.    0.
  15 1992  184 14344.  20.7 29.5 2.525 2.    0.
  15 1992  185 14264.  20.7 29.5 2.516 2.    4.
  15 1992  186 14184.  20.6 29.4 2.507 2.    0.
  15 1992  187 14103.  20.6 29.3 2.498 2.    0.
  15 1992  188 14023.  20.5 29.3 2.489 2.    4.
  15 1992  189 13943.  20.5 29.2 2.480 2.    0.
  15 1992  190 13862.  20.4 29.1 2.472 2.    0.
  15 1992  191 13782.  20.4 29.1 2.463 2.    0.
  15 1992  192 13702.  20.3 29.0 2.454 2.    0.
  15 1992  193 13621.  20.3 29.0 2.445 2.    0.
  15 1992  194 13541.  20.2 28.9 2.436 2.    0.
  15 1992  195 13461.  20.2 28.8 2.427 2.    0.
  15 1992  196 13380.  20.1 28.8 2.418 2.    0.
  15 1992  197 13300.  20.1 28.7 2.409 2.    1.
  15 1992  198 13315.  20.0 28.7 2.401 2.    0.
  15 1992  199 13330.  19.8 28.8 2.393 2.    0.
  15 1992  200 13345.  19.7 28.8 2.385 2.    0.
  15 1992  201 13361.  19.5 28.8 2.377 2.    0.
  15 1992  202 13376.  19.4 28.9 2.369 2.    2.
  15 1992  203 13391.  19.2 28.9 2.362 2.    4.
  15 1992  204 13406.  19.1 28.9 2.354 2.    1.
  15 1992  205 13421.  18.9 28.9 2.346 2.    0.
  15 1992  206 13436.  18.8 29.0 2.338 2.    0.
  15 1992  207 13452.  18.6 29.0 2.330 2.    3.
  15 1992  208 13467.  18.5 29.0 2.322 2.    4.
  15 1992  209 13482.  18.4 29.1 2.314 2.    0.
  15 1992  210 13497.  18.2 29.1 2.306 2.    0.
  15 1992  211 13512.  18.1 29.1 2.298 2.    1.
  15 1992  212 13527.  17.9 29.1 2.290 2.   11.
  15 1992  213 13543.  17.8 29.2 2.283 2.    0.
  15 1992  214 13558.  17.6 29.2 2.275 2.    0.
  15 1992  215 13573.  17.5 29.2 2.267 2.    0.
  15 1992  216 13588.  17.3 29.3 2.259 2.    0.
  15 1992  217 13603.  17.2 29.3 2.251 2.    0.
  15 1992  218 13618.  17.1 29.3 2.243 2.    0.
  15 1992  219 13634.  16.9 29.4 2.235 2.    0.
  15 1992  220 13649.  16.8 29.4 2.227 2.    0.
  15 1992  221 13664.  16.6 29.4 2.219 2.    0.
  15 1992  222 13679.  16.5 29.4 2.211 2.    0.
  15 1992  223 13694.  16.3 29.5 2.204 2.    0.
  15 1992  224 13709.  16.2 29.5 2.196 2.    0.
  15 1992  225 13725.  16.0 29.5 2.188 2.    0.
  15 1992  226 13740.  15.9 29.6 2.180 2.    0.
  15 1992  227 13755.  15.7 29.6 2.172 2.    0.
  15 1992  228 13770.  15.6 29.6 2.164 2.    0.
  15 1992  229 13835.  15.7 29.7 2.176 2.    0.
  15 1992  230 13899.  15.9 29.7 2.187 2.    6.
  15 1992  231 13964.  16.0 29.8 2.199 2.    0.
  15 1992  232 14028.  16.2 29.8 2.211 2.    0.
  15 1992  233 14093.  16.3 29.9 2.222 2.    0.
  15 1992  234 14157.  16.5 29.9 2.234 2.    0.
  15 1992  235 14222.  16.6 29.9 2.246 2.    0.
  15 1992  236 14286.  16.8 30.0 2.257 2.    0.
  15 1992  237 14351.  16.9 30.0 2.269 2.    0.
  15 1992  238 14415.  17.1 30.1 2.280 2.    0.
  15 1992  239 14480.  17.2 30.1 2.292 2.    0.
  15 1992  240 14544.  17.4 30.2 2.304 2.    0.
  15 1992  241 14609.  17.5 30.2 2.315 2.    0.
  15 1992  242 14673.  17.7 30.3 2.327 2.    0.
  15 1992  243 14738.  17.8 30.3 2.339 2.    0.
  15 1992  244 14802.  18.0 30.4 2.350 2.    0.
  15 1992  245 14867.  18.1 30.4 2.362 2.   14.
  15 1992  246 14931.  18.3 30.4 2.374 2.    0.
  15 1992  247 14996.  18.4 30.5 2.385 2.    0.
  15 1992  248 15060.  18.6 30.5 2.397 2.    0.
  15 1992  249 15125.  18.7 30.6 2.409 2.    0.
  15 1992  250 15189.  18.9 30.6 2.420 2.    0.
  15 1992  251 15254.  19.0 30.7 2.432 2.    1.
  15 1992  252 15318.  19.2 30.7 2.443 2.   12.
  15 1992  253 15383.  19.3 30.8 2.455 2.    0.
  15 1992  254 15447.  19.5 30.8 2.467 2.    7.
  15 1992  255 15512.  19.6 30.8 2.478 2.   14.
  15 1992  256 15576.  19.8 30.9 2.490 2.    1.
  15 1992  257 15641.  19.9 30.9 2.502 2.   24.
  15 1992  258 15705.  20.1 31.0 2.513 2.    0.
  15 1992  259 15770.  20.2 31.0 2.525 2.   35.
  15 1992  260 15807.  20.2 31.0 2.529 2.    0.
  15 1992  261 15843.  20.2 31.1 2.532 2.    0.
  15 1992  262 15880.  20.2 31.1 2.536 2.    0.
  15 1992  263 15917.  20.3 31.1 2.539 2.    0.
  15 1992  264 15953.  20.3 31.1 2.543 2.    0.
  15 1992  265 15990.  20.3 31.1 2.546 2.   12.
  15 1992  266 16027.  20.3 31.1 2.549 2.    0.
  15 1992  267 16063.  20.3 31.1 2.553 2.    0.
  15 1992  268 16100.  20.3 31.1 2.557 2.   10.
  15 1992  269 16137.  20.3 31.2 2.560 2.    0.
  15 1992  270 16173.  20.3 31.2 2.564 2.    2.
  15 1992  271 16210.  20.3 31.2 2.567 2.    1.
  15 1992  272 16247.  20.3 31.2 2.571 2.    0.
  15 1992  273 16283.  20.3 31.2 2.574 2.    0.
  15 1992  274 16320.  20.3 31.2 2.578 2.    6.
  15 1992  275 16357.  20.3 31.2 2.581 2.    0.
  15 1992  276 16393.  20.3 31.2 2.585 2.    0.
  15 1992  277 16430.  20.3 31.3 2.588 2.    0.
  15 1992  278 16467.  20.3 31.3 2.592 2.    4.
  15 1992  279 16503.  20.3 31.3 2.595 2.    0.
  15 1992  280 16540.  20.3 31.3 2.599 2.    0.
  15 1992  281 16577.  20.4 31.3 2.602 2.    0.
  15 1992  282 16613.  20.4 31.3 2.605 2.    0.
  15 1992  283 16650.  20.4 31.3 2.609 2.    0.
  15 1992  284 16687.  20.4 31.3 2.612 2.    0.
  15 1992  285 16723.  20.4 31.4 2.616 2.    1.
  15 1992  286 16760.  20.4 31.4 2.619 2.    0.
  15 1992  287 16797.  20.4 31.4 2.623 2.    0.
  15 1992  288 16833.  20.4 31.4 2.626 2.    0.
  15 1992  289 16870.  20.4 31.4 2.630 2.    4.
  15 1992  290 16873.  20.4 31.4 2.633 2.    0.
  15 1992  291 16876.  20.3 31.4 2.635 2.    0.
  15 1992  292 16880.  20.3 31.4 2.638 2.    0.
  15 1992  293 16883.  20.2 31.5 2.640 2.    0.
  15 1992  294 16886.  20.2 31.5 2.643 2.    0.
  15 1992  295 16889.  20.1 31.5 2.646 2.   13.
  15 1992  296 16893.  20.1 31.5 2.648 2.    3.
  15 1992  297 16896.  20.0 31.5 2.651 2.    0.
  15 1992  298 16899.  20.0 31.5 2.654 2.    0.
  15 1992  299 16902.  19.9 31.6 2.656 2.    4.
  15 1992  300 16905.  19.9 31.6 2.659 2.    8.
  15 1992  301 16909.  19.8 31.6 2.661 2.   21.
  15 1992  302 16912.  19.8 31.6 2.664 2.    0.
  15 1992  303 16915.  19.7 31.6 2.667 2.    0.
  15 1992  304 16918.  19.7 31.6 2.669 2.   15.
  15 1992  305 16922.  19.6 31.6 2.672 2.    0.
  15 1992  306 16925.  19.6 31.7 2.674 1.    0.
  15 1992  307 16928.  19.5 31.7 2.677 1.    0.
  15 1992  308 16931.  19.5 31.7 2.680 1.    0.
  15 1992  309 16935.  19.5 31.7 2.682 1.    0.
  15 1992  310 16938.  19.4 31.7 2.685 1.    0.
  15 1992  311 16941.  19.4 31.7 2.687 1.    0.
  15 1992  312 16944.  19.3 31.8 2.690 1.    0.
  15 1992  313 16947.  19.3 31.8 2.693 1.    0.
  15 1992  314 16951.  19.2 31.8 2.695 1.    7.
  15 1992  315 16954.  19.2 31.8 2.698 1.    0.
  15 1992  316 16957.  19.1 31.8 2.701 1.    0.
  15 1992  317 16960.  19.1 31.8 2.703 1.    0.
  15 1992  318 16964.  19.0 31.8 2.706 1.    0.
  15 1992  319 16967.  19.0 31.9 2.708 1.   16.
  15 1992  320 16970.  18.9 31.9 2.711 1.    0.
  15 1992  321 16946.  18.9 31.9 2.701 1.    4.
  15 1992  322 16922.  18.8 31.9 2.692 1.    0.
  15 1992  323 16898.  18.7 31.9 2.682 1.    0.
  15 1992  324 16874.  18.7 31.9 2.672 1.    0.
  15 1992  325 16850.  18.6 31.9 2.662 1.    0.
  15 1992  326 16826.  18.6 31.9 2.653 1.    0.
  15 1992  327 16802.  18.5 31.9 2.643 1.    0.
  15 1992  328 16778.  18.4 31.9 2.633 1.    0.
  15 1992  329 16754.  18.4 32.0 2.623 1.    0.
  15 1992  330 16730.  18.3 32.0 2.614 1.    0.
  15 1992  331 16706.  18.2 32.0 2.604 1.    0.
  15 1992  332 16682.  18.2 32.0 2.594 1.    3.
  15 1992  333 16658.  18.1 32.0 2.584 1.    0.
  15 1992  334 16634.  18.1 32.0 2.575 1.   12.
  15 1992  335 16610.  18.0 32.0 2.565 1.    0.
  15 1992  336 16586.  17.9 32.0 2.555 1.    0.
  15 1992  337 16562.  17.9 32.0 2.546 1.    0.
  15 1992  338 16538.  17.8 32.0 2.536 1.    0.
  15 1992  339 16514.  17.7 32.0 2.526 1.    0.
  15 1992  340 16490.  17.7 32.0 2.516 1.    0.
  15 1992  341 16466.  17.6 32.1 2.507 1.    0.
  15 1992  342 16442.  17.6 32.1 2.497 1.    0.
  15 1992  343 16418.  17.5 32.1 2.487 1.    0.
  15 1992  344 16394.  17.4 32.1 2.477 1.    0.
  15 1992  345 16370.  17.4 32.1 2.468 1.    0.
  15 1992  346 16346.  17.3 32.1 2.458 1.    0.
  15 1992  347 16322.  17.2 32.1 2.448 1.    0.
  15 1992  348 16298.  17.2 32.1 2.438 1.    7.
  15 1992  349 16274.  17.1 32.1 2.429 1.    4.
  15 1992  350 16250.  17.1 32.1 2.419 1.    0.
  15 1992  351 16240.  17.1 32.2 2.395 1.    0.
  15 1992  352 16230.  17.0 32.2 2.372 1.    0.
  15 1992  353 16220.  17.0 32.3 2.348 1.    0.
  15 1992  354 16210.  17.0 32.4 2.324 1.    0.
  15 1992  355 16200.  17.0 32.4 2.301 1.    0.
  15 1992  356 16190.  17.0 32.5 2.277 1.    0.
  15 1992  357 16180.  17.0 32.5 2.253 1.    0.
  15 1992  358 16170.  17.0 32.6 2.230 1.    0.
  15 1992  359 16160.  17.0 32.7 2.206 1.    0.
  15 1992  360 16150.  17.0 32.7 2.182 1.    0.
  15 1992  361 16140.  17.0 32.8 2.159 1.    0.
  15 1992  362 16130.  17.0 32.8 2.135 1.    0.
  15 1992  363 16120.  17.0 32.9 2.111 1.    0.
  15 1992  364 16110.  17.0 33.0 2.088 1.    0.
  15 1992  365 16100.  17.0 33.0 2.064 1.    0.
  15 1992  366 16090.  17.0 33.1 2.041 1.    0.
