*---------------------------------------------------------*
*   Country: Cote d'Ivoire
*   Station: Yamoussoukro
*      Year: 1993
* Longitude: 005 21 W
*  Latitude: 06 54 N
* Elevation: 213 m.
*  WMO-code: 65.-
*  Comments: Automatically generated file from *.WOF file
*            with REGENSIM.FOR ver. aug 96
*
*  Columns:
*  ========
*  station number
*  year
*  day
*  irradiation (kJ m-2 d-1)
*  minimum temperature (degrees Celsius)
*  maximum temperature (degrees Celsius)
*  vapour pressure (kPa)
*  mean wind speed (m s-1)
*  precipitation (mm month-1)
*---------------------------------------------------------*
  -5.35    6.90  213.00     .00     .00
  15 1993    1 17275.  16.9 33.2 2.113 1.    0.
  15 1993    2 17322.  16.9 33.3 2.091 1.    0.
  15 1993    3 17369.  16.8 33.3 2.070 1.    0.
  15 1993    4 17415.  16.7 33.4 2.048 1.    0.
  15 1993    5 17462.  16.6 33.5 2.026 1.    0.
  15 1993    6 17509.  16.6 33.5 2.005 1.    0.
  15 1993    7 17556.  16.5 33.6 1.983 1.    0.
  15 1993    8 17603.  16.4 33.6 1.962 1.    0.
  15 1993    9 17649.  16.3 33.7 1.940 1.    0.
  15 1993   10 17696.  16.3 33.8 1.918 1.    0.
  15 1993   11 17743.  16.2 33.8 1.897 1.    0.
  15 1993   12 17790.  16.1 33.9 1.875 1.    0.
  15 1993   13 17836.  16.0 33.9 1.853 1.    0.
  15 1993   14 17883.  15.9 34.0 1.832 1.    0.
  15 1993   15 17930.  15.9 34.1 1.810 1.    0.
  15 1993   16 17948.  16.0 34.1 1.830 1.    0.
  15 1993   17 17965.  16.2 34.2 1.850 1.    0.
  15 1993   18 17983.  16.3 34.2 1.870 1.    0.
  15 1993   19 18001.  16.5 34.3 1.890 1.    0.
  15 1993   20 18018.  16.6 34.4 1.910 1.    0.
  15 1993   21 18036.  16.8 34.4 1.930 1.    0.
  15 1993   22 18054.  16.9 34.5 1.950 1.    0.
  15 1993   23 18071.  17.0 34.5 1.971 1.    0.
  15 1993   24 18089.  17.2 34.6 1.991 1.    0.
  15 1993   25 18107.  17.3 34.6 2.011 1.    0.
  15 1993   26 18124.  17.5 34.7 2.031 1.    0.
  15 1993   27 18142.  17.6 34.8 2.051 1.    0.
  15 1993   28 18160.  17.8 34.8 2.071 1.    0.
  15 1993   29 18177.  17.9 34.9 2.091 1.    0.
  15 1993   30 18195.  18.1 34.9 2.111 1.    0.
  15 1993   31 18213.  18.2 35.0 2.131 1.    0.
  15 1993   32 18230.  18.4 35.0 2.151 1.    0.
  15 1993   33 18248.  18.5 35.1 2.171 1.    0.
  15 1993   34 18266.  18.7 35.1 2.191 1.    0.
  15 1993   35 18283.  18.8 35.2 2.211 1.    0.
  15 1993   36 18301.  19.0 35.3 2.231 1.    0.
  15 1993   37 18319.  19.1 35.3 2.251 1.    0.
  15 1993   38 18336.  19.2 35.4 2.272 1.    0.
  15 1993   39 18354.  19.4 35.4 2.292 1.    0.
  15 1993   40 18372.  19.5 35.5 2.312 1.   13.
  15 1993   41 18389.  19.7 35.5 2.332 1.    0.
  15 1993   42 18407.  19.8 35.6 2.352 1.    0.
  15 1993   43 18425.  20.0 35.7 2.372 1.    0.
  15 1993   44 18442.  20.1 35.7 2.392 1.    0.
  15 1993   45 18460.  20.3 35.8 2.412 1.    0.
  15 1993   46 18485.  20.2 35.7 2.417 1.    0.
  15 1993   47 18510.  20.2 35.7 2.421 1.    0.
  15 1993   48 18536.  20.2 35.6 2.426 1.    1.
  15 1993   49 18561.  20.1 35.6 2.430 1.   34.
  15 1993   50 18586.  20.1 35.5 2.435 1.    1.
  15 1993   51 18611.  20.1 35.5 2.439 1.    0.
  15 1993   52 18636.  20.0 35.4 2.444 1.    0.
  15 1993   53 18661.  20.0 35.4 2.448 1.    0.
  15 1993   54 18687.  20.0 35.3 2.453 1.    0.
  15 1993   55 18712.  19.9 35.3 2.458 1.    0.
  15 1993   56 18737.  19.9 35.3 2.462 1.    0.
  15 1993   57 18762.  19.9 35.2 2.467 1.    0.
  15 1993   58 18787.  19.8 35.2 2.471 1.    0.
  15 1993   59 18812.  19.8 35.1 2.476 1.    0.
  15 1993   60 18838.  19.8 35.1 2.480 1.    0.
  15 1993   61 18863.  19.7 35.0 2.485 1.    0.
  15 1993   62 18888.  19.7 35.0 2.489 1.    0.
  15 1993   63 18913.  19.6 34.9 2.494 1.    0.
  15 1993   64 18938.  19.6 34.9 2.498 1.    0.
  15 1993   65 18963.  19.6 34.8 2.503 1.    0.
  15 1993   66 18989.  19.5 34.8 2.508 1.    1.
  15 1993   67 19014.  19.5 34.7 2.512 1.    8.
  15 1993   68 19039.  19.5 34.7 2.517 1.    1.
  15 1993   69 19064.  19.4 34.6 2.521 1.    0.
  15 1993   70 19089.  19.4 34.6 2.526 1.    7.
  15 1993   71 19114.  19.4 34.5 2.530 1.    0.
  15 1993   72 19140.  19.3 34.5 2.535 1.   23.
  15 1993   73 19165.  19.3 34.4 2.539 1.    0.
  15 1993   74 19190.  19.3 34.4 2.544 1.   31.
  15 1993   75 19211.  19.3 34.4 2.554 1.   11.
  15 1993   76 19233.  19.4 34.4 2.564 1.   16.
  15 1993   77 19254.  19.4 34.4 2.574 1.    0.
  15 1993   78 19275.  19.4 34.4 2.584 1.    0.
  15 1993   79 19296.  19.5 34.4 2.594 1.    4.
  15 1993   80 19318.  19.5 34.4 2.604 1.    0.
  15 1993   81 19339.  19.6 34.4 2.614 1.    0.
  15 1993   82 19360.  19.6 34.4 2.624 2.    0.
  15 1993   83 19382.  19.6 34.4 2.634 2.    0.
  15 1993   84 19403.  19.7 34.4 2.644 2.    1.
  15 1993   85 19424.  19.7 34.4 2.654 2.   15.
  15 1993   86 19445.  19.8 34.4 2.664 2.    0.
  15 1993   87 19467.  19.8 34.4 2.674 2.    4.
  15 1993   88 19488.  19.9 34.4 2.684 2.    2.
  15 1993   89 19509.  19.9 34.4 2.694 2.    0.
  15 1993   90 19531.  19.9 34.4 2.704 2.   58.
  15 1993   91 19552.  20.0 34.4 2.714 2.   27.
  15 1993   92 19573.  20.0 34.4 2.724 2.   21.
  15 1993   93 19595.  20.1 34.4 2.734 2.    0.
  15 1993   94 19616.  20.1 34.4 2.744 2.    0.
  15 1993   95 19637.  20.2 34.4 2.754 2.    0.
  15 1993   96 19658.  20.2 34.4 2.764 2.    0.
  15 1993   97 19680.  20.2 34.4 2.774 2.   36.
  15 1993   98 19701.  20.3 34.4 2.784 3.   13.
  15 1993   99 19722.  20.3 34.4 2.794 3.   20.
  15 1993  100 19744.  20.4 34.4 2.804 3.    0.
  15 1993  101 19765.  20.4 34.4 2.814 3.    0.
  15 1993  102 19786.  20.4 34.4 2.824 3.    0.
  15 1993  103 19807.  20.5 34.4 2.834 3.    0.
  15 1993  104 19829.  20.5 34.4 2.844 3.    4.
  15 1993  105 19850.  20.6 34.4 2.854 3.    2.
  15 1993  106 19850.  20.6 34.4 2.857 3.    0.
  15 1993  107 19850.  20.6 34.3 2.859 3.   22.
  15 1993  108 19850.  20.7 34.3 2.862 3.    0.
  15 1993  109 19850.  20.7 34.2 2.864 3.    0.
  15 1993  110 19850.  20.7 34.2 2.867 3.    0.
  15 1993  111 19850.  20.8 34.2 2.869 3.    0.
  15 1993  112 19850.  20.8 34.1 2.872 3.    0.
  15 1993  113 19850.  20.8 34.1 2.875 3.    0.
  15 1993  114 19850.  20.9 34.0 2.877 2.    1.
  15 1993  115 19850.  20.9 34.0 2.880 2.    0.
  15 1993  116 19850.  20.9 33.9 2.882 2.    0.
  15 1993  117 19850.  21.0 33.9 2.885 2.    0.
  15 1993  118 19850.  21.0 33.8 2.887 2.   46.
  15 1993  119 19850.  21.1 33.8 2.890 2.    0.
  15 1993  120 19850.  21.1 33.7 2.893 2.    0.
  15 1993  121 19850.  21.1 33.7 2.895 2.    0.
  15 1993  122 19850.  21.2 33.6 2.898 2.    0.
  15 1993  123 19850.  21.2 33.6 2.900 2.   16.
  15 1993  124 19850.  21.2 33.5 2.903 2.    0.
  15 1993  125 19850.  21.3 33.5 2.905 2.    0.
  15 1993  126 19850.  21.3 33.5 2.908 2.    0.
  15 1993  127 19850.  21.3 33.4 2.910 2.   10.
  15 1993  128 19850.  21.4 33.4 2.913 2.    0.
  15 1993  129 19850.  21.4 33.3 2.916 2.    0.
  15 1993  130 19850.  21.4 33.3 2.918 2.    9.
  15 1993  131 19850.  21.5 33.2 2.921 2.    0.
  15 1993  132 19850.  21.5 33.2 2.923 1.    8.
  15 1993  133 19850.  21.5 33.1 2.926 1.    0.
  15 1993  134 19850.  21.6 33.1 2.928 1.    0.
  15 1993  135 19850.  21.6 33.0 2.931 1.    0.
  15 1993  136 19735.  21.6 33.0 2.925 1.    0.
  15 1993  137 19619.  21.5 32.9 2.919 1.    0.
  15 1993  138 19504.  21.5 32.8 2.913 1.    0.
  15 1993  139 19388.  21.5 32.7 2.907 1.    8.
  15 1993  140 19273.  21.5 32.7 2.901 1.    0.
  15 1993  141 19157.  21.4 32.6 2.894 1.    0.
  15 1993  142 19042.  21.4 32.5 2.888 1.    0.
  15 1993  143 18926.  21.4 32.4 2.882 1.    0.
  15 1993  144 18811.  21.3 32.4 2.876 1.   18.
  15 1993  145 18695.  21.3 32.3 2.870 1.   14.
  15 1993  146 18580.  21.3 32.2 2.864 1.    4.
  15 1993  147 18464.  21.3 32.2 2.858 1.    6.
  15 1993  148 18349.  21.2 32.1 2.852 1.    0.
  15 1993  149 18233.  21.2 32.0 2.846 1.    0.
  15 1993  150 18118.  21.2 31.9 2.840 1.   34.
  15 1993  151 18002.  21.2 31.9 2.833 2.   30.
  15 1993  152 17887.  21.1 31.8 2.827 2.    0.
  15 1993  153 17771.  21.1 31.7 2.821 2.   14.
  15 1993  154 17656.  21.1 31.6 2.815 2.    7.
  15 1993  155 17540.  21.0 31.6 2.809 2.    0.
  15 1993  156 17425.  21.0 31.5 2.803 2.    0.
  15 1993  157 17309.  21.0 31.4 2.797 2.    0.
  15 1993  158 17194.  21.0 31.4 2.791 2.   15.
  15 1993  159 17078.  20.9 31.3 2.785 2.    0.
  15 1993  160 16963.  20.9 31.2 2.779 2.    0.
  15 1993  161 16847.  20.9 31.1 2.772 2.    1.
  15 1993  162 16732.  20.8 31.1 2.766 2.   14.
  15 1993  163 16616.  20.8 31.0 2.760 2.    0.
  15 1993  164 16501.  20.8 30.9 2.754 2.    7.
  15 1993  165 16385.  20.8 30.8 2.748 2.    2.
  15 1993  166 16270.  20.7 30.8 2.742 2.    0.
  15 1993  167 16221.  20.7 30.7 2.739 2.   21.
  15 1993  168 16171.  20.7 30.7 2.735 2.    0.
  15 1993  169 16122.  20.7 30.6 2.732 2.   15.
  15 1993  170 16073.  20.6 30.6 2.729 2.   21.
  15 1993  171 16023.  20.6 30.5 2.725 2.    0.
  15 1993  172 15974.  20.6 30.5 2.722 2.   26.
  15 1993  173 15925.  20.6 30.4 2.719 2.    0.
  15 1993  174 15875.  20.5 30.3 2.715 1.    0.
  15 1993  175 15826.  20.5 30.3 2.712 1.    0.
  15 1993  176 15777.  20.5 30.2 2.709 1.    0.
  15 1993  177 15727.  20.5 30.2 2.705 1.    0.
  15 1993  178 15678.  20.4 30.1 2.702 1.    1.
  15 1993  179 15629.  20.4 30.1 2.699 1.    0.
  15 1993  180 15579.  20.4 30.0 2.695 1.    0.
  15 1993  181 15530.  20.4 30.0 2.692 1.    0.
  15 1993  182 15481.  20.3 29.9 2.689 1.    0.
  15 1993  183 15431.  20.3 29.9 2.685 1.    0.
  15 1993  184 15382.  20.3 29.8 2.682 1.    0.
  15 1993  185 15333.  20.3 29.8 2.679 1.    2.
  15 1993  186 15283.  20.2 29.7 2.675 1.    0.
  15 1993  187 15234.  20.2 29.6 2.672 1.    1.
  15 1993  188 15185.  20.2 29.6 2.669 1.    1.
  15 1993  189 15135.  20.2 29.5 2.665 1.    1.
  15 1993  190 15086.  20.1 29.5 2.662 1.    0.
  15 1993  191 15037.  20.1 29.4 2.659 1.    0.
  15 1993  192 14987.  20.1 29.4 2.655 1.    7.
  15 1993  193 14938.  20.1 29.3 2.652 1.    0.
  15 1993  194 14889.  20.0 29.3 2.649 1.    0.
  15 1993  195 14839.  20.0 29.2 2.645 1.   11.
  15 1993  196 14790.  20.0 29.2 2.642 1.    0.
  15 1993  197 14785.  20.0 29.2 2.640 1.    0.
  15 1993  198 14780.  20.0 29.2 2.638 1.    0.
  15 1993  199 14775.  19.9 29.2 2.635 1.    4.
  15 1993  200 14769.  19.9 29.2 2.633 1.    0.
  15 1993  201 14764.  19.9 29.2 2.631 1.    3.
  15 1993  202 14759.  19.9 29.3 2.629 1.    5.
  15 1993  203 14754.  19.8 29.3 2.627 1.    0.
  15 1993  204 14749.  19.8 29.3 2.624 1.    0.
  15 1993  205 14744.  19.8 29.3 2.622 1.    0.
  15 1993  206 14738.  19.8 29.3 2.620 1.    0.
  15 1993  207 14733.  19.8 29.3 2.618 1.    0.
  15 1993  208 14728.  19.7 29.3 2.616 1.    0.
  15 1993  209 14723.  19.7 29.4 2.613 1.    0.
  15 1993  210 14718.  19.7 29.4 2.611 1.    4.
  15 1993  211 14713.  19.7 29.4 2.609 1.    7.
  15 1993  212 14707.  19.6 29.4 2.607 1.    0.
  15 1993  213 14702.  19.6 29.4 2.605 1.    0.
  15 1993  214 14697.  19.6 29.4 2.603 1.    0.
  15 1993  215 14692.  19.6 29.4 2.600 1.    0.
  15 1993  216 14687.  19.5 29.4 2.598 1.    0.
  15 1993  217 14682.  19.5 29.5 2.596 1.    0.
  15 1993  218 14676.  19.5 29.5 2.594 1.    0.
  15 1993  219 14671.  19.5 29.5 2.592 1.    0.
  15 1993  220 14666.  19.5 29.5 2.589 1.    0.
  15 1993  221 14661.  19.4 29.5 2.587 1.    0.
  15 1993  222 14656.  19.4 29.5 2.585 1.    0.
  15 1993  223 14651.  19.4 29.5 2.583 1.    0.
  15 1993  224 14645.  19.4 29.6 2.581 1.   20.
  15 1993  225 14640.  19.3 29.6 2.578 1.    0.
  15 1993  226 14635.  19.3 29.6 2.576 1.    0.
  15 1993  227 14630.  19.3 29.6 2.574 1.    0.
  15 1993  228 14680.  19.3 29.6 2.571 1.   19.
  15 1993  229 14731.  19.3 29.6 2.569 1.    0.
  15 1993  230 14781.  19.3 29.6 2.566 1.    0.
  15 1993  231 14831.  19.2 29.6 2.563 1.    0.
  15 1993  232 14882.  19.2 29.6 2.560 1.    0.
  15 1993  233 14932.  19.2 29.6 2.558 1.    0.
  15 1993  234 14982.  19.2 29.6 2.555 1.    0.
  15 1993  235 15033.  19.2 29.6 2.552 1.    0.
  15 1993  236 15083.  19.2 29.6 2.549 1.   21.
  15 1993  237 15133.  19.2 29.6 2.547 1.    0.
  15 1993  238 15184.  19.2 29.6 2.544 1.   14.
  15 1993  239 15234.  19.1 29.7 2.541 1.    0.
  15 1993  240 15284.  19.1 29.7 2.538 1.    0.
  15 1993  241 15335.  19.1 29.7 2.536 1.    0.
  15 1993  242 15385.  19.1 29.7 2.533 1.    0.
  15 1993  243 15435.  19.1 29.7 2.530 1.   18.
  15 1993  244 15485.  19.1 29.7 2.527 1.    6.
  15 1993  245 15536.  19.1 29.7 2.525 1.    1.
  15 1993  246 15586.  19.1 29.7 2.522 1.    7.
  15 1993  247 15636.  19.0 29.7 2.519 1.    0.
  15 1993  248 15687.  19.0 29.7 2.516 1.    2.
  15 1993  249 15737.  19.0 29.7 2.514 1.    0.
  15 1993  250 15787.  19.0 29.7 2.511 1.    0.
  15 1993  251 15838.  19.0 29.7 2.508 1.    0.
  15 1993  252 15888.  19.0 29.7 2.505 1.    1.
  15 1993  253 15938.  19.0 29.7 2.503 1.    1.
  15 1993  254 15989.  19.0 29.7 2.500 1.    2.
  15 1993  255 16039.  18.9 29.7 2.497 1.    0.
  15 1993  256 16089.  18.9 29.7 2.494 1.    0.
  15 1993  257 16140.  18.9 29.7 2.492 1.   49.
  15 1993  258 16190.  18.9 29.7 2.489 1.    5.
  15 1993  259 16273.  19.0 29.8 2.505 1.   31.
  15 1993  260 16357.  19.2 29.9 2.521 1.    9.
  15 1993  261 16440.  19.3 30.0 2.538 1.    0.
  15 1993  262 16523.  19.4 30.1 2.554 1.    0.
  15 1993  263 16607.  19.5 30.2 2.570 1.    2.
  15 1993  264 16690.  19.7 30.3 2.586 1.    0.
  15 1993  265 16773.  19.8 30.4 2.602 1.    0.
  15 1993  266 16857.  19.9 30.5 2.618 1.    0.
  15 1993  267 16940.  20.0 30.6 2.635 1.   12.
  15 1993  268 17023.  20.2 30.7 2.651 1.    4.
  15 1993  269 17107.  20.3 30.8 2.667 1.    0.
  15 1993  270 17190.  20.4 30.9 2.683 1.    0.
  15 1993  271 17273.  20.5 31.0 2.699 1.    1.
  15 1993  272 17357.  20.7 31.1 2.715 1.   14.
  15 1993  273 17440.  20.8 31.2 2.731 1.   19.
  15 1993  274 17523.  20.9 31.3 2.748 1.    0.
  15 1993  275 17607.  21.1 31.4 2.764 1.    2.
  15 1993  276 17690.  21.2 31.5 2.780 1.    9.
  15 1993  277 17773.  21.3 31.6 2.796 1.   20.
  15 1993  278 17857.  21.4 31.7 2.812 1.   19.
  15 1993  279 17940.  21.6 31.8 2.829 1.    3.
  15 1993  280 18023.  21.7 31.9 2.845 1.    0.
  15 1993  281 18107.  21.8 32.0 2.861 1.    2.
  15 1993  282 18190.  21.9 32.1 2.877 1.    0.
  15 1993  283 18273.  22.1 32.2 2.893 1.    0.
  15 1993  284 18357.  22.2 32.3 2.909 1.    0.
  15 1993  285 18440.  22.3 32.4 2.925 1.    0.
  15 1993  286 18523.  22.4 32.5 2.942 1.    5.
  15 1993  287 18607.  22.6 32.6 2.958 1.   11.
  15 1993  288 18690.  22.7 32.7 2.974 1.    4.
  15 1993  289 18677.  22.6 32.7 2.969 1.    0.
  15 1993  290 18664.  22.5 32.7 2.963 1.   18.
  15 1993  291 18651.  22.4 32.7 2.958 1.    0.
  15 1993  292 18638.  22.2 32.7 2.953 1.    9.
  15 1993  293 18625.  22.1 32.6 2.947 1.   10.
  15 1993  294 18613.  22.0 32.6 2.942 1.    1.
  15 1993  295 18600.  21.9 32.6 2.937 1.    0.
  15 1993  296 18587.  21.8 32.6 2.931 1.   10.
  15 1993  297 18574.  21.7 32.6 2.926 1.   18.
  15 1993  298 18561.  21.5 32.6 2.920 1.    0.
  15 1993  299 18548.  21.4 32.6 2.915 1.    1.
  15 1993  300 18535.  21.3 32.6 2.910 1.    0.
  15 1993  301 18522.  21.2 32.6 2.904 1.   19.
  15 1993  302 18509.  21.1 32.6 2.899 1.    6.
  15 1993  303 18496.  21.0 32.5 2.894 1.   44.
  15 1993  304 18484.  20.9 32.5 2.888 1.    0.
  15 1993  305 18471.  20.7 32.5 2.883 1.    0.
  15 1993  306 18458.  20.6 32.5 2.878 1.    0.
  15 1993  307 18445.  20.5 32.5 2.872 1.    0.
  15 1993  308 18432.  20.4 32.5 2.867 1.    3.
  15 1993  309 18419.  20.3 32.5 2.862 1.    0.
  15 1993  310 18406.  20.2 32.5 2.856 1.    0.
  15 1993  311 18393.  20.1 32.5 2.851 1.   23.
  15 1993  312 18380.  19.9 32.4 2.845 1.    0.
  15 1993  313 18367.  19.8 32.4 2.840 1.   16.
  15 1993  314 18355.  19.7 32.4 2.835 1.    0.
  15 1993  315 18342.  19.6 32.4 2.829 1.    0.
  15 1993  316 18329.  19.5 32.4 2.824 1.    2.
  15 1993  317 18316.  19.4 32.4 2.819 1.    0.
  15 1993  318 18303.  19.2 32.4 2.813 1.   13.
  15 1993  319 18290.  19.1 32.4 2.808 1.    0.
  15 1993  320 18234.  19.1 32.4 2.795 1.    0.
  15 1993  321 18179.  19.1 32.4 2.782 1.    0.
  15 1993  322 18123.  19.0 32.4 2.769 1.    0.
  15 1993  323 18067.  19.0 32.4 2.756 1.    0.
  15 1993  324 18012.  18.9 32.4 2.743 1.    0.
  15 1993  325 17956.  18.9 32.4 2.730 1.    0.
  15 1993  326 17900.  18.9 32.4 2.717 1.    0.
  15 1993  327 17845.  18.8 32.4 2.703 1.    0.
  15 1993  328 17789.  18.8 32.4 2.690 1.    0.
  15 1993  329 17733.  18.8 32.4 2.677 1.    0.
  15 1993  330 17678.  18.7 32.4 2.664 1.    0.
  15 1993  331 17622.  18.7 32.4 2.651 1.    0.
  15 1993  332 17566.  18.6 32.4 2.638 1.    0.
  15 1993  333 17511.  18.6 32.4 2.625 1.    0.
  15 1993  334 17455.  18.6 32.4 2.612 1.    0.
  15 1993  335 17399.  18.5 32.4 2.599 1.    0.
  15 1993  336 17344.  18.5 32.4 2.586 1.    0.
  15 1993  337 17288.  18.5 32.4 2.573 1.    0.
  15 1993  338 17232.  18.4 32.4 2.560 1.    0.
  15 1993  339 17177.  18.4 32.4 2.547 1.    2.
  15 1993  340 17121.  18.3 32.4 2.534 1.    0.
  15 1993  341 17065.  18.3 32.4 2.521 1.    0.
  15 1993  342 17010.  18.3 32.4 2.507 1.    0.
  15 1993  343 16954.  18.2 32.4 2.494 1.    0.
  15 1993  344 16898.  18.2 32.4 2.481 1.    8.
  15 1993  345 16843.  18.2 32.4 2.468 1.    0.
  15 1993  346 16787.  18.1 32.4 2.455 1.    0.
  15 1993  347 16731.  18.1 32.4 2.442 1.    0.
  15 1993  348 16676.  18.0 32.4 2.429 1.    0.
  15 1993  349 16620.  18.0 32.4 2.416 1.    0.
  15 1993  350 16661.  17.9 32.4 2.397 1.    0.
  15 1993  351 16702.  17.9 32.5 2.378 1.    0.
  15 1993  352 16743.  17.8 32.5 2.359 1.    0.
  15 1993  353 16784.  17.7 32.6 2.340 1.    0.
  15 1993  354 16825.  17.7 32.6 2.321 1.    1.
  15 1993  355 16866.  17.6 32.7 2.302 1.    0.
  15 1993  356 16907.  17.5 32.7 2.283 1.    0.
  15 1993  357 16948.  17.5 32.8 2.265 1.    0.
  15 1993  358 16988.  17.4 32.8 2.246 1.    0.
  15 1993  359 17029.  17.3 32.9 2.227 1.    0.
  15 1993  360 17070.  17.3 33.0 2.208 1.    0.
  15 1993  361 17111.  17.2 33.0 2.189 1.    0.
  15 1993  362 17152.  17.1 33.1 2.170 1.    0.
  15 1993  363 17193.  17.1 33.1 2.151 1.    0.
  15 1993  364 17234.  17.0 33.2 2.132 1.    0.
  15 1993  365 17275.  16.9 33.2 2.113 1.    0.
