*---------------------------------------------------------*
*   Country: Cote d'Ivoire
*   Station: San Pedro
*      Year: 1993
* Longitude: 006 39 W
*  Latitude: 04 45 N
* Elevation: 30 m.
*  WMO-code: 65.5280
*  Comments: Automatically generated file from *.WOF file
*            with REGENSIM.FOR ver. aug 96
*
*  Columns:
*  ========
*  station number
*  year
*  day
*  irradiation (kJ m-2 d-1)
*  minimum temperature (degrees Celsius)
*  maximum temperature (degrees Celsius)
*  vapour pressure (kPa)
*  mean wind speed (m s-1)
*  precipitation (mm month-1)
*---------------------------------------------------------*
  -6.65    4.75   30.00     .00     .00
  17 1993    1 11235.  22.1 30.3 2.918 2.    0.
  17 1993    2 11248.  22.1 30.3 2.908 2.    0.
  17 1993    3 11260.  22.1 30.3 2.897 2.    0.
  17 1993    4 11273.  22.1 30.3 2.887 2.    0.
  17 1993    5 11285.  22.1 30.3 2.876 2.   16.
  17 1993    6 11298.  22.1 30.3 2.866 2.    2.
  17 1993    7 11310.  22.1 30.3 2.855 2.    0.
  17 1993    8 11323.  22.1 30.3 2.845 3.    0.
  17 1993    9 11335.  22.1 30.3 2.835 3.    0.
  17 1993   10 11348.  22.1 30.3 2.824 3.    0.
  17 1993   11 11360.  22.1 30.3 2.814 3.    0.
  17 1993   12 11373.  22.1 30.3 2.803 3.    0.
  17 1993   13 11385.  22.2 30.3 2.793 3.    0.
  17 1993   14 11398.  22.2 30.3 2.782 3.    0.
  17 1993   15 11410.  22.2 30.3 2.772 3.    0.
  17 1993   16 11541.  22.2 30.3 2.782 3.    0.
  17 1993   17 11672.  22.3 30.3 2.792 3.    0.
  17 1993   18 11803.  22.3 30.3 2.802 3.    0.
  17 1993   19 11934.  22.4 30.4 2.812 3.    0.
  17 1993   20 12065.  22.4 30.4 2.822 3.    0.
  17 1993   21 12196.  22.5 30.4 2.832 3.    0.
  17 1993   22 12327.  22.5 30.4 2.842 3.    0.
  17 1993   23 12458.  22.6 30.4 2.851 3.    0.
  17 1993   24 12589.  22.6 30.4 2.861 3.    0.
  17 1993   25 12720.  22.7 30.5 2.871 3.    0.
  17 1993   26 12851.  22.7 30.5 2.881 3.    0.
  17 1993   27 12982.  22.8 30.5 2.891 3.    0.
  17 1993   28 13113.  22.8 30.5 2.901 3.    0.
  17 1993   29 13244.  22.9 30.5 2.911 3.    0.
  17 1993   30 13375.  22.9 30.5 2.921 3.    0.
  17 1993   31 13506.  22.9 30.6 2.931 3.    0.
  17 1993   32 13637.  23.0 30.6 2.941 3.    0.
  17 1993   33 13768.  23.0 30.6 2.951 3.    1.
  17 1993   34 13899.  23.1 30.6 2.961 3.    0.
  17 1993   35 14030.  23.1 30.6 2.971 3.    0.
  17 1993   36 14161.  23.2 30.6 2.981 3.    0.
  17 1993   37 14292.  23.2 30.6 2.991 3.    0.
  17 1993   38 14423.  23.3 30.7 3.000 3.    0.
  17 1993   39 14554.  23.3 30.7 3.010 3.    0.
  17 1993   40 14685.  23.4 30.7 3.020 4.    0.
  17 1993   41 14816.  23.4 30.7 3.030 4.   12.
  17 1993   42 14947.  23.5 30.7 3.040 4.    0.
  17 1993   43 15078.  23.5 30.7 3.050 4.    0.
  17 1993   44 15209.  23.6 30.8 3.060 4.    9.
  17 1993   45 15340.  23.6 30.8 3.070 4.    0.
  17 1993   46 15356.  23.6 30.8 3.061 4.    0.
  17 1993   47 15371.  23.6 30.7 3.052 4.    0.
  17 1993   48 15387.  23.5 30.7 3.043 4.    0.
  17 1993   49 15402.  23.5 30.7 3.034 4.    0.
  17 1993   50 15418.  23.4 30.7 3.025 4.    0.
  17 1993   51 15433.  23.4 30.7 3.016 4.    0.
  17 1993   52 15449.  23.4 30.7 3.007 4.    0.
  17 1993   53 15464.  23.3 30.6 2.998 4.    0.
  17 1993   54 15480.  23.3 30.6 2.989 4.    1.
  17 1993   55 15495.  23.2 30.6 2.980 4.    7.
  17 1993   56 15511.  23.2 30.6 2.971 4.    0.
  17 1993   57 15526.  23.2 30.6 2.962 4.    0.
  17 1993   58 15542.  23.1 30.6 2.953 4.    0.
  17 1993   59 15557.  23.1 30.6 2.944 4.    0.
  17 1993   60 15573.  23.0 30.5 2.934 4.    0.
  17 1993   61 15588.  23.0 30.5 2.925 4.    3.
  17 1993   62 15604.  23.0 30.5 2.916 4.    0.
  17 1993   63 15619.  22.9 30.5 2.907 4.   18.
  17 1993   64 15635.  22.9 30.5 2.898 4.   13.
  17 1993   65 15650.  22.9 30.5 2.889 4.    0.
  17 1993   66 15666.  22.8 30.5 2.880 4.    0.
  17 1993   67 15681.  22.8 30.4 2.871 4.   26.
  17 1993   68 15697.  22.7 30.4 2.862 4.    0.
  17 1993   69 15712.  22.7 30.4 2.853 4.    0.
  17 1993   70 15728.  22.7 30.4 2.844 4.    0.
  17 1993   71 15743.  22.6 30.4 2.835 4.    0.
  17 1993   72 15759.  22.6 30.4 2.826 4.    9.
  17 1993   73 15774.  22.5 30.3 2.817 4.    5.
  17 1993   74 15790.  22.5 30.3 2.808 4.   39.
  17 1993   75 15832.  22.5 30.3 2.818 4.    0.
  17 1993   76 15873.  22.6 30.4 2.829 4.    3.
  17 1993   77 15915.  22.6 30.4 2.839 4.    0.
  17 1993   78 15956.  22.7 30.4 2.850 4.    0.
  17 1993   79 15998.  22.7 30.4 2.860 4.    0.
  17 1993   80 16040.  22.7 30.4 2.871 4.   22.
  17 1993   81 16081.  22.8 30.4 2.881 4.    0.
  17 1993   82 16123.  22.8 30.4 2.892 4.    0.
  17 1993   83 16165.  22.9 30.4 2.902 4.    0.
  17 1993   84 16206.  22.9 30.5 2.913 4.    0.
  17 1993   85 16248.  23.0 30.5 2.923 4.    0.
  17 1993   86 16289.  23.0 30.5 2.933 4.    0.
  17 1993   87 16331.  23.0 30.5 2.944 4.   12.
  17 1993   88 16373.  23.1 30.5 2.954 4.   40.
  17 1993   89 16414.  23.1 30.5 2.965 4.   11.
  17 1993   90 16456.  23.2 30.5 2.975 3.    0.
  17 1993   91 16497.  23.2 30.5 2.986 3.    1.
  17 1993   92 16539.  23.2 30.6 2.996 3.    0.
  17 1993   93 16581.  23.3 30.6 3.007 3.    0.
  17 1993   94 16622.  23.3 30.6 3.017 3.    0.
  17 1993   95 16664.  23.4 30.6 3.027 3.    2.
  17 1993   96 16705.  23.4 30.6 3.038 3.    0.
  17 1993   97 16747.  23.4 30.6 3.048 3.    0.
  17 1993   98 16789.  23.5 30.6 3.059 3.    0.
  17 1993   99 16830.  23.5 30.7 3.069 3.    6.
  17 1993  100 16872.  23.6 30.7 3.080 3.    1.
  17 1993  101 16914.  23.6 30.7 3.090 3.    0.
  17 1993  102 16955.  23.6 30.7 3.101 3.    0.
  17 1993  103 16997.  23.7 30.7 3.111 3.    0.
  17 1993  104 17038.  23.7 30.7 3.122 3.    0.
  17 1993  105 17080.  23.8 30.7 3.132 3.    0.
  17 1993  106 17033.  23.8 30.7 3.133 3.    0.
  17 1993  107 16987.  23.8 30.7 3.134 3.    0.
  17 1993  108 16940.  23.8 30.7 3.135 3.    0.
  17 1993  109 16893.  23.8 30.7 3.136 3.   11.
  17 1993  110 16847.  23.8 30.7 3.137 3.    4.
  17 1993  111 16800.  23.8 30.7 3.138 3.    6.
  17 1993  112 16753.  23.9 30.7 3.139 3.    0.
  17 1993  113 16707.  23.9 30.6 3.140 3.   13.
  17 1993  114 16660.  23.9 30.6 3.141 3.    8.
  17 1993  115 16613.  23.9 30.6 3.142 3.    0.
  17 1993  116 16567.  23.9 30.6 3.143 3.    0.
  17 1993  117 16520.  23.9 30.6 3.144 3.    0.
  17 1993  118 16473.  23.9 30.6 3.145 3.    1.
  17 1993  119 16427.  23.9 30.6 3.146 3.    0.
  17 1993  120 16380.  23.9 30.6 3.147 3.    6.
  17 1993  121 16333.  24.0 30.6 3.147 3.   22.
  17 1993  122 16287.  24.0 30.5 3.148 3.    2.
  17 1993  123 16240.  24.0 30.5 3.149 3.    0.
  17 1993  124 16193.  24.0 30.5 3.150 3.    0.
  17 1993  125 16147.  24.0 30.5 3.151 3.    5.
  17 1993  126 16100.  24.0 30.5 3.152 3.    4.
  17 1993  127 16053.  24.0 30.5 3.153 3.    0.
  17 1993  128 16007.  24.0 30.5 3.154 4.    0.
  17 1993  129 15960.  24.1 30.5 3.155 4.    3.
  17 1993  130 15913.  24.1 30.5 3.156 4.   18.
  17 1993  131 15867.  24.1 30.4 3.157 4.    0.
  17 1993  132 15820.  24.1 30.4 3.158 4.    8.
  17 1993  133 15773.  24.1 30.4 3.159 4.    7.
  17 1993  134 15727.  24.1 30.4 3.160 4.   56.
  17 1993  135 15680.  24.1 30.4 3.161 4.   18.
  17 1993  136 15576.  24.1 30.3 3.151 4.    0.
  17 1993  137 15472.  24.1 30.2 3.142 4.    0.
  17 1993  138 15368.  24.1 30.2 3.132 4.   11.
  17 1993  139 15265.  24.1 30.1 3.123 4.    1.
  17 1993  140 15161.  24.1 30.0 3.113 4.   68.
  17 1993  141 15057.  24.1 29.9 3.104 4.    0.
  17 1993  142 14953.  24.1 29.8 3.094 4.    0.
  17 1993  143 14849.  24.1 29.8 3.084 4.    0.
  17 1993  144 14745.  24.1 29.7 3.075 4.   14.
  17 1993  145 14641.  24.0 29.6 3.065 4.  123.
  17 1993  146 14537.  24.0 29.5 3.056 4.    0.
  17 1993  147 14434.  24.0 29.4 3.046 4.   37.
  17 1993  148 14330.  24.0 29.4 3.036 4.   23.
  17 1993  149 14226.  24.0 29.3 3.027 4.    0.
  17 1993  150 14122.  24.0 29.2 3.017 4.    7.
  17 1993  151 14018.  24.0 29.1 3.008 5.    3.
  17 1993  152 13914.  24.0 29.0 2.998 5.    0.
  17 1993  153 13810.  24.0 29.0 2.989 5.    0.
  17 1993  154 13706.  24.0 28.9 2.979 5.    9.
  17 1993  155 13603.  24.0 28.8 2.969 5.   68.
  17 1993  156 13499.  24.0 28.7 2.960 5.   22.
  17 1993  157 13395.  23.9 28.6 2.950 5.    0.
  17 1993  158 13291.  23.9 28.6 2.941 5.    0.
  17 1993  159 13187.  23.9 28.5 2.931 5.   18.
  17 1993  160 13083.  23.9 28.4 2.921 5.   10.
  17 1993  161 12979.  23.9 28.3 2.912 5.    0.
  17 1993  162 12875.  23.9 28.2 2.902 5.    0.
  17 1993  163 12772.  23.9 28.2 2.893 5.    0.
  17 1993  164 12668.  23.9 28.1 2.883 5.   15.
  17 1993  165 12564.  23.9 28.0 2.874 5.    0.
  17 1993  166 12460.  23.9 27.9 2.864 5.    0.
  17 1993  167 12452.  23.8 27.9 2.858 5.    0.
  17 1993  168 12445.  23.8 27.9 2.851 5.    0.
  17 1993  169 12437.  23.8 27.8 2.845 5.    0.
  17 1993  170 12429.  23.7 27.8 2.839 5.    8.
  17 1993  171 12422.  23.7 27.8 2.833 5.    9.
  17 1993  172 12414.  23.6 27.7 2.826 5.    6.
  17 1993  173 12406.  23.6 27.7 2.820 5.   23.
  17 1993  174 12399.  23.6 27.7 2.814 5.    0.
  17 1993  175 12391.  23.5 27.6 2.808 5.    0.
  17 1993  176 12383.  23.5 27.6 2.801 5.    0.
  17 1993  177 12376.  23.4 27.6 2.795 5.    0.
  17 1993  178 12368.  23.4 27.5 2.789 5.    0.
  17 1993  179 12360.  23.4 27.5 2.783 5.   24.
  17 1993  180 12353.  23.3 27.5 2.776 5.   19.
  17 1993  181 12345.  23.3 27.4 2.770 5.    0.
  17 1993  182 12337.  23.2 27.4 2.764 5.    0.
  17 1993  183 12330.  23.2 27.4 2.757 5.   13.
  17 1993  184 12322.  23.1 27.3 2.751 5.    0.
  17 1993  185 12314.  23.1 27.3 2.745 4.    0.
  17 1993  186 12307.  23.1 27.3 2.739 4.    0.
  17 1993  187 12299.  23.0 27.2 2.732 4.    0.
  17 1993  188 12291.  23.0 27.2 2.726 4.    0.
  17 1993  189 12284.  23.0 27.2 2.720 4.    0.
  17 1993  190 12276.  22.9 27.1 2.714 4.    0.
  17 1993  191 12268.  22.9 27.1 2.707 4.    0.
  17 1993  192 12261.  22.8 27.1 2.701 4.    0.
  17 1993  193 12253.  22.8 27.0 2.695 4.    0.
  17 1993  194 12245.  22.8 27.0 2.689 4.    5.
  17 1993  195 12238.  22.7 27.0 2.682 4.    0.
  17 1993  196 12230.  22.7 26.9 2.676 4.    0.
  17 1993  197 12218.  22.7 26.9 2.676 4.    1.
  17 1993  198 12205.  22.7 26.9 2.676 4.    5.
  17 1993  199 12193.  22.6 26.9 2.677 4.    0.
  17 1993  200 12181.  22.6 26.9 2.677 4.   32.
  17 1993  201 12169.  22.6 26.9 2.677 4.    7.
  17 1993  202 12156.  22.6 26.9 2.677 4.    1.
  17 1993  203 12144.  22.6 26.9 2.678 4.    0.
  17 1993  204 12132.  22.6 26.9 2.678 4.    0.
  17 1993  205 12120.  22.6 26.8 2.678 4.    0.
  17 1993  206 12107.  22.6 26.8 2.678 4.    0.
  17 1993  207 12095.  22.6 26.8 2.678 4.    2.
  17 1993  208 12083.  22.6 26.8 2.679 4.    1.
  17 1993  209 12071.  22.6 26.8 2.679 4.    9.
  17 1993  210 12058.  22.5 26.8 2.679 4.    0.
  17 1993  211 12046.  22.5 26.8 2.679 4.    6.
  17 1993  212 12034.  22.5 26.8 2.680 5.    5.
  17 1993  213 12022.  22.5 26.8 2.680 5.    0.
  17 1993  214 12009.  22.5 26.8 2.680 5.    0.
  17 1993  215 11997.  22.5 26.7 2.680 5.    4.
  17 1993  216 11985.  22.5 26.7 2.681 5.    0.
  17 1993  217 11973.  22.5 26.7 2.681 5.    0.
  17 1993  218 11960.  22.5 26.7 2.681 5.    0.
  17 1993  219 11948.  22.5 26.7 2.681 5.    0.
  17 1993  220 11936.  22.5 26.7 2.681 5.    0.
  17 1993  221 11924.  22.5 26.7 2.682 5.   11.
  17 1993  222 11911.  22.4 26.7 2.682 5.    0.
  17 1993  223 11899.  22.4 26.7 2.682 5.    0.
  17 1993  224 11887.  22.4 26.7 2.682 5.    0.
  17 1993  225 11875.  22.4 26.6 2.683 5.    0.
  17 1993  226 11862.  22.4 26.6 2.683 5.    0.
  17 1993  227 11850.  22.4 26.6 2.683 5.    0.
  17 1993  228 11953.  22.4 26.7 2.682 5.    2.
  17 1993  229 12056.  22.4 26.7 2.681 5.    0.
  17 1993  230 12160.  22.5 26.8 2.680 5.   14.
  17 1993  231 12263.  22.5 26.8 2.680 5.    0.
  17 1993  232 12366.  22.5 26.8 2.679 5.    0.
  17 1993  233 12469.  22.5 26.9 2.678 5.    0.
  17 1993  234 12573.  22.6 26.9 2.677 5.    4.
  17 1993  235 12676.  22.6 26.9 2.676 5.    2.
  17 1993  236 12779.  22.6 27.0 2.675 5.    0.
  17 1993  237 12882.  22.6 27.0 2.674 5.    0.
  17 1993  238 12985.  22.7 27.1 2.673 5.    0.
  17 1993  239 13089.  22.7 27.1 2.673 5.    0.
  17 1993  240 13192.  22.7 27.1 2.672 5.    0.
  17 1993  241 13295.  22.7 27.2 2.671 5.    1.
  17 1993  242 13398.  22.8 27.2 2.670 5.    0.
  17 1993  243 13502.  22.8 27.3 2.669 5.    0.
  17 1993  244 13605.  22.8 27.3 2.668 5.    0.
  17 1993  245 13708.  22.8 27.4 2.667 5.    5.
  17 1993  246 13811.  22.9 27.4 2.666 5.    0.
  17 1993  247 13915.  22.9 27.4 2.666 5.   12.
  17 1993  248 14018.  22.9 27.5 2.665 5.    0.
  17 1993  249 14121.  22.9 27.5 2.664 5.    0.
  17 1993  250 14224.  23.0 27.6 2.663 5.    0.
  17 1993  251 14327.  23.0 27.6 2.662 5.    4.
  17 1993  252 14431.  23.0 27.6 2.661 5.    0.
  17 1993  253 14534.  23.0 27.7 2.660 5.    1.
  17 1993  254 14637.  23.1 27.7 2.659 5.    0.
  17 1993  255 14740.  23.1 27.8 2.659 5.    1.
  17 1993  256 14844.  23.1 27.8 2.658 5.    4.
  17 1993  257 14947.  23.1 27.8 2.657 5.    4.
  17 1993  258 15050.  23.2 27.9 2.656 5.    0.
  17 1993  259 15118.  23.2 27.9 2.658 5.    5.
  17 1993  260 15186.  23.2 27.9 2.660 5.    0.
  17 1993  261 15254.  23.2 28.0 2.662 5.    0.
  17 1993  262 15322.  23.2 28.0 2.665 5.    0.
  17 1993  263 15390.  23.2 28.1 2.667 5.    0.
  17 1993  264 15458.  23.2 28.1 2.669 5.    0.
  17 1993  265 15526.  23.2 28.1 2.671 5.   13.
  17 1993  266 15594.  23.2 28.2 2.673 4.   15.
  17 1993  267 15662.  23.2 28.2 2.675 4.    0.
  17 1993  268 15730.  23.2 28.2 2.677 4.    0.
  17 1993  269 15798.  23.2 28.3 2.679 4.    2.
  17 1993  270 15866.  23.2 28.3 2.682 4.    0.
  17 1993  271 15934.  23.2 28.3 2.684 4.    2.
  17 1993  272 16002.  23.2 28.4 2.686 4.    0.
  17 1993  273 16070.  23.2 28.4 2.688 4.    0.
  17 1993  274 16138.  23.2 28.5 2.690 4.    0.
  17 1993  275 16206.  23.2 28.5 2.692 4.    5.
  17 1993  276 16274.  23.2 28.5 2.694 4.    0.
  17 1993  277 16342.  23.2 28.6 2.697 4.    0.
  17 1993  278 16410.  23.2 28.6 2.699 4.    2.
  17 1993  279 16478.  23.2 28.6 2.701 4.    3.
  17 1993  280 16546.  23.2 28.7 2.703 4.    1.
  17 1993  281 16614.  23.2 28.7 2.705 4.    0.
  17 1993  282 16682.  23.2 28.8 2.707 4.    0.
  17 1993  283 16750.  23.2 28.8 2.709 4.   27.
  17 1993  284 16818.  23.2 28.8 2.711 4.    0.
  17 1993  285 16886.  23.2 28.9 2.714 4.    0.
  17 1993  286 16954.  23.2 28.9 2.716 4.    0.
  17 1993  287 17022.  23.2 28.9 2.718 4.    0.
  17 1993  288 17090.  23.2 29.0 2.720 4.    5.
  17 1993  289 17058.  23.2 29.0 2.730 4.    0.
  17 1993  290 17026.  23.2 29.0 2.741 4.    0.
  17 1993  291 16994.  23.2 29.1 2.751 4.    0.
  17 1993  292 16962.  23.2 29.1 2.761 4.   10.
  17 1993  293 16930.  23.2 29.1 2.771 4.    7.
  17 1993  294 16898.  23.2 29.1 2.782 4.    0.
  17 1993  295 16866.  23.2 29.2 2.792 4.    1.
  17 1993  296 16835.  23.2 29.2 2.802 4.   36.
  17 1993  297 16803.  23.2 29.2 2.812 4.    4.
  17 1993  298 16771.  23.2 29.2 2.823 4.    6.
  17 1993  299 16739.  23.2 29.3 2.833 4.    0.
  17 1993  300 16707.  23.2 29.3 2.843 4.   19.
  17 1993  301 16675.  23.2 29.3 2.853 4.    3.
  17 1993  302 16643.  23.2 29.3 2.864 4.    0.
  17 1993  303 16611.  23.2 29.4 2.874 4.    0.
  17 1993  304 16579.  23.1 29.4 2.884 4.    0.
  17 1993  305 16547.  23.1 29.4 2.894 4.   10.
  17 1993  306 16515.  23.1 29.5 2.905 4.    0.
  17 1993  307 16483.  23.1 29.5 2.915 4.    0.
  17 1993  308 16451.  23.1 29.5 2.925 4.    2.
  17 1993  309 16419.  23.1 29.5 2.935 4.    0.
  17 1993  310 16387.  23.1 29.6 2.946 4.   30.
  17 1993  311 16355.  23.1 29.6 2.956 4.    0.
  17 1993  312 16324.  23.1 29.6 2.966 3.    0.
  17 1993  313 16292.  23.1 29.6 2.976 3.    0.
  17 1993  314 16260.  23.1 29.7 2.987 3.   18.
  17 1993  315 16228.  23.1 29.7 2.997 3.    0.
  17 1993  316 16196.  23.1 29.7 3.007 3.    0.
  17 1993  317 16164.  23.1 29.7 3.017 3.    0.
  17 1993  318 16132.  23.1 29.8 3.028 3.    0.
  17 1993  319 16100.  23.1 29.8 3.038 3.    0.
  17 1993  320 15932.  23.1 29.8 3.039 3.    0.
  17 1993  321 15764.  23.1 29.8 3.040 3.   12.
  17 1993  322 15596.  23.0 29.8 3.041 3.    0.
  17 1993  323 15428.  23.0 29.9 3.041 3.    0.
  17 1993  324 15260.  22.9 29.9 3.042 3.    6.
  17 1993  325 15092.  22.9 29.9 3.043 3.    1.
  17 1993  326 14924.  22.9 29.9 3.044 3.    0.
  17 1993  327 14756.  22.8 29.9 3.045 3.    0.
  17 1993  328 14588.  22.8 29.9 3.046 3.    0.
  17 1993  329 14420.  22.7 30.0 3.047 3.    0.
  17 1993  330 14252.  22.7 30.0 3.048 3.    0.
  17 1993  331 14084.  22.7 30.0 3.048 3.    0.
  17 1993  332 13916.  22.6 30.0 3.049 3.   13.
  17 1993  333 13748.  22.6 30.0 3.050 3.    0.
  17 1993  334 13580.  22.5 30.0 3.051 3.    1.
  17 1993  335 13412.  22.5 30.1 3.052 3.    0.
  17 1993  336 13244.  22.5 30.1 3.053 3.    0.
  17 1993  337 13076.  22.4 30.1 3.054 3.    5.
  17 1993  338 12908.  22.4 30.1 3.054 2.    0.
  17 1993  339 12740.  22.4 30.1 3.055 2.    0.
  17 1993  340 12572.  22.3 30.1 3.056 2.    0.
  17 1993  341 12404.  22.3 30.1 3.057 2.    0.
  17 1993  342 12236.  22.2 30.2 3.058 2.    0.
  17 1993  343 12068.  22.2 30.2 3.059 2.   12.
  17 1993  344 11900.  22.2 30.2 3.060 2.    0.
  17 1993  345 11732.  22.1 30.2 3.061 2.   16.
  17 1993  346 11564.  22.1 30.2 3.061 2.   25.
  17 1993  347 11396.  22.0 30.2 3.062 2.    4.
  17 1993  348 11228.  22.0 30.3 3.063 2.    0.
  17 1993  349 11060.  22.0 30.3 3.064 2.    3.
  17 1993  350 11071.  22.0 30.3 3.055 2.    0.
  17 1993  351 11082.  22.0 30.3 3.046 2.    0.
  17 1993  352 11093.  22.0 30.3 3.037 2.    0.
  17 1993  353 11104.  22.0 30.3 3.027 2.    0.
  17 1993  354 11115.  22.0 30.3 3.018 2.    0.
  17 1993  355 11126.  22.0 30.3 3.009 2.    0.
  17 1993  356 11137.  22.0 30.3 3.000 2.    0.
  17 1993  357 11148.  22.0 30.3 2.991 2.    0.
  17 1993  358 11158.  22.0 30.3 2.982 2.    0.
  17 1993  359 11169.  22.0 30.3 2.973 2.    0.
  17 1993  360 11180.  22.0 30.3 2.964 2.    0.
  17 1993  361 11191.  22.0 30.3 2.954 2.    0.
  17 1993  362 11202.  22.1 30.3 2.945 2.    0.
  17 1993  363 11213.  22.1 30.3 2.936 2.    0.
  17 1993  364 11224.  22.1 30.3 2.927 2.    0.
  17 1993  365 11235.  22.1 30.3 2.918 2.    2.
