*---------------------------------------------------------*
*   Country: Cote d'Ivoire
*   Station: Yamoussoukro
*      Year: 1994
* Longitude: 005 21 W
*  Latitude: 06 54 N
* Elevation: 213 m.
*  WMO-code: 65.-
*  Comments: Automatically generated file from *.WOF file
*            with REGENSIM.FOR ver. aug 96
*
*  Columns:
*  ========
*  station number
*  year
*  day
*  irradiation (kJ m-2 d-1)
*  minimum temperature (degrees Celsius)
*  maximum temperature (degrees Celsius)
*  vapour pressure (kPa)
*  mean wind speed (m s-1)
*  precipitation (mm month-1)
*---------------------------------------------------------*
  -5.35    6.90  213.00     .00     .00
  15 1994    1 17500.  15.0 34.0 2.168 1.    0.
  15 1994    2 17507.  15.2 34.1 2.166 0.    0.
  15 1994    3 17514.  15.4 34.2 2.164 0.    0.
  15 1994    4 17521.  15.5 34.3 2.162 0.    0.
  15 1994    5 17529.  15.7 34.4 2.160 0.    0.
  15 1994    6 17536.  15.9 34.5 2.158 0.    0.
  15 1994    7 17543.  16.1 34.6 2.155 0.    0.
  15 1994    8 17550.  16.3 34.7 2.153 0.    0.
  15 1994    9 17557.  16.5 34.8 2.151 0.    0.
  15 1994   10 17564.  16.6 34.9 2.149 0.    0.
  15 1994   11 17571.  16.8 35.0 2.147 0.    0.
  15 1994   12 17579.  17.0 35.1 2.145 0.    0.
  15 1994   13 17586.  17.2 35.2 2.142 0.    0.
  15 1994   14 17593.  17.4 35.3 2.140 0.    0.
  15 1994   15 17600.  17.6 35.4 2.138 0.    0.
  15 1994   16 17640.  17.7 35.3 2.146 0.    0.
  15 1994   17 17679.  17.8 35.2 2.153 0.    0.
  15 1994   18 17719.  17.9 35.1 2.161 0.    0.
  15 1994   19 17759.  18.1 35.1 2.169 1.    0.
  15 1994   20 17798.  18.2 35.0 2.177 1.    0.
  15 1994   21 17838.  18.3 34.9 2.184 1.    0.
  15 1994   22 17878.  18.4 34.8 2.192 1.    0.
  15 1994   23 17917.  18.5 34.7 2.200 1.    0.
  15 1994   24 17957.  18.7 34.6 2.208 1.    0.
  15 1994   25 17997.  18.8 34.5 2.215 1.    0.
  15 1994   26 18036.  18.9 34.4 2.223 1.    0.
  15 1994   27 18076.  19.0 34.3 2.231 1.    0.
  15 1994   28 18116.  19.1 34.2 2.239 1.    0.
  15 1994   29 18155.  19.3 34.1 2.246 1.    0.
  15 1994   30 18195.  19.4 34.0 2.254 1.    0.
  15 1994   31 18235.  19.5 33.9 2.262 1.    0.
  15 1994   32 18274.  19.6 33.8 2.269 1.    0.
  15 1994   33 18314.  19.7 33.7 2.277 1.    0.
  15 1994   34 18354.  19.9 33.6 2.285 1.    0.
  15 1994   35 18393.  20.0 33.5 2.293 1.    0.
  15 1994   36 18433.  20.1 33.4 2.300 1.    0.
  15 1994   37 18473.  20.2 33.4 2.308 1.    0.
  15 1994   38 18512.  20.4 33.3 2.316 1.    0.
  15 1994   39 18552.  20.5 33.2 2.324 1.    0.
  15 1994   40 18592.  20.6 33.1 2.331 1.    0.
  15 1994   41 18631.  20.7 33.0 2.339 1.    0.
  15 1994   42 18671.  20.8 32.9 2.347 2.    0.
  15 1994   43 18711.  21.0 32.8 2.355 2.    0.
  15 1994   44 18750.  21.1 32.7 2.362 2.    0.
  15 1994   45 18790.  21.2 32.6 2.370 2.   22.
  15 1994   46 18862.  21.2 32.7 2.381 2.    0.
  15 1994   47 18935.  21.2 32.7 2.391 2.    0.
  15 1994   48 19007.  21.2 32.8 2.402 2.    0.
  15 1994   49 19080.  21.1 32.9 2.412 2.    0.
  15 1994   50 19152.  21.1 33.0 2.423 2.    0.
  15 1994   51 19224.  21.1 33.0 2.434 2.    0.
  15 1994   52 19297.  21.1 33.1 2.444 2.   27.
  15 1994   53 19369.  21.1 33.2 2.455 2.    0.
  15 1994   54 19442.  21.1 33.2 2.465 2.    0.
  15 1994   55 19514.  21.1 33.3 2.476 2.    0.
  15 1994   56 19587.  21.0 33.4 2.486 2.    0.
  15 1994   57 19659.  21.0 33.5 2.497 2.    0.
  15 1994   58 19731.  21.0 33.5 2.508 2.   22.
  15 1994   59 19804.  21.0 33.6 2.518 2.    0.
  15 1994   60 19876.  21.0 33.7 2.529 2.    0.
  15 1994   61 19949.  21.0 33.7 2.539 2.   26.
  15 1994   62 20021.  21.0 33.8 2.550 2.    0.
  15 1994   63 20093.  21.0 33.9 2.561 2.    0.
  15 1994   64 20166.  20.9 34.0 2.571 2.    0.
  15 1994   65 20238.  20.9 34.0 2.582 2.    0.
  15 1994   66 20311.  20.9 34.1 2.592 2.    0.
  15 1994   67 20383.  20.9 34.2 2.603 2.   49.
  15 1994   68 20456.  20.9 34.2 2.613 2.    0.
  15 1994   69 20528.  20.9 34.3 2.624 2.    0.
  15 1994   70 20600.  20.9 34.4 2.635 2.    0.
  15 1994   71 20673.  20.8 34.5 2.645 2.    0.
  15 1994   72 20745.  20.8 34.5 2.656 2.    1.
  15 1994   73 20818.  20.8 34.6 2.666 2.    0.
  15 1994   74 20890.  20.8 34.7 2.677 2.    0.
  15 1994   75 20845.  20.8 34.7 2.684 2.    0.
  15 1994   76 20801.  20.8 34.6 2.690 2.    0.
  15 1994   77 20756.  20.8 34.6 2.697 2.    1.
  15 1994   78 20712.  20.8 34.6 2.704 2.    1.
  15 1994   79 20667.  20.8 34.6 2.710 2.    0.
  15 1994   80 20623.  20.9 34.6 2.717 2.    0.
  15 1994   81 20578.  20.9 34.6 2.724 2.    0.
  15 1994   82 20534.  20.9 34.6 2.730 2.   15.
  15 1994   83 20489.  20.9 34.6 2.737 2.    0.
  15 1994   84 20445.  20.9 34.6 2.743 2.    2.
  15 1994   85 20400.  20.9 34.5 2.750 2.    0.
  15 1994   86 20356.  20.9 34.5 2.757 2.    0.
  15 1994   87 20311.  20.9 34.5 2.763 2.    0.
  15 1994   88 20267.  20.9 34.5 2.770 2.    0.
  15 1994   89 20222.  20.9 34.5 2.777 2.    3.
  15 1994   90 20178.  21.0 34.5 2.783 2.    0.
  15 1994   91 20133.  21.0 34.5 2.790 2.    1.
  15 1994   92 20089.  21.0 34.5 2.797 2.    0.
  15 1994   93 20044.  21.0 34.4 2.803 2.    0.
  15 1994   94 20000.  21.0 34.4 2.810 2.    2.
  15 1994   95 19955.  21.0 34.4 2.817 2.    3.
  15 1994   96 19911.  21.0 34.4 2.823 2.    2.
  15 1994   97 19866.  21.0 34.4 2.830 2.    0.
  15 1994   98 19822.  21.0 34.4 2.836 2.    0.
  15 1994   99 19777.  21.0 34.4 2.843 2.   14.
  15 1994  100 19733.  21.1 34.4 2.850 2.    0.
  15 1994  101 19688.  21.1 34.3 2.856 2.    0.
  15 1994  102 19644.  21.1 34.3 2.863 2.   11.
  15 1994  103 19599.  21.1 34.3 2.870 2.    0.
  15 1994  104 19555.  21.1 34.3 2.876 2.    0.
  15 1994  105 19510.  21.1 34.3 2.883 2.    0.
  15 1994  106 19506.  21.1 34.3 2.881 2.    0.
  15 1994  107 19503.  21.1 34.3 2.879 2.    0.
  15 1994  108 19499.  21.1 34.2 2.876 2.    3.
  15 1994  109 19495.  21.1 34.2 2.874 2.    0.
  15 1994  110 19492.  21.1 34.2 2.872 2.    0.
  15 1994  111 19488.  21.0 34.2 2.870 2.    0.
  15 1994  112 19484.  21.0 34.1 2.867 2.    3.
  15 1994  113 19481.  21.0 34.1 2.865 2.    0.
  15 1994  114 19477.  21.0 34.1 2.863 2.    0.
  15 1994  115 19473.  21.0 34.1 2.861 2.    0.
  15 1994  116 19470.  21.0 34.0 2.858 2.    0.
  15 1994  117 19466.  21.0 34.0 2.856 2.    0.
  15 1994  118 19462.  21.0 34.0 2.854 2.    0.
  15 1994  119 19459.  21.0 34.0 2.852 2.    0.
  15 1994  120 19455.  21.0 33.9 2.850 2.   31.
  15 1994  121 19451.  21.0 33.9 2.847 2.   25.
  15 1994  122 19448.  20.9 33.9 2.845 2.    0.
  15 1994  123 19444.  20.9 33.9 2.843 2.   31.
  15 1994  124 19440.  20.9 33.9 2.841 2.    0.
  15 1994  125 19437.  20.9 33.8 2.838 2.    0.
  15 1994  126 19433.  20.9 33.8 2.836 2.    0.
  15 1994  127 19429.  20.9 33.8 2.834 2.    0.
  15 1994  128 19426.  20.9 33.8 2.832 2.    0.
  15 1994  129 19422.  20.9 33.7 2.829 2.    8.
  15 1994  130 19418.  20.9 33.7 2.827 2.    0.
  15 1994  131 19415.  20.9 33.7 2.825 2.    0.
  15 1994  132 19411.  20.9 33.7 2.823 2.    0.
  15 1994  133 19407.  20.8 33.6 2.820 2.    0.
  15 1994  134 19404.  20.8 33.6 2.818 2.    0.
  15 1994  135 19400.  20.8 33.6 2.816 2.    0.
  15 1994  136 19309.  20.8 33.5 2.815 2.   12.
  15 1994  137 19219.  20.8 33.4 2.815 2.    0.
  15 1994  138 19128.  20.8 33.4 2.814 2.    0.
  15 1994  139 19037.  20.8 33.3 2.814 2.    0.
  15 1994  140 18947.  20.8 33.2 2.813 2.   20.
  15 1994  141 18856.  20.8 33.1 2.813 2.    0.
  15 1994  142 18765.  20.8 33.1 2.812 2.    0.
  15 1994  143 18675.  20.8 33.0 2.812 2.    0.
  15 1994  144 18584.  20.8 32.9 2.811 2.    0.
  15 1994  145 18494.  20.7 32.8 2.811 2.    0.
  15 1994  146 18403.  20.7 32.7 2.810 2.    0.
  15 1994  147 18312.  20.7 32.7 2.810 2.   27.
  15 1994  148 18222.  20.7 32.6 2.809 2.    0.
  15 1994  149 18131.  20.7 32.5 2.809 2.    0.
  15 1994  150 18040.  20.7 32.4 2.808 2.   11.
  15 1994  151 17950.  20.7 32.3 2.808 2.   32.
  15 1994  152 17859.  20.7 32.3 2.807 2.    0.
  15 1994  153 17768.  20.7 32.2 2.807 2.    0.
  15 1994  154 17678.  20.7 32.1 2.806 2.    0.
  15 1994  155 17587.  20.7 32.0 2.806 2.    0.
  15 1994  156 17496.  20.7 32.0 2.805 2.    0.
  15 1994  157 17406.  20.6 31.9 2.805 2.    2.
  15 1994  158 17315.  20.6 31.8 2.804 2.    0.
  15 1994  159 17225.  20.6 31.7 2.804 2.    0.
  15 1994  160 17134.  20.6 31.6 2.803 2.   16.
  15 1994  161 17043.  20.6 31.6 2.803 2.    0.
  15 1994  162 16953.  20.6 31.5 2.802 2.   23.
  15 1994  163 16862.  20.6 31.4 2.802 2.    7.
  15 1994  164 16771.  20.6 31.3 2.801 2.    0.
  15 1994  165 16681.  20.6 31.2 2.801 2.   11.
  15 1994  166 16590.  20.6 31.2 2.800 2.    0.
  15 1994  167 16500.  20.5 31.1 2.794 2.    6.
  15 1994  168 16411.  20.5 31.0 2.789 2.    0.
  15 1994  169 16321.  20.5 31.0 2.783 2.    3.
  15 1994  170 16231.  20.4 30.9 2.778 2.    2.
  15 1994  171 16142.  20.4 30.8 2.772 2.    6.
  15 1994  172 16052.  20.4 30.8 2.767 2.    0.
  15 1994  173 15962.  20.3 30.7 2.761 2.    0.
  15 1994  174 15873.  20.3 30.6 2.756 2.    0.
  15 1994  175 15783.  20.2 30.6 2.750 2.    2.
  15 1994  176 15693.  20.2 30.5 2.745 2.    4.
  15 1994  177 15604.  20.2 30.4 2.739 2.    0.
  15 1994  178 15514.  20.1 30.4 2.734 2.    5.
  15 1994  179 15424.  20.1 30.3 2.728 2.    0.
  15 1994  180 15335.  20.1 30.2 2.723 2.   35.
  15 1994  181 15245.  20.0 30.1 2.717 2.    1.
  15 1994  182 15155.  20.0 30.1 2.711 2.    0.
  15 1994  183 15066.  20.0 30.0 2.706 2.    0.
  15 1994  184 14976.  19.9 29.9 2.700 2.    0.
  15 1994  185 14886.  19.9 29.9 2.695 2.   10.
  15 1994  186 14797.  19.9 29.8 2.689 2.    6.
  15 1994  187 14707.  19.8 29.7 2.684 2.    0.
  15 1994  188 14617.  19.8 29.7 2.678 2.    0.
  15 1994  189 14528.  19.7 29.6 2.673 2.    0.
  15 1994  190 14438.  19.7 29.5 2.667 2.    6.
  15 1994  191 14348.  19.7 29.5 2.662 2.    0.
  15 1994  192 14259.  19.6 29.4 2.656 2.    0.
  15 1994  193 14169.  19.6 29.3 2.651 2.   21.
  15 1994  194 14079.  19.6 29.3 2.645 2.   15.
  15 1994  195 13990.  19.5 29.2 2.640 2.    3.
  15 1994  196 13900.  19.5 29.1 2.634 2.    3.
  15 1994  197 13901.  19.5 29.2 2.636 2.    0.
  15 1994  198 13902.  19.5 29.2 2.639 2.    0.
  15 1994  199 13903.  19.5 29.2 2.641 2.    0.
  15 1994  200 13904.  19.6 29.3 2.643 2.    1.
  15 1994  201 13905.  19.6 29.3 2.645 2.    0.
  15 1994  202 13906.  19.6 29.3 2.648 2.   13.
  15 1994  203 13907.  19.6 29.4 2.650 2.    0.
  15 1994  204 13908.  19.6 29.4 2.652 2.    0.
  15 1994  205 13909.  19.6 29.4 2.655 2.    0.
  15 1994  206 13910.  19.6 29.5 2.657 2.   10.
  15 1994  207 13911.  19.6 29.5 2.659 2.    0.
  15 1994  208 13912.  19.7 29.5 2.661 2.    0.
  15 1994  209 13913.  19.7 29.6 2.664 2.    4.
  15 1994  210 13914.  19.7 29.6 2.666 2.    0.
  15 1994  211 13915.  19.7 29.6 2.668 2.    0.
  15 1994  212 13915.  19.7 29.7 2.671 2.    0.
  15 1994  213 13916.  19.7 29.7 2.673 2.   11.
  15 1994  214 13917.  19.7 29.8 2.675 2.    0.
  15 1994  215 13918.  19.7 29.8 2.678 2.    2.
  15 1994  216 13919.  19.8 29.8 2.680 2.   12.
  15 1994  217 13920.  19.8 29.9 2.682 2.    0.
  15 1994  218 13921.  19.8 29.9 2.684 2.    0.
  15 1994  219 13922.  19.8 29.9 2.687 2.    0.
  15 1994  220 13923.  19.8 30.0 2.689 2.    0.
  15 1994  221 13924.  19.8 30.0 2.691 2.    9.
  15 1994  222 13925.  19.8 30.0 2.694 2.    0.
  15 1994  223 13926.  19.8 30.1 2.696 2.    4.
  15 1994  224 13927.  19.9 30.1 2.698 2.    0.
  15 1994  225 13928.  19.9 30.1 2.700 2.    8.
  15 1994  226 13929.  19.9 30.2 2.703 2.    4.
  15 1994  227 13930.  19.9 30.2 2.705 2.   10.
  15 1994  228 13953.  19.9 30.2 2.706 2.    0.
  15 1994  229 13975.  19.9 30.2 2.707 2.    0.
  15 1994  230 13998.  19.9 30.2 2.708 2.    0.
  15 1994  231 14020.  19.8 30.1 2.710 2.    3.
  15 1994  232 14043.  19.8 30.1 2.711 2.    6.
  15 1994  233 14065.  19.8 30.1 2.712 2.    0.
  15 1994  234 14088.  19.8 30.1 2.713 2.    0.
  15 1994  235 14111.  19.8 30.1 2.714 2.    2.
  15 1994  236 14133.  19.8 30.1 2.715 2.    0.
  15 1994  237 14156.  19.8 30.1 2.716 2.   12.
  15 1994  238 14178.  19.7 30.0 2.717 2.    0.
  15 1994  239 14201.  19.7 30.0 2.719 2.    3.
  15 1994  240 14224.  19.7 30.0 2.720 2.    0.
  15 1994  241 14246.  19.7 30.0 2.721 2.    0.
  15 1994  242 14269.  19.7 30.0 2.722 2.    1.
  15 1994  243 14291.  19.7 30.0 2.723 2.    0.
  15 1994  244 14314.  19.7 30.0 2.724 2.    3.
  15 1994  245 14336.  19.7 30.0 2.725 2.    0.
  15 1994  246 14359.  19.6 29.9 2.726 2.    0.
  15 1994  247 14382.  19.6 29.9 2.728 2.    1.
  15 1994  248 14404.  19.6 29.9 2.729 2.    0.
  15 1994  249 14427.  19.6 29.9 2.730 2.   17.
  15 1994  250 14449.  19.6 29.9 2.731 2.    4.
  15 1994  251 14472.  19.6 29.9 2.732 2.    0.
  15 1994  252 14495.  19.6 29.9 2.733 2.   22.
  15 1994  253 14517.  19.5 29.8 2.734 2.    0.
  15 1994  254 14540.  19.5 29.8 2.735 2.    8.
  15 1994  255 14562.  19.5 29.8 2.737 2.   11.
  15 1994  256 14585.  19.5 29.8 2.738 2.   27.
  15 1994  257 14607.  19.5 29.8 2.739 2.    0.
  15 1994  258 14630.  19.5 29.8 2.740 2.    0.
  15 1994  259 14713.  19.4 29.8 2.740 2.    0.
  15 1994  260 14796.  19.4 29.9 2.740 2.   40.
  15 1994  261 14879.  19.4 29.9 2.740 2.   25.
  15 1994  262 14962.  19.3 30.0 2.740 2.    0.
  15 1994  263 15045.  19.3 30.0 2.740 2.    0.
  15 1994  264 15128.  19.3 30.1 2.740 2.    0.
  15 1994  265 15211.  19.2 30.1 2.740 2.    0.
  15 1994  266 15294.  19.2 30.2 2.740 1.    0.
  15 1994  267 15377.  19.2 30.2 2.740 1.    0.
  15 1994  268 15460.  19.1 30.2 2.740 1.    5.
  15 1994  269 15543.  19.1 30.3 2.740 1.    3.
  15 1994  270 15626.  19.1 30.3 2.740 1.    0.
  15 1994  271 15709.  19.0 30.4 2.740 1.   10.
  15 1994  272 15792.  19.0 30.4 2.740 1.    0.
  15 1994  273 15875.  19.0 30.5 2.740 1.    0.
  15 1994  274 15958.  18.9 30.5 2.739 1.    0.
  15 1994  275 16041.  18.9 30.6 2.739 1.   39.
  15 1994  276 16124.  18.9 30.6 2.739 1.    0.
  15 1994  277 16207.  18.8 30.7 2.739 1.    0.
  15 1994  278 16290.  18.8 30.7 2.739 1.    7.
  15 1994  279 16373.  18.8 30.8 2.739 1.    0.
  15 1994  280 16456.  18.7 30.8 2.739 1.    0.
  15 1994  281 16539.  18.7 30.9 2.739 1.    4.
  15 1994  282 16622.  18.7 30.9 2.739 1.    1.
  15 1994  283 16705.  18.6 31.0 2.739 1.    2.
  15 1994  284 16788.  18.6 31.0 2.739 1.    3.
  15 1994  285 16871.  18.6 31.1 2.739 1.   34.
  15 1994  286 16954.  18.5 31.1 2.739 1.    9.
  15 1994  287 17037.  18.5 31.2 2.739 1.   12.
  15 1994  288 17120.  18.5 31.2 2.739 1.   68.
  15 1994  289 17153.  18.4 31.2 2.739 1.    0.
  15 1994  290 17185.  18.3 31.3 2.740 1.    0.
  15 1994  291 17218.  18.3 31.3 2.740 1.    0.
  15 1994  292 17250.  18.2 31.4 2.740 1.    0.
  15 1994  293 17283.  18.1 31.4 2.741 1.   20.
  15 1994  294 17315.  18.0 31.4 2.741 1.    9.
  15 1994  295 17348.  18.0 31.5 2.741 1.    5.
  15 1994  296 17381.  17.9 31.5 2.742 1.    0.
  15 1994  297 17413.  17.8 31.5 2.742 1.   14.
  15 1994  298 17446.  17.7 31.6 2.743 1.   16.
  15 1994  299 17478.  17.7 31.6 2.743 1.    0.
  15 1994  300 17511.  17.6 31.7 2.743 1.   12.
  15 1994  301 17544.  17.5 31.7 2.744 1.    0.
  15 1994  302 17576.  17.5 31.7 2.744 1.    1.
  15 1994  303 17609.  17.4 31.8 2.744 1.    0.
  15 1994  304 17641.  17.3 31.8 2.745 1.    5.
  15 1994  305 17674.  17.2 31.9 2.745 1.    0.
  15 1994  306 17706.  17.2 31.9 2.745 1.    0.
  15 1994  307 17739.  17.1 31.9 2.746 1.    0.
  15 1994  308 17772.  17.0 32.0 2.746 1.    0.
  15 1994  309 17804.  17.0 32.0 2.746 1.    0.
  15 1994  310 17837.  16.9 32.1 2.747 1.    2.
  15 1994  311 17869.  16.8 32.1 2.747 1.    0.
  15 1994  312 17902.  16.7 32.1 2.748 1.    0.
  15 1994  313 17935.  16.7 32.2 2.748 1.    0.
  15 1994  314 17967.  16.6 32.2 2.748 1.    0.
  15 1994  315 18000.  16.5 32.2 2.749 1.    0.
  15 1994  316 18032.  16.4 32.3 2.749 1.    0.
  15 1994  317 18065.  16.4 32.3 2.749 1.    0.
  15 1994  318 18097.  16.3 32.4 2.750 1.   50.
  15 1994  319 18130.  16.2 32.4 2.750 1.    0.
  15 1994  320 18106.  16.1 32.4 2.732 1.    0.
  15 1994  321 18081.  16.0 32.4 2.713 1.    0.
  15 1994  322 18057.  15.8 32.4 2.695 1.    0.
  15 1994  323 18033.  15.7 32.4 2.677 1.    0.
  15 1994  324 18008.  15.6 32.4 2.658 1.    0.
  15 1994  325 17984.  15.5 32.4 2.640 1.    0.
  15 1994  326 17960.  15.3 32.4 2.621 1.    0.
  15 1994  327 17935.  15.2 32.5 2.603 1.    0.
  15 1994  328 17911.  15.1 32.5 2.585 1.    0.
  15 1994  329 17887.  15.0 32.5 2.566 1.    0.
  15 1994  330 17862.  14.8 32.5 2.548 1.    0.
  15 1994  331 17838.  14.7 32.5 2.530 1.    0.
  15 1994  332 17814.  14.6 32.5 2.511 1.    4.
  15 1994  333 17789.  14.4 32.5 2.493 1.    0.
  15 1994  334 17765.  14.3 32.5 2.474 1.    0.
  15 1994  335 17741.  14.2 32.5 2.456 1.    0.
  15 1994  336 17716.  14.1 32.5 2.438 1.    0.
  15 1994  337 17692.  13.9 32.5 2.419 1.    0.
  15 1994  338 17668.  13.8 32.5 2.401 1.    0.
  15 1994  339 17643.  13.7 32.5 2.383 1.    0.
  15 1994  340 17619.  13.5 32.5 2.364 1.    0.
  15 1994  341 17595.  13.4 32.5 2.346 1.    0.
  15 1994  342 17570.  13.3 32.6 2.328 1.    0.
  15 1994  343 17546.  13.2 32.6 2.309 1.    0.
  15 1994  344 17522.  13.0 32.6 2.291 1.    0.
  15 1994  345 17497.  12.9 32.6 2.272 1.    0.
  15 1994  346 17473.  12.8 32.6 2.254 1.    0.
  15 1994  347 17449.  12.7 32.6 2.236 1.    0.
  15 1994  348 17424.  12.5 32.6 2.217 1.    0.
  15 1994  349 17400.  12.4 32.6 2.199 1.    0.
  15 1994  350 17406.  12.6 32.7 2.197 1.    0.
  15 1994  351 17413.  12.7 32.8 2.195 1.    0.
  15 1994  352 17419.  12.9 32.9 2.193 1.    0.
  15 1994  353 17425.  13.0 33.0 2.191 1.    0.
  15 1994  354 17431.  13.2 33.0 2.189 1.    0.
  15 1994  355 17438.  13.4 33.1 2.188 1.    0.
  15 1994  356 17444.  13.5 33.2 2.186 1.    0.
  15 1994  357 17450.  13.7 33.3 2.184 1.    0.
  15 1994  358 17456.  13.9 33.4 2.182 1.    0.
  15 1994  359 17463.  14.0 33.5 2.180 1.    0.
  15 1994  360 17469.  14.2 33.6 2.178 1.    0.
  15 1994  361 17475.  14.3 33.7 2.176 1.    0.
  15 1994  362 17481.  14.5 33.7 2.174 1.    0.
  15 1994  363 17488.  14.7 33.8 2.172 1.    0.
  15 1994  364 17494.  14.8 33.9 2.170 1.    0.
  15 1994  365 17500.  15.0 34.0 2.168 1.    0.
