*---------------------------------------------------------*
*   Country: Cote d'Ivoire
*   Station: San Pedro
*      Year: 1990
* Longitude: 006 39 W
*  Latitude: 04 45 N
* Elevation: 30 m.
*  WMO-code: 65.5280
*  Comments: Automatically generated file from *.WOF file
*            with REGENSIM.FOR ver. aug 96
*
*  Columns:
*  ========
*  station number
*  year
*  day
*  irradiation (kJ m-2 d-1)
*  minimum temperature (degrees Celsius)
*  maximum temperature (degrees Celsius)
*  vapour pressure (kPa)
*  mean wind speed (m s-1)
*  precipitation (mm month-1)
*---------------------------------------------------------*
  -6.65    4.75   30.00     .00     .00
  17 1990    1 14115.  23.7 30.5 2.952 2.    0.
  17 1990    2 14180.  23.8 30.5 2.947 2.    0.
  17 1990    3 14244.  23.8 30.5 2.941 2.    0.
  17 1990    4 14309.  23.9 30.5 2.935 2.    0.
  17 1990    5 14374.  24.0 30.5 2.930 2.    0.
  17 1990    6 14438.  24.0 30.5 2.925 2.    0.
  17 1990    7 14503.  24.1 30.5 2.919 2.    0.
  17 1990    8 14568.  24.2 30.5 2.914 2.    0.
  17 1990    9 14632.  24.2 30.5 2.908 2.    0.
  17 1990   10 14697.  24.3 30.5 2.902 2.    1.
  17 1990   11 14761.  24.4 30.6 2.897 2.    0.
  17 1990   12 14826.  24.5 30.6 2.892 2.    0.
  17 1990   13 14891.  24.5 30.6 2.886 2.    0.
  17 1990   14 14955.  24.6 30.6 2.881 2.    0.
  17 1990   15 15020.  24.7 30.6 2.875 2.    0.
  17 1990   16 15054.  24.6 30.6 2.879 2.    0.
  17 1990   17 15087.  24.6 30.6 2.882 2.    0.
  17 1990   18 15121.  24.5 30.7 2.886 2.    0.
  17 1990   19 15155.  24.5 30.7 2.890 2.    0.
  17 1990   20 15188.  24.4 30.7 2.894 2.    0.
  17 1990   21 15222.  24.4 30.7 2.897 2.    0.
  17 1990   22 15256.  24.3 30.7 2.901 2.    0.
  17 1990   23 15289.  24.3 30.8 2.905 2.    0.
  17 1990   24 15323.  24.2 30.8 2.909 2.    0.
  17 1990   25 15357.  24.2 30.8 2.912 2.    0.
  17 1990   26 15390.  24.1 30.8 2.916 2.    0.
  17 1990   27 15424.  24.1 30.9 2.920 2.    2.
  17 1990   28 15458.  24.0 30.9 2.924 2.    0.
  17 1990   29 15491.  24.0 30.9 2.927 2.    0.
  17 1990   30 15525.  23.9 30.9 2.931 2.    0.
  17 1990   31 15559.  23.9 30.9 2.935 2.    0.
  17 1990   32 15592.  23.8 31.0 2.938 2.    0.
  17 1990   33 15626.  23.8 31.0 2.942 2.    0.
  17 1990   34 15660.  23.7 31.0 2.946 2.    0.
  17 1990   35 15693.  23.7 31.0 2.950 2.    0.
  17 1990   36 15727.  23.6 31.0 2.953 2.    0.
  17 1990   37 15761.  23.6 31.1 2.957 2.    0.
  17 1990   38 15794.  23.5 31.1 2.961 2.    0.
  17 1990   39 15828.  23.5 31.1 2.965 2.    0.
  17 1990   40 15862.  23.4 31.1 2.968 2.    0.
  17 1990   41 15895.  23.4 31.1 2.972 2.    0.
  17 1990   42 15929.  23.3 31.2 2.976 2.    0.
  17 1990   43 15963.  23.3 31.2 2.980 2.    0.
  17 1990   44 15996.  23.2 31.2 2.983 2.    0.
  17 1990   45 16030.  23.2 31.2 2.987 2.    0.
  17 1990   46 15994.  23.2 31.3 2.993 2.    0.
  17 1990   47 15958.  23.3 31.3 2.998 2.    0.
  17 1990   48 15922.  23.3 31.4 3.004 2.    0.
  17 1990   49 15887.  23.3 31.4 3.009 2.    0.
  17 1990   50 15851.  23.4 31.4 3.015 2.    0.
  17 1990   51 15815.  23.4 31.5 3.020 2.    0.
  17 1990   52 15779.  23.5 31.5 3.026 2.    0.
  17 1990   53 15743.  23.5 31.6 3.031 2.    2.
  17 1990   54 15707.  23.5 31.6 3.037 2.    0.
  17 1990   55 15671.  23.6 31.7 3.042 2.    0.
  17 1990   56 15636.  23.6 31.7 3.048 2.    0.
  17 1990   57 15600.  23.6 31.8 3.053 2.    0.
  17 1990   58 15564.  23.7 31.8 3.059 2.    3.
  17 1990   59 15528.  23.7 31.8 3.064 2.    0.
  17 1990   60 15492.  23.8 31.9 3.070 1.    0.
  17 1990   61 15456.  23.8 31.9 3.075 1.    0.
  17 1990   62 15420.  23.8 32.0 3.081 1.    0.
  17 1990   63 15384.  23.9 32.0 3.086 1.    0.
  17 1990   64 15349.  23.9 32.1 3.092 1.    0.
  17 1990   65 15313.  23.9 32.1 3.097 1.    0.
  17 1990   66 15277.  24.0 32.1 3.103 1.    0.
  17 1990   67 15241.  24.0 32.2 3.108 1.    0.
  17 1990   68 15205.  24.0 32.2 3.114 1.    0.
  17 1990   69 15169.  24.1 32.3 3.119 1.    0.
  17 1990   70 15133.  24.1 32.3 3.125 1.    0.
  17 1990   71 15098.  24.2 32.4 3.130 1.    0.
  17 1990   72 15062.  24.2 32.4 3.136 1.    0.
  17 1990   73 15026.  24.2 32.5 3.141 1.    0.
  17 1990   74 14990.  24.3 32.5 3.147 1.    0.
  17 1990   75 15053.  24.3 32.5 3.145 1.    0.
  17 1990   76 15115.  24.2 32.5 3.143 1.    0.
  17 1990   77 15178.  24.2 32.4 3.141 1.    0.
  17 1990   78 15240.  24.2 32.4 3.140 1.    0.
  17 1990   79 15303.  24.2 32.4 3.138 1.    0.
  17 1990   80 15365.  24.2 32.4 3.136 1.    0.
  17 1990   81 15428.  24.2 32.3 3.134 1.    0.
  17 1990   82 15491.  24.2 32.3 3.132 2.    0.
  17 1990   83 15553.  24.1 32.3 3.130 2.    0.
  17 1990   84 15616.  24.1 32.3 3.128 2.    0.
  17 1990   85 15678.  24.1 32.3 3.126 2.    0.
  17 1990   86 15741.  24.1 32.2 3.125 2.    0.
  17 1990   87 15804.  24.1 32.2 3.123 2.    0.
  17 1990   88 15866.  24.1 32.2 3.121 2.    0.
  17 1990   89 15929.  24.1 32.2 3.119 2.    0.
  17 1990   90 15991.  24.0 32.1 3.117 2.    0.
  17 1990   91 16054.  24.0 32.1 3.115 2.    0.
  17 1990   92 16116.  24.0 32.1 3.113 2.    0.
  17 1990   93 16179.  24.0 32.1 3.111 2.    0.
  17 1990   94 16242.  24.0 32.0 3.110 2.    0.
  17 1990   95 16304.  24.0 32.0 3.108 2.    8.
  17 1990   96 16367.  24.0 32.0 3.106 2.    0.
  17 1990   97 16429.  23.9 32.0 3.104 2.    0.
  17 1990   98 16492.  23.9 32.0 3.102 2.    2.
  17 1990   99 16555.  23.9 31.9 3.100 2.    0.
  17 1990  100 16617.  23.9 31.9 3.098 2.   14.
  17 1990  101 16680.  23.9 31.9 3.096 2.    0.
  17 1990  102 16742.  23.9 31.9 3.095 2.    3.
  17 1990  103 16805.  23.9 31.8 3.093 2.    0.
  17 1990  104 16867.  23.8 31.8 3.091 2.    0.
  17 1990  105 16930.  23.8 31.8 3.089 2.    0.
  17 1990  106 16913.  23.8 31.7 3.088 2.    0.
  17 1990  107 16895.  23.8 31.7 3.086 2.    0.
  17 1990  108 16878.  23.8 31.6 3.085 2.    0.
  17 1990  109 16861.  23.8 31.6 3.084 2.    0.
  17 1990  110 16843.  23.7 31.5 3.082 2.    0.
  17 1990  111 16826.  23.7 31.5 3.081 2.    0.
  17 1990  112 16809.  23.7 31.4 3.080 2.    1.
  17 1990  113 16791.  23.7 31.4 3.078 2.    0.
  17 1990  114 16774.  23.6 31.3 3.077 2.    3.
  17 1990  115 16757.  23.6 31.3 3.076 2.    0.
  17 1990  116 16739.  23.6 31.2 3.074 2.    0.
  17 1990  117 16722.  23.6 31.2 3.073 2.    0.
  17 1990  118 16705.  23.6 31.1 3.072 2.    0.
  17 1990  119 16687.  23.5 31.1 3.070 2.    0.
  17 1990  120 16670.  23.5 31.0 3.069 2.    6.
  17 1990  121 16653.  23.5 30.9 3.068 2.    0.
  17 1990  122 16635.  23.5 30.9 3.066 2.    0.
  17 1990  123 16618.  23.5 30.8 3.065 2.    3.
  17 1990  124 16601.  23.4 30.8 3.064 2.    0.
  17 1990  125 16583.  23.4 30.7 3.062 2.    5.
  17 1990  126 16566.  23.4 30.7 3.061 2.    0.
  17 1990  127 16549.  23.4 30.6 3.060 2.    0.
  17 1990  128 16531.  23.4 30.6 3.058 2.    0.
  17 1990  129 16514.  23.4 30.5 3.057 2.    0.
  17 1990  130 16497.  23.3 30.5 3.056 2.    0.
  17 1990  131 16479.  23.3 30.4 3.054 2.    0.
  17 1990  132 16462.  23.3 30.4 3.053 2.    0.
  17 1990  133 16445.  23.3 30.3 3.052 2.    0.
  17 1990  134 16427.  23.3 30.3 3.050 2.    0.
  17 1990  135 16410.  23.2 30.2 3.049 2.   15.
  17 1990  136 16291.  23.2 30.2 3.046 2.    9.
  17 1990  137 16171.  23.2 30.2 3.043 2.    0.
  17 1990  138 16052.  23.2 30.1 3.040 2.    2.
  17 1990  139 15933.  23.2 30.1 3.037 2.   14.
  17 1990  140 15813.  23.1 30.1 3.034 2.    0.
  17 1990  141 15694.  23.1 30.1 3.031 2.    0.
  17 1990  142 15575.  23.1 30.0 3.028 2.    0.
  17 1990  143 15455.  23.1 30.0 3.025 2.   18.
  17 1990  144 15336.  23.1 30.0 3.022 2.    0.
  17 1990  145 15216.  23.0 30.0 3.019 2.    0.
  17 1990  146 15097.  23.0 29.9 3.016 2.    0.
  17 1990  147 14978.  23.0 29.9 3.013 2.    0.
  17 1990  148 14858.  23.0 29.9 3.010 2.    0.
  17 1990  149 14739.  23.0 29.9 3.007 2.   27.
  17 1990  150 14620.  23.0 29.8 3.004 2.    0.
  17 1990  151 14500.  22.9 29.8 3.002 2.    0.
  17 1990  152 14381.  22.9 29.8 2.999 2.    0.
  17 1990  153 14262.  22.9 29.8 2.996 2.    1.
  17 1990  154 14142.  22.9 29.7 2.993 2.    1.
  17 1990  155 14023.  22.9 29.7 2.990 2.    8.
  17 1990  156 13904.  22.9 29.7 2.987 2.    8.
  17 1990  157 13784.  22.8 29.7 2.984 2.   69.
  17 1990  158 13665.  22.8 29.6 2.981 2.    0.
  17 1990  159 13545.  22.8 29.6 2.978 2.   34.
  17 1990  160 13426.  22.8 29.6 2.975 2.    0.
  17 1990  161 13307.  22.8 29.6 2.972 2.    0.
  17 1990  162 13187.  22.7 29.5 2.969 2.    1.
  17 1990  163 13068.  22.7 29.5 2.966 2.    0.
  17 1990  164 12949.  22.7 29.5 2.963 2.    1.
  17 1990  165 12829.  22.7 29.5 2.960 2.    0.
  17 1990  166 12710.  22.7 29.4 2.957 2.    1.
  17 1990  167 12656.  22.7 29.3 2.942 2.    0.
  17 1990  168 12603.  22.6 29.3 2.926 2.   70.
  17 1990  169 12549.  22.6 29.2 2.911 2.   10.
  17 1990  170 12495.  22.6 29.1 2.896 2.    4.
  17 1990  171 12442.  22.6 29.0 2.881 2.    6.
  17 1990  172 12388.  22.6 28.9 2.865 2.    1.
  17 1990  173 12334.  22.6 28.9 2.850 2.    0.
  17 1990  174 12281.  22.6 28.8 2.835 2.    0.
  17 1990  175 12227.  22.6 28.7 2.819 2.    0.
  17 1990  176 12173.  22.5 28.6 2.804 2.    0.
  17 1990  177 12120.  22.5 28.5 2.789 3.    0.
  17 1990  178 12066.  22.5 28.5 2.773 3.   33.
  17 1990  179 12012.  22.5 28.4 2.758 3.   50.
  17 1990  180 11959.  22.5 28.3 2.743 3.   12.
  17 1990  181 11905.  22.5 28.2 2.727 3.    0.
  17 1990  182 11851.  22.5 28.1 2.712 3.    2.
  17 1990  183 11798.  22.5 28.1 2.697 3.    0.
  17 1990  184 11744.  22.4 28.0 2.682 3.    0.
  17 1990  185 11690.  22.4 27.9 2.666 3.    0.
  17 1990  186 11637.  22.4 27.8 2.651 3.    0.
  17 1990  187 11583.  22.4 27.7 2.636 3.    1.
  17 1990  188 11529.  22.4 27.6 2.620 3.    0.
  17 1990  189 11476.  22.4 27.6 2.605 3.    0.
  17 1990  190 11422.  22.4 27.5 2.590 4.    1.
  17 1990  191 11368.  22.4 27.4 2.574 4.    1.
  17 1990  192 11315.  22.3 27.3 2.559 4.    2.
  17 1990  193 11261.  22.3 27.2 2.544 4.    1.
  17 1990  194 11207.  22.3 27.2 2.529 4.    0.
  17 1990  195 11154.  22.3 27.1 2.513 4.    0.
  17 1990  196 11100.  22.3 27.0 2.498 4.    2.
  17 1990  197 11097.  22.3 27.0 2.503 4.    4.
  17 1990  198 11094.  22.3 27.0 2.507 4.    0.
  17 1990  199 11091.  22.3 27.0 2.512 4.    2.
  17 1990  200 11088.  22.3 27.0 2.517 4.    0.
  17 1990  201 11085.  22.3 27.0 2.522 4.    2.
  17 1990  202 11083.  22.3 27.0 2.526 4.    0.
  17 1990  203 11080.  22.3 26.9 2.531 4.    0.
  17 1990  204 11077.  22.3 26.9 2.536 4.    0.
  17 1990  205 11074.  22.3 26.9 2.541 4.    1.
  17 1990  206 11071.  22.2 26.9 2.545 4.    0.
  17 1990  207 11068.  22.2 26.9 2.550 4.    0.
  17 1990  208 11065.  22.2 26.9 2.555 4.    0.
  17 1990  209 11062.  22.2 26.9 2.560 4.    0.
  17 1990  210 11059.  22.2 26.9 2.564 4.    2.
  17 1990  211 11056.  22.2 26.9 2.569 4.    0.
  17 1990  212 11054.  22.2 26.9 2.574 4.    0.
  17 1990  213 11051.  22.2 26.9 2.579 4.    0.
  17 1990  214 11048.  22.2 26.9 2.583 4.    1.
  17 1990  215 11045.  22.2 26.9 2.588 4.    0.
  17 1990  216 11042.  22.2 26.9 2.593 4.    1.
  17 1990  217 11039.  22.2 26.8 2.598 4.    0.
  17 1990  218 11036.  22.2 26.8 2.602 4.    0.
  17 1990  219 11033.  22.2 26.8 2.607 4.    0.
  17 1990  220 11030.  22.2 26.8 2.612 5.    3.
  17 1990  221 11027.  22.2 26.8 2.617 5.    0.
  17 1990  222 11025.  22.2 26.8 2.621 5.    4.
  17 1990  223 11022.  22.2 26.8 2.626 5.    0.
  17 1990  224 11019.  22.1 26.8 2.631 5.    2.
  17 1990  225 11016.  22.1 26.8 2.636 5.    0.
  17 1990  226 11013.  22.1 26.8 2.640 5.    0.
  17 1990  227 11010.  22.1 26.8 2.645 5.    0.
  17 1990  228 11119.  22.2 26.8 2.641 5.    0.
  17 1990  229 11228.  22.2 26.8 2.637 5.    0.
  17 1990  230 11337.  22.2 26.9 2.634 5.    0.
  17 1990  231 11446.  22.2 26.9 2.630 5.    0.
  17 1990  232 11555.  22.3 26.9 2.626 5.    1.
  17 1990  233 11664.  22.3 27.0 2.622 5.    2.
  17 1990  234 11773.  22.3 27.0 2.619 5.    0.
  17 1990  235 11882.  22.4 27.0 2.615 5.    0.
  17 1990  236 11991.  22.4 27.1 2.611 5.    0.
  17 1990  237 12100.  22.4 27.1 2.607 5.    0.
  17 1990  238 12209.  22.4 27.1 2.603 5.    2.
  17 1990  239 12318.  22.5 27.2 2.600 5.    0.
  17 1990  240 12427.  22.5 27.2 2.596 5.    0.
  17 1990  241 12536.  22.5 27.2 2.592 5.    0.
  17 1990  242 12645.  22.6 27.3 2.588 5.    0.
  17 1990  243 12755.  22.6 27.3 2.585 5.    0.
  17 1990  244 12864.  22.6 27.3 2.581 5.    0.
  17 1990  245 12973.  22.6 27.4 2.577 5.    0.
  17 1990  246 13082.  22.7 27.4 2.573 5.    0.
  17 1990  247 13191.  22.7 27.4 2.570 5.    0.
  17 1990  248 13300.  22.7 27.5 2.566 5.    1.
  17 1990  249 13409.  22.7 27.5 2.562 5.    0.
  17 1990  250 13518.  22.8 27.5 2.558 5.    1.
  17 1990  251 13627.  22.8 27.6 2.554 5.    0.
  17 1990  252 13736.  22.8 27.6 2.551 5.    0.
  17 1990  253 13845.  22.9 27.6 2.547 5.    6.
  17 1990  254 13954.  22.9 27.7 2.543 5.    1.
  17 1990  255 14063.  22.9 27.7 2.539 5.    0.
  17 1990  256 14172.  22.9 27.7 2.536 5.    0.
  17 1990  257 14281.  23.0 27.8 2.532 5.    0.
  17 1990  258 14390.  23.0 27.8 2.528 5.    0.
  17 1990  259 14516.  23.0 27.9 2.542 5.    0.
  17 1990  260 14643.  23.0 27.9 2.556 5.    0.
  17 1990  261 14769.  23.0 28.0 2.569 5.    0.
  17 1990  262 14895.  23.1 28.0 2.583 5.    0.
  17 1990  263 15022.  23.1 28.1 2.597 5.    0.
  17 1990  264 15148.  23.1 28.1 2.611 5.    0.
  17 1990  265 15274.  23.1 28.2 2.624 5.    5.
  17 1990  266 15401.  23.1 28.2 2.638 5.    1.
  17 1990  267 15527.  23.1 28.3 2.652 5.    1.
  17 1990  268 15653.  23.2 28.3 2.666 5.    1.
  17 1990  269 15780.  23.2 28.4 2.679 5.    1.
  17 1990  270 15906.  23.2 28.5 2.693 5.    0.
  17 1990  271 16032.  23.2 28.5 2.707 5.    0.
  17 1990  272 16159.  23.2 28.6 2.721 5.    0.
  17 1990  273 16285.  23.2 28.6 2.735 5.    2.
  17 1990  274 16411.  23.3 28.7 2.748 5.    0.
  17 1990  275 16538.  23.3 28.7 2.762 5.    5.
  17 1990  276 16664.  23.3 28.8 2.776 5.    2.
  17 1990  277 16790.  23.3 28.8 2.790 5.    3.
  17 1990  278 16917.  23.3 28.9 2.803 5.    1.
  17 1990  279 17043.  23.3 28.9 2.817 5.    0.
  17 1990  280 17169.  23.3 29.0 2.831 5.    0.
  17 1990  281 17296.  23.4 29.0 2.845 5.    0.
  17 1990  282 17422.  23.4 29.1 2.858 5.    2.
  17 1990  283 17548.  23.4 29.2 2.872 5.    0.
  17 1990  284 17675.  23.4 29.2 2.886 5.    9.
  17 1990  285 17801.  23.4 29.3 2.900 5.    0.
  17 1990  286 17927.  23.4 29.3 2.913 5.    8.
  17 1990  287 18054.  23.5 29.4 2.927 5.    0.
  17 1990  288 18180.  23.5 29.4 2.941 5.    0.
  17 1990  289 18134.  23.5 29.4 2.944 5.    0.
  17 1990  290 18087.  23.4 29.5 2.947 5.    0.
  17 1990  291 18041.  23.4 29.5 2.950 4.    0.
  17 1990  292 17994.  23.4 29.5 2.952 4.    0.
  17 1990  293 17948.  23.4 29.5 2.955 4.    0.
  17 1990  294 17901.  23.4 29.5 2.958 4.    0.
  17 1990  295 17855.  23.4 29.5 2.961 4.    5.
  17 1990  296 17808.  23.3 29.6 2.964 4.   11.
  17 1990  297 17762.  23.3 29.6 2.967 4.    0.
  17 1990  298 17715.  23.3 29.6 2.969 4.    2.
  17 1990  299 17669.  23.3 29.6 2.972 4.    0.
  17 1990  300 17623.  23.3 29.6 2.975 4.    0.
  17 1990  301 17576.  23.3 29.6 2.978 4.    0.
  17 1990  302 17530.  23.2 29.7 2.981 4.    0.
  17 1990  303 17483.  23.2 29.7 2.984 4.    0.
  17 1990  304 17437.  23.2 29.7 2.986 4.    0.
  17 1990  305 17390.  23.2 29.7 2.989 3.    0.
  17 1990  306 17344.  23.2 29.7 2.992 3.    0.
  17 1990  307 17297.  23.2 29.7 2.995 3.   28.
  17 1990  308 17251.  23.1 29.8 2.998 3.    0.
  17 1990  309 17205.  23.1 29.8 3.001 3.    0.
  17 1990  310 17158.  23.1 29.8 3.003 3.    0.
  17 1990  311 17112.  23.1 29.8 3.006 3.    0.
  17 1990  312 17065.  23.1 29.8 3.009 3.    0.
  17 1990  313 17019.  23.1 29.8 3.012 3.   18.
  17 1990  314 16972.  23.1 29.9 3.015 3.    0.
  17 1990  315 16926.  23.0 29.9 3.018 3.    5.
  17 1990  316 16879.  23.0 29.9 3.020 3.    6.
  17 1990  317 16833.  23.0 29.9 3.023 3.    0.
  17 1990  318 16786.  23.0 29.9 3.026 3.    0.
  17 1990  319 16740.  23.0 29.9 3.029 3.   13.
  17 1990  320 16622.  23.0 30.0 3.029 3.   13.
  17 1990  321 16505.  23.0 30.0 3.029 2.   20.
  17 1990  322 16387.  22.9 30.0 3.029 2.    0.
  17 1990  323 16269.  22.9 30.0 3.029 2.    3.
  17 1990  324 16152.  22.9 30.0 3.029 2.    0.
  17 1990  325 16034.  22.9 30.0 3.029 2.    5.
  17 1990  326 15916.  22.9 30.0 3.029 2.    0.
  17 1990  327 15799.  22.9 30.0 3.029 2.    0.
  17 1990  328 15681.  22.9 30.1 3.029 2.    0.
  17 1990  329 15563.  22.9 30.1 3.029 2.    0.
  17 1990  330 15446.  22.9 30.1 3.029 2.    0.
  17 1990  331 15328.  22.9 30.1 3.029 2.    0.
  17 1990  332 15210.  22.8 30.1 3.029 2.    0.
  17 1990  333 15093.  22.8 30.1 3.029 2.    0.
  17 1990  334 14975.  22.8 30.1 3.029 2.    0.
  17 1990  335 14857.  22.8 30.1 3.029 2.    5.
  17 1990  336 14740.  22.8 30.1 3.029 2.    1.
  17 1990  337 14622.  22.8 30.2 3.029 2.    0.
  17 1990  338 14504.  22.8 30.2 3.029 2.    0.
  17 1990  339 14387.  22.8 30.2 3.029 2.    0.
  17 1990  340 14269.  22.8 30.2 3.029 2.   15.
  17 1990  341 14151.  22.8 30.2 3.029 2.    0.
  17 1990  342 14034.  22.8 30.2 3.029 2.    0.
  17 1990  343 13916.  22.7 30.2 3.029 2.    0.
  17 1990  344 13798.  22.7 30.2 3.029 2.    0.
  17 1990  345 13681.  22.7 30.3 3.029 2.    0.
  17 1990  346 13563.  22.7 30.3 3.029 2.    0.
  17 1990  347 13445.  22.7 30.3 3.029 2.    0.
  17 1990  348 13328.  22.7 30.3 3.029 2.    0.
  17 1990  349 13210.  22.7 30.3 3.029 2.    0.
  17 1990  350 13267.  22.8 30.3 3.024 2.    9.
  17 1990  351 13323.  22.8 30.3 3.019 2.    0.
  17 1990  352 13380.  22.9 30.3 3.015 2.    0.
  17 1990  353 13436.  22.9 30.3 3.010 2.    1.
  17 1990  354 13493.  23.0 30.4 3.005 2.    0.
  17 1990  355 13549.  23.1 30.4 3.000 2.    0.
  17 1990  356 13606.  23.1 30.4 2.995 2.    0.
  17 1990  357 13663.  23.2 30.4 2.991 2.    0.
  17 1990  358 13719.  23.2 30.4 2.986 2.    0.
  17 1990  359 13776.  23.3 30.4 2.981 2.   11.
  17 1990  360 13832.  23.4 30.4 2.976 2.    0.
  17 1990  361 13889.  23.4 30.4 2.971 2.    0.
  17 1990  362 13945.  23.5 30.4 2.966 2.    0.
  17 1990  363 14002.  23.6 30.4 2.962 2.    0.
  17 1990  364 14058.  23.6 30.4 2.957 2.    0.
  17 1990  365 14115.  23.7 30.5 2.952 2.    0.
