*---------------------------------------------------------*
*   Country: Cote d'Ivoire
*   Station: Yamoussoukro
*      Year: 1989
* Longitude: 005 21 W
*  Latitude: 06 54 N
* Elevation: 213 m.
*  WMO-code: 65.-
*  Comments: Automatically generated file from *.WOF file
*            with REGENSIM.FOR ver. aug 96
*
*  Columns:
*  ========
*  station number
*  year
*  day
*  irradiation (kJ m-2 d-1)
*  minimum temperature (degrees Celsius)
*  maximum temperature (degrees Celsius)
*  vapour pressure (kPa)
*  mean wind speed (m s-1)
*  precipitation (mm month-1)
*---------------------------------------------------------*
  -5.35    6.90  213.00     .00     .00
  15 1989    1 16105.  16.8 32.6 2.092 1.    0.
  15 1989    2 16303.  16.7 32.7 2.069 1.    0.
  15 1989    3 16501.  16.6 32.7 2.046 1.    0.
  15 1989    4 16700.  16.5 32.8 2.022 1.    0.
  15 1989    5 16898.  16.3 32.8 1.999 1.    0.
  15 1989    6 17096.  16.2 32.9 1.975 1.    0.
  15 1989    7 17294.  16.1 33.0 1.952 1.    0.
  15 1989    8 17493.  16.0 33.0 1.928 1.    0.
  15 1989    9 17691.  15.9 33.1 1.905 1.    0.
  15 1989   10 17889.  15.8 33.2 1.881 1.    0.
  15 1989   11 18087.  15.6 33.2 1.858 1.    0.
  15 1989   12 18285.  15.5 33.3 1.834 1.    0.
  15 1989   13 18484.  15.4 33.4 1.811 1.    0.
  15 1989   14 18682.  15.3 33.4 1.787 1.    0.
  15 1989   15 18880.  15.2 33.5 1.764 1.    0.
  15 1989   16 18847.  15.3 33.5 1.773 1.    0.
  15 1989   17 18814.  15.4 33.6 1.783 1.    0.
  15 1989   18 18781.  15.6 33.6 1.792 1.    0.
  15 1989   19 18748.  15.7 33.7 1.802 1.    0.
  15 1989   20 18715.  15.8 33.7 1.811 1.    0.
  15 1989   21 18682.  15.9 33.8 1.821 1.    0.
  15 1989   22 18649.  16.1 33.8 1.831 1.    0.
  15 1989   23 18616.  16.2 33.9 1.840 1.    0.
  15 1989   24 18583.  16.3 33.9 1.849 1.    0.
  15 1989   25 18550.  16.4 34.0 1.859 1.    0.
  15 1989   26 18517.  16.6 34.0 1.868 1.    0.
  15 1989   27 18484.  16.7 34.1 1.878 1.    0.
  15 1989   28 18451.  16.8 34.1 1.888 1.    0.
  15 1989   29 18418.  16.9 34.2 1.897 1.    0.
  15 1989   30 18385.  17.1 34.2 1.907 1.    0.
  15 1989   31 18352.  17.2 34.3 1.916 1.    0.
  15 1989   32 18319.  17.3 34.3 1.925 1.    0.
  15 1989   33 18286.  17.4 34.4 1.935 1.    0.
  15 1989   34 18253.  17.6 34.4 1.944 1.   26.
  15 1989   35 18220.  17.7 34.5 1.954 1.    0.
  15 1989   36 18187.  17.8 34.5 1.964 1.    0.
  15 1989   37 18154.  18.0 34.6 1.973 1.    0.
  15 1989   38 18121.  18.1 34.6 1.982 1.    0.
  15 1989   39 18088.  18.2 34.7 1.992 1.    0.
  15 1989   40 18055.  18.3 34.7 2.001 1.    0.
  15 1989   41 18022.  18.5 34.8 2.011 1.    0.
  15 1989   42 17989.  18.6 34.8 2.020 1.    0.
  15 1989   43 17956.  18.7 34.9 2.030 1.    0.
  15 1989   44 17923.  18.8 34.9 2.039 1.    0.
  15 1989   45 17890.  19.0 35.0 2.049 1.    0.
  15 1989   46 17942.  19.0 34.9 2.067 1.    0.
  15 1989   47 17994.  19.1 34.9 2.084 1.    0.
  15 1989   48 18046.  19.2 34.9 2.102 1.    0.
  15 1989   49 18098.  19.2 34.9 2.119 1.    0.
  15 1989   50 18150.  19.3 34.9 2.137 1.    0.
  15 1989   51 18202.  19.4 34.8 2.155 1.    0.
  15 1989   52 18254.  19.4 34.8 2.172 1.    0.
  15 1989   53 18307.  19.5 34.8 2.190 1.    0.
  15 1989   54 18359.  19.6 34.8 2.208 1.    0.
  15 1989   55 18411.  19.6 34.7 2.225 1.    0.
  15 1989   56 18463.  19.7 34.7 2.243 1.    0.
  15 1989   57 18515.  19.8 34.7 2.260 1.    0.
  15 1989   58 18567.  19.8 34.7 2.278 1.    0.
  15 1989   59 18619.  19.9 34.6 2.296 1.    0.
  15 1989   60 18671.  20.0 34.6 2.313 1.    0.
  15 1989   61 18723.  20.0 34.6 2.331 1.    5.
  15 1989   62 18775.  20.1 34.6 2.349 1.    9.
  15 1989   63 18827.  20.2 34.6 2.366 1.    0.
  15 1989   64 18879.  20.2 34.5 2.384 1.   17.
  15 1989   65 18931.  20.3 34.5 2.401 1.    0.
  15 1989   66 18983.  20.4 34.5 2.419 1.    0.
  15 1989   67 19036.  20.4 34.5 2.437 1.    0.
  15 1989   68 19088.  20.5 34.4 2.454 1.    0.
  15 1989   69 19140.  20.6 34.4 2.472 1.    2.
  15 1989   70 19192.  20.6 34.4 2.490 1.    0.
  15 1989   71 19244.  20.7 34.4 2.507 1.    0.
  15 1989   72 19296.  20.8 34.3 2.525 1.    0.
  15 1989   73 19348.  20.8 34.3 2.542 1.    0.
  15 1989   74 19400.  20.9 34.3 2.560 1.    4.
  15 1989   75 19441.  20.9 34.3 2.564 1.    0.
  15 1989   76 19481.  20.9 34.3 2.568 1.    0.
  15 1989   77 19522.  21.0 34.2 2.571 1.    1.
  15 1989   78 19563.  21.0 34.2 2.575 1.    0.
  15 1989   79 19603.  21.0 34.2 2.579 1.    9.
  15 1989   80 19644.  21.0 34.2 2.583 1.    0.
  15 1989   81 19685.  21.1 34.1 2.587 1.    0.
  15 1989   82 19725.  21.1 34.1 2.590 1.    0.
  15 1989   83 19766.  21.1 34.1 2.594 1.    0.
  15 1989   84 19806.  21.1 34.1 2.598 1.    1.
  15 1989   85 19847.  21.1 34.0 2.602 1.    2.
  15 1989   86 19888.  21.2 34.0 2.606 1.    0.
  15 1989   87 19928.  21.2 34.0 2.609 1.    0.
  15 1989   88 19969.  21.2 34.0 2.613 1.    0.
  15 1989   89 20010.  21.2 33.9 2.617 1.    0.
  15 1989   90 20050.  21.3 33.9 2.621 1.    0.
  15 1989   91 20091.  21.3 33.9 2.625 1.    0.
  15 1989   92 20132.  21.3 33.9 2.629 1.    0.
  15 1989   93 20172.  21.3 33.8 2.632 1.   16.
  15 1989   94 20213.  21.4 33.8 2.636 1.   15.
  15 1989   95 20254.  21.4 33.8 2.640 1.   41.
  15 1989   96 20294.  21.4 33.8 2.644 1.    4.
  15 1989   97 20335.  21.4 33.7 2.648 1.    0.
  15 1989   98 20375.  21.4 33.7 2.651 1.    0.
  15 1989   99 20416.  21.5 33.7 2.655 1.    0.
  15 1989  100 20457.  21.5 33.7 2.659 1.    0.
  15 1989  101 20497.  21.5 33.6 2.663 1.    0.
  15 1989  102 20538.  21.5 33.6 2.667 1.    0.
  15 1989  103 20579.  21.6 33.6 2.670 1.    0.
  15 1989  104 20619.  21.6 33.6 2.674 1.    0.
  15 1989  105 20660.  21.6 33.5 2.678 1.    0.
  15 1989  106 20654.  21.6 33.5 2.680 1.    0.
  15 1989  107 20649.  21.6 33.5 2.681 1.    0.
  15 1989  108 20643.  21.5 33.4 2.683 1.    8.
  15 1989  109 20637.  21.5 33.4 2.684 1.   25.
  15 1989  110 20632.  21.5 33.4 2.686 1.    0.
  15 1989  111 20626.  21.5 33.3 2.688 1.   24.
  15 1989  112 20620.  21.5 33.3 2.689 1.    0.
  15 1989  113 20615.  21.4 33.2 2.691 1.    0.
  15 1989  114 20609.  21.4 33.2 2.692 1.    0.
  15 1989  115 20603.  21.4 33.2 2.694 1.    0.
  15 1989  116 20598.  21.4 33.1 2.696 1.    0.
  15 1989  117 20592.  21.3 33.1 2.697 1.    0.
  15 1989  118 20586.  21.3 33.1 2.699 1.   20.
  15 1989  119 20581.  21.3 33.0 2.700 1.    0.
  15 1989  120 20575.  21.3 33.0 2.702 1.    0.
  15 1989  121 20569.  21.3 33.0 2.704 1.    8.
  15 1989  122 20564.  21.2 32.9 2.705 1.    2.
  15 1989  123 20558.  21.2 32.9 2.707 1.    0.
  15 1989  124 20552.  21.2 32.9 2.708 1.    0.
  15 1989  125 20547.  21.2 32.8 2.710 1.    0.
  15 1989  126 20541.  21.2 32.8 2.712 1.    0.
  15 1989  127 20535.  21.1 32.8 2.713 1.    2.
  15 1989  128 20530.  21.1 32.7 2.715 1.    0.
  15 1989  129 20524.  21.1 32.7 2.716 1.    0.
  15 1989  130 20518.  21.1 32.6 2.718 1.    0.
  15 1989  131 20513.  21.1 32.6 2.720 1.    0.
  15 1989  132 20507.  21.0 32.6 2.721 1.    0.
  15 1989  133 20501.  21.0 32.5 2.723 1.    0.
  15 1989  134 20496.  21.0 32.5 2.724 1.    0.
  15 1989  135 20490.  21.0 32.5 2.726 1.    0.
  15 1989  136 20337.  20.9 32.4 2.724 1.    0.
  15 1989  137 20184.  20.9 32.3 2.723 1.    0.
  15 1989  138 20031.  20.9 32.2 2.721 1.    0.
  15 1989  139 19878.  20.9 32.1 2.719 1.    0.
  15 1989  140 19725.  20.9 32.1 2.718 1.    0.
  15 1989  141 19573.  20.8 32.0 2.716 1.    0.
  15 1989  142 19420.  20.8 31.9 2.714 1.    0.
  15 1989  143 19267.  20.8 31.8 2.713 1.    3.
  15 1989  144 19114.  20.8 31.7 2.711 1.    2.
  15 1989  145 18961.  20.8 31.7 2.710 1.   11.
  15 1989  146 18808.  20.7 31.6 2.708 1.    0.
  15 1989  147 18655.  20.7 31.5 2.706 1.    0.
  15 1989  148 18502.  20.7 31.4 2.705 1.    0.
  15 1989  149 18349.  20.7 31.3 2.703 1.   14.
  15 1989  150 18196.  20.7 31.2 2.701 1.    0.
  15 1989  151 18044.  20.6 31.2 2.700 1.    2.
  15 1989  152 17891.  20.6 31.1 2.698 1.    0.
  15 1989  153 17738.  20.6 31.0 2.696 1.   10.
  15 1989  154 17585.  20.6 30.9 2.695 1.    0.
  15 1989  155 17432.  20.6 30.8 2.693 1.    0.
  15 1989  156 17279.  20.5 30.7 2.691 1.   36.
  15 1989  157 17126.  20.5 30.7 2.690 1.    9.
  15 1989  158 16973.  20.5 30.6 2.688 1.    0.
  15 1989  159 16820.  20.5 30.5 2.687 1.    0.
  15 1989  160 16667.  20.5 30.4 2.685 1.    0.
  15 1989  161 16515.  20.4 30.3 2.683 1.   20.
  15 1989  162 16362.  20.4 30.3 2.682 1.    0.
  15 1989  163 16209.  20.4 30.2 2.680 1.   14.
  15 1989  164 16056.  20.4 30.1 2.678 1.    0.
  15 1989  165 15903.  20.4 30.0 2.677 1.   27.
  15 1989  166 15750.  20.3 29.9 2.675 1.   33.
  15 1989  167 15748.  20.3 29.9 2.674 1.    0.
  15 1989  168 15745.  20.3 29.9 2.673 1.    7.
  15 1989  169 15743.  20.4 29.9 2.672 1.    3.
  15 1989  170 15741.  20.4 29.9 2.671 1.    0.
  15 1989  171 15738.  20.4 29.8 2.670 1.    0.
  15 1989  172 15736.  20.4 29.8 2.669 1.   26.
  15 1989  173 15734.  20.4 29.8 2.668 1.    0.
  15 1989  174 15731.  20.4 29.8 2.667 1.    0.
  15 1989  175 15729.  20.4 29.8 2.666 1.    2.
  15 1989  176 15727.  20.4 29.7 2.665 1.    0.
  15 1989  177 15724.  20.4 29.7 2.664 1.    8.
  15 1989  178 15722.  20.4 29.7 2.663 1.    3.
  15 1989  179 15720.  20.4 29.7 2.662 1.    2.
  15 1989  180 15717.  20.5 29.7 2.661 1.    6.
  15 1989  181 15715.  20.5 29.6 2.660 1.    1.
  15 1989  182 15713.  20.5 29.6 2.658 1.   11.
  15 1989  183 15710.  20.5 29.6 2.657 1.    0.
  15 1989  184 15708.  20.5 29.6 2.656 1.    2.
  15 1989  185 15706.  20.5 29.6 2.655 1.    0.
  15 1989  186 15703.  20.5 29.6 2.654 1.    0.
  15 1989  187 15701.  20.5 29.5 2.653 1.    0.
  15 1989  188 15699.  20.5 29.5 2.652 1.    0.
  15 1989  189 15696.  20.5 29.5 2.651 1.    0.
  15 1989  190 15694.  20.5 29.5 2.650 1.    3.
  15 1989  191 15692.  20.6 29.5 2.649 1.    0.
  15 1989  192 15689.  20.6 29.4 2.648 1.    0.
  15 1989  193 15687.  20.6 29.4 2.647 1.    0.
  15 1989  194 15685.  20.6 29.4 2.646 1.   71.
  15 1989  195 15682.  20.6 29.4 2.645 1.    0.
  15 1989  196 15680.  20.6 29.4 2.644 1.    0.
  15 1989  197 15694.  20.6 29.4 2.638 1.    0.
  15 1989  198 15708.  20.6 29.3 2.632 1.    5.
  15 1989  199 15723.  20.6 29.3 2.627 1.   13.
  15 1989  200 15737.  20.6 29.3 2.621 1.    0.
  15 1989  201 15751.  20.7 29.3 2.615 1.    6.
  15 1989  202 15765.  20.7 29.3 2.609 1.    7.
  15 1989  203 15779.  20.7 29.2 2.604 1.   52.
  15 1989  204 15794.  20.7 29.2 2.598 1.    0.
  15 1989  205 15808.  20.7 29.2 2.592 1.    0.
  15 1989  206 15822.  20.7 29.2 2.586 1.   27.
  15 1989  207 15836.  20.7 29.2 2.580 1.    0.
  15 1989  208 15850.  20.7 29.1 2.575 1.    0.
  15 1989  209 15865.  20.7 29.1 2.569 1.    9.
  15 1989  210 15879.  20.7 29.1 2.563 1.    0.
  15 1989  211 15893.  20.8 29.1 2.557 1.    4.
  15 1989  212 15907.  20.8 29.1 2.552 1.   27.
  15 1989  213 15921.  20.8 29.1 2.546 1.   12.
  15 1989  214 15935.  20.8 29.0 2.540 1.   17.
  15 1989  215 15950.  20.8 29.0 2.534 1.    3.
  15 1989  216 15964.  20.8 29.0 2.529 1.    0.
  15 1989  217 15978.  20.8 29.0 2.523 1.    0.
  15 1989  218 15992.  20.8 29.0 2.517 1.    0.
  15 1989  219 16006.  20.8 28.9 2.511 1.    0.
  15 1989  220 16021.  20.9 28.9 2.505 1.    0.
  15 1989  221 16035.  20.9 28.9 2.500 1.    0.
  15 1989  222 16049.  20.9 28.9 2.494 1.    5.
  15 1989  223 16063.  20.9 28.9 2.488 1.   23.
  15 1989  224 16077.  20.9 28.9 2.482 1.    6.
  15 1989  225 16092.  20.9 28.8 2.477 1.    1.
  15 1989  226 16106.  20.9 28.8 2.471 1.   11.
  15 1989  227 16120.  20.9 28.8 2.465 1.    0.
  15 1989  228 16087.  20.9 28.8 2.471 1.    0.
  15 1989  229 16054.  20.9 28.8 2.477 1.    0.
  15 1989  230 16021.  20.9 28.8 2.483 1.    0.
  15 1989  231 15988.  20.9 28.8 2.489 1.    1.
  15 1989  232 15955.  20.9 28.8 2.495 1.    0.
  15 1989  233 15923.  20.9 28.8 2.501 1.    1.
  15 1989  234 15890.  20.8 28.9 2.507 1.    5.
  15 1989  235 15857.  20.8 28.9 2.513 1.    0.
  15 1989  236 15824.  20.8 28.9 2.519 1.   14.
  15 1989  237 15791.  20.8 28.9 2.525 1.   10.
  15 1989  238 15758.  20.8 28.9 2.531 1.    5.
  15 1989  239 15725.  20.8 28.9 2.537 1.    0.
  15 1989  240 15692.  20.8 28.9 2.543 1.    0.
  15 1989  241 15659.  20.8 28.9 2.549 1.    4.
  15 1989  242 15626.  20.8 28.9 2.555 1.   18.
  15 1989  243 15594.  20.7 28.9 2.562 1.    0.
  15 1989  244 15561.  20.7 28.9 2.568 1.   17.
  15 1989  245 15528.  20.7 28.9 2.574 1.    0.
  15 1989  246 15495.  20.7 28.9 2.580 1.    0.
  15 1989  247 15462.  20.7 28.9 2.586 1.    3.
  15 1989  248 15429.  20.7 29.0 2.592 1.    0.
  15 1989  249 15396.  20.7 29.0 2.598 1.    0.
  15 1989  250 15363.  20.7 29.0 2.604 1.   43.
  15 1989  251 15330.  20.7 29.0 2.610 1.    1.
  15 1989  252 15297.  20.6 29.0 2.616 1.    0.
  15 1989  253 15265.  20.6 29.0 2.622 1.    0.
  15 1989  254 15232.  20.6 29.0 2.628 1.    0.
  15 1989  255 15199.  20.6 29.0 2.634 1.    0.
  15 1989  256 15166.  20.6 29.0 2.640 1.   12.
  15 1989  257 15133.  20.6 29.0 2.646 1.    0.
  15 1989  258 15100.  20.6 29.0 2.652 1.   31.
  15 1989  259 15177.  20.6 29.1 2.652 1.    0.
  15 1989  260 15253.  20.6 29.1 2.652 1.   17.
  15 1989  261 15330.  20.6 29.2 2.652 1.    0.
  15 1989  262 15407.  20.6 29.2 2.652 1.    2.
  15 1989  263 15483.  20.6 29.2 2.652 1.   33.
  15 1989  264 15560.  20.6 29.3 2.651 1.    0.
  15 1989  265 15637.  20.6 29.3 2.651 1.    0.
  15 1989  266 15713.  20.6 29.4 2.651 1.   15.
  15 1989  267 15790.  20.6 29.4 2.651 1.    0.
  15 1989  268 15867.  20.6 29.4 2.651 1.    0.
  15 1989  269 15943.  20.6 29.5 2.651 1.    0.
  15 1989  270 16020.  20.6 29.5 2.651 1.    0.
  15 1989  271 16097.  20.6 29.6 2.651 1.    0.
  15 1989  272 16173.  20.6 29.6 2.651 1.    0.
  15 1989  273 16250.  20.6 29.6 2.651 1.   35.
  15 1989  274 16327.  20.6 29.7 2.650 1.    0.
  15 1989  275 16403.  20.6 29.7 2.650 1.    2.
  15 1989  276 16480.  20.6 29.8 2.650 1.    1.
  15 1989  277 16557.  20.7 29.8 2.650 1.    0.
  15 1989  278 16633.  20.7 29.9 2.650 1.    6.
  15 1989  279 16710.  20.7 29.9 2.650 1.    8.
  15 1989  280 16787.  20.7 29.9 2.650 1.    0.
  15 1989  281 16863.  20.7 30.0 2.650 1.    0.
  15 1989  282 16940.  20.7 30.0 2.650 1.    0.
  15 1989  283 17017.  20.7 30.1 2.650 1.    0.
  15 1989  284 17093.  20.7 30.1 2.649 1.   42.
  15 1989  285 17170.  20.7 30.1 2.649 1.   14.
  15 1989  286 17247.  20.7 30.2 2.649 1.    0.
  15 1989  287 17323.  20.7 30.2 2.649 1.    3.
  15 1989  288 17400.  20.7 30.3 2.649 1.    2.
  15 1989  289 17384.  20.7 30.3 2.653 1.    0.
  15 1989  290 17368.  20.7 30.4 2.656 1.    0.
  15 1989  291 17352.  20.7 30.4 2.660 1.   22.
  15 1989  292 17335.  20.7 30.5 2.664 1.    4.
  15 1989  293 17319.  20.7 30.6 2.668 1.    0.
  15 1989  294 17303.  20.7 30.6 2.671 1.    0.
  15 1989  295 17287.  20.6 30.7 2.675 1.   13.
  15 1989  296 17271.  20.6 30.7 2.679 1.    2.
  15 1989  297 17255.  20.6 30.8 2.682 1.    0.
  15 1989  298 17239.  20.6 30.8 2.686 1.    0.
  15 1989  299 17223.  20.6 30.9 2.690 1.    0.
  15 1989  300 17206.  20.6 31.0 2.694 1.   16.
  15 1989  301 17190.  20.6 31.0 2.697 1.    0.
  15 1989  302 17174.  20.6 31.1 2.701 1.    1.
  15 1989  303 17158.  20.6 31.1 2.705 1.    0.
  15 1989  304 17142.  20.6 31.2 2.708 1.    0.
  15 1989  305 17126.  20.6 31.2 2.712 1.    0.
  15 1989  306 17110.  20.6 31.3 2.716 1.    0.
  15 1989  307 17094.  20.6 31.3 2.719 1.    0.
  15 1989  308 17077.  20.6 31.4 2.723 1.    0.
  15 1989  309 17061.  20.5 31.5 2.727 1.    3.
  15 1989  310 17045.  20.5 31.5 2.731 1.    0.
  15 1989  311 17029.  20.5 31.6 2.734 1.    0.
  15 1989  312 17013.  20.5 31.6 2.738 1.    0.
  15 1989  313 16997.  20.5 31.7 2.742 1.    0.
  15 1989  314 16981.  20.5 31.7 2.745 1.    0.
  15 1989  315 16965.  20.5 31.8 2.749 1.    0.
  15 1989  316 16948.  20.5 31.9 2.753 1.    0.
  15 1989  317 16932.  20.5 31.9 2.757 1.    0.
  15 1989  318 16916.  20.5 32.0 2.760 1.    0.
  15 1989  319 16900.  20.5 32.0 2.764 1.    0.
  15 1989  320 16781.  20.4 32.0 2.753 1.    0.
  15 1989  321 16662.  20.3 32.0 2.741 1.    0.
  15 1989  322 16543.  20.3 32.0 2.730 1.    0.
  15 1989  323 16424.  20.2 32.0 2.718 1.    0.
  15 1989  324 16305.  20.1 32.0 2.707 1.    0.
  15 1989  325 16186.  20.1 32.0 2.695 1.    0.
  15 1989  326 16067.  20.0 31.9 2.684 1.    0.
  15 1989  327 15948.  19.9 31.9 2.673 1.    0.
  15 1989  328 15829.  19.9 31.9 2.661 1.    0.
  15 1989  329 15710.  19.8 31.9 2.650 1.    0.
  15 1989  330 15591.  19.7 31.9 2.638 1.    0.
  15 1989  331 15472.  19.7 31.9 2.627 1.    0.
  15 1989  332 15353.  19.6 31.9 2.615 1.    0.
  15 1989  333 15234.  19.5 31.9 2.604 1.    0.
  15 1989  334 15115.  19.5 31.9 2.592 1.    0.
  15 1989  335 14996.  19.4 31.8 2.581 1.    0.
  15 1989  336 14877.  19.3 31.8 2.570 1.    0.
  15 1989  337 14758.  19.3 31.8 2.558 1.    1.
  15 1989  338 14639.  19.2 31.8 2.547 1.    0.
  15 1989  339 14520.  19.1 31.8 2.535 1.    0.
  15 1989  340 14401.  19.1 31.8 2.524 1.    0.
  15 1989  341 14282.  19.0 31.8 2.512 1.    0.
  15 1989  342 14163.  18.9 31.8 2.501 1.    0.
  15 1989  343 14044.  18.9 31.7 2.490 1.    0.
  15 1989  344 13925.  18.8 31.7 2.478 1.    0.
  15 1989  345 13806.  18.7 31.7 2.467 1.    0.
  15 1989  346 13687.  18.7 31.7 2.455 1.    0.
  15 1989  347 13568.  18.6 31.7 2.444 1.    3.
  15 1989  348 13449.  18.5 31.7 2.432 1.    0.
  15 1989  349 13330.  18.5 31.7 2.421 1.    0.
  15 1989  350 13503.  18.4 31.7 2.400 1.    0.
  15 1989  351 13677.  18.3 31.8 2.380 1.    0.
  15 1989  352 13850.  18.2 31.8 2.359 1.    0.
  15 1989  353 14024.  18.1 31.9 2.339 1.    0.
  15 1989  354 14197.  18.0 32.0 2.318 1.    0.
  15 1989  355 14371.  17.9 32.0 2.298 1.    0.
  15 1989  356 14544.  17.7 32.1 2.277 1.    0.
  15 1989  357 14718.  17.6 32.1 2.257 1.    0.
  15 1989  358 14891.  17.5 32.2 2.236 1.    0.
  15 1989  359 15064.  17.4 32.2 2.216 1.    2.
  15 1989  360 15238.  17.3 32.3 2.195 1.    0.
  15 1989  361 15411.  17.2 32.4 2.175 1.    1.
  15 1989  362 15585.  17.1 32.4 2.154 1.    0.
  15 1989  363 15758.  17.0 32.5 2.134 1.    0.
  15 1989  364 15932.  16.9 32.5 2.113 1.    0.
  15 1989  365 16105.  16.8 32.6 2.092 1.    0.
