*---------------------------------------------------------*
*   Country: Cote d'Ivoire
*   Station: Yamoussoukro
*      Year: 1988
* Longitude: 005 21 W
*  Latitude: 06 54 N
* Elevation: 213 m.
*  WMO-code: 65.-
*  Comments: Automatically generated file from *.WOF file
*            with REGENSIM.FOR ver. aug 96
*
*  Columns:
*  ========
*  station number
*  year
*  day
*  irradiation (kJ m-2 d-1)
*  minimum temperature (degrees Celsius)
*  maximum temperature (degrees Celsius)
*  vapour pressure (kPa)
*  mean wind speed (m s-1)
*  precipitation (mm month-1)
*---------------------------------------------------------*
  -5.35    6.90  213.00     .00     .00
  15 1988    1 18190.  16.6 33.1 2.199 1.    0.
  15 1988    2 18211.  16.6 33.2 2.183 1.    0.
  15 1988    3 18233.  16.6 33.2 2.167 1.    0.
  15 1988    4 18254.  16.5 33.3 2.151 1.    0.
  15 1988    5 18276.  16.5 33.4 2.136 1.    0.
  15 1988    6 18297.  16.5 33.4 2.120 1.    0.
  15 1988    7 18319.  16.5 33.5 2.104 1.    0.
  15 1988    8 18340.  16.4 33.6 2.088 1.    0.
  15 1988    9 18361.  16.4 33.6 2.072 1.    0.
  15 1988   10 18383.  16.4 33.7 2.057 1.    0.
  15 1988   11 18404.  16.3 33.8 2.041 1.    0.
  15 1988   12 18426.  16.3 33.9 2.025 1.    0.
  15 1988   13 18447.  16.3 33.9 2.010 1.    0.
  15 1988   14 18469.  16.2 34.0 1.994 1.    0.
  15 1988   15 18490.  16.2 34.1 1.978 1.    0.
  15 1988   16 18486.  16.3 34.1 1.988 1.    0.
  15 1988   17 18483.  16.4 34.1 1.998 1.    0.
  15 1988   18 18479.  16.5 34.2 2.007 1.    0.
  15 1988   19 18475.  16.7 34.2 2.017 1.    0.
  15 1988   20 18472.  16.8 34.3 2.027 1.    0.
  15 1988   21 18468.  16.9 34.3 2.037 1.    0.
  15 1988   22 18464.  17.0 34.4 2.046 1.    0.
  15 1988   23 18461.  17.1 34.4 2.056 1.    0.
  15 1988   24 18457.  17.2 34.4 2.066 1.    0.
  15 1988   25 18453.  17.3 34.5 2.076 1.    0.
  15 1988   26 18450.  17.4 34.5 2.085 1.    0.
  15 1988   27 18446.  17.5 34.6 2.095 1.    0.
  15 1988   28 18442.  17.7 34.6 2.105 1.    0.
  15 1988   29 18439.  17.8 34.6 2.115 1.    0.
  15 1988   30 18435.  17.9 34.7 2.125 1.    0.
  15 1988   31 18431.  18.0 34.7 2.134 1.    0.
  15 1988   32 18428.  18.1 34.8 2.144 1.    0.
  15 1988   33 18424.  18.2 34.8 2.154 1.    0.
  15 1988   34 18420.  18.3 34.9 2.164 1.    0.
  15 1988   35 18417.  18.4 34.9 2.173 1.    0.
  15 1988   36 18413.  18.5 34.9 2.183 1.    8.
  15 1988   37 18409.  18.7 35.0 2.193 1.    0.
  15 1988   38 18406.  18.8 35.0 2.203 1.    0.
  15 1988   39 18402.  18.9 35.1 2.212 1.    0.
  15 1988   40 18398.  19.0 35.1 2.222 1.    0.
  15 1988   41 18395.  19.1 35.2 2.232 1.    0.
  15 1988   42 18391.  19.2 35.2 2.242 1.    0.
  15 1988   43 18387.  19.3 35.2 2.251 1.    0.
  15 1988   44 18384.  19.4 35.3 2.261 1.    0.
  15 1988   45 18380.  19.5 35.3 2.271 1.    0.
  15 1988   46 18413.  19.6 35.3 2.283 1.    0.
  15 1988   47 18446.  19.6 35.3 2.294 1.    0.
  15 1988   48 18479.  19.7 35.3 2.306 1.    0.
  15 1988   49 18512.  19.7 35.3 2.317 1.    0.
  15 1988   50 18545.  19.7 35.2 2.329 1.    0.
  15 1988   51 18578.  19.8 35.2 2.340 1.    0.
  15 1988   52 18611.  19.8 35.2 2.352 1.    0.
  15 1988   53 18644.  19.9 35.2 2.364 1.    0.
  15 1988   54 18677.  19.9 35.2 2.375 1.    0.
  15 1988   55 18710.  19.9 35.2 2.387 1.    1.
  15 1988   56 18743.  20.0 35.2 2.398 1.    0.
  15 1988   57 18776.  20.0 35.1 2.410 1.    0.
  15 1988   58 18809.  20.1 35.1 2.421 1.    0.
  15 1988   59 18842.  20.1 35.1 2.433 1.    0.
  15 1988   60 18875.  20.1 35.1 2.444 1.    0.
  15 1988   61 18908.  20.2 35.1 2.456 1.    1.
  15 1988   62 18941.  20.2 35.1 2.468 1.    0.
  15 1988   63 18974.  20.2 35.1 2.479 1.    0.
  15 1988   64 19007.  20.3 35.0 2.491 1.    0.
  15 1988   65 19040.  20.3 35.0 2.502 1.    0.
  15 1988   66 19073.  20.4 35.0 2.514 1.    0.
  15 1988   67 19106.  20.4 35.0 2.525 1.    0.
  15 1988   68 19139.  20.4 35.0 2.537 1.    0.
  15 1988   69 19172.  20.5 35.0 2.549 1.    0.
  15 1988   70 19205.  20.5 35.0 2.560 1.    0.
  15 1988   71 19238.  20.6 34.9 2.572 1.    0.
  15 1988   72 19271.  20.6 34.9 2.583 1.    0.
  15 1988   73 19304.  20.6 34.9 2.595 1.    0.
  15 1988   74 19337.  20.7 34.9 2.606 1.    0.
  15 1988   75 19370.  20.7 34.9 2.618 1.    0.
  15 1988   76 19361.  20.7 34.9 2.624 1.    0.
  15 1988   77 19352.  20.7 34.8 2.630 1.    0.
  15 1988   78 19343.  20.7 34.8 2.636 1.    4.
  15 1988   79 19334.  20.8 34.8 2.642 1.    0.
  15 1988   80 19325.  20.8 34.7 2.648 1.    0.
  15 1988   81 19316.  20.8 34.7 2.654 1.    0.
  15 1988   82 19307.  20.8 34.7 2.660 1.    0.
  15 1988   83 19298.  20.8 34.6 2.665 1.   44.
  15 1988   84 19289.  20.8 34.6 2.671 1.    0.
  15 1988   85 19280.  20.8 34.6 2.677 1.   60.
  15 1988   86 19271.  20.8 34.5 2.683 1.    0.
  15 1988   87 19262.  20.8 34.5 2.689 1.   28.
  15 1988   88 19253.  20.8 34.5 2.695 1.   12.
  15 1988   89 19244.  20.9 34.4 2.701 1.    0.
  15 1988   90 19235.  20.9 34.4 2.707 1.   30.
  15 1988   91 19225.  20.9 34.4 2.713 1.    0.
  15 1988   92 19216.  20.9 34.3 2.719 1.    1.
  15 1988   93 19207.  20.9 34.3 2.725 1.    0.
  15 1988   94 19198.  20.9 34.3 2.731 1.    0.
  15 1988   95 19189.  20.9 34.2 2.737 1.   90.
  15 1988   96 19180.  20.9 34.2 2.743 1.    0.
  15 1988   97 19171.  20.9 34.2 2.749 1.   48.
  15 1988   98 19162.  21.0 34.1 2.755 1.    3.
  15 1988   99 19153.  21.0 34.1 2.760 1.    0.
  15 1988  100 19144.  21.0 34.1 2.766 1.    9.
  15 1988  101 19135.  21.0 34.0 2.772 1.    0.
  15 1988  102 19126.  21.0 34.0 2.778 1.   19.
  15 1988  103 19117.  21.0 34.0 2.784 1.    0.
  15 1988  104 19108.  21.0 33.9 2.790 1.    1.
  15 1988  105 19099.  21.0 33.9 2.796 1.    0.
  15 1988  106 19090.  21.0 33.8 2.802 1.    0.
  15 1988  107 19107.  21.0 33.8 2.800 1.    0.
  15 1988  108 19125.  21.0 33.8 2.799 1.    0.
  15 1988  109 19142.  21.0 33.8 2.797 1.    0.
  15 1988  110 19159.  21.0 33.8 2.795 1.    0.
  15 1988  111 19177.  21.0 33.8 2.793 1.    0.
  15 1988  112 19194.  21.0 33.8 2.792 1.    0.
  15 1988  113 19211.  20.9 33.8 2.790 1.    0.
  15 1988  114 19229.  20.9 33.8 2.788 1.    0.
  15 1988  115 19246.  20.9 33.8 2.787 1.   10.
  15 1988  116 19263.  20.9 33.8 2.785 1.    0.
  15 1988  117 19281.  20.9 33.8 2.783 1.    0.
  15 1988  118 19298.  20.9 33.8 2.782 1.    0.
  15 1988  119 19315.  20.9 33.8 2.780 1.    0.
  15 1988  120 19333.  20.8 33.8 2.778 1.    0.
  15 1988  121 19350.  20.8 33.8 2.776 1.    0.
  15 1988  122 19367.  20.8 33.8 2.775 1.    0.
  15 1988  123 19385.  20.8 33.8 2.773 1.    0.
  15 1988  124 19402.  20.8 33.8 2.771 1.    0.
  15 1988  125 19419.  20.8 33.8 2.770 1.    0.
  15 1988  126 19437.  20.8 33.8 2.768 1.    0.
  15 1988  127 19454.  20.7 33.8 2.766 1.   60.
  15 1988  128 19471.  20.7 33.8 2.765 1.    0.
  15 1988  129 19489.  20.7 33.8 2.763 1.    0.
  15 1988  130 19506.  20.7 33.8 2.761 1.    0.
  15 1988  131 19523.  20.7 33.8 2.760 1.    0.
  15 1988  132 19541.  20.7 33.8 2.758 1.    0.
  15 1988  133 19558.  20.7 33.8 2.756 1.    0.
  15 1988  134 19575.  20.6 33.8 2.754 1.    0.
  15 1988  135 19593.  20.6 33.8 2.753 1.    0.
  15 1988  136 19610.  20.6 33.8 2.751 1.   18.
  15 1988  137 19482.  20.6 33.8 2.751 1.    0.
  15 1988  138 19353.  20.7 33.7 2.751 1.    0.
  15 1988  139 19225.  20.7 33.6 2.751 1.    0.
  15 1988  140 19096.  20.7 33.5 2.752 1.    0.
  15 1988  141 18968.  20.8 33.4 2.752 1.    0.
  15 1988  142 18840.  20.8 33.3 2.752 1.    0.
  15 1988  143 18711.  20.8 33.2 2.752 1.    8.
  15 1988  144 18583.  20.9 33.1 2.752 1.    5.
  15 1988  145 18455.  20.9 33.0 2.752 1.    0.
  15 1988  146 18326.  20.9 32.9 2.752 1.    0.
  15 1988  147 18198.  21.0 32.8 2.752 1.    0.
  15 1988  148 18069.  21.0 32.8 2.753 1.    0.
  15 1988  149 17941.  21.0 32.7 2.753 1.    0.
  15 1988  150 17813.  21.1 32.6 2.753 1.    0.
  15 1988  151 17684.  21.1 32.5 2.753 1.    0.
  15 1988  152 17556.  21.1 32.4 2.753 1.   21.
  15 1988  153 17427.  21.2 32.3 2.753 1.    0.
  15 1988  154 17299.  21.2 32.2 2.753 1.    0.
  15 1988  155 17171.  21.2 32.1 2.753 1.    0.
  15 1988  156 17042.  21.3 32.0 2.754 1.   12.
  15 1988  157 16914.  21.3 31.9 2.754 1.    0.
  15 1988  158 16785.  21.3 31.8 2.754 1.    0.
  15 1988  159 16657.  21.4 31.8 2.754 1.    0.
  15 1988  160 16529.  21.4 31.7 2.754 1.    0.
  15 1988  161 16400.  21.4 31.6 2.754 1.    0.
  15 1988  162 16272.  21.5 31.5 2.754 1.    7.
  15 1988  163 16144.  21.5 31.4 2.754 1.    0.
  15 1988  164 16015.  21.5 31.3 2.755 1.   13.
  15 1988  165 15887.  21.6 31.2 2.755 1.    0.
  15 1988  166 15758.  21.6 31.1 2.755 1.    0.
  15 1988  167 15630.  21.6 31.0 2.755 1.   20.
  15 1988  168 15597.  21.6 31.0 2.751 1.    0.
  15 1988  169 15564.  21.6 30.9 2.747 1.   17.
  15 1988  170 15531.  21.6 30.9 2.742 1.    0.
  15 1988  171 15498.  21.5 30.8 2.738 1.    0.
  15 1988  172 15465.  21.5 30.8 2.734 1.    0.
  15 1988  173 15432.  21.5 30.7 2.730 1.    0.
  15 1988  174 15399.  21.4 30.7 2.725 1.    0.
  15 1988  175 15366.  21.4 30.6 2.721 1.    5.
  15 1988  176 15333.  21.4 30.6 2.717 1.    0.
  15 1988  177 15300.  21.3 30.6 2.713 1.    0.
  15 1988  178 15267.  21.3 30.5 2.708 1.    0.
  15 1988  179 15234.  21.3 30.5 2.704 1.    0.
  15 1988  180 15201.  21.2 30.4 2.700 1.    0.
  15 1988  181 15168.  21.2 30.4 2.696 1.   26.
  15 1988  182 15135.  21.2 30.3 2.691 1.    0.
  15 1988  183 15102.  21.1 30.3 2.687 1.    0.
  15 1988  184 15069.  21.1 30.2 2.683 1.    0.
  15 1988  185 15036.  21.1 30.2 2.679 1.   14.
  15 1988  186 15003.  21.1 30.1 2.675 1.    0.
  15 1988  187 14970.  21.0 30.1 2.670 1.    0.
  15 1988  188 14937.  21.0 30.0 2.666 1.    0.
  15 1988  189 14904.  21.0 30.0 2.662 1.    0.
  15 1988  190 14871.  20.9 29.9 2.658 1.    0.
  15 1988  191 14838.  20.9 29.9 2.653 1.    7.
  15 1988  192 14805.  20.9 29.8 2.649 1.    0.
  15 1988  193 14772.  20.8 29.8 2.645 1.    0.
  15 1988  194 14739.  20.8 29.8 2.641 1.    0.
  15 1988  195 14706.  20.8 29.7 2.636 1.    0.
  15 1988  196 14673.  20.7 29.7 2.632 1.    0.
  15 1988  197 14640.  20.7 29.6 2.628 1.    0.
  15 1988  198 14594.  20.7 29.6 2.627 1.    0.
  15 1988  199 14548.  20.7 29.6 2.626 1.    0.
  15 1988  200 14503.  20.6 29.6 2.624 1.    0.
  15 1988  201 14457.  20.6 29.6 2.623 1.    0.
  15 1988  202 14411.  20.6 29.6 2.622 1.    0.
  15 1988  203 14365.  20.6 29.6 2.621 1.   36.
  15 1988  204 14319.  20.6 29.6 2.619 1.    0.
  15 1988  205 14274.  20.5 29.6 2.618 1.    0.
  15 1988  206 14228.  20.5 29.6 2.617 1.    0.
  15 1988  207 14182.  20.5 29.6 2.616 1.    0.
  15 1988  208 14136.  20.5 29.6 2.615 1.    1.
  15 1988  209 14090.  20.4 29.6 2.613 1.    0.
  15 1988  210 14045.  20.4 29.6 2.612 1.    1.
  15 1988  211 13999.  20.4 29.6 2.611 1.   13.
  15 1988  212 13953.  20.4 29.6 2.610 1.    0.
  15 1988  213 13907.  20.4 29.6 2.608 1.    0.
  15 1988  214 13861.  20.3 29.6 2.607 1.    0.
  15 1988  215 13815.  20.3 29.7 2.606 1.    0.
  15 1988  216 13770.  20.3 29.7 2.605 1.    0.
  15 1988  217 13724.  20.3 29.7 2.603 1.    0.
  15 1988  218 13678.  20.2 29.7 2.602 1.    0.
  15 1988  219 13632.  20.2 29.7 2.601 1.   15.
  15 1988  220 13586.  20.2 29.7 2.600 1.    0.
  15 1988  221 13541.  20.2 29.7 2.599 1.    0.
  15 1988  222 13495.  20.2 29.7 2.597 1.    0.
  15 1988  223 13449.  20.1 29.7 2.596 1.   64.
  15 1988  224 13403.  20.1 29.7 2.595 1.    0.
  15 1988  225 13357.  20.1 29.7 2.594 1.    0.
  15 1988  226 13312.  20.1 29.7 2.592 1.    0.
  15 1988  227 13266.  20.1 29.7 2.591 1.    0.
  15 1988  228 13220.  20.0 29.7 2.590 1.   66.
  15 1988  229 13289.  20.0 29.7 2.593 1.    0.
  15 1988  230 13357.  20.1 29.7 2.595 1.    0.
  15 1988  231 13426.  20.1 29.7 2.598 1.    0.
  15 1988  232 13495.  20.1 29.8 2.600 1.    3.
  15 1988  233 13564.  20.1 29.8 2.603 1.    0.
  15 1988  234 13632.  20.1 29.8 2.606 1.    0.
  15 1988  235 13701.  20.1 29.8 2.608 1.    0.
  15 1988  236 13770.  20.1 29.8 2.611 1.    0.
  15 1988  237 13838.  20.1 29.8 2.614 1.    0.
  15 1988  238 13907.  20.2 29.9 2.616 1.    0.
  15 1988  239 13976.  20.2 29.9 2.619 1.    0.
  15 1988  240 14045.  20.2 29.9 2.621 1.    0.
  15 1988  241 14113.  20.2 29.9 2.624 1.    0.
  15 1988  242 14182.  20.2 29.9 2.627 1.    0.
  15 1988  243 14251.  20.2 30.0 2.629 1.    0.
  15 1988  244 14319.  20.2 30.0 2.632 1.    0.
  15 1988  245 14388.  20.2 30.0 2.634 1.    0.
  15 1988  246 14457.  20.3 30.0 2.637 1.    0.
  15 1988  247 14525.  20.3 30.0 2.640 1.    0.
  15 1988  248 14594.  20.3 30.0 2.642 1.    1.
  15 1988  249 14663.  20.3 30.1 2.645 1.    0.
  15 1988  250 14732.  20.3 30.1 2.647 1.    0.
  15 1988  251 14800.  20.3 30.1 2.650 1.    0.
  15 1988  252 14869.  20.3 30.1 2.653 1.    0.
  15 1988  253 14938.  20.4 30.1 2.655 1.    0.
  15 1988  254 15006.  20.4 30.1 2.658 1.    0.
  15 1988  255 15075.  20.4 30.2 2.661 1.    0.
  15 1988  256 15144.  20.4 30.2 2.663 1.    0.
  15 1988  257 15213.  20.4 30.2 2.666 1.    0.
  15 1988  258 15281.  20.4 30.2 2.668 1.    0.
  15 1988  259 15350.  20.4 30.2 2.671 1.    0.
  15 1988  260 15416.  20.4 30.3 2.673 1.    0.
  15 1988  261 15481.  20.5 30.3 2.674 1.    0.
  15 1988  262 15547.  20.5 30.3 2.676 1.    0.
  15 1988  263 15613.  20.5 30.4 2.678 1.    0.
  15 1988  264 15678.  20.5 30.4 2.680 1.    0.
  15 1988  265 15744.  20.5 30.5 2.681 1.    0.
  15 1988  266 15810.  20.5 30.5 2.683 1.    0.
  15 1988  267 15875.  20.5 30.5 2.685 1.    0.
  15 1988  268 15941.  20.5 30.6 2.687 1.    0.
  15 1988  269 16007.  20.5 30.6 2.688 1.    0.
  15 1988  270 16072.  20.5 30.6 2.690 1.    0.
  15 1988  271 16138.  20.5 30.7 2.692 1.   31.
  15 1988  272 16204.  20.6 30.7 2.694 1.    6.
  15 1988  273 16269.  20.6 30.7 2.695 1.   50.
  15 1988  274 16335.  20.6 30.8 2.697 1.    1.
  15 1988  275 16401.  20.6 30.8 2.699 1.    0.
  15 1988  276 16466.  20.6 30.9 2.700 1.    0.
  15 1988  277 16532.  20.6 30.9 2.702 1.    0.
  15 1988  278 16598.  20.6 30.9 2.704 1.    0.
  15 1988  279 16663.  20.6 31.0 2.706 1.    0.
  15 1988  280 16729.  20.6 31.0 2.707 1.    6.
  15 1988  281 16795.  20.6 31.0 2.709 1.    0.
  15 1988  282 16860.  20.7 31.1 2.711 1.    0.
  15 1988  283 16926.  20.7 31.1 2.713 1.    0.
  15 1988  284 16992.  20.7 31.1 2.714 1.    0.
  15 1988  285 17057.  20.7 31.2 2.716 1.    0.
  15 1988  286 17123.  20.7 31.2 2.718 1.    0.
  15 1988  287 17189.  20.7 31.2 2.720 1.    0.
  15 1988  288 17254.  20.7 31.3 2.721 1.    0.
  15 1988  289 17320.  20.7 31.3 2.723 1.    0.
  15 1988  290 17296.  20.7 31.3 2.723 1.    0.
  15 1988  291 17272.  20.6 31.4 2.722 1.    0.
  15 1988  292 17248.  20.6 31.4 2.722 1.    0.
  15 1988  293 17225.  20.5 31.4 2.721 1.    0.
  15 1988  294 17201.  20.4 31.4 2.721 1.    0.
  15 1988  295 17177.  20.4 31.4 2.721 1.    0.
  15 1988  296 17153.  20.3 31.4 2.720 1.    3.
  15 1988  297 17129.  20.3 31.5 2.720 1.    0.
  15 1988  298 17105.  20.2 31.5 2.720 1.    0.
  15 1988  299 17081.  20.1 31.5 2.719 1.    7.
  15 1988  300 17057.  20.1 31.5 2.719 1.   44.
  15 1988  301 17034.  20.0 31.5 2.718 1.    0.
  15 1988  302 17010.  20.0 31.6 2.718 1.    0.
  15 1988  303 16986.  19.9 31.6 2.718 1.    0.
  15 1988  304 16962.  19.9 31.6 2.717 1.    0.
  15 1988  305 16938.  19.8 31.6 2.717 1.    0.
  15 1988  306 16914.  19.7 31.6 2.716 1.    0.
  15 1988  307 16890.  19.7 31.6 2.716 1.    0.
  15 1988  308 16866.  19.6 31.7 2.716 1.    0.
  15 1988  309 16843.  19.6 31.7 2.715 1.   15.
  15 1988  310 16819.  19.5 31.7 2.715 1.   12.
  15 1988  311 16795.  19.5 31.7 2.714 1.    1.
  15 1988  312 16771.  19.4 31.7 2.714 1.    0.
  15 1988  313 16747.  19.3 31.8 2.714 1.    0.
  15 1988  314 16723.  19.3 31.8 2.713 1.    0.
  15 1988  315 16699.  19.2 31.8 2.713 1.    0.
  15 1988  316 16675.  19.2 31.8 2.713 1.    0.
  15 1988  317 16652.  19.1 31.8 2.712 1.    0.
  15 1988  318 16628.  19.0 31.8 2.712 1.   15.
  15 1988  319 16604.  19.0 31.9 2.711 1.    0.
  15 1988  320 16580.  18.9 31.9 2.711 1.    0.
  15 1988  321 16624.  18.9 31.9 2.701 1.    0.
  15 1988  322 16667.  18.8 31.9 2.692 1.    0.
  15 1988  323 16711.  18.7 31.9 2.682 1.    0.
  15 1988  324 16755.  18.7 31.9 2.672 1.    0.
  15 1988  325 16798.  18.6 31.9 2.662 1.    0.
  15 1988  326 16842.  18.6 31.9 2.653 1.    0.
  15 1988  327 16886.  18.5 31.9 2.643 1.    0.
  15 1988  328 16929.  18.4 31.9 2.633 1.    0.
  15 1988  329 16973.  18.4 32.0 2.623 1.    0.
  15 1988  330 17017.  18.3 32.0 2.614 1.    0.
  15 1988  331 17060.  18.2 32.0 2.604 1.    0.
  15 1988  332 17104.  18.2 32.0 2.594 1.    0.
  15 1988  333 17148.  18.1 32.0 2.584 1.    0.
  15 1988  334 17191.  18.1 32.0 2.575 1.    0.
  15 1988  335 17235.  18.0 32.0 2.565 1.    0.
  15 1988  336 17279.  17.9 32.0 2.555 1.    0.
  15 1988  337 17322.  17.9 32.0 2.546 1.    0.
  15 1988  338 17366.  17.8 32.0 2.536 1.    0.
  15 1988  339 17410.  17.7 32.0 2.526 1.    0.
  15 1988  340 17453.  17.7 32.0 2.516 1.    0.
  15 1988  341 17497.  17.6 32.1 2.507 1.    0.
  15 1988  342 17541.  17.6 32.1 2.497 1.    0.
  15 1988  343 17584.  17.5 32.1 2.487 1.    0.
  15 1988  344 17628.  17.4 32.1 2.477 1.    0.
  15 1988  345 17672.  17.4 32.1 2.468 1.    0.
  15 1988  346 17715.  17.3 32.1 2.458 1.    0.
  15 1988  347 17759.  17.2 32.1 2.448 1.    0.
  15 1988  348 17803.  17.2 32.1 2.438 1.    0.
  15 1988  349 17846.  17.1 32.1 2.429 1.    0.
  15 1988  350 17890.  17.1 32.1 2.419 1.    0.
  15 1988  351 17909.  17.0 32.2 2.405 1.    0.
  15 1988  352 17928.  17.0 32.3 2.391 1.    0.
  15 1988  353 17946.  17.0 32.3 2.378 1.    0.
  15 1988  354 17965.  17.0 32.4 2.364 1.    0.
  15 1988  355 17984.  16.9 32.4 2.350 1.    3.
  15 1988  356 18002.  16.9 32.5 2.336 1.    0.
  15 1988  357 18021.  16.9 32.6 2.323 1.    0.
  15 1988  358 18040.  16.8 32.6 2.309 1.    0.
  15 1988  359 18059.  16.8 32.7 2.295 1.    0.
  15 1988  360 18078.  16.8 32.7 2.281 1.    0.
  15 1988  361 18096.  16.8 32.8 2.267 1.    0.
  15 1988  362 18115.  16.7 32.9 2.254 1.    0.
  15 1988  363 18134.  16.7 32.9 2.240 1.    0.
  15 1988  364 18152.  16.7 33.0 2.226 1.    0.
  15 1988  365 18171.  16.7 33.0 2.212 1.    0.
  15 1988  366 18190.  16.6 33.1 2.199 1.    0.
