*---------------------------------------------------------*
*   Country: Cote d'Ivoire
*   Station: Dimbokro
*      Year: 1989
* Longitude: 004 42 W
*  Latitude: 06 39 N
* Elevation: 92 m.
*  WMO-code: 65.5280
*  Comments: Automatically generated file from *.WOF file
*            with REGENSIM.FOR ver. aug 96
*
*  Columns:
*  ========
*  station number
*  year
*  day
*  irradiation (kJ m-2 d-1)
*  minimum temperature (degrees Celsius)
*  maximum temperature (degrees Celsius)
*  vapour pressure (kPa)
*  mean wind speed (m s-1)
*  precipitation (mm month-1)
*---------------------------------------------------------*
  -4.70    6.65   92.00     .00     .00
  16 1989    1 17210.  19.6 32.5 2.395 1.    0.
  16 1989    2 17266.  19.5 32.6 2.371 1.    0.
  16 1989    3 17321.  19.4 32.7 2.346 1.    0.
  16 1989    4 17377.  19.3 32.8 2.322 1.    0.
  16 1989    5 17433.  19.2 32.8 2.297 1.    0.
  16 1989    6 17489.  19.1 32.9 2.272 1.    0.
  16 1989    7 17544.  19.0 33.0 2.248 1.    0.
  16 1989    8 17600.  18.9 33.1 2.223 1.    0.
  16 1989    9 17656.  18.9 33.1 2.199 1.    0.
  16 1989   10 17711.  18.8 33.2 2.174 0.    0.
  16 1989   11 17767.  18.7 33.3 2.149 0.    0.
  16 1989   12 17823.  18.6 33.4 2.125 0.    0.
  16 1989   13 17879.  18.5 33.4 2.100 0.    0.
  16 1989   14 17934.  18.4 33.5 2.076 0.    0.
  16 1989   15 17990.  18.3 33.6 2.051 0.    0.
  16 1989   16 17874.  18.4 33.7 2.059 0.    0.
  16 1989   17 17759.  18.5 33.8 2.068 0.    0.
  16 1989   18 17643.  18.6 33.8 2.076 0.    0.
  16 1989   19 17527.  18.7 33.9 2.085 0.    0.
  16 1989   20 17412.  18.8 34.0 2.093 0.    0.
  16 1989   21 17296.  19.0 34.1 2.102 0.    0.
  16 1989   22 17180.  19.1 34.2 2.110 0.    0.
  16 1989   23 17065.  19.2 34.2 2.118 0.    0.
  16 1989   24 16949.  19.3 34.3 2.127 0.    0.
  16 1989   25 16833.  19.4 34.4 2.135 0.    0.
  16 1989   26 16718.  19.5 34.5 2.144 0.    0.
  16 1989   27 16602.  19.6 34.6 2.152 0.    0.
  16 1989   28 16486.  19.7 34.6 2.161 0.    0.
  16 1989   29 16371.  19.8 34.7 2.169 0.    0.
  16 1989   30 16255.  19.9 34.8 2.178 0.    0.
  16 1989   31 16139.  20.0 34.9 2.186 0.    0.
  16 1989   32 16024.  20.2 35.0 2.194 0.    0.
  16 1989   33 15908.  20.3 35.0 2.203 0.    0.
  16 1989   34 15792.  20.4 35.1 2.211 0.    0.
  16 1989   35 15677.  20.5 35.2 2.220 0.    0.
  16 1989   36 15561.  20.6 35.3 2.228 0.    0.
  16 1989   37 15445.  20.7 35.4 2.237 0.    0.
  16 1989   38 15330.  20.8 35.4 2.245 0.    0.
  16 1989   39 15214.  20.9 35.5 2.253 0.    0.
  16 1989   40 15098.  21.0 35.6 2.262 0.    0.
  16 1989   41 14983.  21.1 35.7 2.270 0.    0.
  16 1989   42 14867.  21.2 35.8 2.279 0.    0.
  16 1989   43 14751.  21.4 35.8 2.287 0.    0.
  16 1989   44 14636.  21.5 35.9 2.296 0.    0.
  16 1989   45 14520.  21.6 36.0 2.304 0.    0.
  16 1989   46 14678.  21.6 36.0 2.319 0.    0.
  16 1989   47 14837.  21.6 35.9 2.335 0.    0.
  16 1989   48 14995.  21.7 35.9 2.350 0.    0.
  16 1989   49 15153.  21.7 35.8 2.366 0.    0.
  16 1989   50 15311.  21.7 35.8 2.381 0.    0.
  16 1989   51 15470.  21.8 35.7 2.396 0.    0.
  16 1989   52 15628.  21.8 35.7 2.412 0.    0.
  16 1989   53 15786.  21.8 35.6 2.427 0.    0.
  16 1989   54 15944.  21.9 35.6 2.442 0.    0.
  16 1989   55 16103.  21.9 35.5 2.458 0.    0.
  16 1989   56 16261.  21.9 35.5 2.473 0.    0.
  16 1989   57 16419.  22.0 35.4 2.489 0.    0.
  16 1989   58 16578.  22.0 35.4 2.504 0.    0.
  16 1989   59 16736.  22.0 35.3 2.519 0.    0.
  16 1989   60 16894.  22.1 35.3 2.535 0.    0.
  16 1989   61 17052.  22.1 35.2 2.550 0.    0.
  16 1989   62 17211.  22.1 35.2 2.565 0.    1.
  16 1989   63 17369.  22.2 35.1 2.581 0.   13.
  16 1989   64 17527.  22.2 35.1 2.596 0.    8.
  16 1989   65 17686.  22.2 35.1 2.612 0.    0.
  16 1989   66 17844.  22.3 35.0 2.627 0.   22.
  16 1989   67 18002.  22.3 35.0 2.642 0.    0.
  16 1989   68 18160.  22.3 34.9 2.658 0.    0.
  16 1989   69 18319.  22.4 34.9 2.673 0.   22.
  16 1989   70 18477.  22.4 34.8 2.688 0.    0.
  16 1989   71 18635.  22.4 34.8 2.704 0.    0.
  16 1989   72 18793.  22.5 34.7 2.719 0.    0.
  16 1989   73 18952.  22.5 34.7 2.735 0.    0.
  16 1989   74 19110.  22.5 34.6 2.750 0.    0.
  16 1989   75 19157.  22.5 34.6 2.753 0.    8.
  16 1989   76 19205.  22.5 34.6 2.756 0.    0.
  16 1989   77 19252.  22.5 34.6 2.758 0.    8.
  16 1989   78 19300.  22.5 34.6 2.761 0.    0.
  16 1989   79 19347.  22.5 34.7 2.764 0.    0.
  16 1989   80 19395.  22.5 34.7 2.767 0.    0.
  16 1989   81 19442.  22.5 34.7 2.769 0.    0.
  16 1989   82 19489.  22.5 34.7 2.772 0.    0.
  16 1989   83 19537.  22.5 34.7 2.775 0.    0.
  16 1989   84 19584.  22.5 34.7 2.778 0.    0.
  16 1989   85 19632.  22.5 34.7 2.781 0.    0.
  16 1989   86 19679.  22.5 34.7 2.783 0.    0.
  16 1989   87 19726.  22.5 34.7 2.786 0.    0.
  16 1989   88 19774.  22.5 34.7 2.789 0.    0.
  16 1989   89 19821.  22.5 34.7 2.792 0.   29.
  16 1989   90 19869.  22.5 34.7 2.794 0.    0.
  16 1989   91 19916.  22.5 34.7 2.797 0.    0.
  16 1989   92 19964.  22.5 34.7 2.800 0.    0.
  16 1989   93 20011.  22.5 34.7 2.803 0.    0.
  16 1989   94 20058.  22.5 34.7 2.805 0.    0.
  16 1989   95 20106.  22.5 34.7 2.808 0.    0.
  16 1989   96 20153.  22.5 34.7 2.811 0.   20.
  16 1989   97 20201.  22.5 34.7 2.814 0.    0.
  16 1989   98 20248.  22.5 34.7 2.817 0.    1.
  16 1989   99 20295.  22.4 34.7 2.819 0.    0.
  16 1989  100 20343.  22.4 34.7 2.822 0.    9.
  16 1989  101 20390.  22.4 34.8 2.825 0.    0.
  16 1989  102 20438.  22.4 34.8 2.828 0.    0.
  16 1989  103 20485.  22.4 34.8 2.830 0.    0.
  16 1989  104 20533.  22.4 34.8 2.833 0.   51.
  16 1989  105 20580.  22.4 34.8 2.836 0.    0.
  16 1989  106 20577.  22.4 34.7 2.837 0.    0.
  16 1989  107 20574.  22.4 34.7 2.838 0.    0.
  16 1989  108 20571.  22.4 34.6 2.839 0.    0.
  16 1989  109 20568.  22.4 34.6 2.840 0.    2.
  16 1989  110 20565.  22.4 34.6 2.841 0.    0.
  16 1989  111 20562.  22.4 34.5 2.842 0.   37.
  16 1989  112 20559.  22.4 34.5 2.843 0.    0.
  16 1989  113 20556.  22.4 34.4 2.844 0.    0.
  16 1989  114 20553.  22.3 34.4 2.845 0.    0.
  16 1989  115 20550.  22.3 34.3 2.846 0.    0.
  16 1989  116 20547.  22.3 34.3 2.847 0.    0.
  16 1989  117 20544.  22.3 34.3 2.848 0.    0.
  16 1989  118 20541.  22.3 34.2 2.849 0.    0.
  16 1989  119 20538.  22.3 34.2 2.850 0.    1.
  16 1989  120 20535.  22.3 34.1 2.851 0.    9.
  16 1989  121 20532.  22.3 34.1 2.851 0.    0.
  16 1989  122 20529.  22.3 34.0 2.852 0.    0.
  16 1989  123 20526.  22.3 34.0 2.853 0.    0.
  16 1989  124 20523.  22.2 33.9 2.854 0.    0.
  16 1989  125 20520.  22.2 33.9 2.855 0.    0.
  16 1989  126 20517.  22.2 33.9 2.856 0.   18.
  16 1989  127 20514.  22.2 33.8 2.857 0.    0.
  16 1989  128 20511.  22.2 33.8 2.858 0.    0.
  16 1989  129 20508.  22.2 33.7 2.859 0.    0.
  16 1989  130 20505.  22.2 33.7 2.860 0.    0.
  16 1989  131 20502.  22.2 33.6 2.861 0.    0.
  16 1989  132 20499.  22.2 33.6 2.862 0.    6.
  16 1989  133 20496.  22.1 33.6 2.863 0.    0.
  16 1989  134 20493.  22.1 33.5 2.864 0.    0.
  16 1989  135 20490.  22.1 33.5 2.865 0.    0.
  16 1989  136 20348.  22.1 33.4 2.863 0.   19.
  16 1989  137 20206.  22.1 33.3 2.861 0.    0.
  16 1989  138 20064.  22.1 33.3 2.858 0.    0.
  16 1989  139 19922.  22.1 33.2 2.856 0.    1.
  16 1989  140 19780.  22.0 33.1 2.854 0.    0.
  16 1989  141 19638.  22.0 33.1 2.852 0.    0.
  16 1989  142 19496.  22.0 33.0 2.849 0.   10.
  16 1989  143 19355.  22.0 32.9 2.847 0.    0.
  16 1989  144 19213.  22.0 32.9 2.845 0.    0.
  16 1989  145 19071.  21.9 32.8 2.843 0.    1.
  16 1989  146 18929.  21.9 32.7 2.841 0.    0.
  16 1989  147 18787.  21.9 32.7 2.838 0.    4.
  16 1989  148 18645.  21.9 32.6 2.836 0.    0.
  16 1989  149 18503.  21.9 32.5 2.834 0.    0.
  16 1989  150 18361.  21.9 32.5 2.832 0.    0.
  16 1989  151 18219.  21.8 32.4 2.829 0.    0.
  16 1989  152 18077.  21.8 32.3 2.827 0.    0.
  16 1989  153 17935.  21.8 32.3 2.825 0.    1.
  16 1989  154 17793.  21.8 32.2 2.823 0.   10.
  16 1989  155 17651.  21.8 32.1 2.820 0.    4.
  16 1989  156 17509.  21.8 32.1 2.818 0.   34.
  16 1989  157 17367.  21.7 32.0 2.816 0.    0.
  16 1989  158 17225.  21.7 31.9 2.814 0.    0.
  16 1989  159 17084.  21.7 31.9 2.812 0.    1.
  16 1989  160 16942.  21.7 31.8 2.809 0.    0.
  16 1989  161 16800.  21.7 31.7 2.807 0.    4.
  16 1989  162 16658.  21.6 31.7 2.805 0.    0.
  16 1989  163 16516.  21.6 31.6 2.803 0.    0.
  16 1989  164 16374.  21.6 31.5 2.800 0.    0.
  16 1989  165 16232.  21.6 31.5 2.798 0.    0.
  16 1989  166 16090.  21.6 31.4 2.796 0.    1.
  16 1989  167 16063.  21.6 31.4 2.795 0.    7.
  16 1989  168 16035.  21.6 31.4 2.794 0.   27.
  16 1989  169 16008.  21.6 31.3 2.793 0.   21.
  16 1989  170 15981.  21.6 31.3 2.793 0.    0.
  16 1989  171 15953.  21.7 31.3 2.792 0.   14.
  16 1989  172 15926.  21.7 31.3 2.791 0.    5.
  16 1989  173 15899.  21.7 31.2 2.790 0.   19.
  16 1989  174 15871.  21.7 31.2 2.789 0.    0.
  16 1989  175 15844.  21.7 31.2 2.788 0.   61.
  16 1989  176 15817.  21.7 31.2 2.788 0.    0.
  16 1989  177 15789.  21.8 31.1 2.787 0.    6.
  16 1989  178 15762.  21.8 31.1 2.786 0.    0.
  16 1989  179 15735.  21.8 31.1 2.785 0.    0.
  16 1989  180 15707.  21.8 31.1 2.784 0.    1.
  16 1989  181 15680.  21.8 31.0 2.783 0.   11.
  16 1989  182 15653.  21.8 31.0 2.783 0.    0.
  16 1989  183 15625.  21.9 31.0 2.782 0.    0.
  16 1989  184 15598.  21.9 31.0 2.781 0.    8.
  16 1989  185 15571.  21.9 30.9 2.780 0.    0.
  16 1989  186 15543.  21.9 30.9 2.779 0.    0.
  16 1989  187 15516.  21.9 30.9 2.779 0.    0.
  16 1989  188 15489.  21.9 30.9 2.778 0.    0.
  16 1989  189 15461.  22.0 30.8 2.777 0.    0.
  16 1989  190 15434.  22.0 30.8 2.776 0.    2.
  16 1989  191 15407.  22.0 30.8 2.775 0.    0.
  16 1989  192 15379.  22.0 30.8 2.774 0.    1.
  16 1989  193 15352.  22.0 30.7 2.773 0.    3.
  16 1989  194 15325.  22.0 30.7 2.773 0.   23.
  16 1989  195 15297.  22.1 30.7 2.772 0.    0.
  16 1989  196 15270.  22.1 30.7 2.771 0.    0.
  16 1989  197 15267.  22.1 30.7 2.770 0.    0.
  16 1989  198 15265.  22.1 30.6 2.769 0.    0.
  16 1989  199 15262.  22.1 30.6 2.769 0.   92.
  16 1989  200 15260.  22.1 30.6 2.768 0.    8.
  16 1989  201 15257.  22.1 30.6 2.767 0.   10.
  16 1989  202 15255.  22.1 30.6 2.766 0.    0.
  16 1989  203 15252.  22.1 30.6 2.766 0.    1.
  16 1989  204 15249.  22.1 30.5 2.765 0.    3.
  16 1989  205 15247.  22.1 30.5 2.764 0.    0.
  16 1989  206 15244.  22.1 30.5 2.763 0.    2.
  16 1989  207 15242.  22.1 30.5 2.762 0.    4.
  16 1989  208 15239.  22.1 30.5 2.762 0.    1.
  16 1989  209 15236.  22.1 30.5 2.761 0.    8.
  16 1989  210 15234.  22.1 30.5 2.760 0.    3.
  16 1989  211 15231.  22.1 30.4 2.759 0.    0.
  16 1989  212 15229.  22.1 30.4 2.759 0.    0.
  16 1989  213 15226.  22.1 30.4 2.758 0.    1.
  16 1989  214 15224.  22.1 30.4 2.757 0.    1.
  16 1989  215 15221.  22.1 30.4 2.756 0.    1.
  16 1989  216 15218.  22.1 30.4 2.756 0.    0.
  16 1989  217 15216.  22.1 30.4 2.755 0.    1.
  16 1989  218 15213.  22.1 30.3 2.754 0.    0.
  16 1989  219 15211.  22.1 30.3 2.753 0.    0.
  16 1989  220 15208.  22.1 30.3 2.752 0.    0.
  16 1989  221 15205.  22.1 30.3 2.752 0.    0.
  16 1989  222 15203.  22.1 30.3 2.751 0.    2.
  16 1989  223 15200.  22.1 30.3 2.750 0.    2.
  16 1989  224 15198.  22.1 30.2 2.749 0.    0.
  16 1989  225 15195.  22.1 30.2 2.749 0.    1.
  16 1989  226 15193.  22.1 30.2 2.748 0.    0.
  16 1989  227 15190.  22.1 30.2 2.747 0.    3.
  16 1989  228 15207.  22.1 30.2 2.746 0.    5.
  16 1989  229 15225.  22.1 30.2 2.744 0.    0.
  16 1989  230 15242.  22.1 30.2 2.743 0.    3.
  16 1989  231 15260.  22.0 30.1 2.741 0.   11.
  16 1989  232 15277.  22.0 30.1 2.740 0.    3.
  16 1989  233 15295.  22.0 30.1 2.738 0.    0.
  16 1989  234 15312.  22.0 30.1 2.737 0.   15.
  16 1989  235 15329.  22.0 30.1 2.735 0.    8.
  16 1989  236 15347.  22.0 30.1 2.734 0.    0.
  16 1989  237 15364.  22.0 30.1 2.732 0.    2.
  16 1989  238 15382.  22.0 30.1 2.731 0.    3.
  16 1989  239 15399.  21.9 30.0 2.729 0.    0.
  16 1989  240 15416.  21.9 30.0 2.728 0.    0.
  16 1989  241 15434.  21.9 30.0 2.726 0.    3.
  16 1989  242 15451.  21.9 30.0 2.725 0.    0.
  16 1989  243 15469.  21.9 30.0 2.723 0.    0.
  16 1989  244 15486.  21.9 30.0 2.722 0.    0.
  16 1989  245 15504.  21.9 30.0 2.720 0.    7.
  16 1989  246 15521.  21.9 30.0 2.719 0.   13.
  16 1989  247 15538.  21.8 29.9 2.717 0.    0.
  16 1989  248 15556.  21.8 29.9 2.716 0.    0.
  16 1989  249 15573.  21.8 29.9 2.714 0.    4.
  16 1989  250 15591.  21.8 29.9 2.713 0.   12.
  16 1989  251 15608.  21.8 29.9 2.711 0.    1.
  16 1989  252 15625.  21.8 29.9 2.710 0.    6.
  16 1989  253 15643.  21.8 29.9 2.708 0.   40.
  16 1989  254 15660.  21.8 29.9 2.707 0.    1.
  16 1989  255 15678.  21.7 29.8 2.705 0.    5.
  16 1989  256 15695.  21.7 29.8 2.704 0.    7.
  16 1989  257 15713.  21.7 29.8 2.702 0.    5.
  16 1989  258 15730.  21.7 29.8 2.701 0.   18.
  16 1989  259 15779.  21.7 29.8 2.706 0.    0.
  16 1989  260 15828.  21.7 29.9 2.710 0.    0.
  16 1989  261 15877.  21.8 29.9 2.715 0.    6.
  16 1989  262 15926.  21.8 30.0 2.719 0.   10.
  16 1989  263 15975.  21.8 30.0 2.724 0.    0.
  16 1989  264 16024.  21.8 30.1 2.728 0.   26.
  16 1989  265 16073.  21.8 30.1 2.733 0.    0.
  16 1989  266 16122.  21.9 30.2 2.737 0.    5.
  16 1989  267 16171.  21.9 30.2 2.742 0.    0.
  16 1989  268 16220.  21.9 30.3 2.746 0.    0.
  16 1989  269 16269.  21.9 30.3 2.751 0.    0.
  16 1989  270 16318.  21.9 30.4 2.755 0.    0.
  16 1989  271 16367.  21.9 30.4 2.760 0.    6.
  16 1989  272 16416.  22.0 30.5 2.764 0.    0.
  16 1989  273 16465.  22.0 30.5 2.769 0.    0.
  16 1989  274 16514.  22.0 30.6 2.773 0.   11.
  16 1989  275 16563.  22.0 30.6 2.777 0.    0.
  16 1989  276 16612.  22.0 30.7 2.782 0.   20.
  16 1989  277 16661.  22.1 30.7 2.786 0.   24.
  16 1989  278 16710.  22.1 30.8 2.791 0.   10.
  16 1989  279 16759.  22.1 30.8 2.796 0.   24.
  16 1989  280 16808.  22.1 30.9 2.800 0.    0.
  16 1989  281 16857.  22.1 30.9 2.805 0.    0.
  16 1989  282 16906.  22.2 31.0 2.809 0.    0.
  16 1989  283 16955.  22.2 31.0 2.814 0.    0.
  16 1989  284 17004.  22.2 31.1 2.818 0.    0.
  16 1989  285 17053.  22.2 31.1 2.822 0.    0.
  16 1989  286 17102.  22.2 31.2 2.827 0.    0.
  16 1989  287 17151.  22.3 31.2 2.832 0.    0.
  16 1989  288 17200.  22.3 31.3 2.836 0.   10.
  16 1989  289 17234.  22.3 31.3 2.841 0.    0.
  16 1989  290 17268.  22.3 31.4 2.846 0.   39.
  16 1989  291 17303.  22.3 31.4 2.851 0.    0.
  16 1989  292 17337.  22.4 31.5 2.855 0.   53.
  16 1989  293 17371.  22.4 31.5 2.860 0.    0.
  16 1989  294 17405.  22.4 31.6 2.865 0.    0.
  16 1989  295 17439.  22.4 31.6 2.870 0.    0.
  16 1989  296 17474.  22.4 31.6 2.875 0.   22.
  16 1989  297 17508.  22.5 31.7 2.880 0.    0.
  16 1989  298 17542.  22.5 31.7 2.884 0.    0.
  16 1989  299 17576.  22.5 31.8 2.889 0.    0.
  16 1989  300 17610.  22.5 31.8 2.894 0.    0.
  16 1989  301 17645.  22.5 31.9 2.899 0.    0.
  16 1989  302 17679.  22.6 31.9 2.904 0.    1.
  16 1989  303 17713.  22.6 32.0 2.909 0.    0.
  16 1989  304 17747.  22.6 32.0 2.913 0.    0.
  16 1989  305 17781.  22.6 32.1 2.918 0.    0.
  16 1989  306 17815.  22.6 32.1 2.923 0.    5.
  16 1989  307 17850.  22.7 32.2 2.928 0.    0.
  16 1989  308 17884.  22.7 32.2 2.933 0.    0.
  16 1989  309 17918.  22.7 32.3 2.938 0.    0.
  16 1989  310 17952.  22.7 32.3 2.942 0.   21.
  16 1989  311 17986.  22.7 32.4 2.947 0.    0.
  16 1989  312 18021.  22.8 32.4 2.952 0.    0.
  16 1989  313 18055.  22.8 32.4 2.957 0.    0.
  16 1989  314 18089.  22.8 32.5 2.962 0.    0.
  16 1989  315 18123.  22.8 32.5 2.967 0.    0.
  16 1989  316 18157.  22.8 32.6 2.971 0.    0.
  16 1989  317 18192.  22.9 32.6 2.976 0.    0.
  16 1989  318 18226.  22.9 32.7 2.981 0.    0.
  16 1989  319 18260.  22.9 32.7 2.986 0.    3.
  16 1989  320 18199.  22.8 32.7 2.978 0.    0.
  16 1989  321 18138.  22.8 32.6 2.970 0.    0.
  16 1989  322 18077.  22.7 32.6 2.961 0.    0.
  16 1989  323 18016.  22.6 32.6 2.953 0.    0.
  16 1989  324 17955.  22.6 32.5 2.945 0.    0.
  16 1989  325 17894.  22.5 32.5 2.937 1.    0.
  16 1989  326 17833.  22.4 32.4 2.929 1.    0.
  16 1989  327 17772.  22.4 32.4 2.920 1.    0.
  16 1989  328 17711.  22.3 32.4 2.912 1.    8.
  16 1989  329 17650.  22.2 32.3 2.904 1.    0.
  16 1989  330 17589.  22.2 32.3 2.896 1.    0.
  16 1989  331 17528.  22.1 32.2 2.888 1.    0.
  16 1989  332 17467.  22.0 32.2 2.879 1.    6.
  16 1989  333 17406.  22.0 32.2 2.871 1.    0.
  16 1989  334 17345.  21.9 32.1 2.863 1.    0.
  16 1989  335 17284.  21.8 32.1 2.855 1.    0.
  16 1989  336 17223.  21.7 32.0 2.847 2.    0.
  16 1989  337 17162.  21.7 32.0 2.838 2.    0.
  16 1989  338 17101.  21.6 32.0 2.830 2.    0.
  16 1989  339 17040.  21.5 31.9 2.822 2.    0.
  16 1989  340 16979.  21.5 31.9 2.814 2.    0.
  16 1989  341 16918.  21.4 31.8 2.806 2.    0.
  16 1989  342 16857.  21.3 31.8 2.797 2.    0.
  16 1989  343 16796.  21.3 31.7 2.789 2.    0.
  16 1989  344 16735.  21.2 31.7 2.781 2.    0.
  16 1989  345 16674.  21.1 31.7 2.773 2.    0.
  16 1989  346 16613.  21.1 31.6 2.765 2.    0.
  16 1989  347 16552.  21.0 31.6 2.756 2.    0.
  16 1989  348 16491.  20.9 31.5 2.748 3.    0.
  16 1989  349 16430.  20.9 31.5 2.740 3.    0.
  16 1989  350 16479.  20.8 31.6 2.718 3.    0.
  16 1989  351 16528.  20.7 31.6 2.697 3.    0.
  16 1989  352 16576.  20.6 31.7 2.675 2.    0.
  16 1989  353 16625.  20.5 31.8 2.654 2.    0.
  16 1989  354 16674.  20.5 31.8 2.632 2.    0.
  16 1989  355 16723.  20.4 31.9 2.611 2.    0.
  16 1989  356 16771.  20.3 32.0 2.589 2.    0.
  16 1989  357 16820.  20.2 32.0 2.568 2.    0.
  16 1989  358 16869.  20.1 32.1 2.546 2.    0.
  16 1989  359 16918.  20.1 32.2 2.525 2.    0.
  16 1989  360 16966.  20.0 32.2 2.503 2.    0.
  16 1989  361 17015.  19.9 32.3 2.482 2.    0.
  16 1989  362 17064.  19.8 32.4 2.460 2.    0.
  16 1989  363 17113.  19.7 32.4 2.439 2.    7.
  16 1989  364 17161.  19.7 32.5 2.417 1.    0.
  16 1989  365 17210.  19.6 32.5 2.395 1.    0.
