*---------------------------------------------------------*
*   Country: Cote d'Ivoire
*   Station: Dimbokro
*      Year: 1994
* Longitude: 004 42 W
*  Latitude: 06 39 N
* Elevation: 92 m.
*  WMO-code: 65.5280
*  Comments: Automatically generated file from *.WOF file
*            with REGENSIM.FOR ver. aug 96
*
*  Columns:
*  ========
*  station number
*  year
*  day
*  irradiation (kJ m-2 d-1)
*  minimum temperature (degrees Celsius)
*  maximum temperature (degrees Celsius)
*  vapour pressure (kPa)
*  mean wind speed (m s-1)
*  precipitation (mm month-1)
*---------------------------------------------------------*
  -4.70    6.65   92.00     .00     .00
  16 1994    1 17705.  19.6 33.2 2.395 1.    0.
  16 1994    2 17717.  19.6 33.2 2.390 0.    0.
  16 1994    3 17729.  19.7 33.3 2.385 0.    0.
  16 1994    4 17740.  19.8 33.3 2.380 0.    0.
  16 1994    5 17752.  19.8 33.3 2.375 0.    0.
  16 1994    6 17764.  19.9 33.4 2.370 0.    0.
  16 1994    7 17776.  20.0 33.4 2.364 0.   21.
  16 1994    8 17788.  20.0 33.4 2.359 0.    0.
  16 1994    9 17799.  20.1 33.5 2.354 0.    0.
  16 1994   10 17811.  20.2 33.5 2.349 0.    0.
  16 1994   11 17823.  20.2 33.6 2.344 0.    0.
  16 1994   12 17835.  20.3 33.6 2.339 0.    0.
  16 1994   13 17846.  20.4 33.6 2.333 0.    0.
  16 1994   14 17858.  20.4 33.7 2.328 0.    0.
  16 1994   15 17870.  20.5 33.7 2.323 0.    0.
  16 1994   16 17841.  20.6 33.7 2.322 0.    0.
  16 1994   17 17812.  20.6 33.8 2.321 0.    0.
  16 1994   18 17783.  20.7 33.8 2.320 0.    0.
  16 1994   19 17754.  20.8 33.9 2.319 1.    0.
  16 1994   20 17725.  20.9 33.9 2.318 1.    0.
  16 1994   21 17696.  20.9 34.0 2.317 1.    0.
  16 1994   22 17667.  21.0 34.0 2.316 1.    0.
  16 1994   23 17638.  21.1 34.1 2.315 1.    0.
  16 1994   24 17609.  21.2 34.1 2.314 1.    0.
  16 1994   25 17580.  21.2 34.2 2.313 1.    0.
  16 1994   26 17551.  21.3 34.2 2.312 1.    0.
  16 1994   27 17522.  21.4 34.3 2.311 1.    0.
  16 1994   28 17493.  21.5 34.3 2.310 1.    0.
  16 1994   29 17464.  21.5 34.4 2.309 1.    0.
  16 1994   30 17435.  21.6 34.4 2.308 1.    0.
  16 1994   31 17406.  21.7 34.5 2.307 1.    0.
  16 1994   32 17377.  21.8 34.5 2.306 1.    0.
  16 1994   33 17348.  21.8 34.6 2.305 1.    0.
  16 1994   34 17319.  21.9 34.6 2.304 1.    0.
  16 1994   35 17290.  22.0 34.7 2.303 1.   11.
  16 1994   36 17261.  22.1 34.7 2.302 1.    0.
  16 1994   37 17232.  22.1 34.8 2.301 1.    0.
  16 1994   38 17203.  22.2 34.8 2.300 1.    0.
  16 1994   39 17174.  22.3 34.9 2.299 1.    0.
  16 1994   40 17145.  22.4 34.9 2.298 1.    0.
  16 1994   41 17116.  22.4 35.0 2.297 1.    0.
  16 1994   42 17087.  22.5 35.0 2.296 2.    0.
  16 1994   43 17058.  22.6 35.1 2.295 2.    0.
  16 1994   44 17029.  22.7 35.1 2.294 2.    0.
  16 1994   45 17000.  22.7 35.2 2.293 2.    0.
  16 1994   46 17111.  22.7 35.2 2.311 2.    0.
  16 1994   47 17221.  22.8 35.2 2.328 2.    0.
  16 1994   48 17332.  22.8 35.3 2.346 2.    0.
  16 1994   49 17443.  22.8 35.3 2.363 2.    0.
  16 1994   50 17553.  22.8 35.3 2.381 2.    0.
  16 1994   51 17664.  22.8 35.4 2.399 2.    1.
  16 1994   52 17775.  22.8 35.4 2.416 2.    0.
  16 1994   53 17886.  22.8 35.4 2.434 2.    0.
  16 1994   54 17996.  22.8 35.5 2.452 2.    0.
  16 1994   55 18107.  22.8 35.5 2.469 2.    0.
  16 1994   56 18218.  22.8 35.5 2.487 2.    7.
  16 1994   57 18328.  22.9 35.6 2.504 2.    0.
  16 1994   58 18439.  22.9 35.6 2.522 2.    0.
  16 1994   59 18550.  22.9 35.6 2.540 2.    0.
  16 1994   60 18660.  22.9 35.7 2.557 2.    0.
  16 1994   61 18771.  22.9 35.7 2.575 2.    0.
  16 1994   62 18882.  22.9 35.7 2.593 2.    0.
  16 1994   63 18992.  22.9 35.7 2.610 2.    0.
  16 1994   64 19103.  22.9 35.8 2.628 2.    0.
  16 1994   65 19214.  22.9 35.8 2.645 2.    0.
  16 1994   66 19324.  22.9 35.8 2.663 2.    3.
  16 1994   67 19435.  23.0 35.9 2.681 2.   24.
  16 1994   68 19546.  23.0 35.9 2.698 2.    0.
  16 1994   69 19657.  23.0 35.9 2.716 2.    0.
  16 1994   70 19767.  23.0 36.0 2.734 2.    0.
  16 1994   71 19878.  23.0 36.0 2.751 2.    0.
  16 1994   72 19989.  23.0 36.0 2.769 2.    0.
  16 1994   73 20099.  23.0 36.1 2.786 2.    0.
  16 1994   74 20210.  23.0 36.1 2.804 2.   33.
  16 1994   75 20201.  23.1 36.1 2.807 2.   25.
  16 1994   76 20193.  23.1 36.0 2.811 2.    0.
  16 1994   77 20184.  23.1 36.0 2.814 2.    2.
  16 1994   78 20175.  23.2 36.0 2.817 2.    0.
  16 1994   79 20166.  23.2 36.0 2.820 2.    0.
  16 1994   80 20158.  23.3 35.9 2.824 2.    1.
  16 1994   81 20149.  23.3 35.9 2.827 2.    0.
  16 1994   82 20140.  23.3 35.9 2.830 2.    6.
  16 1994   83 20132.  23.4 35.9 2.833 2.    8.
  16 1994   84 20123.  23.4 35.8 2.837 2.   12.
  16 1994   85 20114.  23.4 35.8 2.840 2.    3.
  16 1994   86 20105.  23.5 35.8 2.843 2.    0.
  16 1994   87 20097.  23.5 35.8 2.846 2.    0.
  16 1994   88 20088.  23.5 35.7 2.850 2.    1.
  16 1994   89 20079.  23.6 35.7 2.853 2.    0.
  16 1994   90 20071.  23.6 35.7 2.856 2.    0.
  16 1994   91 20062.  23.7 35.7 2.859 2.    0.
  16 1994   92 20053.  23.7 35.6 2.863 2.    0.
  16 1994   93 20045.  23.7 35.6 2.866 2.    8.
  16 1994   94 20036.  23.8 35.6 2.869 2.    0.
  16 1994   95 20027.  23.8 35.6 2.872 2.    0.
  16 1994   96 20018.  23.8 35.5 2.876 2.    0.
  16 1994   97 20010.  23.9 35.5 2.879 2.    0.
  16 1994   98 20001.  23.9 35.5 2.882 2.    0.
  16 1994   99 19992.  23.9 35.5 2.885 2.    1.
  16 1994  100 19984.  24.0 35.4 2.889 2.    0.
  16 1994  101 19975.  24.0 35.4 2.892 2.   27.
  16 1994  102 19966.  24.1 35.4 2.895 2.    0.
  16 1994  103 19957.  24.1 35.4 2.898 2.    0.
  16 1994  104 19949.  24.1 35.3 2.902 2.    0.
  16 1994  105 19940.  24.2 35.3 2.905 2.    0.
  16 1994  106 19937.  24.1 35.3 2.905 2.    0.
  16 1994  107 19934.  24.1 35.2 2.906 2.    0.
  16 1994  108 19931.  24.1 35.2 2.906 2.    0.
  16 1994  109 19928.  24.1 35.2 2.906 2.    0.
  16 1994  110 19925.  24.1 35.1 2.907 2.    0.
  16 1994  111 19922.  24.0 35.1 2.907 2.    0.
  16 1994  112 19919.  24.0 35.1 2.907 2.    0.
  16 1994  113 19916.  24.0 35.0 2.908 2.    0.
  16 1994  114 19913.  24.0 35.0 2.908 2.    0.
  16 1994  115 19910.  23.9 35.0 2.908 2.    0.
  16 1994  116 19907.  23.9 34.9 2.909 2.    0.
  16 1994  117 19904.  23.9 34.9 2.909 2.    0.
  16 1994  118 19901.  23.9 34.9 2.909 2.    2.
  16 1994  119 19898.  23.9 34.8 2.910 2.   17.
  16 1994  120 19895.  23.8 34.8 2.910 2.    0.
  16 1994  121 19892.  23.8 34.8 2.910 2.    0.
  16 1994  122 19889.  23.8 34.8 2.911 2.    4.
  16 1994  123 19886.  23.8 34.7 2.911 2.    8.
  16 1994  124 19883.  23.7 34.7 2.911 2.    0.
  16 1994  125 19880.  23.7 34.7 2.912 2.    0.
  16 1994  126 19877.  23.7 34.6 2.912 2.   12.
  16 1994  127 19874.  23.7 34.6 2.912 2.    0.
  16 1994  128 19871.  23.7 34.6 2.913 2.    1.
  16 1994  129 19868.  23.6 34.5 2.913 2.    0.
  16 1994  130 19865.  23.6 34.5 2.913 2.    2.
  16 1994  131 19862.  23.6 34.5 2.914 2.    3.
  16 1994  132 19859.  23.6 34.4 2.914 2.    0.
  16 1994  133 19856.  23.5 34.4 2.914 2.    3.
  16 1994  134 19853.  23.5 34.4 2.915 2.    7.
  16 1994  135 19850.  23.5 34.3 2.915 2.    0.
  16 1994  136 19746.  23.5 34.3 2.912 2.   22.
  16 1994  137 19643.  23.5 34.2 2.910 2.   40.
  16 1994  138 19539.  23.4 34.2 2.907 2.    0.
  16 1994  139 19436.  23.4 34.1 2.905 2.    0.
  16 1994  140 19332.  23.4 34.1 2.902 2.    0.
  16 1994  141 19229.  23.4 34.0 2.899 2.   12.
  16 1994  142 19125.  23.3 33.9 2.897 2.   13.
  16 1994  143 19022.  23.3 33.9 2.894 2.    0.
  16 1994  144 18918.  23.3 33.8 2.891 2.    0.
  16 1994  145 18815.  23.3 33.8 2.889 2.    0.
  16 1994  146 18711.  23.3 33.7 2.886 2.    0.
  16 1994  147 18607.  23.2 33.7 2.884 2.   29.
  16 1994  148 18504.  23.2 33.6 2.881 2.    0.
  16 1994  149 18400.  23.2 33.6 2.878 2.    0.
  16 1994  150 18297.  23.2 33.5 2.876 2.    0.
  16 1994  151 18193.  23.2 33.5 2.873 2.    0.
  16 1994  152 18090.  23.1 33.4 2.871 2.    0.
  16 1994  153 17986.  23.1 33.3 2.868 2.    0.
  16 1994  154 17883.  23.1 33.3 2.865 2.   11.
  16 1994  155 17779.  23.1 33.2 2.863 2.    9.
  16 1994  156 17675.  23.0 33.2 2.860 2.    0.
  16 1994  157 17572.  23.0 33.1 2.858 2.    0.
  16 1994  158 17468.  23.0 33.1 2.855 2.   15.
  16 1994  159 17365.  23.0 33.0 2.852 2.    0.
  16 1994  160 17261.  23.0 33.0 2.850 2.    0.
  16 1994  161 17158.  22.9 32.9 2.847 2.   13.
  16 1994  162 17054.  22.9 32.8 2.844 2.    0.
  16 1994  163 16951.  22.9 32.8 2.842 2.    1.
  16 1994  164 16847.  22.9 32.7 2.839 2.    0.
  16 1994  165 16744.  22.9 32.7 2.837 2.    0.
  16 1994  166 16640.  22.8 32.6 2.834 2.    0.
  16 1994  167 16552.  22.8 32.6 2.829 2.    2.
  16 1994  168 16465.  22.8 32.5 2.824 2.    0.
  16 1994  169 16377.  22.8 32.4 2.818 2.   18.
  16 1994  170 16289.  22.7 32.4 2.813 2.    2.
  16 1994  171 16202.  22.7 32.3 2.808 2.    0.
  16 1994  172 16114.  22.7 32.2 2.803 2.    0.
  16 1994  173 16026.  22.6 32.2 2.798 2.   30.
  16 1994  174 15939.  22.6 32.1 2.792 2.    0.
  16 1994  175 15851.  22.6 32.0 2.787 2.    0.
  16 1994  176 15763.  22.6 32.0 2.782 2.    0.
  16 1994  177 15676.  22.5 31.9 2.777 2.    9.
  16 1994  178 15588.  22.5 31.8 2.772 2.    0.
  16 1994  179 15500.  22.5 31.8 2.766 2.    0.
  16 1994  180 15413.  22.5 31.7 2.761 2.    0.
  16 1994  181 15325.  22.4 31.6 2.756 2.    0.
  16 1994  182 15237.  22.4 31.6 2.751 2.    0.
  16 1994  183 15150.  22.4 31.5 2.746 2.    4.
  16 1994  184 15062.  22.4 31.4 2.740 2.   13.
  16 1994  185 14974.  22.3 31.4 2.735 2.    0.
  16 1994  186 14887.  22.3 31.3 2.730 2.    0.
  16 1994  187 14799.  22.3 31.2 2.725 2.    0.
  16 1994  188 14711.  22.2 31.2 2.720 2.    0.
  16 1994  189 14624.  22.2 31.1 2.714 2.    0.
  16 1994  190 14536.  22.2 31.0 2.709 2.    1.
  16 1994  191 14448.  22.2 31.0 2.704 2.    0.
  16 1994  192 14361.  22.1 30.9 2.699 2.    0.
  16 1994  193 14273.  22.1 30.8 2.694 2.    0.
  16 1994  194 14185.  22.1 30.8 2.688 2.    0.
  16 1994  195 14098.  22.1 30.7 2.683 2.    0.
  16 1994  196 14010.  22.0 30.6 2.678 2.    0.
  16 1994  197 14011.  22.1 30.6 2.683 2.    1.
  16 1994  198 14011.  22.1 30.6 2.688 2.    0.
  16 1994  199 14012.  22.1 30.6 2.693 2.    0.
  16 1994  200 14013.  22.2 30.6 2.699 2.    0.
  16 1994  201 14013.  22.2 30.6 2.704 2.    0.
  16 1994  202 14014.  22.2 30.6 2.709 2.   15.
  16 1994  203 14015.  22.3 30.6 2.714 2.    0.
  16 1994  204 14015.  22.3 30.6 2.719 2.    2.
  16 1994  205 14016.  22.3 30.6 2.724 2.    0.
  16 1994  206 14016.  22.4 30.6 2.730 2.    0.
  16 1994  207 14017.  22.4 30.5 2.735 2.    0.
  16 1994  208 14018.  22.4 30.5 2.740 2.    0.
  16 1994  209 14018.  22.4 30.5 2.745 2.    1.
  16 1994  210 14019.  22.5 30.5 2.750 2.    0.
  16 1994  211 14020.  22.5 30.5 2.755 2.    4.
  16 1994  212 14020.  22.5 30.5 2.761 2.    0.
  16 1994  213 14021.  22.6 30.5 2.766 2.    1.
  16 1994  214 14022.  22.6 30.5 2.771 2.    6.
  16 1994  215 14022.  22.6 30.5 2.776 2.    0.
  16 1994  216 14023.  22.7 30.5 2.781 2.    0.
  16 1994  217 14024.  22.7 30.5 2.786 2.    0.
  16 1994  218 14024.  22.7 30.5 2.792 2.    0.
  16 1994  219 14025.  22.8 30.5 2.797 2.    0.
  16 1994  220 14025.  22.8 30.5 2.802 2.    0.
  16 1994  221 14026.  22.8 30.4 2.807 2.    0.
  16 1994  222 14027.  22.9 30.4 2.812 2.    0.
  16 1994  223 14027.  22.9 30.4 2.817 2.   18.
  16 1994  224 14028.  22.9 30.4 2.823 2.    0.
  16 1994  225 14029.  23.0 30.4 2.828 2.    1.
  16 1994  226 14029.  23.0 30.4 2.833 2.    2.
  16 1994  227 14030.  23.0 30.4 2.838 2.    4.
  16 1994  228 14052.  23.0 30.4 2.837 2.    2.
  16 1994  229 14075.  23.0 30.4 2.836 2.    1.
  16 1994  230 14097.  23.0 30.5 2.836 2.    3.
  16 1994  231 14119.  23.0 30.5 2.835 2.    0.
  16 1994  232 14141.  23.0 30.5 2.834 2.   10.
  16 1994  233 14164.  22.9 30.5 2.833 2.    0.
  16 1994  234 14186.  22.9 30.5 2.832 2.    0.
  16 1994  235 14208.  22.9 30.5 2.832 2.    0.
  16 1994  236 14230.  22.9 30.6 2.831 2.    1.
  16 1994  237 14253.  22.9 30.6 2.830 2.    0.
  16 1994  238 14275.  22.9 30.6 2.829 2.    0.
  16 1994  239 14297.  22.9 30.6 2.828 2.    0.
  16 1994  240 14319.  22.8 30.6 2.828 2.    0.
  16 1994  241 14342.  22.8 30.7 2.827 2.    0.
  16 1994  242 14364.  22.8 30.7 2.826 2.    0.
  16 1994  243 14386.  22.8 30.7 2.825 2.    0.
  16 1994  244 14408.  22.8 30.7 2.824 2.    0.
  16 1994  245 14431.  22.8 30.7 2.823 2.    0.
  16 1994  246 14453.  22.7 30.7 2.823 2.    1.
  16 1994  247 14475.  22.7 30.8 2.822 2.   38.
  16 1994  248 14497.  22.7 30.8 2.821 2.    0.
  16 1994  249 14520.  22.7 30.8 2.820 2.   16.
  16 1994  250 14542.  22.7 30.8 2.819 2.    0.
  16 1994  251 14564.  22.7 30.8 2.819 2.    9.
  16 1994  252 14586.  22.7 30.9 2.818 2.    1.
  16 1994  253 14609.  22.6 30.9 2.817 2.    0.
  16 1994  254 14631.  22.6 30.9 2.816 2.    0.
  16 1994  255 14653.  22.6 30.9 2.815 2.   10.
  16 1994  256 14675.  22.6 30.9 2.815 2.   11.
  16 1994  257 14698.  22.6 31.0 2.814 2.    0.
  16 1994  258 14720.  22.6 31.0 2.813 2.    5.
  16 1994  259 14815.  22.6 31.0 2.814 2.   19.
  16 1994  260 14911.  22.5 31.1 2.815 2.    0.
  16 1994  261 15006.  22.5 31.1 2.816 2.    0.
  16 1994  262 15101.  22.5 31.1 2.817 2.    5.
  16 1994  263 15197.  22.5 31.2 2.819 2.    0.
  16 1994  264 15292.  22.5 31.2 2.820 2.    0.
  16 1994  265 15387.  22.5 31.3 2.821 2.    4.
  16 1994  266 15483.  22.5 31.3 2.822 1.    0.
  16 1994  267 15578.  22.5 31.4 2.823 1.    0.
  16 1994  268 15673.  22.4 31.4 2.824 1.   16.
  16 1994  269 15769.  22.4 31.4 2.825 1.    1.
  16 1994  270 15864.  22.4 31.5 2.826 1.    0.
  16 1994  271 15959.  22.4 31.5 2.827 1.   12.
  16 1994  272 16055.  22.4 31.6 2.828 1.    1.
  16 1994  273 16150.  22.4 31.6 2.829 1.    0.
  16 1994  274 16245.  22.4 31.7 2.831 1.    0.
  16 1994  275 16341.  22.3 31.7 2.832 1.    0.
  16 1994  276 16436.  22.3 31.8 2.833 1.    1.
  16 1994  277 16531.  22.3 31.8 2.834 1.    4.
  16 1994  278 16627.  22.3 31.8 2.835 1.    0.
  16 1994  279 16722.  22.3 31.9 2.836 1.    0.
  16 1994  280 16817.  22.3 31.9 2.837 1.    0.
  16 1994  281 16913.  22.3 32.0 2.838 1.    0.
  16 1994  282 17008.  22.3 32.0 2.839 1.    4.
  16 1994  283 17103.  22.2 32.1 2.840 1.    0.
  16 1994  284 17199.  22.2 32.1 2.842 1.    3.
  16 1994  285 17294.  22.2 32.1 2.843 1.    3.
  16 1994  286 17389.  22.2 32.2 2.844 1.   12.
  16 1994  287 17485.  22.2 32.2 2.845 1.    0.
  16 1994  288 17580.  22.2 32.3 2.846 1.    0.
  16 1994  289 17624.  22.2 32.3 2.846 1.   11.
  16 1994  290 17668.  22.1 32.3 2.846 1.    0.
  16 1994  291 17712.  22.1 32.3 2.847 1.    3.
  16 1994  292 17755.  22.1 32.3 2.847 1.    0.
  16 1994  293 17799.  22.1 32.3 2.847 1.   26.
  16 1994  294 17843.  22.1 32.3 2.847 1.   68.
  16 1994  295 17887.  22.1 32.3 2.847 1.    0.
  16 1994  296 17931.  22.0 32.3 2.848 1.    4.
  16 1994  297 17975.  22.0 32.4 2.848 1.    6.
  16 1994  298 18019.  22.0 32.4 2.848 1.   31.
  16 1994  299 18063.  22.0 32.4 2.848 1.    0.
  16 1994  300 18106.  22.0 32.4 2.848 1.    1.
  16 1994  301 18150.  22.0 32.4 2.849 1.    9.
  16 1994  302 18194.  22.0 32.4 2.849 1.   40.
  16 1994  303 18238.  21.9 32.4 2.849 1.    0.
  16 1994  304 18282.  21.9 32.4 2.849 1.   54.
  16 1994  305 18326.  21.9 32.4 2.849 1.    0.
  16 1994  306 18370.  21.9 32.4 2.849 1.    0.
  16 1994  307 18414.  21.9 32.5 2.850 1.    0.
  16 1994  308 18457.  21.9 32.5 2.850 1.    0.
  16 1994  309 18501.  21.9 32.5 2.850 1.    7.
  16 1994  310 18545.  21.8 32.5 2.850 1.    0.
  16 1994  311 18589.  21.8 32.5 2.850 1.    0.
  16 1994  312 18633.  21.8 32.5 2.851 1.    0.
  16 1994  313 18677.  21.8 32.5 2.851 1.   32.
  16 1994  314 18721.  21.8 32.5 2.851 1.    0.
  16 1994  315 18765.  21.8 32.5 2.851 1.    0.
  16 1994  316 18808.  21.7 32.5 2.851 1.    0.
  16 1994  317 18852.  21.7 32.6 2.852 1.    0.
  16 1994  318 18896.  21.7 32.6 2.852 1.    7.
  16 1994  319 18940.  21.7 32.6 2.852 1.    0.
  16 1994  320 18893.  21.6 32.6 2.839 1.    0.
  16 1994  321 18847.  21.5 32.6 2.826 1.    0.
  16 1994  322 18800.  21.4 32.6 2.814 1.    0.
  16 1994  323 18753.  21.3 32.6 2.801 1.    0.
  16 1994  324 18707.  21.2 32.6 2.788 1.    0.
  16 1994  325 18660.  21.1 32.6 2.775 1.    0.
  16 1994  326 18613.  21.0 32.6 2.762 1.    0.
  16 1994  327 18567.  20.9 32.6 2.750 1.    0.
  16 1994  328 18520.  20.8 32.6 2.737 1.    0.
  16 1994  329 18473.  20.7 32.6 2.724 1.    1.
  16 1994  330 18427.  20.6 32.6 2.711 1.    0.
  16 1994  331 18380.  20.5 32.6 2.698 1.   26.
  16 1994  332 18333.  20.4 32.6 2.686 1.    0.
  16 1994  333 18287.  20.3 32.6 2.673 1.    0.
  16 1994  334 18240.  20.2 32.6 2.660 1.    0.
  16 1994  335 18193.  20.1 32.6 2.647 1.    0.
  16 1994  336 18147.  20.0 32.6 2.634 1.    0.
  16 1994  337 18100.  19.9 32.6 2.622 1.    0.
  16 1994  338 18053.  19.8 32.6 2.609 1.    0.
  16 1994  339 18007.  19.7 32.6 2.596 1.    0.
  16 1994  340 17960.  19.6 32.6 2.583 1.    0.
  16 1994  341 17913.  19.4 32.6 2.570 1.    0.
  16 1994  342 17867.  19.3 32.6 2.558 1.    0.
  16 1994  343 17820.  19.2 32.6 2.545 1.    0.
  16 1994  344 17773.  19.1 32.7 2.532 1.    0.
  16 1994  345 17727.  19.0 32.7 2.519 1.    0.
  16 1994  346 17680.  18.9 32.7 2.506 1.    0.
  16 1994  347 17633.  18.8 32.7 2.494 1.    0.
  16 1994  348 17587.  18.7 32.7 2.481 1.    0.
  16 1994  349 17540.  18.6 32.7 2.468 1.    0.
  16 1994  350 17550.  18.7 32.7 2.463 1.    0.
  16 1994  351 17561.  18.7 32.7 2.459 1.    0.
  16 1994  352 17571.  18.8 32.8 2.454 1.    0.
  16 1994  353 17581.  18.9 32.8 2.450 1.    0.
  16 1994  354 17592.  18.9 32.8 2.445 1.    0.
  16 1994  355 17602.  19.0 32.9 2.441 1.    0.
  16 1994  356 17612.  19.0 32.9 2.436 1.    0.
  16 1994  357 17623.  19.1 32.9 2.432 1.    0.
  16 1994  358 17633.  19.2 33.0 2.427 1.    0.
  16 1994  359 17643.  19.2 33.0 2.423 1.    0.
  16 1994  360 17653.  19.3 33.0 2.418 1.    0.
  16 1994  361 17664.  19.3 33.1 2.414 1.    0.
  16 1994  362 17674.  19.4 33.1 2.409 1.    0.
  16 1994  363 17684.  19.4 33.1 2.405 1.    0.
  16 1994  364 17695.  19.5 33.2 2.400 1.    0.
  16 1994  365 17705.  19.6 33.2 2.395 1.    0.
