*---------------------------------------------------------*
*   Country: Cote d'Ivoire
*   Station: San Pedro
*      Year: 1988
* Longitude: 006 39 W
*  Latitude: 04 45 N
* Elevation: 30 m.
*  WMO-code: 65.5280
*  Comments: Automatically generated file from *.WOF file
*            with REGENSIM.FOR ver. aug 96
*
*  Columns:
*  ========
*  station number
*  year
*  day
*  irradiation (kJ m-2 d-1)
*  minimum temperature (degrees Celsius)
*  maximum temperature (degrees Celsius)
*  vapour pressure (kPa)
*  mean wind speed (m s-1)
*  precipitation (mm month-1)
*---------------------------------------------------------*
  -6.65    4.75   30.00     .00     .00
  17 1988    1 13315.  22.6 30.5 2.941 2.    0.
  17 1988    2 13183.  22.6 30.5 2.935 2.    0.
  17 1988    3 13050.  22.6 30.5 2.928 2.    0.
  17 1988    4 12918.  22.6 30.5 2.922 2.    0.
  17 1988    5 12785.  22.6 30.5 2.916 2.    0.
  17 1988    6 12653.  22.6 30.5 2.910 2.    0.
  17 1988    7 12520.  22.5 30.6 2.903 2.    0.
  17 1988    8 12388.  22.5 30.6 2.897 3.    0.
  17 1988    9 12255.  22.5 30.6 2.891 3.    0.
  17 1988   10 12123.  22.5 30.6 2.884 3.    0.
  17 1988   11 11990.  22.5 30.6 2.878 3.    0.
  17 1988   12 11858.  22.5 30.6 2.872 3.    0.
  17 1988   13 11725.  22.5 30.6 2.866 3.    0.
  17 1988   14 11593.  22.5 30.6 2.859 3.    0.
  17 1988   15 11460.  22.5 30.6 2.853 3.    0.
  17 1988   16 11491.  22.5 30.7 2.859 3.    0.
  17 1988   17 11522.  22.6 30.7 2.864 3.    0.
  17 1988   18 11553.  22.6 30.7 2.870 3.    0.
  17 1988   19 11584.  22.6 30.7 2.875 3.    0.
  17 1988   20 11615.  22.7 30.7 2.881 3.    0.
  17 1988   21 11646.  22.7 30.7 2.886 3.    0.
  17 1988   22 11677.  22.7 30.8 2.892 3.    0.
  17 1988   23 11708.  22.8 30.8 2.898 2.    0.
  17 1988   24 11739.  22.8 30.8 2.903 2.    0.
  17 1988   25 11770.  22.8 30.8 2.909 2.    0.
  17 1988   26 11801.  22.9 30.8 2.914 2.    0.
  17 1988   27 11832.  22.9 30.8 2.920 2.    0.
  17 1988   28 11863.  22.9 30.9 2.925 2.    0.
  17 1988   29 11894.  23.0 30.9 2.931 2.    0.
  17 1988   30 11925.  23.0 30.9 2.937 2.    0.
  17 1988   31 11956.  23.1 30.9 2.942 2.    0.
  17 1988   32 11987.  23.1 30.9 2.948 2.    0.
  17 1988   33 12018.  23.1 30.9 2.953 2.    0.
  17 1988   34 12049.  23.2 30.9 2.959 2.    3.
  17 1988   35 12080.  23.2 31.0 2.964 2.    0.
  17 1988   36 12111.  23.2 31.0 2.970 2.    0.
  17 1988   37 12142.  23.3 31.0 2.975 2.    0.
  17 1988   38 12173.  23.3 31.0 2.981 2.    0.
  17 1988   39 12204.  23.3 31.0 2.987 2.    0.
  17 1988   40 12235.  23.4 31.0 2.992 2.   11.
  17 1988   41 12266.  23.4 31.1 2.998 2.    0.
  17 1988   42 12297.  23.4 31.1 3.003 2.    0.
  17 1988   43 12328.  23.5 31.1 3.009 2.    0.
  17 1988   44 12359.  23.5 31.1 3.014 2.    0.
  17 1988   45 12390.  23.5 31.1 3.020 2.    0.
  17 1988   46 12494.  23.5 31.1 3.020 2.    0.
  17 1988   47 12599.  23.5 31.1 3.021 2.    0.
  17 1988   48 12703.  23.5 31.2 3.021 2.    0.
  17 1988   49 12807.  23.5 31.2 3.021 2.    0.
  17 1988   50 12912.  23.6 31.2 3.022 2.    0.
  17 1988   51 13016.  23.6 31.2 3.022 2.    0.
  17 1988   52 13120.  23.6 31.2 3.022 2.    0.
  17 1988   53 13225.  23.6 31.2 3.022 2.    0.
  17 1988   54 13329.  23.6 31.2 3.023 2.    0.
  17 1988   55 13433.  23.6 31.2 3.023 2.    0.
  17 1988   56 13538.  23.6 31.2 3.023 2.    0.
  17 1988   57 13642.  23.6 31.3 3.024 2.    0.
  17 1988   58 13746.  23.6 31.3 3.024 2.   10.
  17 1988   59 13851.  23.6 31.3 3.024 2.    0.
  17 1988   60 13955.  23.6 31.3 3.025 3.    0.
  17 1988   61 14059.  23.6 31.3 3.025 3.    0.
  17 1988   62 14164.  23.6 31.3 3.025 3.    0.
  17 1988   63 14268.  23.6 31.3 3.025 3.    0.
  17 1988   64 14372.  23.6 31.3 3.026 3.    0.
  17 1988   65 14477.  23.6 31.3 3.026 3.    0.
  17 1988   66 14581.  23.6 31.4 3.026 3.    0.
  17 1988   67 14685.  23.6 31.4 3.027 3.   24.
  17 1988   68 14790.  23.6 31.4 3.027 3.    0.
  17 1988   69 14894.  23.6 31.4 3.027 3.    0.
  17 1988   70 14998.  23.6 31.4 3.028 3.    0.
  17 1988   71 15103.  23.6 31.4 3.028 3.    0.
  17 1988   72 15207.  23.6 31.4 3.028 3.    0.
  17 1988   73 15311.  23.6 31.4 3.028 3.    0.
  17 1988   74 15416.  23.6 31.4 3.029 3.    0.
  17 1988   75 15520.  23.6 31.5 3.029 3.    0.
  17 1988   76 15516.  23.6 31.4 3.031 3.    0.
  17 1988   77 15512.  23.6 31.4 3.034 3.    0.
  17 1988   78 15507.  23.6 31.4 3.036 3.    0.
  17 1988   79 15503.  23.6 31.4 3.039 3.    0.
  17 1988   80 15499.  23.6 31.4 3.041 3.    0.
  17 1988   81 15495.  23.6 31.4 3.044 3.    0.
  17 1988   82 15491.  23.6 31.4 3.046 3.    0.
  17 1988   83 15486.  23.6 31.4 3.048 3.    0.
  17 1988   84 15482.  23.6 31.4 3.051 3.    0.
  17 1988   85 15478.  23.6 31.4 3.053 3.    0.
  17 1988   86 15474.  23.6 31.3 3.056 3.    0.
  17 1988   87 15470.  23.6 31.3 3.058 3.    0.
  17 1988   88 15465.  23.6 31.3 3.060 3.    0.
  17 1988   89 15461.  23.6 31.3 3.063 3.    0.
  17 1988   90 15457.  23.6 31.3 3.065 3.    0.
  17 1988   91 15453.  23.6 31.3 3.068 3.    0.
  17 1988   92 15449.  23.6 31.3 3.070 3.    0.
  17 1988   93 15445.  23.7 31.3 3.073 3.    0.
  17 1988   94 15440.  23.7 31.3 3.075 3.    0.
  17 1988   95 15436.  23.7 31.2 3.077 3.    0.
  17 1988   96 15432.  23.7 31.2 3.080 3.    0.
  17 1988   97 15428.  23.7 31.2 3.082 3.    0.
  17 1988   98 15424.  23.7 31.2 3.085 3.    0.
  17 1988   99 15419.  23.7 31.2 3.087 3.    0.
  17 1988  100 15415.  23.7 31.2 3.089 3.    0.
  17 1988  101 15411.  23.7 31.2 3.092 3.    0.
  17 1988  102 15407.  23.7 31.2 3.094 3.    0.
  17 1988  103 15403.  23.7 31.2 3.097 3.   21.
  17 1988  104 15398.  23.7 31.1 3.099 3.    0.
  17 1988  105 15394.  23.7 31.1 3.102 3.    7.
  17 1988  106 15390.  23.7 31.1 3.104 3.    0.
  17 1988  107 15431.  23.7 31.1 3.104 3.    0.
  17 1988  108 15471.  23.7 31.1 3.104 3.   16.
  17 1988  109 15512.  23.7 31.0 3.104 3.    0.
  17 1988  110 15553.  23.7 31.0 3.103 3.    0.
  17 1988  111 15593.  23.7 31.0 3.103 3.    0.
  17 1988  112 15634.  23.7 30.9 3.103 3.    0.
  17 1988  113 15675.  23.7 30.9 3.103 3.    0.
  17 1988  114 15715.  23.7 30.9 3.103 3.    0.
  17 1988  115 15756.  23.7 30.8 3.103 3.    0.
  17 1988  116 15797.  23.6 30.8 3.102 3.    0.
  17 1988  117 15837.  23.6 30.8 3.102 3.    0.
  17 1988  118 15878.  23.6 30.7 3.102 3.    0.
  17 1988  119 15919.  23.6 30.7 3.102 3.    0.
  17 1988  120 15959.  23.6 30.7 3.102 3.    0.
  17 1988  121 16000.  23.6 30.6 3.102 3.    0.
  17 1988  122 16041.  23.6 30.6 3.101 3.    0.
  17 1988  123 16081.  23.6 30.6 3.101 3.    0.
  17 1988  124 16122.  23.6 30.5 3.101 3.    0.
  17 1988  125 16163.  23.6 30.5 3.101 3.    0.
  17 1988  126 16203.  23.6 30.5 3.101 3.   25.
  17 1988  127 16244.  23.6 30.4 3.101 3.    0.
  17 1988  128 16285.  23.6 30.4 3.100 3.    0.
  17 1988  129 16325.  23.6 30.4 3.100 3.    0.
  17 1988  130 16366.  23.6 30.3 3.100 3.    0.
  17 1988  131 16407.  23.6 30.3 3.100 3.    0.
  17 1988  132 16447.  23.6 30.3 3.100 3.   13.
  17 1988  133 16488.  23.6 30.2 3.100 3.    0.
  17 1988  134 16529.  23.6 30.2 3.099 3.    0.
  17 1988  135 16569.  23.6 30.2 3.099 3.    0.
  17 1988  136 16610.  23.6 30.1 3.099 3.    8.
  17 1988  137 16439.  23.6 30.1 3.094 3.    0.
  17 1988  138 16269.  23.5 30.0 3.088 3.    2.
  17 1988  139 16098.  23.5 30.0 3.083 3.    0.
  17 1988  140 15927.  23.5 29.9 3.078 3.   10.
  17 1988  141 15757.  23.5 29.9 3.072 3.    3.
  17 1988  142 15586.  23.5 29.8 3.067 3.    0.
  17 1988  143 15415.  23.5 29.8 3.062 3.    0.
  17 1988  144 15245.  23.5 29.7 3.056 3.    0.
  17 1988  145 15074.  23.5 29.7 3.051 3.    0.
  17 1988  146 14904.  23.5 29.6 3.045 3.    0.
  17 1988  147 14733.  23.5 29.6 3.040 3.   38.
  17 1988  148 14562.  23.5 29.5 3.035 3.    0.
  17 1988  149 14392.  23.5 29.5 3.029 3.    0.
  17 1988  150 14221.  23.5 29.4 3.024 3.    0.
  17 1988  151 14050.  23.4 29.4 3.019 3.    3.
  17 1988  152 13880.  23.4 29.3 3.013 3.    0.
  17 1988  153 13709.  23.4 29.3 3.008 3.    0.
  17 1988  154 13538.  23.4 29.2 3.003 3.    7.
  17 1988  155 13368.  23.4 29.2 2.997 3.    0.
  17 1988  156 13197.  23.4 29.1 2.992 3.    0.
  17 1988  157 13026.  23.4 29.1 2.987 3.    4.
  17 1988  158 12856.  23.4 29.0 2.981 3.    8.
  17 1988  159 12685.  23.4 29.0 2.976 3.    0.
  17 1988  160 12515.  23.4 28.9 2.970 3.    6.
  17 1988  161 12344.  23.4 28.9 2.965 3.    0.
  17 1988  162 12173.  23.4 28.8 2.960 3.    0.
  17 1988  163 12003.  23.4 28.8 2.954 3.    1.
  17 1988  164 11832.  23.3 28.7 2.949 3.   10.
  17 1988  165 11661.  23.3 28.7 2.944 3.   47.
  17 1988  166 11491.  23.3 28.6 2.938 3.   20.
  17 1988  167 11320.  23.3 28.6 2.933 3.    0.
  17 1988  168 11387.  23.3 28.5 2.926 3.    7.
  17 1988  169 11454.  23.3 28.5 2.919 3.    0.
  17 1988  170 11521.  23.2 28.5 2.912 3.   62.
  17 1988  171 11588.  23.2 28.4 2.904 3.    4.
  17 1988  172 11655.  23.2 28.4 2.897 3.    0.
  17 1988  173 11722.  23.2 28.4 2.890 3.   81.
  17 1988  174 11789.  23.2 28.3 2.883 3.    0.
  17 1988  175 11856.  23.1 28.3 2.876 3.    0.
  17 1988  176 11923.  23.1 28.3 2.869 4.    0.
  17 1988  177 11990.  23.1 28.2 2.862 4.   57.
  17 1988  178 12057.  23.1 28.2 2.855 4.    0.
  17 1988  179 12124.  23.0 28.1 2.847 4.    0.
  17 1988  180 12191.  23.0 28.1 2.840 4.   25.
  17 1988  181 12258.  23.0 28.1 2.833 4.    0.
  17 1988  182 12325.  23.0 28.0 2.826 4.    0.
  17 1988  183 12392.  22.9 28.0 2.819 4.    0.
  17 1988  184 12459.  22.9 28.0 2.812 4.    0.
  17 1988  185 12526.  22.9 27.9 2.805 4.    0.
  17 1988  186 12593.  22.9 27.9 2.797 4.    1.
  17 1988  187 12660.  22.8 27.9 2.790 4.    0.
  17 1988  188 12727.  22.8 27.8 2.783 4.    0.
  17 1988  189 12794.  22.8 27.8 2.776 4.    0.
  17 1988  190 12861.  22.8 27.8 2.769 4.    6.
  17 1988  191 12928.  22.7 27.7 2.762 4.    0.
  17 1988  192 12995.  22.7 27.7 2.755 4.    0.
  17 1988  193 13062.  22.7 27.7 2.748 4.    0.
  17 1988  194 13129.  22.7 27.6 2.740 5.    0.
  17 1988  195 13196.  22.6 27.6 2.733 5.    0.
  17 1988  196 13263.  22.6 27.5 2.726 5.    0.
  17 1988  197 13330.  22.6 27.5 2.719 5.    0.
  17 1988  198 13288.  22.6 27.5 2.718 5.    0.
  17 1988  199 13246.  22.6 27.5 2.718 5.    0.
  17 1988  200 13204.  22.6 27.4 2.717 5.    0.
  17 1988  201 13162.  22.6 27.4 2.717 5.   11.
  17 1988  202 13120.  22.6 27.4 2.716 5.    0.
  17 1988  203 13078.  22.5 27.4 2.715 5.    0.
  17 1988  204 13036.  22.5 27.4 2.715 5.   20.
  17 1988  205 12995.  22.5 27.3 2.714 5.    0.
  17 1988  206 12953.  22.5 27.3 2.713 5.    0.
  17 1988  207 12911.  22.5 27.3 2.713 5.    0.
  17 1988  208 12869.  22.5 27.3 2.712 5.    0.
  17 1988  209 12827.  22.5 27.2 2.712 5.    0.
  17 1988  210 12785.  22.5 27.2 2.711 5.    0.
  17 1988  211 12743.  22.5 27.2 2.710 5.    6.
  17 1988  212 12701.  22.5 27.2 2.710 5.   40.
  17 1988  213 12659.  22.4 27.2 2.709 4.    0.
  17 1988  214 12617.  22.4 27.1 2.709 4.    0.
  17 1988  215 12575.  22.4 27.1 2.708 4.    0.
  17 1988  216 12533.  22.4 27.1 2.707 4.    5.
  17 1988  217 12491.  22.4 27.1 2.707 4.    0.
  17 1988  218 12449.  22.4 27.0 2.706 4.    0.
  17 1988  219 12407.  22.4 27.0 2.706 4.    0.
  17 1988  220 12365.  22.4 27.0 2.705 4.    0.
  17 1988  221 12324.  22.4 27.0 2.704 4.    0.
  17 1988  222 12282.  22.4 27.0 2.704 4.    0.
  17 1988  223 12240.  22.3 26.9 2.703 4.    0.
  17 1988  224 12198.  22.3 26.9 2.702 4.    0.
  17 1988  225 12156.  22.3 26.9 2.702 4.    0.
  17 1988  226 12114.  22.3 26.9 2.701 4.    0.
  17 1988  227 12072.  22.3 26.8 2.701 4.    0.
  17 1988  228 12030.  22.3 26.8 2.700 4.    0.
  17 1988  229 12060.  22.3 26.8 2.702 4.    0.
  17 1988  230 12091.  22.3 26.9 2.704 4.    0.
  17 1988  231 12121.  22.4 26.9 2.706 4.   15.
  17 1988  232 12151.  22.4 26.9 2.708 4.    0.
  17 1988  233 12182.  22.4 27.0 2.710 4.    0.
  17 1988  234 12212.  22.4 27.0 2.712 4.    0.
  17 1988  235 12242.  22.5 27.0 2.714 4.    0.
  17 1988  236 12273.  22.5 27.0 2.715 4.    0.
  17 1988  237 12303.  22.5 27.1 2.717 4.    0.
  17 1988  238 12333.  22.5 27.1 2.719 4.    1.
  17 1988  239 12364.  22.5 27.1 2.721 4.   19.
  17 1988  240 12394.  22.6 27.1 2.723 4.    0.
  17 1988  241 12424.  22.6 27.2 2.725 4.    0.
  17 1988  242 12455.  22.6 27.2 2.727 4.    0.
  17 1988  243 12485.  22.6 27.2 2.729 4.    0.
  17 1988  244 12515.  22.7 27.2 2.731 4.    0.
  17 1988  245 12545.  22.7 27.3 2.733 4.    0.
  17 1988  246 12576.  22.7 27.3 2.735 4.    0.
  17 1988  247 12606.  22.7 27.3 2.737 4.    0.
  17 1988  248 12636.  22.7 27.4 2.739 4.    0.
  17 1988  249 12667.  22.8 27.4 2.741 4.    0.
  17 1988  250 12697.  22.8 27.4 2.743 4.    0.
  17 1988  251 12727.  22.8 27.4 2.745 4.    0.
  17 1988  252 12758.  22.8 27.5 2.746 4.    0.
  17 1988  253 12788.  22.8 27.5 2.748 4.    0.
  17 1988  254 12818.  22.9 27.5 2.750 4.    0.
  17 1988  255 12849.  22.9 27.5 2.752 4.    0.
  17 1988  256 12879.  22.9 27.6 2.754 4.    0.
  17 1988  257 12909.  22.9 27.6 2.756 4.    0.
  17 1988  258 12940.  23.0 27.6 2.758 4.    0.
  17 1988  259 12970.  23.0 27.6 2.760 4.    0.
  17 1988  260 13061.  23.0 27.7 2.765 4.    0.
  17 1988  261 13152.  23.0 27.7 2.770 4.    0.
  17 1988  262 13243.  23.0 27.8 2.775 4.    9.
  17 1988  263 13334.  23.0 27.8 2.780 4.    0.
  17 1988  264 13425.  23.0 27.8 2.785 4.    5.
  17 1988  265 13516.  23.0 27.9 2.790 4.   62.
  17 1988  266 13607.  23.0 27.9 2.795 4.    0.
  17 1988  267 13698.  23.0 28.0 2.801 4.    1.
  17 1988  268 13789.  23.0 28.0 2.806 4.    0.
  17 1988  269 13880.  23.0 28.0 2.811 4.    0.
  17 1988  270 13971.  23.0 28.1 2.816 4.    0.
  17 1988  271 14062.  23.0 28.1 2.821 4.    0.
  17 1988  272 14153.  23.0 28.2 2.826 4.    0.
  17 1988  273 14244.  23.0 28.2 2.831 4.   20.
  17 1988  274 14335.  23.0 28.2 2.836 4.   12.
  17 1988  275 14426.  23.0 28.3 2.841 4.    0.
  17 1988  276 14517.  23.1 28.3 2.846 4.    0.
  17 1988  277 14608.  23.1 28.4 2.851 4.   20.
  17 1988  278 14699.  23.1 28.4 2.856 4.    0.
  17 1988  279 14790.  23.1 28.4 2.861 4.   23.
  17 1988  280 14881.  23.1 28.5 2.866 4.    0.
  17 1988  281 14972.  23.1 28.5 2.871 4.    0.
  17 1988  282 15063.  23.1 28.5 2.877 4.    0.
  17 1988  283 15154.  23.1 28.6 2.882 4.    0.
  17 1988  284 15245.  23.1 28.6 2.887 4.    0.
  17 1988  285 15336.  23.1 28.7 2.892 4.   32.
  17 1988  286 15427.  23.1 28.7 2.897 4.    0.
  17 1988  287 15518.  23.1 28.7 2.902 4.    0.
  17 1988  288 15609.  23.1 28.8 2.907 4.   22.
  17 1988  289 15700.  23.1 28.8 2.912 4.    0.
  17 1988  290 15729.  23.1 28.9 2.916 4.    0.
  17 1988  291 15757.  23.1 28.9 2.920 4.    0.
  17 1988  292 15786.  23.1 28.9 2.923 4.    0.
  17 1988  293 15815.  23.1 29.0 2.927 3.    0.
  17 1988  294 15844.  23.1 29.0 2.931 3.    0.
  17 1988  295 15872.  23.1 29.0 2.935 3.    0.
  17 1988  296 15901.  23.1 29.1 2.938 3.    0.
  17 1988  297 15930.  23.1 29.1 2.942 3.    0.
  17 1988  298 15958.  23.1 29.1 2.946 3.    0.
  17 1988  299 15987.  23.1 29.2 2.950 3.    0.
  17 1988  300 16016.  23.1 29.2 2.954 3.    0.
  17 1988  301 16045.  23.1 29.3 2.957 3.    0.
  17 1988  302 16073.  23.1 29.3 2.961 3.    0.
  17 1988  303 16102.  23.0 29.3 2.965 3.    0.
  17 1988  304 16131.  23.0 29.4 2.969 3.    0.
  17 1988  305 16159.  23.0 29.4 2.972 3.    0.
  17 1988  306 16188.  23.0 29.4 2.976 3.    0.
  17 1988  307 16217.  23.0 29.5 2.980 3.    0.
  17 1988  308 16245.  23.0 29.5 2.984 3.    0.
  17 1988  309 16274.  23.0 29.5 2.987 3.    0.
  17 1988  310 16303.  23.0 29.6 2.991 3.    0.
  17 1988  311 16332.  23.0 29.6 2.995 3.    0.
  17 1988  312 16360.  23.0 29.7 2.999 3.    0.
  17 1988  313 16389.  23.0 29.7 3.003 3.    0.
  17 1988  314 16418.  23.0 29.7 3.006 3.    0.
  17 1988  315 16446.  23.0 29.8 3.010 3.    0.
  17 1988  316 16475.  23.0 29.8 3.014 3.    0.
  17 1988  317 16504.  23.0 29.8 3.018 2.    0.
  17 1988  318 16533.  23.0 29.9 3.021 2.   35.
  17 1988  319 16561.  23.0 29.9 3.025 2.    0.
  17 1988  320 16590.  23.0 29.9 3.029 2.    0.
  17 1988  321 16543.  23.0 30.0 3.029 2.    0.
  17 1988  322 16495.  23.0 30.0 3.029 2.    0.
  17 1988  323 16448.  22.9 30.0 3.029 2.    0.
  17 1988  324 16401.  22.9 30.0 3.029 2.   36.
  17 1988  325 16353.  22.9 30.0 3.029 2.    0.
  17 1988  326 16306.  22.9 30.0 3.029 2.    0.
  17 1988  327 16259.  22.9 30.0 3.029 2.    0.
  17 1988  328 16211.  22.9 30.0 3.029 2.    0.
  17 1988  329 16164.  22.9 30.1 3.029 2.    0.
  17 1988  330 16117.  22.9 30.1 3.029 2.    0.
  17 1988  331 16069.  22.9 30.1 3.029 2.    0.
  17 1988  332 16022.  22.9 30.1 3.029 2.    0.
  17 1988  333 15975.  22.8 30.1 3.029 2.    0.
  17 1988  334 15927.  22.8 30.1 3.029 2.    0.
  17 1988  335 15880.  22.8 30.1 3.029 2.    0.
  17 1988  336 15833.  22.8 30.1 3.029 2.    0.
  17 1988  337 15785.  22.8 30.1 3.029 2.    0.
  17 1988  338 15738.  22.8 30.2 3.029 2.    0.
  17 1988  339 15691.  22.8 30.2 3.029 2.    0.
  17 1988  340 15643.  22.8 30.2 3.029 2.    0.
  17 1988  341 15596.  22.8 30.2 3.029 2.    0.
  17 1988  342 15549.  22.8 30.2 3.029 2.    0.
  17 1988  343 15501.  22.8 30.2 3.029 2.    0.
  17 1988  344 15454.  22.7 30.2 3.029 2.    0.
  17 1988  345 15407.  22.7 30.2 3.029 2.    0.
  17 1988  346 15359.  22.7 30.3 3.029 2.    0.
  17 1988  347 15312.  22.7 30.3 3.029 2.    0.
  17 1988  348 15265.  22.7 30.3 3.029 2.   25.
  17 1988  349 15217.  22.7 30.3 3.029 2.    0.
  17 1988  350 15170.  22.7 30.3 3.029 2.    0.
  17 1988  351 15054.  22.7 30.3 3.024 2.    0.
  17 1988  352 14938.  22.7 30.3 3.018 2.    0.
  17 1988  353 14822.  22.7 30.3 3.013 2.    0.
  17 1988  354 14706.  22.7 30.4 3.007 2.    0.
  17 1988  355 14590.  22.7 30.4 3.002 2.    0.
  17 1988  356 14474.  22.7 30.4 2.996 2.    8.
  17 1988  357 14358.  22.6 30.4 2.991 2.    0.
  17 1988  358 14243.  22.6 30.4 2.985 2.    0.
  17 1988  359 14127.  22.6 30.4 2.980 2.    0.
  17 1988  360 14011.  22.6 30.4 2.974 2.    0.
  17 1988  361 13895.  22.6 30.4 2.968 2.    0.
  17 1988  362 13779.  22.6 30.4 2.963 2.    0.
  17 1988  363 13663.  22.6 30.4 2.958 2.    0.
  17 1988  364 13547.  22.6 30.5 2.952 2.    0.
  17 1988  365 13431.  22.6 30.5 2.947 2.    0.
  17 1988  366 13315.  22.6 30.5 2.941 2.    0.
