*---------------------------------------------------------*
*   Country: Cote d'Ivoire
*   Station: San Pedro
*      Year: 1994
* Longitude: 006 39 W
*  Latitude: 04 45 N
* Elevation: 30 m.
*  WMO-code: 65.5280
*  Comments: Automatically generated file from *.WOF file
*            with REGENSIM.FOR ver. aug 96
*
*  Columns:
*  ========
*  station number
*  year
*  day
*  irradiation (kJ m-2 d-1)
*  minimum temperature (degrees Celsius)
*  maximum temperature (degrees Celsius)
*  vapour pressure (kPa)
*  mean wind speed (m s-1)
*  precipitation (mm month-1)
*---------------------------------------------------------*
  -6.65    4.75   30.00     .00     .00
  17 1994    1 12090.  22.7 30.7 2.972 3.    0.
  17 1994    2 12209.  22.7 30.7 2.971 3.    0.
  17 1994    3 12329.  22.7 30.7 2.970 3.    0.
  17 1994    4 12448.  22.7 30.7 2.969 3.    0.
  17 1994    5 12567.  22.7 30.7 2.968 3.    0.
  17 1994    6 12686.  22.7 30.7 2.967 3.    0.
  17 1994    7 12806.  22.7 30.7 2.966 3.    0.
  17 1994    8 12925.  22.7 30.7 2.965 3.    0.
  17 1994    9 13044.  22.7 30.7 2.964 3.    0.
  17 1994   10 13164.  22.7 30.7 2.963 3.    0.
  17 1994   11 13283.  22.7 30.7 2.962 3.    0.
  17 1994   12 13402.  22.7 30.7 2.961 3.    0.
  17 1994   13 13521.  22.7 30.7 2.960 3.    0.
  17 1994   14 13641.  22.7 30.7 2.959 3.    0.
  17 1994   15 13760.  22.7 30.7 2.958 3.    0.
  17 1994   16 13808.  22.7 30.7 2.963 3.    0.
  17 1994   17 13855.  22.8 30.7 2.969 3.    7.
  17 1994   18 13903.  22.8 30.8 2.974 3.    0.
  17 1994   19 13951.  22.9 30.8 2.979 3.    0.
  17 1994   20 13998.  22.9 30.8 2.985 3.    0.
  17 1994   21 14046.  23.0 30.8 2.990 3.    0.
  17 1994   22 14094.  23.0 30.9 2.995 3.    0.
  17 1994   23 14141.  23.0 30.9 3.001 3.    0.
  17 1994   24 14189.  23.1 30.9 3.006 3.    0.
  17 1994   25 14237.  23.1 30.9 3.011 3.    6.
  17 1994   26 14284.  23.2 31.0 3.017 3.    0.
  17 1994   27 14332.  23.2 31.0 3.022 3.    0.
  17 1994   28 14380.  23.3 31.0 3.027 3.    0.
  17 1994   29 14427.  23.3 31.0 3.033 3.    5.
  17 1994   30 14475.  23.4 31.1 3.038 3.    0.
  17 1994   31 14523.  23.4 31.1 3.043 3.    0.
  17 1994   32 14570.  23.5 31.1 3.049 3.    0.
  17 1994   33 14618.  23.5 31.1 3.054 3.    0.
  17 1994   34 14666.  23.6 31.2 3.059 3.    0.
  17 1994   35 14713.  23.6 31.2 3.065 3.    0.
  17 1994   36 14761.  23.6 31.2 3.070 3.    0.
  17 1994   37 14809.  23.7 31.3 3.075 3.    0.
  17 1994   38 14856.  23.7 31.3 3.081 3.    0.
  17 1994   39 14904.  23.8 31.3 3.086 3.    0.
  17 1994   40 14952.  23.8 31.3 3.091 3.   12.
  17 1994   41 14999.  23.9 31.4 3.097 3.    8.
  17 1994   42 15047.  23.9 31.4 3.102 3.    0.
  17 1994   43 15095.  24.0 31.4 3.107 3.    4.
  17 1994   44 15142.  24.0 31.4 3.113 3.    0.
  17 1994   45 15190.  24.1 31.5 3.118 3.    0.
  17 1994   46 15269.  24.1 31.5 3.117 3.    0.
  17 1994   47 15348.  24.1 31.5 3.115 3.    0.
  17 1994   48 15427.  24.0 31.5 3.114 3.    0.
  17 1994   49 15506.  24.0 31.5 3.112 3.    0.
  17 1994   50 15585.  24.0 31.5 3.111 4.    4.
  17 1994   51 15664.  24.0 31.6 3.109 4.   26.
  17 1994   52 15743.  24.0 31.6 3.108 4.    0.
  17 1994   53 15822.  24.0 31.6 3.106 4.    2.
  17 1994   54 15901.  24.0 31.6 3.105 4.    0.
  17 1994   55 15980.  24.0 31.6 3.104 4.    0.
  17 1994   56 16059.  24.0 31.6 3.102 4.    0.
  17 1994   57 16138.  24.0 31.6 3.101 4.    0.
  17 1994   58 16217.  24.0 31.6 3.099 4.    0.
  17 1994   59 16296.  24.0 31.7 3.098 4.    0.
  17 1994   60 16374.  23.9 31.7 3.096 4.    0.
  17 1994   61 16453.  23.9 31.7 3.095 4.    0.
  17 1994   62 16532.  23.9 31.7 3.093 4.    0.
  17 1994   63 16611.  23.9 31.7 3.092 4.    0.
  17 1994   64 16690.  23.9 31.7 3.090 4.    0.
  17 1994   65 16769.  23.9 31.7 3.089 4.    1.
  17 1994   66 16848.  23.9 31.8 3.088 4.    0.
  17 1994   67 16927.  23.9 31.8 3.086 4.    0.
  17 1994   68 17006.  23.9 31.8 3.085 4.    0.
  17 1994   69 17085.  23.9 31.8 3.083 4.    0.
  17 1994   70 17164.  23.9 31.8 3.082 4.    0.
  17 1994   71 17243.  23.9 31.8 3.080 4.    0.
  17 1994   72 17322.  23.8 31.8 3.079 4.    0.
  17 1994   73 17401.  23.8 31.9 3.077 4.    0.
  17 1994   74 17480.  23.8 31.9 3.076 4.    0.
  17 1994   75 17447.  23.8 31.8 3.077 4.    0.
  17 1994   76 17415.  23.8 31.8 3.078 4.    0.
  17 1994   77 17382.  23.8 31.8 3.079 4.    0.
  17 1994   78 17350.  23.8 31.7 3.081 4.    0.
  17 1994   79 17317.  23.8 31.7 3.082 4.    0.
  17 1994   80 17285.  23.8 31.7 3.083 4.    0.
  17 1994   81 17252.  23.8 31.7 3.084 4.    0.
  17 1994   82 17219.  23.8 31.6 3.085 4.    0.
  17 1994   83 17187.  23.8 31.6 3.086 4.    0.
  17 1994   84 17154.  23.8 31.6 3.088 4.    0.
  17 1994   85 17122.  23.8 31.5 3.089 4.    1.
  17 1994   86 17089.  23.8 31.5 3.090 4.    0.
  17 1994   87 17056.  23.8 31.5 3.091 4.    0.
  17 1994   88 17024.  23.8 31.4 3.092 4.    0.
  17 1994   89 16991.  23.8 31.4 3.093 4.    0.
  17 1994   90 16959.  23.8 31.4 3.095 4.    0.
  17 1994   91 16926.  23.8 31.3 3.096 4.    0.
  17 1994   92 16894.  23.8 31.3 3.097 4.    1.
  17 1994   93 16861.  23.8 31.3 3.098 4.    0.
  17 1994   94 16828.  23.8 31.2 3.099 4.    0.
  17 1994   95 16796.  23.8 31.2 3.100 4.    0.
  17 1994   96 16763.  23.8 31.2 3.102 4.    0.
  17 1994   97 16731.  23.8 31.2 3.103 4.    0.
  17 1994   98 16698.  23.8 31.1 3.104 4.    0.
  17 1994   99 16665.  23.8 31.1 3.105 4.    1.
  17 1994  100 16633.  23.8 31.1 3.106 4.    0.
  17 1994  101 16600.  23.8 31.0 3.107 4.    0.
  17 1994  102 16568.  23.8 31.0 3.109 4.   20.
  17 1994  103 16535.  23.8 31.0 3.110 4.    0.
  17 1994  104 16503.  23.8 30.9 3.111 4.    9.
  17 1994  105 16470.  23.8 30.9 3.112 4.   31.
  17 1994  106 16414.  23.8 30.9 3.111 4.    0.
  17 1994  107 16358.  23.8 30.8 3.110 4.  109.
  17 1994  108 16302.  23.7 30.8 3.110 4.    1.
  17 1994  109 16246.  23.7 30.8 3.109 4.    0.
  17 1994  110 16190.  23.7 30.8 3.108 4.    0.
  17 1994  111 16134.  23.7 30.7 3.107 4.    0.
  17 1994  112 16078.  23.7 30.7 3.107 4.    0.
  17 1994  113 16022.  23.7 30.7 3.106 4.    0.
  17 1994  114 15966.  23.7 30.6 3.105 4.    0.
  17 1994  115 15910.  23.7 30.6 3.104 4.    0.
  17 1994  116 15854.  23.7 30.6 3.104 4.    0.
  17 1994  117 15798.  23.7 30.6 3.103 4.    0.
  17 1994  118 15742.  23.7 30.5 3.102 4.    0.
  17 1994  119 15686.  23.6 30.5 3.101 4.    0.
  17 1994  120 15630.  23.6 30.5 3.101 4.    8.
  17 1994  121 15574.  23.6 30.4 3.100 4.   12.
  17 1994  122 15518.  23.6 30.4 3.099 4.    1.
  17 1994  123 15462.  23.6 30.4 3.098 4.    0.
  17 1994  124 15406.  23.6 30.3 3.097 4.   15.
  17 1994  125 15350.  23.6 30.3 3.097 4.    9.
  17 1994  126 15294.  23.6 30.3 3.096 4.    4.
  17 1994  127 15238.  23.6 30.3 3.095 4.    3.
  17 1994  128 15182.  23.6 30.2 3.094 4.    0.
  17 1994  129 15126.  23.6 30.2 3.094 4.    2.
  17 1994  130 15070.  23.5 30.2 3.093 4.   25.
  17 1994  131 15014.  23.5 30.1 3.092 4.    0.
  17 1994  132 14958.  23.5 30.1 3.091 4.    0.
  17 1994  133 14902.  23.5 30.1 3.091 4.    6.
  17 1994  134 14846.  23.5 30.1 3.090 4.    2.
  17 1994  135 14790.  23.5 30.0 3.089 4.    5.
  17 1994  136 14727.  23.5 30.0 3.083 4.    0.
  17 1994  137 14664.  23.5 29.9 3.076 4.    4.
  17 1994  138 14600.  23.5 29.9 3.070 4.    0.
  17 1994  139 14537.  23.5 29.8 3.064 4.    0.
  17 1994  140 14474.  23.6 29.7 3.057 4.    0.
  17 1994  141 14411.  23.6 29.7 3.051 4.   12.
  17 1994  142 14347.  23.6 29.6 3.045 4.    0.
  17 1994  143 14284.  23.6 29.6 3.038 4.    0.
  17 1994  144 14221.  23.6 29.5 3.032 4.   12.
  17 1994  145 14158.  23.6 29.4 3.026 4.    0.
  17 1994  146 14095.  23.6 29.4 3.019 4.    8.
  17 1994  147 14031.  23.6 29.3 3.013 4.    0.
  17 1994  148 13968.  23.6 29.3 3.007 4.    0.
  17 1994  149 13905.  23.6 29.2 3.000 4.    0.
  17 1994  150 13842.  23.7 29.1 2.994 4.    0.
  17 1994  151 13778.  23.7 29.1 2.988 4.   16.
  17 1994  152 13715.  23.7 29.0 2.982 4.    7.
  17 1994  153 13652.  23.7 29.0 2.975 4.    0.
  17 1994  154 13589.  23.7 28.9 2.969 4.    3.
  17 1994  155 13525.  23.7 28.8 2.963 5.    0.
  17 1994  156 13462.  23.7 28.8 2.956 5.    0.
  17 1994  157 13399.  23.7 28.7 2.950 5.   14.
  17 1994  158 13336.  23.7 28.6 2.944 5.    0.
  17 1994  159 13273.  23.8 28.6 2.937 5.    0.
  17 1994  160 13209.  23.8 28.5 2.931 5.    0.
  17 1994  161 13146.  23.8 28.5 2.925 5.    8.
  17 1994  162 13083.  23.8 28.4 2.918 5.   16.
  17 1994  163 13020.  23.8 28.4 2.912 5.    0.
  17 1994  164 12956.  23.8 28.3 2.906 5.    0.
  17 1994  165 12893.  23.8 28.2 2.899 5.    7.
  17 1994  166 12830.  23.8 28.2 2.893 5.   15.
  17 1994  167 12782.  23.8 28.1 2.885 5.    0.
  17 1994  168 12735.  23.8 28.1 2.877 5.    1.
  17 1994  169 12687.  23.7 28.1 2.869 5.    1.
  17 1994  170 12639.  23.7 28.0 2.860 5.   43.
  17 1994  171 12592.  23.6 28.0 2.852 5.    0.
  17 1994  172 12544.  23.6 27.9 2.844 5.   20.
  17 1994  173 12496.  23.5 27.9 2.836 5.    6.
  17 1994  174 12449.  23.5 27.9 2.828 5.   54.
  17 1994  175 12401.  23.5 27.8 2.820 5.    2.
  17 1994  176 12353.  23.4 27.8 2.812 5.    0.
  17 1994  177 12306.  23.4 27.7 2.804 5.    0.
  17 1994  178 12258.  23.4 27.7 2.795 5.   53.
  17 1994  179 12210.  23.3 27.7 2.787 5.    0.
  17 1994  180 12163.  23.3 27.6 2.779 5.    0.
  17 1994  181 12115.  23.2 27.6 2.771 5.    2.
  17 1994  182 12067.  23.2 27.5 2.763 5.    0.
  17 1994  183 12020.  23.1 27.5 2.755 5.    0.
  17 1994  184 11972.  23.1 27.5 2.747 5.    0.
  17 1994  185 11924.  23.1 27.4 2.738 5.    0.
  17 1994  186 11877.  23.0 27.4 2.730 5.    1.
  17 1994  187 11829.  23.0 27.4 2.722 5.    0.
  17 1994  188 11781.  22.9 27.3 2.714 5.    3.
  17 1994  189 11734.  22.9 27.3 2.706 5.    1.
  17 1994  190 11686.  22.9 27.2 2.698 5.    3.
  17 1994  191 11638.  22.8 27.2 2.690 5.    0.
  17 1994  192 11591.  22.8 27.2 2.682 5.    0.
  17 1994  193 11543.  22.8 27.1 2.673 5.    0.
  17 1994  194 11495.  22.7 27.1 2.665 5.    0.
  17 1994  195 11448.  22.7 27.0 2.657 5.    3.
  17 1994  196 11400.  22.6 27.0 2.649 5.    1.
  17 1994  197 11394.  22.6 27.0 2.652 5.    2.
  17 1994  198 11388.  22.6 26.9 2.655 5.    3.
  17 1994  199 11383.  22.6 26.9 2.659 5.    3.
  17 1994  200 11377.  22.6 26.9 2.662 5.    0.
  17 1994  201 11371.  22.6 26.9 2.665 5.    4.
  17 1994  202 11365.  22.6 26.8 2.668 5.    1.
  17 1994  203 11359.  22.6 26.8 2.671 5.    0.
  17 1994  204 11354.  22.6 26.8 2.675 5.    0.
  17 1994  205 11348.  22.5 26.8 2.678 5.    0.
  17 1994  206 11342.  22.5 26.7 2.681 5.   10.
  17 1994  207 11336.  22.5 26.7 2.684 5.    0.
  17 1994  208 11330.  22.5 26.7 2.687 5.    0.
  17 1994  209 11325.  22.5 26.7 2.691 5.    0.
  17 1994  210 11319.  22.5 26.6 2.694 5.    4.
  17 1994  211 11313.  22.5 26.6 2.697 5.    0.
  17 1994  212 11307.  22.5 26.6 2.700 5.    4.
  17 1994  213 11301.  22.5 26.5 2.703 5.    0.
  17 1994  214 11295.  22.5 26.5 2.706 5.    5.
  17 1994  215 11290.  22.4 26.5 2.710 5.    2.
  17 1994  216 11284.  22.4 26.5 2.713 5.    1.
  17 1994  217 11278.  22.4 26.4 2.716 5.    0.
  17 1994  218 11272.  22.4 26.4 2.719 5.    0.
  17 1994  219 11266.  22.4 26.4 2.722 5.    9.
  17 1994  220 11261.  22.4 26.4 2.726 5.    2.
  17 1994  221 11255.  22.4 26.3 2.729 5.    9.
  17 1994  222 11249.  22.4 26.3 2.732 5.    0.
  17 1994  223 11243.  22.4 26.3 2.735 5.    0.
  17 1994  224 11237.  22.4 26.3 2.738 5.    0.
  17 1994  225 11232.  22.3 26.2 2.742 5.    0.
  17 1994  226 11226.  22.3 26.2 2.745 5.    0.
  17 1994  227 11220.  22.3 26.2 2.748 5.   10.
  17 1994  228 11212.  22.4 26.2 2.752 5.    2.
  17 1994  229 11205.  22.4 26.2 2.755 5.    0.
  17 1994  230 11197.  22.4 26.3 2.759 5.    0.
  17 1994  231 11189.  22.4 26.3 2.763 5.    6.
  17 1994  232 11181.  22.5 26.4 2.766 5.    0.
  17 1994  233 11174.  22.5 26.4 2.770 5.    0.
  17 1994  234 11166.  22.5 26.4 2.774 5.    0.
  17 1994  235 11158.  22.5 26.5 2.777 5.    5.
  17 1994  236 11150.  22.6 26.5 2.781 5.    0.
  17 1994  237 11143.  22.6 26.6 2.784 5.    0.
  17 1994  238 11135.  22.6 26.6 2.788 5.    0.
  17 1994  239 11127.  22.6 26.6 2.792 5.    7.
  17 1994  240 11119.  22.7 26.7 2.795 5.    1.
  17 1994  241 11112.  22.7 26.7 2.799 5.    3.
  17 1994  242 11104.  22.7 26.8 2.803 5.    0.
  17 1994  243 11096.  22.7 26.8 2.806 5.    1.
  17 1994  244 11088.  22.8 26.8 2.810 5.    0.
  17 1994  245 11081.  22.8 26.9 2.814 5.    1.
  17 1994  246 11073.  22.8 26.9 2.817 5.    2.
  17 1994  247 11065.  22.8 26.9 2.821 5.    0.
  17 1994  248 11057.  22.9 27.0 2.825 5.    1.
  17 1994  249 11050.  22.9 27.0 2.828 5.    5.
  17 1994  250 11042.  22.9 27.1 2.832 5.    7.
  17 1994  251 11034.  22.9 27.1 2.835 5.    9.
  17 1994  252 11026.  23.0 27.1 2.839 5.    7.
  17 1994  253 11019.  23.0 27.2 2.843 5.    6.
  17 1994  254 11011.  23.0 27.2 2.846 5.    8.
  17 1994  255 11003.  23.1 27.3 2.850 5.    2.
  17 1994  256 10995.  23.1 27.3 2.854 5.    1.
  17 1994  257 10988.  23.1 27.3 2.857 5.    0.
  17 1994  258 10980.  23.1 27.4 2.861 5.    0.
  17 1994  259 11106.  23.1 27.4 2.865 5.    0.
  17 1994  260 11231.  23.1 27.4 2.869 5.    0.
  17 1994  261 11357.  23.1 27.4 2.873 5.    6.
  17 1994  262 11483.  23.1 27.5 2.878 5.    1.
  17 1994  263 11608.  23.1 27.5 2.882 5.    0.
  17 1994  264 11734.  23.1 27.5 2.886 5.    0.
  17 1994  265 11860.  23.2 27.5 2.890 5.    0.
  17 1994  266 11985.  23.2 27.5 2.894 5.    0.
  17 1994  267 12111.  23.2 27.6 2.898 5.    0.
  17 1994  268 12237.  23.2 27.6 2.902 5.    0.
  17 1994  269 12362.  23.2 27.6 2.906 5.    0.
  17 1994  270 12488.  23.2 27.6 2.911 5.    3.
  17 1994  271 12614.  23.2 27.7 2.915 5.    5.
  17 1994  272 12739.  23.2 27.7 2.919 5.    0.
  17 1994  273 12865.  23.2 27.7 2.923 5.    1.
  17 1994  274 12991.  23.2 27.7 2.927 5.    5.
  17 1994  275 13116.  23.2 27.7 2.931 5.    3.
  17 1994  276 13242.  23.2 27.8 2.935 5.    0.
  17 1994  277 13368.  23.2 27.8 2.940 5.    0.
  17 1994  278 13493.  23.2 27.8 2.944 5.   38.
  17 1994  279 13619.  23.2 27.8 2.948 5.   65.
  17 1994  280 13745.  23.2 27.9 2.952 5.   10.
  17 1994  281 13870.  23.2 27.9 2.956 5.   21.
  17 1994  282 13996.  23.2 27.9 2.960 5.    1.
  17 1994  283 14122.  23.2 27.9 2.964 5.    0.
  17 1994  284 14247.  23.2 27.9 2.968 5.    6.
  17 1994  285 14373.  23.2 28.0 2.973 5.    4.
  17 1994  286 14499.  23.2 28.0 2.977 5.    3.
  17 1994  287 14624.  23.2 28.0 2.981 5.   20.
  17 1994  288 14750.  23.2 28.0 2.985 5.   25.
  17 1994  289 14821.  23.2 28.1 2.987 5.    0.
  17 1994  290 14891.  23.2 28.2 2.988 5.    0.
  17 1994  291 14962.  23.2 28.2 2.990 5.    6.
  17 1994  292 15033.  23.2 28.3 2.992 4.    2.
  17 1994  293 15103.  23.1 28.4 2.993 4.   15.
  17 1994  294 15174.  23.1 28.4 2.995 4.   12.
  17 1994  295 15245.  23.1 28.5 2.997 4.   10.
  17 1994  296 15315.  23.1 28.5 2.998 4.    0.
  17 1994  297 15386.  23.1 28.6 3.000 4.   23.
  17 1994  298 15456.  23.1 28.7 3.002 4.   21.
  17 1994  299 15527.  23.1 28.7 3.003 4.   83.
  17 1994  300 15598.  23.0 28.8 3.005 4.    0.
  17 1994  301 15668.  23.0 28.9 3.007 4.    0.
  17 1994  302 15739.  23.0 28.9 3.008 4.    0.
  17 1994  303 15810.  23.0 29.0 3.010 4.    3.
  17 1994  304 15880.  23.0 29.1 3.012 4.    8.
  17 1994  305 15951.  23.0 29.1 3.014 4.    0.
  17 1994  306 16022.  22.9 29.2 3.015 4.    8.
  17 1994  307 16092.  22.9 29.3 3.017 4.    0.
  17 1994  308 16163.  22.9 29.3 3.019 4.   14.
  17 1994  309 16234.  22.9 29.4 3.020 4.    6.
  17 1994  310 16304.  22.9 29.4 3.022 4.    0.
  17 1994  311 16375.  22.9 29.5 3.024 4.    0.
  17 1994  312 16445.  22.8 29.6 3.025 4.    2.
  17 1994  313 16516.  22.8 29.6 3.027 4.    0.
  17 1994  314 16587.  22.8 29.7 3.029 4.    0.
  17 1994  315 16657.  22.8 29.8 3.030 4.    1.
  17 1994  316 16728.  22.8 29.8 3.032 3.    0.
  17 1994  317 16799.  22.8 29.9 3.034 3.    0.
  17 1994  318 16869.  22.7 30.0 3.035 3.   18.
  17 1994  319 16940.  22.7 30.0 3.037 3.    0.
  17 1994  320 16723.  22.7 30.1 3.035 3.    0.
  17 1994  321 16505.  22.7 30.1 3.034 3.    0.
  17 1994  322 16288.  22.7 30.1 3.032 3.    9.
  17 1994  323 16071.  22.7 30.1 3.030 3.    7.
  17 1994  324 15853.  22.7 30.1 3.028 3.    1.
  17 1994  325 15636.  22.7 30.2 3.027 3.    0.
  17 1994  326 15419.  22.7 30.2 3.025 3.    0.
  17 1994  327 15201.  22.7 30.2 3.023 3.    0.
  17 1994  328 14984.  22.7 30.2 3.021 3.    0.
  17 1994  329 14767.  22.7 30.2 3.020 3.    0.
  17 1994  330 14549.  22.7 30.3 3.018 3.    0.
  17 1994  331 14332.  22.7 30.3 3.016 3.   17.
  17 1994  332 14115.  22.7 30.3 3.014 3.    0.
  17 1994  333 13897.  22.7 30.3 3.013 3.    5.
  17 1994  334 13680.  22.7 30.4 3.011 3.    0.
  17 1994  335 13463.  22.7 30.4 3.009 3.    0.
  17 1994  336 13245.  22.7 30.4 3.008 3.    0.
  17 1994  337 13028.  22.7 30.4 3.006 3.    0.
  17 1994  338 12811.  22.7 30.4 3.004 3.    0.
  17 1994  339 12593.  22.7 30.5 3.002 3.    0.
  17 1994  340 12376.  22.7 30.5 3.001 3.    0.
  17 1994  341 12159.  22.7 30.5 2.999 3.    0.
  17 1994  342 11941.  22.7 30.5 2.997 3.    0.
  17 1994  343 11724.  22.7 30.5 2.995 3.    0.
  17 1994  344 11507.  22.7 30.6 2.994 3.    0.
  17 1994  345 11289.  22.7 30.6 2.992 3.    3.
  17 1994  346 11072.  22.7 30.6 2.990 3.    0.
  17 1994  347 10855.  22.7 30.6 2.988 3.    0.
  17 1994  348 10637.  22.7 30.6 2.987 3.    0.
  17 1994  349 10420.  22.7 30.7 2.985 3.    0.
  17 1994  350 10524.  22.7 30.7 2.984 3.    0.
  17 1994  351 10629.  22.7 30.7 2.983 3.    0.
  17 1994  352 10733.  22.7 30.7 2.982 3.    0.
  17 1994  353 10838.  22.7 30.7 2.982 3.    0.
  17 1994  354 10942.  22.7 30.7 2.981 3.    0.
  17 1994  355 11046.  22.7 30.7 2.980 3.    0.
  17 1994  356 11151.  22.7 30.7 2.979 3.    0.
  17 1994  357 11255.  22.7 30.7 2.978 3.    0.
  17 1994  358 11359.  22.7 30.7 2.977 3.    0.
  17 1994  359 11464.  22.7 30.7 2.977 3.    0.
  17 1994  360 11568.  22.7 30.7 2.976 3.    0.
  17 1994  361 11673.  22.7 30.7 2.975 3.    0.
  17 1994  362 11777.  22.7 30.7 2.974 3.    0.
  17 1994  363 11881.  22.7 30.7 2.973 3.    0.
  17 1994  364 11986.  22.7 30.7 2.972 3.    0.
  17 1994  365 12090.  22.7 30.7 2.972 3.    0.
