*---------------------------------------------------------*
*   Country: Cote d'Ivoire
*   Station: San Pedro
*      Year: 1989
* Longitude: 006 39 W
*  Latitude: 04 45 N
* Elevation: 30 m.
*  WMO-code: 65.5280
*  Comments: Automatically generated file from *.WOF file
*            with REGENSIM.FOR ver. aug 96
*
*  Columns:
*  ========
*  station number
*  year
*  day
*  irradiation (kJ m-2 d-1)
*  minimum temperature (degrees Celsius)
*  maximum temperature (degrees Celsius)
*  vapour pressure (kPa)
*  mean wind speed (m s-1)
*  precipitation (mm month-1)
*---------------------------------------------------------*
  -6.65    4.75   30.00     .00     .00
  17 1989    1 12730.  22.0 30.5 2.817 2.    0.
  17 1989    2 12668.  22.0 30.5 2.804 2.    0.
  17 1989    3 12606.  21.9 30.6 2.791 2.    0.
  17 1989    4 12544.  21.8 30.6 2.778 2.    0.
  17 1989    5 12481.  21.7 30.7 2.765 2.    0.
  17 1989    6 12419.  21.6 30.7 2.752 2.    0.
  17 1989    7 12357.  21.6 30.7 2.739 2.    0.
  17 1989    8 12295.  21.5 30.8 2.727 2.    0.
  17 1989    9 12233.  21.4 30.8 2.714 2.    0.
  17 1989   10 12171.  21.3 30.9 2.701 2.    0.
  17 1989   11 12109.  21.2 30.9 2.688 2.    0.
  17 1989   12 12046.  21.2 30.9 2.675 2.    0.
  17 1989   13 11984.  21.1 31.0 2.662 2.    0.
  17 1989   14 11922.  21.0 31.0 2.649 2.    0.
  17 1989   15 11860.  20.9 31.1 2.636 2.    0.
  17 1989   16 11848.  21.0 31.1 2.649 2.    0.
  17 1989   17 11836.  21.1 31.1 2.661 2.    0.
  17 1989   18 11824.  21.1 31.1 2.674 2.    0.
  17 1989   19 11812.  21.2 31.1 2.687 2.    0.
  17 1989   20 11800.  21.3 31.2 2.700 2.    1.
  17 1989   21 11788.  21.4 31.2 2.712 2.    0.
  17 1989   22 11776.  21.4 31.2 2.725 2.    0.
  17 1989   23 11764.  21.5 31.2 2.738 2.   47.
  17 1989   24 11752.  21.6 31.2 2.751 2.    0.
  17 1989   25 11740.  21.6 31.2 2.763 2.    0.
  17 1989   26 11728.  21.7 31.3 2.776 2.    0.
  17 1989   27 11716.  21.8 31.3 2.789 2.    0.
  17 1989   28 11704.  21.9 31.3 2.802 2.    0.
  17 1989   29 11692.  21.9 31.3 2.814 2.    0.
  17 1989   30 11680.  22.0 31.3 2.827 2.    0.
  17 1989   31 11668.  22.1 31.4 2.840 2.    0.
  17 1989   32 11656.  22.1 31.4 2.852 2.    0.
  17 1989   33 11644.  22.2 31.4 2.865 2.    0.
  17 1989   34 11632.  22.3 31.4 2.878 2.    0.
  17 1989   35 11620.  22.4 31.4 2.891 2.    0.
  17 1989   36 11608.  22.4 31.4 2.903 2.    0.
  17 1989   37 11596.  22.5 31.5 2.916 2.    0.
  17 1989   38 11584.  22.6 31.5 2.929 2.    0.
  17 1989   39 11572.  22.6 31.5 2.942 2.    0.
  17 1989   40 11560.  22.7 31.5 2.954 2.    0.
  17 1989   41 11548.  22.8 31.5 2.967 2.    0.
  17 1989   42 11536.  22.9 31.5 2.980 2.    0.
  17 1989   43 11524.  22.9 31.6 2.993 2.    0.
  17 1989   44 11512.  23.0 31.6 3.005 2.    0.
  17 1989   45 11500.  23.1 31.6 3.018 2.    0.
  17 1989   46 11601.  23.1 31.6 3.014 2.    0.
  17 1989   47 11702.  23.1 31.6 3.010 2.    0.
  17 1989   48 11803.  23.1 31.6 3.005 2.    6.
  17 1989   49 11904.  23.1 31.6 3.001 2.    0.
  17 1989   50 12005.  23.1 31.6 2.997 2.   61.
  17 1989   51 12106.  23.1 31.5 2.993 2.    0.
  17 1989   52 12207.  23.1 31.5 2.989 2.    0.
  17 1989   53 12308.  23.1 31.5 2.984 2.    0.
  17 1989   54 12409.  23.0 31.5 2.980 2.    0.
  17 1989   55 12510.  23.0 31.5 2.976 2.    0.
  17 1989   56 12611.  23.0 31.5 2.972 2.    0.
  17 1989   57 12712.  23.0 31.5 2.968 2.    0.
  17 1989   58 12813.  23.0 31.5 2.963 2.    0.
  17 1989   59 12914.  23.0 31.5 2.959 2.    0.
  17 1989   60 13016.  23.0 31.5 2.955 2.    0.
  17 1989   61 13117.  23.0 31.5 2.951 2.    0.
  17 1989   62 13218.  23.0 31.4 2.946 2.    2.
  17 1989   63 13319.  23.0 31.4 2.942 2.    0.
  17 1989   64 13420.  23.0 31.4 2.938 2.    0.
  17 1989   65 13521.  23.0 31.4 2.934 2.    0.
  17 1989   66 13622.  23.0 31.4 2.930 2.    0.
  17 1989   67 13723.  23.0 31.4 2.925 2.    0.
  17 1989   68 13824.  23.0 31.4 2.921 2.    0.
  17 1989   69 13925.  23.0 31.4 2.917 2.    0.
  17 1989   70 14026.  23.0 31.4 2.913 2.    0.
  17 1989   71 14127.  23.0 31.4 2.909 2.   15.
  17 1989   72 14228.  23.0 31.3 2.904 2.    0.
  17 1989   73 14329.  23.0 31.3 2.900 2.   20.
  17 1989   74 14430.  23.0 31.3 2.896 2.    0.
  17 1989   75 14482.  23.0 31.3 2.900 2.    0.
  17 1989   76 14535.  23.0 31.4 2.904 2.    0.
  17 1989   77 14587.  23.0 31.4 2.908 2.    0.
  17 1989   78 14639.  23.0 31.4 2.912 2.    0.
  17 1989   79 14691.  23.0 31.4 2.916 2.    0.
  17 1989   80 14744.  23.0 31.4 2.920 2.    0.
  17 1989   81 14796.  23.0 31.4 2.924 2.    0.
  17 1989   82 14848.  23.0 31.4 2.928 2.    0.
  17 1989   83 14900.  23.0 31.5 2.932 2.    0.
  17 1989   84 14953.  23.0 31.5 2.936 2.    6.
  17 1989   85 15005.  23.0 31.5 2.940 2.    0.
  17 1989   86 15057.  23.1 31.5 2.944 2.    0.
  17 1989   87 15109.  23.1 31.5 2.948 2.   12.
  17 1989   88 15162.  23.1 31.5 2.952 2.    0.
  17 1989   89 15214.  23.1 31.5 2.956 2.    0.
  17 1989   90 15266.  23.1 31.6 2.960 2.    0.
  17 1989   91 15318.  23.1 31.6 2.964 2.    0.
  17 1989   92 15371.  23.1 31.6 2.968 2.    0.
  17 1989   93 15423.  23.1 31.6 2.972 2.    0.
  17 1989   94 15475.  23.1 31.6 2.976 2.    0.
  17 1989   95 15527.  23.1 31.6 2.980 2.    0.
  17 1989   96 15580.  23.1 31.6 2.984 2.   10.
  17 1989   97 15632.  23.1 31.7 2.988 2.    0.
  17 1989   98 15684.  23.1 31.7 2.992 2.    0.
  17 1989   99 15736.  23.1 31.7 2.996 2.    0.
  17 1989  100 15789.  23.1 31.7 3.000 2.    0.
  17 1989  101 15841.  23.1 31.7 3.004 2.    0.
  17 1989  102 15893.  23.1 31.7 3.008 2.    2.
  17 1989  103 15945.  23.1 31.7 3.012 2.    0.
  17 1989  104 15998.  23.1 31.8 3.016 2.   17.
  17 1989  105 16050.  23.1 31.8 3.020 2.    0.
  17 1989  106 16057.  23.1 31.7 3.020 2.    0.
  17 1989  107 16063.  23.1 31.7 3.021 2.    3.
  17 1989  108 16070.  23.1 31.6 3.022 2.    5.
  17 1989  109 16077.  23.1 31.6 3.022 2.    0.
  17 1989  110 16083.  23.1 31.5 3.023 2.    0.
  17 1989  111 16090.  23.1 31.5 3.023 2.    0.
  17 1989  112 16097.  23.1 31.5 3.024 2.    0.
  17 1989  113 16103.  23.0 31.4 3.024 2.    0.
  17 1989  114 16110.  23.0 31.4 3.025 2.    2.
  17 1989  115 16117.  23.0 31.3 3.025 2.    0.
  17 1989  116 16123.  23.0 31.3 3.026 2.    0.
  17 1989  117 16130.  23.0 31.2 3.026 2.    3.
  17 1989  118 16137.  23.0 31.2 3.027 2.    8.
  17 1989  119 16143.  23.0 31.1 3.027 2.    2.
  17 1989  120 16150.  23.0 31.1 3.028 2.    0.
  17 1989  121 16157.  23.0 31.1 3.028 2.    3.
  17 1989  122 16163.  22.9 31.0 3.029 2.    0.
  17 1989  123 16170.  22.9 31.0 3.029 2.    0.
  17 1989  124 16177.  22.9 30.9 3.030 2.    0.
  17 1989  125 16183.  22.9 30.9 3.030 2.    0.
  17 1989  126 16190.  22.9 30.8 3.031 2.    0.
  17 1989  127 16197.  22.9 30.8 3.031 2.    0.
  17 1989  128 16203.  22.9 30.7 3.032 2.    6.
  17 1989  129 16210.  22.9 30.7 3.032 2.    2.
  17 1989  130 16217.  22.9 30.7 3.033 2.    0.
  17 1989  131 16223.  22.8 30.6 3.033 2.    0.
  17 1989  132 16230.  22.8 30.6 3.034 2.    5.
  17 1989  133 16237.  22.8 30.5 3.034 2.    7.
  17 1989  134 16243.  22.8 30.5 3.035 2.    0.
  17 1989  135 16250.  22.8 30.4 3.035 2.    3.
  17 1989  136 16096.  22.8 30.4 3.029 2.    0.
  17 1989  137 15943.  22.8 30.3 3.024 2.   10.
  17 1989  138 15789.  22.8 30.3 3.018 2.   46.
  17 1989  139 15636.  22.8 30.2 3.013 2.    0.
  17 1989  140 15482.  22.8 30.2 3.007 2.    3.
  17 1989  141 15329.  22.8 30.2 3.001 2.    5.
  17 1989  142 15175.  22.7 30.1 2.996 2.   35.
  17 1989  143 15022.  22.7 30.1 2.990 2.    0.
  17 1989  144 14868.  22.7 30.0 2.984 2.    0.
  17 1989  145 14715.  22.7 30.0 2.979 2.    7.
  17 1989  146 14561.  22.7 29.9 2.973 2.    0.
  17 1989  147 14407.  22.7 29.9 2.968 2.    0.
  17 1989  148 14254.  22.7 29.8 2.962 2.    6.
  17 1989  149 14100.  22.7 29.8 2.956 2.    5.
  17 1989  150 13947.  22.7 29.7 2.951 2.   11.
  17 1989  151 13793.  22.7 29.7 2.945 2.   18.
  17 1989  152 13640.  22.7 29.6 2.940 2.   59.
  17 1989  153 13486.  22.7 29.6 2.934 2.    0.
  17 1989  154 13333.  22.7 29.6 2.928 2.   36.
  17 1989  155 13179.  22.7 29.5 2.923 2.   24.
  17 1989  156 13025.  22.6 29.5 2.917 2.   82.
  17 1989  157 12872.  22.6 29.4 2.912 2.   34.
  17 1989  158 12718.  22.6 29.4 2.906 2.    0.
  17 1989  159 12565.  22.6 29.3 2.900 2.    2.
  17 1989  160 12411.  22.6 29.3 2.895 2.   15.
  17 1989  161 12258.  22.6 29.2 2.889 2.    2.
  17 1989  162 12104.  22.6 29.2 2.883 2.   12.
  17 1989  163 11951.  22.6 29.1 2.878 2.    0.
  17 1989  164 11797.  22.6 29.1 2.872 2.    9.
  17 1989  165 11644.  22.6 29.0 2.867 2.   57.
  17 1989  166 11490.  22.6 29.0 2.861 2.   28.
  17 1989  167 11553.  22.5 29.0 2.855 2.    2.
  17 1989  168 11617.  22.5 28.9 2.850 2.    6.
  17 1989  169 11680.  22.5 28.9 2.844 2.   21.
  17 1989  170 11743.  22.5 28.9 2.838 2.   13.
  17 1989  171 11807.  22.4 28.9 2.833 2.    3.
  17 1989  172 11870.  22.4 28.8 2.827 2.   30.
  17 1989  173 11933.  22.4 28.8 2.821 2.    1.
  17 1989  174 11997.  22.3 28.8 2.815 2.   37.
  17 1989  175 12060.  22.3 28.7 2.810 2.    0.
  17 1989  176 12123.  22.3 28.7 2.804 2.    0.
  17 1989  177 12187.  22.3 28.7 2.798 2.    0.
  17 1989  178 12250.  22.2 28.7 2.793 2.    6.
  17 1989  179 12313.  22.2 28.6 2.787 2.   11.
  17 1989  180 12377.  22.2 28.6 2.781 2.   13.
  17 1989  181 12440.  22.1 28.6 2.776 3.   42.
  17 1989  182 12503.  22.1 28.5 2.770 3.    0.
  17 1989  183 12567.  22.1 28.5 2.764 3.    0.
  17 1989  184 12630.  22.1 28.5 2.758 3.   79.
  17 1989  185 12693.  22.0 28.4 2.753 3.    0.
  17 1989  186 12757.  22.0 28.4 2.747 3.    4.
  17 1989  187 12820.  22.0 28.4 2.741 3.   25.
  17 1989  188 12883.  22.0 28.4 2.736 3.    0.
  17 1989  189 12947.  21.9 28.3 2.730 3.    0.
  17 1989  190 13010.  21.9 28.3 2.724 3.    0.
  17 1989  191 13073.  21.9 28.3 2.718 3.    0.
  17 1989  192 13137.  21.8 28.2 2.713 3.    6.
  17 1989  193 13200.  21.8 28.2 2.707 3.    1.
  17 1989  194 13263.  21.8 28.2 2.701 3.    0.
  17 1989  195 13327.  21.8 28.2 2.696 3.    9.
  17 1989  196 13390.  21.7 28.1 2.690 3.    0.
  17 1989  197 13372.  21.7 28.1 2.680 3.   38.
  17 1989  198 13355.  21.7 28.1 2.671 3.  187.
  17 1989  199 13337.  21.7 28.1 2.661 3.   16.
  17 1989  200 13319.  21.7 28.0 2.652 3.    2.
  17 1989  201 13301.  21.8 28.0 2.642 3.    0.
  17 1989  202 13284.  21.8 28.0 2.633 3.    0.
  17 1989  203 13266.  21.8 27.9 2.623 3.    0.
  17 1989  204 13248.  21.8 27.9 2.613 3.    0.
  17 1989  205 13230.  21.8 27.9 2.604 3.    0.
  17 1989  206 13213.  21.8 27.9 2.594 3.    0.
  17 1989  207 13195.  21.8 27.8 2.585 3.    0.
  17 1989  208 13177.  21.8 27.8 2.575 3.   71.
  17 1989  209 13159.  21.8 27.8 2.565 3.    0.
  17 1989  210 13142.  21.8 27.8 2.556 3.   46.
  17 1989  211 13124.  21.8 27.7 2.546 3.    0.
  17 1989  212 13106.  21.8 27.7 2.537 3.    0.
  17 1989  213 13088.  21.8 27.7 2.527 3.    2.
  17 1989  214 13071.  21.8 27.7 2.518 3.    0.
  17 1989  215 13053.  21.8 27.6 2.508 3.    0.
  17 1989  216 13035.  21.8 27.6 2.498 3.    1.
  17 1989  217 13017.  21.8 27.6 2.489 3.    1.
  17 1989  218 13000.  21.8 27.6 2.479 3.    5.
  17 1989  219 12982.  21.8 27.5 2.470 3.    0.
  17 1989  220 12964.  21.8 27.5 2.460 3.   12.
  17 1989  221 12946.  21.8 27.5 2.450 3.    8.
  17 1989  222 12929.  21.8 27.5 2.441 3.    0.
  17 1989  223 12911.  21.9 27.4 2.431 3.    1.
  17 1989  224 12893.  21.9 27.4 2.422 3.    0.
  17 1989  225 12875.  21.9 27.4 2.412 3.    0.
  17 1989  226 12858.  21.9 27.4 2.403 3.    8.
  17 1989  227 12840.  21.9 27.3 2.393 3.    0.
  17 1989  228 12871.  21.9 27.3 2.399 3.    3.
  17 1989  229 12901.  21.9 27.4 2.404 3.    7.
  17 1989  230 12932.  21.9 27.4 2.410 3.   12.
  17 1989  231 12963.  22.0 27.4 2.415 3.    0.
  17 1989  232 12993.  22.0 27.4 2.421 3.    0.
  17 1989  233 13024.  22.0 27.4 2.426 3.    0.
  17 1989  234 13055.  22.0 27.4 2.432 3.    5.
  17 1989  235 13085.  22.1 27.4 2.437 3.    0.
  17 1989  236 13116.  22.1 27.4 2.443 3.   16.
  17 1989  237 13146.  22.1 27.4 2.448 3.    0.
  17 1989  238 13177.  22.1 27.5 2.454 3.    0.
  17 1989  239 13208.  22.2 27.5 2.460 3.    5.
  17 1989  240 13238.  22.2 27.5 2.465 3.    0.
  17 1989  241 13269.  22.2 27.5 2.471 3.    0.
  17 1989  242 13300.  22.2 27.5 2.476 3.    2.
  17 1989  243 13330.  22.3 27.5 2.482 3.    0.
  17 1989  244 13361.  22.3 27.5 2.487 3.    0.
  17 1989  245 13392.  22.3 27.5 2.493 3.    0.
  17 1989  246 13422.  22.3 27.6 2.498 3.    0.
  17 1989  247 13453.  22.4 27.6 2.504 3.    0.
  17 1989  248 13484.  22.4 27.6 2.510 3.    0.
  17 1989  249 13514.  22.4 27.6 2.515 3.    0.
  17 1989  250 13545.  22.4 27.6 2.521 3.    1.
  17 1989  251 13575.  22.5 27.6 2.526 4.    1.
  17 1989  252 13606.  22.5 27.6 2.532 4.   31.
  17 1989  253 13637.  22.5 27.6 2.537 4.   12.
  17 1989  254 13667.  22.5 27.7 2.543 4.    1.
  17 1989  255 13698.  22.6 27.7 2.548 4.    4.
  17 1989  256 13729.  22.6 27.7 2.554 4.    2.
  17 1989  257 13759.  22.6 27.7 2.559 4.    1.
  17 1989  258 13790.  22.6 27.7 2.565 4.    0.
  17 1989  259 13885.  22.6 27.7 2.577 4.   16.
  17 1989  260 13979.  22.6 27.8 2.588 4.    0.
  17 1989  261 14074.  22.6 27.8 2.600 4.    0.
  17 1989  262 14169.  22.6 27.9 2.611 3.    0.
  17 1989  263 14263.  22.6 27.9 2.623 3.    2.
  17 1989  264 14358.  22.6 28.0 2.634 3.    0.
  17 1989  265 14453.  22.6 28.0 2.646 3.    6.
  17 1989  266 14547.  22.6 28.0 2.658 3.    7.
  17 1989  267 14642.  22.6 28.1 2.669 3.    0.
  17 1989  268 14737.  22.6 28.1 2.681 3.    0.
  17 1989  269 14831.  22.6 28.2 2.692 3.    0.
  17 1989  270 14926.  22.6 28.2 2.704 3.   23.
  17 1989  271 15021.  22.6 28.3 2.715 3.    0.
  17 1989  272 15115.  22.6 28.3 2.727 3.    0.
  17 1989  273 15210.  22.6 28.4 2.739 3.    3.
  17 1989  274 15305.  22.7 28.4 2.750 3.    0.
  17 1989  275 15399.  22.7 28.4 2.762 3.    0.
  17 1989  276 15494.  22.7 28.5 2.773 3.    0.
  17 1989  277 15589.  22.7 28.5 2.785 3.    0.
  17 1989  278 15683.  22.7 28.6 2.796 3.    0.
  17 1989  279 15778.  22.7 28.6 2.808 3.    0.
  17 1989  280 15873.  22.7 28.7 2.819 2.    0.
  17 1989  281 15967.  22.7 28.7 2.831 2.    0.
  17 1989  282 16062.  22.7 28.7 2.843 2.    0.
  17 1989  283 16157.  22.7 28.8 2.854 2.    0.
  17 1989  284 16251.  22.7 28.8 2.866 2.    0.
  17 1989  285 16346.  22.7 28.9 2.877 2.    0.
  17 1989  286 16441.  22.7 28.9 2.889 2.    0.
  17 1989  287 16535.  22.7 29.0 2.900 2.    0.
  17 1989  288 16630.  22.7 29.0 2.912 2.    0.
  17 1989  289 16617.  22.7 29.1 2.916 2.    4.
  17 1989  290 16604.  22.7 29.1 2.920 2.    3.
  17 1989  291 16591.  22.7 29.2 2.924 2.    0.
  17 1989  292 16578.  22.7 29.2 2.927 2.   35.
  17 1989  293 16565.  22.7 29.3 2.931 2.    0.
  17 1989  294 16553.  22.8 29.4 2.935 2.    5.
  17 1989  295 16540.  22.8 29.4 2.939 2.    0.
  17 1989  296 16527.  22.8 29.5 2.943 2.    0.
  17 1989  297 16514.  22.8 29.6 2.947 2.    0.
  17 1989  298 16501.  22.8 29.6 2.950 2.    1.
  17 1989  299 16488.  22.8 29.7 2.954 2.    0.
  17 1989  300 16475.  22.8 29.7 2.958 2.    8.
  17 1989  301 16462.  22.9 29.8 2.962 2.    0.
  17 1989  302 16449.  22.9 29.9 2.966 2.    0.
  17 1989  303 16436.  22.9 29.9 2.970 2.    0.
  17 1989  304 16424.  22.9 30.0 2.973 2.    0.
  17 1989  305 16411.  22.9 30.0 2.977 2.    0.
  17 1989  306 16398.  22.9 30.1 2.981 2.    0.
  17 1989  307 16385.  22.9 30.2 2.985 2.    0.
  17 1989  308 16372.  22.9 30.2 2.989 2.    0.
  17 1989  309 16359.  23.0 30.3 2.993 2.    0.
  17 1989  310 16346.  23.0 30.3 2.996 2.    0.
  17 1989  311 16333.  23.0 30.4 3.000 2.    1.
  17 1989  312 16320.  23.0 30.5 3.004 2.   12.
  17 1989  313 16307.  23.0 30.5 3.008 2.    0.
  17 1989  314 16295.  23.0 30.6 3.012 2.    0.
  17 1989  315 16282.  23.0 30.7 3.016 2.    0.
  17 1989  316 16269.  23.1 30.7 3.019 2.    0.
  17 1989  317 16256.  23.1 30.8 3.023 2.    0.
  17 1989  318 16243.  23.1 30.8 3.027 2.    0.
  17 1989  319 16230.  23.1 30.9 3.031 2.   10.
  17 1989  320 16142.  23.1 30.9 3.030 2.    1.
  17 1989  321 16055.  23.1 30.8 3.029 2.    9.
  17 1989  322 15967.  23.1 30.8 3.028 2.   66.
  17 1989  323 15879.  23.1 30.8 3.027 2.    0.
  17 1989  324 15792.  23.1 30.7 3.026 2.    0.
  17 1989  325 15704.  23.1 30.7 3.024 2.    0.
  17 1989  326 15616.  23.1 30.7 3.023 2.    0.
  17 1989  327 15529.  23.1 30.6 3.022 2.    2.
  17 1989  328 15441.  23.1 30.6 3.021 2.   18.
  17 1989  329 15353.  23.1 30.6 3.020 2.    1.
  17 1989  330 15266.  23.1 30.5 3.019 2.   93.
  17 1989  331 15178.  23.1 30.5 3.018 2.    0.
  17 1989  332 15090.  23.1 30.5 3.017 2.   15.
  17 1989  333 15003.  23.1 30.4 3.016 2.    0.
  17 1989  334 14915.  23.1 30.4 3.015 2.   18.
  17 1989  335 14827.  23.1 30.4 3.013 2.    0.
  17 1989  336 14740.  23.1 30.4 3.012 2.    0.
  17 1989  337 14652.  23.1 30.3 3.011 2.    0.
  17 1989  338 14564.  23.1 30.3 3.010 2.    0.
  17 1989  339 14477.  23.1 30.3 3.009 2.    0.
  17 1989  340 14389.  23.1 30.2 3.008 2.    0.
  17 1989  341 14301.  23.1 30.2 3.007 2.    0.
  17 1989  342 14214.  23.1 30.2 3.006 2.    0.
  17 1989  343 14126.  23.1 30.1 3.005 2.    1.
  17 1989  344 14038.  23.1 30.1 3.003 2.    0.
  17 1989  345 13951.  23.1 30.1 3.002 2.    0.
  17 1989  346 13863.  23.1 30.0 3.001 2.    0.
  17 1989  347 13775.  23.1 30.0 3.000 2.    0.
  17 1989  348 13688.  23.1 30.0 2.999 2.    0.
  17 1989  349 13600.  23.1 29.9 2.998 2.    0.
  17 1989  350 13546.  23.1 30.0 2.987 2.    0.
  17 1989  351 13491.  23.0 30.0 2.975 2.    0.
  17 1989  352 13437.  22.9 30.0 2.964 2.   13.
  17 1989  353 13383.  22.9 30.1 2.953 2.    4.
  17 1989  354 13328.  22.8 30.1 2.941 2.   22.
  17 1989  355 13274.  22.7 30.1 2.930 2.   12.
  17 1989  356 13219.  22.6 30.2 2.919 2.   16.
  17 1989  357 13165.  22.6 30.2 2.908 2.    1.
  17 1989  358 13111.  22.5 30.3 2.896 2.    8.
  17 1989  359 13056.  22.4 30.3 2.885 2.    0.
  17 1989  360 13002.  22.4 30.3 2.874 2.    0.
  17 1989  361 12948.  22.3 30.4 2.862 2.    0.
  17 1989  362 12893.  22.2 30.4 2.851 2.    8.
  17 1989  363 12839.  22.2 30.4 2.840 2.    5.
  17 1989  364 12784.  22.1 30.5 2.828 2.    0.
  17 1989  365 12730.  22.0 30.5 2.817 2.    0.
