*---------------------------------------------------------*
*   Country: Cote d'Ivoire
*   Station: Yamoussoukro
*      Year: 1990
* Longitude: 005 21 W
*  Latitude: 06 54 N
* Elevation: 213 m.
*  WMO-code: 65.-
*  Comments: Automatically generated file from *.WOF file
*            with REGENSIM.FOR ver. aug 96
*
*  Columns:
*  ========
*  station number
*  year
*  day
*  irradiation (kJ m-2 d-1)
*  minimum temperature (degrees Celsius)
*  maximum temperature (degrees Celsius)
*  vapour pressure (kPa)
*  mean wind speed (m s-1)
*  precipitation (mm month-1)
*---------------------------------------------------------*
  -5.35    6.90  213.00     .00     .00
  15 1990    1 15440.  18.1 32.6 2.308 1.    0.
  15 1990    2 15382.  18.1 32.7 2.300 1.    0.
  15 1990    3 15324.  18.2 32.7 2.292 1.    0.
  15 1990    4 15266.  18.3 32.7 2.284 1.    0.
  15 1990    5 15209.  18.4 32.8 2.276 1.    0.
  15 1990    6 15151.  18.4 32.8 2.268 1.    0.
  15 1990    7 15093.  18.5 32.8 2.260 1.    0.
  15 1990    8 15035.  18.6 32.9 2.252 1.    0.
  15 1990    9 14977.  18.6 32.9 2.244 1.    0.
  15 1990   10 14919.  18.7 33.0 2.236 1.    0.
  15 1990   11 14861.  18.8 33.0 2.228 1.    0.
  15 1990   12 14804.  18.9 33.0 2.220 1.    0.
  15 1990   13 14746.  18.9 33.1 2.212 1.    0.
  15 1990   14 14688.  19.0 33.1 2.204 1.    0.
  15 1990   15 14630.  19.1 33.1 2.196 1.    0.
  15 1990   16 14754.  19.1 33.2 2.187 1.    0.
  15 1990   17 14878.  19.1 33.3 2.177 1.    0.
  15 1990   18 15002.  19.1 33.4 2.168 1.    0.
  15 1990   19 15126.  19.1 33.5 2.158 1.    0.
  15 1990   20 15250.  19.1 33.6 2.149 1.    0.
  15 1990   21 15374.  19.1 33.7 2.139 1.    0.
  15 1990   22 15498.  19.1 33.8 2.130 1.    0.
  15 1990   23 15622.  19.1 33.9 2.120 1.    0.
  15 1990   24 15746.  19.2 34.0 2.111 1.   11.
  15 1990   25 15870.  19.2 34.0 2.101 1.    0.
  15 1990   26 15994.  19.2 34.1 2.092 1.    0.
  15 1990   27 16118.  19.2 34.2 2.082 1.    0.
  15 1990   28 16242.  19.2 34.3 2.073 1.    0.
  15 1990   29 16366.  19.2 34.4 2.063 1.    0.
  15 1990   30 16490.  19.2 34.5 2.054 1.    0.
  15 1990   31 16614.  19.2 34.6 2.045 1.    0.
  15 1990   32 16738.  19.2 34.7 2.035 1.    0.
  15 1990   33 16862.  19.3 34.8 2.026 1.    0.
  15 1990   34 16986.  19.3 34.9 2.016 1.    0.
  15 1990   35 17110.  19.3 35.0 2.007 1.    5.
  15 1990   36 17234.  19.3 35.0 1.997 1.    0.
  15 1990   37 17358.  19.3 35.1 1.988 1.    0.
  15 1990   38 17482.  19.3 35.2 1.978 1.    0.
  15 1990   39 17606.  19.3 35.3 1.969 1.    0.
  15 1990   40 17730.  19.3 35.4 1.959 1.    6.
  15 1990   41 17854.  19.3 35.5 1.950 1.    0.
  15 1990   42 17978.  19.3 35.6 1.940 1.    0.
  15 1990   43 18102.  19.4 35.7 1.931 1.    0.
  15 1990   44 18226.  19.4 35.8 1.921 1.    0.
  15 1990   45 18350.  19.4 35.9 1.912 1.    0.
  15 1990   46 18407.  19.5 35.9 1.930 1.    0.
  15 1990   47 18464.  19.6 36.0 1.948 1.    1.
  15 1990   48 18521.  19.7 36.0 1.966 1.    0.
  15 1990   49 18578.  19.8 36.0 1.984 1.    0.
  15 1990   50 18634.  19.9 36.1 2.002 1.    0.
  15 1990   51 18691.  20.0 36.1 2.020 1.    0.
  15 1990   52 18748.  20.1 36.2 2.038 1.    0.
  15 1990   53 18805.  20.2 36.2 2.056 1.    0.
  15 1990   54 18862.  20.3 36.2 2.074 1.    0.
  15 1990   55 18919.  20.4 36.3 2.092 1.    0.
  15 1990   56 18976.  20.6 36.3 2.110 1.    0.
  15 1990   57 19033.  20.7 36.4 2.128 1.    0.
  15 1990   58 19090.  20.8 36.4 2.146 1.    0.
  15 1990   59 19147.  20.9 36.4 2.164 1.    0.
  15 1990   60 19203.  21.0 36.5 2.182 2.    0.
  15 1990   61 19260.  21.1 36.5 2.200 2.    0.
  15 1990   62 19317.  21.2 36.6 2.218 2.    0.
  15 1990   63 19374.  21.3 36.6 2.236 2.    0.
  15 1990   64 19431.  21.4 36.7 2.254 2.    0.
  15 1990   65 19488.  21.5 36.7 2.272 2.    0.
  15 1990   66 19545.  21.6 36.7 2.290 2.    0.
  15 1990   67 19602.  21.7 36.8 2.308 2.    0.
  15 1990   68 19659.  21.9 36.8 2.326 2.    0.
  15 1990   69 19716.  22.0 36.9 2.344 2.    0.
  15 1990   70 19772.  22.1 36.9 2.362 2.    1.
  15 1990   71 19829.  22.2 36.9 2.380 2.    0.
  15 1990   72 19886.  22.3 37.0 2.398 2.    0.
  15 1990   73 19943.  22.4 37.0 2.416 2.    0.
  15 1990   74 20000.  22.5 37.1 2.434 2.    0.
  15 1990   75 20027.  22.5 37.0 2.443 2.    0.
  15 1990   76 20054.  22.5 36.9 2.452 2.    0.
  15 1990   77 20080.  22.5 36.8 2.461 2.    0.
  15 1990   78 20107.  22.5 36.8 2.470 2.    0.
  15 1990   79 20134.  22.5 36.7 2.479 2.    0.
  15 1990   80 20161.  22.4 36.6 2.488 2.    0.
  15 1990   81 20187.  22.4 36.5 2.497 2.    0.
  15 1990   82 20214.  22.4 36.4 2.506 2.    0.
  15 1990   83 20241.  22.4 36.4 2.515 2.    0.
  15 1990   84 20268.  22.4 36.3 2.524 2.    0.
  15 1990   85 20295.  22.4 36.2 2.533 2.    0.
  15 1990   86 20321.  22.4 36.1 2.542 2.    0.
  15 1990   87 20348.  22.4 36.0 2.551 2.    0.
  15 1990   88 20375.  22.4 36.0 2.560 2.    0.
  15 1990   89 20402.  22.4 35.9 2.569 2.    0.
  15 1990   90 20428.  22.3 35.8 2.578 2.    0.
  15 1990   91 20455.  22.3 35.7 2.587 2.    0.
  15 1990   92 20482.  22.3 35.7 2.596 2.   27.
  15 1990   93 20509.  22.3 35.6 2.605 2.   13.
  15 1990   94 20535.  22.3 35.5 2.614 2.    0.
  15 1990   95 20562.  22.3 35.4 2.623 2.    0.
  15 1990   96 20589.  22.3 35.3 2.632 2.    0.
  15 1990   97 20616.  22.3 35.3 2.641 2.    0.
  15 1990   98 20643.  22.3 35.2 2.650 2.    0.
  15 1990   99 20669.  22.3 35.1 2.659 2.    0.
  15 1990  100 20696.  22.2 35.0 2.668 2.    0.
  15 1990  101 20723.  22.2 34.9 2.677 2.   25.
  15 1990  102 20750.  22.2 34.9 2.686 2.   63.
  15 1990  103 20776.  22.2 34.8 2.695 2.    0.
  15 1990  104 20803.  22.2 34.7 2.704 2.    0.
  15 1990  105 20830.  22.2 34.6 2.713 2.    0.
  15 1990  106 20773.  22.2 34.8 2.715 2.    0.
  15 1990  107 20716.  22.2 34.9 2.718 2.    2.
  15 1990  108 20659.  22.2 35.1 2.720 2.    0.
  15 1990  109 20602.  22.1 35.3 2.723 2.    0.
  15 1990  110 20545.  22.1 35.4 2.725 2.    0.
  15 1990  111 20488.  22.1 35.6 2.727 2.    0.
  15 1990  112 20431.  22.1 35.7 2.730 2.    0.
  15 1990  113 20374.  22.1 35.9 2.732 2.    0.
  15 1990  114 20317.  22.1 36.1 2.735 2.    0.
  15 1990  115 20260.  22.1 36.2 2.737 2.    6.
  15 1990  116 20203.  22.1 36.4 2.739 2.    0.
  15 1990  117 20146.  22.0 36.5 2.742 2.    1.
  15 1990  118 20089.  22.0 36.7 2.744 2.   12.
  15 1990  119 20032.  22.0 36.9 2.747 2.    3.
  15 1990  120 19975.  22.0 37.0 2.749 2.    0.
  15 1990  121 19918.  22.0 37.2 2.751 2.   19.
  15 1990  122 19861.  22.0 37.3 2.754 2.    8.
  15 1990  123 19804.  22.0 37.5 2.756 2.    1.
  15 1990  124 19747.  21.9 37.7 2.759 2.    0.
  15 1990  125 19690.  21.9 37.8 2.761 2.    0.
  15 1990  126 19633.  21.9 38.0 2.763 2.    0.
  15 1990  127 19576.  21.9 38.1 2.766 2.    0.
  15 1990  128 19519.  21.9 38.3 2.768 2.    0.
  15 1990  129 19462.  21.9 38.4 2.771 2.    0.
  15 1990  130 19405.  21.9 38.6 2.773 2.    1.
  15 1990  131 19348.  21.9 38.8 2.775 2.    0.
  15 1990  132 19291.  21.8 38.9 2.778 2.    3.
  15 1990  133 19234.  21.8 39.1 2.780 2.    0.
  15 1990  134 19177.  21.8 39.2 2.783 2.    4.
  15 1990  135 19120.  21.8 39.4 2.785 2.    8.
  15 1990  136 19023.  21.9 39.1 2.782 2.    7.
  15 1990  137 18926.  21.9 38.9 2.779 2.    0.
  15 1990  138 18829.  22.0 38.6 2.776 2.    0.
  15 1990  139 18732.  22.1 38.3 2.773 2.    0.
  15 1990  140 18635.  22.2 38.1 2.770 2.    0.
  15 1990  141 18537.  22.2 37.8 2.767 2.    0.
  15 1990  142 18440.  22.3 37.5 2.764 2.    4.
  15 1990  143 18343.  22.4 37.3 2.761 2.    1.
  15 1990  144 18246.  22.4 37.0 2.758 2.    0.
  15 1990  145 18149.  22.5 36.7 2.755 2.    3.
  15 1990  146 18052.  22.6 36.5 2.752 2.    0.
  15 1990  147 17955.  22.7 36.2 2.749 2.   11.
  15 1990  148 17858.  22.7 35.9 2.746 2.    0.
  15 1990  149 17761.  22.8 35.7 2.743 2.    0.
  15 1990  150 17664.  22.9 35.4 2.740 2.   15.
  15 1990  151 17566.  23.0 35.2 2.738 2.    0.
  15 1990  152 17469.  23.0 34.9 2.735 2.    0.
  15 1990  153 17372.  23.1 34.6 2.732 2.    9.
  15 1990  154 17275.  23.2 34.4 2.729 2.    0.
  15 1990  155 17178.  23.2 34.1 2.726 2.    0.
  15 1990  156 17081.  23.3 33.8 2.723 2.    0.
  15 1990  157 16984.  23.4 33.6 2.720 2.    8.
  15 1990  158 16887.  23.5 33.3 2.717 2.    0.
  15 1990  159 16790.  23.5 33.0 2.714 2.    0.
  15 1990  160 16693.  23.6 32.8 2.711 2.   18.
  15 1990  161 16595.  23.7 32.5 2.708 2.   35.
  15 1990  162 16498.  23.7 32.2 2.705 2.    0.
  15 1990  163 16401.  23.8 32.0 2.702 2.    0.
  15 1990  164 16304.  23.9 31.7 2.699 2.    1.
  15 1990  165 16207.  24.0 31.4 2.696 2.    0.
  15 1990  166 16110.  24.0 31.2 2.693 2.    0.
  15 1990  167 16051.  23.9 31.1 2.683 2.   17.
  15 1990  168 15993.  23.8 31.0 2.673 2.    0.
  15 1990  169 15934.  23.7 31.0 2.662 2.    0.
  15 1990  170 15875.  23.6 30.9 2.652 2.    0.
  15 1990  171 15817.  23.5 30.8 2.642 2.    0.
  15 1990  172 15758.  23.4 30.8 2.632 2.   21.
  15 1990  173 15699.  23.3 30.7 2.621 2.    0.
  15 1990  174 15641.  23.2 30.6 2.611 2.    0.
  15 1990  175 15582.  23.1 30.6 2.601 2.    0.
  15 1990  176 15523.  23.0 30.5 2.591 2.    0.
  15 1990  177 15465.  22.9 30.4 2.580 2.    0.
  15 1990  178 15406.  22.8 30.4 2.570 2.    0.
  15 1990  179 15347.  22.7 30.3 2.560 2.    0.
  15 1990  180 15289.  22.6 30.2 2.550 2.    6.
  15 1990  181 15230.  22.5 30.2 2.539 2.    7.
  15 1990  182 15171.  22.4 30.1 2.529 2.    0.
  15 1990  183 15113.  22.3 30.0 2.519 2.    0.
  15 1990  184 15054.  22.2 30.0 2.509 2.    0.
  15 1990  185 14995.  22.1 29.9 2.499 2.    0.
  15 1990  186 14937.  22.0 29.8 2.488 2.    0.
  15 1990  187 14878.  21.9 29.8 2.478 2.    0.
  15 1990  188 14819.  21.8 29.7 2.468 2.    0.
  15 1990  189 14761.  21.7 29.6 2.458 2.    0.
  15 1990  190 14702.  21.6 29.6 2.447 2.    6.
  15 1990  191 14643.  21.5 29.5 2.437 2.   30.
  15 1990  192 14585.  21.4 29.4 2.427 2.    0.
  15 1990  193 14526.  21.3 29.4 2.417 2.    0.
  15 1990  194 14467.  21.2 29.3 2.406 2.    1.
  15 1990  195 14409.  21.1 29.2 2.396 2.    0.
  15 1990  196 14350.  21.0 29.2 2.386 2.    0.
  15 1990  197 14340.  21.0 29.2 2.391 2.    0.
  15 1990  198 14329.  21.0 29.2 2.396 2.    0.
  15 1990  199 14319.  21.0 29.2 2.401 2.    0.
  15 1990  200 14309.  21.1 29.2 2.405 2.    0.
  15 1990  201 14298.  21.1 29.3 2.410 2.    3.
  15 1990  202 14288.  21.1 29.3 2.415 2.    0.
  15 1990  203 14278.  21.1 29.3 2.420 2.    0.
  15 1990  204 14267.  21.1 29.3 2.425 2.    4.
  15 1990  205 14257.  21.1 29.3 2.430 2.    2.
  15 1990  206 14247.  21.1 29.4 2.434 2.    0.
  15 1990  207 14236.  21.1 29.4 2.439 2.    1.
  15 1990  208 14226.  21.1 29.4 2.444 2.    0.
  15 1990  209 14216.  21.1 29.4 2.449 2.    0.
  15 1990  210 14205.  21.1 29.4 2.454 2.    0.
  15 1990  211 14195.  21.1 29.5 2.459 2.    0.
  15 1990  212 14185.  21.1 29.5 2.463 2.    0.
  15 1990  213 14175.  21.1 29.5 2.468 2.    0.
  15 1990  214 14164.  21.1 29.5 2.473 2.    0.
  15 1990  215 14154.  21.2 29.5 2.478 2.    0.
  15 1990  216 14144.  21.2 29.6 2.483 2.    0.
  15 1990  217 14133.  21.2 29.6 2.488 2.   50.
  15 1990  218 14123.  21.2 29.6 2.492 2.    0.
  15 1990  219 14113.  21.2 29.6 2.497 2.    0.
  15 1990  220 14102.  21.2 29.6 2.502 2.    0.
  15 1990  221 14092.  21.2 29.7 2.507 2.    0.
  15 1990  222 14082.  21.2 29.7 2.512 2.    5.
  15 1990  223 14071.  21.2 29.7 2.517 2.    8.
  15 1990  224 14061.  21.2 29.7 2.521 2.    0.
  15 1990  225 14051.  21.2 29.7 2.526 2.    0.
  15 1990  226 14040.  21.2 29.8 2.531 2.    0.
  15 1990  227 14030.  21.2 29.8 2.536 2.   30.
  15 1990  228 14082.  21.2 29.8 2.541 2.    0.
  15 1990  229 14134.  21.3 29.8 2.546 2.    0.
  15 1990  230 14186.  21.3 29.9 2.551 2.    9.
  15 1990  231 14238.  21.3 29.9 2.556 2.    0.
  15 1990  232 14290.  21.3 29.9 2.561 2.    4.
  15 1990  233 14342.  21.3 30.0 2.565 2.    0.
  15 1990  234 14394.  21.3 30.0 2.570 2.    0.
  15 1990  235 14445.  21.3 30.0 2.575 2.    2.
  15 1990  236 14497.  21.3 30.1 2.580 2.   14.
  15 1990  237 14549.  21.3 30.1 2.585 2.    0.
  15 1990  238 14601.  21.4 30.1 2.590 2.    0.
  15 1990  239 14653.  21.4 30.2 2.595 2.    0.
  15 1990  240 14705.  21.4 30.2 2.600 2.   17.
  15 1990  241 14757.  21.4 30.2 2.605 2.    0.
  15 1990  242 14809.  21.4 30.3 2.610 2.   63.
  15 1990  243 14861.  21.4 30.3 2.614 2.    0.
  15 1990  244 14913.  21.4 30.3 2.619 2.    0.
  15 1990  245 14965.  21.4 30.4 2.624 2.    0.
  15 1990  246 15017.  21.5 30.4 2.629 2.    2.
  15 1990  247 15069.  21.5 30.4 2.634 2.    0.
  15 1990  248 15121.  21.5 30.5 2.639 2.    0.
  15 1990  249 15173.  21.5 30.5 2.644 2.    1.
  15 1990  250 15225.  21.5 30.5 2.649 2.    0.
  15 1990  251 15276.  21.5 30.6 2.654 2.    0.
  15 1990  252 15328.  21.5 30.6 2.659 2.    0.
  15 1990  253 15380.  21.5 30.6 2.663 2.    0.
  15 1990  254 15432.  21.6 30.7 2.668 2.    5.
  15 1990  255 15484.  21.6 30.7 2.673 2.   33.
  15 1990  256 15536.  21.6 30.7 2.678 2.    0.
  15 1990  257 15588.  21.6 30.8 2.683 2.    0.
  15 1990  258 15640.  21.6 30.8 2.688 2.    3.
  15 1990  259 15721.  21.6 30.8 2.683 2.    0.
  15 1990  260 15803.  21.6 30.8 2.679 2.    0.
  15 1990  261 15884.  21.5 30.9 2.674 2.    0.
  15 1990  262 15965.  21.5 30.9 2.670 2.    0.
  15 1990  263 16047.  21.5 30.9 2.665 2.    0.
  15 1990  264 16128.  21.5 30.9 2.660 2.    0.
  15 1990  265 16209.  21.5 30.9 2.656 2.    0.
  15 1990  266 16291.  21.4 31.0 2.651 1.    0.
  15 1990  267 16372.  21.4 31.0 2.647 1.   30.
  15 1990  268 16453.  21.4 31.0 2.642 1.    5.
  15 1990  269 16535.  21.4 31.0 2.637 1.    0.
  15 1990  270 16616.  21.3 31.0 2.633 1.    3.
  15 1990  271 16697.  21.3 31.1 2.628 1.   18.
  15 1990  272 16779.  21.3 31.1 2.624 1.   10.
  15 1990  273 16860.  21.3 31.1 2.619 1.    6.
  15 1990  274 16941.  21.3 31.1 2.614 1.    0.
  15 1990  275 17023.  21.2 31.1 2.610 1.    0.
  15 1990  276 17104.  21.2 31.2 2.605 1.    7.
  15 1990  277 17185.  21.2 31.2 2.601 1.    0.
  15 1990  278 17267.  21.2 31.2 2.596 1.    0.
  15 1990  279 17348.  21.2 31.2 2.591 1.    0.
  15 1990  280 17429.  21.1 31.2 2.587 1.    0.
  15 1990  281 17511.  21.1 31.3 2.582 1.    0.
  15 1990  282 17592.  21.1 31.3 2.578 1.    0.
  15 1990  283 17673.  21.1 31.3 2.573 1.    0.
  15 1990  284 17755.  21.1 31.3 2.568 1.    0.
  15 1990  285 17836.  21.0 31.3 2.564 1.    0.
  15 1990  286 17917.  21.0 31.4 2.559 1.    0.
  15 1990  287 17999.  21.0 31.4 2.555 1.   20.
  15 1990  288 18080.  21.0 31.4 2.550 1.    5.
  15 1990  289 18044.  20.9 31.4 2.555 1.    0.
  15 1990  290 18008.  20.8 31.4 2.560 1.    0.
  15 1990  291 17973.  20.8 31.4 2.566 1.    1.
  15 1990  292 17937.  20.7 31.5 2.571 1.    0.
  15 1990  293 17901.  20.6 31.5 2.576 1.    5.
  15 1990  294 17865.  20.6 31.5 2.581 1.    0.
  15 1990  295 17829.  20.5 31.5 2.586 1.    0.
  15 1990  296 17794.  20.4 31.5 2.592 1.    0.
  15 1990  297 17758.  20.4 31.5 2.597 1.   19.
  15 1990  298 17722.  20.3 31.6 2.602 1.   34.
  15 1990  299 17686.  20.2 31.6 2.607 1.    0.
  15 1990  300 17650.  20.2 31.6 2.612 1.    0.
  15 1990  301 17615.  20.1 31.6 2.618 1.    0.
  15 1990  302 17579.  20.0 31.6 2.623 1.    0.
  15 1990  303 17543.  20.0 31.6 2.628 1.   31.
  15 1990  304 17507.  19.9 31.6 2.633 1.    6.
  15 1990  305 17471.  19.9 31.7 2.638 1.    0.
  15 1990  306 17435.  19.8 31.7 2.643 1.    0.
  15 1990  307 17400.  19.7 31.7 2.649 1.    0.
  15 1990  308 17364.  19.7 31.7 2.654 1.    0.
  15 1990  309 17328.  19.6 31.7 2.659 1.    0.
  15 1990  310 17292.  19.5 31.7 2.664 1.    0.
  15 1990  311 17256.  19.5 31.8 2.669 1.    0.
  15 1990  312 17221.  19.4 31.8 2.675 1.    0.
  15 1990  313 17185.  19.3 31.8 2.680 1.    0.
  15 1990  314 17149.  19.3 31.8 2.685 1.    0.
  15 1990  315 17113.  19.2 31.8 2.690 1.    0.
  15 1990  316 17077.  19.1 31.8 2.695 1.    0.
  15 1990  317 17042.  19.1 31.8 2.701 1.    0.
  15 1990  318 17006.  19.0 31.9 2.706 1.    0.
  15 1990  319 16970.  18.9 31.9 2.711 1.    0.
  15 1990  320 16946.  18.9 31.9 2.701 1.    4.
  15 1990  321 16922.  18.8 31.9 2.692 1.    0.
  15 1990  322 16898.  18.7 31.9 2.682 1.    0.
  15 1990  323 16874.  18.7 31.9 2.672 1.    0.
  15 1990  324 16850.  18.6 31.9 2.662 1.    0.
  15 1990  325 16826.  18.6 31.9 2.653 1.    0.
  15 1990  326 16802.  18.5 31.9 2.643 1.   35.
  15 1990  327 16778.  18.4 31.9 2.633 1.    0.
  15 1990  328 16754.  18.4 32.0 2.623 1.    0.
  15 1990  329 16730.  18.3 32.0 2.614 1.    0.
  15 1990  330 16706.  18.2 32.0 2.604 1.    0.
  15 1990  331 16682.  18.2 32.0 2.594 1.    0.
  15 1990  332 16658.  18.1 32.0 2.584 1.    0.
  15 1990  333 16634.  18.1 32.0 2.575 1.    2.
  15 1990  334 16610.  18.0 32.0 2.565 1.    0.
  15 1990  335 16586.  17.9 32.0 2.555 1.    0.
  15 1990  336 16562.  17.9 32.0 2.546 1.   10.
  15 1990  337 16538.  17.8 32.0 2.536 1.    0.
  15 1990  338 16514.  17.7 32.0 2.526 1.    0.
  15 1990  339 16490.  17.7 32.0 2.516 1.    0.
  15 1990  340 16466.  17.6 32.1 2.507 1.    0.
  15 1990  341 16442.  17.6 32.1 2.497 1.    0.
  15 1990  342 16418.  17.5 32.1 2.487 1.    0.
  15 1990  343 16394.  17.4 32.1 2.477 1.    0.
  15 1990  344 16370.  17.4 32.1 2.468 1.    0.
  15 1990  345 16346.  17.3 32.1 2.458 1.    0.
  15 1990  346 16322.  17.2 32.1 2.448 1.    1.
  15 1990  347 16298.  17.2 32.1 2.438 1.    0.
  15 1990  348 16274.  17.1 32.1 2.429 1.    0.
  15 1990  349 16250.  17.1 32.1 2.419 1.    0.
  15 1990  350 16199.  17.1 32.2 2.412 1.    0.
  15 1990  351 16149.  17.2 32.2 2.405 1.    0.
  15 1990  352 16098.  17.2 32.2 2.398 1.    1.
  15 1990  353 16048.  17.3 32.3 2.391 1.    0.
  15 1990  354 15997.  17.4 32.3 2.384 1.    0.
  15 1990  355 15946.  17.4 32.3 2.377 1.    0.
  15 1990  356 15896.  17.5 32.3 2.370 1.    0.
  15 1990  357 15845.  17.6 32.4 2.363 1.    0.
  15 1990  358 15794.  17.6 32.4 2.356 1.    0.
  15 1990  359 15744.  17.7 32.4 2.349 1.    0.
  15 1990  360 15693.  17.8 32.5 2.342 1.    0.
  15 1990  361 15643.  17.8 32.5 2.335 1.    0.
  15 1990  362 15592.  17.9 32.5 2.328 1.    0.
  15 1990  363 15541.  17.9 32.6 2.321 1.    0.
  15 1990  364 15491.  18.0 32.6 2.314 1.    0.
  15 1990  365 15440.  18.1 32.6 2.308 1.    0.
