*---------------------------------------------------------*
*   Country: Cote d'Ivoire
*   Station: San Pedro
*      Year: 1987
* Longitude: 006 39 W
*  Latitude: 04 45 N
* Elevation: 30 m.
*  WMO-code: 65.5280
*  Comments: Automatically generated file from *.WOF file
*            with REGENSIM.FOR ver. aug 96
*
*  Columns:
*  ========
*  station number
*  year
*  day
*  irradiation (kJ m-2 d-1)
*  minimum temperature (degrees Celsius)
*  maximum temperature (degrees Celsius)
*  vapour pressure (kPa)
*  mean wind speed (m s-1)
*  precipitation (mm month-1)
*---------------------------------------------------------*
  -6.65    4.75   30.00     .00     .00
  17 1987    1 13465.  22.6 30.5 3.084 2.    0.
  17 1987    2 13433.  22.6 30.5 3.083 2.    0.
  17 1987    3 13401.  22.6 30.5 3.082 2.    0.
  17 1987    4 13370.  22.6 30.5 3.081 2.    0.
  17 1987    5 13338.  22.6 30.5 3.080 3.    0.
  17 1987    6 13306.  22.6 30.5 3.079 3.    0.
  17 1987    7 13274.  22.5 30.6 3.078 3.    0.
  17 1987    8 13243.  22.5 30.6 3.077 3.    0.
  17 1987    9 13211.  22.5 30.6 3.075 3.    0.
  17 1987   10 13179.  22.5 30.6 3.074 3.    0.
  17 1987   11 13147.  22.5 30.6 3.073 3.    0.
  17 1987   12 13115.  22.5 30.6 3.072 3.    0.
  17 1987   13 13084.  22.5 30.6 3.071 3.    0.
  17 1987   14 13052.  22.5 30.6 3.070 3.    0.
  17 1987   15 13020.  22.5 30.6 3.069 3.    0.
  17 1987   16 13102.  22.5 30.7 3.067 3.    0.
  17 1987   17 13185.  22.6 30.7 3.065 3.    0.
  17 1987   18 13267.  22.6 30.7 3.063 3.    0.
  17 1987   19 13349.  22.6 30.7 3.061 3.    0.
  17 1987   20 13432.  22.7 30.7 3.059 3.    0.
  17 1987   21 13514.  22.7 30.7 3.057 3.    0.
  17 1987   22 13596.  22.7 30.8 3.055 3.    0.
  17 1987   23 13679.  22.8 30.8 3.053 3.    0.
  17 1987   24 13761.  22.8 30.8 3.051 3.    0.
  17 1987   25 13843.  22.8 30.8 3.049 3.    0.
  17 1987   26 13926.  22.9 30.8 3.047 3.    0.
  17 1987   27 14008.  22.9 30.8 3.045 3.    0.
  17 1987   28 14090.  22.9 30.9 3.043 3.    0.
  17 1987   29 14173.  23.0 30.9 3.041 3.    0.
  17 1987   30 14255.  23.0 30.9 3.039 4.    0.
  17 1987   31 14337.  23.1 30.9 3.037 4.    4.
  17 1987   32 14420.  23.1 30.9 3.035 4.    0.
  17 1987   33 14502.  23.1 30.9 3.033 4.    0.
  17 1987   34 14584.  23.2 30.9 3.031 4.    0.
  17 1987   35 14667.  23.2 31.0 3.029 4.    0.
  17 1987   36 14749.  23.2 31.0 3.027 4.    0.
  17 1987   37 14831.  23.3 31.0 3.025 4.    0.
  17 1987   38 14914.  23.3 31.0 3.023 4.    0.
  17 1987   39 14996.  23.3 31.0 3.021 4.    0.
  17 1987   40 15078.  23.4 31.0 3.019 4.    6.
  17 1987   41 15161.  23.4 31.1 3.017 4.    0.
  17 1987   42 15243.  23.4 31.1 3.015 4.    0.
  17 1987   43 15325.  23.5 31.1 3.013 4.    0.
  17 1987   44 15408.  23.5 31.1 3.011 4.    0.
  17 1987   45 15490.  23.5 31.1 3.009 4.    0.
  17 1987   46 15480.  23.5 31.1 3.011 4.    0.
  17 1987   47 15471.  23.5 31.1 3.013 4.    0.
  17 1987   48 15461.  23.5 31.2 3.014 4.    0.
  17 1987   49 15451.  23.5 31.2 3.016 4.    0.
  17 1987   50 15442.  23.6 31.2 3.018 4.    0.
  17 1987   51 15432.  23.6 31.2 3.020 4.    0.
  17 1987   52 15422.  23.6 31.2 3.021 4.    0.
  17 1987   53 15413.  23.6 31.2 3.023 4.    0.
  17 1987   54 15403.  23.6 31.2 3.025 4.    0.
  17 1987   55 15393.  23.6 31.2 3.027 4.    0.
  17 1987   56 15384.  23.6 31.2 3.028 4.    0.
  17 1987   57 15374.  23.6 31.3 3.030 4.    0.
  17 1987   58 15364.  23.6 31.3 3.032 4.    0.
  17 1987   59 15355.  23.6 31.3 3.034 4.    0.
  17 1987   60 15345.  23.6 31.3 3.035 4.    0.
  17 1987   61 15336.  23.6 31.3 3.037 4.    0.
  17 1987   62 15326.  23.6 31.3 3.039 4.    0.
  17 1987   63 15316.  23.6 31.3 3.041 4.    1.
  17 1987   64 15307.  23.6 31.3 3.042 4.    0.
  17 1987   65 15297.  23.6 31.4 3.044 4.    0.
  17 1987   66 15287.  23.6 31.4 3.046 4.    0.
  17 1987   67 15278.  23.6 31.4 3.048 3.    0.
  17 1987   68 15268.  23.6 31.4 3.049 3.    0.
  17 1987   69 15258.  23.6 31.4 3.051 3.    6.
  17 1987   70 15249.  23.6 31.4 3.053 3.    0.
  17 1987   71 15239.  23.6 31.4 3.055 3.    0.
  17 1987   72 15229.  23.6 31.4 3.056 3.    0.
  17 1987   73 15220.  23.6 31.4 3.058 3.    0.
  17 1987   74 15210.  23.6 31.5 3.060 3.    0.
  17 1987   75 15227.  23.6 31.4 3.063 3.    0.
  17 1987   76 15244.  23.6 31.4 3.066 3.    0.
  17 1987   77 15260.  23.6 31.4 3.069 3.   87.
  17 1987   78 15277.  23.6 31.4 3.073 3.    0.
  17 1987   79 15294.  23.6 31.4 3.076 3.    0.
  17 1987   80 15311.  23.6 31.4 3.079 3.    0.
  17 1987   81 15327.  23.6 31.4 3.082 3.    0.
  17 1987   82 15344.  23.6 31.4 3.085 3.    0.
  17 1987   83 15361.  23.6 31.4 3.088 3.    0.
  17 1987   84 15378.  23.6 31.4 3.092 3.    0.
  17 1987   85 15395.  23.6 31.3 3.095 3.    0.
  17 1987   86 15411.  23.6 31.3 3.098 3.    0.
  17 1987   87 15428.  23.6 31.3 3.101 3.    0.
  17 1987   88 15445.  23.6 31.3 3.104 3.    0.
  17 1987   89 15462.  23.6 31.3 3.107 3.    0.
  17 1987   90 15478.  23.6 31.3 3.111 4.   10.
  17 1987   91 15495.  23.6 31.3 3.114 4.    0.
  17 1987   92 15512.  23.7 31.3 3.117 4.    0.
  17 1987   93 15529.  23.7 31.3 3.120 4.    0.
  17 1987   94 15545.  23.7 31.2 3.123 4.    0.
  17 1987   95 15562.  23.7 31.2 3.126 4.    0.
  17 1987   96 15579.  23.7 31.2 3.130 4.    0.
  17 1987   97 15596.  23.7 31.2 3.133 4.    0.
  17 1987   98 15613.  23.7 31.2 3.136 4.    0.
  17 1987   99 15629.  23.7 31.2 3.139 4.    0.
  17 1987  100 15646.  23.7 31.2 3.142 4.    3.
  17 1987  101 15663.  23.7 31.2 3.145 4.    0.
  17 1987  102 15680.  23.7 31.2 3.149 4.    0.
  17 1987  103 15696.  23.7 31.1 3.152 4.   12.
  17 1987  104 15713.  23.7 31.1 3.155 4.    3.
  17 1987  105 15730.  23.7 31.1 3.158 4.    0.
  17 1987  106 15650.  23.7 31.1 3.156 4.    0.
  17 1987  107 15570.  23.7 31.1 3.154 4.    0.
  17 1987  108 15490.  23.7 31.0 3.152 4.    6.
  17 1987  109 15410.  23.7 31.0 3.151 4.    0.
  17 1987  110 15330.  23.7 31.0 3.149 4.    6.
  17 1987  111 15250.  23.7 30.9 3.147 4.    0.
  17 1987  112 15170.  23.7 30.9 3.145 4.    0.
  17 1987  113 15090.  23.7 30.9 3.143 4.    0.
  17 1987  114 15010.  23.7 30.8 3.142 4.    0.
  17 1987  115 14930.  23.6 30.8 3.140 4.    0.
  17 1987  116 14850.  23.6 30.8 3.138 4.    0.
  17 1987  117 14770.  23.6 30.7 3.136 4.    0.
  17 1987  118 14690.  23.6 30.7 3.134 4.    2.
  17 1987  119 14610.  23.6 30.7 3.132 4.    0.
  17 1987  120 14530.  23.6 30.6 3.131 5.    0.
  17 1987  121 14450.  23.6 30.6 3.129 5.   10.
  17 1987  122 14370.  23.6 30.6 3.127 5.   15.
  17 1987  123 14290.  23.6 30.5 3.125 5.    5.
  17 1987  124 14210.  23.6 30.5 3.123 5.    0.
  17 1987  125 14130.  23.6 30.5 3.121 5.    1.
  17 1987  126 14050.  23.6 30.4 3.119 5.    0.
  17 1987  127 13970.  23.6 30.4 3.118 5.   49.
  17 1987  128 13890.  23.6 30.4 3.116 5.   13.
  17 1987  129 13810.  23.6 30.3 3.114 5.   19.
  17 1987  130 13730.  23.6 30.3 3.112 5.   55.
  17 1987  131 13650.  23.6 30.3 3.110 5.   20.
  17 1987  132 13570.  23.6 30.2 3.109 5.    2.
  17 1987  133 13490.  23.6 30.2 3.107 5.   12.
  17 1987  134 13410.  23.6 30.2 3.105 5.    0.
  17 1987  135 13330.  23.6 30.1 3.103 5.    0.
  17 1987  136 13321.  23.6 30.1 3.098 5.    0.
  17 1987  137 13312.  23.5 30.0 3.093 5.    3.
  17 1987  138 13303.  23.5 30.0 3.088 5.   15.
  17 1987  139 13294.  23.5 29.9 3.082 5.    0.
  17 1987  140 13285.  23.5 29.9 3.077 5.    0.
  17 1987  141 13276.  23.5 29.8 3.072 5.    0.
  17 1987  142 13267.  23.5 29.8 3.067 5.    0.
  17 1987  143 13258.  23.5 29.7 3.062 5.    8.
  17 1987  144 13249.  23.5 29.7 3.057 5.    0.
  17 1987  145 13240.  23.5 29.6 3.052 5.    8.
  17 1987  146 13231.  23.5 29.6 3.047 5.    0.
  17 1987  147 13222.  23.5 29.5 3.041 5.    5.
  17 1987  148 13213.  23.5 29.5 3.036 5.    6.
  17 1987  149 13204.  23.5 29.4 3.031 5.    3.
  17 1987  150 13195.  23.4 29.4 3.026 5.    0.
  17 1987  151 13185.  23.4 29.3 3.021 5.    3.
  17 1987  152 13176.  23.4 29.3 3.016 5.    0.
  17 1987  153 13167.  23.4 29.2 3.011 5.    4.
  17 1987  154 13158.  23.4 29.2 3.006 5.    2.
  17 1987  155 13149.  23.4 29.1 3.000 4.   58.
  17 1987  156 13140.  23.4 29.1 2.995 4.    0.
  17 1987  157 13131.  23.4 29.0 2.990 4.    0.
  17 1987  158 13122.  23.4 29.0 2.985 4.    1.
  17 1987  159 13113.  23.4 28.9 2.980 4.   26.
  17 1987  160 13104.  23.4 28.9 2.975 4.    0.
  17 1987  161 13095.  23.4 28.8 2.970 4.   19.
  17 1987  162 13086.  23.4 28.8 2.965 4.    0.
  17 1987  163 13077.  23.3 28.7 2.959 4.    5.
  17 1987  164 13068.  23.3 28.7 2.954 4.    0.
  17 1987  165 13059.  23.3 28.6 2.949 4.   11.
  17 1987  166 13050.  23.3 28.6 2.944 4.    0.
  17 1987  167 13048.  23.3 28.5 2.942 4.    0.
  17 1987  168 13046.  23.3 28.5 2.939 4.   14.
  17 1987  169 13044.  23.2 28.5 2.937 4.   18.
  17 1987  170 13042.  23.2 28.4 2.934 4.    0.
  17 1987  171 13040.  23.2 28.4 2.932 4.    0.
  17 1987  172 13038.  23.2 28.4 2.929 4.    0.
  17 1987  173 13036.  23.2 28.3 2.927 4.    0.
  17 1987  174 13034.  23.1 28.3 2.924 4.    3.
  17 1987  175 13032.  23.1 28.3 2.922 4.    0.
  17 1987  176 13030.  23.1 28.2 2.919 4.   15.
  17 1987  177 13028.  23.1 28.2 2.917 4.    3.
  17 1987  178 13026.  23.0 28.1 2.914 4.    0.
  17 1987  179 13024.  23.0 28.1 2.912 4.    0.
  17 1987  180 13022.  23.0 28.1 2.909 4.    0.
  17 1987  181 13020.  23.0 28.0 2.907 4.   36.
  17 1987  182 13018.  22.9 28.0 2.905 4.    1.
  17 1987  183 13016.  22.9 28.0 2.902 4.    0.
  17 1987  184 13014.  22.9 27.9 2.900 4.    1.
  17 1987  185 13012.  22.9 27.9 2.897 4.    1.
  17 1987  186 13010.  22.8 27.9 2.895 4.    0.
  17 1987  187 13008.  22.8 27.8 2.892 4.    0.
  17 1987  188 13006.  22.8 27.8 2.890 4.    0.
  17 1987  189 13004.  22.8 27.8 2.887 4.    1.
  17 1987  190 13002.  22.7 27.7 2.885 4.    0.
  17 1987  191 13000.  22.7 27.7 2.882 4.    1.
  17 1987  192 12998.  22.7 27.7 2.880 4.    1.
  17 1987  193 12996.  22.7 27.6 2.877 4.    0.
  17 1987  194 12994.  22.6 27.6 2.875 4.    1.
  17 1987  195 12992.  22.6 27.5 2.872 4.    0.
  17 1987  196 12990.  22.6 27.5 2.870 4.    0.
  17 1987  197 12956.  22.6 27.5 2.871 4.    0.
  17 1987  198 12923.  22.6 27.5 2.872 4.    0.
  17 1987  199 12889.  22.6 27.4 2.873 4.    0.
  17 1987  200 12856.  22.6 27.4 2.874 4.    1.
  17 1987  201 12822.  22.6 27.4 2.875 4.    1.
  17 1987  202 12789.  22.5 27.4 2.877 4.    1.
  17 1987  203 12755.  22.5 27.4 2.878 4.    0.
  17 1987  204 12722.  22.5 27.3 2.879 4.    0.
  17 1987  205 12688.  22.5 27.3 2.880 4.    1.
  17 1987  206 12655.  22.5 27.3 2.881 4.    1.
  17 1987  207 12621.  22.5 27.3 2.882 4.    1.
  17 1987  208 12587.  22.5 27.2 2.883 4.    0.
  17 1987  209 12554.  22.5 27.2 2.884 4.    0.
  17 1987  210 12520.  22.5 27.2 2.885 4.    1.
  17 1987  211 12487.  22.5 27.2 2.886 4.    1.
  17 1987  212 12453.  22.4 27.2 2.888 4.    0.
  17 1987  213 12420.  22.4 27.1 2.889 4.    0.
  17 1987  214 12386.  22.4 27.1 2.890 4.    6.
  17 1987  215 12353.  22.4 27.1 2.891 4.    0.
  17 1987  216 12319.  22.4 27.1 2.892 4.   22.
  17 1987  217 12285.  22.4 27.0 2.893 4.    0.
  17 1987  218 12252.  22.4 27.0 2.894 4.    4.
  17 1987  219 12218.  22.4 27.0 2.895 4.    0.
  17 1987  220 12185.  22.4 27.0 2.896 4.    3.
  17 1987  221 12151.  22.4 27.0 2.897 4.    0.
  17 1987  222 12118.  22.3 26.9 2.899 4.   11.
  17 1987  223 12084.  22.3 26.9 2.900 4.    1.
  17 1987  224 12051.  22.3 26.9 2.901 4.    5.
  17 1987  225 12017.  22.3 26.9 2.902 4.    7.
  17 1987  226 11984.  22.3 26.8 2.903 4.    0.
  17 1987  227 11950.  22.3 26.8 2.904 4.    9.
  17 1987  228 11957.  22.3 26.8 2.906 4.    7.
  17 1987  229 11964.  22.3 26.9 2.907 4.    1.
  17 1987  230 11971.  22.4 26.9 2.909 4.    0.
  17 1987  231 11978.  22.4 26.9 2.910 4.   18.
  17 1987  232 11985.  22.4 27.0 2.912 4.    0.
  17 1987  233 11993.  22.4 27.0 2.913 4.    0.
  17 1987  234 12000.  22.5 27.0 2.915 4.    5.
  17 1987  235 12007.  22.5 27.0 2.916 4.    0.
  17 1987  236 12014.  22.5 27.1 2.918 4.    0.
  17 1987  237 12021.  22.5 27.1 2.919 4.    0.
  17 1987  238 12028.  22.5 27.1 2.921 4.    4.
  17 1987  239 12035.  22.6 27.1 2.922 4.   12.
  17 1987  240 12042.  22.6 27.2 2.924 4.    5.
  17 1987  241 12049.  22.6 27.2 2.925 4.    0.
  17 1987  242 12056.  22.6 27.2 2.927 4.    6.
  17 1987  243 12064.  22.7 27.2 2.928 5.    1.
  17 1987  244 12071.  22.7 27.3 2.930 5.   28.
  17 1987  245 12078.  22.7 27.3 2.931 5.    6.
  17 1987  246 12085.  22.7 27.3 2.933 5.    3.
  17 1987  247 12092.  22.7 27.4 2.934 5.    5.
  17 1987  248 12099.  22.8 27.4 2.936 5.    2.
  17 1987  249 12106.  22.8 27.4 2.937 5.    0.
  17 1987  250 12113.  22.8 27.4 2.939 5.    4.
  17 1987  251 12120.  22.8 27.5 2.940 5.    2.
  17 1987  252 12127.  22.8 27.5 2.942 5.    3.
  17 1987  253 12135.  22.9 27.5 2.943 5.    0.
  17 1987  254 12142.  22.9 27.5 2.945 5.    5.
  17 1987  255 12149.  22.9 27.6 2.946 5.    4.
  17 1987  256 12156.  22.9 27.6 2.948 5.    0.
  17 1987  257 12163.  23.0 27.6 2.949 5.    8.
  17 1987  258 12170.  23.0 27.6 2.951 5.    0.
  17 1987  259 12295.  23.0 27.7 2.952 5.    7.
  17 1987  260 12419.  23.0 27.7 2.953 5.    0.
  17 1987  261 12544.  23.0 27.8 2.953 5.   18.
  17 1987  262 12669.  23.0 27.8 2.954 5.   10.
  17 1987  263 12793.  23.0 27.8 2.955 5.    1.
  17 1987  264 12918.  23.0 27.9 2.956 5.    0.
  17 1987  265 13043.  23.0 27.9 2.957 5.    2.
  17 1987  266 13167.  23.0 28.0 2.957 4.    9.
  17 1987  267 13292.  23.0 28.0 2.958 4.   11.
  17 1987  268 13417.  23.0 28.0 2.959 4.    0.
  17 1987  269 13541.  23.0 28.1 2.960 4.   84.
  17 1987  270 13666.  23.0 28.1 2.961 4.    3.
  17 1987  271 13791.  23.0 28.2 2.961 4.    0.
  17 1987  272 13915.  23.0 28.2 2.962 4.    3.
  17 1987  273 14040.  23.0 28.2 2.963 4.    2.
  17 1987  274 14165.  23.0 28.3 2.964 4.    1.
  17 1987  275 14289.  23.1 28.3 2.965 4.    0.
  17 1987  276 14414.  23.1 28.4 2.965 4.    0.
  17 1987  277 14539.  23.1 28.4 2.966 4.    4.
  17 1987  278 14663.  23.1 28.4 2.967 4.   25.
  17 1987  279 14788.  23.1 28.5 2.968 4.   10.
  17 1987  280 14913.  23.1 28.5 2.969 4.   22.
  17 1987  281 15037.  23.1 28.5 2.969 4.    0.
  17 1987  282 15162.  23.1 28.6 2.970 4.    0.
  17 1987  283 15287.  23.1 28.6 2.971 4.    7.
  17 1987  284 15411.  23.1 28.7 2.972 4.    5.
  17 1987  285 15536.  23.1 28.7 2.973 4.    4.
  17 1987  286 15661.  23.1 28.7 2.973 4.    0.
  17 1987  287 15785.  23.1 28.8 2.974 4.    0.
  17 1987  288 15910.  23.1 28.8 2.975 4.    0.
  17 1987  289 15975.  23.1 28.9 2.980 4.    0.
  17 1987  290 16040.  23.1 28.9 2.986 4.   47.
  17 1987  291 16105.  23.1 28.9 2.991 4.    2.
  17 1987  292 16169.  23.1 29.0 2.997 4.    0.
  17 1987  293 16234.  23.1 29.0 3.002 4.    0.
  17 1987  294 16299.  23.1 29.0 3.007 4.    0.
  17 1987  295 16364.  23.1 29.1 3.013 4.    2.
  17 1987  296 16429.  23.1 29.1 3.018 4.   48.
  17 1987  297 16494.  23.1 29.1 3.023 4.    0.
  17 1987  298 16558.  23.1 29.2 3.029 3.    1.
  17 1987  299 16623.  23.1 29.2 3.034 3.   11.
  17 1987  300 16688.  23.1 29.3 3.040 3.   66.
  17 1987  301 16753.  23.1 29.3 3.045 3.    6.
  17 1987  302 16818.  23.0 29.3 3.050 3.    0.
  17 1987  303 16883.  23.0 29.4 3.056 3.    2.
  17 1987  304 16947.  23.0 29.4 3.061 3.    5.
  17 1987  305 17012.  23.0 29.4 3.067 3.    2.
  17 1987  306 17077.  23.0 29.5 3.072 3.    0.
  17 1987  307 17142.  23.0 29.5 3.077 3.    9.
  17 1987  308 17207.  23.0 29.5 3.083 3.    0.
  17 1987  309 17272.  23.0 29.6 3.088 3.    0.
  17 1987  310 17336.  23.0 29.6 3.094 3.    0.
  17 1987  311 17401.  23.0 29.7 3.099 3.    0.
  17 1987  312 17466.  23.0 29.7 3.104 3.   17.
  17 1987  313 17531.  23.0 29.7 3.110 3.    3.
  17 1987  314 17596.  23.0 29.8 3.115 3.    0.
  17 1987  315 17661.  23.0 29.8 3.120 3.    0.
  17 1987  316 17725.  23.0 29.8 3.126 2.    0.
  17 1987  317 17790.  23.0 29.9 3.131 2.    0.
  17 1987  318 17855.  23.0 29.9 3.137 2.    0.
  17 1987  319 17920.  23.0 29.9 3.142 2.    0.
  17 1987  320 17786.  23.0 30.0 3.141 2.   11.
  17 1987  321 17653.  23.0 30.0 3.139 2.    0.
  17 1987  322 17519.  22.9 30.0 3.138 2.    2.
  17 1987  323 17385.  22.9 30.0 3.136 2.    0.
  17 1987  324 17252.  22.9 30.0 3.135 2.    0.
  17 1987  325 17118.  22.9 30.0 3.133 2.    0.
  17 1987  326 16984.  22.9 30.0 3.132 2.    0.
  17 1987  327 16851.  22.9 30.0 3.131 2.   19.
  17 1987  328 16717.  22.9 30.1 3.129 2.    0.
  17 1987  329 16583.  22.9 30.1 3.128 2.    0.
  17 1987  330 16450.  22.9 30.1 3.126 2.    0.
  17 1987  331 16316.  22.9 30.1 3.125 2.    0.
  17 1987  332 16182.  22.8 30.1 3.123 2.    0.
  17 1987  333 16049.  22.8 30.1 3.122 2.    0.
  17 1987  334 15915.  22.8 30.1 3.121 2.    0.
  17 1987  335 15781.  22.8 30.1 3.119 2.    0.
  17 1987  336 15648.  22.8 30.1 3.118 2.    0.
  17 1987  337 15514.  22.8 30.2 3.116 2.    0.
  17 1987  338 15380.  22.8 30.2 3.115 2.    0.
  17 1987  339 15247.  22.8 30.2 3.113 2.    0.
  17 1987  340 15113.  22.8 30.2 3.112 2.    4.
  17 1987  341 14979.  22.8 30.2 3.110 2.    0.
  17 1987  342 14846.  22.8 30.2 3.109 2.    0.
  17 1987  343 14712.  22.7 30.2 3.108 2.    0.
  17 1987  344 14578.  22.7 30.2 3.106 2.    7.
  17 1987  345 14445.  22.7 30.3 3.105 2.    0.
  17 1987  346 14311.  22.7 30.3 3.103 2.    0.
  17 1987  347 14177.  22.7 30.3 3.102 2.    0.
  17 1987  348 14044.  22.7 30.3 3.100 2.    4.
  17 1987  349 13910.  22.7 30.3 3.099 2.    0.
  17 1987  350 13882.  22.7 30.3 3.098 2.    0.
  17 1987  351 13854.  22.7 30.3 3.097 2.    0.
  17 1987  352 13827.  22.7 30.3 3.096 2.    0.
  17 1987  353 13799.  22.7 30.4 3.095 2.    0.
  17 1987  354 13771.  22.7 30.4 3.094 2.    0.
  17 1987  355 13743.  22.7 30.4 3.093 2.    0.
  17 1987  356 13715.  22.6 30.4 3.092 2.    0.
  17 1987  357 13688.  22.6 30.4 3.092 2.    0.
  17 1987  358 13660.  22.6 30.4 3.091 2.    0.
  17 1987  359 13632.  22.6 30.4 3.090 2.    0.
  17 1987  360 13604.  22.6 30.4 3.089 2.    0.
  17 1987  361 13576.  22.6 30.4 3.088 2.    0.
  17 1987  362 13548.  22.6 30.4 3.087 2.    0.
  17 1987  363 13521.  22.6 30.5 3.086 2.    0.
  17 1987  364 13493.  22.6 30.5 3.085 2.    0.
  17 1987  365 13465.  22.6 30.5 3.084 2.    0.
