*---------------------------------------------------------*
*   Country: Cote d'Ivoire
*   Station: Dimbokro
*      Year: 1988
* Longitude: 004 42 W
*  Latitude: 06 39 N
* Elevation: 92 m.
*  WMO-code: 65.5280
*  Comments: Automatically generated file from *.WOF file
*            with REGENSIM.FOR ver. aug 96
*
*  Columns:
*  ========
*  station number
*  year
*  day
*  irradiation (kJ m-2 d-1)
*  minimum temperature (degrees Celsius)
*  maximum temperature (degrees Celsius)
*  vapour pressure (kPa)
*  mean wind speed (m s-1)
*  precipitation (mm month-1)
*---------------------------------------------------------*
  -4.70    6.65   92.00     .00     .00
  16 1988    1 17385.  20.8 32.9 2.544 0.    0.
  16 1988    2 17393.  20.8 33.0 2.530 0.    0.
  16 1988    3 17400.  20.7 33.1 2.517 0.    0.
  16 1988    4 17408.  20.6 33.1 2.503 0.    0.
  16 1988    5 17415.  20.5 33.2 2.489 0.    0.
  16 1988    6 17423.  20.4 33.3 2.476 0.    0.
  16 1988    7 17430.  20.3 33.4 2.462 0.    0.
  16 1988    8 17438.  20.3 33.5 2.449 0.    0.
  16 1988    9 17445.  20.2 33.6 2.435 0.    0.
  16 1988   10 17453.  20.1 33.7 2.421 0.    0.
  16 1988   11 17460.  20.0 33.8 2.408 0.    0.
  16 1988   12 17468.  19.9 33.8 2.394 0.    0.
  16 1988   13 17475.  19.8 33.9 2.380 0.    0.
  16 1988   14 17483.  19.7 34.0 2.367 0.    1.
  16 1988   15 17490.  19.7 34.1 2.353 0.    0.
  16 1988   16 17536.  19.7 34.1 2.359 0.    0.
  16 1988   17 17582.  19.8 34.2 2.365 0.    0.
  16 1988   18 17628.  19.9 34.2 2.371 0.    0.
  16 1988   19 17674.  20.0 34.3 2.377 0.    0.
  16 1988   20 17720.  20.1 34.3 2.384 0.    0.
  16 1988   21 17766.  20.2 34.4 2.390 0.    0.
  16 1988   22 17812.  20.2 34.4 2.396 0.   44.
  16 1988   23 17858.  20.3 34.4 2.402 0.    0.
  16 1988   24 17904.  20.4 34.5 2.408 0.    0.
  16 1988   25 17950.  20.5 34.5 2.414 0.    0.
  16 1988   26 17996.  20.6 34.6 2.420 0.    0.
  16 1988   27 18042.  20.7 34.6 2.426 0.    0.
  16 1988   28 18088.  20.7 34.7 2.432 0.    0.
  16 1988   29 18134.  20.8 34.7 2.438 0.    0.
  16 1988   30 18180.  20.9 34.7 2.444 0.    0.
  16 1988   31 18226.  21.0 34.8 2.451 0.    0.
  16 1988   32 18272.  21.1 34.8 2.457 0.    0.
  16 1988   33 18318.  21.2 34.9 2.463 0.    0.
  16 1988   34 18364.  21.2 34.9 2.469 0.    2.
  16 1988   35 18410.  21.3 35.0 2.475 0.    0.
  16 1988   36 18456.  21.4 35.0 2.481 0.    0.
  16 1988   37 18502.  21.5 35.0 2.487 0.    0.
  16 1988   38 18548.  21.6 35.1 2.493 0.    0.
  16 1988   39 18594.  21.7 35.1 2.499 0.    0.
  16 1988   40 18640.  21.7 35.2 2.506 0.    0.
  16 1988   41 18686.  21.8 35.2 2.512 0.    0.
  16 1988   42 18732.  21.9 35.3 2.518 0.    0.
  16 1988   43 18778.  22.0 35.3 2.524 0.    0.
  16 1988   44 18824.  22.1 35.3 2.530 0.    0.
  16 1988   45 18870.  22.1 35.4 2.536 0.    0.
  16 1988   46 18856.  22.2 35.4 2.543 0.    0.
  16 1988   47 18843.  22.2 35.4 2.551 0.    0.
  16 1988   48 18829.  22.2 35.4 2.558 0.    0.
  16 1988   49 18815.  22.3 35.4 2.565 0.    0.
  16 1988   50 18802.  22.3 35.4 2.573 0.    0.
  16 1988   51 18788.  22.3 35.4 2.580 0.    0.
  16 1988   52 18774.  22.4 35.4 2.588 0.    0.
  16 1988   53 18761.  22.4 35.4 2.595 0.    0.
  16 1988   54 18747.  22.4 35.4 2.602 0.    0.
  16 1988   55 18733.  22.5 35.4 2.610 0.    2.
  16 1988   56 18720.  22.5 35.4 2.617 0.    0.
  16 1988   57 18706.  22.5 35.4 2.624 0.    0.
  16 1988   58 18692.  22.5 35.4 2.632 0.    0.
  16 1988   59 18679.  22.6 35.4 2.639 0.    0.
  16 1988   60 18665.  22.6 35.4 2.647 0.    0.
  16 1988   61 18651.  22.6 35.4 2.654 0.    0.
  16 1988   62 18638.  22.7 35.5 2.661 0.   49.
  16 1988   63 18624.  22.7 35.5 2.669 0.    0.
  16 1988   64 18610.  22.7 35.5 2.676 0.    0.
  16 1988   65 18597.  22.8 35.5 2.683 0.    0.
  16 1988   66 18583.  22.8 35.5 2.691 0.    0.
  16 1988   67 18569.  22.8 35.5 2.698 0.    0.
  16 1988   68 18556.  22.9 35.5 2.705 0.    0.
  16 1988   69 18542.  22.9 35.5 2.713 0.    0.
  16 1988   70 18528.  22.9 35.5 2.720 0.   24.
  16 1988   71 18515.  22.9 35.5 2.728 0.    0.
  16 1988   72 18501.  23.0 35.5 2.735 0.   18.
  16 1988   73 18487.  23.0 35.5 2.742 0.    0.
  16 1988   74 18474.  23.0 35.5 2.750 0.    0.
  16 1988   75 18460.  23.1 35.5 2.757 0.    0.
  16 1988   76 18482.  23.1 35.5 2.761 0.    0.
  16 1988   77 18503.  23.1 35.5 2.765 0.    0.
  16 1988   78 18525.  23.1 35.5 2.769 0.    0.
  16 1988   79 18546.  23.1 35.4 2.773 0.    0.
  16 1988   80 18568.  23.1 35.4 2.777 0.    0.
  16 1988   81 18590.  23.1 35.4 2.781 0.    0.
  16 1988   82 18611.  23.1 35.4 2.785 0.    0.
  16 1988   83 18633.  23.1 35.4 2.789 0.    0.
  16 1988   84 18655.  23.1 35.4 2.793 0.   22.
  16 1988   85 18676.  23.1 35.4 2.797 0.    0.
  16 1988   86 18698.  23.1 35.3 2.801 0.    0.
  16 1988   87 18719.  23.1 35.3 2.805 0.    6.
  16 1988   88 18741.  23.1 35.3 2.809 0.    0.
  16 1988   89 18763.  23.1 35.3 2.813 0.    0.
  16 1988   90 18784.  23.1 35.3 2.817 0.    0.
  16 1988   91 18806.  23.1 35.3 2.820 0.    8.
  16 1988   92 18827.  23.1 35.3 2.824 0.    0.
  16 1988   93 18849.  23.1 35.2 2.828 0.    4.
  16 1988   94 18871.  23.1 35.2 2.832 0.    0.
  16 1988   95 18892.  23.1 35.2 2.836 0.   78.
  16 1988   96 18914.  23.1 35.2 2.840 0.    0.
  16 1988   97 18935.  23.1 35.2 2.844 0.    8.
  16 1988   98 18957.  23.1 35.2 2.848 0.    0.
  16 1988   99 18979.  23.1 35.2 2.852 0.    0.
  16 1988  100 19000.  23.1 35.1 2.856 0.    0.
  16 1988  101 19022.  23.1 35.1 2.860 0.    0.
  16 1988  102 19044.  23.1 35.1 2.864 0.    0.
  16 1988  103 19065.  23.1 35.1 2.868 0.    4.
  16 1988  104 19087.  23.1 35.1 2.872 0.   23.
  16 1988  105 19108.  23.1 35.1 2.876 0.    0.
  16 1988  106 19130.  23.1 35.0 2.880 0.    0.
  16 1988  107 19159.  23.1 35.0 2.881 0.    0.
  16 1988  108 19189.  23.1 35.0 2.881 0.    0.
  16 1988  109 19218.  23.1 34.9 2.882 0.    0.
  16 1988  110 19247.  23.1 34.9 2.883 0.    0.
  16 1988  111 19277.  23.1 34.8 2.883 0.    0.
  16 1988  112 19306.  23.1 34.8 2.884 0.    5.
  16 1988  113 19335.  23.1 34.8 2.884 0.    0.
  16 1988  114 19365.  23.1 34.7 2.885 0.    0.
  16 1988  115 19394.  23.1 34.7 2.886 0.    0.
  16 1988  116 19423.  23.0 34.6 2.886 0.    0.
  16 1988  117 19453.  23.0 34.6 2.887 0.    0.
  16 1988  118 19482.  23.0 34.6 2.888 0.    0.
  16 1988  119 19511.  23.0 34.5 2.888 0.    0.
  16 1988  120 19541.  23.0 34.5 2.889 0.    0.
  16 1988  121 19570.  23.0 34.4 2.890 0.    0.
  16 1988  122 19599.  23.0 34.4 2.890 0.    0.
  16 1988  123 19629.  23.0 34.4 2.891 0.    0.
  16 1988  124 19658.  23.0 34.3 2.891 0.   42.
  16 1988  125 19687.  22.9 34.3 2.892 0.    0.
  16 1988  126 19717.  22.9 34.2 2.893 0.    0.
  16 1988  127 19746.  22.9 34.2 2.893 0.    0.
  16 1988  128 19775.  22.9 34.2 2.894 0.   85.
  16 1988  129 19805.  22.9 34.1 2.895 0.    2.
  16 1988  130 19834.  22.9 34.1 2.895 0.    0.
  16 1988  131 19863.  22.9 34.0 2.896 0.    0.
  16 1988  132 19893.  22.9 34.0 2.896 0.    0.
  16 1988  133 19922.  22.9 34.0 2.897 0.    0.
  16 1988  134 19951.  22.8 33.9 2.898 0.    0.
  16 1988  135 19981.  22.8 33.9 2.898 0.    0.
  16 1988  136 20010.  22.8 33.8 2.899 0.    0.
  16 1988  137 19901.  22.8 33.8 2.898 0.    0.
  16 1988  138 19793.  22.8 33.7 2.896 0.    0.
  16 1988  139 19684.  22.8 33.7 2.895 0.    0.
  16 1988  140 19575.  22.8 33.6 2.893 0.   36.
  16 1988  141 19466.  22.7 33.6 2.892 0.    0.
  16 1988  142 19358.  22.7 33.5 2.891 0.    0.
  16 1988  143 19249.  22.7 33.5 2.889 0.    0.
  16 1988  144 19140.  22.7 33.4 2.888 0.    0.
  16 1988  145 19032.  22.7 33.4 2.887 0.    0.
  16 1988  146 18923.  22.7 33.3 2.885 0.    0.
  16 1988  147 18814.  22.6 33.3 2.884 0.    0.
  16 1988  148 18705.  22.6 33.2 2.882 0.    0.
  16 1988  149 18597.  22.6 33.1 2.881 0.   14.
  16 1988  150 18488.  22.6 33.1 2.880 0.    0.
  16 1988  151 18379.  22.6 33.0 2.878 0.    0.
  16 1988  152 18271.  22.6 33.0 2.877 0.    0.
  16 1988  153 18162.  22.6 32.9 2.875 0.    0.
  16 1988  154 18053.  22.5 32.9 2.874 0.    0.
  16 1988  155 17945.  22.5 32.8 2.873 0.    0.
  16 1988  156 17836.  22.5 32.8 2.871 0.   19.
  16 1988  157 17727.  22.5 32.7 2.870 0.    0.
  16 1988  158 17618.  22.5 32.7 2.868 0.    0.
  16 1988  159 17510.  22.5 32.6 2.867 0.    0.
  16 1988  160 17401.  22.4 32.6 2.866 0.    0.
  16 1988  161 17292.  22.4 32.5 2.864 0.    0.
  16 1988  162 17184.  22.4 32.5 2.863 0.    2.
  16 1988  163 17075.  22.4 32.4 2.862 0.    0.
  16 1988  164 16966.  22.4 32.3 2.860 0.   11.
  16 1988  165 16857.  22.4 32.3 2.859 0.    0.
  16 1988  166 16749.  22.3 32.2 2.857 0.   10.
  16 1988  167 16640.  22.3 32.2 2.856 0.    0.
  16 1988  168 16583.  22.3 32.1 2.854 0.    0.
  16 1988  169 16526.  22.3 32.1 2.851 0.   31.
  16 1988  170 16469.  22.3 32.0 2.849 0.    0.
  16 1988  171 16412.  22.3 32.0 2.846 0.    0.
  16 1988  172 16355.  22.2 31.9 2.844 0.    0.
  16 1988  173 16298.  22.2 31.9 2.841 0.    0.
  16 1988  174 16241.  22.2 31.8 2.839 0.    0.
  16 1988  175 16184.  22.2 31.7 2.836 0.    0.
  16 1988  176 16127.  22.2 31.7 2.834 0.    0.
  16 1988  177 16070.  22.1 31.6 2.831 0.    2.
  16 1988  178 16013.  22.1 31.6 2.829 0.    0.
  16 1988  179 15956.  22.1 31.5 2.826 0.    0.
  16 1988  180 15899.  22.1 31.5 2.824 0.    0.
  16 1988  181 15842.  22.1 31.4 2.821 0.   54.
  16 1988  182 15785.  22.0 31.4 2.819 0.    0.
  16 1988  183 15728.  22.0 31.3 2.817 0.    0.
  16 1988  184 15671.  22.0 31.2 2.814 0.    0.
  16 1988  185 15614.  22.0 31.2 2.812 0.    0.
  16 1988  186 15557.  22.0 31.1 2.809 0.   59.
  16 1988  187 15500.  22.0 31.1 2.807 0.    0.
  16 1988  188 15443.  21.9 31.0 2.804 0.    0.
  16 1988  189 15386.  21.9 31.0 2.802 0.    0.
  16 1988  190 15329.  21.9 30.9 2.799 0.    0.
  16 1988  191 15272.  21.9 30.9 2.797 0.    0.
  16 1988  192 15215.  21.9 30.8 2.794 0.    2.
  16 1988  193 15158.  21.8 30.7 2.792 0.    0.
  16 1988  194 15101.  21.8 30.7 2.789 0.    0.
  16 1988  195 15044.  21.8 30.6 2.787 0.    0.
  16 1988  196 14987.  21.8 30.6 2.784 0.    0.
  16 1988  197 14930.  21.8 30.5 2.782 0.    0.
  16 1988  198 14890.  21.8 30.5 2.780 0.    1.
  16 1988  199 14850.  21.8 30.5 2.777 0.    0.
  16 1988  200 14810.  21.8 30.5 2.775 0.    0.
  16 1988  201 14770.  21.8 30.5 2.773 0.    0.
  16 1988  202 14730.  21.8 30.5 2.771 0.    0.
  16 1988  203 14690.  21.8 30.5 2.768 0.    0.
  16 1988  204 14650.  21.8 30.5 2.766 0.    0.
  16 1988  205 14610.  21.8 30.5 2.764 0.   43.
  16 1988  206 14570.  21.8 30.5 2.762 0.    0.
  16 1988  207 14530.  21.8 30.5 2.759 0.    0.
  16 1988  208 14490.  21.8 30.5 2.757 0.    0.
  16 1988  209 14450.  21.8 30.5 2.755 0.    5.
  16 1988  210 14410.  21.8 30.5 2.753 0.    0.
  16 1988  211 14370.  21.8 30.5 2.750 0.    0.
  16 1988  212 14330.  21.8 30.5 2.748 0.    0.
  16 1988  213 14290.  21.8 30.5 2.746 0.    0.
  16 1988  214 14250.  21.9 30.5 2.744 0.    9.
  16 1988  215 14210.  21.9 30.5 2.741 0.    0.
  16 1988  216 14170.  21.9 30.5 2.739 0.    0.
  16 1988  217 14130.  21.9 30.4 2.737 0.    4.
  16 1988  218 14090.  21.9 30.4 2.735 0.    0.
  16 1988  219 14050.  21.9 30.4 2.732 0.    0.
  16 1988  220 14010.  21.9 30.4 2.730 0.    0.
  16 1988  221 13970.  21.9 30.4 2.728 0.    0.
  16 1988  222 13930.  21.9 30.4 2.726 0.    0.
  16 1988  223 13890.  21.9 30.4 2.723 0.    3.
  16 1988  224 13850.  21.9 30.4 2.721 0.   20.
  16 1988  225 13810.  21.9 30.4 2.719 0.    0.
  16 1988  226 13770.  21.9 30.4 2.717 0.    0.
  16 1988  227 13730.  21.9 30.4 2.714 0.    0.
  16 1988  228 13690.  21.9 30.4 2.712 0.    0.
  16 1988  229 13771.  21.9 30.4 2.716 0.    0.
  16 1988  230 13851.  22.0 30.5 2.719 0.    0.
  16 1988  231 13932.  22.0 30.5 2.723 0.   18.
  16 1988  232 14013.  22.0 30.5 2.726 0.    0.
  16 1988  233 14093.  22.0 30.6 2.730 0.    0.
  16 1988  234 14174.  22.0 30.6 2.734 0.    0.
  16 1988  235 14255.  22.0 30.6 2.737 0.    0.
  16 1988  236 14335.  22.0 30.6 2.741 0.    0.
  16 1988  237 14416.  22.1 30.7 2.745 0.    0.
  16 1988  238 14496.  22.1 30.7 2.748 0.   39.
  16 1988  239 14577.  22.1 30.7 2.752 0.    0.
  16 1988  240 14658.  22.1 30.8 2.755 0.    0.
  16 1988  241 14738.  22.1 30.8 2.759 0.    0.
  16 1988  242 14819.  22.1 30.8 2.763 0.    0.
  16 1988  243 14900.  22.1 30.8 2.766 0.    0.
  16 1988  244 14980.  22.2 30.9 2.770 0.    0.
  16 1988  245 15061.  22.2 30.9 2.773 0.    0.
  16 1988  246 15142.  22.2 30.9 2.777 0.    0.
  16 1988  247 15222.  22.2 30.9 2.781 0.   20.
  16 1988  248 15303.  22.2 31.0 2.784 0.    0.
  16 1988  249 15384.  22.2 31.0 2.788 0.    0.
  16 1988  250 15464.  22.2 31.0 2.791 0.    0.
  16 1988  251 15545.  22.2 31.1 2.795 0.    0.
  16 1988  252 15625.  22.3 31.1 2.799 0.    0.
  16 1988  253 15706.  22.3 31.1 2.802 0.    0.
  16 1988  254 15787.  22.3 31.1 2.806 0.    0.
  16 1988  255 15867.  22.3 31.2 2.810 0.    2.
  16 1988  256 15948.  22.3 31.2 2.813 0.   12.
  16 1988  257 16029.  22.3 31.2 2.817 0.    0.
  16 1988  258 16109.  22.3 31.3 2.820 0.    0.
  16 1988  259 16190.  22.4 31.3 2.824 0.    0.
  16 1988  260 16315.  22.4 31.3 2.827 0.    0.
  16 1988  261 16440.  22.3 31.3 2.829 0.    0.
  16 1988  262 16565.  22.3 31.4 2.832 0.   10.
  16 1988  263 16690.  22.3 31.4 2.834 0.   16.
  16 1988  264 16815.  22.3 31.4 2.837 0.    0.
  16 1988  265 16940.  22.3 31.4 2.839 0.    0.
  16 1988  266 17065.  22.3 31.4 2.842 0.    0.
  16 1988  267 17190.  22.3 31.5 2.845 0.    0.
  16 1988  268 17315.  22.3 31.5 2.847 0.    0.
  16 1988  269 17440.  22.3 31.5 2.850 0.    0.
  16 1988  270 17565.  22.3 31.5 2.852 0.    0.
  16 1988  271 17690.  22.3 31.5 2.855 0.    0.
  16 1988  272 17815.  22.3 31.6 2.857 0.    0.
  16 1988  273 17940.  22.3 31.6 2.860 0.    0.
  16 1988  274 18065.  22.3 31.6 2.862 0.   79.
  16 1988  275 18190.  22.2 31.6 2.865 0.    0.
  16 1988  276 18315.  22.2 31.6 2.868 0.    0.
  16 1988  277 18440.  22.2 31.7 2.870 0.    0.
  16 1988  278 18565.  22.2 31.7 2.873 0.    0.
  16 1988  279 18690.  22.2 31.7 2.875 0.    0.
  16 1988  280 18815.  22.2 31.7 2.878 0.    0.
  16 1988  281 18940.  22.2 31.7 2.880 0.    0.
  16 1988  282 19065.  22.2 31.8 2.883 0.    0.
  16 1988  283 19190.  22.2 31.8 2.886 0.    0.
  16 1988  284 19315.  22.2 31.8 2.888 0.    0.
  16 1988  285 19440.  22.2 31.8 2.891 0.    0.
  16 1988  286 19565.  22.2 31.8 2.893 0.    0.
  16 1988  287 19690.  22.2 31.9 2.896 0.    0.
  16 1988  288 19815.  22.2 31.9 2.898 0.    0.
  16 1988  289 19940.  22.1 31.9 2.901 0.    0.
  16 1988  290 19903.  22.1 31.9 2.890 0.    0.
  16 1988  291 19866.  22.0 32.0 2.880 0.    0.
  16 1988  292 19829.  22.0 32.0 2.869 0.   37.
  16 1988  293 19792.  21.9 32.0 2.859 0.    0.
  16 1988  294 19755.  21.9 32.1 2.848 0.    4.
  16 1988  295 19717.  21.8 32.1 2.838 0.    0.
  16 1988  296 19680.  21.8 32.1 2.827 0.    0.
  16 1988  297 19643.  21.7 32.2 2.817 0.    0.
  16 1988  298 19606.  21.7 32.2 2.806 0.    0.
  16 1988  299 19569.  21.6 32.2 2.796 0.    0.
  16 1988  300 19532.  21.5 32.3 2.785 0.    0.
  16 1988  301 19495.  21.5 32.3 2.774 0.   29.
  16 1988  302 19458.  21.4 32.3 2.764 0.    0.
  16 1988  303 19421.  21.4 32.4 2.753 0.    0.
  16 1988  304 19384.  21.3 32.4 2.743 0.    0.
  16 1988  305 19346.  21.3 32.4 2.732 0.    0.
  16 1988  306 19309.  21.2 32.5 2.722 0.    0.
  16 1988  307 19272.  21.2 32.5 2.711 0.    0.
  16 1988  308 19235.  21.1 32.5 2.701 0.    0.
  16 1988  309 19198.  21.1 32.6 2.690 0.    0.
  16 1988  310 19161.  21.0 32.6 2.679 0.    0.
  16 1988  311 19124.  20.9 32.6 2.669 0.    9.
  16 1988  312 19087.  20.9 32.7 2.658 0.    0.
  16 1988  313 19050.  20.8 32.7 2.648 0.    0.
  16 1988  314 19013.  20.8 32.7 2.637 0.    0.
  16 1988  315 18975.  20.7 32.8 2.627 0.    0.
  16 1988  316 18938.  20.7 32.8 2.616 0.    0.
  16 1988  317 18901.  20.6 32.8 2.606 0.    0.
  16 1988  318 18864.  20.6 32.9 2.595 0.    0.
  16 1988  319 18827.  20.5 32.9 2.585 0.    0.
  16 1988  320 18790.  20.5 32.9 2.574 0.   23.
  16 1988  321 18740.  20.5 32.9 2.579 0.    0.
  16 1988  322 18689.  20.6 32.8 2.585 0.    0.
  16 1988  323 18639.  20.6 32.8 2.590 0.    0.
  16 1988  324 18589.  20.7 32.8 2.595 0.    0.
  16 1988  325 18538.  20.7 32.7 2.601 0.    0.
  16 1988  326 18488.  20.8 32.7 2.606 0.    0.
  16 1988  327 18438.  20.8 32.6 2.612 0.    0.
  16 1988  328 18387.  20.9 32.6 2.617 0.   69.
  16 1988  329 18337.  20.9 32.5 2.622 0.    0.
  16 1988  330 18287.  21.0 32.5 2.628 0.    0.
  16 1988  331 18236.  21.0 32.5 2.633 0.    0.
  16 1988  332 18186.  21.1 32.4 2.638 0.    0.
  16 1988  333 18136.  21.1 32.4 2.644 0.    0.
  16 1988  334 18085.  21.2 32.3 2.649 0.    0.
  16 1988  335 18035.  21.2 32.3 2.655 0.    0.
  16 1988  336 17985.  21.3 32.2 2.660 0.    0.
  16 1988  337 17934.  21.3 32.2 2.665 0.    0.
  16 1988  338 17884.  21.4 32.2 2.671 0.    0.
  16 1988  339 17834.  21.5 32.1 2.676 0.    0.
  16 1988  340 17783.  21.5 32.1 2.681 0.    0.
  16 1988  341 17733.  21.6 32.0 2.687 0.    0.
  16 1988  342 17683.  21.6 32.0 2.692 0.    0.
  16 1988  343 17632.  21.7 32.0 2.697 0.    0.
  16 1988  344 17582.  21.7 31.9 2.703 0.    0.
  16 1988  345 17532.  21.8 31.9 2.708 0.    0.
  16 1988  346 17481.  21.8 31.8 2.714 0.    0.
  16 1988  347 17431.  21.9 31.8 2.719 0.    0.
  16 1988  348 17381.  21.9 31.7 2.724 0.    0.
  16 1988  349 17330.  22.0 31.7 2.730 0.    0.
  16 1988  350 17280.  22.0 31.7 2.735 0.    0.
  16 1988  351 17287.  22.0 31.7 2.723 0.    0.
  16 1988  352 17293.  21.9 31.8 2.711 0.    0.
  16 1988  353 17300.  21.8 31.9 2.699 0.    0.
  16 1988  354 17306.  21.7 32.0 2.687 0.   10.
  16 1988  355 17313.  21.7 32.0 2.675 0.    0.
  16 1988  356 17319.  21.6 32.1 2.663 0.    0.
  16 1988  357 17326.  21.5 32.2 2.651 0.    0.
  16 1988  358 17333.  21.4 32.3 2.640 0.    0.
  16 1988  359 17339.  21.4 32.3 2.628 0.    0.
  16 1988  360 17346.  21.3 32.4 2.616 0.    0.
  16 1988  361 17352.  21.2 32.5 2.604 0.    0.
  16 1988  362 17359.  21.1 32.6 2.592 0.    0.
  16 1988  363 17365.  21.1 32.7 2.580 0.    0.
  16 1988  364 17372.  21.0 32.7 2.568 0.    0.
  16 1988  365 17378.  20.9 32.8 2.556 0.    0.
  16 1988  366 17385.  20.8 32.9 2.544 0.    0.
