*---------------------------------------------------------*
*   Country: Cote d'Ivoire
*   Station: San Pedro
*      Year: 1992
* Longitude: 006 39 W
*  Latitude: 04 45 N
* Elevation: 30 m.
*  WMO-code: 65.5280
*  Comments: Automatically generated file from *.WOF file
*            with REGENSIM.FOR ver. aug 96
*
*  Columns:
*  ========
*  station number
*  year
*  day
*  irradiation (kJ m-2 d-1)
*  minimum temperature (degrees Celsius)
*  maximum temperature (degrees Celsius)
*  vapour pressure (kPa)
*  mean wind speed (m s-1)
*  precipitation (mm month-1)
*---------------------------------------------------------*
  -6.65    4.75   30.00     .00     .00
  17 1992    1 10720.  22.3 30.4 2.873 3.    0.
  17 1992    2 10542.  22.3 30.4 2.862 3.    0.
  17 1992    3 10364.  22.2 30.4 2.851 3.    0.
  17 1992    4 10186.  22.2 30.4 2.840 3.    0.
  17 1992    5 10009.  22.2 30.4 2.828 3.    0.
  17 1992    6  9831.  22.2 30.4 2.817 3.    0.
  17 1992    7  9653.  22.1 30.4 2.806 3.    0.
  17 1992    8  9475.  22.1 30.5 2.795 3.    0.
  17 1992    9  9297.  22.1 30.5 2.784 3.    0.
  17 1992   10  9119.  22.0 30.5 2.773 3.    0.
  17 1992   11  8941.  22.0 30.5 2.762 3.    0.
  17 1992   12  8764.  22.0 30.5 2.750 3.    0.
  17 1992   13  8586.  22.0 30.5 2.739 3.    0.
  17 1992   14  8408.  21.9 30.5 2.728 3.    0.
  17 1992   15  8230.  21.9 30.5 2.717 3.    0.
  17 1992   16  8427.  21.9 30.5 2.728 3.    0.
  17 1992   17  8624.  22.0 30.6 2.739 3.    0.
  17 1992   18  8821.  22.0 30.6 2.750 3.    0.
  17 1992   19  9018.  22.1 30.7 2.762 3.    0.
  17 1992   20  9215.  22.1 30.7 2.773 3.    0.
  17 1992   21  9412.  22.2 30.7 2.784 3.    0.
  17 1992   22  9609.  22.2 30.8 2.795 3.    0.
  17 1992   23  9806.  22.3 30.8 2.806 3.    0.
  17 1992   24 10003.  22.3 30.9 2.817 3.    8.
  17 1992   25 10200.  22.4 30.9 2.828 3.    0.
  17 1992   26 10397.  22.4 30.9 2.839 3.    0.
  17 1992   27 10594.  22.5 31.0 2.851 4.    0.
  17 1992   28 10791.  22.5 31.0 2.862 4.    0.
  17 1992   29 10988.  22.6 31.1 2.873 4.    0.
  17 1992   30 11185.  22.6 31.1 2.884 4.    0.
  17 1992   31 11382.  22.6 31.1 2.895 4.    0.
  17 1992   32 11579.  22.7 31.2 2.906 4.    0.
  17 1992   33 11776.  22.7 31.2 2.917 4.    0.
  17 1992   34 11973.  22.8 31.3 2.929 4.    0.
  17 1992   35 12170.  22.8 31.3 2.940 4.    2.
  17 1992   36 12367.  22.9 31.3 2.951 4.    0.
  17 1992   37 12564.  22.9 31.4 2.962 4.    0.
  17 1992   38 12761.  23.0 31.4 2.973 4.    0.
  17 1992   39 12958.  23.0 31.5 2.984 4.    0.
  17 1992   40 13155.  23.1 31.5 2.995 4.    0.
  17 1992   41 13352.  23.1 31.5 3.006 4.    1.
  17 1992   42 13549.  23.2 31.6 3.018 4.    0.
  17 1992   43 13746.  23.2 31.6 3.029 4.    0.
  17 1992   44 13943.  23.3 31.7 3.040 4.    0.
  17 1992   45 14140.  23.3 31.7 3.051 4.    0.
  17 1992   46 14084.  23.3 31.7 3.051 4.    0.
  17 1992   47 14028.  23.3 31.7 3.052 4.    0.
  17 1992   48 13972.  23.4 31.6 3.052 4.    0.
  17 1992   49 13916.  23.4 31.6 3.053 4.    0.
  17 1992   50 13860.  23.4 31.6 3.053 4.    0.
  17 1992   51 13804.  23.4 31.6 3.054 4.    0.
  17 1992   52 13748.  23.4 31.6 3.054 4.    0.
  17 1992   53 13692.  23.4 31.5 3.055 4.    0.
  17 1992   54 13636.  23.5 31.5 3.055 4.    0.
  17 1992   55 13580.  23.5 31.5 3.056 4.    0.
  17 1992   56 13524.  23.5 31.5 3.056 4.    0.
  17 1992   57 13468.  23.5 31.5 3.057 4.    0.
  17 1992   58 13412.  23.5 31.4 3.057 4.    0.
  17 1992   59 13356.  23.6 31.4 3.058 4.    0.
  17 1992   60 13300.  23.6 31.4 3.058 4.    0.
  17 1992   61 13244.  23.6 31.4 3.058 4.    0.
  17 1992   62 13188.  23.6 31.4 3.059 4.    0.
  17 1992   63 13132.  23.6 31.3 3.059 4.    0.
  17 1992   64 13076.  23.6 31.3 3.060 3.    0.
  17 1992   65 13020.  23.7 31.3 3.060 3.    0.
  17 1992   66 12964.  23.7 31.3 3.061 3.    0.
  17 1992   67 12908.  23.7 31.3 3.061 3.    0.
  17 1992   68 12852.  23.7 31.2 3.062 3.    0.
  17 1992   69 12796.  23.7 31.2 3.062 3.    6.
  17 1992   70 12740.  23.8 31.2 3.063 3.    0.
  17 1992   71 12684.  23.8 31.2 3.063 3.    0.
  17 1992   72 12628.  23.8 31.2 3.064 3.    0.
  17 1992   73 12572.  23.8 31.1 3.064 3.    0.
  17 1992   74 12516.  23.8 31.1 3.065 3.    0.
  17 1992   75 12460.  23.9 31.1 3.065 3.   14.
  17 1992   76 12521.  23.9 31.1 3.068 3.    0.
  17 1992   77 12582.  23.9 31.1 3.070 3.    4.
  17 1992   78 12643.  23.9 31.1 3.073 3.    0.
  17 1992   79 12704.  23.9 31.1 3.076 3.    0.
  17 1992   80 12765.  23.9 31.0 3.078 3.    0.
  17 1992   81 12826.  23.9 31.0 3.081 3.    0.
  17 1992   82 12887.  23.9 31.0 3.084 3.    0.
  17 1992   83 12948.  23.9 31.0 3.086 3.    0.
  17 1992   84 13009.  23.9 31.0 3.089 3.    0.
  17 1992   85 13070.  23.9 31.0 3.092 3.    0.
  17 1992   86 13131.  23.9 31.0 3.094 3.    0.
  17 1992   87 13192.  23.9 31.0 3.097 3.    0.
  17 1992   88 13253.  23.9 31.0 3.100 3.    3.
  17 1992   89 13314.  23.9 31.0 3.102 3.    0.
  17 1992   90 13375.  23.9 30.9 3.105 3.   10.
  17 1992   91 13435.  23.9 30.9 3.108 4.    0.
  17 1992   92 13496.  23.9 30.9 3.111 4.    6.
  17 1992   93 13557.  23.9 30.9 3.113 4.    0.
  17 1992   94 13618.  23.9 30.9 3.116 4.    0.
  17 1992   95 13679.  23.9 30.9 3.119 4.    0.
  17 1992   96 13740.  23.9 30.9 3.121 4.    0.
  17 1992   97 13801.  23.9 30.9 3.124 4.    1.
  17 1992   98 13862.  23.9 30.9 3.127 4.   13.
  17 1992   99 13923.  23.9 30.8 3.129 4.    0.
  17 1992  100 13984.  23.9 30.8 3.132 4.    0.
  17 1992  101 14045.  23.9 30.8 3.135 4.   12.
  17 1992  102 14106.  23.9 30.8 3.137 4.    0.
  17 1992  103 14167.  23.9 30.8 3.140 4.    0.
  17 1992  104 14228.  23.9 30.8 3.143 4.    0.
  17 1992  105 14289.  23.9 30.8 3.145 4.    0.
  17 1992  106 14350.  23.9 30.8 3.148 4.    0.
  17 1992  107 14299.  23.9 30.7 3.146 4.    2.
  17 1992  108 14248.  23.9 30.7 3.144 4.    0.
  17 1992  109 14197.  23.9 30.6 3.143 4.   16.
  17 1992  110 14146.  23.9 30.6 3.141 4.    0.
  17 1992  111 14095.  23.9 30.5 3.139 4.    7.
  17 1992  112 14044.  23.8 30.5 3.137 4.    1.
  17 1992  113 13993.  23.8 30.5 3.136 4.    1.
  17 1992  114 13942.  23.8 30.4 3.134 4.   10.
  17 1992  115 13891.  23.8 30.4 3.132 4.    0.
  17 1992  116 13840.  23.8 30.3 3.130 4.    0.
  17 1992  117 13789.  23.8 30.3 3.129 4.    0.
  17 1992  118 13738.  23.8 30.2 3.127 4.    0.
  17 1992  119 13687.  23.8 30.2 3.125 4.   11.
  17 1992  120 13636.  23.8 30.1 3.123 4.    1.
  17 1992  121 13585.  23.8 30.1 3.122 4.    4.
  17 1992  122 13534.  23.7 30.0 3.120 4.    0.
  17 1992  123 13483.  23.7 30.0 3.118 4.   27.
  17 1992  124 13432.  23.7 29.9 3.116 4.    0.
  17 1992  125 13381.  23.7 29.9 3.114 4.    0.
  17 1992  126 13330.  23.7 29.9 3.113 4.    8.
  17 1992  127 13279.  23.7 29.8 3.111 4.   13.
  17 1992  128 13228.  23.7 29.8 3.109 4.    6.
  17 1992  129 13177.  23.7 29.7 3.107 4.   27.
  17 1992  130 13126.  23.7 29.7 3.106 4.    8.
  17 1992  131 13075.  23.6 29.6 3.104 4.    5.
  17 1992  132 13024.  23.6 29.6 3.102 4.    0.
  17 1992  133 12973.  23.6 29.5 3.100 4.    0.
  17 1992  134 12922.  23.6 29.5 3.099 4.    3.
  17 1992  135 12871.  23.6 29.4 3.097 4.    3.
  17 1992  136 12820.  23.6 29.4 3.095 4.    0.
  17 1992  137 12787.  23.6 29.3 3.087 4.   47.
  17 1992  138 12754.  23.6 29.3 3.079 4.    2.
  17 1992  139 12721.  23.5 29.2 3.070 4.    1.
  17 1992  140 12688.  23.5 29.2 3.062 4.    3.
  17 1992  141 12655.  23.5 29.1 3.054 4.    2.
  17 1992  142 12623.  23.5 29.1 3.046 4.    0.
  17 1992  143 12590.  23.5 29.0 3.037 4.    0.
  17 1992  144 12557.  23.5 29.0 3.029 4.    0.
  17 1992  145 12524.  23.4 28.9 3.021 4.    3.
  17 1992  146 12491.  23.4 28.9 3.013 4.   10.
  17 1992  147 12458.  23.4 28.8 3.005 4.    0.
  17 1992  148 12425.  23.4 28.8 2.996 4.    0.
  17 1992  149 12392.  23.4 28.7 2.988 4.    0.
  17 1992  150 12359.  23.3 28.7 2.980 4.   19.
  17 1992  151 12326.  23.3 28.6 2.972 4.    1.
  17 1992  152 12294.  23.3 28.6 2.963 4.   69.
  17 1992  153 12261.  23.3 28.5 2.955 4.    0.
  17 1992  154 12228.  23.3 28.5 2.947 4.    9.
  17 1992  155 12195.  23.3 28.4 2.939 4.    1.
  17 1992  156 12162.  23.2 28.4 2.930 4.    0.
  17 1992  157 12129.  23.2 28.3 2.922 4.    0.
  17 1992  158 12096.  23.2 28.3 2.914 4.    0.
  17 1992  159 12063.  23.2 28.2 2.906 4.   10.
  17 1992  160 12030.  23.2 28.2 2.898 4.    0.
  17 1992  161 11997.  23.1 28.1 2.889 4.    0.
  17 1992  162 11965.  23.1 28.1 2.881 4.    1.
  17 1992  163 11932.  23.1 28.0 2.873 4.   12.
  17 1992  164 11899.  23.1 28.0 2.865 4.    1.
  17 1992  165 11866.  23.1 27.9 2.856 4.    8.
  17 1992  166 11833.  23.0 27.9 2.848 4.    6.
  17 1992  167 11800.  23.0 27.8 2.840 4.    0.
  17 1992  168 11801.  23.0 27.8 2.838 4.    0.
  17 1992  169 11803.  23.0 27.8 2.835 4.    0.
  17 1992  170 11804.  23.0 27.8 2.833 4.    7.
  17 1992  171 11805.  23.0 27.8 2.830 4.   21.
  17 1992  172 11807.  23.0 27.8 2.828 4.    0.
  17 1992  173 11808.  23.0 27.7 2.825 4.    9.
  17 1992  174 11809.  23.0 27.7 2.823 4.    0.
  17 1992  175 11811.  23.0 27.7 2.821 5.    3.
  17 1992  176 11812.  23.0 27.7 2.818 5.    5.
  17 1992  177 11813.  23.0 27.7 2.816 5.    0.
  17 1992  178 11815.  23.0 27.7 2.813 5.    0.
  17 1992  179 11816.  23.0 27.7 2.811 5.    1.
  17 1992  180 11817.  23.0 27.7 2.808 5.    0.
  17 1992  181 11819.  23.0 27.7 2.806 5.    0.
  17 1992  182 11820.  23.0 27.7 2.803 5.    1.
  17 1992  183 11821.  23.0 27.7 2.801 5.    0.
  17 1992  184 11823.  23.0 27.6 2.799 5.    0.
  17 1992  185 11824.  23.0 27.6 2.796 5.    0.
  17 1992  186 11825.  23.0 27.6 2.794 5.    0.
  17 1992  187 11827.  23.0 27.6 2.791 5.    5.
  17 1992  188 11828.  23.0 27.6 2.789 5.    0.
  17 1992  189 11829.  23.0 27.6 2.786 5.    0.
  17 1992  190 11831.  23.0 27.6 2.784 5.    2.
  17 1992  191 11832.  23.0 27.6 2.782 5.    3.
  17 1992  192 11833.  23.0 27.6 2.779 5.    3.
  17 1992  193 11835.  23.0 27.6 2.777 5.    0.
  17 1992  194 11836.  23.0 27.6 2.774 5.    0.
  17 1992  195 11837.  23.0 27.5 2.772 5.    0.
  17 1992  196 11839.  23.0 27.5 2.769 5.    0.
  17 1992  197 11840.  23.0 27.5 2.767 5.    0.
  17 1992  198 11842.  23.0 27.5 2.764 5.    0.
  17 1992  199 11845.  23.0 27.5 2.760 5.    0.
  17 1992  200 11847.  22.9 27.4 2.757 5.    3.
  17 1992  201 11849.  22.9 27.4 2.753 5.    0.
  17 1992  202 11851.  22.9 27.4 2.750 5.    0.
  17 1992  203 11854.  22.8 27.3 2.746 5.    0.
  17 1992  204 11856.  22.8 27.3 2.743 5.    5.
  17 1992  205 11858.  22.8 27.2 2.739 5.    0.
  17 1992  206 11860.  22.7 27.2 2.736 5.    0.
  17 1992  207 11863.  22.7 27.2 2.732 5.    0.
  17 1992  208 11865.  22.7 27.1 2.729 5.    0.
  17 1992  209 11867.  22.6 27.1 2.725 5.    0.
  17 1992  210 11869.  22.6 27.1 2.722 5.    0.
  17 1992  211 11872.  22.6 27.0 2.718 5.    2.
  17 1992  212 11874.  22.5 27.0 2.715 5.    0.
  17 1992  213 11876.  22.5 27.0 2.711 5.    4.
  17 1992  214 11878.  22.4 26.9 2.708 5.    0.
  17 1992  215 11881.  22.4 26.9 2.704 5.    0.
  17 1992  216 11883.  22.4 26.9 2.701 5.    0.
  17 1992  217 11885.  22.3 26.8 2.697 5.    0.
  17 1992  218 11887.  22.3 26.8 2.694 5.    0.
  17 1992  219 11890.  22.3 26.7 2.690 5.    0.
  17 1992  220 11892.  22.2 26.7 2.687 5.    0.
  17 1992  221 11894.  22.2 26.7 2.683 5.    0.
  17 1992  222 11896.  22.2 26.6 2.680 5.    0.
  17 1992  223 11899.  22.1 26.6 2.676 5.    0.
  17 1992  224 11901.  22.1 26.6 2.673 5.    0.
  17 1992  225 11903.  22.1 26.5 2.669 5.    0.
  17 1992  226 11905.  22.0 26.5 2.666 5.    0.
  17 1992  227 11908.  22.0 26.5 2.662 5.    0.
  17 1992  228 11910.  22.0 26.4 2.659 5.    0.
  17 1992  229 11951.  22.0 26.5 2.665 5.    1.
  17 1992  230 11993.  22.0 26.5 2.670 5.    0.
  17 1992  231 12034.  22.0 26.5 2.676 5.    0.
  17 1992  232 12075.  22.0 26.6 2.682 5.    0.
  17 1992  233 12116.  22.1 26.6 2.688 5.    1.
  17 1992  234 12158.  22.1 26.6 2.693 5.    1.
  17 1992  235 12199.  22.1 26.7 2.699 5.    1.
  17 1992  236 12240.  22.1 26.7 2.705 5.    0.
  17 1992  237 12282.  22.1 26.7 2.711 5.    0.
  17 1992  238 12323.  22.2 26.8 2.716 5.    1.
  17 1992  239 12364.  22.2 26.8 2.722 5.    0.
  17 1992  240 12405.  22.2 26.9 2.728 5.    0.
  17 1992  241 12447.  22.2 26.9 2.734 5.    0.
  17 1992  242 12488.  22.2 26.9 2.739 5.    0.
  17 1992  243 12529.  22.3 27.0 2.745 5.    0.
  17 1992  244 12571.  22.3 27.0 2.751 5.    1.
  17 1992  245 12612.  22.3 27.0 2.757 5.    0.
  17 1992  246 12653.  22.3 27.1 2.762 5.    1.
  17 1992  247 12695.  22.3 27.1 2.768 5.    0.
  17 1992  248 12736.  22.4 27.1 2.774 5.    1.
  17 1992  249 12777.  22.4 27.2 2.780 5.    3.
  17 1992  250 12818.  22.4 27.2 2.785 5.    0.
  17 1992  251 12860.  22.4 27.2 2.791 5.    0.
  17 1992  252 12901.  22.4 27.3 2.797 5.    4.
  17 1992  253 12942.  22.5 27.3 2.803 5.    0.
  17 1992  254 12984.  22.5 27.4 2.808 5.    0.
  17 1992  255 13025.  22.5 27.4 2.814 5.    0.
  17 1992  256 13066.  22.5 27.4 2.820 5.    0.
  17 1992  257 13107.  22.5 27.5 2.826 5.    0.
  17 1992  258 13149.  22.6 27.5 2.831 5.    0.
  17 1992  259 13190.  22.6 27.5 2.837 5.    1.
  17 1992  260 13305.  22.6 27.6 2.841 5.    0.
  17 1992  261 13421.  22.6 27.6 2.845 5.    0.
  17 1992  262 13536.  22.7 27.7 2.849 5.    0.
  17 1992  263 13651.  22.7 27.7 2.853 5.    0.
  17 1992  264 13767.  22.7 27.8 2.858 5.    0.
  17 1992  265 13882.  22.7 27.8 2.862 5.    0.
  17 1992  266 13997.  22.8 27.8 2.866 5.    0.
  17 1992  267 14113.  22.8 27.9 2.870 5.    0.
  17 1992  268 14228.  22.8 27.9 2.874 5.    0.
  17 1992  269 14343.  22.8 28.0 2.878 5.    0.
  17 1992  270 14459.  22.9 28.0 2.882 5.    0.
  17 1992  271 14574.  22.9 28.1 2.886 5.    5.
  17 1992  272 14689.  22.9 28.1 2.890 5.    0.
  17 1992  273 14805.  23.0 28.2 2.894 5.    0.
  17 1992  274 14920.  23.0 28.2 2.899 5.    3.
  17 1992  275 15035.  23.0 28.3 2.903 5.    0.
  17 1992  276 15151.  23.0 28.3 2.907 5.    0.
  17 1992  277 15266.  23.1 28.4 2.911 5.    0.
  17 1992  278 15381.  23.1 28.4 2.915 5.   13.
  17 1992  279 15497.  23.1 28.4 2.919 5.    0.
  17 1992  280 15612.  23.2 28.5 2.923 5.    4.
  17 1992  281 15727.  23.2 28.5 2.927 5.    0.
  17 1992  282 15843.  23.2 28.6 2.931 5.    3.
  17 1992  283 15958.  23.2 28.6 2.935 5.    0.
  17 1992  284 16073.  23.3 28.7 2.940 5.    0.
  17 1992  285 16189.  23.3 28.7 2.944 5.    0.
  17 1992  286 16304.  23.3 28.8 2.948 5.   52.
  17 1992  287 16419.  23.3 28.8 2.952 5.    0.
  17 1992  288 16535.  23.4 28.9 2.956 5.    0.
  17 1992  289 16650.  23.4 28.9 2.960 5.    0.
  17 1992  290 16653.  23.4 28.9 2.962 5.    0.
  17 1992  291 16656.  23.4 29.0 2.964 5.    0.
  17 1992  292 16659.  23.4 29.0 2.967 5.    0.
  17 1992  293 16662.  23.3 29.0 2.969 5.    0.
  17 1992  294 16665.  23.3 29.1 2.971 5.    0.
  17 1992  295 16667.  23.3 29.1 2.973 5.    0.
  17 1992  296 16670.  23.3 29.1 2.976 4.    0.
  17 1992  297 16673.  23.3 29.2 2.978 4.    0.
  17 1992  298 16676.  23.3 29.2 2.980 4.    0.
  17 1992  299 16679.  23.3 29.2 2.982 4.    0.
  17 1992  300 16682.  23.2 29.3 2.984 4.    0.
  17 1992  301 16685.  23.2 29.3 2.987 4.    0.
  17 1992  302 16688.  23.2 29.3 2.989 4.    0.
  17 1992  303 16691.  23.2 29.4 2.991 4.    0.
  17 1992  304 16694.  23.2 29.4 2.993 4.    0.
  17 1992  305 16696.  23.2 29.4 2.996 4.    0.
  17 1992  306 16699.  23.2 29.5 2.998 4.    0.
  17 1992  307 16702.  23.2 29.5 3.000 4.    0.
  17 1992  308 16705.  23.1 29.5 3.002 3.    0.
  17 1992  309 16708.  23.1 29.6 3.005 3.    0.
  17 1992  310 16711.  23.1 29.6 3.007 3.    2.
  17 1992  311 16714.  23.1 29.6 3.009 3.    0.
  17 1992  312 16717.  23.1 29.7 3.011 3.    0.
  17 1992  313 16720.  23.1 29.7 3.013 3.    0.
  17 1992  314 16723.  23.1 29.7 3.016 3.    4.
  17 1992  315 16725.  23.0 29.8 3.018 3.    0.
  17 1992  316 16728.  23.0 29.8 3.020 3.    0.
  17 1992  317 16731.  23.0 29.8 3.022 3.    0.
  17 1992  318 16734.  23.0 29.9 3.025 3.    0.
  17 1992  319 16737.  23.0 29.9 3.027 3.    0.
  17 1992  320 16740.  23.0 29.9 3.029 3.    0.
  17 1992  321 16622.  23.0 30.0 3.029 3.    4.
  17 1992  322 16505.  23.0 30.0 3.029 2.    0.
  17 1992  323 16387.  22.9 30.0 3.029 2.    8.
  17 1992  324 16269.  22.9 30.0 3.029 2.    0.
  17 1992  325 16152.  22.9 30.0 3.029 2.   31.
  17 1992  326 16034.  22.9 30.0 3.029 2.    0.
  17 1992  327 15916.  22.9 30.0 3.029 2.    0.
  17 1992  328 15799.  22.9 30.0 3.029 2.    0.
  17 1992  329 15681.  22.9 30.1 3.029 2.    0.
  17 1992  330 15563.  22.9 30.1 3.029 2.    0.
  17 1992  331 15446.  22.9 30.1 3.029 2.   41.
  17 1992  332 15328.  22.9 30.1 3.029 2.    0.
  17 1992  333 15210.  22.8 30.1 3.029 2.    0.
  17 1992  334 15093.  22.8 30.1 3.029 2.   20.
  17 1992  335 14975.  22.8 30.1 3.029 2.    1.
  17 1992  336 14857.  22.8 30.1 3.029 2.    0.
  17 1992  337 14740.  22.8 30.1 3.029 2.    0.
  17 1992  338 14622.  22.8 30.2 3.029 2.    0.
  17 1992  339 14504.  22.8 30.2 3.029 2.    0.
  17 1992  340 14387.  22.8 30.2 3.029 2.    0.
  17 1992  341 14269.  22.8 30.2 3.029 2.    0.
  17 1992  342 14151.  22.8 30.2 3.029 2.    0.
  17 1992  343 14034.  22.8 30.2 3.029 2.    0.
  17 1992  344 13916.  22.7 30.2 3.029 2.    0.
  17 1992  345 13798.  22.7 30.2 3.029 2.    0.
  17 1992  346 13681.  22.7 30.3 3.029 2.   29.
  17 1992  347 13563.  22.7 30.3 3.029 2.    0.
  17 1992  348 13445.  22.7 30.3 3.029 2.    0.
  17 1992  349 13328.  22.7 30.3 3.029 2.    0.
  17 1992  350 13210.  22.7 30.3 3.029 2.    3.
  17 1992  351 13054.  22.7 30.3 3.019 2.    0.
  17 1992  352 12899.  22.6 30.3 3.010 2.    0.
  17 1992  353 12743.  22.6 30.3 3.000 2.    8.
  17 1992  354 12588.  22.6 30.3 2.990 2.    0.
  17 1992  355 12432.  22.6 30.3 2.980 2.    0.
  17 1992  356 12276.  22.5 30.3 2.970 2.    0.
  17 1992  357 12121.  22.5 30.4 2.961 2.    0.
  17 1992  358 11965.  22.5 30.4 2.951 2.    0.
  17 1992  359 11809.  22.5 30.4 2.941 2.    0.
  17 1992  360 11654.  22.4 30.4 2.932 2.    0.
  17 1992  361 11498.  22.4 30.4 2.922 2.    0.
  17 1992  362 11343.  22.4 30.4 2.912 2.    0.
  17 1992  363 11187.  22.4 30.4 2.902 2.    0.
  17 1992  364 11031.  22.3 30.4 2.892 2.    0.
  17 1992  365 10876.  22.3 30.4 2.883 2.    0.
  17 1992  366 10720.  22.3 30.4 2.873 3.    0.
