*---------------------------------------------------------*
*   Country: Cote d'Ivoire
*   Station: Bondoukou
*      Year: 1991
*    Source:
* Longitude: 002 47 W
*  Latitude: 08 03 N
* Elevation: 371 m.
*  WMO-code: 65.5450
*  Comments: Automatically generated file from *.WOF file
*            with REGENSIM.FOR ver. aug 96
*
*  Columns:
*  ========
*  station number
*  year
*  day
*  irradiation (kJ m-2 d-1)
*  minimum temperature (degrees Celsius)
*  maximum temperature (degrees Celsius)
*  vapour pressure (kPa)
*  mean wind speed (m s-1)
*  precipitation (mm month-1)
*---------------------------------------------------------*
  -2.78   8.05   371. 0.00 0.00
   4 1991    1 17720.  19.5 32.3 1.998 0.    0.
   4 1991    2 17794.  19.5 32.4 1.983 0.    0.
   4 1991    3 17869.  19.5 32.6 1.968 0.    0.
   4 1991    4 17943.  19.5 32.7 1.953 0.    0.
   4 1991    5 18017.  19.6 32.9 1.937 0.    0.
   4 1991    6 18091.  19.6 33.0 1.922 0.    0.
   4 1991    7 18166.  19.6 33.2 1.907 0.    0.
   4 1991    8 18240.  19.6 33.3 1.892 0.    0.
   4 1991    9 18314.  19.7 33.5 1.877 0.    0.
   4 1991   10 18389.  19.7 33.6 1.862 0.    0.
   4 1991   11 18463.  19.7 33.7 1.847 0.    0.
   4 1991   12 18537.  19.7 33.9 1.831 0.    0.
   4 1991   13 18611.  19.8 34.0 1.816 0.    0.
   4 1991   14 18686.  19.8 34.2 1.801 0.    0.
   4 1991   15 18760.  19.8 34.3 1.786 0.    0.
   4 1991   16 18753.  19.9 34.4 1.800 0.    0.
   4 1991   17 18747.  20.0 34.4 1.814 0.    0.
   4 1991   18 18740.  20.1 34.5 1.829 0.    0.
   4 1991   19 18733.  20.1 34.6 1.843 0.    0.
   4 1991   20 18727.  20.2 34.6 1.857 0.    0.
   4 1991   21 18720.  20.3 34.7 1.871 0.    0.
   4 1991   22 18713.  20.4 34.7 1.885 0.    0.
   4 1991   23 18707.  20.5 34.8 1.899 0.    0.
   4 1991   24 18700.  20.6 34.8 1.914 0.    0.
   4 1991   25 18693.  20.7 34.9 1.928 0.    0.
   4 1991   26 18687.  20.7 35.0 1.942 0.    0.
   4 1991   27 18680.  20.8 35.0 1.956 0.    0.
   4 1991   28 18673.  20.9 35.1 1.970 0.    0.
   4 1991   29 18667.  21.0 35.1 1.984 0.    0.
   4 1991   30 18660.  21.1 35.2 1.999 0.    0.
   4 1991   31 18653.  21.2 35.2 2.013 0.    0.
   4 1991   32 18647.  21.3 35.3 2.027 0.    0.
   4 1991   33 18640.  21.3 35.3 2.041 0.   27.
   4 1991   34 18633.  21.4 35.4 2.055 0.    0.
   4 1991   35 18627.  21.5 35.5 2.069 0.    0.
   4 1991   36 18620.  21.6 35.5 2.084 0.    0.
   4 1991   37 18613.  21.7 35.6 2.098 0.    0.
   4 1991   38 18607.  21.8 35.6 2.112 1.    0.
   4 1991   39 18600.  21.9 35.7 2.126 1.    0.
   4 1991   40 18593.  21.9 35.7 2.140 1.    0.
   4 1991   41 18587.  22.0 35.8 2.154 1.    0.
   4 1991   42 18580.  22.1 35.9 2.169 1.    0.
   4 1991   43 18573.  22.2 35.9 2.183 1.    0.
   4 1991   44 18567.  22.3 36.0 2.197 1.    0.
   4 1991   45 18560.  22.4 36.0 2.211 1.    0.
   4 1991   46 18581.  22.4 36.0 2.229 1.    0.
   4 1991   47 18601.  22.4 35.9 2.247 1.    0.
   4 1991   48 18622.  22.5 35.8 2.265 1.    0.
   4 1991   49 18643.  22.5 35.8 2.283 1.    0.
   4 1991   50 18663.  22.5 35.7 2.301 1.    0.
   4 1991   51 18684.  22.6 35.6 2.319 1.    0.
   4 1991   52 18705.  22.6 35.6 2.337 1.    0.
   4 1991   53 18726.  22.6 35.5 2.355 1.    0.
   4 1991   54 18746.  22.6 35.4 2.373 1.    0.
   4 1991   55 18767.  22.7 35.4 2.391 1.   10.
   4 1991   56 18788.  22.7 35.3 2.409 1.    0.
   4 1991   57 18808.  22.7 35.2 2.427 1.    0.
   4 1991   58 18829.  22.8 35.2 2.445 1.   25.
   4 1991   59 18850.  22.8 35.1 2.463 1.    0.
   4 1991   60 18870.  22.8 35.0 2.482 1.    0.
   4 1991   61 18891.  22.9 34.9 2.500 1.    0.
   4 1991   62 18912.  22.9 34.9 2.518 1.    0.
   4 1991   63 18932.  22.9 34.8 2.536 1.    0.
   4 1991   64 18953.  23.0 34.7 2.554 1.    0.
   4 1991   65 18974.  23.0 34.7 2.572 1.    0.
   4 1991   66 18994.  23.0 34.6 2.590 1.    0.
   4 1991   67 19015.  23.1 34.5 2.608 1.    0.
   4 1991   68 19036.  23.1 34.5 2.626 1.    0.
   4 1991   69 19057.  23.1 34.4 2.644 1.    0.
   4 1991   70 19077.  23.1 34.3 2.662 1.    0.
   4 1991   71 19098.  23.2 34.3 2.680 1.    0.
   4 1991   72 19119.  23.2 34.2 2.698 1.    0.
   4 1991   73 19139.  23.2 34.1 2.716 1.    0.
   4 1991   74 19160.  23.3 34.1 2.734 1.    0.
   4 1991   75 19167.  23.2 34.0 2.729 1.    0.
   4 1991   76 19174.  23.2 33.9 2.725 1.    0.
   4 1991   77 19181.  23.2 33.9 2.720 1.    0.
   4 1991   78 19188.  23.1 33.8 2.716 1.    0.
   4 1991   79 19195.  23.1 33.8 2.711 1.    0.
   4 1991   80 19203.  23.1 33.7 2.707 1.   11.
   4 1991   81 19210.  23.0 33.6 2.702 1.   17.
   4 1991   82 19217.  23.0 33.6 2.698 1.    5.
   4 1991   83 19224.  23.0 33.5 2.693 1.    0.
   4 1991   84 19231.  22.9 33.4 2.689 1.    0.
   4 1991   85 19238.  22.9 33.4 2.684 1.    0.
   4 1991   86 19245.  22.9 33.3 2.679 1.    0.
   4 1991   87 19252.  22.8 33.3 2.675 1.   10.
   4 1991   88 19259.  22.8 33.2 2.670 1.    1.
   4 1991   89 19266.  22.8 33.1 2.666 1.    0.
   4 1991   90 19274.  22.7 33.1 2.661 1.    0.
   4 1991   91 19281.  22.7 33.0 2.657 1.    0.
   4 1991   92 19288.  22.7 32.9 2.652 1.    0.
   4 1991   93 19295.  22.6 32.9 2.648 1.    0.
   4 1991   94 19302.  22.6 32.8 2.643 1.    0.
   4 1991   95 19309.  22.6 32.8 2.638 1.    0.
   4 1991   96 19316.  22.5 32.7 2.634 1.    0.
   4 1991   97 19323.  22.5 32.6 2.629 1.   26.
   4 1991   98 19330.  22.5 32.6 2.625 1.  142.
   4 1991   99 19337.  22.4 32.5 2.620 1.    0.
   4 1991  100 19345.  22.4 32.4 2.616 1.    0.
   4 1991  101 19352.  22.4 32.4 2.611 1.    1.
   4 1991  102 19359.  22.3 32.3 2.607 1.    0.
   4 1991  103 19366.  22.3 32.3 2.602 1.    0.
   4 1991  104 19373.  22.3 32.2 2.598 1.    0.
   4 1991  105 19380.  22.2 32.1 2.593 1.    3.
   4 1991  106 19303.  22.2 32.1 2.599 1.    0.
   4 1991  107 19227.  22.3 32.0 2.605 1.    6.
   4 1991  108 19150.  22.3 32.0 2.610 1.    0.
   4 1991  109 19073.  22.3 31.9 2.616 1.    0.
   4 1991  110 18997.  22.3 31.9 2.622 1.    0.
   4 1991  111 18920.  22.3 31.8 2.628 1.    0.
   4 1991  112 18843.  22.3 31.8 2.633 1.    3.
   4 1991  113 18767.  22.3 31.7 2.639 1.    0.
   4 1991  114 18690.  22.3 31.7 2.645 1.    0.
   4 1991  115 18613.  22.4 31.6 2.651 1.    0.
   4 1991  116 18537.  22.4 31.6 2.656 1.   63.
   4 1991  117 18460.  22.4 31.5 2.662 1.    0.
   4 1991  118 18383.  22.4 31.5 2.668 1.    0.
   4 1991  119 18307.  22.4 31.4 2.674 1.    0.
   4 1991  120 18230.  22.4 31.4 2.680 1.    6.
   4 1991  121 18153.  22.4 31.3 2.685 1.   15.
   4 1991  122 18077.  22.5 31.3 2.691 1.   34.
   4 1991  123 18000.  22.5 31.2 2.697 1.   59.
   4 1991  124 17923.  22.5 31.2 2.703 1.   17.
   4 1991  125 17847.  22.5 31.1 2.708 1.    0.
   4 1991  126 17770.  22.5 31.1 2.714 1.   13.
   4 1991  127 17693.  22.5 31.0 2.720 1.    0.
   4 1991  128 17617.  22.5 31.0 2.726 1.    0.
   4 1991  129 17540.  22.5 30.9 2.731 1.    0.
   4 1991  130 17463.  22.6 30.9 2.737 1.    2.
   4 1991  131 17387.  22.6 30.8 2.743 1.    0.
   4 1991  132 17310.  22.6 30.8 2.749 1.    0.
   4 1991  133 17233.  22.6 30.7 2.754 1.    0.
   4 1991  134 17157.  22.6 30.7 2.760 1.   10.
   4 1991  135 17080.  22.6 30.6 2.766 1.    4.
   4 1991  136 17090.  22.6 30.6 2.767 1.   35.
   4 1991  137 17101.  22.6 30.6 2.767 1.   27.
   4 1991  138 17111.  22.6 30.6 2.768 1.    0.
   4 1991  139 17121.  22.6 30.6 2.769 1.    0.
   4 1991  140 17132.  22.7 30.6 2.769 1.   15.
   4 1991  141 17142.  22.7 30.5 2.770 1.    0.
   4 1991  142 17152.  22.7 30.5 2.771 1.    0.
   4 1991  143 17163.  22.7 30.5 2.771 1.    1.
   4 1991  144 17173.  22.7 30.5 2.772 1.    1.
   4 1991  145 17183.  22.7 30.5 2.772 1.    9.
   4 1991  146 17194.  22.7 30.5 2.773 1.   51.
   4 1991  147 17204.  22.7 30.5 2.774 1.    2.
   4 1991  148 17214.  22.7 30.4 2.774 1.    5.
   4 1991  149 17225.  22.7 30.4 2.775 1.    0.
   4 1991  150 17235.  22.7 30.4 2.776 1.    0.
   4 1991  151 17245.  22.7 30.4 2.776 1.    1.
   4 1991  152 17255.  22.7 30.4 2.777 1.    0.
   4 1991  153 17266.  22.7 30.4 2.778 1.   33.
   4 1991  154 17276.  22.7 30.4 2.778 1.    0.
   4 1991  155 17286.  22.7 30.4 2.779 1.    0.
   4 1991  156 17297.  22.7 30.3 2.780 1.    1.
   4 1991  157 17307.  22.7 30.3 2.780 1.   19.
   4 1991  158 17317.  22.7 30.3 2.781 1.    0.
   4 1991  159 17328.  22.7 30.3 2.781 1.    0.
   4 1991  160 17338.  22.7 30.3 2.782 1.    0.
   4 1991  161 17348.  22.7 30.3 2.783 1.    0.
   4 1991  162 17359.  22.8 30.3 2.783 1.   10.
   4 1991  163 17369.  22.8 30.2 2.784 1.    0.
   4 1991  164 17379.  22.8 30.2 2.785 1.  104.
   4 1991  165 17390.  22.8 30.2 2.785 1.    0.
   4 1991  166 17400.  22.8 30.2 2.786 1.    1.
   4 1991  167 17368.  22.7 30.1 2.779 1.    0.
   4 1991  168 17337.  22.7 30.1 2.772 1.    4.
   4 1991  169 17305.  22.6 30.0 2.765 1.    0.
   4 1991  170 17273.  22.6 30.0 2.758 1.    1.
   4 1991  171 17242.  22.5 29.9 2.751 1.   62.
   4 1991  172 17210.  22.5 29.9 2.744 1.   61.
   4 1991  173 17178.  22.4 29.8 2.737 1.    2.
   4 1991  174 17147.  22.4 29.7 2.731 1.    0.
   4 1991  175 17115.  22.3 29.7 2.724 1.    0.
   4 1991  176 17083.  22.3 29.6 2.717 1.    0.
   4 1991  177 17052.  22.2 29.6 2.710 1.    0.
   4 1991  178 17020.  22.2 29.5 2.703 1.    0.
   4 1991  179 16988.  22.1 29.5 2.696 1.    0.
   4 1991  180 16957.  22.1 29.4 2.689 1.    0.
   4 1991  181 16925.  22.0 29.3 2.682 1.    0.
   4 1991  182 16893.  22.0 29.3 2.675 1.    0.
   4 1991  183 16862.  21.9 29.2 2.668 1.    0.
   4 1991  184 16830.  21.9 29.2 2.661 1.    0.
   4 1991  185 16798.  21.8 29.1 2.654 1.    0.
   4 1991  186 16767.  21.8 29.0 2.647 1.    0.
   4 1991  187 16735.  21.7 29.0 2.640 1.    0.
   4 1991  188 16703.  21.7 28.9 2.633 1.    0.
   4 1991  189 16672.  21.6 28.9 2.627 1.   44.
   4 1991  190 16640.  21.6 28.8 2.620 1.   34.
   4 1991  191 16608.  21.5 28.8 2.613 1.   14.
   4 1991  192 16577.  21.5 28.7 2.606 1.    0.
   4 1991  193 16545.  21.4 28.6 2.599 1.    0.
   4 1991  194 16513.  21.4 28.6 2.592 1.    0.
   4 1991  195 16482.  21.3 28.5 2.585 1.    0.
   4 1991  196 16450.  21.3 28.5 2.578 1.    0.
   4 1991  197 16363.  21.3 28.4 2.578 1.    0.
   4 1991  198 16276.  21.3 28.4 2.577 1.    0.
   4 1991  199 16190.  21.3 28.4 2.577 1.    0.
   4 1991  200 16103.  21.2 28.4 2.577 1.    1.
   4 1991  201 16016.  21.2 28.3 2.577 1.   18.
   4 1991  202 15929.  21.2 28.3 2.576 1.    0.
   4 1991  203 15843.  21.2 28.3 2.576 1.    0.
   4 1991  204 15756.  21.2 28.3 2.576 1.    2.
   4 1991  205 15669.  21.2 28.2 2.575 1.    0.
   4 1991  206 15582.  21.2 28.2 2.575 1.    0.
   4 1991  207 15495.  21.2 28.2 2.575 1.    0.
   4 1991  208 15409.  21.2 28.1 2.575 1.    0.
   4 1991  209 15322.  21.2 28.1 2.574 1.    0.
   4 1991  210 15235.  21.2 28.1 2.574 1.    0.
   4 1991  211 15148.  21.2 28.1 2.574 1.    0.
   4 1991  212 15062.  21.2 28.0 2.573 1.    3.
   4 1991  213 14975.  21.2 28.0 2.573 1.    0.
   4 1991  214 14888.  21.2 28.0 2.573 1.    0.
   4 1991  215 14801.  21.2 28.0 2.572 1.    0.
   4 1991  216 14715.  21.2 27.9 2.572 1.    0.
   4 1991  217 14628.  21.2 27.9 2.572 1.    0.
   4 1991  218 14541.  21.1 27.9 2.572 1.    0.
   4 1991  219 14454.  21.1 27.8 2.571 1.    0.
   4 1991  220 14367.  21.1 27.8 2.571 1.    0.
   4 1991  221 14281.  21.1 27.8 2.571 1.    0.
   4 1991  222 14194.  21.1 27.8 2.570 1.    3.
   4 1991  223 14107.  21.1 27.7 2.570 1.    2.
   4 1991  224 14020.  21.1 27.7 2.570 1.   15.
   4 1991  225 13934.  21.1 27.7 2.570 1.   15.
   4 1991  226 13847.  21.1 27.7 2.569 1.    7.
   4 1991  227 13760.  21.1 27.6 2.569 1.    0.
   4 1991  228 13815.  21.1 27.7 2.571 1.    0.
   4 1991  229 13870.  21.1 27.7 2.573 1.   25.
   4 1991  230 13925.  21.1 27.8 2.575 1.    0.
   4 1991  231 13979.  21.1 27.8 2.576 1.    0.
   4 1991  232 14034.  21.1 27.9 2.578 1.    0.
   4 1991  233 14089.  21.1 27.9 2.580 1.    0.
   4 1991  234 14144.  21.1 28.0 2.582 1.    0.
   4 1991  235 14199.  21.1 28.0 2.584 1.    0.
   4 1991  236 14254.  21.1 28.1 2.586 1.   28.
   4 1991  237 14308.  21.1 28.1 2.587 1.    0.
   4 1991  238 14363.  21.1 28.2 2.589 1.    0.
   4 1991  239 14418.  21.1 28.2 2.591 1.    7.
   4 1991  240 14473.  21.1 28.2 2.593 1.    0.
   4 1991  241 14528.  21.1 28.3 2.595 1.    2.
   4 1991  242 14583.  21.1 28.3 2.597 1.    0.
   4 1991  243 14637.  21.1 28.4 2.598 1.    0.
   4 1991  244 14692.  21.1 28.4 2.600 1.    0.
   4 1991  245 14747.  21.1 28.5 2.602 1.    0.
   4 1991  246 14802.  21.1 28.5 2.604 1.    0.
   4 1991  247 14857.  21.1 28.6 2.606 1.   11.
   4 1991  248 14912.  21.1 28.6 2.608 1.    0.
   4 1991  249 14966.  21.1 28.7 2.609 1.    5.
   4 1991  250 15021.  21.1 28.7 2.611 1.    0.
   4 1991  251 15076.  21.1 28.8 2.613 1.   29.
   4 1991  252 15131.  21.1 28.8 2.615 1.   11.
   4 1991  253 15186.  21.1 28.9 2.617 1.    3.
   4 1991  254 15241.  21.1 28.9 2.619 1.    4.
   4 1991  255 15295.  21.1 29.0 2.620 1.    1.
   4 1991  256 15350.  21.1 29.0 2.622 1.    9.
   4 1991  257 15405.  21.1 29.1 2.624 1.    0.
   4 1991  258 15460.  21.1 29.1 2.626 1.    0.
   4 1991  259 15468.  21.1 29.1 2.625 1.    0.
   4 1991  260 15477.  21.1 29.1 2.624 1.    3.
   4 1991  261 15485.  21.0 29.1 2.622 1.    0.
   4 1991  262 15493.  21.0 29.1 2.621 1.    0.
   4 1991  263 15502.  21.0 29.1 2.620 1.    0.
   4 1991  264 15510.  21.0 29.1 2.619 1.    0.
   4 1991  265 15518.  21.0 29.1 2.618 1.    3.
   4 1991  266 15527.  21.0 29.1 2.616 1.    1.
   4 1991  267 15535.  21.0 29.1 2.615 1.    0.
   4 1991  268 15543.  21.0 29.1 2.614 1.    0.
   4 1991  269 15552.  21.0 29.1 2.613 1.   31.
   4 1991  270 15560.  21.0 29.1 2.612 1.    0.
   4 1991  271 15568.  21.0 29.1 2.610 1.    0.
   4 1991  272 15577.  21.0 29.1 2.609 1.    6.
   4 1991  273 15585.  21.0 29.1 2.608 1.    0.
   4 1991  274 15593.  21.0 29.1 2.607 0.   27.
   4 1991  275 15602.  21.0 29.1 2.606 0.    7.
   4 1991  276 15610.  21.0 29.1 2.604 0.    0.
   4 1991  277 15618.  20.9 29.1 2.603 0.    0.
   4 1991  278 15627.  20.9 29.1 2.602 0.    0.
   4 1991  279 15635.  20.9 29.1 2.601 0.    0.
   4 1991  280 15643.  20.9 29.1 2.600 0.    0.
   4 1991  281 15652.  20.9 29.1 2.598 0.   27.
   4 1991  282 15660.  20.9 29.1 2.597 0.    0.
   4 1991  283 15668.  20.9 29.1 2.596 0.    0.
   4 1991  284 15677.  20.9 29.1 2.595 0.    1.
   4 1991  285 15685.  20.9 29.1 2.594 0.    0.
   4 1991  286 15693.  20.9 29.1 2.592 0.    0.
   4 1991  287 15702.  20.9 29.1 2.591 0.    1.
   4 1991  288 15710.  20.9 29.1 2.590 0.    2.
   4 1991  289 15732.  20.9 29.2 2.593 0.    0.
   4 1991  290 15755.  20.9 29.4 2.596 0.    0.
   4 1991  291 15777.  20.9 29.5 2.599 0.    0.
   4 1991  292 15799.  20.9 29.7 2.602 0.    0.
   4 1991  293 15821.  20.9 29.8 2.605 0.    0.
   4 1991  294 15844.  20.9 29.9 2.608 0.    0.
   4 1991  295 15866.  20.9 30.1 2.611 0.    0.
   4 1991  296 15888.  20.9 30.2 2.615 0.    9.
   4 1991  297 15910.  20.9 30.4 2.618 0.   24.
   4 1991  298 15933.  20.9 30.5 2.621 0.    0.
   4 1991  299 15955.  20.9 30.7 2.624 0.    5.
   4 1991  300 15977.  20.9 30.8 2.627 0.    0.
   4 1991  301 15999.  20.9 31.0 2.630 0.    0.
   4 1991  302 16022.  20.9 31.1 2.633 0.    0.
   4 1991  303 16044.  20.9 31.2 2.636 0.    0.
   4 1991  304 16066.  21.0 31.4 2.639 1.    6.
   4 1991  305 16088.  21.0 31.5 2.642 1.    0.
   4 1991  306 16111.  21.0 31.7 2.645 1.    0.
   4 1991  307 16133.  21.0 31.8 2.648 1.    0.
   4 1991  308 16155.  21.0 32.0 2.651 1.    0.
   4 1991  309 16177.  21.0 32.1 2.654 1.    0.
   4 1991  310 16200.  21.0 32.3 2.657 1.    0.
   4 1991  311 16222.  21.0 32.4 2.660 1.    0.
   4 1991  312 16244.  21.0 32.6 2.664 1.    0.
   4 1991  313 16266.  21.0 32.7 2.667 1.    0.
   4 1991  314 16289.  21.0 32.8 2.670 1.    0.
   4 1991  315 16311.  21.0 33.0 2.673 1.    1.
   4 1991  316 16333.  21.0 33.1 2.676 1.    0.
   4 1991  317 16355.  21.0 33.3 2.679 1.    0.
   4 1991  318 16378.  21.0 33.4 2.682 1.    0.
   4 1991  319 16400.  21.0 33.6 2.685 1.    0.
   4 1991  320 16409.  21.0 33.5 2.669 1.    0.
   4 1991  321 16419.  20.9 33.3 2.653 1.    0.
   4 1991  322 16428.  20.8 33.2 2.638 1.    0.
   4 1991  323 16437.  20.8 33.1 2.622 1.    0.
   4 1991  324 16447.  20.7 33.0 2.606 1.    0.
   4 1991  325 16456.  20.6 32.9 2.590 1.    0.
   4 1991  326 16465.  20.6 32.8 2.574 1.    0.
   4 1991  327 16475.  20.5 32.7 2.558 0.    0.
   4 1991  328 16484.  20.5 32.6 2.543 0.    0.
   4 1991  329 16493.  20.4 32.5 2.527 0.    0.
   4 1991  330 16503.  20.3 32.3 2.511 0.    0.
   4 1991  331 16512.  20.3 32.2 2.495 0.    0.
   4 1991  332 16521.  20.2 32.1 2.479 0.    0.
   4 1991  333 16531.  20.1 32.0 2.463 0.    0.
   4 1991  334 16540.  20.1 31.9 2.447 0.    0.
   4 1991  335 16549.  20.0 31.8 2.432 0.    0.
   4 1991  336 16559.  20.0 31.7 2.416 0.    0.
   4 1991  337 16568.  19.9 31.6 2.400 0.    0.
   4 1991  338 16577.  19.8 31.5 2.384 0.    0.
   4 1991  339 16587.  19.8 31.3 2.368 0.    0.
   4 1991  340 16596.  19.7 31.2 2.352 0.    0.
   4 1991  341 16605.  19.6 31.1 2.337 0.    0.
   4 1991  342 16615.  19.6 31.0 2.321 0.    0.
   4 1991  343 16624.  19.5 30.9 2.305 0.    0.
   4 1991  344 16633.  19.4 30.8 2.289 0.    0.
   4 1991  345 16643.  19.4 30.7 2.273 0.    0.
   4 1991  346 16652.  19.3 30.6 2.258 0.    0.
   4 1991  347 16661.  19.3 30.5 2.242 0.    0.
   4 1991  348 16671.  19.2 30.3 2.226 0.    0.
   4 1991  349 16680.  19.1 30.2 2.210 0.    0.
   4 1991  350 16745.  19.2 30.4 2.197 0.    0.
   4 1991  351 16810.  19.2 30.5 2.184 0.    0.
   4 1991  352 16875.  19.2 30.6 2.170 0.    0.
   4 1991  353 16940.  19.2 30.7 2.157 0.   43.
   4 1991  354 17005.  19.2 30.9 2.144 0.    0.
   4 1991  355 17070.  19.3 31.0 2.131 0.    0.
   4 1991  356 17135.  19.3 31.1 2.117 0.    0.
   4 1991  357 17200.  19.3 31.3 2.104 0.    0.
   4 1991  358 17265.  19.3 31.4 2.091 0.    0.
   4 1991  359 17330.  19.3 31.5 2.078 0.    0.
   4 1991  360 17395.  19.4 31.6 2.064 0.    0.
   4 1991  361 17460.  19.4 31.8 2.051 0.    0.
   4 1991  362 17525.  19.4 31.9 2.038 0.    0.
   4 1991  363 17590.  19.4 32.0 2.024 0.    0.
   4 1991  364 17655.  19.4 32.2 2.011 0.    0.
   4 1991  365 17720.  19.5 32.3 1.998 0.    0.
