*---------------------------------------------------------*
*   Country: Cote d'Ivoire
*   Station: Bondoukou
*      Year: 1987
*    Source:
* Longitude: 002 47 W
*  Latitude: 08 03 N
* Elevation: 371 m.
*  WMO-code: 65.5450
*  Comments: Automatically generated file from *.WOF file
*            with REGENSIM.FOR ver. aug 96
*
*  Columns:
*  ========
*  station number
*  year
*  day
*  irradiation (kJ m-2 d-1)
*  minimum temperature (degrees Celsius)
*  maximum temperature (degrees Celsius)
*  vapour pressure (kPa)
*  mean wind speed (m s-1)
*  precipitation (mm month-1)
*---------------------------------------------------------*
  -2.78   8.05   371. 0.00 0.00
   4 1987    1 16895.  19.6 32.5 2.173 1.    0.
   4 1987    2 16873.  19.6 32.5 2.185 1.    0.
   4 1987    3 16850.  19.6 32.4 2.198 1.    0.
   4 1987    4 16828.  19.6 32.4 2.211 1.    0.
   4 1987    5 16805.  19.6 32.4 2.223 1.    0.
   4 1987    6 16783.  19.6 32.4 2.236 1.    0.
   4 1987    7 16760.  19.6 32.4 2.249 1.    0.
   4 1987    8 16738.  19.6 32.4 2.261 1.    0.
   4 1987    9 16715.  19.6 32.3 2.274 1.    0.
   4 1987   10 16693.  19.6 32.3 2.287 1.    0.
   4 1987   11 16670.  19.6 32.3 2.299 1.    0.
   4 1987   12 16648.  19.6 32.3 2.312 1.    0.
   4 1987   13 16625.  19.6 32.3 2.325 1.    0.
   4 1987   14 16603.  19.6 32.3 2.337 1.    0.
   4 1987   15 16580.  19.6 32.3 2.350 1.    0.
   4 1987   16 16635.  19.7 32.4 2.347 1.    0.
   4 1987   17 16691.  19.7 32.5 2.344 1.    0.
   4 1987   18 16746.  19.8 32.6 2.340 1.    0.
   4 1987   19 16801.  19.9 32.7 2.337 1.    0.
   4 1987   20 16857.  19.9 32.8 2.334 1.    0.
   4 1987   21 16912.  20.0 32.9 2.331 1.    0.
   4 1987   22 16967.  20.0 33.0 2.328 1.    0.
   4 1987   23 17023.  20.1 33.1 2.324 1.    0.
   4 1987   24 17078.  20.1 33.2 2.321 1.    0.
   4 1987   25 17133.  20.2 33.3 2.318 1.    0.
   4 1987   26 17189.  20.2 33.4 2.315 1.    0.
   4 1987   27 17244.  20.3 33.5 2.312 1.    0.
   4 1987   28 17299.  20.3 33.6 2.308 1.    0.
   4 1987   29 17355.  20.4 33.7 2.305 1.    0.
   4 1987   30 17410.  20.5 33.9 2.302 1.    0.
   4 1987   31 17465.  20.5 34.0 2.299 1.    0.
   4 1987   32 17521.  20.6 34.1 2.296 1.    0.
   4 1987   33 17576.  20.6 34.2 2.292 1.    0.
   4 1987   34 17631.  20.7 34.3 2.289 1.    0.
   4 1987   35 17687.  20.7 34.4 2.286 1.    0.
   4 1987   36 17742.  20.8 34.5 2.283 1.    0.
   4 1987   37 17797.  20.8 34.6 2.280 1.    0.
   4 1987   38 17853.  20.9 34.7 2.276 1.    0.
   4 1987   39 17908.  21.0 34.8 2.273 1.    0.
   4 1987   40 17963.  21.0 34.9 2.270 1.   17.
   4 1987   41 18019.  21.1 35.0 2.267 1.    0.
   4 1987   42 18074.  21.1 35.1 2.264 1.    0.
   4 1987   43 18129.  21.2 35.2 2.260 1.    0.
   4 1987   44 18185.  21.2 35.4 2.257 1.    0.
   4 1987   45 18240.  21.3 35.5 2.254 1.    0.
   4 1987   46 18298.  21.3 35.4 2.259 1.    0.
   4 1987   47 18356.  21.4 35.4 2.265 1.    0.
   4 1987   48 18414.  21.5 35.4 2.270 1.    0.
   4 1987   49 18472.  21.5 35.4 2.276 1.    0.
   4 1987   50 18530.  21.6 35.4 2.281 1.    0.
   4 1987   51 18588.  21.6 35.4 2.287 1.    0.
   4 1987   52 18646.  21.7 35.4 2.292 1.    0.
   4 1987   53 18703.  21.7 35.4 2.298 1.    1.
   4 1987   54 18761.  21.8 35.4 2.303 1.    0.
   4 1987   55 18819.  21.8 35.3 2.309 1.    0.
   4 1987   56 18877.  21.9 35.3 2.314 1.    0.
   4 1987   57 18935.  21.9 35.3 2.320 1.    0.
   4 1987   58 18993.  22.0 35.3 2.325 1.    0.
   4 1987   59 19051.  22.0 35.3 2.331 1.    0.
   4 1987   60 19109.  22.1 35.3 2.336 1.    0.
   4 1987   61 19167.  22.2 35.3 2.342 1.    0.
   4 1987   62 19225.  22.2 35.3 2.347 1.    0.
   4 1987   63 19283.  22.3 35.2 2.353 1.    1.
   4 1987   64 19341.  22.3 35.2 2.358 1.    0.
   4 1987   65 19399.  22.4 35.2 2.364 1.    0.
   4 1987   66 19457.  22.4 35.2 2.369 1.    0.
   4 1987   67 19514.  22.5 35.2 2.375 1.    0.
   4 1987   68 19572.  22.5 35.2 2.380 1.    0.
   4 1987   69 19630.  22.6 35.2 2.386 1.    8.
   4 1987   70 19688.  22.6 35.2 2.391 1.    0.
   4 1987   71 19746.  22.7 35.1 2.397 1.    0.
   4 1987   72 19804.  22.7 35.1 2.402 1.    0.
   4 1987   73 19862.  22.8 35.1 2.408 1.    0.
   4 1987   74 19920.  22.9 35.1 2.413 1.    0.
   4 1987   75 19886.  22.8 35.0 2.424 1.    0.
   4 1987   76 19852.  22.8 35.0 2.434 1.    0.
   4 1987   77 19818.  22.8 34.9 2.445 1.  117.
   4 1987   78 19785.  22.8 34.9 2.455 1.    0.
   4 1987   79 19751.  22.8 34.8 2.466 1.    0.
   4 1987   80 19717.  22.8 34.7 2.476 1.    0.
   4 1987   81 19683.  22.8 34.7 2.487 1.    0.
   4 1987   82 19649.  22.8 34.6 2.497 1.    0.
   4 1987   83 19615.  22.8 34.6 2.508 1.    0.
   4 1987   84 19581.  22.8 34.5 2.518 1.    0.
   4 1987   85 19547.  22.8 34.4 2.529 1.    0.
   4 1987   86 19514.  22.8 34.4 2.539 1.    0.
   4 1987   87 19480.  22.8 34.3 2.550 1.    0.
   4 1987   88 19446.  22.8 34.3 2.560 1.    0.
   4 1987   89 19412.  22.7 34.2 2.571 1.    0.
   4 1987   90 19378.  22.7 34.1 2.581 1.   13.
   4 1987   91 19344.  22.7 34.1 2.592 1.    7.
   4 1987   92 19310.  22.7 34.0 2.602 1.    4.
   4 1987   93 19276.  22.7 34.0 2.613 1.    0.
   4 1987   94 19243.  22.7 33.9 2.623 1.    0.
   4 1987   95 19209.  22.7 33.8 2.634 1.    0.
   4 1987   96 19175.  22.7 33.8 2.644 1.    0.
   4 1987   97 19141.  22.7 33.7 2.655 1.    0.
   4 1987   98 19107.  22.7 33.7 2.665 1.    0.
   4 1987   99 19073.  22.7 33.6 2.676 1.    0.
   4 1987  100 19039.  22.7 33.5 2.686 1.    0.
   4 1987  101 19005.  22.7 33.5 2.697 1.    0.
   4 1987  102 18972.  22.7 33.4 2.707 1.    0.
   4 1987  103 18938.  22.6 33.4 2.718 1.    0.
   4 1987  104 18904.  22.6 33.3 2.728 1.    0.
   4 1987  105 18870.  22.6 33.2 2.739 1.    0.
   4 1987  106 18879.  22.6 33.2 2.737 1.    0.
   4 1987  107 18889.  22.6 33.1 2.736 1.    0.
   4 1987  108 18898.  22.6 33.1 2.734 1.    2.
   4 1987  109 18907.  22.6 33.0 2.733 1.    0.
   4 1987  110 18917.  22.6 33.0 2.731 1.    0.
   4 1987  111 18926.  22.6 32.9 2.730 1.    0.
   4 1987  112 18935.  22.6 32.9 2.728 1.    0.
   4 1987  113 18945.  22.6 32.8 2.727 1.    0.
   4 1987  114 18954.  22.6 32.8 2.725 1.   17.
   4 1987  115 18963.  22.6 32.7 2.724 1.    0.
   4 1987  116 18973.  22.6 32.7 2.722 1.    0.
   4 1987  117 18982.  22.6 32.6 2.721 1.    0.
   4 1987  118 18991.  22.6 32.6 2.719 1.    0.
   4 1987  119 19001.  22.5 32.5 2.718 1.    3.
   4 1987  120 19010.  22.5 32.5 2.716 1.    0.
   4 1987  121 19019.  22.5 32.4 2.714 1.    0.
   4 1987  122 19029.  22.5 32.4 2.713 1.    0.
   4 1987  123 19038.  22.5 32.3 2.711 1.    1.
   4 1987  124 19047.  22.5 32.2 2.710 1.    0.
   4 1987  125 19057.  22.5 32.2 2.708 1.    1.
   4 1987  126 19066.  22.5 32.1 2.707 1.    0.
   4 1987  127 19075.  22.5 32.1 2.705 1.    0.
   4 1987  128 19085.  22.5 32.0 2.704 1.    0.
   4 1987  129 19094.  22.5 32.0 2.702 1.    2.
   4 1987  130 19103.  22.5 31.9 2.701 1.    0.
   4 1987  131 19113.  22.5 31.9 2.699 1.    0.
   4 1987  132 19122.  22.5 31.8 2.698 1.    9.
   4 1987  133 19131.  22.5 31.8 2.696 1.    0.
   4 1987  134 19141.  22.5 31.7 2.695 1.    0.
   4 1987  135 19150.  22.5 31.7 2.693 1.   40.
   4 1987  136 19024.  22.4 31.6 2.695 1.    0.
   4 1987  137 18898.  22.4 31.6 2.698 1.    6.
   4 1987  138 18773.  22.4 31.5 2.700 1.    0.
   4 1987  139 18647.  22.4 31.4 2.703 1.    0.
   4 1987  140 18521.  22.4 31.4 2.705 1.   15.
   4 1987  141 18395.  22.3 31.3 2.707 1.    0.
   4 1987  142 18269.  22.3 31.3 2.710 1.    0.
   4 1987  143 18144.  22.3 31.2 2.712 1.    0.
   4 1987  144 18018.  22.3 31.1 2.714 1.    0.
   4 1987  145 17892.  22.3 31.1 2.717 1.   36.
   4 1987  146 17766.  22.2 31.0 2.719 1.    7.
   4 1987  147 17640.  22.2 31.0 2.722 1.    0.
   4 1987  148 17515.  22.2 30.9 2.724 1.    0.
   4 1987  149 17389.  22.2 30.8 2.726 1.    0.
   4 1987  150 17263.  22.1 30.8 2.729 1.    0.
   4 1987  151 17137.  22.1 30.7 2.731 1.    0.
   4 1987  152 17011.  22.1 30.7 2.734 1.    1.
   4 1987  153 16885.  22.1 30.6 2.736 1.    0.
   4 1987  154 16760.  22.1 30.6 2.738 1.    0.
   4 1987  155 16634.  22.1 30.5 2.741 1.    1.
   4 1987  156 16508.  22.0 30.4 2.743 1.    8.
   4 1987  157 16382.  22.0 30.4 2.746 1.    0.
   4 1987  158 16256.  22.0 30.3 2.748 1.   25.
   4 1987  159 16131.  22.0 30.3 2.750 1.   47.
   4 1987  160 16005.  22.0 30.2 2.753 1.    0.
   4 1987  161 15879.  21.9 30.1 2.755 1.   31.
   4 1987  162 15753.  21.9 30.1 2.757 1.    8.
   4 1987  163 15627.  21.9 30.0 2.760 1.    0.
   4 1987  164 15502.  21.9 30.0 2.762 1.    0.
   4 1987  165 15376.  21.9 29.9 2.765 1.    0.
   4 1987  166 15250.  21.8 29.9 2.767 1.    0.
   4 1987  167 15260.  21.8 29.8 2.765 1.    0.
   4 1987  168 15270.  21.8 29.7 2.762 1.    0.
   4 1987  169 15280.  21.8 29.7 2.760 1.    0.
   4 1987  170 15290.  21.8 29.6 2.757 1.   24.
   4 1987  171 15300.  21.8 29.6 2.755 1.    0.
   4 1987  172 15310.  21.7 29.5 2.752 1.    0.
   4 1987  173 15320.  21.7 29.5 2.750 1.    0.
   4 1987  174 15330.  21.7 29.4 2.747 1.   20.
   4 1987  175 15340.  21.7 29.4 2.744 1.    0.
   4 1987  176 15350.  21.7 29.3 2.742 1.    0.
   4 1987  177 15360.  21.7 29.3 2.740 1.    0.
   4 1987  178 15370.  21.7 29.2 2.737 1.    0.
   4 1987  179 15380.  21.6 29.1 2.734 1.    0.
   4 1987  180 15390.  21.6 29.1 2.732 1.    0.
   4 1987  181 15400.  21.6 29.0 2.730 1.    4.
   4 1987  182 15410.  21.6 29.0 2.727 1.   32.
   4 1987  183 15420.  21.6 28.9 2.725 1.    0.
   4 1987  184 15430.  21.6 28.9 2.722 1.    0.
   4 1987  185 15440.  21.6 28.8 2.720 1.    1.
   4 1987  186 15450.  21.5 28.8 2.717 1.    5.
   4 1987  187 15460.  21.5 28.7 2.715 1.    0.
   4 1987  188 15470.  21.5 28.7 2.712 1.    4.
   4 1987  189 15480.  21.5 28.6 2.710 1.    0.
   4 1987  190 15490.  21.5 28.6 2.707 1.    8.
   4 1987  191 15500.  21.5 28.5 2.704 1.    0.
   4 1987  192 15510.  21.5 28.4 2.702 1.    2.
   4 1987  193 15520.  21.4 28.4 2.700 1.    3.
   4 1987  194 15530.  21.4 28.3 2.697 1.    0.
   4 1987  195 15540.  21.4 28.3 2.694 1.    3.
   4 1987  196 15550.  21.4 28.2 2.692 1.    3.
   4 1987  197 15515.  21.4 28.2 2.692 1.    0.
   4 1987  198 15480.  21.4 28.2 2.691 1.    0.
   4 1987  199 15445.  21.4 28.2 2.691 1.    0.
   4 1987  200 15411.  21.3 28.2 2.691 1.    0.
   4 1987  201 15376.  21.3 28.2 2.690 1.    2.
   4 1987  202 15341.  21.3 28.2 2.690 1.    0.
   4 1987  203 15306.  21.3 28.1 2.690 1.    0.
   4 1987  204 15271.  21.3 28.1 2.689 1.    0.
   4 1987  205 15236.  21.3 28.1 2.689 1.    0.
   4 1987  206 15202.  21.2 28.1 2.689 1.    0.
   4 1987  207 15167.  21.2 28.1 2.688 1.    0.
   4 1987  208 15132.  21.2 28.1 2.688 1.    7.
   4 1987  209 15097.  21.2 28.1 2.688 1.    0.
   4 1987  210 15062.  21.2 28.0 2.687 1.    2.
   4 1987  211 15027.  21.2 28.0 2.687 1.    0.
   4 1987  212 14993.  21.2 28.0 2.687 1.    0.
   4 1987  213 14958.  21.1 28.0 2.687 1.   12.
   4 1987  214 14923.  21.1 28.0 2.686 1.    0.
   4 1987  215 14888.  21.1 28.0 2.686 1.    7.
   4 1987  216 14853.  21.1 28.0 2.686 1.    0.
   4 1987  217 14818.  21.1 28.0 2.685 1.    0.
   4 1987  218 14784.  21.1 27.9 2.685 1.    0.
   4 1987  219 14749.  21.1 27.9 2.685 1.    0.
   4 1987  220 14714.  21.0 27.9 2.684 1.    2.
   4 1987  221 14679.  21.0 27.9 2.684 1.   28.
   4 1987  222 14644.  21.0 27.9 2.684 1.   29.
   4 1987  223 14609.  21.0 27.9 2.683 1.    7.
   4 1987  224 14575.  21.0 27.9 2.683 1.    0.
   4 1987  225 14540.  21.0 27.9 2.683 1.    0.
   4 1987  226 14505.  20.9 27.8 2.682 1.    0.
   4 1987  227 14470.  20.9 27.8 2.682 1.    0.
   4 1987  228 14546.  20.9 27.9 2.679 1.    0.
   4 1987  229 14622.  20.9 27.9 2.675 1.    0.
   4 1987  230 14697.  20.9 28.0 2.672 1.    0.
   4 1987  231 14773.  20.9 28.0 2.668 1.    3.
   4 1987  232 14849.  20.9 28.1 2.665 1.    7.
   4 1987  233 14925.  20.9 28.1 2.661 1.    0.
   4 1987  234 15001.  20.9 28.1 2.658 1.    0.
   4 1987  235 15076.  20.9 28.2 2.654 1.    0.
   4 1987  236 15152.  20.9 28.2 2.651 1.   17.
   4 1987  237 15228.  20.9 28.3 2.647 1.    6.
   4 1987  238 15304.  20.9 28.3 2.644 1.    5.
   4 1987  239 15380.  20.9 28.4 2.641 1.    2.
   4 1987  240 15455.  21.0 28.4 2.637 1.    0.
   4 1987  241 15531.  21.0 28.5 2.634 1.    9.
   4 1987  242 15607.  21.0 28.5 2.630 1.   11.
   4 1987  243 15683.  21.0 28.6 2.627 1.    0.
   4 1987  244 15759.  21.0 28.6 2.623 1.    1.
   4 1987  245 15835.  21.0 28.6 2.620 1.    0.
   4 1987  246 15910.  21.0 28.7 2.616 1.    0.
   4 1987  247 15986.  21.0 28.7 2.613 1.    0.
   4 1987  248 16062.  21.0 28.8 2.610 1.    0.
   4 1987  249 16138.  21.0 28.8 2.606 1.    4.
   4 1987  250 16214.  21.0 28.9 2.603 1.    0.
   4 1987  251 16289.  21.0 28.9 2.599 1.   83.
   4 1987  252 16365.  21.0 29.0 2.596 1.   17.
   4 1987  253 16441.  21.0 29.0 2.592 1.    0.
   4 1987  254 16517.  21.0 29.0 2.589 1.   20.
   4 1987  255 16593.  21.0 29.1 2.585 1.    0.
   4 1987  256 16668.  21.0 29.1 2.582 1.    0.
   4 1987  257 16744.  21.0 29.2 2.578 1.    0.
   4 1987  258 16820.  21.0 29.2 2.575 1.   20.
   4 1987  259 16850.  21.0 29.3 2.578 1.   11.
   4 1987  260 16880.  21.0 29.3 2.581 1.   13.
   4 1987  261 16910.  21.0 29.4 2.584 1.   17.
   4 1987  262 16940.  21.0 29.4 2.586 1.    4.
   4 1987  263 16970.  21.0 29.5 2.589 1.    0.
   4 1987  264 17000.  21.0 29.5 2.592 1.   44.
   4 1987  265 17030.  21.0 29.6 2.595 1.    0.
   4 1987  266 17060.  21.1 29.6 2.598 0.    0.
   4 1987  267 17090.  21.1 29.6 2.601 0.    0.
   4 1987  268 17120.  21.1 29.7 2.604 0.    0.
   4 1987  269 17150.  21.1 29.7 2.607 0.    3.
   4 1987  270 17180.  21.1 29.8 2.609 0.    7.
   4 1987  271 17210.  21.1 29.8 2.612 0.    0.
   4 1987  272 17240.  21.1 29.9 2.615 0.   16.
   4 1987  273 17270.  21.1 29.9 2.618 0.    4.
   4 1987  274 17300.  21.1 30.0 2.621 0.    0.
   4 1987  275 17330.  21.1 30.0 2.624 0.    0.
   4 1987  276 17360.  21.2 30.1 2.627 0.    0.
   4 1987  277 17390.  21.2 30.1 2.629 0.    0.
   4 1987  278 17420.  21.2 30.2 2.632 0.    0.
   4 1987  279 17450.  21.2 30.2 2.635 0.    0.
   4 1987  280 17480.  21.2 30.3 2.638 0.    2.
   4 1987  281 17510.  21.2 30.3 2.641 0.    0.
   4 1987  282 17540.  21.2 30.3 2.644 0.   16.
   4 1987  283 17570.  21.2 30.4 2.647 0.   14.
   4 1987  284 17600.  21.2 30.4 2.650 0.    0.
   4 1987  285 17630.  21.3 30.5 2.652 0.    0.
   4 1987  286 17660.  21.3 30.5 2.655 0.    4.
   4 1987  287 17690.  21.3 30.6 2.658 0.    0.
   4 1987  288 17720.  21.3 30.6 2.661 0.    0.
   4 1987  289 17710.  21.3 30.7 2.659 0.    0.
   4 1987  290 17701.  21.3 30.8 2.657 0.   33.
   4 1987  291 17691.  21.3 30.9 2.655 0.    0.
   4 1987  292 17681.  21.3 31.0 2.653 0.    0.
   4 1987  293 17672.  21.3 31.0 2.651 0.    0.
   4 1987  294 17662.  21.3 31.1 2.649 0.    0.
   4 1987  295 17652.  21.2 31.2 2.647 0.    0.
   4 1987  296 17643.  21.2 31.3 2.645 0.    0.
   4 1987  297 17633.  21.2 31.4 2.643 0.    0.
   4 1987  298 17623.  21.2 31.4 2.641 0.   44.
   4 1987  299 17614.  21.2 31.5 2.639 0.    7.
   4 1987  300 17604.  21.2 31.6 2.637 0.    0.
   4 1987  301 17594.  21.2 31.7 2.635 0.    0.
   4 1987  302 17585.  21.2 31.8 2.633 0.    0.
   4 1987  303 17575.  21.2 31.8 2.631 0.    0.
   4 1987  304 17565.  21.2 31.9 2.628 0.    0.
   4 1987  305 17555.  21.2 32.0 2.626 0.    0.
   4 1987  306 17546.  21.2 32.1 2.624 0.    0.
   4 1987  307 17536.  21.2 32.2 2.622 0.    0.
   4 1987  308 17526.  21.2 32.2 2.620 0.    0.
   4 1987  309 17517.  21.2 32.3 2.618 0.    0.
   4 1987  310 17507.  21.2 32.4 2.616 0.    0.
   4 1987  311 17497.  21.2 32.5 2.614 0.    0.
   4 1987  312 17488.  21.2 32.6 2.612 0.    0.
   4 1987  313 17478.  21.2 32.6 2.610 0.    0.
   4 1987  314 17468.  21.2 32.7 2.608 0.    0.
   4 1987  315 17459.  21.1 32.8 2.606 0.    0.
   4 1987  316 17449.  21.1 32.9 2.604 0.    0.
   4 1987  317 17439.  21.1 33.0 2.602 0.    0.
   4 1987  318 17430.  21.1 33.0 2.600 0.    0.
   4 1987  319 17420.  21.1 33.1 2.598 0.    0.
   4 1987  320 17413.  21.1 33.1 2.578 0.    0.
   4 1987  321 17406.  21.0 33.1 2.558 0.    0.
   4 1987  322 17399.  21.0 33.1 2.538 0.    0.
   4 1987  323 17392.  20.9 33.1 2.518 0.    0.
   4 1987  324 17385.  20.9 33.1 2.498 0.    0.
   4 1987  325 17378.  20.8 33.0 2.477 0.    0.
   4 1987  326 17371.  20.8 33.0 2.457 0.    0.
   4 1987  327 17364.  20.7 33.0 2.437 0.    0.
   4 1987  328 17357.  20.7 33.0 2.417 0.    0.
   4 1987  329 17350.  20.6 33.0 2.397 0.    0.
   4 1987  330 17343.  20.6 33.0 2.377 0.    0.
   4 1987  331 17336.  20.5 33.0 2.357 0.    0.
   4 1987  332 17329.  20.4 32.9 2.337 0.    0.
   4 1987  333 17322.  20.4 32.9 2.317 0.    0.
   4 1987  334 17315.  20.3 32.9 2.296 0.    0.
   4 1987  335 17308.  20.3 32.9 2.276 0.    0.
   4 1987  336 17301.  20.2 32.9 2.256 0.    0.
   4 1987  337 17294.  20.2 32.9 2.236 0.    0.
   4 1987  338 17287.  20.1 32.9 2.216 0.    0.
   4 1987  339 17280.  20.1 32.8 2.196 0.    0.
   4 1987  340 17273.  20.0 32.8 2.176 0.    0.
   4 1987  341 17266.  20.0 32.8 2.156 0.    0.
   4 1987  342 17259.  19.9 32.8 2.136 0.    0.
   4 1987  343 17252.  19.9 32.8 2.116 0.    0.
   4 1987  344 17245.  19.8 32.8 2.095 0.    0.
   4 1987  345 17238.  19.8 32.7 2.075 0.    0.
   4 1987  346 17231.  19.7 32.7 2.055 0.    0.
   4 1987  347 17224.  19.7 32.7 2.035 0.    0.
   4 1987  348 17217.  19.6 32.7 2.015 0.    0.
   4 1987  349 17210.  19.6 32.7 1.995 0.    0.
   4 1987  350 17190.  19.6 32.7 2.006 0.    0.
   4 1987  351 17171.  19.6 32.7 2.017 0.    0.
   4 1987  352 17151.  19.6 32.6 2.028 0.    0.
   4 1987  353 17131.  19.6 32.6 2.039 0.    0.
   4 1987  354 17112.  19.6 32.6 2.050 0.    0.
   4 1987  355 17092.  19.6 32.6 2.062 0.    0.
   4 1987  356 17072.  19.6 32.6 2.073 0.    0.
   4 1987  357 17053.  19.6 32.6 2.084 0.    0.
   4 1987  358 17033.  19.6 32.6 2.095 0.    0.
   4 1987  359 17013.  19.6 32.6 2.106 0.    0.
   4 1987  360 16993.  19.6 32.5 2.117 0.    0.
   4 1987  361 16974.  19.6 32.5 2.128 0.   25.
   4 1987  362 16954.  19.6 32.5 2.139 0.    0.
   4 1987  363 16934.  19.6 32.5 2.150 0.    0.
   4 1987  364 16915.  19.6 32.5 2.161 0.    0.
   4 1987  365 16895.  19.6 32.5 2.173 1.    0.
