*---------------------------------------------------------*
*   Country: Cote d'Ivoire
*   Station: Bondoukou
*      Year: 1989
* Longitude: 002 47 W
*  Latitude: 08 03 N
* Elevation: 371 m.
*  WMO-code: 65.5450
*  Comments: Automatically generated file from *.WOF file
*            with REGENSIM.FOR ver. aug 96
*
*  Columns:
*  ========
*  station number
*  year
*  day
*  irradiation (kJ m-2 d-1)
*  minimum temperature (degrees Celsius)
*  maximum temperature (degrees Celsius)
*  vapour pressure (kPa)
*  mean wind speed (m s-1)
*  precipitation (mm month-1)
*---------------------------------------------------------*
  -2.78   8.05   371. 0.00 0.00
   4 1989    1 18250.  19.3 33.4 1.471 0.    0.
   4 1989    2 18270.  19.3 33.5 1.432 0.    0.
   4 1989    3 18290.  19.3 33.6 1.393 0.    0.
   4 1989    4 18310.  19.3 33.6 1.354 0.    0.
   4 1989    5 18330.  19.3 33.7 1.314 0.    0.
   4 1989    6 18350.  19.2 33.7 1.275 0.    0.
   4 1989    7 18370.  19.2 33.8 1.236 0.    0.
   4 1989    8 18390.  19.2 33.8 1.197 0.    0.
   4 1989    9 18410.  19.2 33.9 1.158 0.    0.
   4 1989   10 18430.  19.2 33.9 1.119 0.    0.
   4 1989   11 18450.  19.1 34.0 1.080 0.    0.
   4 1989   12 18470.  19.1 34.0 1.040 0.    0.
   4 1989   13 18490.  19.1 34.1 1.001 0.    0.
   4 1989   14 18510.  19.1 34.1  .962 0.    0.
   4 1989   15 18530.  19.1 34.2  .923 0.    0.
   4 1989   16 18482.  19.1 34.2  .929 0.    0.
   4 1989   17 18433.  19.1 34.3  .936 0.    0.
   4 1989   18 18385.  19.1 34.3  .942 0.    0.
   4 1989   19 18337.  19.1 34.3  .948 0.    0.
   4 1989   20 18288.  19.1 34.4  .954 0.    0.
   4 1989   21 18240.  19.1 34.4  .961 0.    0.
   4 1989   22 18192.  19.2 34.5  .967 0.    0.
   4 1989   23 18143.  19.2 34.5  .973 0.    0.
   4 1989   24 18095.  19.2 34.6  .980 0.    0.
   4 1989   25 18047.  19.2 34.6  .986 0.    0.
   4 1989   26 17998.  19.2 34.7  .992 0.    0.
   4 1989   27 17950.  19.2 34.7  .999 1.    0.
   4 1989   28 17902.  19.2 34.7 1.005 1.    0.
   4 1989   29 17853.  19.2 34.8 1.011 1.    0.
   4 1989   30 17805.  19.3 34.8 1.017 1.    0.
   4 1989   31 17757.  19.3 34.9 1.024 1.    0.
   4 1989   32 17708.  19.3 34.9 1.030 1.    0.
   4 1989   33 17660.  19.3 35.0 1.036 1.    0.
   4 1989   34 17612.  19.3 35.0 1.043 1.    0.
   4 1989   35 17563.  19.3 35.1 1.049 1.    0.
   4 1989   36 17515.  19.3 35.1 1.055 1.    0.
   4 1989   37 17467.  19.3 35.1 1.062 1.    0.
   4 1989   38 17418.  19.3 35.2 1.068 1.    0.
   4 1989   39 17370.  19.4 35.2 1.074 1.    0.
   4 1989   40 17322.  19.4 35.3 1.081 1.    0.
   4 1989   41 17273.  19.4 35.3 1.087 1.    0.
   4 1989   42 17225.  19.4 35.4 1.093 1.    0.
   4 1989   43 17177.  19.4 35.4 1.099 1.    0.
   4 1989   44 17128.  19.4 35.5 1.106 1.    0.
   4 1989   45 17080.  19.4 35.5 1.112 1.    0.
   4 1989   46 17154.  19.5 35.5 1.154 1.    0.
   4 1989   47 17229.  19.6 35.4 1.196 1.    0.
   4 1989   48 17303.  19.7 35.4 1.239 1.    0.
   4 1989   49 17378.  19.8 35.4 1.281 1.    0.
   4 1989   50 17452.  20.0 35.3 1.323 1.    0.
   4 1989   51 17527.  20.1 35.3 1.365 1.    0.
   4 1989   52 17601.  20.2 35.3 1.408 1.    0.
   4 1989   53 17676.  20.3 35.2 1.450 1.    0.
   4 1989   54 17750.  20.4 35.2 1.492 1.    0.
   4 1989   55 17825.  20.5 35.2 1.534 1.    0.
   4 1989   56 17899.  20.6 35.1 1.577 1.    0.
   4 1989   57 17974.  20.7 35.1 1.619 1.    0.
   4 1989   58 18048.  20.8 35.1 1.661 1.    0.
   4 1989   59 18123.  20.9 35.0 1.703 1.    0.
   4 1989   60 18197.  21.0 35.0 1.746 1.    0.
   4 1989   61 18272.  21.1 34.9 1.788 1.    0.
   4 1989   62 18346.  21.2 34.9 1.830 1.    0.
   4 1989   63 18421.  21.3 34.9 1.872 1.   15.
   4 1989   64 18495.  21.4 34.8 1.915 1.    0.
   4 1989   65 18570.  21.5 34.8 1.957 1.    0.
   4 1989   66 18644.  21.6 34.8 1.999 1.   19.
   4 1989   67 18719.  21.7 34.7 2.041 1.    0.
   4 1989   68 18793.  21.8 34.7 2.084 1.    0.
   4 1989   69 18868.  21.9 34.7 2.126 1.    0.
   4 1989   70 18942.  22.1 34.6 2.168 1.    0.
   4 1989   71 19017.  22.2 34.6 2.210 1.    5.
   4 1989   72 19091.  22.3 34.6 2.253 1.    0.
   4 1989   73 19166.  22.4 34.5 2.295 1.    0.
   4 1989   74 19240.  22.5 34.5 2.337 1.    6.
   4 1989   75 19268.  22.5 34.5 2.347 1.    0.
   4 1989   76 19295.  22.5 34.4 2.357 1.    0.
   4 1989   77 19323.  22.5 34.4 2.367 1.    1.
   4 1989   78 19351.  22.5 34.4 2.377 1.    0.
   4 1989   79 19379.  22.5 34.3 2.387 1.    0.
   4 1989   80 19406.  22.5 34.3 2.396 1.    0.
   4 1989   81 19434.  22.5 34.3 2.406 1.    0.
   4 1989   82 19462.  22.5 34.2 2.416 1.    0.
   4 1989   83 19490.  22.4 34.2 2.426 1.    0.
   4 1989   84 19517.  22.4 34.2 2.436 1.    5.
   4 1989   85 19545.  22.4 34.1 2.446 1.    0.
   4 1989   86 19573.  22.4 34.1 2.456 1.    0.
   4 1989   87 19601.  22.4 34.1 2.466 1.   12.
   4 1989   88 19628.  22.4 34.0 2.476 1.    0.
   4 1989   89 19656.  22.4 34.0 2.486 1.   16.
   4 1989   90 19684.  22.4 33.9 2.495 1.    0.
   4 1989   91 19712.  22.4 33.9 2.505 1.    1.
   4 1989   92 19739.  22.4 33.9 2.515 1.    0.
   4 1989   93 19767.  22.4 33.8 2.525 1.    0.
   4 1989   94 19795.  22.4 33.8 2.535 1.    2.
   4 1989   95 19823.  22.4 33.8 2.545 1.    6.
   4 1989   96 19850.  22.4 33.7 2.555 1.    1.
   4 1989   97 19878.  22.4 33.7 2.565 1.    0.
   4 1989   98 19906.  22.4 33.7 2.575 1.   14.
   4 1989   99 19934.  22.4 33.6 2.585 1.    0.
   4 1989  100 19961.  22.4 33.6 2.594 1.    6.
   4 1989  101 19989.  22.4 33.6 2.604 1.    0.
   4 1989  102 20017.  22.4 33.5 2.614 1.    0.
   4 1989  103 20045.  22.4 33.5 2.624 1.    0.
   4 1989  104 20072.  22.4 33.5 2.634 1.    0.
   4 1989  105 20100.  22.4 33.4 2.644 1.   21.
   4 1989  106 20078.  22.4 33.4 2.646 1.   22.
   4 1989  107 20056.  22.5 33.3 2.648 1.    0.
   4 1989  108 20034.  22.5 33.3 2.650 1.    0.
   4 1989  109 20012.  22.5 33.2 2.651 1.    5.
   4 1989  110 19990.  22.5 33.2 2.653 1.    0.
   4 1989  111 19968.  22.6 33.2 2.655 1.    1.
   4 1989  112 19946.  22.6 33.1 2.657 1.    0.
   4 1989  113 19924.  22.6 33.1 2.659 1.    0.
   4 1989  114 19902.  22.6 33.0 2.661 1.   22.
   4 1989  115 19880.  22.7 33.0 2.663 1.    0.
   4 1989  116 19858.  22.7 32.9 2.665 1.    0.
   4 1989  117 19836.  22.7 32.9 2.666 1.    0.
   4 1989  118 19814.  22.7 32.8 2.668 1.    0.
   4 1989  119 19792.  22.8 32.8 2.670 1.    0.
   4 1989  120 19770.  22.8 32.7 2.672 1.    7.
   4 1989  121 19748.  22.8 32.7 2.674 1.    0.
   4 1989  122 19726.  22.9 32.6 2.676 1.    0.
   4 1989  123 19704.  22.9 32.6 2.678 1.    0.
   4 1989  124 19682.  22.9 32.5 2.679 1.    1.
   4 1989  125 19660.  22.9 32.5 2.681 1.    0.
   4 1989  126 19638.  23.0 32.5 2.683 1.    0.
   4 1989  127 19616.  23.0 32.4 2.685 1.    0.
   4 1989  128 19594.  23.0 32.4 2.687 1.    0.
   4 1989  129 19572.  23.0 32.3 2.689 1.    0.
   4 1989  130 19550.  23.1 32.3 2.691 1.    0.
   4 1989  131 19528.  23.1 32.2 2.693 1.   77.
   4 1989  132 19506.  23.1 32.2 2.694 1.    0.
   4 1989  133 19484.  23.1 32.1 2.696 1.    0.
   4 1989  134 19462.  23.2 32.1 2.698 1.    0.
   4 1989  135 19440.  23.2 32.0 2.700 1.    3.
   4 1989  136 19337.  23.2 31.9 2.697 1.    0.
   4 1989  137 19234.  23.1 31.9 2.694 1.    0.
   4 1989  138 19130.  23.1 31.8 2.691 1.    0.
   4 1989  139 19027.  23.0 31.7 2.688 1.    0.
   4 1989  140 18924.  23.0 31.6 2.685 1.    0.
   4 1989  141 18821.  22.9 31.5 2.682 1.    0.
   4 1989  142 18717.  22.9 31.4 2.679 1.    0.
   4 1989  143 18614.  22.8 31.3 2.677 1.    0.
   4 1989  144 18511.  22.8 31.2 2.674 1.    0.
   4 1989  145 18408.  22.7 31.1 2.671 1.    0.
   4 1989  146 18305.  22.7 31.1 2.668 1.    0.
   4 1989  147 18201.  22.6 31.0 2.665 1.    0.
   4 1989  148 18098.  22.6 30.9 2.662 1.    0.
   4 1989  149 17995.  22.5 30.8 2.659 1.    0.
   4 1989  150 17892.  22.5 30.7 2.656 1.    0.
   4 1989  151 17788.  22.4 30.6 2.653 1.    0.
   4 1989  152 17685.  22.4 30.5 2.650 1.    8.
   4 1989  153 17582.  22.3 30.4 2.647 1.    0.
   4 1989  154 17479.  22.3 30.4 2.644 1.    0.
   4 1989  155 17375.  22.2 30.3 2.641 1.   30.
   4 1989  156 17272.  22.2 30.2 2.638 1.    0.
   4 1989  157 17169.  22.1 30.1 2.635 1.    0.
   4 1989  158 17066.  22.1 30.0 2.632 1.   21.
   4 1989  159 16963.  22.0 29.9 2.630 1.    0.
   4 1989  160 16859.  22.0 29.8 2.627 1.    8.
   4 1989  161 16756.  21.9 29.7 2.624 1.    0.
   4 1989  162 16653.  21.9 29.7 2.621 1.    0.
   4 1989  163 16550.  21.8 29.6 2.618 1.    0.
   4 1989  164 16446.  21.8 29.5 2.615 1.    4.
   4 1989  165 16343.  21.7 29.4 2.612 1.   60.
   4 1989  166 16240.  21.7 29.3 2.609 1.    0.
   4 1989  167 16222.  21.7 29.3 2.609 1.    0.
   4 1989  168 16205.  21.7 29.2 2.609 1.    0.
   4 1989  169 16187.  21.7 29.2 2.609 1.    2.
   4 1989  170 16169.  21.7 29.2 2.608 1.    3.
   4 1989  171 16152.  21.7 29.2 2.608 1.    0.
   4 1989  172 16134.  21.7 29.1 2.608 1.   22.
   4 1989  173 16116.  21.8 29.1 2.608 1.   16.
   4 1989  174 16099.  21.8 29.1 2.608 1.    6.
   4 1989  175 16081.  21.8 29.1 2.608 1.    0.
   4 1989  176 16063.  21.8 29.0 2.608 1.    2.
   4 1989  177 16046.  21.8 29.0 2.608 1.   11.
   4 1989  178 16028.  21.8 29.0 2.607 1.   14.
   4 1989  179 16010.  21.8 29.0 2.607 1.   75.
   4 1989  180 15993.  21.8 28.9 2.607 1.   31.
   4 1989  181 15975.  21.8 28.9 2.607 1.    0.
   4 1989  182 15957.  21.8 28.9 2.607 1.    0.
   4 1989  183 15940.  21.8 28.8 2.607 1.    0.
   4 1989  184 15922.  21.8 28.8 2.607 1.    0.
   4 1989  185 15904.  21.8 28.8 2.606 1.   14.
   4 1989  186 15887.  21.9 28.8 2.606 1.    0.
   4 1989  187 15869.  21.9 28.7 2.606 1.    0.
   4 1989  188 15851.  21.9 28.7 2.606 1.   15.
   4 1989  189 15834.  21.9 28.7 2.606 1.   13.
   4 1989  190 15816.  21.9 28.7 2.606 1.   21.
   4 1989  191 15798.  21.9 28.6 2.606 1.    0.
   4 1989  192 15781.  21.9 28.6 2.606 1.    1.
   4 1989  193 15763.  21.9 28.6 2.605 1.    2.
   4 1989  194 15745.  21.9 28.6 2.605 1.    8.
   4 1989  195 15728.  21.9 28.5 2.605 1.    6.
   4 1989  196 15710.  21.9 28.5 2.605 1.    2.
   4 1989  197 15674.  21.9 28.5 2.603 1.    3.
   4 1989  198 15638.  21.9 28.5 2.601 1.   17.
   4 1989  199 15603.  21.8 28.5 2.599 1.    0.
   4 1989  200 15567.  21.8 28.4 2.597 1.    0.
   4 1989  201 15531.  21.8 28.4 2.595 1.    0.
   4 1989  202 15495.  21.8 28.4 2.593 1.    2.
   4 1989  203 15459.  21.7 28.4 2.591 1.    0.
   4 1989  204 15424.  21.7 28.4 2.589 1.    5.
   4 1989  205 15388.  21.7 28.4 2.587 1.    0.
   4 1989  206 15352.  21.6 28.4 2.585 1.    0.
   4 1989  207 15316.  21.6 28.4 2.583 1.    0.
   4 1989  208 15280.  21.6 28.3 2.581 1.    0.
   4 1989  209 15245.  21.5 28.3 2.579 1.    0.
   4 1989  210 15209.  21.5 28.3 2.577 1.    0.
   4 1989  211 15173.  21.5 28.3 2.575 1.   12.
   4 1989  212 15137.  21.5 28.3 2.573 1.    0.
   4 1989  213 15101.  21.4 28.3 2.571 1.    0.
   4 1989  214 15065.  21.4 28.3 2.569 1.    4.
   4 1989  215 15030.  21.4 28.3 2.567 1.    0.
   4 1989  216 14994.  21.3 28.2 2.565 1.    0.
   4 1989  217 14958.  21.3 28.2 2.563 1.    0.
   4 1989  218 14922.  21.3 28.2 2.561 1.    7.
   4 1989  219 14886.  21.2 28.2 2.559 1.   13.
   4 1989  220 14851.  21.2 28.2 2.557 1.    0.
   4 1989  221 14815.  21.2 28.2 2.555 1.    0.
   4 1989  222 14779.  21.1 28.2 2.553 1.    0.
   4 1989  223 14743.  21.1 28.2 2.551 1.    1.
   4 1989  224 14707.  21.1 28.1 2.549 1.   20.
   4 1989  225 14672.  21.1 28.1 2.547 1.    0.
   4 1989  226 14636.  21.0 28.1 2.545 1.   24.
   4 1989  227 14600.  21.0 28.1 2.543 1.   11.
   4 1989  228 14616.  21.0 28.1 2.546 1.    5.
   4 1989  229 14632.  21.0 28.1 2.549 1.    2.
   4 1989  230 14647.  21.0 28.2 2.551 1.    0.
   4 1989  231 14663.  21.0 28.2 2.554 1.    0.
   4 1989  232 14679.  21.0 28.2 2.557 1.    0.
   4 1989  233 14695.  21.0 28.2 2.560 1.    0.
   4 1989  234 14711.  21.0 28.2 2.562 1.    0.
   4 1989  235 14726.  20.9 28.3 2.565 1.    0.
   4 1989  236 14742.  20.9 28.3 2.568 1.   16.
   4 1989  237 14758.  20.9 28.3 2.571 1.    1.
   4 1989  238 14774.  20.9 28.3 2.574 1.    7.
   4 1989  239 14790.  20.9 28.3 2.576 1.    0.
   4 1989  240 14805.  20.9 28.4 2.579 1.    6.
   4 1989  241 14821.  20.9 28.4 2.582 1.    1.
   4 1989  242 14837.  20.9 28.4 2.585 1.    2.
   4 1989  243 14853.  20.9 28.4 2.587 1.    0.
   4 1989  244 14869.  20.9 28.4 2.590 1.    6.
   4 1989  245 14885.  20.9 28.5 2.593 1.    0.
   4 1989  246 14900.  20.9 28.5 2.596 1.   13.
   4 1989  247 14916.  20.9 28.5 2.598 1.    0.
   4 1989  248 14932.  20.9 28.5 2.601 1.    0.
   4 1989  249 14948.  20.9 28.5 2.604 1.   10.
   4 1989  250 14964.  20.9 28.6 2.607 1.    0.
   4 1989  251 14979.  20.8 28.6 2.610 0.    2.
   4 1989  252 14995.  20.8 28.6 2.612 0.    0.
   4 1989  253 15011.  20.8 28.6 2.615 0.    6.
   4 1989  254 15027.  20.8 28.6 2.618 0.    0.
   4 1989  255 15043.  20.8 28.7 2.621 0.    0.
   4 1989  256 15058.  20.8 28.7 2.623 0.    5.
   4 1989  257 15074.  20.8 28.7 2.626 0.    0.
   4 1989  258 15090.  20.8 28.7 2.629 0.    0.
   4 1989  259 15151.  20.8 28.8 2.629 0.    0.
   4 1989  260 15213.  20.8 28.8 2.630 0.    5.
   4 1989  261 15274.  20.8 28.9 2.630 0.   50.
   4 1989  262 15335.  20.8 29.0 2.630 0.    9.
   4 1989  263 15397.  20.8 29.0 2.631 0.    5.
   4 1989  264 15458.  20.8 29.1 2.631 0.   11.
   4 1989  265 15519.  20.8 29.1 2.631 0.   26.
   4 1989  266 15581.  20.8 29.2 2.632 0.    8.
   4 1989  267 15642.  20.8 29.3 2.632 0.    3.
   4 1989  268 15703.  20.8 29.3 2.632 0.    0.
   4 1989  269 15765.  20.8 29.4 2.633 0.    0.
   4 1989  270 15826.  20.8 29.4 2.633 0.    0.
   4 1989  271 15887.  20.8 29.5 2.633 0.   26.
   4 1989  272 15949.  20.8 29.6 2.634 0.    4.
   4 1989  273 16010.  20.8 29.6 2.634 0.   68.
   4 1989  274 16071.  20.8 29.7 2.634 0.    5.
   4 1989  275 16133.  20.8 29.7 2.635 0.    1.
   4 1989  276 16194.  20.8 29.8 2.635 0.    2.
   4 1989  277 16255.  20.8 29.9 2.635 0.    0.
   4 1989  278 16317.  20.8 29.9 2.636 0.    0.
   4 1989  279 16378.  20.8 30.0 2.636 0.    0.
   4 1989  280 16439.  20.9 30.0 2.636 0.    3.
   4 1989  281 16501.  20.9 30.1 2.637 0.    0.
   4 1989  282 16562.  20.9 30.1 2.637 0.    0.
   4 1989  283 16623.  20.9 30.2 2.637 0.    1.
   4 1989  284 16685.  20.9 30.3 2.638 0.    0.
   4 1989  285 16746.  20.9 30.3 2.638 0.    6.
   4 1989  286 16807.  20.9 30.4 2.638 0.   19.
   4 1989  287 16869.  20.9 30.4 2.639 0.    8.
   4 1989  288 16930.  20.9 30.5 2.639 0.    0.
   4 1989  289 16948.  20.9 30.6 2.636 0.    4.
   4 1989  290 16966.  20.9 30.7 2.632 0.    0.
   4 1989  291 16984.  20.9 30.8 2.629 0.    0.
   4 1989  292 17002.  21.0 30.9 2.625 0.    0.
   4 1989  293 17020.  21.0 31.0 2.622 0.    0.
   4 1989  294 17038.  21.0 31.0 2.619 0.   24.
   4 1989  295 17056.  21.1 31.1 2.615 0.   30.
   4 1989  296 17075.  21.1 31.2 2.612 0.   25.
   4 1989  297 17093.  21.1 31.3 2.609 0.    0.
   4 1989  298 17111.  21.1 31.4 2.605 0.    3.
   4 1989  299 17129.  21.2 31.5 2.602 0.    0.
   4 1989  300 17147.  21.2 31.6 2.598 0.    0.
   4 1989  301 17165.  21.2 31.7 2.595 0.    3.
   4 1989  302 17183.  21.2 31.8 2.592 0.    0.
   4 1989  303 17201.  21.3 31.9 2.588 0.    6.
   4 1989  304 17219.  21.3 32.0 2.585 0.    0.
   4 1989  305 17237.  21.3 32.1 2.581 0.    0.
   4 1989  306 17255.  21.3 32.1 2.578 0.    0.
   4 1989  307 17273.  21.4 32.2 2.575 0.    0.
   4 1989  308 17291.  21.4 32.3 2.571 0.    0.
   4 1989  309 17309.  21.4 32.4 2.568 0.    0.
   4 1989  310 17327.  21.4 32.5 2.564 0.    0.
   4 1989  311 17345.  21.5 32.6 2.561 0.    0.
   4 1989  312 17364.  21.5 32.7 2.558 0.    0.
   4 1989  313 17382.  21.5 32.8 2.554 0.    0.
   4 1989  314 17400.  21.5 32.9 2.551 0.    0.
   4 1989  315 17418.  21.6 33.0 2.548 0.    0.
   4 1989  316 17436.  21.6 33.1 2.544 0.    0.
   4 1989  317 17454.  21.6 33.1 2.541 0.    0.
   4 1989  318 17472.  21.6 33.2 2.537 0.    0.
   4 1989  319 17490.  21.7 33.3 2.534 0.    0.
   4 1989  320 17506.  21.6 33.3 2.517 0.    0.
   4 1989  321 17522.  21.5 33.3 2.500 0.    0.
   4 1989  322 17538.  21.5 33.3 2.483 0.    0.
   4 1989  323 17554.  21.4 33.3 2.465 0.    0.
   4 1989  324 17570.  21.3 33.2 2.448 0.    0.
   4 1989  325 17586.  21.3 33.2 2.431 0.    0.
   4 1989  326 17602.  21.2 33.2 2.414 0.    0.
   4 1989  327 17618.  21.1 33.2 2.397 0.    0.
   4 1989  328 17634.  21.0 33.2 2.380 0.    0.
   4 1989  329 17650.  21.0 33.1 2.362 0.    0.
   4 1989  330 17666.  20.9 33.1 2.345 0.    0.
   4 1989  331 17682.  20.8 33.1 2.328 0.    0.
   4 1989  332 17698.  20.8 33.1 2.311 0.    0.
   4 1989  333 17714.  20.7 33.0 2.294 0.    0.
   4 1989  334 17730.  20.6 33.0 2.277 0.    0.
   4 1989  335 17746.  20.6 33.0 2.259 0.    0.
   4 1989  336 17762.  20.5 33.0 2.242 0.    0.
   4 1989  337 17778.  20.4 33.0 2.225 0.    0.
   4 1989  338 17794.  20.4 33.0 2.208 0.    0.
   4 1989  339 17810.  20.3 32.9 2.191 0.    0.
   4 1989  340 17826.  20.2 32.9 2.174 0.    0.
   4 1989  341 17842.  20.2 32.9 2.156 0.    0.
   4 1989  342 17858.  20.1 32.9 2.139 0.    0.
   4 1989  343 17874.  20.0 32.8 2.122 0.    0.
   4 1989  344 17890.  19.9 32.8 2.105 0.    0.
   4 1989  345 17906.  19.9 32.8 2.088 0.    0.
   4 1989  346 17922.  19.8 32.8 2.071 0.    0.
   4 1989  347 17938.  19.7 32.8 2.053 0.    0.
   4 1989  348 17954.  19.7 32.8 2.036 0.    0.
   4 1989  349 17970.  19.6 32.7 2.019 0.    0.
   4 1989  350 17988.  19.6 32.8 1.985 0.    0.
   4 1989  351 18005.  19.6 32.8 1.951 0.    0.
   4 1989  352 18023.  19.6 32.9 1.916 0.    0.
   4 1989  353 18040.  19.5 32.9 1.882 0.   15.
   4 1989  354 18057.  19.5 33.0 1.848 0.    0.
   4 1989  355 18075.  19.5 33.0 1.814 0.    0.
   4 1989  356 18092.  19.5 33.0 1.779 0.    0.
   4 1989  357 18110.  19.5 33.1 1.745 0.    0.
   4 1989  358 18128.  19.5 33.1 1.711 0.    0.
   4 1989  359 18145.  19.4 33.2 1.676 0.    0.
   4 1989  360 18163.  19.4 33.2 1.642 0.    0.
   4 1989  361 18180.  19.4 33.3 1.608 0.    0.
   4 1989  362 18198.  19.4 33.3 1.574 0.    0.
   4 1989  363 18215.  19.4 33.4 1.540 0.    0.
   4 1989  364 18233.  19.4 33.4 1.505 0.    0.
   4 1989  365 18250.  19.3 33.4 1.471 0.    0.
