*---------------------------------------------------------*
*   Country: Cote d'Ivoire
*   Station: Bondoukou
*      Year: 1992
*    Source:
* Longitude: 002 47 W
*  Latitude: 08 03 N
* Elevation: 371 m.
*  WMO-code: 65.5450
*  Comments: Automatically generated file from *.WOF file
*            with REGENSIM.FOR ver. aug 96
*
*  Columns:
*  ========
*  station number
*  year
*  day
*  irradiation (kJ m-2 d-1)
*  minimum temperature (degrees Celsius)
*  maximum temperature (degrees Celsius)
*  vapour pressure (kPa)
*  mean wind speed (m s-1)
*  precipitation (mm month-1)
*---------------------------------------------------------*
  -2.78   8.05   371. 0.00 0.00
   4 1992    1 16770.  19.5 32.8 1.513 0.    0.
   4 1992    2 16697.  19.5 32.9 1.484 0.    0.
   4 1992    3 16624.  19.5 32.9 1.455 0.    0.
   4 1992    4 16551.  19.5 32.9 1.426 0.    0.
   4 1992    5 16479.  19.5 32.9 1.398 0.    0.
   4 1992    6 16406.  19.5 32.9 1.369 0.    1.
   4 1992    7 16333.  19.4 32.9 1.340 0.    0.
   4 1992    8 16260.  19.4 32.9 1.312 0.    0.
   4 1992    9 16187.  19.4 32.9 1.283 0.    0.
   4 1992   10 16114.  19.4 32.9 1.254 0.    0.
   4 1992   11 16041.  19.4 33.0 1.226 0.    0.
   4 1992   12 15969.  19.4 33.0 1.197 0.    0.
   4 1992   13 15896.  19.4 33.0 1.168 0.    0.
   4 1992   14 15823.  19.4 33.0 1.140 0.    0.
   4 1992   15 15750.  19.4 33.0 1.111 0.    0.
   4 1992   16 15746.  19.5 33.1 1.132 0.    0.
   4 1992   17 15743.  19.5 33.2 1.152 0.    0.
   4 1992   18 15739.  19.6 33.3 1.173 0.    0.
   4 1992   19 15735.  19.6 33.3 1.194 0.    0.
   4 1992   20 15732.  19.7 33.4 1.215 0.    0.
   4 1992   21 15728.  19.7 33.5 1.235 0.    0.
   4 1992   22 15724.  19.8 33.6 1.256 0.    0.
   4 1992   23 15721.  19.8 33.7 1.277 0.    0.
   4 1992   24 15717.  19.9 33.8 1.298 0.    0.
   4 1992   25 15713.  19.9 33.8 1.318 0.    0.
   4 1992   26 15710.  20.0 33.9 1.339 0.    0.
   4 1992   27 15706.  20.1 34.0 1.360 0.    0.
   4 1992   28 15702.  20.1 34.1 1.381 0.    0.
   4 1992   29 15699.  20.2 34.2 1.401 0.    0.
   4 1992   30 15695.  20.2 34.3 1.422 0.    0.
   4 1992   31 15691.  20.3 34.3 1.443 0.    0.
   4 1992   32 15688.  20.3 34.4 1.463 0.    0.
   4 1992   33 15684.  20.4 34.5 1.484 0.    0.
   4 1992   34 15680.  20.4 34.6 1.505 0.    0.
   4 1992   35 15677.  20.5 34.7 1.526 0.    0.
   4 1992   36 15673.  20.5 34.8 1.546 0.    0.
   4 1992   37 15669.  20.6 34.9 1.567 0.    0.
   4 1992   38 15666.  20.6 34.9 1.588 0.    0.
   4 1992   39 15662.  20.7 35.0 1.609 0.    0.
   4 1992   40 15658.  20.8 35.1 1.629 0.    8.
   4 1992   41 15655.  20.8 35.2 1.650 0.    0.
   4 1992   42 15651.  20.9 35.3 1.671 0.    0.
   4 1992   43 15647.  20.9 35.4 1.692 0.    8.
   4 1992   44 15644.  21.0 35.4 1.712 0.    0.
   4 1992   45 15640.  21.0 35.5 1.733 0.    0.
   4 1992   46 15709.  21.1 35.5 1.749 0.    0.
   4 1992   47 15779.  21.2 35.5 1.765 0.    0.
   4 1992   48 15848.  21.3 35.5 1.782 0.    0.
   4 1992   49 15917.  21.4 35.5 1.798 0.    0.
   4 1992   50 15987.  21.4 35.5 1.814 0.    0.
   4 1992   51 16056.  21.5 35.5 1.830 0.    0.
   4 1992   52 16125.  21.6 35.5 1.846 0.    0.
   4 1992   53 16195.  21.7 35.5 1.863 0.    0.
   4 1992   54 16264.  21.8 35.5 1.879 0.    0.
   4 1992   55 16333.  21.9 35.5 1.895 0.    0.
   4 1992   56 16403.  21.9 35.5 1.911 0.    0.
   4 1992   57 16472.  22.0 35.5 1.927 0.    0.
   4 1992   58 16541.  22.1 35.5 1.944 0.    0.
   4 1992   59 16611.  22.2 35.5 1.960 0.    0.
   4 1992   60 16680.  22.3 35.5 1.976 1.    0.
   4 1992   61 16749.  22.3 35.4 1.992 1.    0.
   4 1992   62 16819.  22.4 35.4 2.008 1.    0.
   4 1992   63 16888.  22.5 35.4 2.025 1.    0.
   4 1992   64 16957.  22.6 35.4 2.041 1.    0.
   4 1992   65 17027.  22.7 35.4 2.057 1.    0.
   4 1992   66 17096.  22.8 35.4 2.073 1.    0.
   4 1992   67 17165.  22.8 35.4 2.089 1.    0.
   4 1992   68 17235.  22.9 35.4 2.106 1.    0.
   4 1992   69 17304.  23.0 35.4 2.122 1.    0.
   4 1992   70 17373.  23.1 35.4 2.138 1.    0.
   4 1992   71 17443.  23.2 35.4 2.154 1.    0.
   4 1992   72 17512.  23.3 35.4 2.170 1.    0.
   4 1992   73 17581.  23.3 35.4 2.187 1.    0.
   4 1992   74 17651.  23.4 35.4 2.203 1.    0.
   4 1992   75 17720.  23.5 35.4 2.219 1.    0.
   4 1992   76 17750.  23.5 35.3 2.232 1.    0.
   4 1992   77 17781.  23.4 35.2 2.245 1.    0.
   4 1992   78 17811.  23.4 35.1 2.258 1.    0.
   4 1992   79 17841.  23.4 35.0 2.271 1.    0.
   4 1992   80 17872.  23.3 35.0 2.284 1.    0.
   4 1992   81 17902.  23.3 34.9 2.297 1.    0.
   4 1992   82 17932.  23.3 34.8 2.310 1.    0.
   4 1992   83 17963.  23.2 34.7 2.323 1.    0.
   4 1992   84 17993.  23.2 34.6 2.336 1.    0.
   4 1992   85 18023.  23.2 34.6 2.349 1.    0.
   4 1992   86 18054.  23.2 34.5 2.362 1.    0.
   4 1992   87 18084.  23.1 34.4 2.375 1.    0.
   4 1992   88 18114.  23.1 34.3 2.388 1.    0.
   4 1992   89 18145.  23.1 34.2 2.401 1.    0.
   4 1992   90 18175.  23.0 34.2 2.414 1.    0.
   4 1992   91 18205.  23.0 34.1 2.428 1.    0.
   4 1992   92 18235.  23.0 34.0 2.441 1.    0.
   4 1992   93 18266.  22.9 33.9 2.454 1.   20.
   4 1992   94 18296.  22.9 33.8 2.467 1.    0.
   4 1992   95 18326.  22.9 33.8 2.480 1.    0.
   4 1992   96 18357.  22.8 33.7 2.493 1.    0.
   4 1992   97 18387.  22.8 33.6 2.506 1.    0.
   4 1992   98 18417.  22.8 33.5 2.519 1.    0.
   4 1992   99 18448.  22.7 33.4 2.532 0.   87.
   4 1992  100 18478.  22.7 33.4 2.545 0.    1.
   4 1992  101 18508.  22.7 33.3 2.558 0.    0.
   4 1992  102 18539.  22.7 33.2 2.571 0.    0.
   4 1992  103 18569.  22.6 33.1 2.584 0.    0.
   4 1992  104 18599.  22.6 33.0 2.597 0.    7.
   4 1992  105 18630.  22.6 33.0 2.610 0.    0.
   4 1992  106 18660.  22.5 32.9 2.623 0.    0.
   4 1992  107 18670.  22.5 32.8 2.625 0.    0.
   4 1992  108 18680.  22.5 32.8 2.628 0.   37.
   4 1992  109 18690.  22.5 32.7 2.631 0.    0.
   4 1992  110 18700.  22.5 32.7 2.633 0.    0.
   4 1992  111 18710.  22.5 32.6 2.635 0.    0.
   4 1992  112 18720.  22.5 32.6 2.638 0.    0.
   4 1992  113 18730.  22.5 32.6 2.640 0.    0.
   4 1992  114 18740.  22.5 32.5 2.643 1.    0.
   4 1992  115 18750.  22.5 32.5 2.645 1.    0.
   4 1992  116 18760.  22.5 32.4 2.648 1.   22.
   4 1992  117 18770.  22.5 32.4 2.651 1.    0.
   4 1992  118 18780.  22.5 32.3 2.653 1.    0.
   4 1992  119 18790.  22.5 32.3 2.656 1.   65.
   4 1992  120 18800.  22.5 32.2 2.658 1.    4.
   4 1992  121 18810.  22.5 32.2 2.661 1.    5.
   4 1992  122 18820.  22.5 32.1 2.663 1.   11.
   4 1992  123 18830.  22.5 32.1 2.665 1.    0.
   4 1992  124 18840.  22.5 32.0 2.668 1.    0.
   4 1992  125 18850.  22.5 32.0 2.671 1.    0.
   4 1992  126 18860.  22.5 32.0 2.673 1.    5.
   4 1992  127 18870.  22.5 31.9 2.675 1.    0.
   4 1992  128 18880.  22.5 31.9 2.678 1.    0.
   4 1992  129 18890.  22.5 31.8 2.681 1.    0.
   4 1992  130 18900.  22.5 31.8 2.683 1.    0.
   4 1992  131 18910.  22.5 31.7 2.685 1.   31.
   4 1992  132 18920.  22.5 31.7 2.688 1.    0.
   4 1992  133 18930.  22.5 31.6 2.691 1.    0.
   4 1992  134 18940.  22.5 31.6 2.693 1.    0.
   4 1992  135 18950.  22.5 31.5 2.696 1.    0.
   4 1992  136 18960.  22.5 31.5 2.698 1.    0.
   4 1992  137 18835.  22.5 31.4 2.697 1.    0.
   4 1992  138 18709.  22.4 31.3 2.697 1.    0.
   4 1992  139 18584.  22.4 31.2 2.696 1.    0.
   4 1992  140 18458.  22.4 31.1 2.695 1.   10.
   4 1992  141 18333.  22.3 31.0 2.694 1.    6.
   4 1992  142 18207.  22.3 31.0 2.694 1.    0.
   4 1992  143 18082.  22.3 30.9 2.693 1.    0.
   4 1992  144 17956.  22.2 30.8 2.692 1.   19.
   4 1992  145 17831.  22.2 30.7 2.692 1.    0.
   4 1992  146 17705.  22.1 30.6 2.691 1.   13.
   4 1992  147 17580.  22.1 30.5 2.690 1.    0.
   4 1992  148 17454.  22.1 30.4 2.689 1.    0.
   4 1992  149 17329.  22.0 30.3 2.689 1.    2.
   4 1992  150 17203.  22.0 30.2 2.688 1.    0.
   4 1992  151 17078.  22.0 30.1 2.687 1.    2.
   4 1992  152 16952.  21.9 30.1 2.687 1.    0.
   4 1992  153 16827.  21.9 30.0 2.686 1.    0.
   4 1992  154 16701.  21.9 29.9 2.685 1.    0.
   4 1992  155 16576.  21.8 29.8 2.685 1.   17.
   4 1992  156 16450.  21.8 29.7 2.684 1.    0.
   4 1992  157 16325.  21.8 29.6 2.683 1.    0.
   4 1992  158 16199.  21.7 29.5 2.682 1.   12.
   4 1992  159 16074.  21.7 29.4 2.682 1.    0.
   4 1992  160 15948.  21.6 29.3 2.681 1.    3.
   4 1992  161 15823.  21.6 29.2 2.680 1.   30.
   4 1992  162 15697.  21.6 29.2 2.680 1.    0.
   4 1992  163 15572.  21.5 29.1 2.679 1.    0.
   4 1992  164 15446.  21.5 29.0 2.678 1.    0.
   4 1992  165 15321.  21.5 28.9 2.677 1.   29.
   4 1992  166 15195.  21.4 28.8 2.677 1.    0.
   4 1992  167 15070.  21.4 28.7 2.676 1.   72.
   4 1992  168 15023.  21.4 28.6 2.671 1.    0.
   4 1992  169 14975.  21.4 28.6 2.666 1.   13.
   4 1992  170 14928.  21.3 28.5 2.660 1.    0.
   4 1992  171 14881.  21.3 28.5 2.655 1.    0.
   4 1992  172 14833.  21.3 28.4 2.650 1.   10.
   4 1992  173 14786.  21.3 28.4 2.645 1.    0.
   4 1992  174 14739.  21.3 28.3 2.640 1.    0.
   4 1992  175 14691.  21.2 28.3 2.634 1.    0.
   4 1992  176 14644.  21.2 28.2 2.629 1.    1.
   4 1992  177 14597.  21.2 28.2 2.624 1.    3.
   4 1992  178 14549.  21.2 28.1 2.619 1.    8.
   4 1992  179 14502.  21.2 28.0 2.614 1.   37.
   4 1992  180 14455.  21.2 28.0 2.608 1.    0.
   4 1992  181 14407.  21.1 27.9 2.603 1.   10.
   4 1992  182 14360.  21.1 27.9 2.598 1.    0.
   4 1992  183 14313.  21.1 27.8 2.593 1.    0.
   4 1992  184 14265.  21.1 27.8 2.588 1.    0.
   4 1992  185 14218.  21.1 27.7 2.582 1.    0.
   4 1992  186 14171.  21.0 27.7 2.577 1.    0.
   4 1992  187 14123.  21.0 27.6 2.572 1.    0.
   4 1992  188 14076.  21.0 27.6 2.567 1.    0.
   4 1992  189 14029.  21.0 27.5 2.562 1.   15.
   4 1992  190 13981.  21.0 27.5 2.556 1.    0.
   4 1992  191 13934.  20.9 27.4 2.551 1.    0.
   4 1992  192 13887.  20.9 27.3 2.546 1.    0.
   4 1992  193 13839.  20.9 27.3 2.541 1.   10.
   4 1992  194 13792.  20.9 27.2 2.536 1.    0.
   4 1992  195 13745.  20.9 27.2 2.530 1.    0.
   4 1992  196 13697.  20.8 27.1 2.525 1.    0.
   4 1992  197 13650.  20.8 27.1 2.520 1.    8.
   4 1992  198 13601.  20.8 27.1 2.516 1.    0.
   4 1992  199 13553.  20.8 27.1 2.512 1.    0.
   4 1992  200 13504.  20.8 27.1 2.508 1.    0.
   4 1992  201 13455.  20.8 27.0 2.504 1.    0.
   4 1992  202 13406.  20.7 27.0 2.500 1.    0.
   4 1992  203 13358.  20.7 27.0 2.497 1.    0.
   4 1992  204 13309.  20.7 27.0 2.493 1.    0.
   4 1992  205 13260.  20.7 27.0 2.489 1.    0.
   4 1992  206 13212.  20.7 27.0 2.485 1.    0.
   4 1992  207 13163.  20.7 27.0 2.481 1.    0.
   4 1992  208 13114.  20.6 27.0 2.477 1.    0.
   4 1992  209 13065.  20.6 27.0 2.473 1.    0.
   4 1992  210 13017.  20.6 27.0 2.469 1.    0.
   4 1992  211 12968.  20.6 27.0 2.465 1.    7.
   4 1992  212 12919.  20.6 27.0 2.461 1.    0.
   4 1992  213 12871.  20.6 27.0 2.458 1.    0.
   4 1992  214 12822.  20.5 27.0 2.454 1.    0.
   4 1992  215 12773.  20.5 27.0 2.450 1.    0.
   4 1992  216 12725.  20.5 26.9 2.446 1.    0.
   4 1992  217 12676.  20.5 26.9 2.442 1.    0.
   4 1992  218 12627.  20.5 26.9 2.438 1.    0.
   4 1992  219 12578.  20.5 26.9 2.434 1.    0.
   4 1992  220 12530.  20.4 26.9 2.430 1.    0.
   4 1992  221 12481.  20.4 26.9 2.426 1.    0.
   4 1992  222 12432.  20.4 26.9 2.422 1.    0.
   4 1992  223 12384.  20.4 26.9 2.419 1.    0.
   4 1992  224 12335.  20.4 26.9 2.415 1.    1.
   4 1992  225 12286.  20.4 26.9 2.411 1.    0.
   4 1992  226 12237.  20.3 26.9 2.407 1.    0.
   4 1992  227 12189.  20.3 26.9 2.403 1.    0.
   4 1992  228 12140.  20.3 26.9 2.399 1.    0.
   4 1992  229 12258.  20.3 26.9 2.401 1.    0.
   4 1992  230 12376.  20.3 27.0 2.404 1.    0.
   4 1992  231 12494.  20.3 27.1 2.406 1.    0.
   4 1992  232 12612.  20.3 27.1 2.409 1.    0.
   4 1992  233 12730.  20.3 27.2 2.411 1.    0.
   4 1992  234 12848.  20.3 27.2 2.413 1.    0.
   4 1992  235 12966.  20.3 27.3 2.416 1.    0.
   4 1992  236 13085.  20.3 27.4 2.418 1.    0.
   4 1992  237 13203.  20.3 27.4 2.420 1.    0.
   4 1992  238 13321.  20.3 27.5 2.423 1.    0.
   4 1992  239 13439.  20.3 27.5 2.425 1.    0.
   4 1992  240 13557.  20.3 27.6 2.428 1.    0.
   4 1992  241 13675.  20.3 27.7 2.430 1.    1.
   4 1992  242 13793.  20.3 27.7 2.432 1.    0.
   4 1992  243 13911.  20.3 27.8 2.435 1.    0.
   4 1992  244 14029.  20.3 27.9 2.437 1.    0.
   4 1992  245 14147.  20.3 27.9 2.440 1.    0.
   4 1992  246 14265.  20.3 28.0 2.442 1.    1.
   4 1992  247 14383.  20.3 28.0 2.444 1.    1.
   4 1992  248 14501.  20.3 28.1 2.447 1.    6.
   4 1992  249 14619.  20.3 28.2 2.449 1.    4.
   4 1992  250 14737.  20.3 28.2 2.452 1.    2.
   4 1992  251 14855.  20.3 28.3 2.454 1.    0.
   4 1992  252 14974.  20.3 28.3 2.456 0.   21.
   4 1992  253 15092.  20.3 28.4 2.459 0.    0.
   4 1992  254 15210.  20.3 28.5 2.461 0.    0.
   4 1992  255 15328.  20.3 28.5 2.463 0.    5.
   4 1992  256 15446.  20.3 28.6 2.466 0.    2.
   4 1992  257 15564.  20.3 28.6 2.468 0.    6.
   4 1992  258 15682.  20.3 28.7 2.471 0.    0.
   4 1992  259 15800.  20.3 28.8 2.473 0.    0.
   4 1992  260 15805.  20.3 28.8 2.476 0.    8.
   4 1992  261 15811.  20.3 28.8 2.479 0.    0.
   4 1992  262 15816.  20.4 28.9 2.482 0.   20.
   4 1992  263 15821.  20.4 28.9 2.485 0.    7.
   4 1992  264 15827.  20.4 28.9 2.488 0.    0.
   4 1992  265 15832.  20.4 29.0 2.491 0.   21.
   4 1992  266 15837.  20.5 29.0 2.494 0.   13.
   4 1992  267 15843.  20.5 29.0 2.497 0.   18.
   4 1992  268 15848.  20.5 29.0 2.500 0.    0.
   4 1992  269 15853.  20.5 29.1 2.503 0.    6.
   4 1992  270 15859.  20.6 29.1 2.506 0.    0.
   4 1992  271 15864.  20.6 29.1 2.509 0.   12.
   4 1992  272 15869.  20.6 29.2 2.512 0.    2.
   4 1992  273 15875.  20.6 29.2 2.515 0.    0.
   4 1992  274 15880.  20.6 29.2 2.518 0.    8.
   4 1992  275 15885.  20.7 29.3 2.521 0.    0.
   4 1992  276 15891.  20.7 29.3 2.524 0.    0.
   4 1992  277 15896.  20.7 29.3 2.527 0.    7.
   4 1992  278 15901.  20.7 29.4 2.530 0.    0.
   4 1992  279 15907.  20.8 29.4 2.533 0.    0.
   4 1992  280 15912.  20.8 29.4 2.536 0.    0.
   4 1992  281 15917.  20.8 29.5 2.539 0.    0.
   4 1992  282 15923.  20.8 29.5 2.542 0.    0.
   4 1992  283 15928.  20.9 29.5 2.545 0.    0.
   4 1992  284 15933.  20.9 29.5 2.548 0.    0.
   4 1992  285 15939.  20.9 29.6 2.551 0.    0.
   4 1992  286 15944.  20.9 29.6 2.554 0.    0.
   4 1992  287 15949.  21.0 29.6 2.557 0.    0.
   4 1992  288 15955.  21.0 29.7 2.560 0.    0.
   4 1992  289 15960.  21.0 29.7 2.563 0.    0.
   4 1992  290 16015.  21.0 29.8 2.562 0.    0.
   4 1992  291 16069.  21.0 29.9 2.561 0.    0.
   4 1992  292 16124.  21.0 30.0 2.559 0.    0.
   4 1992  293 16178.  21.0 30.1 2.558 0.    0.
   4 1992  294 16233.  21.0 30.3 2.557 0.    0.
   4 1992  295 16287.  21.0 30.4 2.556 0.    0.
   4 1992  296 16342.  21.0 30.5 2.554 0.    0.
   4 1992  297 16396.  21.0 30.6 2.553 0.    0.
   4 1992  298 16451.  21.0 30.7 2.552 0.    1.
   4 1992  299 16505.  21.0 30.8 2.551 0.    0.
   4 1992  300 16560.  21.0 30.9 2.550 0.    0.
   4 1992  301 16614.  21.1 31.0 2.548 0.    0.
   4 1992  302 16669.  21.1 31.1 2.547 0.    0.
   4 1992  303 16723.  21.1 31.2 2.546 0.    0.
   4 1992  304 16778.  21.1 31.4 2.545 0.    3.
   4 1992  305 16832.  21.1 31.5 2.543 0.    0.
   4 1992  306 16887.  21.1 31.6 2.542 0.    6.
   4 1992  307 16941.  21.1 31.7 2.541 0.    0.
   4 1992  308 16996.  21.1 31.8 2.540 0.    0.
   4 1992  309 17050.  21.1 31.9 2.538 0.    0.
   4 1992  310 17105.  21.1 32.0 2.537 0.    0.
   4 1992  311 17159.  21.1 32.1 2.536 0.    0.
   4 1992  312 17214.  21.1 32.2 2.535 0.    0.
   4 1992  313 17268.  21.1 32.4 2.534 0.    0.
   4 1992  314 17323.  21.1 32.5 2.532 0.    0.
   4 1992  315 17377.  21.1 32.6 2.531 0.    0.
   4 1992  316 17432.  21.1 32.7 2.530 0.    0.
   4 1992  317 17486.  21.1 32.8 2.529 0.    0.
   4 1992  318 17541.  21.1 32.9 2.527 0.    0.
   4 1992  319 17595.  21.1 33.0 2.526 0.    8.
   4 1992  320 17650.  21.1 33.1 2.525 0.    0.
   4 1992  321 17655.  21.1 33.1 2.505 0.    0.
   4 1992  322 17659.  21.0 33.1 2.484 0.    0.
   4 1992  323 17664.  21.0 33.1 2.464 0.    0.
   4 1992  324 17669.  20.9 33.1 2.444 0.    0.
   4 1992  325 17673.  20.9 33.1 2.423 0.    0.
   4 1992  326 17678.  20.8 33.0 2.403 0.    0.
   4 1992  327 17683.  20.8 33.0 2.382 0.    0.
   4 1992  328 17687.  20.7 33.0 2.362 0.    0.
   4 1992  329 17692.  20.7 33.0 2.342 0.    0.
   4 1992  330 17697.  20.6 33.0 2.321 0.    0.
   4 1992  331 17701.  20.6 33.0 2.301 0.    4.
   4 1992  332 17706.  20.5 33.0 2.281 0.    0.
   4 1992  333 17711.  20.4 32.9 2.260 0.    0.
   4 1992  334 17715.  20.4 32.9 2.240 0.    0.
   4 1992  335 17720.  20.3 32.9 2.220 0.    0.
   4 1992  336 17725.  20.3 32.9 2.199 0.    0.
   4 1992  337 17729.  20.2 32.9 2.179 0.    0.
   4 1992  338 17734.  20.2 32.9 2.158 0.    0.
   4 1992  339 17739.  20.1 32.9 2.138 0.    0.
   4 1992  340 17743.  20.1 32.8 2.118 0.    0.
   4 1992  341 17748.  20.0 32.8 2.097 0.    0.
   4 1992  342 17753.  20.0 32.8 2.077 0.    0.
   4 1992  343 17757.  19.9 32.8 2.057 0.    0.
   4 1992  344 17762.  19.9 32.8 2.036 0.    0.
   4 1992  345 17767.  19.8 32.8 2.016 0.    0.
   4 1992  346 17771.  19.8 32.7 1.995 0.    0.
   4 1992  347 17776.  19.7 32.7 1.975 0.    0.
   4 1992  348 17781.  19.7 32.7 1.955 0.    0.
   4 1992  349 17785.  19.6 32.7 1.934 0.    0.
   4 1992  350 17790.  19.6 32.7 1.914 0.    0.
   4 1992  351 17726.  19.6 32.7 1.889 0.    0.
   4 1992  352 17663.  19.5 32.7 1.864 0.    0.
   4 1992  353 17599.  19.5 32.7 1.839 0.   15.
   4 1992  354 17535.  19.5 32.7 1.814 0.    0.
   4 1992  355 17471.  19.5 32.7 1.789 0.    0.
   4 1992  356 17408.  19.5 32.7 1.763 0.    0.
   4 1992  357 17344.  19.5 32.8 1.738 0.    0.
   4 1992  358 17280.  19.5 32.8 1.713 0.    0.
   4 1992  359 17216.  19.5 32.8 1.688 0.    0.
   4 1992  360 17153.  19.5 32.8 1.663 0.    0.
   4 1992  361 17089.  19.5 32.8 1.638 0.    0.
   4 1992  362 17025.  19.5 32.8 1.613 0.    0.
   4 1992  363 16961.  19.5 32.8 1.588 0.    0.
   4 1992  364 16898.  19.5 32.8 1.563 0.    0.
   4 1992  365 16834.  19.5 32.8 1.538 0.    0.
   4 1992  366 16770.  19.5 32.8 1.513 0.    0.
