*---------------------------------------------------------*
*   Country: Cote d'Ivoire
*   Station: Bondoukou
*      Year: 1988
*    Source:
* Longitude: 002 47 W
*  Latitude: 08 03 N
* Elevation: 371 m.
*  WMO-code: 65.5450
*  Comments: Automatically generated file from *.WOF file
*            with REGENSIM.FOR ver. aug 96
*
*  Columns:
*  ========
*  station number
*  year
*  day
*  irradiation (kJ m-2 d-1)
*  minimum temperature (degrees Celsius)
*  maximum temperature (degrees Celsius)
*  vapour pressure (kPa)
*  mean wind speed (m s-1)
*  precipitation (mm month-1)
*---------------------------------------------------------*
  -2.78   8.05   371. 0.00 0.00
   4 1988    1 17305.  19.6 32.5 1.681 0.    0.
   4 1988    2 17286.  19.6 32.5 1.664 0.    0.
   4 1988    3 17267.  19.6 32.4 1.647 0.    0.
   4 1988    4 17248.  19.6 32.4 1.630 0.    0.
   4 1988    5 17229.  19.6 32.4 1.614 0.    0.
   4 1988    6 17210.  19.6 32.4 1.597 0.    0.
   4 1988    7 17191.  19.6 32.4 1.580 0.    0.
   4 1988    8 17173.  19.6 32.4 1.564 0.    0.
   4 1988    9 17154.  19.6 32.3 1.547 0.    0.
   4 1988   10 17135.  19.6 32.3 1.530 0.    0.
   4 1988   11 17116.  19.6 32.3 1.514 0.    0.
   4 1988   12 17097.  19.6 32.3 1.497 0.    1.
   4 1988   13 17078.  19.6 32.3 1.480 0.    0.
   4 1988   14 17059.  19.6 32.3 1.464 0.    0.
   4 1988   15 17040.  19.6 32.3 1.447 0.    0.
   4 1988   16 17085.  19.7 32.4 1.458 0.    0.
   4 1988   17 17130.  19.7 32.5 1.468 0.    0.
   4 1988   18 17175.  19.8 32.6 1.479 0.    0.
   4 1988   19 17220.  19.9 32.7 1.489 0.    0.
   4 1988   20 17265.  19.9 32.8 1.500 0.    0.
   4 1988   21 17310.  20.0 32.9 1.510 0.    0.
   4 1988   22 17355.  20.0 33.0 1.521 0.    0.
   4 1988   23 17400.  20.1 33.1 1.531 0.    0.
   4 1988   24 17445.  20.1 33.2 1.542 0.    0.
   4 1988   25 17490.  20.2 33.3 1.552 0.    0.
   4 1988   26 17535.  20.2 33.4 1.563 0.    0.
   4 1988   27 17580.  20.3 33.5 1.573 0.    0.
   4 1988   28 17625.  20.3 33.6 1.584 0.    0.
   4 1988   29 17670.  20.4 33.7 1.594 0.    0.
   4 1988   30 17715.  20.5 33.9 1.605 1.    0.
   4 1988   31 17760.  20.5 34.0 1.616 1.    0.
   4 1988   32 17805.  20.6 34.1 1.626 1.    0.
   4 1988   33 17850.  20.6 34.2 1.637 1.    0.
   4 1988   34 17895.  20.7 34.3 1.647 1.    0.
   4 1988   35 17940.  20.7 34.4 1.658 1.    0.
   4 1988   36 17985.  20.8 34.5 1.668 1.    0.
   4 1988   37 18030.  20.8 34.6 1.679 1.    0.
   4 1988   38 18075.  20.9 34.7 1.689 1.   15.
   4 1988   39 18120.  21.0 34.8 1.700 1.    0.
   4 1988   40 18165.  21.0 34.9 1.710 1.    0.
   4 1988   41 18210.  21.1 35.0 1.721 1.    0.
   4 1988   42 18255.  21.1 35.1 1.731 1.    0.
   4 1988   43 18300.  21.2 35.2 1.742 1.    0.
   4 1988   44 18345.  21.2 35.4 1.752 1.    0.
   4 1988   45 18390.  21.3 35.5 1.763 1.    0.
   4 1988   46 18381.  21.3 35.4 1.783 1.    0.
   4 1988   47 18373.  21.4 35.4 1.803 1.    0.
   4 1988   48 18364.  21.4 35.4 1.823 1.    0.
   4 1988   49 18355.  21.5 35.4 1.843 1.    3.
   4 1988   50 18347.  21.6 35.4 1.863 1.    0.
   4 1988   51 18338.  21.6 35.4 1.883 1.    0.
   4 1988   52 18329.  21.7 35.4 1.903 1.    0.
   4 1988   53 18321.  21.7 35.4 1.924 1.    0.
   4 1988   54 18312.  21.8 35.4 1.944 1.    0.
   4 1988   55 18303.  21.8 35.3 1.964 1.    0.
   4 1988   56 18295.  21.9 35.3 1.984 1.    0.
   4 1988   57 18286.  21.9 35.3 2.004 1.    0.
   4 1988   58 18277.  22.0 35.3 2.024 1.    0.
   4 1988   59 18269.  22.0 35.3 2.044 1.    0.
   4 1988   60 18260.  22.1 35.3 2.064 1.    0.
   4 1988   61 18251.  22.1 35.3 2.084 1.    0.
   4 1988   62 18243.  22.2 35.3 2.104 1.    0.
   4 1988   63 18234.  22.2 35.3 2.124 1.    0.
   4 1988   64 18225.  22.3 35.2 2.144 1.    9.
   4 1988   65 18217.  22.3 35.2 2.164 1.    0.
   4 1988   66 18208.  22.4 35.2 2.184 1.    0.
   4 1988   67 18199.  22.4 35.2 2.204 1.    0.
   4 1988   68 18191.  22.5 35.2 2.225 1.    0.
   4 1988   69 18182.  22.5 35.2 2.245 1.    0.
   4 1988   70 18173.  22.6 35.2 2.265 1.    0.
   4 1988   71 18165.  22.6 35.2 2.285 1.    0.
   4 1988   72 18156.  22.7 35.1 2.305 1.    0.
   4 1988   73 18147.  22.7 35.1 2.325 1.    0.
   4 1988   74 18139.  22.8 35.1 2.345 1.    0.
   4 1988   75 18130.  22.9 35.1 2.365 1.    0.
   4 1988   76 18137.  22.8 35.0 2.374 1.    0.
   4 1988   77 18144.  22.8 35.0 2.383 1.    0.
   4 1988   78 18151.  22.8 34.9 2.392 1.    0.
   4 1988   79 18158.  22.8 34.9 2.401 1.    0.
   4 1988   80 18165.  22.8 34.8 2.410 1.    1.
   4 1988   81 18173.  22.8 34.7 2.419 1.    0.
   4 1988   82 18180.  22.8 34.7 2.428 1.    0.
   4 1988   83 18187.  22.8 34.6 2.437 1.    0.
   4 1988   84 18194.  22.8 34.6 2.446 1.    0.
   4 1988   85 18201.  22.8 34.5 2.455 1.   25.
   4 1988   86 18208.  22.8 34.4 2.464 1.    0.
   4 1988   87 18215.  22.8 34.4 2.473 1.   31.
   4 1988   88 18222.  22.8 34.3 2.482 1.    0.
   4 1988   89 18229.  22.8 34.3 2.491 1.   15.
   4 1988   90 18236.  22.7 34.2 2.500 1.    0.
   4 1988   91 18244.  22.7 34.1 2.510 1.    0.
   4 1988   92 18251.  22.7 34.1 2.519 1.   88.
   4 1988   93 18258.  22.7 34.0 2.528 1.    0.
   4 1988   94 18265.  22.7 34.0 2.537 1.    6.
   4 1988   95 18272.  22.7 33.9 2.546 1.    0.
   4 1988   96 18279.  22.7 33.8 2.555 1.    0.
   4 1988   97 18286.  22.7 33.8 2.564 1.    0.
   4 1988   98 18293.  22.7 33.7 2.573 1.    0.
   4 1988   99 18300.  22.7 33.7 2.582 1.    0.
   4 1988  100 18307.  22.7 33.6 2.591 1.    0.
   4 1988  101 18315.  22.7 33.5 2.600 1.    0.
   4 1988  102 18322.  22.7 33.5 2.609 1.    0.
   4 1988  103 18329.  22.7 33.4 2.618 1.    0.
   4 1988  104 18336.  22.6 33.4 2.627 1.    0.
   4 1988  105 18343.  22.6 33.3 2.636 1.    0.
   4 1988  106 18350.  22.6 33.2 2.645 1.    0.
   4 1988  107 18401.  22.6 33.2 2.647 1.    0.
   4 1988  108 18453.  22.6 33.1 2.649 1.    0.
   4 1988  109 18504.  22.6 33.1 2.652 1.    0.
   4 1988  110 18555.  22.6 33.0 2.654 1.    0.
   4 1988  111 18607.  22.6 33.0 2.656 1.    0.
   4 1988  112 18658.  22.6 32.9 2.658 1.    0.
   4 1988  113 18709.  22.6 32.9 2.661 1.    2.
   4 1988  114 18761.  22.6 32.8 2.663 1.    0.
   4 1988  115 18812.  22.6 32.8 2.665 1.    0.
   4 1988  116 18863.  22.6 32.7 2.667 1.    0.
   4 1988  117 18915.  22.6 32.7 2.670 1.    0.
   4 1988  118 18966.  22.6 32.6 2.672 1.    9.
   4 1988  119 19017.  22.6 32.6 2.674 1.    0.
   4 1988  120 19069.  22.5 32.5 2.676 1.   38.
   4 1988  121 19120.  22.5 32.5 2.678 1.   43.
   4 1988  122 19171.  22.5 32.4 2.681 1.    0.
   4 1988  123 19223.  22.5 32.4 2.683 1.   84.
   4 1988  124 19274.  22.5 32.3 2.685 1.    0.
   4 1988  125 19325.  22.5 32.2 2.687 1.    0.
   4 1988  126 19377.  22.5 32.2 2.690 1.    0.
   4 1988  127 19428.  22.5 32.1 2.692 1.    0.
   4 1988  128 19479.  22.5 32.1 2.694 1.    0.
   4 1988  129 19531.  22.5 32.0 2.696 1.   26.
   4 1988  130 19582.  22.5 32.0 2.699 1.    0.
   4 1988  131 19633.  22.5 31.9 2.701 1.    4.
   4 1988  132 19685.  22.5 31.9 2.703 1.    0.
   4 1988  133 19736.  22.5 31.8 2.705 1.    0.
   4 1988  134 19787.  22.5 31.8 2.708 1.    0.
   4 1988  135 19839.  22.5 31.7 2.710 1.    1.
   4 1988  136 19890.  22.5 31.7 2.712 1.    0.
   4 1988  137 19745.  22.4 31.6 2.712 1.    0.
   4 1988  138 19600.  22.4 31.6 2.711 1.    0.
   4 1988  139 19455.  22.4 31.5 2.711 1.    0.
   4 1988  140 19309.  22.4 31.4 2.711 1.    0.
   4 1988  141 19164.  22.4 31.4 2.711 1.    0.
   4 1988  142 19019.  22.3 31.3 2.710 1.    0.
   4 1988  143 18874.  22.3 31.3 2.710 1.    0.
   4 1988  144 18729.  22.3 31.2 2.710 1.    0.
   4 1988  145 18584.  22.3 31.1 2.709 1.    0.
   4 1988  146 18438.  22.3 31.1 2.709 1.    0.
   4 1988  147 18293.  22.2 31.0 2.709 1.    0.
   4 1988  148 18148.  22.2 31.0 2.709 1.    0.
   4 1988  149 18003.  22.2 30.9 2.708 1.    0.
   4 1988  150 17858.  22.2 30.8 2.708 1.    0.
   4 1988  151 17713.  22.1 30.8 2.708 1.    0.
   4 1988  152 17567.  22.1 30.7 2.707 1.    0.
   4 1988  153 17422.  22.1 30.7 2.707 1.    0.
   4 1988  154 17277.  22.1 30.6 2.707 1.    0.
   4 1988  155 17132.  22.1 30.6 2.706 1.   26.
   4 1988  156 16987.  22.1 30.5 2.706 1.    0.
   4 1988  157 16842.  22.0 30.4 2.706 1.    0.
   4 1988  158 16696.  22.0 30.4 2.706 1.   10.
   4 1988  159 16551.  22.0 30.3 2.705 1.    0.
   4 1988  160 16406.  22.0 30.3 2.705 1.    0.
   4 1988  161 16261.  22.0 30.2 2.705 1.    0.
   4 1988  162 16116.  21.9 30.1 2.704 1.   59.
   4 1988  163 15971.  21.9 30.1 2.704 1.    0.
   4 1988  164 15825.  21.9 30.0 2.704 1.    0.
   4 1988  165 15680.  21.9 30.0 2.704 1.    0.
   4 1988  166 15535.  21.9 29.9 2.703 1.    0.
   4 1988  167 15390.  21.8 29.9 2.703 1.    0.
   4 1988  168 15366.  21.8 29.8 2.698 1.    0.
   4 1988  169 15342.  21.8 29.7 2.693 1.    0.
   4 1988  170 15318.  21.8 29.7 2.688 1.    0.
   4 1988  171 15294.  21.8 29.6 2.683 1.    0.
   4 1988  172 15270.  21.8 29.6 2.678 1.    0.
   4 1988  173 15246.  21.7 29.5 2.673 1.    0.
   4 1988  174 15222.  21.7 29.5 2.668 1.    0.
   4 1988  175 15198.  21.7 29.4 2.663 1.    0.
   4 1988  176 15174.  21.7 29.4 2.658 1.    0.
   4 1988  177 15150.  21.7 29.3 2.653 1.   18.
   4 1988  178 15126.  21.7 29.3 2.648 1.    0.
   4 1988  179 15102.  21.7 29.2 2.643 1.    0.
   4 1988  180 15078.  21.6 29.1 2.638 1.    0.
   4 1988  181 15054.  21.6 29.1 2.633 1.    0.
   4 1988  182 15030.  21.6 29.0 2.628 1.    0.
   4 1988  183 15006.  21.6 29.0 2.623 1.    0.
   4 1988  184 14982.  21.6 28.9 2.618 1.    0.
   4 1988  185 14958.  21.6 28.9 2.613 1.    0.
   4 1988  186 14934.  21.6 28.8 2.608 1.   20.
   4 1988  187 14910.  21.5 28.8 2.603 1.   26.
   4 1988  188 14886.  21.5 28.7 2.598 1.    0.
   4 1988  189 14862.  21.5 28.7 2.593 1.    0.
   4 1988  190 14838.  21.5 28.6 2.588 1.    0.
   4 1988  191 14814.  21.5 28.6 2.583 1.    0.
   4 1988  192 14790.  21.5 28.5 2.578 1.    0.
   4 1988  193 14766.  21.5 28.4 2.573 1.    0.
   4 1988  194 14742.  21.4 28.4 2.568 1.    0.
   4 1988  195 14718.  21.4 28.3 2.563 1.    0.
   4 1988  196 14694.  21.4 28.3 2.558 1.    0.
   4 1988  197 14670.  21.4 28.2 2.553 1.   49.
   4 1988  198 14612.  21.4 28.2 2.552 1.    0.
   4 1988  199 14554.  21.4 28.2 2.552 1.    0.
   4 1988  200 14496.  21.4 28.2 2.551 1.    0.
   4 1988  201 14438.  21.3 28.2 2.551 1.    0.
   4 1988  202 14380.  21.3 28.2 2.550 1.    0.
   4 1988  203 14322.  21.3 28.2 2.550 1.    0.
   4 1988  204 14264.  21.3 28.1 2.549 1.    0.
   4 1988  205 14205.  21.3 28.1 2.549 1.    0.
   4 1988  206 14147.  21.3 28.1 2.548 1.    0.
   4 1988  207 14089.  21.2 28.1 2.548 1.    2.
   4 1988  208 14031.  21.2 28.1 2.547 1.    0.
   4 1988  209 13973.  21.2 28.1 2.546 1.    2.
   4 1988  210 13915.  21.2 28.1 2.546 1.    0.
   4 1988  211 13857.  21.2 28.0 2.545 1.   17.
   4 1988  212 13799.  21.2 28.0 2.545 1.    0.
   4 1988  213 13741.  21.2 28.0 2.544 1.    0.
   4 1988  214 13683.  21.1 28.0 2.544 1.    0.
   4 1988  215 13625.  21.1 28.0 2.543 1.    0.
   4 1988  216 13567.  21.1 28.0 2.543 1.    0.
   4 1988  217 13509.  21.1 28.0 2.542 1.    0.
   4 1988  218 13451.  21.1 28.0 2.541 1.    0.
   4 1988  219 13393.  21.1 27.9 2.541 1.    0.
   4 1988  220 13335.  21.1 27.9 2.540 1.    0.
   4 1988  221 13276.  21.0 27.9 2.540 1.    0.
   4 1988  222 13218.  21.0 27.9 2.539 1.    0.
   4 1988  223 13160.  21.0 27.9 2.539 1.    0.
   4 1988  224 13102.  21.0 27.9 2.538 1.    0.
   4 1988  225 13044.  21.0 27.9 2.538 1.    0.
   4 1988  226 12986.  21.0 27.9 2.537 1.    0.
   4 1988  227 12928.  20.9 27.8 2.537 1.    0.
   4 1988  228 12870.  20.9 27.8 2.536 1.    0.
   4 1988  229 12934.  20.9 27.9 2.538 1.    0.
   4 1988  230 12998.  20.9 27.9 2.539 1.    0.
   4 1988  231 13062.  20.9 28.0 2.541 1.    0.
   4 1988  232 13125.  20.9 28.0 2.542 1.    0.
   4 1988  233 13189.  20.9 28.1 2.544 1.    0.
   4 1988  234 13253.  20.9 28.1 2.545 1.    0.
   4 1988  235 13317.  20.9 28.1 2.547 1.   25.
   4 1988  236 13381.  20.9 28.2 2.549 1.    0.
   4 1988  237 13445.  20.9 28.2 2.550 1.    0.
   4 1988  238 13509.  20.9 28.3 2.552 1.    0.
   4 1988  239 13573.  20.9 28.3 2.553 1.    0.
   4 1988  240 13636.  20.9 28.4 2.555 1.    0.
   4 1988  241 13700.  21.0 28.4 2.557 1.    0.
   4 1988  242 13764.  21.0 28.5 2.558 1.    0.
   4 1988  243 13828.  21.0 28.5 2.560 1.    0.
   4 1988  244 13892.  21.0 28.6 2.561 1.    0.
   4 1988  245 13956.  21.0 28.6 2.563 1.    9.
   4 1988  246 14020.  21.0 28.6 2.564 1.    0.
   4 1988  247 14084.  21.0 28.7 2.566 1.    0.
   4 1988  248 14147.  21.0 28.7 2.568 1.    3.
   4 1988  249 14211.  21.0 28.8 2.569 1.    0.
   4 1988  250 14275.  21.0 28.8 2.571 1.   10.
   4 1988  251 14339.  21.0 28.9 2.572 1.   19.
   4 1988  252 14403.  21.0 28.9 2.574 1.    0.
   4 1988  253 14467.  21.0 29.0 2.576 1.    0.
   4 1988  254 14531.  21.0 29.0 2.577 1.    0.
   4 1988  255 14595.  21.0 29.0 2.579 1.   54.
   4 1988  256 14658.  21.0 29.1 2.580 1.    0.
   4 1988  257 14722.  21.0 29.1 2.582 1.    0.
   4 1988  258 14786.  21.0 29.2 2.583 1.    0.
   4 1988  259 14850.  21.0 29.2 2.585 1.   51.
   4 1988  260 14964.  21.0 29.3 2.587 1.    0.
   4 1988  261 15078.  21.0 29.3 2.589 1.    7.
   4 1988  262 15192.  21.0 29.4 2.591 1.    0.
   4 1988  263 15306.  21.0 29.4 2.593 1.   93.
   4 1988  264 15420.  21.0 29.5 2.595 1.    0.
   4 1988  265 15534.  21.0 29.5 2.597 1.    0.
   4 1988  266 15648.  21.0 29.6 2.599 1.    0.
   4 1988  267 15762.  21.1 29.6 2.601 1.    0.
   4 1988  268 15876.  21.1 29.6 2.603 1.    0.
   4 1988  269 15990.  21.1 29.7 2.605 1.    0.
   4 1988  270 16104.  21.1 29.7 2.607 1.    1.
   4 1988  271 16218.  21.1 29.8 2.609 1.    0.
   4 1988  272 16332.  21.1 29.8 2.611 1.    0.
   4 1988  273 16446.  21.1 29.9 2.613 1.    0.
   4 1988  274 16560.  21.1 29.9 2.615 1.    0.
   4 1988  275 16674.  21.1 30.0 2.616 0.    0.
   4 1988  276 16788.  21.1 30.0 2.618 0.    0.
   4 1988  277 16902.  21.2 30.1 2.620 0.    0.
   4 1988  278 17016.  21.2 30.1 2.622 0.    0.
   4 1988  279 17130.  21.2 30.2 2.624 0.    0.
   4 1988  280 17244.  21.2 30.2 2.626 0.   12.
   4 1988  281 17358.  21.2 30.3 2.628 0.    0.
   4 1988  282 17472.  21.2 30.3 2.630 0.    0.
   4 1988  283 17586.  21.2 30.3 2.632 0.    0.
   4 1988  284 17700.  21.2 30.4 2.634 0.    0.
   4 1988  285 17814.  21.2 30.4 2.636 0.    0.
   4 1988  286 17928.  21.3 30.5 2.638 0.    0.
   4 1988  287 18042.  21.3 30.5 2.640 0.    0.
   4 1988  288 18156.  21.3 30.6 2.642 0.    0.
   4 1988  289 18270.  21.3 30.6 2.644 0.    0.
   4 1988  290 18219.  21.3 30.7 2.640 0.    0.
   4 1988  291 18167.  21.3 30.8 2.636 0.    0.
   4 1988  292 18116.  21.3 30.9 2.632 0.    0.
   4 1988  293 18065.  21.3 31.0 2.629 0.    0.
   4 1988  294 18014.  21.3 31.0 2.625 0.    0.
   4 1988  295 17962.  21.3 31.1 2.621 0.    0.
   4 1988  296 17911.  21.2 31.2 2.617 0.    8.
   4 1988  297 17860.  21.2 31.3 2.613 0.    0.
   4 1988  298 17808.  21.2 31.4 2.609 0.    0.
   4 1988  299 17757.  21.2 31.4 2.606 0.    0.
   4 1988  300 17706.  21.2 31.5 2.602 0.    3.
   4 1988  301 17655.  21.2 31.6 2.598 0.    0.
   4 1988  302 17603.  21.2 31.7 2.594 0.    0.
   4 1988  303 17552.  21.2 31.8 2.590 0.    0.
   4 1988  304 17501.  21.2 31.8 2.586 0.    0.
   4 1988  305 17449.  21.2 31.9 2.583 0.   23.
   4 1988  306 17398.  21.2 32.0 2.579 0.    0.
   4 1988  307 17347.  21.2 32.1 2.575 0.    0.
   4 1988  308 17295.  21.2 32.2 2.571 0.    0.
   4 1988  309 17244.  21.2 32.2 2.567 0.    0.
   4 1988  310 17193.  21.2 32.3 2.563 0.    0.
   4 1988  311 17142.  21.2 32.4 2.560 0.    4.
   4 1988  312 17090.  21.2 32.5 2.556 0.    0.
   4 1988  313 17039.  21.2 32.6 2.552 0.    0.
   4 1988  314 16988.  21.2 32.6 2.548 0.    0.
   4 1988  315 16936.  21.2 32.7 2.544 0.   19.
   4 1988  316 16885.  21.1 32.8 2.540 0.    0.
   4 1988  317 16834.  21.1 32.9 2.537 0.    0.
   4 1988  318 16783.  21.1 33.0 2.533 0.    0.
   4 1988  319 16731.  21.1 33.0 2.529 0.    0.
   4 1988  320 16680.  21.1 33.1 2.525 0.    0.
   4 1988  321 16710.  21.1 33.1 2.505 0.    0.
   4 1988  322 16739.  21.0 33.1 2.484 0.    0.
   4 1988  323 16769.  21.0 33.1 2.464 0.    0.
   4 1988  324 16799.  20.9 33.1 2.444 0.    0.
   4 1988  325 16828.  20.9 33.1 2.423 0.    0.
   4 1988  326 16858.  20.8 33.0 2.403 0.    0.
   4 1988  327 16888.  20.8 33.0 2.382 0.    0.
   4 1988  328 16917.  20.7 33.0 2.362 0.    0.
   4 1988  329 16947.  20.7 33.0 2.342 0.    0.
   4 1988  330 16977.  20.6 33.0 2.321 0.    0.
   4 1988  331 17006.  20.6 33.0 2.301 0.    0.
   4 1988  332 17036.  20.5 33.0 2.281 0.    0.
   4 1988  333 17066.  20.4 32.9 2.260 0.    0.
   4 1988  334 17095.  20.4 32.9 2.240 0.    0.
   4 1988  335 17125.  20.3 32.9 2.220 0.    0.
   4 1988  336 17155.  20.3 32.9 2.199 0.    0.
   4 1988  337 17184.  20.2 32.9 2.179 0.    0.
   4 1988  338 17214.  20.2 32.9 2.158 0.    0.
   4 1988  339 17244.  20.1 32.9 2.138 0.    0.
   4 1988  340 17273.  20.1 32.8 2.118 0.    0.
   4 1988  341 17303.  20.0 32.8 2.097 0.    0.
   4 1988  342 17333.  20.0 32.8 2.077 0.    0.
   4 1988  343 17362.  19.9 32.8 2.057 0.    0.
   4 1988  344 17392.  19.9 32.8 2.036 0.    0.
   4 1988  345 17422.  19.8 32.8 2.016 0.    0.
   4 1988  346 17451.  19.8 32.7 1.995 0.    0.
   4 1988  347 17481.  19.7 32.7 1.975 0.    0.
   4 1988  348 17511.  19.7 32.7 1.955 0.    0.
   4 1988  349 17540.  19.6 32.7 1.934 0.    0.
   4 1988  350 17570.  19.6 32.7 1.914 0.    0.
   4 1988  351 17553.  19.6 32.7 1.899 0.    0.
   4 1988  352 17537.  19.6 32.7 1.885 0.    0.
   4 1988  353 17520.  19.6 32.6 1.870 0.    0.
   4 1988  354 17504.  19.6 32.6 1.856 0.    0.
   4 1988  355 17487.  19.6 32.6 1.841 0.    0.
   4 1988  356 17471.  19.6 32.6 1.826 0.    0.
   4 1988  357 17454.  19.6 32.6 1.812 0.    0.
   4 1988  358 17438.  19.6 32.6 1.797 0.    0.
   4 1988  359 17421.  19.6 32.6 1.783 0.    0.
   4 1988  360 17404.  19.6 32.6 1.768 0.    0.
   4 1988  361 17388.  19.6 32.5 1.753 0.    0.
   4 1988  362 17371.  19.6 32.5 1.739 0.    0.
   4 1988  363 17355.  19.6 32.5 1.724 0.    0.
   4 1988  364 17338.  19.6 32.5 1.710 0.    0.
   4 1988  365 17322.  19.6 32.5 1.695 0.    0.
   4 1988  366 17305.  19.6 32.5 1.681 0.    0.
