*---------------------------------------------------------*
*   Country: Cote d'Ivoire
*   Station: Bondoukou
*      Year: 1995
*    Source:
* Longitude: 002 47 W
*  Latitude: 08 03 N
* Elevation: 371 m.
*  WMO-code: 65.5450
*  Comments: Automatically generated file from *.WOF file
*            with REGENSIM.FOR ver. aug 96
*
*  Columns:
*  ========
*  station number
*  year
*  day
*  irradiation (kJ m-2 d-1)
*  minimum temperature (degrees Celsius)
*  maximum temperature (degrees Celsius)
*  vapour pressure (kPa)
*  mean wind speed (m s-1)
*  precipitation (mm month-1)
*---------------------------------------------------------*
  -2.78   8.05   371. 0.00 0.00
   4 1995    1 18855.  19.6 33.9 1.601 0.    0.
   4 1995    2 18915.  19.5 34.0 1.567 0.    0.
   4 1995    3 18976.  19.5 34.1 1.534 0.    0.
   4 1995    4 19036.  19.5 34.2 1.500 0.    0.
   4 1995    5 19096.  19.4 34.3 1.467 0.    0.
   4 1995    6 19157.  19.4 34.4 1.433 0.    0.
   4 1995    7 19217.  19.3 34.4 1.400 0.    0.
   4 1995    8 19278.  19.3 34.5 1.366 0.    0.
   4 1995    9 19338.  19.3 34.6 1.332 0.    0.
   4 1995   10 19398.  19.2 34.7 1.299 0.    0.
   4 1995   11 19459.  19.2 34.8 1.265 0.    0.
   4 1995   12 19519.  19.1 34.9 1.232 0.    0.
   4 1995   13 19579.  19.1 35.0 1.198 0.    0.
   4 1995   14 19640.  19.1 35.1 1.165 0.    0.
   4 1995   15 19700.  19.0 35.2 1.131 0.    0.
   4 1995   16 19703.  19.1 35.2 1.142 0.    0.
   4 1995   17 19707.  19.2 35.1 1.153 0.    0.
   4 1995   18 19710.  19.3 35.1 1.163 0.    0.
   4 1995   19 19713.  19.3 35.0 1.174 0.    0.
   4 1995   20 19717.  19.4 35.0 1.185 0.    0.
   4 1995   21 19720.  19.5 35.0 1.196 0.    0.
   4 1995   22 19723.  19.6 34.9 1.206 0.    0.
   4 1995   23 19727.  19.6 34.9 1.217 0.    0.
   4 1995   24 19730.  19.7 34.8 1.228 0.    0.
   4 1995   25 19733.  19.8 34.8 1.239 0.    0.
   4 1995   26 19737.  19.9 34.7 1.249 0.    0.
   4 1995   27 19740.  19.9 34.7 1.260 0.    0.
   4 1995   28 19743.  20.0 34.6 1.271 0.    0.
   4 1995   29 19747.  20.1 34.6 1.282 0.    0.
   4 1995   30 19750.  20.1 34.5 1.293 0.    0.
   4 1995   31 19753.  20.2 34.5 1.303 0.    0.
   4 1995   32 19757.  20.3 34.5 1.314 0.    0.
   4 1995   33 19760.  20.4 34.4 1.325 0.   45.
   4 1995   34 19763.  20.4 34.4 1.336 0.    0.
   4 1995   35 19767.  20.5 34.3 1.346 0.    0.
   4 1995   36 19770.  20.6 34.3 1.357 0.    0.
   4 1995   37 19773.  20.7 34.2 1.368 0.    0.
   4 1995   38 19777.  20.7 34.2 1.379 0.    0.
   4 1995   39 19780.  20.8 34.1 1.389 0.    0.
   4 1995   40 19783.  20.9 34.1 1.400 0.    0.
   4 1995   41 19787.  21.0 34.1 1.411 0.   10.
   4 1995   42 19790.  21.0 34.0 1.422 0.    0.
   4 1995   43 19793.  21.1 34.0 1.432 0.    0.
   4 1995   44 19797.  21.2 33.9 1.443 0.    0.
   4 1995   45 19800.  21.3 33.9 1.454 0.    0.
   4 1995   46 19820.  21.3 33.9 1.490 0.    0.
   4 1995   47 19841.  21.4 34.0 1.527 0.    0.
   4 1995   48 19861.  21.4 34.0 1.563 0.    0.
   4 1995   49 19881.  21.5 34.1 1.599 0.    0.
   4 1995   50 19902.  21.5 34.1 1.635 0.    0.
   4 1995   51 19922.  21.6 34.2 1.672 0.    0.
   4 1995   52 19942.  21.6 34.2 1.708 0.    0.
   4 1995   53 19963.  21.7 34.3 1.744 0.    0.
   4 1995   54 19983.  21.7 34.3 1.780 0.    0.
   4 1995   55 20003.  21.8 34.4 1.817 0.    0.
   4 1995   56 20024.  21.8 34.4 1.853 0.    0.
   4 1995   57 20044.  21.9 34.4 1.889 0.    0.
   4 1995   58 20064.  21.9 34.5 1.926 0.    0.
   4 1995   59 20085.  22.0 34.5 1.962 0.    0.
   4 1995   60 20105.  22.0 34.6 1.998 0.    0.
   4 1995   61 20126.  22.1 34.6 2.034 0.    0.
   4 1995   62 20146.  22.1 34.7 2.071 0.    0.
   4 1995   63 20166.  22.2 34.7 2.107 0.   24.
   4 1995   64 20187.  22.3 34.8 2.143 0.    0.
   4 1995   65 20207.  22.3 34.8 2.180 0.    0.
   4 1995   66 20227.  22.4 34.9 2.216 0.    0.
   4 1995   67 20248.  22.4 34.9 2.252 0.   18.
   4 1995   68 20268.  22.5 35.0 2.288 0.    0.
   4 1995   69 20288.  22.5 35.0 2.325 0.    2.
   4 1995   70 20309.  22.6 35.1 2.361 0.    0.
   4 1995   71 20329.  22.6 35.1 2.397 0.    0.
   4 1995   72 20349.  22.7 35.2 2.433 0.   42.
   4 1995   73 20370.  22.7 35.2 2.470 0.    0.
   4 1995   74 20390.  22.8 35.3 2.506 0.    0.
   4 1995   75 20363.  22.8 35.2 2.513 0.    0.
   4 1995   76 20336.  22.8 35.2 2.521 0.    0.
   4 1995   77 20309.  22.8 35.1 2.528 0.    0.
   4 1995   78 20282.  22.7 35.1 2.535 0.   14.
   4 1995   79 20255.  22.7 35.0 2.542 0.   13.
   4 1995   80 20227.  22.7 35.0 2.550 0.    0.
   4 1995   81 20200.  22.7 34.9 2.557 0.    3.
   4 1995   82 20173.  22.7 34.9 2.564 1.    0.
   4 1995   83 20146.  22.7 34.8 2.571 1.    0.
   4 1995   84 20119.  22.7 34.8 2.579 1.   13.
   4 1995   85 20092.  22.7 34.7 2.586 1.    3.
   4 1995   86 20065.  22.7 34.7 2.593 1.    0.
   4 1995   87 20038.  22.7 34.6 2.600 1.    0.
   4 1995   88 20011.  22.7 34.6 2.608 1.    0.
   4 1995   89 19984.  22.7 34.5 2.615 1.    0.
   4 1995   90 19956.  22.7 34.5 2.622 1.    0.
   4 1995   91 19929.  22.7 34.4 2.629 1.    0.
   4 1995   92 19902.  22.7 34.4 2.637 1.   41.
   4 1995   93 19875.  22.7 34.3 2.644 1.    0.
   4 1995   94 19848.  22.7 34.3 2.651 1.    0.
   4 1995   95 19821.  22.7 34.2 2.658 1.    0.
   4 1995   96 19794.  22.6 34.2 2.666 1.    0.
   4 1995   97 19767.  22.6 34.1 2.673 1.    0.
   4 1995   98 19740.  22.6 34.1 2.680 1.   43.
   4 1995   99 19713.  22.6 34.0 2.687 1.    0.
   4 1995  100 19685.  22.6 34.0 2.695 1.    0.
   4 1995  101 19658.  22.6 33.9 2.702 1.    0.
   4 1995  102 19631.  22.6 33.9 2.709 1.    0.
   4 1995  103 19604.  22.6 33.8 2.716 1.    0.
   4 1995  104 19577.  22.6 33.8 2.724 1.    0.
   4 1995  105 19550.  22.6 33.7 2.731 1.   23.
   4 1995  106 19553.  22.6 33.7 2.732 1.    1.
   4 1995  107 19555.  22.6 33.6 2.733 1.    0.
   4 1995  108 19558.  22.6 33.6 2.734 1.   35.
   4 1995  109 19561.  22.6 33.6 2.735 1.    0.
   4 1995  110 19563.  22.6 33.5 2.736 1.    0.
   4 1995  111 19566.  22.5 33.5 2.737 1.    6.
   4 1995  112 19569.  22.5 33.5 2.738 1.    0.
   4 1995  113 19571.  22.5 33.4 2.739 1.   26.
   4 1995  114 19574.  22.5 33.4 2.740 1.    0.
   4 1995  115 19577.  22.5 33.3 2.741 1.    0.
   4 1995  116 19579.  22.5 33.3 2.742 1.    0.
   4 1995  117 19582.  22.5 33.3 2.743 1.    0.
   4 1995  118 19585.  22.5 33.2 2.744 1.    0.
   4 1995  119 19587.  22.5 33.2 2.745 1.   10.
   4 1995  120 19590.  22.5 33.2 2.746 0.    0.
   4 1995  121 19593.  22.5 33.1 2.746 0.    0.
   4 1995  122 19595.  22.4 33.1 2.747 0.   27.
   4 1995  123 19598.  22.4 33.1 2.748 0.    0.
   4 1995  124 19601.  22.4 33.0 2.749 0.    0.
   4 1995  125 19603.  22.4 33.0 2.750 0.    0.
   4 1995  126 19606.  22.4 33.0 2.751 0.    0.
   4 1995  127 19609.  22.4 32.9 2.752 0.    1.
   4 1995  128 19611.  22.4 32.9 2.753 0.    0.
   4 1995  129 19614.  22.4 32.8 2.754 0.    0.
   4 1995  130 19617.  22.4 32.8 2.755 0.    0.
   4 1995  131 19619.  22.4 32.8 2.756 0.    2.
   4 1995  132 19622.  22.4 32.7 2.757 0.    0.
   4 1995  133 19625.  22.3 32.7 2.758 0.    3.
   4 1995  134 19627.  22.3 32.7 2.759 0.    0.
   4 1995  135 19630.  22.3 32.6 2.760 0.    1.
   4 1995  136 19564.  22.3 32.6 2.766 0.   51.
   4 1995  137 19497.  22.3 32.5 2.771 0.    0.
   4 1995  138 19431.  22.3 32.5 2.777 0.    0.
   4 1995  139 19364.  22.3 32.4 2.783 0.    2.
   4 1995  140 19298.  22.3 32.4 2.789 0.    8.
   4 1995  141 19231.  22.2 32.3 2.794 0.    0.
   4 1995  142 19165.  22.2 32.2 2.800 0.    0.
   4 1995  143 19098.  22.2 32.2 2.806 0.   15.
   4 1995  144 19032.  22.2 32.1 2.812 0.    0.
   4 1995  145 18965.  22.2 32.1 2.817 0.    0.
   4 1995  146 18899.  22.2 32.0 2.823 0.    1.
   4 1995  147 18833.  22.2 32.0 2.829 0.   14.
   4 1995  148 18766.  22.1 31.9 2.835 0.    0.
   4 1995  149 18700.  22.1 31.8 2.840 0.    0.
   4 1995  150 18633.  22.1 31.8 2.846 0.    0.
   4 1995  151 18567.  22.1 31.7 2.852 1.    0.
   4 1995  152 18500.  22.1 31.7 2.858 1.    0.
   4 1995  153 18434.  22.1 31.6 2.863 1.   27.
   4 1995  154 18367.  22.1 31.6 2.869 1.   23.
   4 1995  155 18301.  22.1 31.5 2.875 1.    0.
   4 1995  156 18235.  22.0 31.5 2.881 1.    0.
   4 1995  157 18168.  22.0 31.4 2.886 1.    7.
   4 1995  158 18102.  22.0 31.3 2.892 1.    2.
   4 1995  159 18035.  22.0 31.3 2.898 1.    3.
   4 1995  160 17969.  22.0 31.2 2.904 1.    8.
   4 1995  161 17902.  22.0 31.2 2.909 1.    1.
   4 1995  162 17836.  22.0 31.1 2.915 1.    0.
   4 1995  163 17769.  21.9 31.1 2.921 1.    1.
   4 1995  164 17703.  21.9 31.0 2.927 1.   15.
   4 1995  165 17636.  21.9 31.0 2.932 1.    0.
   4 1995  166 17570.  21.9 30.9 2.938 1.   18.
   4 1995  167 17501.  21.9 30.9 2.924 1.    0.
   4 1995  168 17431.  21.9 30.8 2.909 1.    0.
   4 1995  169 17362.  21.9 30.8 2.895 1.    0.
   4 1995  170 17293.  21.9 30.7 2.880 1.    0.
   4 1995  171 17223.  21.9 30.7 2.866 1.    0.
   4 1995  172 17154.  21.9 30.6 2.851 1.    0.
   4 1995  173 17085.  21.8 30.6 2.837 1.    0.
   4 1995  174 17015.  21.8 30.5 2.823 1.    0.
   4 1995  175 16946.  21.8 30.5 2.808 1.    0.
   4 1995  176 16877.  21.8 30.5 2.794 1.    1.
   4 1995  177 16807.  21.8 30.4 2.779 1.    0.
   4 1995  178 16738.  21.8 30.4 2.765 1.    0.
   4 1995  179 16669.  21.8 30.3 2.750 1.    0.
   4 1995  180 16599.  21.8 30.3 2.736 1.    0.
   4 1995  181 16530.  21.8 30.2 2.721 1.    0.
   4 1995  182 16461.  21.8 30.2 2.707 1.    0.
   4 1995  183 16391.  21.8 30.1 2.693 1.    7.
   4 1995  184 16322.  21.8 30.1 2.678 1.    0.
   4 1995  185 16253.  21.8 30.1 2.664 1.    0.
   4 1995  186 16183.  21.7 30.0 2.649 1.    9.
   4 1995  187 16114.  21.7 30.0 2.635 1.   22.
   4 1995  188 16045.  21.7 29.9 2.620 1.    7.
   4 1995  189 15975.  21.7 29.9 2.606 1.   14.
   4 1995  190 15906.  21.7 29.8 2.592 1.    2.
   4 1995  191 15837.  21.7 29.8 2.577 1.    0.
   4 1995  192 15767.  21.7 29.7 2.563 1.    5.
   4 1995  193 15698.  21.7 29.7 2.548 1.    1.
   4 1995  194 15629.  21.7 29.7 2.534 1.    0.
   4 1995  195 15559.  21.7 29.6 2.519 1.    6.
   4 1995  196 15490.  21.7 29.6 2.505 1.    0.
   4 1995  197 15429.  21.6 29.5 2.509 1.    0.
   4 1995  198 15368.  21.6 29.5 2.514 1.    0.
   4 1995  199 15307.  21.6 29.5 2.518 1.    0.
   4 1995  200 15246.  21.6 29.5 2.522 1.    2.
   4 1995  201 15185.  21.6 29.5 2.526 1.    0.
   4 1995  202 15124.  21.5 29.4 2.531 1.    5.
   4 1995  203 15063.  21.5 29.4 2.535 1.    0.
   4 1995  204 15002.  21.5 29.4 2.539 1.    0.
   4 1995  205 14941.  21.5 29.4 2.543 1.    0.
   4 1995  206 14880.  21.5 29.3 2.548 1.    4.
   4 1995  207 14819.  21.4 29.3 2.552 1.    0.
   4 1995  208 14758.  21.4 29.3 2.556 1.    0.
   4 1995  209 14697.  21.4 29.3 2.560 1.    5.
   4 1995  210 14636.  21.4 29.2 2.565 1.    0.
   4 1995  211 14575.  21.3 29.2 2.569 1.    0.
   4 1995  212 14515.  21.3 29.2 2.573 1.    0.
   4 1995  213 14454.  21.3 29.2 2.577 1.    0.
   4 1995  214 14393.  21.3 29.1 2.582 1.    1.
   4 1995  215 14332.  21.3 29.1 2.586 1.    0.
   4 1995  216 14271.  21.2 29.1 2.590 1.    5.
   4 1995  217 14210.  21.2 29.1 2.594 1.    2.
   4 1995  218 14149.  21.2 29.0 2.599 1.   12.
   4 1995  219 14088.  21.2 29.0 2.603 1.    0.
   4 1995  220 14027.  21.2 29.0 2.607 0.    0.
   4 1995  221 13966.  21.1 29.0 2.611 0.    2.
   4 1995  222 13905.  21.1 28.9 2.616 0.    0.
   4 1995  223 13844.  21.1 28.9 2.620 0.    4.
   4 1995  224 13783.  21.1 28.9 2.624 0.    0.
   4 1995  225 13722.  21.0 28.9 2.628 0.    0.
   4 1995  226 13661.  21.0 28.9 2.633 0.   26.
   4 1995  227 13600.  21.0 28.8 2.637 0.    4.
   4 1995  228 13713.  21.0 28.9 2.637 0.    0.
   4 1995  229 13826.  21.0 28.9 2.638 0.    0.
   4 1995  230 13939.  21.0 28.9 2.638 0.    0.
   4 1995  231 14052.  21.0 29.0 2.638 0.   15.
   4 1995  232 14165.  21.0 29.0 2.638 0.    4.
   4 1995  233 14277.  21.1 29.0 2.639 0.    7.
   4 1995  234 14390.  21.1 29.0 2.639 0.    0.
   4 1995  235 14503.  21.1 29.1 2.639 0.   12.
   4 1995  236 14616.  21.1 29.1 2.640 0.    7.
   4 1995  237 14729.  21.1 29.1 2.640 0.   19.
   4 1995  238 14842.  21.1 29.2 2.640 0.    0.
   4 1995  239 14955.  21.1 29.2 2.640 0.    0.
   4 1995  240 15068.  21.1 29.2 2.641 0.    3.
   4 1995  241 15181.  21.1 29.3 2.641 0.    0.
   4 1995  242 15294.  21.1 29.3 2.641 0.    0.
   4 1995  243 15406.  21.2 29.3 2.642 1.    0.
   4 1995  244 15519.  21.2 29.4 2.642 1.    8.
   4 1995  245 15632.  21.2 29.4 2.642 1.    3.
   4 1995  246 15745.  21.2 29.4 2.643 1.    0.
   4 1995  247 15858.  21.2 29.5 2.643 1.    0.
   4 1995  248 15971.  21.2 29.5 2.643 1.    0.
   4 1995  249 16084.  21.2 29.5 2.643 1.    0.
   4 1995  250 16197.  21.2 29.5 2.644 1.    3.
   4 1995  251 16310.  21.2 29.6 2.644 1.    0.
   4 1995  252 16423.  21.2 29.6 2.644 1.    0.
   4 1995  253 16535.  21.3 29.6 2.645 1.    2.
   4 1995  254 16648.  21.3 29.7 2.645 1.    0.
   4 1995  255 16761.  21.3 29.7 2.645 1.   13.
   4 1995  256 16874.  21.3 29.7 2.645 1.    0.
   4 1995  257 16987.  21.3 29.8 2.646 1.    0.
   4 1995  258 17100.  21.3 29.8 2.646 1.    4.
   4 1995  259 17123.  21.3 29.8 2.649 1.   12.
   4 1995  260 17147.  21.3 29.9 2.652 1.    0.
   4 1995  261 17170.  21.3 29.9 2.655 1.    0.
   4 1995  262 17193.  21.3 30.0 2.658 1.    1.
   4 1995  263 17217.  21.3 30.0 2.661 1.    0.
   4 1995  264 17240.  21.3 30.0 2.664 1.   15.
   4 1995  265 17263.  21.3 30.1 2.667 1.   43.
   4 1995  266 17287.  21.3 30.1 2.670 0.    5.
   4 1995  267 17310.  21.3 30.2 2.673 0.    0.
   4 1995  268 17333.  21.3 30.2 2.676 0.   17.
   4 1995  269 17357.  21.3 30.2 2.679 0.    3.
   4 1995  270 17380.  21.4 30.3 2.682 0.    9.
   4 1995  271 17403.  21.4 30.3 2.685 0.   10.
   4 1995  272 17427.  21.4 30.3 2.688 0.    0.
   4 1995  273 17450.  21.4 30.4 2.691 0.    5.
   4 1995  274 17473.  21.4 30.4 2.693 0.    2.
   4 1995  275 17497.  21.4 30.5 2.696 0.    0.
   4 1995  276 17520.  21.4 30.5 2.699 0.    0.
   4 1995  277 17543.  21.4 30.5 2.702 0.    2.
   4 1995  278 17567.  21.4 30.6 2.705 0.    0.
   4 1995  279 17590.  21.4 30.6 2.708 0.    1.
   4 1995  280 17613.  21.4 30.7 2.711 0.    0.
   4 1995  281 17637.  21.4 30.7 2.714 0.    6.
   4 1995  282 17660.  21.4 30.7 2.717 0.    2.
   4 1995  283 17683.  21.4 30.8 2.720 0.    0.
   4 1995  284 17707.  21.4 30.8 2.723 0.    4.
   4 1995  285 17730.  21.4 30.9 2.726 0.    0.
   4 1995  286 17753.  21.4 30.9 2.729 0.   12.
   4 1995  287 17777.  21.4 30.9 2.732 0.    0.
   4 1995  288 17800.  21.4 31.0 2.735 0.    0.
   4 1995  289 17827.  21.4 31.0 2.723 0.    0.
   4 1995  290 17854.  21.4 31.1 2.711 0.   13.
   4 1995  291 17880.  21.3 31.2 2.699 0.   13.
   4 1995  292 17907.  21.3 31.2 2.687 0.    0.
   4 1995  293 17934.  21.3 31.3 2.675 0.    0.
   4 1995  294 17961.  21.3 31.3 2.663 0.   18.
   4 1995  295 17987.  21.2 31.4 2.651 0.   20.
   4 1995  296 18014.  21.2 31.5 2.640 0.    0.
   4 1995  297 18041.  21.2 31.5 2.628 0.    0.
   4 1995  298 18068.  21.1 31.6 2.616 0.    0.
   4 1995  299 18095.  21.1 31.7 2.604 0.    0.
   4 1995  300 18121.  21.1 31.7 2.592 0.   28.
   4 1995  301 18148.  21.1 31.8 2.580 0.    0.
   4 1995  302 18175.  21.0 31.8 2.568 0.   10.
   4 1995  303 18202.  21.0 31.9 2.556 0.    0.
   4 1995  304 18228.  21.0 32.0 2.544 0.    1.
   4 1995  305 18255.  20.9 32.0 2.532 0.    0.
   4 1995  306 18282.  20.9 32.1 2.520 0.    0.
   4 1995  307 18309.  20.9 32.2 2.508 0.    0.
   4 1995  308 18335.  20.8 32.2 2.496 0.    0.
   4 1995  309 18362.  20.8 32.3 2.484 0.    0.
   4 1995  310 18389.  20.8 32.3 2.472 0.    1.
   4 1995  311 18416.  20.8 32.4 2.460 0.    0.
   4 1995  312 18443.  20.7 32.5 2.449 0.    0.
   4 1995  313 18469.  20.7 32.5 2.437 0.    8.
   4 1995  314 18496.  20.7 32.6 2.425 0.    0.
   4 1995  315 18523.  20.6 32.7 2.413 0.    4.
   4 1995  316 18550.  20.6 32.7 2.401 0.    2.
   4 1995  317 18576.  20.6 32.8 2.389 0.    0.
   4 1995  318 18603.  20.6 32.8 2.377 0.    0.
   4 1995  319 18630.  20.5 32.9 2.365 0.    0.
   4 1995  320 18609.  20.5 32.9 2.355 0.    0.
   4 1995  321 18589.  20.5 32.9 2.345 0.    0.
   4 1995  322 18568.  20.5 32.9 2.336 0.    0.
   4 1995  323 18547.  20.5 32.8 2.326 0.    0.
   4 1995  324 18527.  20.5 32.8 2.316 0.    0.
   4 1995  325 18506.  20.4 32.8 2.306 0.    0.
   4 1995  326 18485.  20.4 32.8 2.296 0.    1.
   4 1995  327 18465.  20.4 32.8 2.287 0.    0.
   4 1995  328 18444.  20.4 32.8 2.277 0.    1.
   4 1995  329 18423.  20.4 32.8 2.267 0.    0.
   4 1995  330 18403.  20.4 32.8 2.257 0.    0.
   4 1995  331 18382.  20.4 32.7 2.247 0.    0.
   4 1995  332 18361.  20.3 32.7 2.238 0.    0.
   4 1995  333 18341.  20.3 32.7 2.228 0.    0.
   4 1995  334 18320.  20.3 32.7 2.218 0.    8.
   4 1995  335 18299.  20.3 32.7 2.208 0.    0.
   4 1995  336 18279.  20.3 32.7 2.198 0.    0.
   4 1995  337 18258.  20.3 32.7 2.189 0.    0.
   4 1995  338 18237.  20.3 32.6 2.179 0.    0.
   4 1995  339 18217.  20.2 32.6 2.169 0.    0.
   4 1995  340 18196.  20.2 32.6 2.159 0.    0.
   4 1995  341 18175.  20.2 32.6 2.149 0.    0.
   4 1995  342 18155.  20.2 32.6 2.140 0.    0.
   4 1995  343 18134.  20.2 32.6 2.130 0.    0.
   4 1995  344 18113.  20.2 32.6 2.120 0.   10.
   4 1995  345 18093.  20.2 32.6 2.110 0.    0.
   4 1995  346 18072.  20.1 32.5 2.100 0.    0.
   4 1995  347 18051.  20.1 32.5 2.091 0.    0.
   4 1995  348 18031.  20.1 32.5 2.081 0.    0.
   4 1995  349 18010.  20.1 32.5 2.071 0.    0.
   4 1995  350 18063.  20.1 32.6 2.042 0.    0.
   4 1995  351 18116.  20.0 32.7 2.012 0.    0.
   4 1995  352 18168.  20.0 32.8 1.983 0.    0.
   4 1995  353 18221.  20.0 32.8 1.954 0.    0.
   4 1995  354 18274.  19.9 32.9 1.924 0.    0.
   4 1995  355 18327.  19.9 33.0 1.895 0.    0.
   4 1995  356 18380.  19.9 33.1 1.865 0.    5.
   4 1995  357 18432.  19.8 33.2 1.836 0.    0.
   4 1995  358 18485.  19.8 33.3 1.807 0.    0.
   4 1995  359 18538.  19.8 33.4 1.777 0.    0.
   4 1995  360 18591.  19.7 33.4 1.748 0.    0.
   4 1995  361 18644.  19.7 33.5 1.719 0.    3.
   4 1995  362 18697.  19.7 33.6 1.689 0.    0.
   4 1995  363 18749.  19.6 33.7 1.660 0.    0.
   4 1995  364 18802.  19.6 33.8 1.630 0.    0.
   4 1995  365 18855.  19.6 33.9 1.601 0.    0.
