*---------------------------------------------------------*
*   Country: Cote d'Ivoire
*   Station: Bondoukou
*      Year: 1994
*    Source:
* Longitude: 002 47 W
*  Latitude: 08 03 N
* Elevation: 371 m.
*  WMO-code: 65.5450
*  Comments: Automatically generated file from *.WOF file
*            with REGENSIM.FOR ver. aug 96
*
*  Columns:
*  ========
*  station number
*  year
*  day
*  irradiation (kJ m-2 d-1)
*  minimum temperature (degrees Celsius)
*  maximum temperature (degrees Celsius)
*  vapour pressure (kPa)
*  mean wind speed (m s-1)
*  precipitation (mm month-1)
*---------------------------------------------------------*
  -2.78   8.05   371. 0.00 0.00
   4 1994    1 18810.  19.4 34.4 1.368 0.    0.
   4 1994    2 18773.  19.5 34.4 1.368 0.    0.
   4 1994    3 18736.  19.5 34.4 1.367 0.    0.
   4 1994    4 18699.  19.6 34.4 1.366 0.    0.
   4 1994    5 18661.  19.6 34.5 1.365 0.    0.
   4 1994    6 18624.  19.7 34.5 1.364 0.    0.
   4 1994    7 18587.  19.7 34.5 1.363 0.    0.
   4 1994    8 18550.  19.8 34.5 1.362 0.    0.
   4 1994    9 18513.  19.8 34.6 1.361 0.    0.
   4 1994   10 18476.  19.9 34.6 1.360 0.    0.
   4 1994   11 18439.  19.9 34.6 1.359 0.    0.
   4 1994   12 18401.  20.0 34.7 1.358 0.    0.
   4 1994   13 18364.  20.0 34.7 1.357 0.    0.
   4 1994   14 18327.  20.1 34.7 1.356 0.    0.
   4 1994   15 18290.  20.1 34.7 1.355 0.    0.
   4 1994   16 18288.  20.2 34.8 1.369 0.    0.
   4 1994   17 18286.  20.3 34.8 1.383 0.    1.
   4 1994   18 18284.  20.3 34.9 1.396 0.    0.
   4 1994   19 18282.  20.4 34.9 1.410 0.    0.
   4 1994   20 18280.  20.5 35.0 1.424 0.    0.
   4 1994   21 18278.  20.5 35.0 1.438 0.    0.
   4 1994   22 18276.  20.6 35.1 1.451 0.    0.
   4 1994   23 18274.  20.7 35.2 1.465 0.    1.
   4 1994   24 18272.  20.8 35.2 1.479 0.    0.
   4 1994   25 18270.  20.8 35.3 1.493 0.    0.
   4 1994   26 18268.  20.9 35.3 1.506 0.    0.
   4 1994   27 18266.  21.0 35.4 1.520 0.    0.
   4 1994   28 18264.  21.0 35.4 1.534 0.    0.
   4 1994   29 18262.  21.1 35.5 1.548 0.    0.
   4 1994   30 18260.  21.2 35.5 1.562 0.    0.
   4 1994   31 18258.  21.3 35.6 1.575 0.    0.
   4 1994   32 18256.  21.3 35.6 1.589 0.    0.
   4 1994   33 18254.  21.4 35.7 1.603 0.    0.
   4 1994   34 18252.  21.5 35.7 1.617 0.    0.
   4 1994   35 18250.  21.5 35.8 1.630 0.    0.
   4 1994   36 18248.  21.6 35.9 1.644 0.    0.
   4 1994   37 18246.  21.7 35.9 1.658 0.    0.
   4 1994   38 18244.  21.7 36.0 1.672 0.    0.
   4 1994   39 18242.  21.8 36.0 1.685 0.    0.
   4 1994   40 18240.  21.9 36.1 1.699 0.    0.
   4 1994   41 18238.  21.9 36.1 1.713 0.    0.
   4 1994   42 18236.  22.0 36.2 1.727 0.    0.
   4 1994   43 18234.  22.1 36.2 1.740 0.    0.
   4 1994   44 18232.  22.2 36.3 1.754 0.    0.
   4 1994   45 18230.  22.2 36.3 1.768 0.    0.
   4 1994   46 18299.  22.2 36.3 1.790 0.    0.
   4 1994   47 18367.  22.3 36.3 1.812 0.    0.
   4 1994   48 18436.  22.3 36.2 1.834 0.    0.
   4 1994   49 18504.  22.3 36.2 1.856 0.    4.
   4 1994   50 18573.  22.3 36.1 1.879 0.    0.
   4 1994   51 18642.  22.3 36.1 1.901 0.    0.
   4 1994   52 18710.  22.4 36.1 1.923 0.    0.
   4 1994   53 18779.  22.4 36.0 1.945 0.    0.
   4 1994   54 18848.  22.4 36.0 1.967 0.    0.
   4 1994   55 18916.  22.4 36.0 1.989 0.    0.
   4 1994   56 18985.  22.4 35.9 2.011 0.    0.
   4 1994   57 19053.  22.5 35.9 2.033 0.    0.
   4 1994   58 19122.  22.5 35.8 2.055 0.    0.
   4 1994   59 19191.  22.5 35.8 2.077 0.    0.
   4 1994   60 19259.  22.5 35.8 2.100 1.    1.
   4 1994   61 19328.  22.5 35.7 2.122 1.    1.
   4 1994   62 19397.  22.5 35.7 2.144 1.    0.
   4 1994   63 19465.  22.6 35.6 2.166 1.    0.
   4 1994   64 19534.  22.6 35.6 2.188 1.    0.
   4 1994   65 19602.  22.6 35.6 2.210 1.    7.
   4 1994   66 19671.  22.6 35.5 2.232 1.    4.
   4 1994   67 19740.  22.6 35.5 2.254 1.    0.
   4 1994   68 19808.  22.7 35.5 2.276 1.    3.
   4 1994   69 19877.  22.7 35.4 2.298 1.    0.
   4 1994   70 19946.  22.7 35.4 2.321 1.    0.
   4 1994   71 20014.  22.7 35.3 2.343 1.    0.
   4 1994   72 20083.  22.7 35.3 2.365 1.    0.
   4 1994   73 20151.  22.8 35.3 2.387 1.    0.
   4 1994   74 20220.  22.8 35.2 2.409 1.   12.
   4 1994   75 20171.  22.8 35.2 2.416 1.    2.
   4 1994   76 20122.  22.8 35.1 2.423 1.    0.
   4 1994   77 20073.  22.8 35.1 2.430 1.    0.
   4 1994   78 20024.  22.8 35.0 2.437 1.    0.
   4 1994   79 19975.  22.8 34.9 2.444 1.    0.
   4 1994   80 19926.  22.8 34.9 2.451 1.   52.
   4 1994   81 19877.  22.8 34.8 2.458 1.    0.
   4 1994   82 19828.  22.8 34.8 2.466 1.    0.
   4 1994   83 19779.  22.8 34.7 2.473 1.    0.
   4 1994   84 19730.  22.9 34.7 2.480 1.    0.
   4 1994   85 19681.  22.9 34.6 2.487 1.    0.
   4 1994   86 19632.  22.9 34.5 2.494 1.    0.
   4 1994   87 19583.  22.9 34.5 2.501 1.    4.
   4 1994   88 19534.  22.9 34.4 2.508 1.    0.
   4 1994   89 19485.  22.9 34.4 2.515 1.    1.
   4 1994   90 19435.  22.9 34.3 2.522 1.   18.
   4 1994   91 19386.  22.9 34.3 2.529 1.   21.
   4 1994   92 19337.  22.9 34.2 2.536 1.    0.
   4 1994   93 19288.  22.9 34.2 2.543 1.    0.
   4 1994   94 19239.  22.9 34.1 2.550 1.    0.
   4 1994   95 19190.  22.9 34.0 2.557 1.    8.
   4 1994   96 19141.  23.0 34.0 2.564 1.    2.
   4 1994   97 19092.  23.0 33.9 2.571 1.    0.
   4 1994   98 19043.  23.0 33.9 2.579 1.    0.
   4 1994   99 18994.  23.0 33.8 2.586 1.   20.
   4 1994  100 18945.  23.0 33.8 2.593 1.    0.
   4 1994  101 18896.  23.0 33.7 2.600 1.    0.
   4 1994  102 18847.  23.0 33.6 2.607 1.    0.
   4 1994  103 18798.  23.0 33.6 2.614 1.    0.
   4 1994  104 18749.  23.0 33.5 2.621 1.    0.
   4 1994  105 18700.  23.0 33.5 2.628 1.    2.
   4 1994  106 18677.  23.0 33.4 2.630 1.    5.
   4 1994  107 18654.  23.0 33.3 2.632 1.    0.
   4 1994  108 18631.  23.0 33.2 2.634 1.    0.
   4 1994  109 18608.  22.9 33.2 2.635 1.   15.
   4 1994  110 18585.  22.9 33.1 2.637 1.    0.
   4 1994  111 18562.  22.9 33.0 2.639 1.    0.
   4 1994  112 18539.  22.9 32.9 2.641 1.    4.
   4 1994  113 18516.  22.8 32.9 2.643 1.    2.
   4 1994  114 18493.  22.8 32.8 2.645 1.    0.
   4 1994  115 18470.  22.8 32.7 2.646 1.    0.
   4 1994  116 18447.  22.8 32.6 2.648 1.    0.
   4 1994  117 18424.  22.7 32.6 2.650 1.    0.
   4 1994  118 18401.  22.7 32.5 2.652 1.    0.
   4 1994  119 18378.  22.7 32.4 2.654 1.    0.
   4 1994  120 18355.  22.7 32.3 2.656 0.    6.
   4 1994  121 18332.  22.6 32.3 2.657 0.    0.
   4 1994  122 18309.  22.6 32.2 2.659 0.    4.
   4 1994  123 18286.  22.6 32.1 2.661 0.    0.
   4 1994  124 18263.  22.6 32.0 2.663 0.    0.
   4 1994  125 18240.  22.5 32.0 2.665 0.   21.
   4 1994  126 18217.  22.5 31.9 2.667 0.    0.
   4 1994  127 18194.  22.5 31.8 2.668 0.    0.
   4 1994  128 18171.  22.5 31.7 2.670 0.    0.
   4 1994  129 18148.  22.4 31.7 2.672 0.    0.
   4 1994  130 18125.  22.4 31.6 2.674 0.    0.
   4 1994  131 18102.  22.4 31.5 2.676 0.    0.
   4 1994  132 18079.  22.4 31.4 2.678 0.   42.
   4 1994  133 18056.  22.3 31.4 2.679 0.   20.
   4 1994  134 18033.  22.3 31.3 2.681 0.    1.
   4 1994  135 18010.  22.3 31.2 2.683 0.    9.
   4 1994  136 17919.  22.3 31.1 2.680 0.    0.
   4 1994  137 17828.  22.3 31.1 2.678 0.    0.
   4 1994  138 17737.  22.2 31.0 2.675 0.    0.
   4 1994  139 17646.  22.2 31.0 2.672 0.    0.
   4 1994  140 17555.  22.2 30.9 2.669 0.    0.
   4 1994  141 17464.  22.2 30.9 2.667 0.    3.
   4 1994  142 17373.  22.2 30.8 2.664 0.    0.
   4 1994  143 17282.  22.2 30.7 2.661 0.    0.
   4 1994  144 17191.  22.1 30.7 2.658 0.    0.
   4 1994  145 17100.  22.1 30.6 2.656 0.    0.
   4 1994  146 17009.  22.1 30.6 2.653 0.    0.
   4 1994  147 16918.  22.1 30.5 2.650 0.    0.
   4 1994  148 16827.  22.1 30.5 2.647 0.    0.
   4 1994  149 16736.  22.1 30.4 2.645 0.   52.
   4 1994  150 16645.  22.0 30.3 2.642 0.   44.
   4 1994  151 16555.  22.0 30.3 2.639 1.   15.
   4 1994  152 16464.  22.0 30.2 2.636 1.    0.
   4 1994  153 16373.  22.0 30.2 2.634 1.    1.
   4 1994  154 16282.  22.0 30.1 2.631 1.    0.
   4 1994  155 16191.  22.0 30.1 2.628 1.    5.
   4 1994  156 16100.  21.9 30.0 2.625 1.   22.
   4 1994  157 16009.  21.9 29.9 2.623 1.    0.
   4 1994  158 15918.  21.9 29.9 2.620 1.    0.
   4 1994  159 15827.  21.9 29.8 2.617 1.    4.
   4 1994  160 15736.  21.9 29.8 2.614 1.    0.
   4 1994  161 15645.  21.9 29.7 2.612 1.    0.
   4 1994  162 15554.  21.8 29.7 2.609 1.    0.
   4 1994  163 15463.  21.8 29.6 2.606 1.   13.
   4 1994  164 15372.  21.8 29.5 2.603 1.    1.
   4 1994  165 15281.  21.8 29.5 2.601 1.    0.
   4 1994  166 15190.  21.8 29.4 2.598 1.    0.
   4 1994  167 15158.  21.8 29.4 2.596 1.    0.
   4 1994  168 15125.  21.8 29.4 2.593 1.   14.
   4 1994  169 15093.  21.7 29.3 2.591 1.    0.
   4 1994  170 15061.  21.7 29.3 2.589 1.   10.
   4 1994  171 15028.  21.7 29.3 2.586 1.    0.
   4 1994  172 14996.  21.7 29.2 2.584 1.    4.
   4 1994  173 14964.  21.7 29.2 2.581 1.    0.
   4 1994  174 14931.  21.7 29.2 2.579 1.    0.
   4 1994  175 14899.  21.7 29.1 2.577 1.    0.
   4 1994  176 14867.  21.7 29.1 2.574 1.    0.
   4 1994  177 14834.  21.7 29.1 2.572 1.    0.
   4 1994  178 14802.  21.7 29.0 2.570 1.    0.
   4 1994  179 14770.  21.7 29.0 2.567 1.    0.
   4 1994  180 14737.  21.6 29.0 2.565 1.    0.
   4 1994  181 14705.  21.6 28.9 2.563 1.    4.
   4 1994  182 14673.  21.6 28.9 2.560 1.    0.
   4 1994  183 14640.  21.6 28.9 2.558 1.    0.
   4 1994  184 14608.  21.6 28.8 2.555 1.   10.
   4 1994  185 14576.  21.6 28.8 2.553 1.    0.
   4 1994  186 14543.  21.6 28.8 2.551 1.    0.
   4 1994  187 14511.  21.6 28.7 2.548 1.    0.
   4 1994  188 14479.  21.6 28.7 2.546 1.    0.
   4 1994  189 14446.  21.6 28.7 2.544 1.    0.
   4 1994  190 14414.  21.6 28.6 2.541 1.    0.
   4 1994  191 14382.  21.5 28.6 2.539 1.    0.
   4 1994  192 14349.  21.5 28.6 2.536 1.    0.
   4 1994  193 14317.  21.5 28.5 2.534 1.    0.
   4 1994  194 14285.  21.5 28.5 2.532 1.    0.
   4 1994  195 14252.  21.5 28.5 2.529 1.    0.
   4 1994  196 14220.  21.5 28.4 2.527 1.    0.
   4 1994  197 14189.  21.5 28.4 2.525 1.    0.
   4 1994  198 14158.  21.5 28.4 2.524 1.    0.
   4 1994  199 14127.  21.4 28.4 2.522 1.    1.
   4 1994  200 14096.  21.4 28.4 2.521 1.   31.
   4 1994  201 14065.  21.4 28.4 2.519 1.    0.
   4 1994  202 14034.  21.4 28.4 2.518 1.    0.
   4 1994  203 14003.  21.4 28.3 2.516 1.    1.
   4 1994  204 13972.  21.4 28.3 2.515 1.    0.
   4 1994  205 13941.  21.3 28.3 2.513 1.    0.
   4 1994  206 13910.  21.3 28.3 2.512 1.    0.
   4 1994  207 13879.  21.3 28.3 2.510 1.    0.
   4 1994  208 13848.  21.3 28.3 2.509 1.    0.
   4 1994  209 13817.  21.3 28.3 2.507 1.    9.
   4 1994  210 13786.  21.3 28.3 2.506 1.    0.
   4 1994  211 13755.  21.2 28.3 2.504 1.    0.
   4 1994  212 13725.  21.2 28.2 2.503 1.    0.
   4 1994  213 13694.  21.2 28.2 2.501 1.    0.
   4 1994  214 13663.  21.2 28.2 2.500 1.    0.
   4 1994  215 13632.  21.2 28.2 2.498 1.    1.
   4 1994  216 13601.  21.2 28.2 2.497 1.    0.
   4 1994  217 13570.  21.1 28.2 2.495 1.    0.
   4 1994  218 13539.  21.1 28.2 2.494 1.    3.
   4 1994  219 13508.  21.1 28.2 2.492 1.    4.
   4 1994  220 13477.  21.1 28.2 2.491 1.    2.
   4 1994  221 13446.  21.1 28.1 2.489 1.    0.
   4 1994  222 13415.  21.1 28.1 2.488 1.    0.
   4 1994  223 13384.  21.0 28.1 2.486 1.    4.
   4 1994  224 13353.  21.0 28.1 2.485 1.    0.
   4 1994  225 13322.  21.0 28.1 2.483 1.    0.
   4 1994  226 13291.  21.0 28.1 2.482 1.    4.
   4 1994  227 13260.  21.0 28.1 2.480 1.    0.
   4 1994  228 13289.  21.0 28.1 2.485 1.    0.
   4 1994  229 13319.  21.0 28.2 2.489 1.    0.
   4 1994  230 13348.  21.0 28.2 2.494 1.    2.
   4 1994  231 13377.  21.0 28.3 2.499 1.    0.
   4 1994  232 13407.  21.1 28.3 2.504 1.    1.
   4 1994  233 13436.  21.1 28.4 2.508 1.    1.
   4 1994  234 13465.  21.1 28.4 2.513 1.    0.
   4 1994  235 13495.  21.1 28.5 2.518 1.    0.
   4 1994  236 13524.  21.1 28.5 2.522 1.    0.
   4 1994  237 13554.  21.2 28.6 2.527 1.    0.
   4 1994  238 13583.  21.2 28.6 2.532 1.    0.
   4 1994  239 13612.  21.2 28.7 2.537 1.    0.
   4 1994  240 13642.  21.2 28.7 2.541 1.    3.
   4 1994  241 13671.  21.2 28.7 2.546 1.    5.
   4 1994  242 13700.  21.2 28.8 2.551 1.    6.
   4 1994  243 13730.  21.3 28.8 2.555 1.    1.
   4 1994  244 13759.  21.3 28.9 2.560 1.    0.
   4 1994  245 13788.  21.3 28.9 2.565 1.    2.
   4 1994  246 13818.  21.3 29.0 2.569 1.    9.
   4 1994  247 13847.  21.3 29.0 2.574 1.    0.
   4 1994  248 13876.  21.3 29.1 2.579 1.    0.
   4 1994  249 13906.  21.4 29.1 2.584 1.    0.
   4 1994  250 13935.  21.4 29.2 2.588 1.   21.
   4 1994  251 13965.  21.4 29.2 2.593 1.    6.
   4 1994  252 13994.  21.4 29.3 2.598 1.    1.
   4 1994  253 14023.  21.4 29.3 2.602 1.    0.
   4 1994  254 14053.  21.5 29.4 2.607 1.    0.
   4 1994  255 14082.  21.5 29.4 2.612 1.    0.
   4 1994  256 14111.  21.5 29.5 2.617 1.    0.
   4 1994  257 14141.  21.5 29.5 2.621 1.    1.
   4 1994  258 14170.  21.5 29.6 2.626 1.    0.
   4 1994  259 14240.  21.5 29.6 2.625 1.    2.
   4 1994  260 14309.  21.5 29.6 2.624 1.    3.
   4 1994  261 14379.  21.5 29.7 2.623 1.    0.
   4 1994  262 14449.  21.5 29.7 2.622 1.    0.
   4 1994  263 14518.  21.5 29.7 2.621 1.    3.
   4 1994  264 14588.  21.4 29.8 2.620 1.    0.
   4 1994  265 14658.  21.4 29.8 2.619 1.    4.
   4 1994  266 14727.  21.4 29.9 2.618 0.    7.
   4 1994  267 14797.  21.4 29.9 2.617 0.   17.
   4 1994  268 14867.  21.4 29.9 2.616 0.    2.
   4 1994  269 14936.  21.4 30.0 2.615 0.    0.
   4 1994  270 15006.  21.3 30.0 2.614 0.    0.
   4 1994  271 15076.  21.3 30.0 2.613 0.    2.
   4 1994  272 15145.  21.3 30.1 2.612 0.    0.
   4 1994  273 15215.  21.3 30.1 2.612 0.    0.
   4 1994  274 15285.  21.3 30.1 2.611 0.   56.
   4 1994  275 15354.  21.3 30.2 2.610 0.    0.
   4 1994  276 15424.  21.3 30.2 2.609 0.    0.
   4 1994  277 15494.  21.2 30.2 2.608 0.   54.
   4 1994  278 15563.  21.2 30.3 2.607 0.    0.
   4 1994  279 15633.  21.2 30.3 2.606 0.    9.
   4 1994  280 15703.  21.2 30.3 2.605 0.    0.
   4 1994  281 15772.  21.2 30.4 2.604 0.    1.
   4 1994  282 15842.  21.2 30.4 2.603 0.    0.
   4 1994  283 15912.  21.1 30.5 2.602 0.   10.
   4 1994  284 15981.  21.1 30.5 2.601 0.    0.
   4 1994  285 16051.  21.1 30.5 2.600 0.    6.
   4 1994  286 16121.  21.1 30.6 2.599 0.    2.
   4 1994  287 16190.  21.1 30.6 2.598 0.   33.
   4 1994  288 16260.  21.1 30.6 2.597 0.    0.
   4 1994  289 16363.  21.0 30.7 2.586 0.    1.
   4 1994  290 16465.  21.0 30.8 2.576 0.    0.
   4 1994  291 16568.  21.0 30.9 2.565 0.   20.
   4 1994  292 16670.  21.0 31.0 2.555 0.   15.
   4 1994  293 16773.  20.9 31.0 2.544 0.    0.
   4 1994  294 16875.  20.9 31.1 2.534 0.    0.
   4 1994  295 16978.  20.9 31.2 2.523 0.    0.
   4 1994  296 17081.  20.8 31.3 2.512 0.    3.
   4 1994  297 17183.  20.8 31.4 2.502 0.    0.
   4 1994  298 17286.  20.8 31.5 2.491 0.   21.
   4 1994  299 17388.  20.8 31.6 2.481 0.    0.
   4 1994  300 17491.  20.7 31.6 2.470 0.    4.
   4 1994  301 17594.  20.7 31.7 2.459 0.    0.
   4 1994  302 17696.  20.7 31.8 2.449 0.    0.
   4 1994  303 17799.  20.6 31.9 2.438 0.    0.
   4 1994  304 17901.  20.6 32.0 2.428 0.    0.
   4 1994  305 18004.  20.6 32.1 2.417 0.    0.
   4 1994  306 18106.  20.6 32.1 2.407 0.    0.
   4 1994  307 18209.  20.5 32.2 2.396 0.    0.
   4 1994  308 18312.  20.5 32.3 2.385 0.    0.
   4 1994  309 18414.  20.5 32.4 2.375 0.    0.
   4 1994  310 18517.  20.5 32.5 2.364 0.    0.
   4 1994  311 18619.  20.4 32.6 2.354 0.    0.
   4 1994  312 18722.  20.4 32.6 2.343 0.    0.
   4 1994  313 18825.  20.4 32.7 2.332 0.    0.
   4 1994  314 18927.  20.3 32.8 2.322 0.    0.
   4 1994  315 19030.  20.3 32.9 2.311 0.    0.
   4 1994  316 19132.  20.3 33.0 2.301 0.    0.
   4 1994  317 19235.  20.3 33.1 2.290 0.   26.
   4 1994  318 19337.  20.2 33.1 2.280 0.    0.
   4 1994  319 19440.  20.2 33.2 2.269 0.    0.
   4 1994  320 19436.  20.2 33.3 2.239 0.    0.
   4 1994  321 19433.  20.1 33.3 2.210 0.    0.
   4 1994  322 19429.  20.1 33.3 2.180 0.    0.
   4 1994  323 19425.  20.0 33.3 2.151 0.    0.
   4 1994  324 19422.  20.0 33.4 2.121 0.    0.
   4 1994  325 19418.  19.9 33.4 2.092 0.    0.
   4 1994  326 19414.  19.9 33.4 2.062 0.   13.
   4 1994  327 19411.  19.8 33.4 2.032 0.    0.
   4 1994  328 19407.  19.8 33.5 2.003 0.    0.
   4 1994  329 19403.  19.7 33.5 1.973 0.    0.
   4 1994  330 19400.  19.7 33.5 1.944 0.    0.
   4 1994  331 19396.  19.6 33.5 1.914 0.    0.
   4 1994  332 19392.  19.6 33.6 1.885 0.    0.
   4 1994  333 19389.  19.5 33.6 1.855 0.    0.
   4 1994  334 19385.  19.5 33.6 1.826 0.    0.
   4 1994  335 19381.  19.4 33.6 1.796 0.    0.
   4 1994  336 19378.  19.4 33.7 1.766 0.    0.
   4 1994  337 19374.  19.3 33.7 1.737 0.    0.
   4 1994  338 19370.  19.3 33.7 1.707 0.    0.
   4 1994  339 19367.  19.2 33.7 1.678 0.    0.
   4 1994  340 19363.  19.2 33.8 1.648 0.    0.
   4 1994  341 19359.  19.1 33.8 1.619 0.    0.
   4 1994  342 19356.  19.1 33.8 1.589 0.    0.
   4 1994  343 19352.  19.0 33.8 1.559 0.    0.
   4 1994  344 19348.  19.0 33.9 1.530 0.    0.
   4 1994  345 19345.  18.9 33.9 1.500 0.    0.
   4 1994  346 19341.  18.9 33.9 1.471 0.    0.
   4 1994  347 19337.  18.8 33.9 1.441 0.    0.
   4 1994  348 19334.  18.8 34.0 1.412 0.    0.
   4 1994  349 19330.  18.7 34.0 1.382 0.    0.
   4 1994  350 19298.  18.8 34.0 1.381 0.    0.
   4 1994  351 19265.  18.8 34.0 1.380 0.    0.
   4 1994  352 19233.  18.9 34.1 1.379 0.    0.
   4 1994  353 19200.  18.9 34.1 1.379 0.    0.
   4 1994  354 19168.  18.9 34.1 1.378 0.    0.
   4 1994  355 19135.  19.0 34.1 1.377 0.    0.
   4 1994  356 19103.  19.0 34.2 1.376 0.    0.
   4 1994  357 19070.  19.1 34.2 1.375 0.    0.
   4 1994  358 19038.  19.1 34.2 1.374 0.    0.
   4 1994  359 19005.  19.2 34.2 1.374 0.    0.
   4 1994  360 18973.  19.2 34.3 1.373 0.    0.
   4 1994  361 18940.  19.3 34.3 1.372 0.    0.
   4 1994  362 18908.  19.3 34.3 1.371 0.    0.
   4 1994  363 18875.  19.3 34.3 1.370 0.    0.
   4 1994  364 18843.  19.4 34.3 1.369 0.    0.
   4 1994  365 18810.  19.4 34.4 1.368 0.    0.
