*---------------------------------------------------------*
*   Country: Cote d'Ivoire
*   Station: Man
*      Year: 1995
* Longitude: 007 31 W
*  Latitude: 07 23 N
* Elevation: 340 m.
*  WMO-code: 65.5480
*  Comments: Automatically generated file from *.WOF file
*            with REGENSIM.FOR ver. aug 96
*
*  Columns:
*  ========
*  station number
*  year
*  day
*  irradiation (kJ m-2 d-1)
*  minimum temperature (degrees Celsius)
*  maximum temperature (degrees Celsius)
*  vapour pressure (kPa)
*  mean wind speed (m s-1)
*  precipitation (mm month-1)
*---------------------------------------------------------*
  -7.52   7.38   340. 0.00 0.00
   5 1995    1 17905.  14.7 32.1 1.855 1.    0.
   5 1995    2 17972.  14.5 32.2 1.822 1.    0.
   5 1995    3 18039.  14.3 32.3 1.789 1.    0.
   5 1995    4 18105.  14.1 32.4 1.757 1.    0.
   5 1995    5 18172.  13.9 32.5 1.724 1.    0.
   5 1995    6 18239.  13.7 32.5 1.691 1.    0.
   5 1995    7 18306.  13.5 32.6 1.659 1.    0.
   5 1995    8 18373.  13.3 32.7 1.626 1.    0.
   5 1995    9 18439.  13.1 32.8 1.594 1.    0.
   5 1995   10 18506.  12.8 32.9 1.561 1.    0.
   5 1995   11 18573.  12.6 33.0 1.528 1.    0.
   5 1995   12 18640.  12.4 33.0 1.496 1.    0.
   5 1995   13 18706.  12.2 33.1 1.463 1.    0.
   5 1995   14 18773.  12.0 33.2 1.431 1.    0.
   5 1995   15 18840.  11.8 33.3 1.398 1.    0.
   5 1995   16 18811.  12.0 33.4 1.410 1.    0.
   5 1995   17 18783.  12.1 33.5 1.423 1.    0.
   5 1995   18 18754.  12.3 33.5 1.435 1.    0.
   5 1995   19 18725.  12.4 33.6 1.448 1.    0.
   5 1995   20 18697.  12.6 33.7 1.460 1.    0.
   5 1995   21 18668.  12.7 33.8 1.472 1.    0.
   5 1995   22 18639.  12.9 33.9 1.485 1.    0.
   5 1995   23 18611.  13.0 34.0 1.497 1.    0.
   5 1995   24 18582.  13.2 34.0 1.510 1.    0.
   5 1995   25 18553.  13.4 34.1 1.522 1.    0.
   5 1995   26 18525.  13.5 34.2 1.534 1.    0.
   5 1995   27 18496.  13.7 34.3 1.547 1.    0.
   5 1995   28 18467.  13.8 34.4 1.559 1.    0.
   5 1995   29 18439.  14.0 34.5 1.572 1.    0.
   5 1995   30 18410.  14.1 34.5 1.584 1.    0.
   5 1995   31 18381.  14.3 34.6 1.596 1.    0.
   5 1995   32 18353.  14.4 34.7 1.609 1.    0.
   5 1995   33 18324.  14.6 34.8 1.621 1.   16.
   5 1995   34 18295.  14.8 34.9 1.634 1.   27.
   5 1995   35 18267.  14.9 34.9 1.646 1.    0.
   5 1995   36 18238.  15.1 35.0 1.658 1.   10.
   5 1995   37 18209.  15.2 35.1 1.671 1.    0.
   5 1995   38 18181.  15.4 35.2 1.683 1.    4.
   5 1995   39 18152.  15.5 35.3 1.696 1.   11.
   5 1995   40 18123.  15.7 35.4 1.708 1.    1.
   5 1995   41 18095.  15.8 35.4 1.720 1.    5.
   5 1995   42 18066.  16.0 35.5 1.733 1.    0.
   5 1995   43 18037.  16.2 35.6 1.745 1.    0.
   5 1995   44 18009.  16.3 35.7 1.758 1.    9.
   5 1995   45 17980.  16.5 35.8 1.770 1.    0.
   5 1995   46 17986.  16.6 35.7 1.801 1.    0.
   5 1995   47 17992.  16.8 35.6 1.833 1.    3.
   5 1995   48 17998.  16.9 35.5 1.864 1.    0.
   5 1995   49 18003.  17.1 35.4 1.895 1.    0.
   5 1995   50 18009.  17.3 35.3 1.927 1.    0.
   5 1995   51 18015.  17.4 35.2 1.958 1.    0.
   5 1995   52 18021.  17.6 35.1 1.989 1.    9.
   5 1995   53 18027.  17.7 35.0 2.021 1.   27.
   5 1995   54 18033.  17.9 34.9 2.052 1.    8.
   5 1995   55 18039.  18.0 34.8 2.083 1.    0.
   5 1995   56 18044.  18.2 34.8 2.115 1.    1.
   5 1995   57 18050.  18.4 34.7 2.146 1.   14.
   5 1995   58 18056.  18.5 34.6 2.177 1.    1.
   5 1995   59 18062.  18.7 34.5 2.209 1.    2.
   5 1995   60 18068.  18.8 34.4 2.240 1.    0.
   5 1995   61 18074.  19.0 34.3 2.272 1.    0.
   5 1995   62 18080.  19.1 34.2 2.303 1.    0.
   5 1995   63 18086.  19.3 34.1 2.334 1.    0.
   5 1995   64 18091.  19.5 34.0 2.366 1.    0.
   5 1995   65 18097.  19.6 33.9 2.397 1.   10.
   5 1995   66 18103.  19.8 33.8 2.428 1.    0.
   5 1995   67 18109.  19.9 33.7 2.460 1.    0.
   5 1995   68 18115.  20.1 33.7 2.491 1.    0.
   5 1995   69 18121.  20.2 33.6 2.522 1.    0.
   5 1995   70 18127.  20.4 33.5 2.554 1.    0.
   5 1995   71 18132.  20.6 33.4 2.585 1.    0.
   5 1995   72 18138.  20.7 33.3 2.616 1.    0.
   5 1995   73 18144.  20.9 33.2 2.648 1.   16.
   5 1995   74 18150.  21.0 33.1 2.679 1.    0.
   5 1995   75 18121.  21.0 33.1 2.683 1.    9.
   5 1995   76 18092.  21.1 33.0 2.688 1.    0.
   5 1995   77 18063.  21.1 33.0 2.692 1.    0.
   5 1995   78 18034.  21.1 32.9 2.696 1.    0.
   5 1995   79 18005.  21.1 32.9 2.700 1.    0.
   5 1995   80 17976.  21.1 32.8 2.705 1.    4.
   5 1995   81 17947.  21.2 32.8 2.709 1.    0.
   5 1995   82 17918.  21.2 32.7 2.713 1.    0.
   5 1995   83 17889.  21.2 32.7 2.718 1.    0.
   5 1995   84 17860.  21.2 32.6 2.722 1.    0.
   5 1995   85 17831.  21.2 32.6 2.726 1.    0.
   5 1995   86 17802.  21.3 32.5 2.730 1.    0.
   5 1995   87 17773.  21.3 32.5 2.735 1.    0.
   5 1995   88 17744.  21.3 32.5 2.739 1.    0.
   5 1995   89 17715.  21.3 32.4 2.743 1.    0.
   5 1995   90 17685.  21.3 32.4 2.748 1.    0.
   5 1995   91 17656.  21.3 32.3 2.752 1.    0.
   5 1995   92 17627.  21.4 32.3 2.756 1.    0.
   5 1995   93 17598.  21.4 32.2 2.761 1.    0.
   5 1995   94 17569.  21.4 32.2 2.765 1.    0.
   5 1995   95 17540.  21.4 32.1 2.769 1.   47.
   5 1995   96 17511.  21.4 32.1 2.773 1.    0.
   5 1995   97 17482.  21.5 32.0 2.778 1.    0.
   5 1995   98 17453.  21.5 32.0 2.782 1.    0.
   5 1995   99 17424.  21.5 31.9 2.786 1.    0.
   5 1995  100 17395.  21.5 31.9 2.791 1.    0.
   5 1995  101 17366.  21.5 31.9 2.795 1.    0.
   5 1995  102 17337.  21.5 31.8 2.799 1.    0.
   5 1995  103 17308.  21.6 31.8 2.803 1.    0.
   5 1995  104 17279.  21.6 31.7 2.808 1.    0.
   5 1995  105 17250.  21.6 31.7 2.812 1.    0.
   5 1995  106 17270.  21.6 31.3 2.787 1.    0.
   5 1995  107 17291.  21.6 31.0 2.762 1.    0.
   5 1995  108 17311.  21.6 30.7 2.737 1.    0.
   5 1995  109 17331.  21.6 30.3 2.713 1.    0.
   5 1995  110 17352.  21.6 30.0 2.688 1.    0.
   5 1995  111 17372.  21.6 29.6 2.663 1.    0.
   5 1995  112 17392.  21.5 29.3 2.638 1.   19.
   5 1995  113 17413.  21.5 29.0 2.613 2.    0.
   5 1995  114 17433.  21.5 28.6 2.589 2.    0.
   5 1995  115 17453.  21.5 28.3 2.564 2.    0.
   5 1995  116 17474.  21.5 28.0 2.539 2.    0.
   5 1995  117 17494.  21.5 27.6 2.514 2.    0.
   5 1995  118 17514.  21.5 27.3 2.489 2.    0.
   5 1995  119 17535.  21.5 26.9 2.464 2.    1.
   5 1995  120 17555.  21.5 26.6 2.440 2.    0.
   5 1995  121 17575.  21.5 26.3 2.415 2.    0.
   5 1995  122 17596.  21.5 25.9 2.390 2.    0.
   5 1995  123 17616.  21.5 25.6 2.365 2.    0.
   5 1995  124 17636.  21.5 25.2 2.340 2.    0.
   5 1995  125 17657.  21.4 24.9 2.315 2.    0.
   5 1995  126 17677.  21.4 24.6 2.291 2.    0.
   5 1995  127 17697.  21.4 24.2 2.266 2.    0.
   5 1995  128 17718.  21.4 23.9 2.241 2.    0.
   5 1995  129 17738.  21.4 23.6 2.216 2.    0.
   5 1995  130 17758.  21.4 23.2 2.191 2.    0.
   5 1995  131 17779.  21.4 22.9 2.166 2.    0.
   5 1995  132 17799.  21.4 22.5 2.142 2.    0.
   5 1995  133 17819.  21.4 22.2 2.117 2.    0.
   5 1995  134 17840.  21.4 21.9 2.092 2.    0.
   5 1995  135 17860.  21.4 21.5 2.067 2.    0.
   5 1995  136 17818.  21.3 21.8 2.089 2.    0.
   5 1995  137 17775.  21.3 22.1 2.111 2.   28.
   5 1995  138 17733.  21.3 22.4 2.133 2.    0.
   5 1995  139 17691.  21.3 22.6 2.154 2.    0.
   5 1995  140 17649.  21.3 22.9 2.176 2.    0.
   5 1995  141 17606.  21.2 23.2 2.198 2.    0.
   5 1995  142 17564.  21.2 23.5 2.220 2.    0.
   5 1995  143 17522.  21.2 23.7 2.242 2.    0.
   5 1995  144 17480.  21.2 24.0 2.264 2.    0.
   5 1995  145 17437.  21.2 24.3 2.286 2.    0.
   5 1995  146 17395.  21.1 24.6 2.308 2.    0.
   5 1995  147 17353.  21.1 24.8 2.329 2.    0.
   5 1995  148 17311.  21.1 25.1 2.351 2.    0.
   5 1995  149 17268.  21.1 25.4 2.373 2.    0.
   5 1995  150 17226.  21.1 25.7 2.395 2.    0.
   5 1995  151 17184.  21.0 26.0 2.417 2.    0.
   5 1995  152 17142.  21.0 26.2 2.439 2.    9.
   5 1995  153 17099.  21.0 26.5 2.461 2.    0.
   5 1995  154 17057.  21.0 26.8 2.483 2.    0.
   5 1995  155 17015.  21.0 27.1 2.504 2.    0.
   5 1995  156 16973.  20.9 27.3 2.526 2.    0.
   5 1995  157 16930.  20.9 27.6 2.548 2.    2.
   5 1995  158 16888.  20.9 27.9 2.570 2.    0.
   5 1995  159 16846.  20.9 28.2 2.592 2.    0.
   5 1995  160 16804.  20.9 28.4 2.614 2.   11.
   5 1995  161 16761.  20.8 28.7 2.636 2.    0.
   5 1995  162 16719.  20.8 29.0 2.658 2.    0.
   5 1995  163 16677.  20.8 29.3 2.679 2.    2.
   5 1995  164 16635.  20.8 29.5 2.701 2.    6.
   5 1995  165 16592.  20.8 29.8 2.723 2.   13.
   5 1995  166 16550.  20.7 30.1 2.745 2.   10.
   5 1995  167 16483.  20.7 30.1 2.742 2.    1.
   5 1995  168 16417.  20.7 30.0 2.739 2.   11.
   5 1995  169 16350.  20.7 30.0 2.737 2.    4.
   5 1995  170 16283.  20.7 29.9 2.734 2.    0.
   5 1995  171 16217.  20.7 29.9 2.731 2.    0.
   5 1995  172 16150.  20.7 29.8 2.728 2.   41.
   5 1995  173 16083.  20.7 29.8 2.726 2.   13.
   5 1995  174 16017.  20.7 29.7 2.723 2.    0.
   5 1995  175 15950.  20.7 29.6 2.720 2.    0.
   5 1995  176 15883.  20.7 29.6 2.717 2.    0.
   5 1995  177 15817.  20.7 29.6 2.715 2.   29.
   5 1995  178 15750.  20.7 29.5 2.712 2.    4.
   5 1995  179 15683.  20.7 29.5 2.709 2.    0.
   5 1995  180 15617.  20.7 29.4 2.706 2.    0.
   5 1995  181 15550.  20.6 29.4 2.704 2.    4.
   5 1995  182 15483.  20.6 29.3 2.701 2.    0.
   5 1995  183 15417.  20.6 29.3 2.698 2.   21.
   5 1995  184 15350.  20.6 29.2 2.695 2.    1.
   5 1995  185 15283.  20.6 29.1 2.692 2.    1.
   5 1995  186 15217.  20.6 29.1 2.690 2.   44.
   5 1995  187 15150.  20.6 29.1 2.687 2.    0.
   5 1995  188 15083.  20.6 29.0 2.684 2.    0.
   5 1995  189 15017.  20.6 29.0 2.681 2.    0.
   5 1995  190 14950.  20.6 28.9 2.679 2.   11.
   5 1995  191 14883.  20.6 28.9 2.676 2.    0.
   5 1995  192 14817.  20.6 28.8 2.673 2.    0.
   5 1995  193 14750.  20.6 28.8 2.670 2.    0.
   5 1995  194 14683.  20.6 28.7 2.668 2.    2.
   5 1995  195 14617.  20.6 28.6 2.665 2.    0.
   5 1995  196 14550.  20.6 28.6 2.662 2.    5.
   5 1995  197 14535.  20.6 28.6 2.664 2.    6.
   5 1995  198 14519.  20.6 28.6 2.666 2.    0.
   5 1995  199 14504.  20.6 28.6 2.668 2.    0.
   5 1995  200 14488.  20.6 28.6 2.670 2.    0.
   5 1995  201 14473.  20.7 28.6 2.672 2.   10.
   5 1995  202 14457.  20.7 28.6 2.673 2.    0.
   5 1995  203 14442.  20.7 28.6 2.675 2.    0.
   5 1995  204 14426.  20.7 28.6 2.677 2.    3.
   5 1995  205 14411.  20.7 28.6 2.679 2.    0.
   5 1995  206 14395.  20.8 28.7 2.681 2.   26.
   5 1995  207 14380.  20.8 28.7 2.683 2.    0.
   5 1995  208 14364.  20.8 28.7 2.685 2.    2.
   5 1995  209 14349.  20.8 28.7 2.687 2.    0.
   5 1995  210 14333.  20.8 28.7 2.689 2.    5.
   5 1995  211 14318.  20.8 28.7 2.691 2.    0.
   5 1995  212 14302.  20.9 28.7 2.692 2.    0.
   5 1995  213 14287.  20.9 28.7 2.694 2.    0.
   5 1995  214 14271.  20.9 28.7 2.696 2.    1.
   5 1995  215 14256.  20.9 28.7 2.698 2.    0.
   5 1995  216 14240.  20.9 28.7 2.700 2.   51.
   5 1995  217 14225.  20.9 28.7 2.702 2.    9.
   5 1995  218 14209.  21.0 28.7 2.704 2.    0.
   5 1995  219 14194.  21.0 28.7 2.706 2.    0.
   5 1995  220 14178.  21.0 28.7 2.708 2.    0.
   5 1995  221 14163.  21.0 28.7 2.710 2.    0.
   5 1995  222 14147.  21.0 28.7 2.711 2.    0.
   5 1995  223 14132.  21.1 28.7 2.713 2.    1.
   5 1995  224 14116.  21.1 28.8 2.715 2.    0.
   5 1995  225 14101.  21.1 28.8 2.717 2.    0.
   5 1995  226 14085.  21.1 28.8 2.719 2.    4.
   5 1995  227 14070.  21.1 28.8 2.721 2.    0.
   5 1995  228 14130.  21.1 28.8 2.719 2.    0.
   5 1995  229 14190.  21.1 28.8 2.717 2.    0.
   5 1995  230 14250.  21.1 28.9 2.715 2.   28.
   5 1995  231 14310.  21.1 28.9 2.713 2.    0.
   5 1995  232 14370.  21.1 28.9 2.711 2.   26.
   5 1995  233 14430.  21.1 29.0 2.709 2.    0.
   5 1995  234 14490.  21.1 29.0 2.707 2.    1.
   5 1995  235 14550.  21.0 29.0 2.706 2.    0.
   5 1995  236 14610.  21.0 29.1 2.704 2.   11.
   5 1995  237 14670.  21.0 29.1 2.702 2.    6.
   5 1995  238 14730.  21.0 29.1 2.700 2.   12.
   5 1995  239 14790.  21.0 29.2 2.698 2.    6.
   5 1995  240 14850.  21.0 29.2 2.696 2.    3.
   5 1995  241 14910.  21.0 29.2 2.694 2.    0.
   5 1995  242 14970.  21.0 29.3 2.692 2.    0.
   5 1995  243 15030.  21.0 29.3 2.690 1.    0.
   5 1995  244 15090.  20.9 29.3 2.688 1.    0.
   5 1995  245 15150.  20.9 29.4 2.686 1.    2.
   5 1995  246 15210.  20.9 29.4 2.684 1.    0.
   5 1995  247 15270.  20.9 29.4 2.682 1.    0.
   5 1995  248 15330.  20.9 29.4 2.680 1.    0.
   5 1995  249 15390.  20.9 29.5 2.678 1.    0.
   5 1995  250 15450.  20.9 29.5 2.676 1.    6.
   5 1995  251 15510.  20.9 29.5 2.675 1.    0.
   5 1995  252 15570.  20.9 29.6 2.673 1.    0.
   5 1995  253 15630.  20.9 29.6 2.671 1.    1.
   5 1995  254 15690.  20.8 29.6 2.669 1.    0.
   5 1995  255 15750.  20.8 29.7 2.667 1.    2.
   5 1995  256 15810.  20.8 29.7 2.665 1.   24.
   5 1995  257 15870.  20.8 29.7 2.663 1.    1.
   5 1995  258 15930.  20.8 29.8 2.661 1.    0.
   5 1995  259 16000.  20.8 29.8 2.662 1.  122.
   5 1995  260 16071.  20.8 29.8 2.663 1.    0.
   5 1995  261 16141.  20.8 29.8 2.665 1.    5.
   5 1995  262 16211.  20.8 29.8 2.666 1.    0.
   5 1995  263 16282.  20.7 29.8 2.667 1.    0.
   5 1995  264 16352.  20.7 29.8 2.668 1.    0.
   5 1995  265 16422.  20.7 29.8 2.669 1.    0.
   5 1995  266 16493.  20.7 29.8 2.671 1.   11.
   5 1995  267 16563.  20.7 29.8 2.672 1.   17.
   5 1995  268 16633.  20.7 29.9 2.673 1.    0.
   5 1995  269 16704.  20.7 29.9 2.674 1.    0.
   5 1995  270 16774.  20.7 29.9 2.675 1.    0.
   5 1995  271 16844.  20.7 29.9 2.677 1.    0.
   5 1995  272 16915.  20.6 29.9 2.678 1.    0.
   5 1995  273 16985.  20.6 29.9 2.679 1.    0.
   5 1995  274 17055.  20.6 29.9 2.680 1.    1.
   5 1995  275 17126.  20.6 29.9 2.681 1.    0.
   5 1995  276 17196.  20.6 29.9 2.683 1.   28.
   5 1995  277 17266.  20.6 29.9 2.684 1.   10.
   5 1995  278 17337.  20.6 29.9 2.685 1.    7.
   5 1995  279 17407.  20.6 30.0 2.686 1.    0.
   5 1995  280 17477.  20.6 30.0 2.687 1.    0.
   5 1995  281 17548.  20.5 30.0 2.689 1.   21.
   5 1995  282 17618.  20.5 30.0 2.690 1.    0.
   5 1995  283 17688.  20.5 30.0 2.691 1.    5.
   5 1995  284 17759.  20.5 30.0 2.692 1.    0.
   5 1995  285 17829.  20.5 30.0 2.693 1.    1.
   5 1995  286 17899.  20.5 30.0 2.695 1.   13.
   5 1995  287 17970.  20.5 30.0 2.696 1.    0.
   5 1995  288 18040.  20.5 30.0 2.697 1.   72.
   5 1995  289 18027.  20.4 30.1 2.687 1.    0.
   5 1995  290 18015.  20.4 30.1 2.677 1.    0.
   5 1995  291 18002.  20.4 30.1 2.667 1.   43.
   5 1995  292 17990.  20.3 30.1 2.657 1.   11.
   5 1995  293 17977.  20.3 30.1 2.647 1.   22.
   5 1995  294 17965.  20.3 30.2 2.637 1.    6.
   5 1995  295 17952.  20.2 30.2 2.627 1.    0.
   5 1995  296 17939.  20.2 30.2 2.617 1.    0.
   5 1995  297 17927.  20.2 30.2 2.607 1.    0.
   5 1995  298 17914.  20.1 30.2 2.597 1.    3.
   5 1995  299 17902.  20.1 30.3 2.587 1.   75.
   5 1995  300 17889.  20.1 30.3 2.577 1.    5.
   5 1995  301 17876.  20.0 30.3 2.567 1.    2.
   5 1995  302 17864.  20.0 30.3 2.557 1.    0.
   5 1995  303 17851.  20.0 30.4 2.547 1.    0.
   5 1995  304 17839.  19.9 30.4 2.537 1.    0.
   5 1995  305 17826.  19.9 30.4 2.527 1.   18.
   5 1995  306 17814.  19.9 30.4 2.517 1.    0.
   5 1995  307 17801.  19.8 30.4 2.507 1.    0.
   5 1995  308 17788.  19.8 30.5 2.497 1.    0.
   5 1995  309 17776.  19.8 30.5 2.487 1.    8.
   5 1995  310 17763.  19.7 30.5 2.477 1.    0.
   5 1995  311 17751.  19.7 30.5 2.467 1.   42.
   5 1995  312 17738.  19.7 30.5 2.457 1.    5.
   5 1995  313 17725.  19.6 30.6 2.447 1.   15.
   5 1995  314 17713.  19.6 30.6 2.437 1.   14.
   5 1995  315 17700.  19.6 30.6 2.427 1.   11.
   5 1995  316 17688.  19.5 30.6 2.417 1.    0.
   5 1995  317 17675.  19.5 30.7 2.407 1.    0.
   5 1995  318 17663.  19.5 30.7 2.397 1.   18.
   5 1995  319 17650.  19.4 30.7 2.387 1.   31.
   5 1995  320 17627.  19.4 30.7 2.384 1.    0.
   5 1995  321 17605.  19.3 30.7 2.382 1.    1.
   5 1995  322 17582.  19.3 30.7 2.379 1.    0.
   5 1995  323 17559.  19.2 30.7 2.377 1.   13.
   5 1995  324 17537.  19.1 30.7 2.374 1.    6.
   5 1995  325 17514.  19.1 30.7 2.372 1.   25.
   5 1995  326 17491.  19.0 30.8 2.369 1.    0.
   5 1995  327 17469.  19.0 30.8 2.367 1.   51.
   5 1995  328 17446.  18.9 30.8 2.364 1.    2.
   5 1995  329 17423.  18.8 30.8 2.362 1.   35.
   5 1995  330 17401.  18.8 30.8 2.359 1.   26.
   5 1995  331 17378.  18.7 30.8 2.357 1.   11.
   5 1995  332 17355.  18.7 30.8 2.354 1.    9.
   5 1995  333 17333.  18.6 30.8 2.352 1.   54.
   5 1995  334 17310.  18.6 30.8 2.349 1.    0.
   5 1995  335 17287.  18.5 30.8 2.346 1.    1.
   5 1995  336 17265.  18.4 30.8 2.344 1.   74.
   5 1995  337 17242.  18.4 30.8 2.341 1.    0.
   5 1995  338 17219.  18.3 30.8 2.339 1.    2.
   5 1995  339 17197.  18.3 30.9 2.336 1.    9.
   5 1995  340 17174.  18.2 30.9 2.334 1.    0.
   5 1995  341 17151.  18.1 30.9 2.331 1.    7.
   5 1995  342 17129.  18.1 30.9 2.329 1.   14.
   5 1995  343 17106.  18.0 30.9 2.326 1.    0.
   5 1995  344 17083.  18.0 30.9 2.324 1.    8.
   5 1995  345 17061.  17.9 30.9 2.321 1.   23.
   5 1995  346 17038.  17.8 30.9 2.319 1.   29.
   5 1995  347 17015.  17.8 30.9 2.316 1.   21.
   5 1995  348 16993.  17.7 30.9 2.314 1.    4.
   5 1995  349 16970.  17.7 30.9 2.311 1.    1.
   5 1995  350 17028.  17.5 31.0 2.282 1.    2.
   5 1995  351 17087.  17.3 31.1 2.254 1.    0.
   5 1995  352 17145.  17.1 31.2 2.225 1.    0.
   5 1995  353 17204.  16.9 31.2 2.197 1.   19.
   5 1995  354 17262.  16.8 31.3 2.168 1.    0.
   5 1995  355 17321.  16.6 31.4 2.140 1.    0.
   5 1995  356 17379.  16.4 31.4 2.111 1.    1.
   5 1995  357 17438.  16.2 31.5 2.083 1.    3.
   5 1995  358 17496.  16.0 31.6 2.054 1.    2.
   5 1995  359 17554.  15.8 31.7 2.026 1.    0.
   5 1995  360 17613.  15.7 31.7 1.997 1.    0.
   5 1995  361 17671.  15.5 31.8 1.969 1.   23.
   5 1995  362 17730.  15.3 31.9 1.940 1.    0.
   5 1995  363 17788.  15.1 32.0 1.912 1.    0.
   5 1995  364 17847.  14.9 32.0 1.883 1.    2.
   5 1995  365 17905.  14.7 32.1 1.855 1.    7.
