*---------------------------------------------------------*
*   Country: Cote d'Ivoire
*   Station: Man
*      Year: 1993
* Longitude: 007 31 W
*  Latitude: 07 23 N
* Elevation: 340 m.
*  WMO-code: 65.5480
*  Comments: Automatically generated file from *.WOF file
*            with REGENSIM.FOR ver. aug 96
*
*  Columns:
*  ========
*  station number
*  year
*  day
*  irradiation (kJ m-2 d-1)
*  minimum temperature (degrees Celsius)
*  maximum temperature (degrees Celsius)
*  vapour pressure (kPa)
*  mean wind speed (m s-1)
*  precipitation (mm month-1)
*---------------------------------------------------------*
  -7.52   7.38   340. 0.00 0.00
   5 1993    1 17925.  15.8 32.0 1.954 1.    0.
   5 1993    2 17963.  15.7 32.1 1.934 1.    0.
   5 1993    3 18000.  15.6 32.1 1.914 1.    0.
   5 1993    4 18038.  15.5 32.2 1.894 1.    0.
   5 1993    5 18075.  15.4 32.2 1.875 1.    0.
   5 1993    6 18113.  15.3 32.3 1.855 1.    0.
   5 1993    7 18150.  15.3 32.3 1.835 1.    0.
   5 1993    8 18188.  15.2 32.4 1.815 1.    0.
   5 1993    9 18225.  15.1 32.4 1.796 1.    0.
   5 1993   10 18263.  15.0 32.4 1.776 1.    0.
   5 1993   11 18300.  14.9 32.5 1.756 1.    0.
   5 1993   12 18338.  14.8 32.5 1.736 1.    0.
   5 1993   13 18375.  14.7 32.6 1.717 1.    0.
   5 1993   14 18413.  14.6 32.6 1.697 1.    0.
   5 1993   15 18450.  14.5 32.7 1.677 1.    0.
   5 1993   16 18418.  14.7 32.7 1.698 1.    0.
   5 1993   17 18386.  14.8 32.8 1.718 1.    0.
   5 1993   18 18354.  15.0 32.8 1.739 1.    0.
   5 1993   19 18322.  15.2 32.9 1.760 1.    0.
   5 1993   20 18290.  15.4 32.9 1.781 1.    0.
   5 1993   21 18258.  15.6 32.9 1.801 1.    0.
   5 1993   22 18226.  15.8 33.0 1.822 1.    0.
   5 1993   23 18194.  16.0 33.0 1.843 1.    0.
   5 1993   24 18162.  16.2 33.1 1.863 1.    0.
   5 1993   25 18130.  16.4 33.1 1.884 1.    0.
   5 1993   26 18098.  16.5 33.2 1.905 1.    0.
   5 1993   27 18066.  16.7 33.2 1.925 1.    0.
   5 1993   28 18034.  16.9 33.3 1.946 1.    0.
   5 1993   29 18002.  17.1 33.3 1.967 1.    0.
   5 1993   30 17970.  17.3 33.4 1.988 1.    0.
   5 1993   31 17938.  17.5 33.4 2.008 1.    0.
   5 1993   32 17906.  17.7 33.5 2.029 1.   50.
   5 1993   33 17874.  17.9 33.5 2.050 1.   18.
   5 1993   34 17842.  18.1 33.6 2.070 1.    0.
   5 1993   35 17810.  18.2 33.6 2.091 1.    2.
   5 1993   36 17778.  18.4 33.6 2.112 1.    0.
   5 1993   37 17746.  18.6 33.7 2.132 1.    5.
   5 1993   38 17714.  18.8 33.7 2.153 1.   19.
   5 1993   39 17682.  19.0 33.8 2.174 1.    0.
   5 1993   40 17650.  19.2 33.8 2.194 1.    0.
   5 1993   41 17618.  19.4 33.9 2.215 1.    0.
   5 1993   42 17586.  19.6 33.9 2.236 1.    0.
   5 1993   43 17554.  19.8 34.0 2.257 1.    0.
   5 1993   44 17522.  19.9 34.0 2.277 1.    5.
   5 1993   45 17490.  20.1 34.1 2.298 1.    0.
   5 1993   46 17526.  20.1 34.0 2.303 1.    0.
   5 1993   47 17561.  20.1 34.0 2.307 1.    0.
   5 1993   48 17597.  20.1 33.9 2.312 1.    0.
   5 1993   49 17632.  20.1 33.9 2.316 1.    0.
   5 1993   50 17668.  20.1 33.8 2.321 1.    0.
   5 1993   51 17703.  20.1 33.7 2.326 1.    0.
   5 1993   52 17739.  20.0 33.7 2.330 1.   32.
   5 1993   53 17774.  20.0 33.6 2.335 1.   10.
   5 1993   54 17810.  20.0 33.6 2.340 1.    1.
   5 1993   55 17845.  20.0 33.5 2.344 1.    2.
   5 1993   56 17881.  20.0 33.5 2.349 1.    0.
   5 1993   57 17916.  20.0 33.4 2.353 1.    0.
   5 1993   58 17952.  20.0 33.4 2.358 1.    0.
   5 1993   59 17987.  20.0 33.3 2.363 1.   13.
   5 1993   60 18023.  19.9 33.3 2.367 1.    0.
   5 1993   61 18058.  19.9 33.2 2.372 1.    0.
   5 1993   62 18094.  19.9 33.1 2.377 1.    0.
   5 1993   63 18129.  19.9 33.1 2.381 1.   12.
   5 1993   64 18165.  19.9 33.0 2.386 1.    0.
   5 1993   65 18200.  19.9 33.0 2.390 1.    0.
   5 1993   66 18236.  19.9 32.9 2.395 1.    0.
   5 1993   67 18271.  19.9 32.9 2.400 1.    2.
   5 1993   68 18307.  19.8 32.8 2.404 1.    0.
   5 1993   69 18342.  19.8 32.8 2.409 1.    0.
   5 1993   70 18378.  19.8 32.7 2.414 1.    0.
   5 1993   71 18413.  19.8 32.7 2.418 1.    0.
   5 1993   72 18449.  19.8 32.6 2.423 1.    0.
   5 1993   73 18484.  19.8 32.6 2.427 1.    7.
   5 1993   74 18520.  19.8 32.5 2.432 1.    0.
   5 1993   75 18531.  19.8 32.5 2.441 1.    0.
   5 1993   76 18543.  19.9 32.5 2.451 1.    5.
   5 1993   77 18554.  19.9 32.5 2.460 1.    0.
   5 1993   78 18565.  20.0 32.4 2.470 1.    0.
   5 1993   79 18576.  20.0 32.4 2.479 1.    0.
   5 1993   80 18588.  20.1 32.4 2.489 1.    0.
   5 1993   81 18599.  20.1 32.4 2.498 1.    4.
   5 1993   82 18610.  20.2 32.4 2.508 1.    0.
   5 1993   83 18622.  20.2 32.4 2.517 1.    0.
   5 1993   84 18633.  20.3 32.4 2.527 1.    4.
   5 1993   85 18644.  20.3 32.4 2.536 1.    0.
   5 1993   86 18655.  20.4 32.3 2.545 1.    0.
   5 1993   87 18667.  20.4 32.3 2.555 1.    6.
   5 1993   88 18678.  20.5 32.3 2.564 1.    9.
   5 1993   89 18689.  20.5 32.3 2.574 1.    0.
   5 1993   90 18701.  20.6 32.3 2.583 1.    0.
   5 1993   91 18712.  20.6 32.3 2.593 1.    0.
   5 1993   92 18723.  20.7 32.3 2.602 1.    0.
   5 1993   93 18735.  20.7 32.3 2.612 1.    0.
   5 1993   94 18746.  20.8 32.2 2.621 1.    0.
   5 1993   95 18757.  20.8 32.2 2.630 1.    0.
   5 1993   96 18768.  20.9 32.2 2.640 1.    0.
   5 1993   97 18780.  20.9 32.2 2.649 1.    0.
   5 1993   98 18791.  21.0 32.2 2.659 1.    0.
   5 1993   99 18802.  21.0 32.2 2.668 1.    0.
   5 1993  100 18814.  21.1 32.2 2.678 1.    0.
   5 1993  101 18825.  21.1 32.2 2.687 1.    0.
   5 1993  102 18836.  21.2 32.1 2.697 1.    0.
   5 1993  103 18847.  21.2 32.1 2.706 1.    0.
   5 1993  104 18859.  21.3 32.1 2.716 1.    0.
   5 1993  105 18870.  21.3 32.1 2.725 1.    0.
   5 1993  106 18850.  21.3 32.1 2.727 1.    0.
   5 1993  107 18829.  21.3 32.1 2.729 1.    0.
   5 1993  108 18809.  21.3 32.1 2.731 1.    0.
   5 1993  109 18789.  21.4 32.0 2.733 1.    0.
   5 1993  110 18768.  21.4 32.0 2.734 1.    0.
   5 1993  111 18748.  21.4 32.0 2.736 1.    0.
   5 1993  112 18728.  21.4 32.0 2.738 1.    0.
   5 1993  113 18707.  21.4 32.0 2.740 1.    0.
   5 1993  114 18687.  21.4 32.0 2.742 1.    0.
   5 1993  115 18667.  21.5 31.9 2.744 1.    0.
   5 1993  116 18646.  21.5 31.9 2.746 1.    0.
   5 1993  117 18626.  21.5 31.9 2.748 1.    0.
   5 1993  118 18606.  21.5 31.9 2.750 1.    1.
   5 1993  119 18585.  21.5 31.9 2.752 1.    0.
   5 1993  120 18565.  21.5 31.9 2.753 1.    0.
   5 1993  121 18545.  21.6 31.8 2.755 1.    0.
   5 1993  122 18524.  21.6 31.8 2.757 1.    0.
   5 1993  123 18504.  21.6 31.8 2.759 1.    0.
   5 1993  124 18484.  21.6 31.8 2.761 1.    0.
   5 1993  125 18463.  21.6 31.8 2.763 1.    0.
   5 1993  126 18443.  21.6 31.8 2.765 1.    0.
   5 1993  127 18423.  21.6 31.8 2.767 1.    0.
   5 1993  128 18402.  21.7 31.7 2.769 1.    0.
   5 1993  129 18382.  21.7 31.7 2.771 1.    0.
   5 1993  130 18362.  21.7 31.7 2.773 1.    0.
   5 1993  131 18341.  21.7 31.7 2.774 1.    0.
   5 1993  132 18321.  21.7 31.7 2.776 1.    0.
   5 1993  133 18301.  21.7 31.7 2.778 1.    0.
   5 1993  134 18280.  21.8 31.6 2.780 1.   19.
   5 1993  135 18260.  21.8 31.6 2.782 1.    0.
   5 1993  136 18179.  21.8 31.6 2.780 1.    0.
   5 1993  137 18099.  21.7 31.5 2.778 1.    0.
   5 1993  138 18018.  21.7 31.5 2.776 1.    0.
   5 1993  139 17937.  21.7 31.4 2.774 1.    0.
   5 1993  140 17857.  21.7 31.4 2.772 1.    0.
   5 1993  141 17776.  21.7 31.3 2.770 1.    0.
   5 1993  142 17695.  21.7 31.3 2.768 1.    0.
   5 1993  143 17615.  21.7 31.2 2.765 1.    5.
   5 1993  144 17534.  21.7 31.2 2.763 1.    0.
   5 1993  145 17454.  21.7 31.1 2.761 1.    0.
   5 1993  146 17373.  21.6 31.1 2.759 1.    0.
   5 1993  147 17292.  21.6 31.0 2.757 1.    0.
   5 1993  148 17212.  21.6 31.0 2.755 1.    0.
   5 1993  149 17131.  21.6 31.0 2.753 1.    0.
   5 1993  150 17050.  21.6 30.9 2.751 1.    0.
   5 1993  151 16970.  21.6 30.9 2.749 1.    0.
   5 1993  152 16889.  21.6 30.8 2.747 1.    1.
   5 1993  153 16808.  21.6 30.8 2.745 1.    0.
   5 1993  154 16728.  21.6 30.7 2.743 1.    0.
   5 1993  155 16647.  21.6 30.7 2.741 1.   17.
   5 1993  156 16566.  21.5 30.6 2.739 1.    0.
   5 1993  157 16486.  21.5 30.6 2.737 1.    0.
   5 1993  158 16405.  21.5 30.5 2.735 1.    0.
   5 1993  159 16325.  21.5 30.5 2.732 1.   23.
   5 1993  160 16244.  21.5 30.4 2.730 1.    0.
   5 1993  161 16163.  21.5 30.4 2.728 1.    0.
   5 1993  162 16083.  21.5 30.3 2.726 1.    2.
   5 1993  163 16002.  21.5 30.3 2.724 1.    0.
   5 1993  164 15921.  21.5 30.2 2.722 1.    0.
   5 1993  165 15841.  21.4 30.2 2.720 1.    0.
   5 1993  166 15760.  21.4 30.1 2.718 1.    0.
   5 1993  167 15698.  21.4 30.1 2.715 1.    0.
   5 1993  168 15636.  21.4 30.0 2.711 1.   10.
   5 1993  169 15574.  21.4 29.9 2.708 1.   18.
   5 1993  170 15512.  21.3 29.9 2.705 1.    0.
   5 1993  171 15450.  21.3 29.8 2.701 1.    0.
   5 1993  172 15388.  21.3 29.7 2.698 1.    1.
   5 1993  173 15326.  21.2 29.7 2.695 1.    0.
   5 1993  174 15264.  21.2 29.6 2.692 1.    3.
   5 1993  175 15202.  21.2 29.5 2.688 1.    0.
   5 1993  176 15140.  21.2 29.5 2.685 1.    0.
   5 1993  177 15078.  21.1 29.4 2.682 1.    0.
   5 1993  178 15016.  21.1 29.3 2.678 1.    0.
   5 1993  179 14954.  21.1 29.3 2.675 1.    0.
   5 1993  180 14892.  21.1 29.2 2.672 1.    2.
   5 1993  181 14830.  21.0 29.1 2.669 1.    0.
   5 1993  182 14768.  21.0 29.1 2.665 1.    0.
   5 1993  183 14706.  21.0 29.0 2.662 1.    0.
   5 1993  184 14644.  20.9 28.9 2.659 1.    0.
   5 1993  185 14582.  20.9 28.9 2.655 1.    0.
   5 1993  186 14520.  20.9 28.8 2.652 1.    2.
   5 1993  187 14458.  20.9 28.7 2.649 1.    0.
   5 1993  188 14396.  20.8 28.7 2.645 1.    0.
   5 1993  189 14334.  20.8 28.6 2.642 1.    8.
   5 1993  190 14272.  20.8 28.5 2.639 1.    0.
   5 1993  191 14210.  20.8 28.5 2.635 1.    0.
   5 1993  192 14148.  20.7 28.4 2.632 1.    0.
   5 1993  193 14086.  20.7 28.3 2.629 1.    0.
   5 1993  194 14024.  20.7 28.3 2.626 1.    0.
   5 1993  195 13962.  20.7 28.2 2.622 1.    1.
   5 1993  196 13900.  20.6 28.1 2.619 1.   27.
   5 1993  197 13917.  20.6 28.1 2.621 1.   36.
   5 1993  198 13935.  20.6 28.2 2.624 1.    0.
   5 1993  199 13952.  20.7 28.2 2.626 1.    6.
   5 1993  200 13970.  20.7 28.2 2.628 1.    0.
   5 1993  201 13987.  20.7 28.2 2.630 1.    0.
   5 1993  202 14005.  20.7 28.2 2.633 1.    0.
   5 1993  203 14022.  20.7 28.3 2.635 1.    4.
   5 1993  204 14039.  20.7 28.3 2.637 1.    0.
   5 1993  205 14057.  20.7 28.3 2.639 1.   10.
   5 1993  206 14074.  20.7 28.3 2.642 1.    0.
   5 1993  207 14092.  20.7 28.3 2.644 1.    0.
   5 1993  208 14109.  20.7 28.4 2.646 1.    0.
   5 1993  209 14126.  20.7 28.4 2.648 1.   17.
   5 1993  210 14144.  20.8 28.4 2.651 1.    3.
   5 1993  211 14161.  20.8 28.4 2.653 1.    0.
   5 1993  212 14179.  20.8 28.4 2.655 1.    0.
   5 1993  213 14196.  20.8 28.4 2.657 1.    0.
   5 1993  214 14214.  20.8 28.5 2.660 1.    0.
   5 1993  215 14231.  20.8 28.5 2.662 1.    0.
   5 1993  216 14248.  20.8 28.5 2.664 1.    0.
   5 1993  217 14266.  20.8 28.5 2.666 1.    0.
   5 1993  218 14283.  20.8 28.5 2.669 1.    0.
   5 1993  219 14301.  20.8 28.6 2.671 1.    0.
   5 1993  220 14318.  20.8 28.6 2.673 1.    0.
   5 1993  221 14335.  20.8 28.6 2.675 1.    0.
   5 1993  222 14353.  20.9 28.6 2.678 1.    0.
   5 1993  223 14370.  20.9 28.6 2.680 1.    0.
   5 1993  224 14388.  20.9 28.6 2.682 1.    0.
   5 1993  225 14405.  20.9 28.7 2.684 1.    0.
   5 1993  226 14423.  20.9 28.7 2.687 1.    0.
   5 1993  227 14440.  20.9 28.7 2.689 1.    0.
   5 1993  228 14506.  20.9 28.7 2.684 1.    0.
   5 1993  229 14572.  20.9 28.7 2.679 1.    0.
   5 1993  230 14638.  20.9 28.7 2.674 1.   19.
   5 1993  231 14705.  20.8 28.8 2.669 1.    0.
   5 1993  232 14771.  20.8 28.8 2.664 1.    0.
   5 1993  233 14837.  20.8 28.8 2.659 1.    0.
   5 1993  234 14903.  20.8 28.8 2.654 1.    0.
   5 1993  235 14969.  20.8 28.8 2.649 1.    0.
   5 1993  236 15035.  20.8 28.8 2.644 1.    0.
   5 1993  237 15101.  20.8 28.9 2.639 1.    0.
   5 1993  238 15167.  20.7 28.9 2.634 1.    0.
   5 1993  239 15234.  20.7 28.9 2.629 1.    0.
   5 1993  240 15300.  20.7 28.9 2.624 1.   45.
   5 1993  241 15366.  20.7 28.9 2.619 1.    0.
   5 1993  242 15432.  20.7 28.9 2.614 1.    0.
   5 1993  243 15498.  20.7 28.9 2.608 1.    1.
   5 1993  244 15564.  20.7 29.0 2.603 1.    0.
   5 1993  245 15630.  20.7 29.0 2.598 1.    0.
   5 1993  246 15696.  20.6 29.0 2.593 1.   47.
   5 1993  247 15763.  20.6 29.0 2.588 1.    0.
   5 1993  248 15829.  20.6 29.0 2.583 1.    0.
   5 1993  249 15895.  20.6 29.0 2.578 1.    0.
   5 1993  250 15961.  20.6 29.0 2.573 1.    0.
   5 1993  251 16027.  20.6 29.1 2.568 1.    0.
   5 1993  252 16093.  20.6 29.1 2.563 1.    0.
   5 1993  253 16159.  20.5 29.1 2.558 1.    0.
   5 1993  254 16225.  20.5 29.1 2.553 1.    7.
   5 1993  255 16292.  20.5 29.1 2.548 1.    0.
   5 1993  256 16358.  20.5 29.1 2.543 1.    1.
   5 1993  257 16424.  20.5 29.2 2.538 1.    0.
   5 1993  258 16490.  20.5 29.2 2.533 1.   35.
   5 1993  259 16560.  20.5 29.2 2.536 1.    1.
   5 1993  260 16629.  20.5 29.3 2.538 1.   19.
   5 1993  261 16699.  20.5 29.3 2.541 1.    0.
   5 1993  262 16769.  20.5 29.4 2.544 1.    4.
   5 1993  263 16838.  20.5 29.4 2.547 1.    2.
   5 1993  264 16908.  20.5 29.5 2.549 1.    0.
   5 1993  265 16978.  20.5 29.5 2.552 1.    0.
   5 1993  266 17047.  20.5 29.5 2.555 1.    2.
   5 1993  267 17117.  20.5 29.6 2.558 1.    0.
   5 1993  268 17187.  20.5 29.6 2.560 1.    0.
   5 1993  269 17256.  20.5 29.7 2.563 1.    0.
   5 1993  270 17326.  20.5 29.7 2.566 1.    0.
   5 1993  271 17396.  20.5 29.8 2.569 1.   61.
   5 1993  272 17465.  20.5 29.8 2.571 1.   14.
   5 1993  273 17535.  20.5 29.9 2.574 1.    0.
   5 1993  274 17605.  20.5 29.9 2.577 1.    0.
   5 1993  275 17674.  20.5 30.0 2.579 1.   16.
   5 1993  276 17744.  20.5 30.0 2.582 1.    1.
   5 1993  277 17814.  20.5 30.1 2.585 1.    0.
   5 1993  278 17883.  20.5 30.1 2.588 1.    0.
   5 1993  279 17953.  20.5 30.1 2.590 1.    3.
   5 1993  280 18023.  20.5 30.2 2.593 1.    3.
   5 1993  281 18092.  20.5 30.2 2.596 1.   27.
   5 1993  282 18162.  20.5 30.3 2.599 1.    0.
   5 1993  283 18232.  20.6 30.3 2.601 1.    9.
   5 1993  284 18301.  20.6 30.4 2.604 1.   29.
   5 1993  285 18371.  20.6 30.4 2.607 1.    0.
   5 1993  286 18441.  20.6 30.5 2.610 1.    0.
   5 1993  287 18510.  20.6 30.5 2.612 1.   19.
   5 1993  288 18580.  20.6 30.6 2.615 1.   19.
   5 1993  289 18550.  20.6 30.6 2.618 1.    0.
   5 1993  290 18519.  20.5 30.6 2.620 1.    1.
   5 1993  291 18489.  20.5 30.6 2.623 1.    1.
   5 1993  292 18459.  20.5 30.6 2.626 1.    3.
   5 1993  293 18428.  20.5 30.6 2.629 1.   13.
   5 1993  294 18398.  20.5 30.6 2.631 1.    7.
   5 1993  295 18368.  20.4 30.6 2.634 1.   14.
   5 1993  296 18337.  20.4 30.7 2.637 1.    6.
   5 1993  297 18307.  20.4 30.7 2.639 1.    7.
   5 1993  298 18277.  20.4 30.7 2.642 1.    0.
   5 1993  299 18246.  20.4 30.7 2.645 1.    0.
   5 1993  300 18216.  20.4 30.7 2.648 1.    0.
   5 1993  301 18186.  20.3 30.7 2.650 1.    1.
   5 1993  302 18155.  20.3 30.7 2.653 1.   16.
   5 1993  303 18125.  20.3 30.7 2.656 1.    0.
   5 1993  304 18095.  20.3 30.7 2.658 1.    0.
   5 1993  305 18065.  20.3 30.8 2.661 1.    3.
   5 1993  306 18034.  20.3 30.8 2.664 1.    0.
   5 1993  307 18004.  20.2 30.8 2.666 1.    0.
   5 1993  308 17974.  20.2 30.8 2.669 1.    0.
   5 1993  309 17943.  20.2 30.8 2.672 1.    4.
   5 1993  310 17913.  20.2 30.8 2.675 1.    0.
   5 1993  311 17883.  20.2 30.8 2.677 1.    0.
   5 1993  312 17852.  20.2 30.8 2.680 1.    7.
   5 1993  313 17822.  20.1 30.8 2.683 1.   16.
   5 1993  314 17792.  20.1 30.8 2.685 1.    8.
   5 1993  315 17761.  20.1 30.9 2.688 1.    2.
   5 1993  316 17731.  20.1 30.9 2.691 1.   20.
   5 1993  317 17701.  20.1 30.9 2.694 1.    0.
   5 1993  318 17670.  20.0 30.9 2.696 1.    8.
   5 1993  319 17640.  20.0 30.9 2.699 1.   12.
   5 1993  320 17632.  19.9 30.9 2.683 1.    0.
   5 1993  321 17624.  19.8 30.9 2.668 1.   46.
   5 1993  322 17616.  19.7 30.9 2.652 1.    0.
   5 1993  323 17608.  19.7 31.0 2.636 1.    0.
   5 1993  324 17600.  19.6 31.0 2.621 1.    0.
   5 1993  325 17592.  19.5 31.0 2.605 1.    0.
   5 1993  326 17584.  19.4 31.0 2.590 1.    0.
   5 1993  327 17576.  19.3 31.0 2.574 1.    0.
   5 1993  328 17568.  19.2 31.0 2.558 1.    0.
   5 1993  329 17560.  19.1 31.1 2.543 1.    0.
   5 1993  330 17552.  19.0 31.1 2.527 1.    9.
   5 1993  331 17544.  18.9 31.1 2.511 1.   12.
   5 1993  332 17536.  18.8 31.1 2.496 1.    4.
   5 1993  333 17528.  18.7 31.1 2.480 1.    2.
   5 1993  334 17520.  18.6 31.1 2.464 1.   13.
   5 1993  335 17512.  18.5 31.2 2.449 1.   16.
   5 1993  336 17504.  18.4 31.2 2.433 1.    0.
   5 1993  337 17496.  18.3 31.2 2.418 1.    0.
   5 1993  338 17488.  18.2 31.2 2.402 1.    1.
   5 1993  339 17480.  18.1 31.2 2.386 1.   26.
   5 1993  340 17472.  18.0 31.3 2.371 1.   18.
   5 1993  341 17464.  18.0 31.3 2.355 1.    0.
   5 1993  342 17456.  17.9 31.3 2.339 1.   16.
   5 1993  343 17448.  17.8 31.3 2.324 1.    0.
   5 1993  344 17440.  17.7 31.3 2.308 1.    0.
   5 1993  345 17432.  17.6 31.3 2.293 1.    0.
   5 1993  346 17424.  17.5 31.4 2.277 1.    0.
   5 1993  347 17416.  17.4 31.4 2.261 1.   11.
   5 1993  348 17408.  17.3 31.4 2.246 1.    0.
   5 1993  349 17400.  17.2 31.4 2.230 1.    1.
   5 1993  350 17433.  17.1 31.4 2.213 1.    0.
   5 1993  351 17466.  17.0 31.5 2.195 1.   34.
   5 1993  352 17498.  16.9 31.5 2.178 1.    0.
   5 1993  353 17531.  16.9 31.6 2.161 1.   11.
   5 1993  354 17564.  16.8 31.6 2.144 1.    0.
   5 1993  355 17597.  16.7 31.6 2.126 1.    0.
   5 1993  356 17630.  16.6 31.7 2.109 1.   20.
   5 1993  357 17662.  16.5 31.7 2.092 1.   22.
   5 1993  358 17695.  16.4 31.8 2.074 1.    6.
   5 1993  359 17728.  16.3 31.8 2.057 1.   15.
   5 1993  360 17761.  16.3 31.8 2.040 1.    7.
   5 1993  361 17794.  16.2 31.9 2.023 1.   13.
   5 1993  362 17827.  16.1 31.9 2.005 1.    0.
   5 1993  363 17859.  16.0 32.0 1.988 1.    0.
   5 1993  364 17892.  15.9 32.0 1.971 1.   10.
   5 1993  365 17925.  15.8 32.0 1.954 1.    0.
