*---------------------------------------------------------*
*   Country: Cote d'Ivoire
*   Station: Man
*      Year: 1994
* Longitude: 007 31 W
*  Latitude: 07 23 N
* Elevation: 340 m.
*  WMO-code: 65.5480
*  Comments: Automatically generated file from *.WOF file
*            with REGENSIM.FOR ver. aug 96
*
*  Columns:
*  ========
*  station number
*  year
*  day
*  irradiation (kJ m-2 d-1)
*  minimum temperature (degrees Celsius)
*  maximum temperature (degrees Celsius)
*  vapour pressure (kPa)
*  mean wind speed (m s-1)
*  precipitation (mm month-1)
*---------------------------------------------------------*
  -7.52   7.38   340. 0.00 0.00
   5 1994    1 17620.  14.3 32.2 1.699 1.    0.
   5 1994    2 17621.  14.4 32.3 1.705 1.    0.
   5 1994    3 17623.  14.4 32.3 1.711 1.    0.
   5 1994    4 17624.  14.5 32.4 1.717 1.    0.
   5 1994    5 17626.  14.5 32.4 1.723 1.    0.
   5 1994    6 17627.  14.6 32.5 1.729 1.    0.
   5 1994    7 17629.  14.7 32.5 1.735 1.    0.
   5 1994    8 17630.  14.7 32.6 1.741 1.    1.
   5 1994    9 17631.  14.8 32.6 1.747 1.    0.
   5 1994   10 17633.  14.8 32.7 1.753 1.    0.
   5 1994   11 17634.  14.9 32.7 1.759 1.    0.
   5 1994   12 17636.  15.0 32.8 1.765 1.    0.
   5 1994   13 17637.  15.0 32.8 1.771 1.    0.
   5 1994   14 17639.  15.1 32.9 1.777 1.    0.
   5 1994   15 17640.  15.1 32.9 1.783 1.    0.
   5 1994   16 17622.  15.2 32.9 1.796 1.    0.
   5 1994   17 17603.  15.3 33.0 1.808 1.    1.
   5 1994   18 17585.  15.5 33.0 1.821 1.    0.
   5 1994   19 17567.  15.6 33.0 1.834 1.    0.
   5 1994   20 17548.  15.7 33.0 1.846 1.    0.
   5 1994   21 17530.  15.8 33.1 1.859 1.    0.
   5 1994   22 17512.  15.9 33.1 1.871 1.    0.
   5 1994   23 17493.  16.0 33.1 1.884 1.    0.
   5 1994   24 17475.  16.1 33.1 1.897 1.    0.
   5 1994   25 17457.  16.2 33.2 1.909 1.    0.
   5 1994   26 17438.  16.3 33.2 1.922 1.    0.
   5 1994   27 17420.  16.4 33.2 1.935 1.    0.
   5 1994   28 17402.  16.5 33.2 1.947 1.    0.
   5 1994   29 17383.  16.7 33.3 1.960 1.    0.
   5 1994   30 17365.  16.8 33.3 1.973 1.    0.
   5 1994   31 17347.  16.9 33.3 1.985 1.    0.
   5 1994   32 17328.  17.0 33.4 1.998 1.    6.
   5 1994   33 17310.  17.1 33.4 2.010 1.    1.
   5 1994   34 17292.  17.2 33.4 2.023 1.    6.
   5 1994   35 17273.  17.3 33.4 2.036 1.    0.
   5 1994   36 17255.  17.4 33.5 2.048 1.    2.
   5 1994   37 17237.  17.5 33.5 2.061 1.    1.
   5 1994   38 17218.  17.6 33.5 2.074 1.    3.
   5 1994   39 17200.  17.7 33.5 2.086 1.   16.
   5 1994   40 17182.  17.9 33.6 2.099 1.   76.
   5 1994   41 17163.  18.0 33.6 2.111 1.    5.
   5 1994   42 17145.  18.1 33.6 2.124 1.    0.
   5 1994   43 17127.  18.2 33.6 2.137 1.    0.
   5 1994   44 17108.  18.3 33.7 2.149 1.    0.
   5 1994   45 17090.  18.4 33.7 2.162 1.   17.
   5 1994   46 17147.  18.5 33.7 2.174 1.    5.
   5 1994   47 17204.  18.6 33.7 2.186 1.    0.
   5 1994   48 17262.  18.7 33.6 2.198 1.    2.
   5 1994   49 17319.  18.7 33.6 2.211 1.    0.
   5 1994   50 17376.  18.8 33.6 2.223 1.    0.
   5 1994   51 17433.  18.9 33.6 2.235 1.   15.
   5 1994   52 17491.  19.0 33.6 2.247 1.   22.
   5 1994   53 17548.  19.1 33.5 2.259 1.    0.
   5 1994   54 17605.  19.2 33.5 2.271 1.    0.
   5 1994   55 17662.  19.2 33.5 2.283 1.    7.
   5 1994   56 17720.  19.3 33.5 2.296 1.   11.
   5 1994   57 17777.  19.4 33.5 2.308 1.    1.
   5 1994   58 17834.  19.5 33.4 2.320 1.    4.
   5 1994   59 17891.  19.6 33.4 2.332 1.   28.
   5 1994   60 17949.  19.7 33.4 2.344 1.    0.
   5 1994   61 18006.  19.7 33.4 2.356 1.    0.
   5 1994   62 18063.  19.8 33.3 2.368 1.    0.
   5 1994   63 18120.  19.9 33.3 2.380 1.    0.
   5 1994   64 18178.  20.0 33.3 2.393 1.    0.
   5 1994   65 18235.  20.1 33.3 2.405 1.    0.
   5 1994   66 18292.  20.2 33.3 2.417 1.    0.
   5 1994   67 18349.  20.2 33.2 2.429 1.    0.
   5 1994   68 18407.  20.3 33.2 2.441 1.    0.
   5 1994   69 18464.  20.4 33.2 2.453 1.    0.
   5 1994   70 18521.  20.5 33.2 2.465 1.    0.
   5 1994   71 18578.  20.6 33.2 2.478 1.    0.
   5 1994   72 18636.  20.7 33.1 2.490 1.    0.
   5 1994   73 18693.  20.7 33.1 2.502 1.    0.
   5 1994   74 18750.  20.8 33.1 2.514 1.   10.
   5 1994   75 18740.  20.8 33.1 2.522 1.    0.
   5 1994   76 18731.  20.9 33.0 2.530 1.    0.
   5 1994   77 18721.  20.9 33.0 2.538 1.    0.
   5 1994   78 18711.  20.9 33.0 2.546 1.    0.
   5 1994   79 18702.  20.9 32.9 2.554 1.    0.
   5 1994   80 18692.  20.9 32.9 2.563 1.    0.
   5 1994   81 18682.  20.9 32.8 2.571 1.    0.
   5 1994   82 18673.  20.9 32.8 2.579 2.    0.
   5 1994   83 18663.  20.9 32.8 2.587 2.   16.
   5 1994   84 18653.  21.0 32.7 2.595 2.    0.
   5 1994   85 18644.  21.0 32.7 2.603 2.    0.
   5 1994   86 18634.  21.0 32.7 2.611 2.    2.
   5 1994   87 18624.  21.0 32.6 2.619 2.    0.
   5 1994   88 18615.  21.0 32.6 2.627 2.    0.
   5 1994   89 18605.  21.0 32.6 2.635 2.    0.
   5 1994   90 18595.  21.0 32.5 2.644 2.    0.
   5 1994   91 18585.  21.0 32.5 2.652 2.    0.
   5 1994   92 18576.  21.1 32.4 2.660 2.    0.
   5 1994   93 18566.  21.1 32.4 2.668 2.    0.
   5 1994   94 18556.  21.1 32.4 2.676 2.    0.
   5 1994   95 18547.  21.1 32.3 2.684 2.    0.
   5 1994   96 18537.  21.1 32.3 2.692 2.    0.
   5 1994   97 18527.  21.1 32.3 2.700 2.    0.
   5 1994   98 18518.  21.1 32.2 2.708 2.    0.
   5 1994   99 18508.  21.2 32.2 2.716 2.    0.
   5 1994  100 18498.  21.2 32.2 2.725 2.    0.
   5 1994  101 18489.  21.2 32.1 2.733 2.    0.
   5 1994  102 18479.  21.2 32.1 2.741 2.    0.
   5 1994  103 18469.  21.2 32.0 2.749 2.    0.
   5 1994  104 18460.  21.2 32.0 2.757 2.    0.
   5 1994  105 18450.  21.2 32.0 2.765 2.    0.
   5 1994  106 18438.  21.2 32.0 2.765 2.    0.
   5 1994  107 18425.  21.2 31.9 2.766 2.    0.
   5 1994  108 18413.  21.2 31.9 2.766 2.    0.
   5 1994  109 18401.  21.2 31.9 2.766 2.    0.
   5 1994  110 18388.  21.2 31.9 2.766 2.    0.
   5 1994  111 18376.  21.2 31.9 2.767 2.    0.
   5 1994  112 18364.  21.2 31.9 2.767 2.    0.
   5 1994  113 18351.  21.2 31.9 2.767 2.    0.
   5 1994  114 18339.  21.2 31.8 2.767 2.    0.
   5 1994  115 18327.  21.2 31.8 2.768 2.    0.
   5 1994  116 18314.  21.1 31.8 2.768 2.    0.
   5 1994  117 18302.  21.1 31.8 2.768 2.    0.
   5 1994  118 18290.  21.1 31.8 2.768 2.    0.
   5 1994  119 18277.  21.1 31.8 2.769 2.    0.
   5 1994  120 18265.  21.1 31.8 2.769 2.    0.
   5 1994  121 18253.  21.1 31.8 2.769 2.    0.
   5 1994  122 18240.  21.1 31.7 2.770 2.    0.
   5 1994  123 18228.  21.1 31.7 2.770 2.    0.
   5 1994  124 18216.  21.1 31.7 2.770 2.    0.
   5 1994  125 18203.  21.1 31.7 2.770 2.    0.
   5 1994  126 18191.  21.1 31.7 2.771 2.   96.
   5 1994  127 18179.  21.1 31.7 2.771 2.    0.
   5 1994  128 18166.  21.1 31.7 2.771 2.    0.
   5 1994  129 18154.  21.0 31.6 2.771 2.    0.
   5 1994  130 18142.  21.0 31.6 2.772 2.    0.
   5 1994  131 18129.  21.0 31.6 2.772 2.    0.
   5 1994  132 18117.  21.0 31.6 2.772 2.    0.
   5 1994  133 18105.  21.0 31.6 2.772 2.    0.
   5 1994  134 18092.  21.0 31.6 2.773 2.    0.
   5 1994  135 18080.  21.0 31.6 2.773 2.    0.
   5 1994  136 18028.  21.0 31.5 2.770 2.    0.
   5 1994  137 17976.  21.0 31.5 2.767 2.    0.
   5 1994  138 17924.  21.0 31.4 2.764 2.    0.
   5 1994  139 17872.  21.0 31.4 2.761 2.    0.
   5 1994  140 17820.  21.0 31.3 2.758 2.    0.
   5 1994  141 17768.  21.0 31.3 2.755 2.   24.
   5 1994  142 17716.  21.0 31.3 2.752 2.    0.
   5 1994  143 17665.  21.0 31.2 2.748 2.    0.
   5 1994  144 17613.  21.0 31.2 2.745 2.    0.
   5 1994  145 17561.  21.0 31.1 2.742 2.    0.
   5 1994  146 17509.  21.0 31.1 2.739 2.    1.
   5 1994  147 17457.  21.0 31.0 2.736 2.    0.
   5 1994  148 17405.  21.0 31.0 2.733 2.    0.
   5 1994  149 17353.  21.0 31.0 2.730 2.    0.
   5 1994  150 17301.  21.0 30.9 2.727 2.   10.
   5 1994  151 17249.  21.0 30.9 2.724 2.    0.
   5 1994  152 17197.  21.0 30.8 2.721 2.    0.
   5 1994  153 17145.  21.0 30.8 2.718 2.    0.
   5 1994  154 17093.  21.0 30.7 2.715 2.    0.
   5 1994  155 17041.  21.0 30.7 2.712 2.   10.
   5 1994  156 16989.  21.0 30.6 2.709 2.    0.
   5 1994  157 16937.  21.0 30.6 2.706 2.    0.
   5 1994  158 16885.  21.1 30.6 2.703 2.    7.
   5 1994  159 16834.  21.1 30.5 2.699 2.    0.
   5 1994  160 16782.  21.1 30.5 2.696 2.   15.
   5 1994  161 16730.  21.1 30.4 2.693 2.    8.
   5 1994  162 16678.  21.1 30.4 2.690 2.    0.
   5 1994  163 16626.  21.1 30.3 2.687 2.    1.
   5 1994  164 16574.  21.1 30.3 2.684 2.    5.
   5 1994  165 16522.  21.1 30.2 2.681 2.    0.
   5 1994  166 16470.  21.1 30.2 2.678 2.    0.
   5 1994  167 16368.  21.1 30.1 2.676 2.    0.
   5 1994  168 16266.  21.1 30.0 2.674 2.    0.
   5 1994  169 16164.  21.0 29.9 2.673 2.    0.
   5 1994  170 16062.  21.0 29.9 2.671 2.    0.
   5 1994  171 15960.  21.0 29.8 2.669 2.   29.
   5 1994  172 15858.  21.0 29.7 2.667 2.    0.
   5 1994  173 15756.  21.0 29.6 2.666 2.    0.
   5 1994  174 15654.  21.0 29.5 2.664 2.    0.
   5 1994  175 15552.  21.0 29.4 2.662 2.    1.
   5 1994  176 15450.  21.0 29.3 2.660 2.   19.
   5 1994  177 15348.  21.0 29.2 2.659 2.    0.
   5 1994  178 15246.  21.0 29.2 2.657 2.    0.
   5 1994  179 15144.  21.0 29.1 2.655 2.    0.
   5 1994  180 15042.  20.9 29.0 2.653 2.    0.
   5 1994  181 14940.  20.9 28.9 2.651 2.    0.
   5 1994  182 14838.  20.9 28.8 2.650 2.    0.
   5 1994  183 14736.  20.9 28.7 2.648 2.   68.
   5 1994  184 14634.  20.9 28.6 2.646 2.   34.
   5 1994  185 14532.  20.9 28.6 2.644 2.    0.
   5 1994  186 14430.  20.9 28.5 2.643 2.    0.
   5 1994  187 14328.  20.9 28.4 2.641 2.    0.
   5 1994  188 14226.  20.9 28.3 2.639 2.    0.
   5 1994  189 14124.  20.9 28.2 2.637 1.    0.
   5 1994  190 14022.  20.9 28.1 2.636 1.    0.
   5 1994  191 13920.  20.8 28.0 2.634 1.    0.
   5 1994  192 13818.  20.8 27.9 2.632 1.    0.
   5 1994  193 13716.  20.8 27.9 2.630 1.    0.
   5 1994  194 13614.  20.8 27.8 2.629 1.    0.
   5 1994  195 13512.  20.8 27.7 2.627 1.   21.
   5 1994  196 13410.  20.8 27.6 2.625 1.    0.
   5 1994  197 13478.  20.8 27.6 2.627 1.    3.
   5 1994  198 13546.  20.8 27.7 2.628 1.    0.
   5 1994  199 13614.  20.8 27.7 2.630 1.   24.
   5 1994  200 13682.  20.8 27.7 2.632 1.    3.
   5 1994  201 13750.  20.8 27.8 2.633 1.    0.
   5 1994  202 13818.  20.8 27.8 2.635 1.    0.
   5 1994  203 13886.  20.8 27.8 2.637 1.    0.
   5 1994  204 13955.  20.8 27.9 2.638 1.   47.
   5 1994  205 14023.  20.8 27.9 2.640 1.    0.
   5 1994  206 14091.  20.8 28.0 2.641 1.    0.
   5 1994  207 14159.  20.8 28.0 2.643 1.    0.
   5 1994  208 14227.  20.8 28.0 2.645 1.    0.
   5 1994  209 14295.  20.8 28.1 2.646 1.   43.
   5 1994  210 14363.  20.8 28.1 2.648 1.    1.
   5 1994  211 14431.  20.8 28.1 2.650 1.    0.
   5 1994  212 14499.  20.8 28.2 2.651 1.    0.
   5 1994  213 14567.  20.8 28.2 2.653 1.   47.
   5 1994  214 14635.  20.8 28.2 2.655 1.    0.
   5 1994  215 14703.  20.8 28.3 2.656 1.    1.
   5 1994  216 14771.  20.8 28.3 2.658 1.    0.
   5 1994  217 14839.  20.8 28.3 2.660 1.   25.
   5 1994  218 14907.  20.8 28.4 2.661 1.   28.
   5 1994  219 14975.  20.8 28.4 2.663 1.   35.
   5 1994  220 15044.  20.8 28.5 2.664 1.    0.
   5 1994  221 15112.  20.8 28.5 2.666 1.    1.
   5 1994  222 15180.  20.8 28.5 2.668 1.    0.
   5 1994  223 15248.  20.8 28.6 2.669 1.    3.
   5 1994  224 15316.  20.8 28.6 2.671 1.   23.
   5 1994  225 15384.  20.8 28.6 2.673 1.    0.
   5 1994  226 15452.  20.8 28.7 2.674 1.    0.
   5 1994  227 15520.  20.8 28.7 2.676 1.    1.
   5 1994  228 15498.  20.8 28.7 2.679 1.    3.
   5 1994  229 15475.  20.8 28.7 2.682 1.    4.
   5 1994  230 15453.  20.8 28.7 2.685 1.    0.
   5 1994  231 15431.  20.9 28.8 2.688 1.    0.
   5 1994  232 15409.  20.9 28.8 2.691 1.    0.
   5 1994  233 15386.  20.9 28.8 2.694 1.    9.
   5 1994  234 15364.  20.9 28.8 2.697 1.    0.
   5 1994  235 15342.  20.9 28.8 2.701 1.    0.
   5 1994  236 15320.  20.9 28.8 2.704 1.    0.
   5 1994  237 15297.  21.0 28.8 2.707 1.    1.
   5 1994  238 15275.  21.0 28.8 2.710 1.    0.
   5 1994  239 15253.  21.0 28.9 2.713 1.    9.
   5 1994  240 15231.  21.0 28.9 2.716 1.    0.
   5 1994  241 15208.  21.0 28.9 2.719 1.    5.
   5 1994  242 15186.  21.0 28.9 2.722 1.    0.
   5 1994  243 15164.  21.1 28.9 2.725 1.    7.
   5 1994  244 15142.  21.1 28.9 2.728 1.    0.
   5 1994  245 15119.  21.1 28.9 2.731 1.    0.
   5 1994  246 15097.  21.1 28.9 2.734 1.    2.
   5 1994  247 15075.  21.1 29.0 2.737 1.    0.
   5 1994  248 15053.  21.1 29.0 2.740 1.    2.
   5 1994  249 15030.  21.2 29.0 2.743 1.    0.
   5 1994  250 15008.  21.2 29.0 2.746 1.   27.
   5 1994  251 14986.  21.2 29.0 2.750 1.    0.
   5 1994  252 14964.  21.2 29.0 2.753 1.    0.
   5 1994  253 14941.  21.2 29.0 2.756 1.   12.
   5 1994  254 14919.  21.2 29.0 2.759 1.    0.
   5 1994  255 14897.  21.3 29.1 2.762 1.    0.
   5 1994  256 14875.  21.3 29.1 2.765 1.   24.
   5 1994  257 14852.  21.3 29.1 2.768 1.    0.
   5 1994  258 14830.  21.3 29.1 2.771 1.    0.
   5 1994  259 14890.  21.3 29.1 2.770 1.    0.
   5 1994  260 14949.  21.3 29.1 2.768 1.    0.
   5 1994  261 15009.  21.3 29.2 2.767 1.    3.
   5 1994  262 15069.  21.2 29.2 2.766 1.    5.
   5 1994  263 15128.  21.2 29.2 2.764 1.    0.
   5 1994  264 15188.  21.2 29.2 2.763 1.    1.
   5 1994  265 15248.  21.2 29.3 2.761 1.    0.
   5 1994  266 15307.  21.2 29.3 2.760 1.    0.
   5 1994  267 15367.  21.2 29.3 2.759 1.    2.
   5 1994  268 15427.  21.1 29.3 2.757 1.    2.
   5 1994  269 15486.  21.1 29.4 2.756 1.    0.
   5 1994  270 15546.  21.1 29.4 2.755 1.    2.
   5 1994  271 15606.  21.1 29.4 2.753 1.    0.
   5 1994  272 15665.  21.1 29.4 2.752 1.   12.
   5 1994  273 15725.  21.1 29.5 2.750 1.    0.
   5 1994  274 15785.  21.0 29.5 2.749 1.    0.
   5 1994  275 15844.  21.0 29.5 2.748 1.    0.
   5 1994  276 15904.  21.0 29.5 2.746 1.   26.
   5 1994  277 15964.  21.0 29.6 2.745 1.   28.
   5 1994  278 16023.  21.0 29.6 2.744 1.   10.
   5 1994  279 16083.  21.0 29.6 2.742 1.    0.
   5 1994  280 16143.  21.0 29.6 2.741 1.    0.
   5 1994  281 16202.  20.9 29.7 2.740 1.    0.
   5 1994  282 16262.  20.9 29.7 2.738 1.   18.
   5 1994  283 16322.  20.9 29.7 2.737 1.    0.
   5 1994  284 16381.  20.9 29.7 2.735 1.    0.
   5 1994  285 16441.  20.9 29.8 2.734 1.    0.
   5 1994  286 16501.  20.9 29.8 2.733 1.    9.
   5 1994  287 16560.  20.8 29.8 2.731 1.    0.
   5 1994  288 16620.  20.8 29.8 2.730 1.    1.
   5 1994  289 16680.  20.8 29.9 2.725 1.    0.
   5 1994  290 16739.  20.7 29.9 2.719 1.    5.
   5 1994  291 16799.  20.7 29.9 2.714 1.   45.
   5 1994  292 16859.  20.6 30.0 2.709 1.    0.
   5 1994  293 16918.  20.5 30.0 2.703 1.    0.
   5 1994  294 16978.  20.5 30.0 2.698 1.    4.
   5 1994  295 17038.  20.4 30.1 2.693 1.   23.
   5 1994  296 17097.  20.4 30.1 2.687 1.    2.
   5 1994  297 17157.  20.3 30.1 2.682 1.    2.
   5 1994  298 17217.  20.2 30.2 2.676 1.   13.
   5 1994  299 17276.  20.2 30.2 2.671 1.    0.
   5 1994  300 17336.  20.1 30.2 2.666 1.   42.
   5 1994  301 17396.  20.1 30.2 2.660 1.    8.
   5 1994  302 17455.  20.0 30.3 2.655 1.    0.
   5 1994  303 17515.  20.0 30.3 2.650 1.   38.
   5 1994  304 17575.  19.9 30.3 2.644 1.   17.
   5 1994  305 17635.  19.8 30.4 2.639 1.    1.
   5 1994  306 17694.  19.8 30.4 2.634 1.   43.
   5 1994  307 17754.  19.7 30.4 2.628 1.    2.
   5 1994  308 17814.  19.7 30.5 2.623 1.    9.
   5 1994  309 17873.  19.6 30.5 2.618 1.    3.
   5 1994  310 17933.  19.6 30.5 2.612 1.    0.
   5 1994  311 17993.  19.5 30.6 2.607 1.   13.
   5 1994  312 18052.  19.4 30.6 2.601 1.    2.
   5 1994  313 18112.  19.4 30.6 2.596 1.    1.
   5 1994  314 18172.  19.3 30.7 2.591 1.    0.
   5 1994  315 18231.  19.3 30.7 2.585 1.    7.
   5 1994  316 18291.  19.2 30.7 2.580 1.    0.
   5 1994  317 18351.  19.1 30.8 2.575 1.    0.
   5 1994  318 18410.  19.1 30.8 2.569 1.   12.
   5 1994  319 18470.  19.0 30.8 2.564 1.   17.
   5 1994  320 18441.  18.8 30.9 2.532 1.    1.
   5 1994  321 18412.  18.7 30.9 2.501 1.    1.
   5 1994  322 18383.  18.5 30.9 2.469 1.    1.
   5 1994  323 18354.  18.3 30.9 2.437 1.    8.
   5 1994  324 18325.  18.1 30.9 2.406 1.   18.
   5 1994  325 18296.  17.9 31.0 2.374 1.    0.
   5 1994  326 18267.  17.7 31.0 2.343 1.   10.
   5 1994  327 18238.  17.5 31.0 2.311 1.    2.
   5 1994  328 18209.  17.4 31.0 2.279 1.    8.
   5 1994  329 18180.  17.2 31.1 2.248 1.    6.
   5 1994  330 18151.  17.0 31.1 2.216 1.    0.
   5 1994  331 18122.  16.8 31.1 2.184 1.    5.
   5 1994  332 18093.  16.6 31.1 2.153 1.   34.
   5 1994  333 18064.  16.4 31.2 2.121 1.    8.
   5 1994  334 18035.  16.3 31.2 2.090 1.   18.
   5 1994  335 18006.  16.1 31.2 2.058 1.   19.
   5 1994  336 17977.  15.9 31.2 2.026 1.   19.
   5 1994  337 17948.  15.7 31.3 1.995 1.    0.
   5 1994  338 17919.  15.5 31.3 1.963 1.    2.
   5 1994  339 17890.  15.3 31.3 1.931 1.   55.
   5 1994  340 17861.  15.1 31.3 1.900 1.    6.
   5 1994  341 17832.  15.0 31.3 1.868 1.    0.
   5 1994  342 17803.  14.8 31.4 1.836 1.   40.
   5 1994  343 17774.  14.6 31.4 1.805 1.    0.
   5 1994  344 17745.  14.4 31.4 1.773 1.   23.
   5 1994  345 17716.  14.2 31.4 1.742 1.    8.
   5 1994  346 17687.  14.0 31.5 1.710 1.    0.
   5 1994  347 17658.  13.8 31.5 1.678 1.    2.
   5 1994  348 17629.  13.7 31.5 1.647 1.    5.
   5 1994  349 17600.  13.5 31.5 1.615 1.    0.
   5 1994  350 17601.  13.5 31.6 1.620 1.   17.
   5 1994  351 17603.  13.6 31.6 1.625 1.    0.
   5 1994  352 17604.  13.6 31.7 1.631 1.    0.
   5 1994  353 17605.  13.7 31.7 1.636 1.    2.
   5 1994  354 17606.  13.7 31.7 1.641 1.   11.
   5 1994  355 17608.  13.8 31.8 1.646 1.   34.
   5 1994  356 17609.  13.8 31.8 1.652 1.   16.
   5 1994  357 17610.  13.9 31.9 1.657 1.   10.
   5 1994  358 17611.  13.9 31.9 1.662 1.    2.
   5 1994  359 17613.  14.0 32.0 1.667 1.   28.
   5 1994  360 17614.  14.0 32.0 1.673 1.   25.
   5 1994  361 17615.  14.1 32.0 1.678 1.    0.
   5 1994  362 17616.  14.1 32.1 1.683 1.    0.
   5 1994  363 17617.  14.2 32.1 1.689 1.    8.
   5 1994  364 17619.  14.2 32.2 1.694 1.    3.
   5 1994  365 17620.  14.3 32.2 1.699 1.    9.
