*---------------------------------------------------------*
*   Country: Cote d'Ivoire
*   Station: Man
*      Year: 1987
* Longitude: 007 31 W
*  Latitude: 07 23 N
* Elevation: 340 m.
*  WMO-code: 65.5480
*  Comments: Automatically generated file from *.WOF file
*            with REGENSIM.FOR ver. aug 96
*
*  Columns:
*  ========
*  station number
*  year
*  day
*  irradiation (kJ m-2 d-1)
*  minimum temperature (degrees Celsius)
*  maximum temperature (degrees Celsius)
*  vapour pressure (kPa)
*  mean wind speed (m s-1)
*  precipitation (mm month-1)
*---------------------------------------------------------*
  -7.52   7.38   340. 0.00 0.00
   5 1987    1 17505.  15.7 31.7 2.149 1.    0.
   5 1987    2 17577.  15.6 31.7 2.147 1.    0.
   5 1987    3 17649.  15.5 31.8 2.146 1.    0.
   5 1987    4 17720.  15.5 31.8 2.145 1.    0.
   5 1987    5 17792.  15.4 31.9 2.144 1.    0.
   5 1987    6 17864.  15.3 31.9 2.143 1.    0.
   5 1987    7 17936.  15.3 32.0 2.142 1.    0.
   5 1987    8 18008.  15.2 32.0 2.141 1.    0.
   5 1987    9 18079.  15.1 32.1 2.140 1.    0.
   5 1987   10 18151.  15.1 32.1 2.139 1.    0.
   5 1987   11 18223.  15.0 32.1 2.137 1.    0.
   5 1987   12 18295.  14.9 32.2 2.136 1.    0.
   5 1987   13 18366.  14.9 32.2 2.135 1.    7.
   5 1987   14 18438.  14.8 32.3 2.134 1.    0.
   5 1987   15 18510.  14.7 32.3 2.133 1.    0.
   5 1987   16 18478.  14.9 32.4 2.142 1.    0.
   5 1987   17 18445.  15.0 32.4 2.152 1.    0.
   5 1987   18 18413.  15.1 32.5 2.161 1.    1.
   5 1987   19 18381.  15.2 32.6 2.170 1.    0.
   5 1987   20 18348.  15.3 32.6 2.180 1.    0.
   5 1987   21 18316.  15.5 32.7 2.189 1.    0.
   5 1987   22 18284.  15.6 32.7 2.198 1.    0.
   5 1987   23 18251.  15.7 32.8 2.208 1.    0.
   5 1987   24 18219.  15.8 32.8 2.217 1.    0.
   5 1987   25 18187.  16.0 32.9 2.226 1.    9.
   5 1987   26 18154.  16.1 33.0 2.236 1.    0.
   5 1987   27 18122.  16.2 33.0 2.245 1.    0.
   5 1987   28 18090.  16.3 33.1 2.254 1.    0.
   5 1987   29 18057.  16.4 33.1 2.264 1.    0.
   5 1987   30 18025.  16.6 33.2 2.273 2.    0.
   5 1987   31 17993.  16.7 33.3 2.282 2.    0.
   5 1987   32 17960.  16.8 33.3 2.292 2.   10.
   5 1987   33 17928.  16.9 33.4 2.301 2.    5.
   5 1987   34 17896.  17.1 33.4 2.310 2.   15.
   5 1987   35 17863.  17.2 33.5 2.320 2.    0.
   5 1987   36 17831.  17.3 33.5 2.329 2.    0.
   5 1987   37 17799.  17.4 33.6 2.338 2.    0.
   5 1987   38 17766.  17.5 33.7 2.348 2.    0.
   5 1987   39 17734.  17.7 33.7 2.357 2.    4.
   5 1987   40 17702.  17.8 33.8 2.366 2.    0.
   5 1987   41 17669.  17.9 33.8 2.376 2.    8.
   5 1987   42 17637.  18.0 33.9 2.385 2.    0.
   5 1987   43 17605.  18.1 33.9 2.394 2.    1.
   5 1987   44 17572.  18.3 34.0 2.404 2.   38.
   5 1987   45 17540.  18.4 34.1 2.413 2.    0.
   5 1987   46 17548.  18.5 34.0 2.413 2.    1.
   5 1987   47 17557.  18.6 34.0 2.413 2.    0.
   5 1987   48 17565.  18.7 34.0 2.414 2.   11.
   5 1987   49 17573.  18.8 33.9 2.414 2.    0.
   5 1987   50 17581.  18.9 33.9 2.414 2.    0.
   5 1987   51 17590.  19.1 33.9 2.414 2.   21.
   5 1987   52 17598.  19.2 33.9 2.414 2.    2.
   5 1987   53 17606.  19.3 33.8 2.414 2.    0.
   5 1987   54 17614.  19.4 33.8 2.415 2.    0.
   5 1987   55 17623.  19.5 33.8 2.415 2.    0.
   5 1987   56 17631.  19.6 33.7 2.415 2.    0.
   5 1987   57 17639.  19.7 33.7 2.415 2.   20.
   5 1987   58 17648.  19.8 33.7 2.415 2.    0.
   5 1987   59 17656.  20.0 33.7 2.415 2.    0.
   5 1987   60 17664.  20.1 33.6 2.416 1.    0.
   5 1987   61 17672.  20.2 33.6 2.416 1.    0.
   5 1987   62 17681.  20.3 33.6 2.416 1.    0.
   5 1987   63 17689.  20.4 33.5 2.416 1.    0.
   5 1987   64 17697.  20.5 33.5 2.416 1.    3.
   5 1987   65 17706.  20.6 33.5 2.416 1.    0.
   5 1987   66 17714.  20.7 33.5 2.417 1.    0.
   5 1987   67 17722.  20.8 33.4 2.417 1.    0.
   5 1987   68 17730.  21.0 33.4 2.417 1.    0.
   5 1987   69 17739.  21.1 33.4 2.417 1.    0.
   5 1987   70 17747.  21.2 33.3 2.417 1.    0.
   5 1987   71 17755.  21.3 33.3 2.417 1.    0.
   5 1987   72 17763.  21.4 33.3 2.418 1.    0.
   5 1987   73 17772.  21.5 33.3 2.418 1.    0.
   5 1987   74 17780.  21.6 33.2 2.418 1.    0.
   5 1987   75 17754.  21.6 33.2 2.430 1.    0.
   5 1987   76 17728.  21.6 33.2 2.441 1.    0.
   5 1987   77 17702.  21.6 33.1 2.453 1.    0.
   5 1987   78 17675.  21.6 33.1 2.465 1.    0.
   5 1987   79 17649.  21.6 33.0 2.476 1.    4.
   5 1987   80 17623.  21.6 33.0 2.488 1.    0.
   5 1987   81 17597.  21.5 33.0 2.500 1.    0.
   5 1987   82 17571.  21.5 32.9 2.511 1.    0.
   5 1987   83 17545.  21.5 32.9 2.523 1.    0.
   5 1987   84 17519.  21.5 32.9 2.535 1.    0.
   5 1987   85 17493.  21.5 32.8 2.546 1.    0.
   5 1987   86 17466.  21.5 32.8 2.558 1.    0.
   5 1987   87 17440.  21.5 32.7 2.570 1.    0.
   5 1987   88 17414.  21.5 32.7 2.581 1.    0.
   5 1987   89 17388.  21.5 32.7 2.593 1.    0.
   5 1987   90 17362.  21.4 32.6 2.605 1.    0.
   5 1987   91 17336.  21.4 32.6 2.617 1.    0.
   5 1987   92 17310.  21.4 32.6 2.628 1.    0.
   5 1987   93 17284.  21.4 32.5 2.640 1.    0.
   5 1987   94 17257.  21.4 32.5 2.652 1.    0.
   5 1987   95 17231.  21.4 32.5 2.663 1.    0.
   5 1987   96 17205.  21.4 32.4 2.675 1.    0.
   5 1987   97 17179.  21.4 32.4 2.687 1.    0.
   5 1987   98 17153.  21.4 32.3 2.698 1.    0.
   5 1987   99 17127.  21.3 32.3 2.710 1.    0.
   5 1987  100 17101.  21.3 32.3 2.722 1.   10.
   5 1987  101 17075.  21.3 32.2 2.733 1.    0.
   5 1987  102 17048.  21.3 32.2 2.745 1.    0.
   5 1987  103 17022.  21.3 32.2 2.757 1.    0.
   5 1987  104 16996.  21.3 32.1 2.768 1.    0.
   5 1987  105 16970.  21.3 32.1 2.780 1.    0.
   5 1987  106 17015.  21.3 32.0 2.782 1.    0.
   5 1987  107 17061.  21.3 31.9 2.783 1.    0.
   5 1987  108 17106.  21.3 31.9 2.785 1.    0.
   5 1987  109 17151.  21.3 31.8 2.787 1.    0.
   5 1987  110 17197.  21.3 31.7 2.788 1.    0.
   5 1987  111 17242.  21.3 31.6 2.790 1.    0.
   5 1987  112 17287.  21.3 31.6 2.792 1.    0.
   5 1987  113 17333.  21.3 31.5 2.793 1.    3.
   5 1987  114 17378.  21.3 31.4 2.795 1.    0.
   5 1987  115 17423.  21.3 31.3 2.797 1.    0.
   5 1987  116 17469.  21.3 31.3 2.798 1.    0.
   5 1987  117 17514.  21.3 31.2 2.800 1.    0.
   5 1987  118 17559.  21.4 31.1 2.802 1.    0.
   5 1987  119 17605.  21.4 31.0 2.803 1.    0.
   5 1987  120 17650.  21.4 31.0 2.805 1.    0.
   5 1987  121 17695.  21.4 30.9 2.807 1.    0.
   5 1987  122 17741.  21.4 30.8 2.808 1.    0.
   5 1987  123 17786.  21.4 30.7 2.810 1.    0.
   5 1987  124 17831.  21.4 30.7 2.812 1.    0.
   5 1987  125 17877.  21.4 30.6 2.813 1.    0.
   5 1987  126 17922.  21.4 30.5 2.815 1.    0.
   5 1987  127 17967.  21.4 30.4 2.817 1.    0.
   5 1987  128 18013.  21.4 30.4 2.818 1.    0.
   5 1987  129 18058.  21.4 30.3 2.820 1.   12.
   5 1987  130 18103.  21.4 30.2 2.822 1.    0.
   5 1987  131 18149.  21.4 30.1 2.823 1.    0.
   5 1987  132 18194.  21.4 30.1 2.825 1.    0.
   5 1987  133 18239.  21.4 30.0 2.827 1.    0.
   5 1987  134 18285.  21.5 29.9 2.828 1.    0.
   5 1987  135 18330.  21.5 29.8 2.830 1.    0.
   5 1987  136 18210.  21.4 29.8 2.828 1.    0.
   5 1987  137 18090.  21.4 29.8 2.825 1.    0.
   5 1987  138 17970.  21.4 29.8 2.823 1.    0.
   5 1987  139 17850.  21.4 29.8 2.820 1.    0.
   5 1987  140 17730.  21.4 29.8 2.818 1.    0.
   5 1987  141 17610.  21.4 29.8 2.816 1.    0.
   5 1987  142 17490.  21.4 29.8 2.813 1.    0.
   5 1987  143 17370.  21.4 29.8 2.811 1.    0.
   5 1987  144 17250.  21.4 29.8 2.809 1.    0.
   5 1987  145 17130.  21.3 29.8 2.806 1.    0.
   5 1987  146 17010.  21.3 29.8 2.804 1.    0.
   5 1987  147 16890.  21.3 29.8 2.801 1.    0.
   5 1987  148 16770.  21.3 29.8 2.799 1.    0.
   5 1987  149 16650.  21.3 29.8 2.797 1.    4.
   5 1987  150 16530.  21.3 29.8 2.794 1.    0.
   5 1987  151 16410.  21.3 29.8 2.792 1.    0.
   5 1987  152 16290.  21.3 29.8 2.789 1.    0.
   5 1987  153 16170.  21.2 29.8 2.787 1.    0.
   5 1987  154 16050.  21.2 29.8 2.785 1.    0.
   5 1987  155 15930.  21.2 29.8 2.782 1.    6.
   5 1987  156 15810.  21.2 29.8 2.780 1.    9.
   5 1987  157 15690.  21.2 29.8 2.777 1.    0.
   5 1987  158 15570.  21.2 29.8 2.775 1.    1.
   5 1987  159 15450.  21.2 29.8 2.773 1.    0.
   5 1987  160 15330.  21.2 29.8 2.770 1.    0.
   5 1987  161 15210.  21.1 29.8 2.768 1.    7.
   5 1987  162 15090.  21.1 29.8 2.766 1.    0.
   5 1987  163 14970.  21.1 29.8 2.763 1.    0.
   5 1987  164 14850.  21.1 29.8 2.761 1.    0.
   5 1987  165 14730.  21.1 29.8 2.758 1.    0.
   5 1987  166 14610.  21.1 29.8 2.756 1.    0.
   5 1987  167 14671.  21.1 29.8 2.755 1.    0.
   5 1987  168 14733.  21.1 29.7 2.754 1.    0.
   5 1987  169 14794.  21.0 29.6 2.753 1.    0.
   5 1987  170 14855.  21.0 29.6 2.752 1.    0.
   5 1987  171 14917.  21.0 29.5 2.751 1.    0.
   5 1987  172 14978.  21.0 29.5 2.750 1.    0.
   5 1987  173 15039.  21.0 29.4 2.749 1.    0.
   5 1987  174 15101.  20.9 29.3 2.749 1.   49.
   5 1987  175 15162.  20.9 29.3 2.748 1.    0.
   5 1987  176 15223.  20.9 29.2 2.747 1.    0.
   5 1987  177 15285.  20.9 29.1 2.746 1.    0.
   5 1987  178 15346.  20.9 29.1 2.745 1.    0.
   5 1987  179 15407.  20.8 29.0 2.744 1.   10.
   5 1987  180 15469.  20.8 28.9 2.743 1.    0.
   5 1987  181 15530.  20.8 28.9 2.742 1.    0.
   5 1987  182 15591.  20.8 28.8 2.741 1.    0.
   5 1987  183 15653.  20.8 28.8 2.740 1.    0.
   5 1987  184 15714.  20.7 28.7 2.739 1.    0.
   5 1987  185 15775.  20.7 28.6 2.738 1.    9.
   5 1987  186 15837.  20.7 28.6 2.737 1.   18.
   5 1987  187 15898.  20.7 28.5 2.736 1.    0.
   5 1987  188 15959.  20.7 28.4 2.735 1.    0.
   5 1987  189 16021.  20.6 28.4 2.735 1.    0.
   5 1987  190 16082.  20.6 28.3 2.734 1.    0.
   5 1987  191 16143.  20.6 28.2 2.733 1.    0.
   5 1987  192 16205.  20.6 28.2 2.732 1.    0.
   5 1987  193 16266.  20.6 28.1 2.731 1.    0.
   5 1987  194 16327.  20.5 28.0 2.730 1.    0.
   5 1987  195 16389.  20.5 28.0 2.729 1.   15.
   5 1987  196 16450.  20.5 27.9 2.728 1.    0.
   5 1987  197 16383.  20.5 27.9 2.727 1.    0.
   5 1987  198 16316.  20.5 27.9 2.725 1.    0.
   5 1987  199 16250.  20.5 27.9 2.724 1.    0.
   5 1987  200 16183.  20.5 27.9 2.723 1.    0.
   5 1987  201 16116.  20.5 27.9 2.722 1.    0.
   5 1987  202 16049.  20.5 28.0 2.720 1.    1.
   5 1987  203 15983.  20.5 28.0 2.719 1.    0.
   5 1987  204 15916.  20.6 28.0 2.718 1.    0.
   5 1987  205 15849.  20.6 28.0 2.717 1.    0.
   5 1987  206 15782.  20.6 28.0 2.715 1.    0.
   5 1987  207 15715.  20.6 28.0 2.714 1.    0.
   5 1987  208 15649.  20.6 28.0 2.713 1.    0.
   5 1987  209 15582.  20.6 28.0 2.712 1.    0.
   5 1987  210 15515.  20.6 28.0 2.710 1.    0.
   5 1987  211 15448.  20.6 28.0 2.709 1.    0.
   5 1987  212 15382.  20.6 28.0 2.708 1.   31.
   5 1987  213 15315.  20.6 28.0 2.707 1.    0.
   5 1987  214 15248.  20.6 28.0 2.705 1.    0.
   5 1987  215 15181.  20.6 28.0 2.704 1.    0.
   5 1987  216 15115.  20.6 28.0 2.703 1.    2.
   5 1987  217 15048.  20.6 28.0 2.702 1.    0.
   5 1987  218 14981.  20.6 28.0 2.700 1.    0.
   5 1987  219 14914.  20.6 28.0 2.699 1.    0.
   5 1987  220 14847.  20.6 28.1 2.698 1.    0.
   5 1987  221 14781.  20.6 28.1 2.697 1.    0.
   5 1987  222 14714.  20.7 28.1 2.695 1.    0.
   5 1987  223 14647.  20.7 28.1 2.694 1.   10.
   5 1987  224 14580.  20.7 28.1 2.693 1.    7.
   5 1987  225 14514.  20.7 28.1 2.692 1.    3.
   5 1987  226 14447.  20.7 28.1 2.690 1.    2.
   5 1987  227 14380.  20.7 28.1 2.689 1.    0.
   5 1987  228 14417.  20.7 28.1 2.690 1.    0.
   5 1987  229 14454.  20.7 28.2 2.690 1.   20.
   5 1987  230 14490.  20.7 28.2 2.691 1.   13.
   5 1987  231 14527.  20.7 28.2 2.692 1.    0.
   5 1987  232 14564.  20.7 28.3 2.693 1.    0.
   5 1987  233 14601.  20.7 28.3 2.693 1.    0.
   5 1987  234 14637.  20.8 28.4 2.694 1.    0.
   5 1987  235 14674.  20.8 28.4 2.695 1.    0.
   5 1987  236 14711.  20.8 28.4 2.696 1.    0.
   5 1987  237 14748.  20.8 28.5 2.696 1.    0.
   5 1987  238 14785.  20.8 28.5 2.697 1.   33.
   5 1987  239 14821.  20.8 28.6 2.698 1.    3.
   5 1987  240 14858.  20.8 28.6 2.699 1.    0.
   5 1987  241 14895.  20.8 28.6 2.699 1.    1.
   5 1987  242 14932.  20.8 28.7 2.700 1.    0.
   5 1987  243 14968.  20.9 28.7 2.701 1.    0.
   5 1987  244 15005.  20.9 28.7 2.702 1.    0.
   5 1987  245 15042.  20.9 28.8 2.702 1.    0.
   5 1987  246 15079.  20.9 28.8 2.703 1.    0.
   5 1987  247 15115.  20.9 28.9 2.704 1.    0.
   5 1987  248 15152.  20.9 28.9 2.705 1.    2.
   5 1987  249 15189.  20.9 28.9 2.705 1.    0.
   5 1987  250 15226.  20.9 29.0 2.706 1.    0.
   5 1987  251 15263.  21.0 29.0 2.707 1.    0.
   5 1987  252 15299.  21.0 29.1 2.708 1.    4.
   5 1987  253 15336.  21.0 29.1 2.708 1.    8.
   5 1987  254 15373.  21.0 29.1 2.709 1.    0.
   5 1987  255 15410.  21.0 29.2 2.710 1.    9.
   5 1987  256 15446.  21.0 29.2 2.711 1.    0.
   5 1987  257 15483.  21.0 29.3 2.711 1.    0.
   5 1987  258 15520.  21.0 29.3 2.712 1.    0.
   5 1987  259 15592.  21.0 29.3 2.713 1.    0.
   5 1987  260 15663.  21.0 29.3 2.713 1.    1.
   5 1987  261 15735.  21.0 29.4 2.714 1.    0.
   5 1987  262 15807.  21.0 29.4 2.714 1.    0.
   5 1987  263 15878.  20.9 29.4 2.715 1.   46.
   5 1987  264 15950.  20.9 29.4 2.715 1.    0.
   5 1987  265 16022.  20.9 29.5 2.716 1.   32.
   5 1987  266 16093.  20.9 29.5 2.716 1.   10.
   5 1987  267 16165.  20.9 29.5 2.717 1.    0.
   5 1987  268 16237.  20.9 29.5 2.717 1.   69.
   5 1987  269 16308.  20.8 29.6 2.718 1.    8.
   5 1987  270 16380.  20.8 29.6 2.718 1.    0.
   5 1987  271 16452.  20.8 29.6 2.719 1.   53.
   5 1987  272 16523.  20.8 29.6 2.719 1.   21.
   5 1987  273 16595.  20.8 29.6 2.720 1.    0.
   5 1987  274 16667.  20.8 29.7 2.721 1.    0.
   5 1987  275 16738.  20.7 29.7 2.721 1.   47.
   5 1987  276 16810.  20.7 29.7 2.722 1.    0.
   5 1987  277 16882.  20.7 29.7 2.722 1.    1.
   5 1987  278 16953.  20.7 29.8 2.723 1.    0.
   5 1987  279 17025.  20.7 29.8 2.723 1.   26.
   5 1987  280 17097.  20.7 29.8 2.724 1.    0.
   5 1987  281 17168.  20.6 29.8 2.724 1.    0.
   5 1987  282 17240.  20.6 29.9 2.725 1.    0.
   5 1987  283 17312.  20.6 29.9 2.725 1.    0.
   5 1987  284 17383.  20.6 29.9 2.726 1.    3.
   5 1987  285 17455.  20.6 29.9 2.726 1.    5.
   5 1987  286 17527.  20.6 30.0 2.727 1.   15.
   5 1987  287 17598.  20.5 30.0 2.727 1.    0.
   5 1987  288 17670.  20.5 30.0 2.728 1.    2.
   5 1987  289 17642.  20.5 30.0 2.726 1.   10.
   5 1987  290 17613.  20.5 30.0 2.725 1.    0.
   5 1987  291 17585.  20.4 30.1 2.723 1.    0.
   5 1987  292 17556.  20.4 30.1 2.722 1.    0.
   5 1987  293 17528.  20.4 30.1 2.720 1.    0.
   5 1987  294 17500.  20.4 30.1 2.719 1.    0.
   5 1987  295 17471.  20.3 30.1 2.717 1.    2.
   5 1987  296 17443.  20.3 30.2 2.716 1.    0.
   5 1987  297 17415.  20.3 30.2 2.714 1.    0.
   5 1987  298 17386.  20.2 30.2 2.713 1.    0.
   5 1987  299 17358.  20.2 30.2 2.711 1.    8.
   5 1987  300 17329.  20.2 30.2 2.710 1.    0.
   5 1987  301 17301.  20.2 30.3 2.708 1.    3.
   5 1987  302 17273.  20.1 30.3 2.707 1.    0.
   5 1987  303 17244.  20.1 30.3 2.705 1.    0.
   5 1987  304 17216.  20.1 30.3 2.704 1.    0.
   5 1987  305 17187.  20.0 30.4 2.702 1.   10.
   5 1987  306 17159.  20.0 30.4 2.701 1.   27.
   5 1987  307 17131.  20.0 30.4 2.699 1.   14.
   5 1987  308 17102.  20.0 30.4 2.698 1.   48.
   5 1987  309 17074.  19.9 30.4 2.696 1.    0.
   5 1987  310 17045.  19.9 30.5 2.695 1.    0.
   5 1987  311 17017.  19.9 30.5 2.693 1.    3.
   5 1987  312 16989.  19.9 30.5 2.692 1.   28.
   5 1987  313 16960.  19.8 30.5 2.690 1.   14.
   5 1987  314 16932.  19.8 30.5 2.689 1.    2.
   5 1987  315 16904.  19.8 30.6 2.687 1.   13.
   5 1987  316 16875.  19.7 30.6 2.686 1.    5.
   5 1987  317 16847.  19.7 30.6 2.684 1.    6.
   5 1987  318 16818.  19.7 30.6 2.683 1.    2.
   5 1987  319 16790.  19.7 30.6 2.681 1.    0.
   5 1987  320 16780.  19.6 30.7 2.664 1.    0.
   5 1987  321 16771.  19.5 30.7 2.647 1.   27.
   5 1987  322 16761.  19.4 30.7 2.629 1.    8.
   5 1987  323 16751.  19.3 30.7 2.612 1.    6.
   5 1987  324 16742.  19.2 30.7 2.595 1.    5.
   5 1987  325 16732.  19.1 30.7 2.578 1.   13.
   5 1987  326 16722.  19.0 30.7 2.560 1.    4.
   5 1987  327 16713.  18.9 30.7 2.543 1.   12.
   5 1987  328 16703.  18.8 30.8 2.526 1.    7.
   5 1987  329 16693.  18.6 30.8 2.509 1.    4.
   5 1987  330 16684.  18.5 30.8 2.491 1.    3.
   5 1987  331 16674.  18.4 30.8 2.474 1.  145.
   5 1987  332 16664.  18.3 30.8 2.457 1.    0.
   5 1987  333 16655.  18.2 30.8 2.440 1.    4.
   5 1987  334 16645.  18.1 30.8 2.423 1.    9.
   5 1987  335 16635.  18.0 30.9 2.405 1.   21.
   5 1987  336 16626.  17.9 30.9 2.388 1.    0.
   5 1987  337 16616.  17.8 30.9 2.371 1.    1.
   5 1987  338 16606.  17.7 30.9 2.354 1.   11.
   5 1987  339 16597.  17.6 30.9 2.336 1.    0.
   5 1987  340 16587.  17.5 30.9 2.319 1.    1.
   5 1987  341 16577.  17.4 30.9 2.302 1.    8.
   5 1987  342 16568.  17.3 31.0 2.285 1.    5.
   5 1987  343 16558.  17.2 31.0 2.267 1.    1.
   5 1987  344 16548.  17.1 31.0 2.250 1.    0.
   5 1987  345 16539.  17.0 31.0 2.233 1.    1.
   5 1987  346 16529.  16.9 31.0 2.216 1.    1.
   5 1987  347 16519.  16.8 31.0 2.198 1.   16.
   5 1987  348 16510.  16.7 31.0 2.181 1.   11.
   5 1987  349 16500.  16.6 31.0 2.164 1.   50.
   5 1987  350 16563.  16.6 31.1 2.163 1.   10.
   5 1987  351 16626.  16.5 31.1 2.162 1.    0.
   5 1987  352 16688.  16.5 31.2 2.161 1.   28.
   5 1987  353 16751.  16.4 31.2 2.160 1.    2.
   5 1987  354 16814.  16.3 31.3 2.159 1.   18.
   5 1987  355 16877.  16.3 31.3 2.158 1.    0.
   5 1987  356 16940.  16.2 31.3 2.157 1.    0.
   5 1987  357 17003.  16.2 31.4 2.156 1.    6.
   5 1987  358 17065.  16.1 31.4 2.155 1.    0.
   5 1987  359 17128.  16.0 31.5 2.154 1.   54.
   5 1987  360 17191.  16.0 31.5 2.153 1.   12.
   5 1987  361 17254.  15.9 31.5 2.152 1.    1.
   5 1987  362 17317.  15.9 31.6 2.151 1.   26.
   5 1987  363 17379.  15.8 31.6 2.150 1.    0.
   5 1987  364 17442.  15.7 31.6 2.149 1.    0.
   5 1987  365 17505.  15.7 31.7 2.149 1.    0.
