*---------------------------------------------------------*
*   Country: Cote d'Ivoire
*   Station: Man
*      Year: 1990
* Longitude: 007 31 W
*  Latitude: 07 23 N
* Elevation: 340 m.
*  WMO-code: 65.5480
*  Comments: Automatically generated file from *.WOF file
*            with REGENSIM.FOR ver. aug 96
*
*  Columns:
*  ========
*  station number
*  year
*  day
*  irradiation (kJ m-2 d-1)
*  minimum temperature (degrees Celsius)
*  maximum temperature (degrees Celsius)
*  vapour pressure (kPa)
*  mean wind speed (m s-1)
*  precipitation (mm month-1)
*---------------------------------------------------------*
  -7.52   7.38   340. 0.00 0.00
   5 1990    1 17840.  16.3 31.5 1.999 2.    0.
   5 1990    2 17901.  16.3 31.5 1.992 2.    0.
   5 1990    3 17963.  16.3 31.6 1.985 2.    0.
   5 1990    4 18024.  16.3 31.6 1.978 2.    0.
   5 1990    5 18086.  16.2 31.6 1.971 2.    0.
   5 1990    6 18147.  16.2 31.7 1.964 2.    0.
   5 1990    7 18209.  16.2 31.7 1.956 2.    0.
   5 1990    8 18270.  16.2 31.7 1.949 2.    0.
   5 1990    9 18331.  16.2 31.8 1.942 2.    0.
   5 1990   10 18393.  16.1 31.8 1.935 2.    0.
   5 1990   11 18454.  16.1 31.8 1.928 2.    0.
   5 1990   12 18516.  16.1 31.9 1.921 2.    0.
   5 1990   13 18577.  16.1 31.9 1.913 2.    0.
   5 1990   14 18639.  16.1 31.9 1.906 2.    0.
   5 1990   15 18700.  16.0 32.0 1.899 2.    0.
   5 1990   16 18684.  16.1 32.0 1.903 2.    0.
   5 1990   17 18667.  16.1 32.1 1.908 2.    0.
   5 1990   18 18651.  16.2 32.1 1.912 2.    7.
   5 1990   19 18635.  16.2 32.2 1.917 2.    0.
   5 1990   20 18618.  16.3 32.3 1.921 2.    0.
   5 1990   21 18602.  16.4 32.3 1.926 2.    0.
   5 1990   22 18586.  16.4 32.4 1.930 2.    0.
   5 1990   23 18569.  16.5 32.4 1.934 2.    0.
   5 1990   24 18553.  16.5 32.5 1.939 2.    0.
   5 1990   25 18537.  16.6 32.5 1.943 2.    0.
   5 1990   26 18520.  16.6 32.6 1.948 2.    0.
   5 1990   27 18504.  16.7 32.6 1.952 2.    0.
   5 1990   28 18488.  16.7 32.7 1.957 2.    0.
   5 1990   29 18471.  16.8 32.8 1.961 2.    0.
   5 1990   30 18455.  16.9 32.8 1.966 2.    0.
   5 1990   31 18439.  16.9 32.9 1.970 2.    0.
   5 1990   32 18422.  17.0 32.9 1.974 2.    0.
   5 1990   33 18406.  17.0 33.0 1.979 2.    0.
   5 1990   34 18390.  17.1 33.0 1.983 2.    8.
   5 1990   35 18373.  17.1 33.1 1.988 2.    0.
   5 1990   36 18357.  17.2 33.2 1.992 2.    3.
   5 1990   37 18341.  17.2 33.2 1.997 2.    1.
   5 1990   38 18324.  17.3 33.3 2.001 2.    0.
   5 1990   39 18308.  17.3 33.3 2.005 2.    0.
   5 1990   40 18292.  17.4 33.4 2.010 2.    0.
   5 1990   41 18275.  17.5 33.4 2.014 2.    3.
   5 1990   42 18259.  17.5 33.5 2.019 2.    0.
   5 1990   43 18243.  17.6 33.6 2.023 2.    6.
   5 1990   44 18226.  17.6 33.6 2.028 2.    0.
   5 1990   45 18210.  17.7 33.7 2.032 2.   23.
   5 1990   46 18272.  17.8 33.7 2.043 2.    0.
   5 1990   47 18334.  17.9 33.8 2.054 2.    4.
   5 1990   48 18396.  18.0 33.8 2.066 2.    0.
   5 1990   49 18458.  18.1 33.9 2.077 2.    0.
   5 1990   50 18520.  18.2 34.0 2.088 2.    0.
   5 1990   51 18582.  18.3 34.0 2.099 2.    0.
   5 1990   52 18644.  18.4 34.1 2.110 2.    0.
   5 1990   53 18707.  18.5 34.1 2.121 2.    0.
   5 1990   54 18769.  18.6 34.2 2.133 2.    1.
   5 1990   55 18831.  18.7 34.2 2.144 2.    0.
   5 1990   56 18893.  18.8 34.3 2.155 2.    0.
   5 1990   57 18955.  18.9 34.4 2.166 2.    1.
   5 1990   58 19017.  19.0 34.4 2.177 2.   25.
   5 1990   59 19079.  19.1 34.5 2.188 2.    0.
   5 1990   60 19141.  19.2 34.5 2.200 2.    0.
   5 1990   61 19203.  19.3 34.6 2.211 2.    0.
   5 1990   62 19265.  19.4 34.6 2.222 2.    0.
   5 1990   63 19327.  19.5 34.7 2.233 2.    0.
   5 1990   64 19389.  19.6 34.8 2.244 2.    0.
   5 1990   65 19451.  19.7 34.8 2.255 2.    0.
   5 1990   66 19513.  19.8 34.9 2.267 2.    0.
   5 1990   67 19576.  19.9 34.9 2.278 2.    0.
   5 1990   68 19638.  20.0 35.0 2.289 2.    0.
   5 1990   69 19700.  20.1 35.0 2.300 2.    0.
   5 1990   70 19762.  20.2 35.1 2.311 2.    0.
   5 1990   71 19824.  20.3 35.2 2.322 2.    0.
   5 1990   72 19886.  20.4 35.2 2.334 2.    0.
   5 1990   73 19948.  20.5 35.3 2.345 2.    0.
   5 1990   74 20010.  20.6 35.3 2.356 2.    0.
   5 1990   75 19954.  20.6 35.3 2.367 2.    0.
   5 1990   76 19898.  20.6 35.2 2.377 2.    0.
   5 1990   77 19842.  20.7 35.1 2.388 2.    0.
   5 1990   78 19785.  20.7 35.0 2.399 2.    0.
   5 1990   79 19729.  20.7 34.9 2.409 2.    0.
   5 1990   80 19673.  20.8 34.9 2.420 2.    0.
   5 1990   81 19617.  20.8 34.8 2.431 2.    0.
   5 1990   82 19561.  20.8 34.7 2.441 2.    0.
   5 1990   83 19505.  20.9 34.6 2.452 2.    0.
   5 1990   84 19449.  20.9 34.5 2.463 2.    0.
   5 1990   85 19393.  20.9 34.5 2.473 2.    0.
   5 1990   86 19336.  21.0 34.4 2.484 2.    0.
   5 1990   87 19280.  21.0 34.3 2.495 2.    0.
   5 1990   88 19224.  21.0 34.2 2.505 2.   16.
   5 1990   89 19168.  21.1 34.2 2.516 2.   12.
   5 1990   90 19112.  21.1 34.1 2.527 2.    0.
   5 1990   91 19056.  21.1 34.0 2.538 2.    0.
   5 1990   92 19000.  21.2 33.9 2.548 2.    0.
   5 1990   93 18944.  21.2 33.8 2.559 2.    0.
   5 1990   94 18887.  21.2 33.8 2.570 2.    0.
   5 1990   95 18831.  21.3 33.7 2.580 2.    0.
   5 1990   96 18775.  21.3 33.6 2.591 2.    0.
   5 1990   97 18719.  21.3 33.5 2.602 2.    0.
   5 1990   98 18663.  21.4 33.4 2.612 2.    0.
   5 1990   99 18607.  21.4 33.4 2.623 2.    0.
   5 1990  100 18551.  21.4 33.3 2.634 2.    0.
   5 1990  101 18495.  21.5 33.2 2.644 2.    0.
   5 1990  102 18438.  21.5 33.1 2.655 2.    0.
   5 1990  103 18382.  21.5 33.1 2.666 2.    0.
   5 1990  104 18326.  21.6 33.0 2.676 2.    1.
   5 1990  105 18270.  21.6 32.9 2.687 2.    0.
   5 1990  106 18278.  21.6 32.8 2.691 2.    0.
   5 1990  107 18287.  21.6 32.8 2.695 2.    2.
   5 1990  108 18295.  21.6 32.7 2.699 2.    0.
   5 1990  109 18303.  21.6 32.7 2.703 2.    0.
   5 1990  110 18312.  21.6 32.6 2.707 2.    0.
   5 1990  111 18320.  21.6 32.6 2.710 2.    0.
   5 1990  112 18328.  21.6 32.5 2.714 2.    0.
   5 1990  113 18337.  21.6 32.5 2.718 2.    0.
   5 1990  114 18345.  21.6 32.4 2.722 2.    0.
   5 1990  115 18353.  21.6 32.4 2.726 2.    0.
   5 1990  116 18362.  21.6 32.3 2.730 2.    0.
   5 1990  117 18370.  21.5 32.3 2.734 2.    0.
   5 1990  118 18378.  21.5 32.2 2.738 2.    0.
   5 1990  119 18387.  21.5 32.2 2.742 2.    0.
   5 1990  120 18395.  21.5 32.1 2.746 2.    5.
   5 1990  121 18403.  21.5 32.1 2.749 2.    0.
   5 1990  122 18412.  21.5 32.0 2.753 2.    0.
   5 1990  123 18420.  21.5 32.0 2.757 2.    0.
   5 1990  124 18428.  21.5 31.9 2.761 2.    0.
   5 1990  125 18437.  21.5 31.9 2.765 2.    0.
   5 1990  126 18445.  21.5 31.8 2.769 2.    7.
   5 1990  127 18453.  21.5 31.7 2.773 2.    0.
   5 1990  128 18462.  21.5 31.7 2.777 2.    0.
   5 1990  129 18470.  21.5 31.6 2.781 2.    0.
   5 1990  130 18478.  21.5 31.6 2.785 2.    0.
   5 1990  131 18487.  21.5 31.5 2.788 2.    0.
   5 1990  132 18495.  21.5 31.5 2.792 2.    0.
   5 1990  133 18503.  21.5 31.4 2.796 2.    0.
   5 1990  134 18512.  21.5 31.4 2.800 2.    0.
   5 1990  135 18520.  21.5 31.3 2.804 2.    0.
   5 1990  136 18444.  21.5 31.3 2.803 2.    6.
   5 1990  137 18368.  21.5 31.2 2.801 2.    0.
   5 1990  138 18292.  21.5 31.2 2.800 2.    0.
   5 1990  139 18215.  21.4 31.1 2.798 2.    5.
   5 1990  140 18139.  21.4 31.1 2.797 2.    0.
   5 1990  141 18063.  21.4 31.0 2.795 2.    0.
   5 1990  142 17987.  21.4 31.0 2.794 2.   40.
   5 1990  143 17911.  21.4 30.9 2.793 2.   20.
   5 1990  144 17835.  21.4 30.9 2.791 2.    0.
   5 1990  145 17759.  21.4 30.8 2.790 2.    1.
   5 1990  146 17683.  21.4 30.8 2.788 2.   19.
   5 1990  147 17606.  21.4 30.7 2.787 2.    0.
   5 1990  148 17530.  21.4 30.7 2.786 2.   34.
   5 1990  149 17454.  21.4 30.6 2.784 2.    0.
   5 1990  150 17378.  21.4 30.6 2.783 2.    0.
   5 1990  151 17302.  21.4 30.5 2.781 2.   30.
   5 1990  152 17226.  21.4 30.5 2.780 2.    9.
   5 1990  153 17150.  21.4 30.4 2.778 2.    0.
   5 1990  154 17074.  21.4 30.4 2.777 2.   28.
   5 1990  155 16997.  21.4 30.3 2.776 2.    4.
   5 1990  156 16921.  21.4 30.3 2.774 2.    0.
   5 1990  157 16845.  21.3 30.2 2.773 2.    0.
   5 1990  158 16769.  21.3 30.2 2.771 2.   12.
   5 1990  159 16693.  21.3 30.1 2.770 2.    0.
   5 1990  160 16617.  21.3 30.1 2.769 2.    0.
   5 1990  161 16541.  21.3 30.0 2.767 2.   23.
   5 1990  162 16465.  21.3 30.0 2.766 2.    0.
   5 1990  163 16388.  21.3 29.9 2.764 2.    0.
   5 1990  164 16312.  21.3 29.9 2.763 2.    0.
   5 1990  165 16236.  21.3 29.8 2.761 2.    0.
   5 1990  166 16160.  21.3 29.8 2.760 2.    0.
   5 1990  167 16040.  21.3 29.7 2.753 2.    0.
   5 1990  168 15921.  21.2 29.7 2.747 2.    8.
   5 1990  169 15801.  21.2 29.6 2.740 2.   14.
   5 1990  170 15681.  21.2 29.5 2.733 2.    0.
   5 1990  171 15562.  21.1 29.4 2.727 2.    0.
   5 1990  172 15442.  21.1 29.4 2.720 2.    0.
   5 1990  173 15322.  21.1 29.3 2.714 2.    0.
   5 1990  174 15203.  21.0 29.2 2.707 2.    0.
   5 1990  175 15083.  21.0 29.1 2.700 2.    0.
   5 1990  176 14963.  21.0 29.1 2.694 2.    0.
   5 1990  177 14844.  20.9 29.0 2.687 2.    0.
   5 1990  178 14724.  20.9 28.9 2.680 2.    0.
   5 1990  179 14604.  20.9 28.8 2.674 2.    0.
   5 1990  180 14485.  20.8 28.8 2.667 2.    0.
   5 1990  181 14365.  20.8 28.7 2.661 2.    0.
   5 1990  182 14245.  20.8 28.6 2.654 2.    0.
   5 1990  183 14126.  20.7 28.6 2.647 2.   41.
   5 1990  184 14006.  20.7 28.5 2.641 2.    0.
   5 1990  185 13886.  20.6 28.4 2.634 2.    0.
   5 1990  186 13767.  20.6 28.3 2.627 2.    0.
   5 1990  187 13647.  20.6 28.3 2.621 2.    0.
   5 1990  188 13527.  20.5 28.2 2.614 2.    0.
   5 1990  189 13408.  20.5 28.1 2.607 2.    0.
   5 1990  190 13288.  20.5 28.0 2.601 2.    2.
   5 1990  191 13168.  20.4 28.0 2.594 2.   11.
   5 1990  192 13049.  20.4 27.9 2.588 2.    0.
   5 1990  193 12929.  20.4 27.8 2.581 2.    0.
   5 1990  194 12809.  20.3 27.7 2.574 2.   14.
   5 1990  195 12690.  20.3 27.7 2.568 2.    0.
   5 1990  196 12570.  20.3 27.6 2.561 2.    0.
   5 1990  197 12641.  20.3 27.6 2.564 2.   20.
   5 1990  198 12711.  20.3 27.6 2.567 2.    0.
   5 1990  199 12782.  20.3 27.6 2.570 2.    0.
   5 1990  200 12853.  20.3 27.6 2.572 2.   26.
   5 1990  201 12923.  20.4 27.6 2.575 2.    1.
   5 1990  202 12994.  20.4 27.6 2.578 2.    0.
   5 1990  203 13065.  20.4 27.6 2.581 2.    4.
   5 1990  204 13135.  20.4 27.6 2.584 2.    5.
   5 1990  205 13206.  20.4 27.6 2.587 2.    0.
   5 1990  206 13276.  20.4 27.5 2.590 2.    9.
   5 1990  207 13347.  20.5 27.5 2.593 2.    0.
   5 1990  208 13418.  20.5 27.5 2.595 2.    0.
   5 1990  209 13488.  20.5 27.5 2.598 2.    0.
   5 1990  210 13559.  20.5 27.5 2.601 2.    0.
   5 1990  211 13630.  20.5 27.5 2.604 2.    1.
   5 1990  212 13700.  20.5 27.5 2.607 2.   35.
   5 1990  213 13771.  20.6 27.5 2.610 2.    4.
   5 1990  214 13842.  20.6 27.5 2.613 2.    4.
   5 1990  215 13912.  20.6 27.5 2.616 2.    0.
   5 1990  216 13983.  20.6 27.5 2.618 2.    0.
   5 1990  217 14054.  20.6 27.5 2.621 2.    0.
   5 1990  218 14124.  20.6 27.5 2.624 2.   12.
   5 1990  219 14195.  20.7 27.5 2.627 2.    0.
   5 1990  220 14265.  20.7 27.5 2.630 1.   24.
   5 1990  221 14336.  20.7 27.5 2.633 1.    0.
   5 1990  222 14407.  20.7 27.5 2.636 1.    3.
   5 1990  223 14477.  20.7 27.5 2.639 1.    6.
   5 1990  224 14548.  20.7 27.4 2.641 1.   13.
   5 1990  225 14619.  20.8 27.4 2.644 1.    0.
   5 1990  226 14689.  20.8 27.4 2.647 1.   22.
   5 1990  227 14760.  20.8 27.4 2.650 1.    0.
   5 1990  228 14828.  20.8 27.5 2.651 1.    0.
   5 1990  229 14895.  20.8 27.6 2.652 1.    0.
   5 1990  230 14963.  20.8 27.6 2.653 1.   15.
   5 1990  231 15031.  20.8 27.7 2.654 1.    2.
   5 1990  232 15099.  20.8 27.8 2.655 1.    0.
   5 1990  233 15166.  20.8 27.8 2.656 1.    5.
   5 1990  234 15234.  20.8 27.9 2.657 1.    0.
   5 1990  235 15302.  20.8 27.9 2.658 1.   18.
   5 1990  236 15370.  20.8 28.0 2.659 1.   51.
   5 1990  237 15437.  20.7 28.1 2.660 1.   27.
   5 1990  238 15505.  20.7 28.1 2.661 1.    0.
   5 1990  239 15573.  20.7 28.2 2.662 1.   57.
   5 1990  240 15641.  20.7 28.3 2.663 1.    0.
   5 1990  241 15708.  20.7 28.3 2.664 1.    3.
   5 1990  242 15776.  20.7 28.4 2.665 1.    0.
   5 1990  243 15844.  20.7 28.5 2.665 2.    1.
   5 1990  244 15912.  20.7 28.5 2.666 2.   14.
   5 1990  245 15979.  20.7 28.6 2.667 2.    2.
   5 1990  246 16047.  20.7 28.7 2.668 2.    0.
   5 1990  247 16115.  20.7 28.7 2.669 2.    1.
   5 1990  248 16183.  20.7 28.8 2.670 2.    1.
   5 1990  249 16250.  20.7 28.8 2.671 2.    6.
   5 1990  250 16318.  20.7 28.9 2.672 2.   24.
   5 1990  251 16386.  20.7 29.0 2.673 2.    0.
   5 1990  252 16454.  20.7 29.0 2.674 2.    0.
   5 1990  253 16521.  20.7 29.1 2.675 2.    4.
   5 1990  254 16589.  20.7 29.2 2.676 2.   25.
   5 1990  255 16657.  20.6 29.2 2.677 2.    6.
   5 1990  256 16725.  20.6 29.3 2.678 2.    0.
   5 1990  257 16792.  20.6 29.4 2.679 2.    3.
   5 1990  258 16860.  20.6 29.4 2.680 2.    0.
   5 1990  259 16904.  20.6 29.5 2.680 2.    0.
   5 1990  260 16948.  20.6 29.5 2.681 2.   23.
   5 1990  261 16992.  20.6 29.5 2.681 2.    0.
   5 1990  262 17036.  20.6 29.5 2.681 2.    0.
   5 1990  263 17080.  20.6 29.5 2.682 2.    0.
   5 1990  264 17124.  20.6 29.6 2.682 2.   14.
   5 1990  265 17168.  20.6 29.6 2.682 2.    5.
   5 1990  266 17212.  20.6 29.6 2.683 1.    0.
   5 1990  267 17256.  20.6 29.6 2.683 1.    5.
   5 1990  268 17300.  20.6 29.7 2.683 1.    0.
   5 1990  269 17344.  20.6 29.7 2.684 1.    0.
   5 1990  270 17388.  20.5 29.7 2.684 1.   16.
   5 1990  271 17432.  20.5 29.7 2.684 1.    5.
   5 1990  272 17476.  20.5 29.8 2.685 1.   13.
   5 1990  273 17520.  20.5 29.8 2.685 1.    0.
   5 1990  274 17564.  20.5 29.8 2.685 1.    0.
   5 1990  275 17608.  20.5 29.8 2.686 1.   19.
   5 1990  276 17652.  20.5 29.9 2.686 1.    0.
   5 1990  277 17696.  20.5 29.9 2.686 1.   13.
   5 1990  278 17740.  20.5 29.9 2.687 1.    5.
   5 1990  279 17784.  20.5 29.9 2.687 1.    8.
   5 1990  280 17828.  20.5 29.9 2.687 1.   13.
   5 1990  281 17872.  20.5 30.0 2.688 1.    2.
   5 1990  282 17916.  20.5 30.0 2.688 1.   19.
   5 1990  283 17960.  20.5 30.0 2.688 1.   28.
   5 1990  284 18004.  20.5 30.0 2.689 1.    0.
   5 1990  285 18048.  20.5 30.1 2.689 1.    0.
   5 1990  286 18092.  20.4 30.1 2.689 1.    6.
   5 1990  287 18136.  20.4 30.1 2.690 1.    0.
   5 1990  288 18180.  20.4 30.1 2.690 1.    0.
   5 1990  289 18158.  20.4 30.1 2.688 1.   29.
   5 1990  290 18136.  20.4 30.2 2.685 1.    0.
   5 1990  291 18114.  20.4 30.2 2.683 1.    0.
   5 1990  292 18092.  20.3 30.2 2.680 1.    0.
   5 1990  293 18070.  20.3 30.2 2.678 1.    4.
   5 1990  294 18048.  20.3 30.2 2.675 1.    0.
   5 1990  295 18026.  20.3 30.2 2.673 1.    0.
   5 1990  296 18005.  20.2 30.3 2.670 1.   17.
   5 1990  297 17983.  20.2 30.3 2.668 1.    0.
   5 1990  298 17961.  20.2 30.3 2.665 1.    3.
   5 1990  299 17939.  20.2 30.3 2.663 1.    0.
   5 1990  300 17917.  20.1 30.3 2.660 1.    0.
   5 1990  301 17895.  20.1 30.3 2.658 1.    5.
   5 1990  302 17873.  20.1 30.4 2.655 1.   13.
   5 1990  303 17851.  20.1 30.4 2.653 1.    5.
   5 1990  304 17829.  20.0 30.4 2.650 1.   37.
   5 1990  305 17807.  20.0 30.4 2.648 1.   33.
   5 1990  306 17785.  20.0 30.4 2.645 1.   14.
   5 1990  307 17763.  20.0 30.4 2.643 1.   14.
   5 1990  308 17741.  19.9 30.5 2.640 1.   15.
   5 1990  309 17719.  19.9 30.5 2.638 1.    0.
   5 1990  310 17697.  19.9 30.5 2.635 1.   18.
   5 1990  311 17675.  19.9 30.5 2.633 1.    6.
   5 1990  312 17654.  19.8 30.5 2.630 1.    3.
   5 1990  313 17632.  19.8 30.5 2.628 1.   15.
   5 1990  314 17610.  19.8 30.6 2.625 1.    2.
   5 1990  315 17588.  19.8 30.6 2.623 1.    0.
   5 1990  316 17566.  19.7 30.6 2.620 1.    0.
   5 1990  317 17544.  19.7 30.6 2.618 1.   11.
   5 1990  318 17522.  19.7 30.6 2.615 1.    0.
   5 1990  319 17500.  19.7 30.6 2.613 1.   14.
   5 1990  320 17483.  19.6 30.7 2.596 1.   13.
   5 1990  321 17465.  19.5 30.7 2.579 1.   21.
   5 1990  322 17448.  19.4 30.7 2.562 1.   12.
   5 1990  323 17431.  19.3 30.7 2.545 1.    1.
   5 1990  324 17413.  19.2 30.7 2.527 1.    0.
   5 1990  325 17396.  19.1 30.7 2.510 1.   40.
   5 1990  326 17379.  19.0 30.7 2.493 1.    2.
   5 1990  327 17361.  18.9 30.7 2.476 1.   43.
   5 1990  328 17344.  18.8 30.8 2.459 1.    3.
   5 1990  329 17327.  18.6 30.8 2.442 1.   21.
   5 1990  330 17309.  18.5 30.8 2.425 1.   15.
   5 1990  331 17292.  18.4 30.8 2.408 1.    0.
   5 1990  332 17275.  18.3 30.8 2.391 1.    0.
   5 1990  333 17257.  18.2 30.8 2.374 1.    6.
   5 1990  334 17240.  18.1 30.8 2.356 1.   10.
   5 1990  335 17223.  18.0 30.9 2.339 1.   20.
   5 1990  336 17205.  17.9 30.9 2.322 1.    9.
   5 1990  337 17188.  17.8 30.9 2.305 1.   18.
   5 1990  338 17171.  17.7 30.9 2.288 1.   12.
   5 1990  339 17153.  17.6 30.9 2.271 1.    0.
   5 1990  340 17136.  17.5 30.9 2.254 1.    8.
   5 1990  341 17119.  17.4 30.9 2.237 1.    0.
   5 1990  342 17101.  17.3 31.0 2.220 1.    4.
   5 1990  343 17084.  17.2 31.0 2.203 1.    0.
   5 1990  344 17067.  17.1 31.0 2.185 1.   19.
   5 1990  345 17049.  17.0 31.0 2.168 1.   12.
   5 1990  346 17032.  16.9 31.0 2.151 1.    0.
   5 1990  347 17015.  16.8 31.0 2.134 1.   55.
   5 1990  348 16997.  16.7 31.0 2.117 1.    0.
   5 1990  349 16980.  16.6 31.0 2.100 1.   15.
   5 1990  350 17034.  16.6 31.1 2.094 1.    6.
   5 1990  351 17088.  16.6 31.1 2.087 1.    3.
   5 1990  352 17141.  16.6 31.1 2.081 1.   37.
   5 1990  353 17195.  16.6 31.2 2.075 1.    0.
   5 1990  354 17249.  16.5 31.2 2.069 1.    8.
   5 1990  355 17303.  16.5 31.2 2.062 1.    7.
   5 1990  356 17356.  16.5 31.3 2.056 1.    6.
   5 1990  357 17410.  16.5 31.3 2.050 1.    0.
   5 1990  358 17464.  16.5 31.3 2.043 1.    5.
   5 1990  359 17518.  16.4 31.3 2.037 1.    0.
   5 1990  360 17571.  16.4 31.4 2.031 1.    0.
   5 1990  361 17625.  16.4 31.4 2.025 1.    0.
   5 1990  362 17679.  16.4 31.4 2.018 1.    0.
   5 1990  363 17733.  16.4 31.5 2.012 2.    0.
   5 1990  364 17786.  16.3 31.5 2.006 2.    0.
   5 1990  365 17840.  16.3 31.5 1.999 2.    6.
