*---------------------------------------------------------*
*   Country: Cote d'Ivoire
*   Station: Man
*      Year: 1988
* Longitude: 007 31 W
*  Latitude: 07 23 N
* Elevation: 340 m.
*  WMO-code: 65.5480
*  Comments: Automatically generated file from *.WOF file
*            with REGENSIM.FOR ver. aug 96
*
*  Columns:
*  ========
*  station number
*  year
*  day
*  irradiation (kJ m-2 d-1)
*  minimum temperature (degrees Celsius)
*  maximum temperature (degrees Celsius)
*  vapour pressure (kPa)
*  mean wind speed (m s-1)
*  precipitation (mm month-1)
*---------------------------------------------------------*
  -7.52   7.38   340. 0.00 0.00
   5 1988    1 17545.  15.7 31.7 1.997 1.    0.
   5 1988    2 17528.  15.6 31.7 1.986 1.    0.
   5 1988    3 17511.  15.5 31.8 1.974 1.    0.
   5 1988    4 17495.  15.5 31.8 1.963 1.    0.
   5 1988    5 17478.  15.4 31.9 1.952 1.    0.
   5 1988    6 17461.  15.3 31.9 1.941 1.    0.
   5 1988    7 17444.  15.3 32.0 1.929 1.    0.
   5 1988    8 17428.  15.2 32.0 1.918 1.    0.
   5 1988    9 17411.  15.1 32.1 1.907 1.    0.
   5 1988   10 17394.  15.1 32.1 1.895 1.    0.
   5 1988   11 17377.  15.0 32.1 1.884 1.    0.
   5 1988   12 17360.  14.9 32.2 1.873 1.    0.
   5 1988   13 17344.  14.9 32.2 1.862 1.    0.
   5 1988   14 17327.  14.8 32.3 1.850 1.    0.
   5 1988   15 17310.  14.7 32.3 1.839 1.    0.
   5 1988   16 17322.  14.9 32.4 1.850 1.    0.
   5 1988   17 17334.  15.0 32.4 1.862 1.    0.
   5 1988   18 17346.  15.1 32.5 1.873 1.    0.
   5 1988   19 17358.  15.2 32.6 1.884 1.    0.
   5 1988   20 17370.  15.3 32.6 1.896 1.    0.
   5 1988   21 17382.  15.5 32.7 1.907 1.    0.
   5 1988   22 17394.  15.6 32.7 1.918 1.    0.
   5 1988   23 17406.  15.7 32.8 1.930 1.    0.
   5 1988   24 17418.  15.8 32.8 1.941 1.    0.
   5 1988   25 17430.  16.0 32.9 1.952 1.    0.
   5 1988   26 17442.  16.1 33.0 1.964 1.    0.
   5 1988   27 17454.  16.2 33.0 1.975 1.    0.
   5 1988   28 17466.  16.3 33.1 1.986 1.    0.
   5 1988   29 17478.  16.4 33.1 1.998 1.    0.
   5 1988   30 17490.  16.6 33.2 2.009 1.    0.
   5 1988   31 17502.  16.7 33.3 2.020 1.    0.
   5 1988   32 17514.  16.8 33.3 2.032 1.    4.
   5 1988   33 17526.  16.9 33.4 2.043 1.    0.
   5 1988   34 17538.  17.1 33.4 2.054 1.    0.
   5 1988   35 17550.  17.2 33.5 2.066 1.   31.
   5 1988   36 17562.  17.3 33.5 2.077 1.    0.
   5 1988   37 17574.  17.4 33.6 2.088 1.    0.
   5 1988   38 17586.  17.5 33.7 2.100 1.    0.
   5 1988   39 17598.  17.7 33.7 2.111 1.    0.
   5 1988   40 17610.  17.8 33.8 2.122 1.    0.
   5 1988   41 17622.  17.9 33.8 2.134 1.    0.
   5 1988   42 17634.  18.0 33.9 2.145 1.   11.
   5 1988   43 17646.  18.1 33.9 2.156 1.    0.
   5 1988   44 17658.  18.3 34.0 2.168 1.    0.
   5 1988   45 17670.  18.4 34.1 2.179 1.    0.
   5 1988   46 17653.  18.5 34.0 2.191 1.    0.
   5 1988   47 17637.  18.6 34.0 2.203 1.    0.
   5 1988   48 17620.  18.7 34.0 2.216 1.   40.
   5 1988   49 17603.  18.8 33.9 2.228 1.    0.
   5 1988   50 17587.  18.9 33.9 2.240 1.    0.
   5 1988   51 17570.  19.0 33.9 2.252 1.    0.
   5 1988   52 17553.  19.1 33.9 2.264 1.   11.
   5 1988   53 17537.  19.3 33.8 2.276 1.   27.
   5 1988   54 17520.  19.4 33.8 2.289 1.    0.
   5 1988   55 17503.  19.5 33.8 2.301 1.    0.
   5 1988   56 17487.  19.6 33.8 2.313 1.    0.
   5 1988   57 17470.  19.7 33.7 2.325 1.    0.
   5 1988   58 17453.  19.8 33.7 2.337 1.    0.
   5 1988   59 17437.  19.9 33.7 2.349 1.   18.
   5 1988   60 17420.  20.0 33.6 2.362 1.    0.
   5 1988   61 17403.  20.1 33.6 2.374 1.    0.
   5 1988   62 17387.  20.2 33.6 2.386 1.    0.
   5 1988   63 17370.  20.3 33.6 2.398 1.    0.
   5 1988   64 17353.  20.4 33.5 2.410 1.    0.
   5 1988   65 17337.  20.5 33.5 2.422 1.    0.
   5 1988   66 17320.  20.7 33.5 2.435 1.    0.
   5 1988   67 17303.  20.8 33.5 2.447 1.   25.
   5 1988   68 17287.  20.9 33.4 2.459 1.    0.
   5 1988   69 17270.  21.0 33.4 2.471 1.    0.
   5 1988   70 17253.  21.1 33.4 2.483 1.    0.
   5 1988   71 17237.  21.2 33.3 2.495 1.    0.
   5 1988   72 17220.  21.3 33.3 2.508 1.    0.
   5 1988   73 17203.  21.4 33.3 2.520 1.    0.
   5 1988   74 17187.  21.5 33.3 2.532 1.    0.
   5 1988   75 17170.  21.6 33.2 2.544 1.    0.
   5 1988   76 17175.  21.6 33.2 2.550 1.   30.
   5 1988   77 17180.  21.6 33.2 2.557 1.    0.
   5 1988   78 17185.  21.6 33.1 2.563 1.    0.
   5 1988   79 17191.  21.6 33.1 2.569 1.    0.
   5 1988   80 17196.  21.6 33.0 2.575 1.    0.
   5 1988   81 17201.  21.6 33.0 2.582 1.    0.
   5 1988   82 17206.  21.5 33.0 2.588 1.    0.
   5 1988   83 17211.  21.5 32.9 2.594 1.    0.
   5 1988   84 17216.  21.5 32.9 2.601 1.    0.
   5 1988   85 17222.  21.5 32.9 2.607 1.    0.
   5 1988   86 17227.  21.5 32.8 2.613 1.    0.
   5 1988   87 17232.  21.5 32.8 2.619 1.    0.
   5 1988   88 17237.  21.5 32.7 2.626 1.    0.
   5 1988   89 17242.  21.5 32.7 2.632 1.    0.
   5 1988   90 17247.  21.5 32.7 2.638 1.    0.
   5 1988   91 17253.  21.4 32.6 2.645 2.    0.
   5 1988   92 17258.  21.4 32.6 2.651 2.    0.
   5 1988   93 17263.  21.4 32.6 2.657 2.    0.
   5 1988   94 17268.  21.4 32.5 2.664 2.    0.
   5 1988   95 17273.  21.4 32.5 2.670 2.    0.
   5 1988   96 17278.  21.4 32.5 2.676 2.    0.
   5 1988   97 17284.  21.4 32.4 2.682 2.    0.
   5 1988   98 17289.  21.4 32.4 2.689 2.   37.
   5 1988   99 17294.  21.4 32.3 2.695 2.    0.
   5 1988  100 17299.  21.3 32.3 2.701 2.    0.
   5 1988  101 17304.  21.3 32.3 2.708 2.    0.
   5 1988  102 17309.  21.3 32.2 2.714 2.    0.
   5 1988  103 17315.  21.3 32.2 2.720 2.    0.
   5 1988  104 17320.  21.3 32.2 2.726 2.    0.
   5 1988  105 17325.  21.3 32.1 2.733 2.    0.
   5 1988  106 17330.  21.3 32.1 2.739 2.    0.
   5 1988  107 17382.  21.3 32.0 2.738 2.    0.
   5 1988  108 17433.  21.3 31.9 2.736 2.    0.
   5 1988  109 17485.  21.3 31.9 2.735 2.    0.
   5 1988  110 17537.  21.3 31.8 2.734 2.    0.
   5 1988  111 17588.  21.3 31.7 2.733 2.    0.
   5 1988  112 17640.  21.3 31.6 2.731 2.    0.
   5 1988  113 17692.  21.3 31.6 2.730 2.    0.
   5 1988  114 17743.  21.3 31.5 2.729 2.    0.
   5 1988  115 17795.  21.3 31.4 2.728 2.    0.
   5 1988  116 17847.  21.3 31.3 2.726 2.    0.
   5 1988  117 17898.  21.3 31.3 2.725 2.    0.
   5 1988  118 17950.  21.3 31.2 2.724 2.    0.
   5 1988  119 18002.  21.4 31.1 2.723 2.    0.
   5 1988  120 18053.  21.4 31.0 2.721 2.    0.
   5 1988  121 18105.  21.4 31.0 2.720 2.    0.
   5 1988  122 18157.  21.4 30.9 2.719 2.    0.
   5 1988  123 18208.  21.4 30.8 2.717 2.    0.
   5 1988  124 18260.  21.4 30.7 2.716 2.    0.
   5 1988  125 18312.  21.4 30.7 2.715 2.    0.
   5 1988  126 18363.  21.4 30.6 2.714 2.    0.
   5 1988  127 18415.  21.4 30.5 2.712 2.    0.
   5 1988  128 18467.  21.4 30.4 2.711 2.    0.
   5 1988  129 18518.  21.4 30.4 2.710 2.    0.
   5 1988  130 18570.  21.4 30.3 2.709 2.    0.
   5 1988  131 18622.  21.4 30.2 2.707 2.    0.
   5 1988  132 18673.  21.4 30.1 2.706 2.    0.
   5 1988  133 18725.  21.4 30.1 2.705 2.    0.
   5 1988  134 18777.  21.4 30.0 2.704 2.    0.
   5 1988  135 18828.  21.5 29.9 2.702 2.    0.
   5 1988  136 18880.  21.5 29.8 2.701 2.    0.
   5 1988  137 18784.  21.4 29.8 2.701 2.    0.
   5 1988  138 18688.  21.4 29.8 2.702 2.   24.
   5 1988  139 18592.  21.4 29.8 2.702 2.    0.
   5 1988  140 18495.  21.4 29.8 2.702 2.    0.
   5 1988  141 18399.  21.4 29.8 2.703 2.    0.
   5 1988  142 18303.  21.4 29.8 2.703 2.    0.
   5 1988  143 18207.  21.4 29.8 2.703 2.    0.
   5 1988  144 18111.  21.4 29.8 2.704 2.    0.
   5 1988  145 18015.  21.4 29.8 2.704 2.    0.
   5 1988  146 17919.  21.3 29.8 2.705 2.    0.
   5 1988  147 17823.  21.3 29.8 2.705 2.    0.
   5 1988  148 17726.  21.3 29.8 2.705 2.    0.
   5 1988  149 17630.  21.3 29.8 2.706 2.    0.
   5 1988  150 17534.  21.3 29.8 2.706 2.    0.
   5 1988  151 17438.  21.3 29.8 2.706 2.    1.
   5 1988  152 17342.  21.3 29.8 2.707 1.    0.
   5 1988  153 17246.  21.3 29.8 2.707 1.    0.
   5 1988  154 17150.  21.2 29.8 2.707 1.    0.
   5 1988  155 17054.  21.2 29.8 2.708 1.    0.
   5 1988  156 16957.  21.2 29.8 2.708 1.    0.
   5 1988  157 16861.  21.2 29.8 2.708 1.    0.
   5 1988  158 16765.  21.2 29.8 2.709 1.    0.
   5 1988  159 16669.  21.2 29.8 2.709 1.    0.
   5 1988  160 16573.  21.2 29.8 2.710 1.    0.
   5 1988  161 16477.  21.2 29.8 2.710 1.   74.
   5 1988  162 16381.  21.1 29.8 2.710 1.    0.
   5 1988  163 16285.  21.1 29.8 2.711 1.    0.
   5 1988  164 16188.  21.1 29.8 2.711 1.    0.
   5 1988  165 16092.  21.1 29.8 2.711 1.    0.
   5 1988  166 15996.  21.1 29.8 2.712 1.    0.
   5 1988  167 15900.  21.1 29.8 2.712 1.    5.
   5 1988  168 15798.  21.1 29.8 2.708 1.   49.
   5 1988  169 15695.  21.1 29.7 2.705 1.    0.
   5 1988  170 15593.  21.0 29.6 2.701 1.   19.
   5 1988  171 15491.  21.0 29.6 2.697 1.    0.
   5 1988  172 15388.  21.0 29.5 2.694 1.    0.
   5 1988  173 15286.  21.0 29.5 2.690 1.    0.
   5 1988  174 15184.  21.0 29.4 2.686 1.    0.
   5 1988  175 15081.  20.9 29.3 2.682 2.    0.
   5 1988  176 14979.  20.9 29.3 2.679 2.    0.
   5 1988  177 14877.  20.9 29.2 2.675 2.   26.
   5 1988  178 14774.  20.9 29.1 2.671 2.    0.
   5 1988  179 14672.  20.9 29.1 2.668 2.    0.
   5 1988  180 14570.  20.8 29.0 2.664 2.   13.
   5 1988  181 14467.  20.8 28.9 2.660 2.    0.
   5 1988  182 14365.  20.8 28.9 2.657 2.    0.
   5 1988  183 14263.  20.8 28.8 2.653 2.    0.
   5 1988  184 14160.  20.8 28.8 2.649 2.    0.
   5 1988  185 14058.  20.7 28.7 2.645 2.    0.
   5 1988  186 13956.  20.7 28.6 2.642 2.    0.
   5 1988  187 13853.  20.7 28.6 2.638 2.    0.
   5 1988  188 13751.  20.7 28.5 2.634 2.   61.
   5 1988  189 13649.  20.7 28.4 2.631 2.    0.
   5 1988  190 13546.  20.6 28.4 2.627 2.    0.
   5 1988  191 13444.  20.6 28.3 2.623 2.    0.
   5 1988  192 13342.  20.6 28.2 2.619 2.    0.
   5 1988  193 13239.  20.6 28.2 2.616 2.    0.
   5 1988  194 13137.  20.6 28.1 2.612 2.    0.
   5 1988  195 13035.  20.5 28.0 2.608 2.    0.
   5 1988  196 12932.  20.5 28.0 2.605 2.    0.
   5 1988  197 12830.  20.5 27.9 2.601 2.    2.
   5 1988  198 12832.  20.5 27.9 2.603 2.    0.
   5 1988  199 12833.  20.5 27.9 2.604 2.    0.
   5 1988  200 12835.  20.5 27.9 2.606 2.    0.
   5 1988  201 12836.  20.5 27.9 2.608 2.   60.
   5 1988  202 12838.  20.5 27.9 2.609 2.    0.
   5 1988  203 12840.  20.5 28.0 2.611 2.    0.
   5 1988  204 12841.  20.5 28.0 2.613 2.    0.
   5 1988  205 12843.  20.6 28.0 2.614 2.    0.
   5 1988  206 12845.  20.6 28.0 2.616 2.    0.
   5 1988  207 12846.  20.6 28.0 2.618 2.    0.
   5 1988  208 12848.  20.6 28.0 2.619 2.    0.
   5 1988  209 12849.  20.6 28.0 2.621 2.    0.
   5 1988  210 12851.  20.6 28.0 2.623 2.    0.
   5 1988  211 12853.  20.6 28.0 2.624 2.    0.
   5 1988  212 12854.  20.6 28.0 2.626 2.    0.
   5 1988  213 12856.  20.6 28.0 2.628 2.    0.
   5 1988  214 12857.  20.6 28.0 2.630 2.    0.
   5 1988  215 12859.  20.6 28.0 2.631 2.    0.
   5 1988  216 12861.  20.6 28.0 2.633 2.   63.
   5 1988  217 12862.  20.6 28.0 2.635 2.    1.
   5 1988  218 12864.  20.6 28.0 2.636 2.    0.
   5 1988  219 12865.  20.6 28.0 2.638 2.    0.
   5 1988  220 12867.  20.6 28.0 2.640 2.    0.
   5 1988  221 12869.  20.6 28.1 2.641 2.    0.
   5 1988  222 12870.  20.6 28.1 2.643 2.    0.
   5 1988  223 12872.  20.7 28.1 2.645 2.   25.
   5 1988  224 12874.  20.7 28.1 2.646 2.    0.
   5 1988  225 12875.  20.7 28.1 2.648 2.    0.
   5 1988  226 12877.  20.7 28.1 2.650 2.    0.
   5 1988  227 12878.  20.7 28.1 2.651 2.    0.
   5 1988  228 12880.  20.7 28.1 2.653 2.    0.
   5 1988  229 12971.  20.7 28.1 2.653 2.    0.
   5 1988  230 13062.  20.7 28.2 2.654 2.    0.
   5 1988  231 13153.  20.7 28.2 2.654 2.    0.
   5 1988  232 13244.  20.7 28.2 2.654 2.    0.
   5 1988  233 13335.  20.7 28.3 2.655 2.    0.
   5 1988  234 13426.  20.7 28.3 2.655 2.    0.
   5 1988  235 13517.  20.8 28.4 2.655 2.    6.
   5 1988  236 13608.  20.8 28.4 2.656 2.    0.
   5 1988  237 13699.  20.8 28.4 2.656 2.    0.
   5 1988  238 13790.  20.8 28.5 2.656 2.    0.
   5 1988  239 13881.  20.8 28.5 2.657 2.    0.
   5 1988  240 13972.  20.8 28.6 2.657 2.    0.
   5 1988  241 14063.  20.8 28.6 2.657 2.    0.
   5 1988  242 14154.  20.8 28.6 2.658 2.    0.
   5 1988  243 14245.  20.8 28.7 2.658 2.    0.
   5 1988  244 14335.  20.9 28.7 2.658 1.    0.
   5 1988  245 14426.  20.9 28.7 2.658 1.    0.
   5 1988  246 14517.  20.9 28.8 2.659 1.    0.
   5 1988  247 14608.  20.9 28.8 2.659 1.    0.
   5 1988  248 14699.  20.9 28.9 2.659 1.    0.
   5 1988  249 14790.  20.9 28.9 2.660 1.   85.
   5 1988  250 14881.  20.9 28.9 2.660 1.    3.
   5 1988  251 14972.  20.9 29.0 2.660 1.    0.
   5 1988  252 15063.  21.0 29.0 2.661 1.    0.
   5 1988  253 15154.  21.0 29.1 2.661 1.   37.
   5 1988  254 15245.  21.0 29.1 2.661 1.    0.
   5 1988  255 15336.  21.0 29.1 2.662 1.    0.
   5 1988  256 15427.  21.0 29.2 2.662 1.    0.
   5 1988  257 15518.  21.0 29.2 2.662 1.    0.
   5 1988  258 15609.  21.0 29.3 2.663 1.    0.
   5 1988  259 15700.  21.0 29.3 2.663 1.    0.
   5 1988  260 15790.  21.0 29.3 2.664 1.    0.
   5 1988  261 15881.  21.0 29.3 2.664 1.    0.
   5 1988  262 15971.  21.0 29.4 2.665 1.    0.
   5 1988  263 16061.  21.0 29.4 2.666 1.    0.
   5 1988  264 16152.  20.9 29.4 2.666 1.    0.
   5 1988  265 16242.  20.9 29.4 2.667 1.   55.
   5 1988  266 16332.  20.9 29.5 2.667 1.    0.
   5 1988  267 16423.  20.9 29.5 2.668 1.    0.
   5 1988  268 16513.  20.9 29.5 2.669 1.    6.
   5 1988  269 16603.  20.9 29.5 2.669 1.    3.
   5 1988  270 16694.  20.8 29.6 2.670 1.    0.
   5 1988  271 16784.  20.8 29.6 2.671 1.    0.
   5 1988  272 16874.  20.8 29.6 2.671 1.    0.
   5 1988  273 16965.  20.8 29.6 2.672 1.    0.
   5 1988  274 17055.  20.8 29.6 2.672 1.    0.
   5 1988  275 17145.  20.8 29.7 2.673 1.    0.
   5 1988  276 17236.  20.7 29.7 2.674 1.    0.
   5 1988  277 17326.  20.7 29.7 2.674 1.    0.
   5 1988  278 17416.  20.7 29.7 2.675 1.   21.
   5 1988  279 17507.  20.7 29.8 2.676 1.    0.
   5 1988  280 17597.  20.7 29.8 2.676 1.   38.
   5 1988  281 17687.  20.7 29.8 2.677 1.   51.
   5 1988  282 17778.  20.6 29.8 2.678 1.    0.
   5 1988  283 17868.  20.6 29.9 2.678 1.    0.
   5 1988  284 17958.  20.6 29.9 2.679 1.    0.
   5 1988  285 18049.  20.6 29.9 2.679 1.    0.
   5 1988  286 18139.  20.6 29.9 2.680 1.    0.
   5 1988  287 18229.  20.6 30.0 2.681 1.    0.
   5 1988  288 18320.  20.5 30.0 2.681 1.    1.
   5 1988  289 18410.  20.5 30.0 2.682 1.    0.
   5 1988  290 18392.  20.5 30.0 2.680 1.    0.
   5 1988  291 18373.  20.5 30.0 2.678 1.    0.
   5 1988  292 18355.  20.4 30.1 2.675 1.    0.
   5 1988  293 18336.  20.4 30.1 2.673 1.    4.
   5 1988  294 18318.  20.4 30.1 2.671 1.    0.
   5 1988  295 18300.  20.4 30.1 2.669 1.    0.
   5 1988  296 18281.  20.3 30.1 2.666 1.   21.
   5 1988  297 18263.  20.3 30.2 2.664 1.    0.
   5 1988  298 18245.  20.3 30.2 2.662 1.   11.
   5 1988  299 18226.  20.2 30.2 2.660 1.    0.
   5 1988  300 18208.  20.2 30.2 2.658 1.   20.
   5 1988  301 18189.  20.2 30.2 2.655 1.   14.
   5 1988  302 18171.  20.2 30.3 2.653 1.    0.
   5 1988  303 18153.  20.1 30.3 2.651 1.   11.
   5 1988  304 18134.  20.1 30.3 2.649 1.    0.
   5 1988  305 18116.  20.1 30.3 2.646 2.    2.
   5 1988  306 18097.  20.0 30.4 2.644 2.    0.
   5 1988  307 18079.  20.0 30.4 2.642 2.    0.
   5 1988  308 18061.  20.0 30.4 2.640 2.   37.
   5 1988  309 18042.  20.0 30.4 2.637 2.   11.
   5 1988  310 18024.  19.9 30.4 2.635 2.   11.
   5 1988  311 18005.  19.9 30.5 2.633 2.    0.
   5 1988  312 17987.  19.9 30.5 2.631 2.    0.
   5 1988  313 17969.  19.9 30.5 2.629 2.   46.
   5 1988  314 17950.  19.8 30.5 2.626 2.    0.
   5 1988  315 17932.  19.8 30.5 2.624 2.   35.
   5 1988  316 17914.  19.8 30.6 2.622 2.    0.
   5 1988  317 17895.  19.7 30.6 2.620 2.    0.
   5 1988  318 17877.  19.7 30.6 2.617 2.    7.
   5 1988  319 17858.  19.7 30.6 2.615 2.    2.
   5 1988  320 17840.  19.7 30.6 2.613 2.   41.
   5 1988  321 17838.  19.6 30.7 2.598 2.    0.
   5 1988  322 17836.  19.5 30.7 2.582 2.    0.
   5 1988  323 17834.  19.4 30.7 2.567 2.   23.
   5 1988  324 17832.  19.3 30.7 2.552 2.    4.
   5 1988  325 17830.  19.2 30.7 2.537 2.    0.
   5 1988  326 17828.  19.1 30.7 2.521 2.    2.
   5 1988  327 17826.  19.0 30.7 2.506 2.    1.
   5 1988  328 17824.  18.9 30.7 2.491 2.    0.
   5 1988  329 17822.  18.8 30.8 2.476 2.  116.
   5 1988  330 17820.  18.6 30.8 2.460 2.   23.
   5 1988  331 17818.  18.5 30.8 2.445 2.    0.
   5 1988  332 17816.  18.4 30.8 2.430 2.    0.
   5 1988  333 17814.  18.3 30.8 2.415 2.   17.
   5 1988  334 17812.  18.2 30.8 2.399 2.    0.
   5 1988  335 17810.  18.1 30.8 2.384 2.    0.
   5 1988  336 17808.  18.0 30.9 2.369 2.    0.
   5 1988  337 17806.  17.9 30.9 2.353 2.    7.
   5 1988  338 17804.  17.8 30.9 2.338 2.    0.
   5 1988  339 17802.  17.7 30.9 2.323 2.    0.
   5 1988  340 17800.  17.6 30.9 2.308 2.    0.
   5 1988  341 17798.  17.5 30.9 2.292 2.    0.
   5 1988  342 17796.  17.4 30.9 2.277 2.    0.
   5 1988  343 17794.  17.3 31.0 2.262 2.    4.
   5 1988  344 17792.  17.2 31.0 2.247 2.    1.
   5 1988  345 17790.  17.1 31.0 2.231 2.    0.
   5 1988  346 17788.  17.0 31.0 2.216 2.    0.
   5 1988  347 17786.  16.9 31.0 2.201 2.    0.
   5 1988  348 17784.  16.8 31.0 2.186 2.    0.
   5 1988  349 17782.  16.7 31.0 2.170 2.   20.
   5 1988  350 17780.  16.6 31.0 2.155 2.    0.
   5 1988  351 17765.  16.6 31.1 2.145 2.    8.
   5 1988  352 17751.  16.5 31.1 2.135 2.    0.
   5 1988  353 17736.  16.5 31.2 2.125 2.    0.
   5 1988  354 17721.  16.4 31.2 2.115 2.   35.
   5 1988  355 17707.  16.3 31.3 2.106 2.    0.
   5 1988  356 17692.  16.3 31.3 2.096 2.    0.
   5 1988  357 17677.  16.2 31.3 2.086 2.    0.
   5 1988  358 17663.  16.2 31.4 2.076 2.    0.
   5 1988  359 17648.  16.1 31.4 2.066 1.   11.
   5 1988  360 17633.  16.0 31.5 2.056 1.   28.
   5 1988  361 17618.  16.0 31.5 2.046 1.   28.
   5 1988  362 17604.  15.9 31.5 2.036 1.    2.
   5 1988  363 17589.  15.9 31.6 2.027 1.    1.
   5 1988  364 17574.  15.8 31.6 2.017 1.    0.
   5 1988  365 17560.  15.7 31.6 2.007 1.   43.
   5 1988  366 17545.  15.7 31.7 1.997 1.   38.
