*---------------------------------------------------------*
*   Country: Cote d'Ivoire
*   Station: Man
*      Year: 1991
* Longitude: 007 31 W
*  Latitude: 07 23 N
* Elevation: 340 m.
*  WMO-code: 65.5480
*  Comments: Automatically generated file from *.WOF file
*            with REGENSIM.FOR ver. aug 96
*
*  Columns:
*  ========
*  station number
*  year
*  day
*  irradiation (kJ m-2 d-1)
*  minimum temperature (degrees Celsius)
*  maximum temperature (degrees Celsius)
*  vapour pressure (kPa)
*  mean wind speed (m s-1)
*  precipitation (mm month-1)
*---------------------------------------------------------*
  -7.52   7.38   340. 0.00 0.00
   5 1991    1 17290.  17.0 30.9 2.251 2.    0.
   5 1991    2 17367.  17.0 31.0 2.251 2.    5.
   5 1991    3 17444.  17.0 31.0 2.250 2.    0.
   5 1991    4 17521.  17.0 31.1 2.250 2.    9.
   5 1991    5 17599.  17.0 31.1 2.249 2.    0.
   5 1991    6 17676.  17.0 31.2 2.249 2.    0.
   5 1991    7 17753.  17.0 31.2 2.248 2.    0.
   5 1991    8 17830.  17.0 31.3 2.248 2.    0.
   5 1991    9 17907.  17.0 31.3 2.247 2.    0.
   5 1991   10 17984.  17.0 31.4 2.247 2.    0.
   5 1991   11 18061.  17.1 31.4 2.246 2.    0.
   5 1991   12 18139.  17.1 31.5 2.246 2.    0.
   5 1991   13 18216.  17.1 31.5 2.245 2.    0.
   5 1991   14 18293.  17.1 31.6 2.245 2.    0.
   5 1991   15 18370.  17.1 31.6 2.244 2.    0.
   5 1991   16 18329.  17.2 31.7 2.250 2.    0.
   5 1991   17 18287.  17.3 31.7 2.257 2.    0.
   5 1991   18 18246.  17.4 31.8 2.263 2.    0.
   5 1991   19 18205.  17.5 31.9 2.269 2.    0.
   5 1991   20 18163.  17.6 31.9 2.275 2.    0.
   5 1991   21 18122.  17.6 32.0 2.282 2.    0.
   5 1991   22 18081.  17.7 32.1 2.288 2.    0.
   5 1991   23 18039.  17.8 32.2 2.294 2.    0.
   5 1991   24 17998.  17.9 32.2 2.300 2.    0.
   5 1991   25 17957.  18.0 32.3 2.307 2.    0.
   5 1991   26 17915.  18.1 32.4 2.313 2.    0.
   5 1991   27 17874.  18.2 32.4 2.319 2.    0.
   5 1991   28 17833.  18.3 32.5 2.325 2.    0.
   5 1991   29 17791.  18.4 32.6 2.332 2.    0.
   5 1991   30 17750.  18.5 32.6 2.338 2.    0.
   5 1991   31 17709.  18.6 32.7 2.344 2.    0.
   5 1991   32 17667.  18.6 32.8 2.351 2.    0.
   5 1991   33 17626.  18.7 32.8 2.357 2.    0.
   5 1991   34 17585.  18.8 32.9 2.363 2.    0.
   5 1991   35 17543.  18.9 33.0 2.369 2.   17.
   5 1991   36 17502.  19.0 33.0 2.376 2.   21.
   5 1991   37 17461.  19.1 33.1 2.382 2.    0.
   5 1991   38 17419.  19.2 33.2 2.388 1.    1.
   5 1991   39 17378.  19.3 33.3 2.394 1.   37.
   5 1991   40 17337.  19.4 33.3 2.401 1.    4.
   5 1991   41 17295.  19.5 33.4 2.407 1.    8.
   5 1991   42 17254.  19.6 33.5 2.413 1.    0.
   5 1991   43 17213.  19.6 33.5 2.419 1.   33.
   5 1991   44 17171.  19.7 33.6 2.426 1.    6.
   5 1991   45 17130.  19.8 33.7 2.432 1.    0.
   5 1991   46 17163.  20.1 33.7 2.440 1.    1.
   5 1991   47 17197.  20.4 33.6 2.448 1.    0.
   5 1991   48 17230.  20.7 33.6 2.457 1.    1.
   5 1991   49 17264.  20.9 33.6 2.465 1.   61.
   5 1991   50 17297.  21.2 33.6 2.473 1.    1.
   5 1991   51 17331.  21.5 33.6 2.481 1.    2.
   5 1991   52 17364.  21.8 33.6 2.489 1.    0.
   5 1991   53 17398.  22.1 33.6 2.497 1.    0.
   5 1991   54 17431.  22.3 33.6 2.506 1.    4.
   5 1991   55 17464.  22.6 33.6 2.514 1.    3.
   5 1991   56 17498.  22.9 33.5 2.522 1.    0.
   5 1991   57 17531.  23.2 33.5 2.530 1.    1.
   5 1991   58 17565.  23.5 33.5 2.538 1.    0.
   5 1991   59 17598.  23.7 33.5 2.546 1.    0.
   5 1991   60 17632.  24.0 33.5 2.555 1.    0.
   5 1991   61 17665.  24.3 33.5 2.563 1.    0.
   5 1991   62 17699.  24.6 33.5 2.571 1.    0.
   5 1991   63 17732.  24.9 33.5 2.579 1.    0.
   5 1991   64 17766.  25.1 33.4 2.587 1.    0.
   5 1991   65 17799.  25.4 33.4 2.595 1.    4.
   5 1991   66 17832.  25.7 33.4 2.604 1.    0.
   5 1991   67 17866.  26.0 33.4 2.612 1.    9.
   5 1991   68 17899.  26.3 33.4 2.620 1.    0.
   5 1991   69 17933.  26.5 33.4 2.628 1.    0.
   5 1991   70 17966.  26.8 33.4 2.636 1.    0.
   5 1991   71 18000.  27.1 33.4 2.644 1.    0.
   5 1991   72 18033.  27.4 33.4 2.653 1.    0.
   5 1991   73 18067.  27.7 33.3 2.661 1.   11.
   5 1991   74 18100.  27.9 33.3 2.669 1.   25.
   5 1991   75 18114.  27.7 33.3 2.670 1.    0.
   5 1991   76 18128.  27.5 33.3 2.671 1.    0.
   5 1991   77 18143.  27.3 33.2 2.672 1.    0.
   5 1991   78 18157.  27.0 33.2 2.672 1.    1.
   5 1991   79 18171.  26.8 33.1 2.673 1.    0.
   5 1991   80 18185.  26.6 33.1 2.674 1.    0.
   5 1991   81 18199.  26.4 33.1 2.675 1.    0.
   5 1991   82 18214.  26.1 33.0 2.676 1.    0.
   5 1991   83 18228.  25.9 33.0 2.677 1.    0.
   5 1991   84 18242.  25.7 33.0 2.677 1.    0.
   5 1991   85 18256.  25.5 32.9 2.678 1.    0.
   5 1991   86 18270.  25.3 32.9 2.679 1.    0.
   5 1991   87 18285.  25.0 32.9 2.680 1.    0.
   5 1991   88 18299.  24.8 32.8 2.681 1.    0.
   5 1991   89 18313.  24.6 32.8 2.682 1.    0.
   5 1991   90 18327.  24.4 32.7 2.682 1.    0.
   5 1991   91 18341.  24.1 32.7 2.683 1.    0.
   5 1991   92 18355.  23.9 32.7 2.684 1.    0.
   5 1991   93 18370.  23.7 32.6 2.685 1.    0.
   5 1991   94 18384.  23.5 32.6 2.686 1.    0.
   5 1991   95 18398.  23.3 32.6 2.687 1.    0.
   5 1991   96 18412.  23.0 32.5 2.687 1.    0.
   5 1991   97 18426.  22.8 32.5 2.688 1.    0.
   5 1991   98 18441.  22.6 32.5 2.689 2.    0.
   5 1991   99 18455.  22.4 32.4 2.690 2.    0.
   5 1991  100 18469.  22.1 32.4 2.691 2.    0.
   5 1991  101 18483.  21.9 32.3 2.692 2.    0.
   5 1991  102 18497.  21.7 32.3 2.692 2.    0.
   5 1991  103 18512.  21.5 32.3 2.693 2.    0.
   5 1991  104 18526.  21.3 32.2 2.694 2.    0.
   5 1991  105 18540.  21.0 32.2 2.695 2.    0.
   5 1991  106 18476.  21.1 32.2 2.699 2.    0.
   5 1991  107 18411.  21.1 32.1 2.702 2.    0.
   5 1991  108 18347.  21.1 32.1 2.706 2.    0.
   5 1991  109 18283.  21.2 32.0 2.709 2.    0.
   5 1991  110 18218.  21.2 32.0 2.713 2.    0.
   5 1991  111 18154.  21.2 31.9 2.716 2.    0.
   5 1991  112 18090.  21.2 31.9 2.720 2.    0.
   5 1991  113 18025.  21.3 31.8 2.723 2.    0.
   5 1991  114 17961.  21.3 31.8 2.727 2.    0.
   5 1991  115 17897.  21.3 31.7 2.730 2.    0.
   5 1991  116 17832.  21.4 31.7 2.734 2.    0.
   5 1991  117 17768.  21.4 31.6 2.737 2.    0.
   5 1991  118 17704.  21.4 31.6 2.741 2.    0.
   5 1991  119 17639.  21.5 31.5 2.744 2.    0.
   5 1991  120 17575.  21.5 31.5 2.748 2.    0.
   5 1991  121 17511.  21.5 31.4 2.752 1.    0.
   5 1991  122 17446.  21.6 31.4 2.755 1.    0.
   5 1991  123 17382.  21.6 31.3 2.759 1.    0.
   5 1991  124 17318.  21.6 31.3 2.762 1.    0.
   5 1991  125 17253.  21.7 31.2 2.766 1.    0.
   5 1991  126 17189.  21.7 31.2 2.769 1.    0.
   5 1991  127 17125.  21.7 31.1 2.773 1.    0.
   5 1991  128 17060.  21.8 31.1 2.776 1.    0.
   5 1991  129 16996.  21.8 31.0 2.780 1.    0.
   5 1991  130 16932.  21.8 31.0 2.783 1.    0.
   5 1991  131 16867.  21.8 30.9 2.787 1.    0.
   5 1991  132 16803.  21.9 30.9 2.790 1.    8.
   5 1991  133 16739.  21.9 30.8 2.794 1.    0.
   5 1991  134 16674.  21.9 30.8 2.797 1.    0.
   5 1991  135 16610.  22.0 30.7 2.801 1.    0.
   5 1991  136 16611.  22.0 30.7 2.800 1.    0.
   5 1991  137 16612.  22.0 30.7 2.800 1.    0.
   5 1991  138 16613.  21.9 30.7 2.799 1.    0.
   5 1991  139 16614.  21.9 30.7 2.799 1.    0.
   5 1991  140 16615.  21.9 30.6 2.798 1.    0.
   5 1991  141 16616.  21.9 30.6 2.798 1.    0.
   5 1991  142 16617.  21.9 30.6 2.797 1.    0.
   5 1991  143 16618.  21.9 30.6 2.797 1.    0.
   5 1991  144 16619.  21.9 30.6 2.796 1.    0.
   5 1991  145 16620.  21.9 30.6 2.796 1.    0.
   5 1991  146 16621.  21.9 30.5 2.795 1.    4.
   5 1991  147 16622.  21.9 30.5 2.795 1.    0.
   5 1991  148 16623.  21.9 30.5 2.794 1.    0.
   5 1991  149 16624.  21.8 30.5 2.794 1.    0.
   5 1991  150 16625.  21.8 30.5 2.793 1.    4.
   5 1991  151 16625.  21.8 30.5 2.793 1.    0.
   5 1991  152 16626.  21.8 30.4 2.792 1.    0.
   5 1991  153 16627.  21.8 30.4 2.792 1.    0.
   5 1991  154 16628.  21.8 30.4 2.791 1.    0.
   5 1991  155 16629.  21.8 30.4 2.791 1.    0.
   5 1991  156 16630.  21.8 30.4 2.790 1.    0.
   5 1991  157 16631.  21.8 30.4 2.790 1.    0.
   5 1991  158 16632.  21.8 30.3 2.789 1.    0.
   5 1991  159 16633.  21.8 30.3 2.789 1.    0.
   5 1991  160 16634.  21.8 30.3 2.788 1.    3.
   5 1991  161 16635.  21.7 30.3 2.788 1.    0.
   5 1991  162 16636.  21.7 30.3 2.787 1.    2.
   5 1991  163 16637.  21.7 30.3 2.787 1.    0.
   5 1991  164 16638.  21.7 30.2 2.786 1.    5.
   5 1991  165 16639.  21.7 30.2 2.786 1.   19.
   5 1991  166 16640.  21.7 30.2 2.785 1.    0.
   5 1991  167 16562.  21.7 30.1 2.775 1.    0.
   5 1991  168 16483.  21.6 30.1 2.764 1.    0.
   5 1991  169 16405.  21.6 30.0 2.754 1.    0.
   5 1991  170 16327.  21.5 29.9 2.744 1.    0.
   5 1991  171 16248.  21.5 29.9 2.734 1.    0.
   5 1991  172 16170.  21.5 29.8 2.723 1.    0.
   5 1991  173 16092.  21.4 29.7 2.713 1.    9.
   5 1991  174 16013.  21.4 29.6 2.703 1.    4.
   5 1991  175 15935.  21.4 29.6 2.693 1.    0.
   5 1991  176 15857.  21.3 29.5 2.682 1.    5.
   5 1991  177 15778.  21.3 29.4 2.672 1.    0.
   5 1991  178 15700.  21.2 29.4 2.662 1.    0.
   5 1991  179 15622.  21.2 29.3 2.652 1.    0.
   5 1991  180 15543.  21.2 29.2 2.641 1.    8.
   5 1991  181 15465.  21.1 29.1 2.631 1.    0.
   5 1991  182 15387.  21.1 29.1 2.621 1.    0.
   5 1991  183 15308.  21.1 29.0 2.610 1.    0.
   5 1991  184 15230.  21.0 28.9 2.600 1.    6.
   5 1991  185 15152.  21.0 28.9 2.590 1.   48.
   5 1991  186 15073.  20.9 28.8 2.580 1.    1.
   5 1991  187 14995.  20.9 28.7 2.569 1.    0.
   5 1991  188 14917.  20.9 28.7 2.559 1.    1.
   5 1991  189 14838.  20.8 28.6 2.549 1.   12.
   5 1991  190 14760.  20.8 28.5 2.539 1.    0.
   5 1991  191 14682.  20.8 28.5 2.528 1.    0.
   5 1991  192 14603.  20.7 28.4 2.518 1.    0.
   5 1991  193 14525.  20.7 28.3 2.508 1.    0.
   5 1991  194 14447.  20.6 28.2 2.498 1.   36.
   5 1991  195 14368.  20.6 28.2 2.487 1.    0.
   5 1991  196 14290.  20.6 28.1 2.477 1.    0.
   5 1991  197 14287.  20.6 28.1 2.481 1.    0.
   5 1991  198 14284.  20.5 28.1 2.485 1.    0.
   5 1991  199 14281.  20.5 28.1 2.489 1.    0.
   5 1991  200 14278.  20.5 28.1 2.494 1.   13.
   5 1991  201 14275.  20.5 28.1 2.498 1.    0.
   5 1991  202 14273.  20.5 28.1 2.502 1.   11.
   5 1991  203 14270.  20.5 28.1 2.506 1.    0.
   5 1991  204 14267.  20.5 28.1 2.510 1.    0.
   5 1991  205 14264.  20.4 28.1 2.514 1.   26.
   5 1991  206 14261.  20.4 28.1 2.519 1.    0.
   5 1991  207 14258.  20.4 28.1 2.523 1.    0.
   5 1991  208 14255.  20.4 28.1 2.527 1.   30.
   5 1991  209 14252.  20.4 28.1 2.531 1.    6.
   5 1991  210 14249.  20.4 28.1 2.535 1.    0.
   5 1991  211 14246.  20.4 28.1 2.539 1.    0.
   5 1991  212 14244.  20.3 28.1 2.544 1.    0.
   5 1991  213 14241.  20.3 28.1 2.548 1.    0.
   5 1991  214 14238.  20.3 28.1 2.552 1.    0.
   5 1991  215 14235.  20.3 28.1 2.556 1.   28.
   5 1991  216 14232.  20.3 28.1 2.560 1.   11.
   5 1991  217 14229.  20.3 28.1 2.564 1.    0.
   5 1991  218 14226.  20.3 28.1 2.569 1.    0.
   5 1991  219 14223.  20.2 28.1 2.573 1.    0.
   5 1991  220 14220.  20.2 28.1 2.577 1.    0.
   5 1991  221 14217.  20.2 28.1 2.581 1.    6.
   5 1991  222 14215.  20.2 28.1 2.585 1.    0.
   5 1991  223 14212.  20.2 28.1 2.589 1.   24.
   5 1991  224 14209.  20.2 28.1 2.594 1.    0.
   5 1991  225 14206.  20.2 28.1 2.598 1.   10.
   5 1991  226 14203.  20.1 28.1 2.602 1.    0.
   5 1991  227 14200.  20.1 28.1 2.606 1.    1.
   5 1991  228 14262.  20.2 28.1 2.609 1.   22.
   5 1991  229 14324.  20.2 28.2 2.612 1.    0.
   5 1991  230 14386.  20.2 28.2 2.616 1.    0.
   5 1991  231 14448.  20.2 28.3 2.619 1.    0.
   5 1991  232 14510.  20.2 28.3 2.622 1.    0.
   5 1991  233 14572.  20.3 28.4 2.625 1.   27.
   5 1991  234 14634.  20.3 28.4 2.628 1.   14.
   5 1991  235 14695.  20.3 28.5 2.632 1.    0.
   5 1991  236 14757.  20.3 28.5 2.635 1.    5.
   5 1991  237 14819.  20.4 28.6 2.638 1.   25.
   5 1991  238 14881.  20.4 28.6 2.641 1.   36.
   5 1991  239 14943.  20.4 28.7 2.644 1.    1.
   5 1991  240 15005.  20.4 28.7 2.648 1.    1.
   5 1991  241 15067.  20.4 28.7 2.651 1.   20.
   5 1991  242 15129.  20.5 28.8 2.654 1.   20.
   5 1991  243 15191.  20.5 28.8 2.657 1.    0.
   5 1991  244 15253.  20.5 28.9 2.660 1.   12.
   5 1991  245 15315.  20.5 28.9 2.663 1.   21.
   5 1991  246 15377.  20.6 29.0 2.667 1.    1.
   5 1991  247 15439.  20.6 29.0 2.670 1.    0.
   5 1991  248 15501.  20.6 29.1 2.673 1.    0.
   5 1991  249 15563.  20.6 29.1 2.676 1.    0.
   5 1991  250 15625.  20.6 29.2 2.679 1.    0.
   5 1991  251 15686.  20.7 29.2 2.683 1.    0.
   5 1991  252 15748.  20.7 29.3 2.686 1.    0.
   5 1991  253 15810.  20.7 29.3 2.689 1.    0.
   5 1991  254 15872.  20.7 29.3 2.692 1.    0.
   5 1991  255 15934.  20.8 29.4 2.695 1.    3.
   5 1991  256 15996.  20.8 29.4 2.699 1.    0.
   5 1991  257 16058.  20.8 29.5 2.702 1.    6.
   5 1991  258 16120.  20.8 29.5 2.705 1.    0.
   5 1991  259 16176.  20.8 29.5 2.702 1.    0.
   5 1991  260 16233.  20.8 29.5 2.699 1.    0.
   5 1991  261 16289.  20.8 29.5 2.696 1.    2.
   5 1991  262 16345.  20.7 29.5 2.693 1.    0.
   5 1991  263 16402.  20.7 29.5 2.690 1.    0.
   5 1991  264 16458.  20.7 29.5 2.687 1.    0.
   5 1991  265 16514.  20.7 29.5 2.684 1.   19.
   5 1991  266 16571.  20.6 29.5 2.681 1.    0.
   5 1991  267 16627.  20.6 29.5 2.678 1.    0.
   5 1991  268 16683.  20.6 29.4 2.675 1.    0.
   5 1991  269 16740.  20.6 29.4 2.672 1.    0.
   5 1991  270 16796.  20.5 29.4 2.669 1.    0.
   5 1991  271 16852.  20.5 29.4 2.666 1.   25.
   5 1991  272 16909.  20.5 29.4 2.663 1.   40.
   5 1991  273 16965.  20.5 29.4 2.659 1.   37.
   5 1991  274 17021.  20.4 29.4 2.656 1.    2.
   5 1991  275 17078.  20.4 29.4 2.653 1.    4.
   5 1991  276 17134.  20.4 29.4 2.650 1.    0.
   5 1991  277 17190.  20.4 29.4 2.647 1.    0.
   5 1991  278 17247.  20.3 29.4 2.644 1.    0.
   5 1991  279 17303.  20.3 29.3 2.641 1.    0.
   5 1991  280 17359.  20.3 29.3 2.638 1.    0.
   5 1991  281 17416.  20.3 29.3 2.635 1.    0.
   5 1991  282 17472.  20.2 29.3 2.632 1.    0.
   5 1991  283 17528.  20.2 29.3 2.629 1.    2.
   5 1991  284 17585.  20.2 29.3 2.626 1.    0.
   5 1991  285 17641.  20.2 29.3 2.623 1.    0.
   5 1991  286 17697.  20.1 29.3 2.620 1.   11.
   5 1991  287 17754.  20.1 29.3 2.617 1.    0.
   5 1991  288 17810.  20.1 29.3 2.614 1.    2.
   5 1991  289 17762.  20.1 29.3 2.615 1.    2.
   5 1991  290 17713.  20.1 29.3 2.616 1.    0.
   5 1991  291 17665.  20.0 29.3 2.617 1.    0.
   5 1991  292 17616.  20.0 29.3 2.618 1.    0.
   5 1991  293 17568.  20.0 29.3 2.619 1.   12.
   5 1991  294 17520.  20.0 29.4 2.620 1.    2.
   5 1991  295 17471.  20.0 29.4 2.621 1.    0.
   5 1991  296 17423.  20.0 29.4 2.622 1.    0.
   5 1991  297 17375.  19.9 29.4 2.623 1.    0.
   5 1991  298 17326.  19.9 29.4 2.624 1.    0.
   5 1991  299 17278.  19.9 29.4 2.625 1.    0.
   5 1991  300 17229.  19.9 29.4 2.626 1.    2.
   5 1991  301 17181.  19.9 29.5 2.627 1.    2.
   5 1991  302 17133.  19.8 29.5 2.628 1.    6.
   5 1991  303 17084.  19.8 29.5 2.629 1.    0.
   5 1991  304 17036.  19.8 29.5 2.631 1.    2.
   5 1991  305 16987.  19.8 29.5 2.632 1.    9.
   5 1991  306 16939.  19.8 29.5 2.633 1.    2.
   5 1991  307 16891.  19.8 29.5 2.634 1.    3.
   5 1991  308 16842.  19.7 29.5 2.635 1.    0.
   5 1991  309 16794.  19.7 29.6 2.636 1.    0.
   5 1991  310 16745.  19.7 29.6 2.637 1.    6.
   5 1991  311 16697.  19.7 29.6 2.638 1.    1.
   5 1991  312 16649.  19.7 29.6 2.639 1.   72.
   5 1991  313 16600.  19.6 29.6 2.640 1.    0.
   5 1991  314 16552.  19.6 29.6 2.641 1.    4.
   5 1991  315 16504.  19.6 29.6 2.642 1.   59.
   5 1991  316 16455.  19.6 29.7 2.643 1.    9.
   5 1991  317 16407.  19.6 29.7 2.644 1.   19.
   5 1991  318 16358.  19.5 29.7 2.645 1.    0.
   5 1991  319 16310.  19.5 29.7 2.646 1.    0.
   5 1991  320 16307.  19.4 29.7 2.633 1.    2.
   5 1991  321 16303.  19.3 29.7 2.620 1.   13.
   5 1991  322 16300.  19.3 29.8 2.607 1.   17.
   5 1991  323 16297.  19.2 29.8 2.594 1.    2.
   5 1991  324 16293.  19.1 29.8 2.581 1.   27.
   5 1991  325 16290.  19.0 29.8 2.569 1.    0.
   5 1991  326 16287.  18.9 29.8 2.556 1.   24.
   5 1991  327 16283.  18.8 29.9 2.543 1.   17.
   5 1991  328 16280.  18.7 29.9 2.530 1.    1.
   5 1991  329 16277.  18.6 29.9 2.517 1.   49.
   5 1991  330 16273.  18.5 29.9 2.504 1.   22.
   5 1991  331 16270.  18.4 29.9 2.491 1.    0.
   5 1991  332 16267.  18.3 29.9 2.478 1.   28.
   5 1991  333 16263.  18.3 30.0 2.465 1.    3.
   5 1991  334 16260.  18.2 30.0 2.453 1.    0.
   5 1991  335 16257.  18.1 30.0 2.440 1.    0.
   5 1991  336 16253.  18.0 30.0 2.427 1.    0.
   5 1991  337 16250.  17.9 30.0 2.414 1.    9.
   5 1991  338 16247.  17.8 30.1 2.401 1.    7.
   5 1991  339 16243.  17.7 30.1 2.388 1.    0.
   5 1991  340 16240.  17.6 30.1 2.375 1.    6.
   5 1991  341 16237.  17.5 30.1 2.362 1.    3.
   5 1991  342 16233.  17.4 30.1 2.349 1.    1.
   5 1991  343 16230.  17.3 30.2 2.336 1.    0.
   5 1991  344 16227.  17.3 30.2 2.324 1.    0.
   5 1991  345 16223.  17.2 30.2 2.311 1.    2.
   5 1991  346 16220.  17.1 30.2 2.298 1.    0.
   5 1991  347 16217.  17.0 30.2 2.285 1.    2.
   5 1991  348 16213.  16.9 30.3 2.272 1.   16.
   5 1991  349 16210.  16.8 30.3 2.259 1.    0.
   5 1991  350 16278.  16.8 30.3 2.259 1.    0.
   5 1991  351 16345.  16.8 30.4 2.258 1.    0.
   5 1991  352 16412.  16.8 30.4 2.258 1.   18.
   5 1991  353 16480.  16.8 30.4 2.257 1.    0.
   5 1991  354 16548.  16.8 30.5 2.257 1.    4.
   5 1991  355 16615.  16.9 30.5 2.256 1.    1.
   5 1991  356 16682.  16.9 30.6 2.256 1.   40.
   5 1991  357 16750.  16.9 30.6 2.255 1.    0.
   5 1991  358 16818.  16.9 30.6 2.255 1.    0.
   5 1991  359 16885.  16.9 30.7 2.254 1.    0.
   5 1991  360 16953.  16.9 30.7 2.254 1.    0.
   5 1991  361 17020.  16.9 30.8 2.253 1.    2.
   5 1991  362 17088.  16.9 30.8 2.253 1.    1.
   5 1991  363 17155.  16.9 30.9 2.252 1.   29.
   5 1991  364 17223.  16.9 30.9 2.252 1.   15.
   5 1991  365 17290.  17.0 30.9 2.251 2.   19.
