*---------------------------------------------------------*
*   Country: Cote d'Ivoire
*   Station: Gagnoa
*      Year: 1994
* Longitude: 005 57 W
*  Latitude: 06 08 N
* Elevation: 214 m.
*  WMO-code: 65.5570
*  Comments:
*            Automatically generated file from *.WOF file
*
*  Columns:
*  ========
*  station number
*  year
*  day
*  irradiation (kJ m-2 d-1)
*  minimum temperature (degrees Celsius)
*  maximum temperature (degrees Celsius)
*  vapour pressure (kPa)
*  mean wind speed (m s-1)
*  precipitation (mm month-1)
*---------------------------------------------------------*
  -5.95   6.13   214. 0.00 0.00
   7 1994    1 16120.  20.3 32.6 2.460 1.    0.
   7 1994    2 16116.  20.3 32.6 2.461 1.    0.
   7 1994    3 16113.  20.4 32.6 2.461 1.    0.
   7 1994    4 16109.  20.4 32.7 2.462 1.    0.
   7 1994    5 16106.  20.4 32.7 2.463 1.    0.
   7 1994    6 16102.  20.4 32.7 2.464 1.    0.
   7 1994    7 16099.  20.4 32.7 2.464 1.    0.
   7 1994    8 16095.  20.4 32.7 2.465 2.    0.
   7 1994    9 16091.  20.4 32.8 2.466 2.    1.
   7 1994   10 16088.  20.5 32.8 2.466 2.    0.
   7 1994   11 16084.  20.5 32.8 2.467 2.    0.
   7 1994   12 16081.  20.5 32.8 2.468 2.    0.
   7 1994   13 16077.  20.5 32.8 2.469 2.    0.
   7 1994   14 16074.  20.5 32.9 2.469 2.    0.
   7 1994   15 16070.  20.5 32.9 2.470 2.    0.
   7 1994   16 16077.  20.6 32.9 2.475 2.    0.
   7 1994   17 16085.  20.6 33.0 2.479 2.    0.
   7 1994   18 16092.  20.7 33.0 2.484 2.    0.
   7 1994   19 16099.  20.7 33.0 2.489 2.    0.
   7 1994   20 16107.  20.8 33.1 2.494 2.    0.
   7 1994   21 16114.  20.8 33.1 2.498 2.    0.
   7 1994   22 16121.  20.9 33.2 2.503 2.    0.
   7 1994   23 16129.  20.9 33.2 2.508 2.    0.
   7 1994   24 16136.  21.0 33.3 2.512 2.    0.
   7 1994   25 16143.  21.0 33.3 2.517 2.    0.
   7 1994   26 16151.  21.0 33.4 2.522 2.    0.
   7 1994   27 16158.  21.1 33.4 2.526 2.    0.
   7 1994   28 16165.  21.1 33.4 2.531 2.    0.
   7 1994   29 16173.  21.2 33.5 2.536 2.    0.
   7 1994   30 16180.  21.2 33.5 2.541 2.    0.
   7 1994   31 16187.  21.3 33.6 2.545 2.    0.
   7 1994   32 16195.  21.3 33.6 2.550 2.    1.
   7 1994   33 16202.  21.4 33.7 2.555 2.    0.
   7 1994   34 16209.  21.4 33.7 2.559 2.    0.
   7 1994   35 16217.  21.5 33.8 2.564 2.    0.
   7 1994   36 16224.  21.5 33.8 2.569 2.   14.
   7 1994   37 16231.  21.6 33.8 2.573 2.    0.
   7 1994   38 16239.  21.6 33.9 2.578 1.   19.
   7 1994   39 16246.  21.6 33.9 2.583 1.    0.
   7 1994   40 16253.  21.7 34.0 2.588 1.    0.
   7 1994   41 16261.  21.7 34.0 2.592 1.    2.
   7 1994   42 16268.  21.8 34.1 2.597 1.    0.
   7 1994   43 16275.  21.8 34.1 2.602 1.   17.
   7 1994   44 16283.  21.9 34.2 2.606 1.    0.
   7 1994   45 16290.  21.9 34.2 2.611 1.    0.
   7 1994   46 16360.  21.9 34.1 2.614 1.    0.
   7 1994   47 16429.  21.9 34.0 2.617 1.    0.
   7 1994   48 16499.  21.9 33.9 2.621 1.    0.
   7 1994   49 16569.  21.9 33.8 2.624 1.    0.
   7 1994   50 16638.  21.9 33.8 2.627 1.    0.
   7 1994   51 16708.  21.9 33.7 2.630 1.    0.
   7 1994   52 16778.  21.9 33.6 2.634 1.    0.
   7 1994   53 16847.  21.9 33.5 2.637 1.    0.
   7 1994   54 16917.  21.9 33.4 2.640 1.    0.
   7 1994   55 16987.  21.9 33.3 2.643 1.    0.
   7 1994   56 17056.  21.9 33.2 2.647 1.    0.
   7 1994   57 17126.  21.9 33.1 2.650 1.    7.
   7 1994   58 17196.  21.9 33.0 2.653 1.    0.
   7 1994   59 17265.  21.9 33.0 2.656 1.    0.
   7 1994   60 17335.  22.0 32.9 2.660 1.   18.
   7 1994   61 17404.  22.0 32.8 2.663 1.    0.
   7 1994   62 17474.  22.0 32.7 2.666 1.    0.
   7 1994   63 17544.  22.0 32.6 2.669 1.    0.
   7 1994   64 17613.  22.0 32.5 2.673 1.    0.
   7 1994   65 17683.  22.0 32.4 2.676 1.    0.
   7 1994   66 17753.  22.0 32.3 2.679 1.    0.
   7 1994   67 17822.  22.0 32.3 2.682 1.    0.
   7 1994   68 17892.  22.0 32.2 2.686 1.    0.
   7 1994   69 17962.  22.0 32.1 2.689 1.    0.
   7 1994   70 18031.  22.0 32.0 2.692 1.    1.
   7 1994   71 18101.  22.0 31.9 2.695 1.    0.
   7 1994   72 18171.  22.0 31.8 2.699 1.   53.
   7 1994   73 18240.  22.0 31.7 2.702 1.   51.
   7 1994   74 18310.  22.0 31.6 2.705 1.    0.
   7 1994   75 18294.  22.0 31.7 2.709 1.    9.
   7 1994   76 18277.  22.0 31.7 2.713 1.    0.
   7 1994   77 18261.  22.0 31.8 2.717 1.    0.
   7 1994   78 18244.  22.1 31.8 2.721 1.    0.
   7 1994   79 18228.  22.1 31.8 2.725 1.    0.
   7 1994   80 18211.  22.1 31.9 2.729 1.    0.
   7 1994   81 18195.  22.1 31.9 2.733 1.    0.
   7 1994   82 18178.  22.1 32.0 2.738 1.    0.
   7 1994   83 18162.  22.2 32.0 2.742 1.    9.
   7 1994   84 18145.  22.2 32.0 2.746 1.    0.
   7 1994   85 18129.  22.2 32.1 2.750 1.    0.
   7 1994   86 18113.  22.2 32.1 2.754 1.    7.
   7 1994   87 18096.  22.2 32.2 2.758 1.    9.
   7 1994   88 18080.  22.3 32.2 2.762 1.    0.
   7 1994   89 18063.  22.3 32.2 2.766 1.    0.
   7 1994   90 18047.  22.3 32.3 2.770 1.   18.
   7 1994   91 18030.  22.3 32.3 2.774 1.    8.
   7 1994   92 18014.  22.3 32.4 2.778 1.    0.
   7 1994   93 17997.  22.4 32.4 2.782 1.    0.
   7 1994   94 17981.  22.4 32.4 2.786 0.    0.
   7 1994   95 17965.  22.4 32.5 2.790 0.   48.
   7 1994   96 17948.  22.4 32.5 2.794 0.    0.
   7 1994   97 17932.  22.4 32.6 2.798 0.    0.
   7 1994   98 17915.  22.5 32.6 2.803 0.    0.
   7 1994   99 17899.  22.5 32.7 2.807 0.   18.
   7 1994  100 17882.  22.5 32.7 2.811 0.    0.
   7 1994  101 17866.  22.5 32.7 2.815 0.   88.
   7 1994  102 17849.  22.5 32.8 2.819 0.    0.
   7 1994  103 17833.  22.6 32.8 2.823 0.    0.
   7 1994  104 17816.  22.6 32.9 2.827 0.    0.
   7 1994  105 17800.  22.6 32.9 2.831 0.    0.
   7 1994  106 17750.  22.6 32.9 2.831 0.    0.
   7 1994  107 17700.  22.6 32.8 2.832 0.    0.
   7 1994  108 17650.  22.6 32.8 2.832 0.    0.
   7 1994  109 17600.  22.6 32.8 2.832 0.    0.
   7 1994  110 17550.  22.6 32.7 2.833 0.   29.
   7 1994  111 17500.  22.6 32.7 2.833 0.    0.
   7 1994  112 17450.  22.6 32.7 2.833 0.   11.
   7 1994  113 17400.  22.6 32.6 2.834 0.    0.
   7 1994  114 17350.  22.6 32.6 2.834 0.    2.
   7 1994  115 17300.  22.6 32.6 2.834 0.    0.
   7 1994  116 17250.  22.6 32.5 2.835 0.    0.
   7 1994  117 17200.  22.6 32.5 2.835 0.    0.
   7 1994  118 17150.  22.6 32.5 2.835 0.    0.
   7 1994  119 17100.  22.6 32.4 2.836 0.   10.
   7 1994  120 17050.  22.6 32.4 2.836 0.    0.
   7 1994  121 17000.  22.6 32.4 2.836 0.    0.
   7 1994  122 16950.  22.6 32.3 2.837 0.    0.
   7 1994  123 16900.  22.6 32.3 2.837 0.    0.
   7 1994  124 16850.  22.6 32.3 2.837 0.   11.
   7 1994  125 16800.  22.6 32.2 2.838 0.    2.
   7 1994  126 16750.  22.6 32.2 2.838 0.    4.
   7 1994  127 16700.  22.6 32.2 2.838 0.    5.
   7 1994  128 16650.  22.6 32.1 2.839 0.    0.
   7 1994  129 16600.  22.6 32.1 2.839 0.    0.
   7 1994  130 16550.  22.6 32.1 2.839 0.    0.
   7 1994  131 16500.  22.6 32.0 2.840 0.    0.
   7 1994  132 16450.  22.6 32.0 2.840 0.    0.
   7 1994  133 16400.  22.6 32.0 2.840 0.    0.
   7 1994  134 16350.  22.6 31.9 2.841 0.    0.
   7 1994  135 16300.  22.6 31.9 2.841 0.    0.
   7 1994  136 16235.  22.6 31.8 2.838 0.    0.
   7 1994  137 16169.  22.5 31.8 2.835 0.    6.
   7 1994  138 16104.  22.5 31.7 2.832 0.   23.
   7 1994  139 16038.  22.5 31.7 2.828 0.    0.
   7 1994  140 15973.  22.4 31.6 2.825 0.   13.
   7 1994  141 15907.  22.4 31.6 2.822 0.    0.
   7 1994  142 15842.  22.4 31.5 2.819 0.   12.
   7 1994  143 15776.  22.3 31.4 2.816 0.    0.
   7 1994  144 15711.  22.3 31.4 2.813 0.    0.
   7 1994  145 15645.  22.2 31.3 2.809 0.    0.
   7 1994  146 15580.  22.2 31.3 2.806 0.    0.
   7 1994  147 15514.  22.2 31.2 2.803 0.    0.
   7 1994  148 15449.  22.1 31.2 2.800 0.    0.
   7 1994  149 15383.  22.1 31.1 2.797 0.    0.
   7 1994  150 15318.  22.1 31.0 2.794 0.    0.
   7 1994  151 15252.  22.0 31.0 2.790 0.    6.
   7 1994  152 15187.  22.0 30.9 2.787 0.   25.
   7 1994  153 15121.  22.0 30.9 2.784 0.    5.
   7 1994  154 15056.  21.9 30.8 2.781 0.    0.
   7 1994  155 14990.  21.9 30.8 2.778 0.    7.
   7 1994  156 14925.  21.9 30.7 2.775 0.    0.
   7 1994  157 14859.  21.8 30.6 2.771 0.    5.
   7 1994  158 14794.  21.8 30.6 2.768 0.    0.
   7 1994  159 14728.  21.7 30.5 2.765 0.   35.
   7 1994  160 14663.  21.7 30.5 2.762 0.    0.
   7 1994  161 14597.  21.7 30.4 2.759 0.    0.
   7 1994  162 14532.  21.6 30.4 2.756 0.    1.
   7 1994  163 14466.  21.6 30.3 2.752 0.    0.
   7 1994  164 14401.  21.6 30.2 2.749 0.    2.
   7 1994  165 14335.  21.5 30.2 2.746 0.    0.
   7 1994  166 14270.  21.5 30.1 2.743 0.    0.
   7 1994  167 14172.  21.5 30.1 2.738 0.    3.
   7 1994  168 14075.  21.5 30.0 2.734 0.    0.
   7 1994  169 13977.  21.5 30.0 2.729 0.    0.
   7 1994  170 13879.  21.5 29.9 2.724 0.    0.
   7 1994  171 13782.  21.5 29.9 2.720 0.   20.
   7 1994  172 13684.  21.5 29.8 2.715 0.    0.
   7 1994  173 13586.  21.5 29.7 2.710 0.    9.
   7 1994  174 13489.  21.5 29.7 2.706 0.    0.
   7 1994  175 13391.  21.5 29.6 2.701 0.    0.
   7 1994  176 13293.  21.5 29.6 2.696 0.    0.
   7 1994  177 13196.  21.5 29.5 2.692 0.    0.
   7 1994  178 13098.  21.6 29.5 2.687 0.    1.
   7 1994  179 13000.  21.6 29.4 2.682 0.   11.
   7 1994  180 12903.  21.6 29.4 2.678 0.    1.
   7 1994  181 12805.  21.6 29.3 2.673 0.    8.
   7 1994  182 12707.  21.6 29.2 2.668 0.    0.
   7 1994  183 12610.  21.6 29.2 2.664 0.    2.
   7 1994  184 12512.  21.6 29.1 2.659 0.    1.
   7 1994  185 12414.  21.6 29.1 2.654 0.    0.
   7 1994  186 12317.  21.6 29.0 2.650 0.    1.
   7 1994  187 12219.  21.6 29.0 2.645 0.    0.
   7 1994  188 12121.  21.6 28.9 2.640 0.    0.
   7 1994  189 12024.  21.6 28.9 2.636 0.    0.
   7 1994  190 11926.  21.6 28.8 2.631 0.    0.
   7 1994  191 11828.  21.6 28.7 2.626 0.    9.
   7 1994  192 11731.  21.6 28.7 2.622 0.    0.
   7 1994  193 11633.  21.6 28.6 2.617 0.    0.
   7 1994  194 11535.  21.6 28.6 2.612 0.    9.
   7 1994  195 11438.  21.6 28.5 2.608 0.    0.
   7 1994  196 11340.  21.6 28.5 2.603 0.    0.
   7 1994  197 11374.  21.6 28.5 2.604 0.    0.
   7 1994  198 11407.  21.6 28.5 2.605 0.    0.
   7 1994  199 11441.  21.6 28.5 2.606 0.    0.
   7 1994  200 11474.  21.6 28.5 2.606 0.    0.
   7 1994  201 11508.  21.6 28.5 2.607 0.    0.
   7 1994  202 11541.  21.6 28.5 2.608 0.    0.
   7 1994  203 11575.  21.6 28.5 2.609 0.    0.
   7 1994  204 11608.  21.6 28.5 2.610 0.    0.
   7 1994  205 11642.  21.6 28.5 2.611 0.    9.
   7 1994  206 11675.  21.6 28.5 2.611 0.    0.
   7 1994  207 11709.  21.6 28.6 2.612 0.    0.
   7 1994  208 11743.  21.6 28.6 2.613 0.    0.
   7 1994  209 11776.  21.6 28.6 2.614 0.    8.
   7 1994  210 11810.  21.6 28.6 2.615 0.    0.
   7 1994  211 11843.  21.6 28.6 2.616 0.    0.
   7 1994  212 11877.  21.6 28.6 2.616 0.    0.
   7 1994  213 11910.  21.6 28.6 2.617 0.   12.
   7 1994  214 11944.  21.6 28.6 2.618 0.    0.
   7 1994  215 11977.  21.6 28.6 2.619 0.    0.
   7 1994  216 12011.  21.5 28.6 2.620 0.    4.
   7 1994  217 12045.  21.5 28.6 2.621 0.    6.
   7 1994  218 12078.  21.5 28.6 2.621 0.    3.
   7 1994  219 12112.  21.5 28.6 2.622 0.    4.
   7 1994  220 12145.  21.5 28.6 2.623 0.    0.
   7 1994  221 12179.  21.5 28.7 2.624 0.    3.
   7 1994  222 12212.  21.5 28.7 2.625 0.    0.
   7 1994  223 12246.  21.5 28.7 2.626 0.    3.
   7 1994  224 12279.  21.5 28.7 2.626 0.    0.
   7 1994  225 12313.  21.5 28.7 2.627 0.    0.
   7 1994  226 12346.  21.5 28.7 2.628 0.    0.
   7 1994  227 12380.  21.5 28.7 2.629 0.    5.
   7 1994  228 12395.  21.5 28.7 2.633 0.   16.
   7 1994  229 12410.  21.5 28.7 2.637 0.    0.
   7 1994  230 12425.  21.6 28.8 2.641 0.    0.
   7 1994  231 12441.  21.6 28.8 2.645 0.    0.
   7 1994  232 12456.  21.6 28.8 2.649 0.    0.
   7 1994  233 12471.  21.6 28.8 2.653 0.    0.
   7 1994  234 12486.  21.7 28.9 2.657 0.    0.
   7 1994  235 12501.  21.7 28.9 2.661 0.    1.
   7 1994  236 12516.  21.7 28.9 2.665 0.    3.
   7 1994  237 12532.  21.7 28.9 2.669 0.    0.
   7 1994  238 12547.  21.8 28.9 2.673 0.    7.
   7 1994  239 12562.  21.8 29.0 2.677 0.    1.
   7 1994  240 12577.  21.8 29.0 2.681 0.    5.
   7 1994  241 12592.  21.8 29.0 2.685 0.    2.
   7 1994  242 12607.  21.9 29.0 2.689 0.    5.
   7 1994  243 12623.  21.9 29.1 2.692 0.    2.
   7 1994  244 12638.  21.9 29.1 2.696 0.    0.
   7 1994  245 12653.  21.9 29.1 2.700 0.    9.
   7 1994  246 12668.  21.9 29.1 2.704 0.    8.
   7 1994  247 12683.  22.0 29.2 2.708 0.    9.
   7 1994  248 12698.  22.0 29.2 2.712 0.   30.
   7 1994  249 12714.  22.0 29.2 2.716 0.    0.
   7 1994  250 12729.  22.0 29.2 2.720 0.    4.
   7 1994  251 12744.  22.1 29.2 2.724 0.    3.
   7 1994  252 12759.  22.1 29.3 2.728 0.    3.
   7 1994  253 12774.  22.1 29.3 2.732 0.   11.
   7 1994  254 12789.  22.1 29.3 2.736 0.    0.
   7 1994  255 12805.  22.2 29.3 2.740 0.    0.
   7 1994  256 12820.  22.2 29.4 2.744 0.    0.
   7 1994  257 12835.  22.2 29.4 2.748 0.   16.
   7 1994  258 12850.  22.2 29.4 2.752 0.    0.
   7 1994  259 12960.  22.2 29.5 2.753 0.    1.
   7 1994  260 13071.  22.2 29.5 2.753 0.    2.
   7 1994  261 13181.  22.2 29.6 2.754 0.   17.
   7 1994  262 13291.  22.2 29.6 2.754 0.    0.
   7 1994  263 13402.  22.2 29.7 2.755 0.    1.
   7 1994  264 13512.  22.2 29.7 2.755 0.    0.
   7 1994  265 13622.  22.2 29.8 2.756 0.    0.
   7 1994  266 13733.  22.2 29.8 2.756 0.    9.
   7 1994  267 13843.  22.2 29.9 2.757 0.    0.
   7 1994  268 13953.  22.2 29.9 2.757 0.    0.
   7 1994  269 14064.  22.2 30.0 2.758 0.    0.
   7 1994  270 14174.  22.2 30.0 2.758 0.    0.
   7 1994  271 14284.  22.2 30.1 2.759 0.    0.
   7 1994  272 14395.  22.2 30.1 2.759 0.    0.
   7 1994  273 14505.  22.2 30.2 2.760 0.   11.
   7 1994  274 14615.  22.2 30.3 2.761 0.    0.
   7 1994  275 14726.  22.2 30.3 2.761 0.   27.
   7 1994  276 14836.  22.2 30.4 2.762 0.    0.
   7 1994  277 14946.  22.2 30.4 2.762 0.   21.
   7 1994  278 15057.  22.2 30.5 2.763 0.   14.
   7 1994  279 15167.  22.2 30.5 2.763 0.    1.
   7 1994  280 15277.  22.2 30.6 2.764 0.    0.
   7 1994  281 15388.  22.2 30.6 2.764 0.    0.
   7 1994  282 15498.  22.2 30.7 2.765 0.    0.
   7 1994  283 15608.  22.2 30.7 2.765 0.    0.
   7 1994  284 15719.  22.2 30.8 2.766 0.    0.
   7 1994  285 15829.  22.2 30.8 2.766 0.   13.
   7 1994  286 15939.  22.2 30.9 2.767 0.   24.
   7 1994  287 16050.  22.2 30.9 2.767 0.   20.
   7 1994  288 16160.  22.2 31.0 2.768 0.    0.
   7 1994  289 16173.  22.2 31.0 2.767 0.    8.
   7 1994  290 16186.  22.1 31.0 2.767 0.    1.
   7 1994  291 16199.  22.1 31.1 2.766 0.   17.
   7 1994  292 16212.  22.1 31.1 2.766 0.    9.
   7 1994  293 16225.  22.1 31.1 2.765 0.   19.
   7 1994  294 16237.  22.1 31.1 2.764 0.    0.
   7 1994  295 16250.  22.1 31.2 2.764 0.    0.
   7 1994  296 16263.  22.1 31.2 2.763 0.   20.
   7 1994  297 16276.  22.0 31.2 2.762 0.    0.
   7 1994  298 16289.  22.0 31.2 2.762 0.    0.
   7 1994  299 16302.  22.0 31.3 2.761 0.    0.
   7 1994  300 16315.  22.0 31.3 2.761 0.    0.
   7 1994  301 16328.  22.0 31.3 2.760 0.    0.
   7 1994  302 16341.  22.0 31.3 2.759 0.    0.
   7 1994  303 16354.  22.0 31.4 2.759 0.   28.
   7 1994  304 16366.  21.9 31.4 2.758 0.    4.
   7 1994  305 16379.  21.9 31.4 2.758 0.    0.
   7 1994  306 16392.  21.9 31.4 2.757 0.   31.
   7 1994  307 16405.  21.9 31.5 2.756 0.    0.
   7 1994  308 16418.  21.9 31.5 2.756 0.    0.
   7 1994  309 16431.  21.9 31.5 2.755 0.    0.
   7 1994  310 16444.  21.9 31.5 2.755 0.    0.
   7 1994  311 16457.  21.8 31.6 2.754 0.    0.
   7 1994  312 16470.  21.8 31.6 2.753 0.    0.
   7 1994  313 16483.  21.8 31.6 2.753 0.    0.
   7 1994  314 16495.  21.8 31.6 2.752 0.    0.
   7 1994  315 16508.  21.8 31.7 2.751 0.    0.
   7 1994  316 16521.  21.8 31.7 2.751 0.    0.
   7 1994  317 16534.  21.8 31.7 2.750 0.    0.
   7 1994  318 16547.  21.7 31.7 2.750 0.    0.
   7 1994  319 16560.  21.7 31.8 2.749 0.   84.
   7 1994  320 16547.  21.7 31.8 2.739 0.    0.
   7 1994  321 16534.  21.6 31.8 2.729 0.    6.
   7 1994  322 16521.  21.6 31.8 2.719 0.    0.
   7 1994  323 16508.  21.5 31.8 2.709 0.    0.
   7 1994  324 16495.  21.5 31.9 2.699 0.    9.
   7 1994  325 16482.  21.4 31.9 2.689 0.    2.
   7 1994  326 16469.  21.4 31.9 2.679 0.    0.
   7 1994  327 16456.  21.3 31.9 2.669 0.    0.
   7 1994  328 16443.  21.3 31.9 2.659 0.    0.
   7 1994  329 16430.  21.2 32.0 2.649 0.    0.
   7 1994  330 16417.  21.1 32.0 2.639 0.    0.
   7 1994  331 16404.  21.1 32.0 2.629 0.    0.
   7 1994  332 16391.  21.0 32.0 2.619 0.    0.
   7 1994  333 16378.  21.0 32.0 2.609 0.    0.
   7 1994  334 16365.  20.9 32.1 2.599 0.   12.
   7 1994  335 16352.  20.9 32.1 2.590 0.    0.
   7 1994  336 16339.  20.8 32.1 2.580 0.    0.
   7 1994  337 16326.  20.8 32.1 2.570 0.    0.
   7 1994  338 16313.  20.7 32.1 2.560 0.    0.
   7 1994  339 16300.  20.7 32.1 2.550 0.    0.
   7 1994  340 16287.  20.6 32.2 2.540 0.    0.
   7 1994  341 16274.  20.6 32.2 2.530 0.    0.
   7 1994  342 16261.  20.5 32.2 2.520 0.    0.
   7 1994  343 16248.  20.4 32.2 2.510 0.    0.
   7 1994  344 16235.  20.4 32.2 2.500 0.    0.
   7 1994  345 16222.  20.3 32.3 2.490 0.    0.
   7 1994  346 16209.  20.3 32.3 2.480 0.    0.
   7 1994  347 16196.  20.2 32.3 2.470 0.    0.
   7 1994  348 16183.  20.2 32.3 2.460 0.    0.
   7 1994  349 16170.  20.1 32.3 2.450 0.    0.
   7 1994  350 16167.  20.1 32.3 2.451 0.    0.
   7 1994  351 16164.  20.2 32.4 2.451 0.    0.
   7 1994  352 16161.  20.2 32.4 2.452 0.    0.
   7 1994  353 16157.  20.2 32.4 2.453 0.    0.
   7 1994  354 16154.  20.2 32.4 2.453 0.    0.
   7 1994  355 16151.  20.2 32.4 2.454 0.    0.
   7 1994  356 16148.  20.2 32.4 2.454 0.    0.
   7 1994  357 16145.  20.2 32.5 2.455 1.    0.
   7 1994  358 16142.  20.2 32.5 2.456 1.    0.
   7 1994  359 16139.  20.3 32.5 2.456 1.    0.
   7 1994  360 16136.  20.3 32.5 2.457 1.    0.
   7 1994  361 16133.  20.3 32.5 2.458 1.    0.
   7 1994  362 16129.  20.3 32.5 2.458 1.    0.
   7 1994  363 16126.  20.3 32.6 2.459 1.    0.
   7 1994  364 16123.  20.3 32.6 2.459 1.    0.
   7 1994  365 16120.  20.3 32.6 2.460 1.    0.
