*---------------------------------------------------------*
*   Country: Cote d'Ivoire
*   Station: Gagnoa
*      Year: 1987
* Longitude: 005 57 W
*  Latitude: 06 08 N
* Elevation: 214 m.
*  WMO-code: 65.5570
*  Comments:
*            Automatically generated file from *.WOF file
*
*  Columns:
*  ========
*  station number
*  year
*  day
*  irradiation (kJ m-2 d-1)
*  minimum temperature (degrees Celsius)
*  maximum temperature (degrees Celsius)
*  vapour pressure (kPa)
*  mean wind speed (m s-1)
*  precipitation (mm month-1)
*---------------------------------------------------------*
  -5.95   6.13   214. 0.00 0.00
   7 1987    1 14895.  20.4 32.4 2.714 0.    6.
   7 1987    2 14914.  20.4 32.4 2.720 0.    0.
   7 1987    3 14933.  20.3 32.5 2.727 0.    0.
   7 1987    4 14952.  20.3 32.6 2.734 0.    0.
   7 1987    5 14971.  20.2 32.6 2.740 0.    0.
   7 1987    6 14990.  20.2 32.7 2.747 0.    5.
   7 1987    7 15009.  20.1 32.8 2.754 0.    0.
   7 1987    8 15028.  20.1 32.8 2.760 0.    0.
   7 1987    9 15046.  20.0 32.9 2.767 0.    0.
   7 1987   10 15065.  20.0 33.0 2.774 0.    0.
   7 1987   11 15084.  19.9 33.0 2.780 0.    0.
   7 1987   12 15103.  19.9 33.1 2.787 0.    0.
   7 1987   13 15122.  19.8 33.2 2.794 0.    0.
   7 1987   14 15141.  19.8 33.2 2.800 0.    0.
   7 1987   15 15160.  19.7 33.3 2.807 0.    0.
   7 1987   16 15184.  19.8 33.3 2.803 0.    0.
   7 1987   17 15208.  19.9 33.4 2.800 0.    0.
   7 1987   18 15232.  19.9 33.4 2.796 0.    0.
   7 1987   19 15256.  20.0 33.5 2.793 0.    0.
   7 1987   20 15280.  20.1 33.5 2.789 0.    1.
   7 1987   21 15304.  20.2 33.5 2.786 0.    0.
   7 1987   22 15328.  20.2 33.6 2.782 0.    0.
   7 1987   23 15352.  20.3 33.6 2.778 0.    0.
   7 1987   24 15376.  20.4 33.7 2.775 0.    2.
   7 1987   25 15400.  20.5 33.7 2.771 0.    0.
   7 1987   26 15424.  20.5 33.7 2.768 0.    0.
   7 1987   27 15448.  20.6 33.8 2.764 0.    0.
   7 1987   28 15472.  20.7 33.8 2.761 0.    0.
   7 1987   29 15496.  20.8 33.9 2.757 0.    0.
   7 1987   30 15520.  20.9 33.9 2.753 0.    0.
   7 1987   31 15544.  20.9 33.9 2.750 0.    0.
   7 1987   32 15568.  21.0 34.0 2.746 0.   21.
   7 1987   33 15592.  21.1 34.0 2.743 0.   10.
   7 1987   34 15616.  21.2 34.1 2.739 0.    0.
   7 1987   35 15640.  21.2 34.1 2.736 0.    0.
   7 1987   36 15664.  21.3 34.1 2.732 0.    0.
   7 1987   37 15688.  21.4 34.2 2.729 0.    0.
   7 1987   38 15712.  21.5 34.2 2.725 0.    0.
   7 1987   39 15736.  21.5 34.3 2.721 0.    0.
   7 1987   40 15760.  21.6 34.3 2.718 0.    0.
   7 1987   41 15784.  21.7 34.3 2.714 0.    0.
   7 1987   42 15808.  21.8 34.4 2.711 0.    0.
   7 1987   43 15832.  21.8 34.4 2.707 0.    0.
   7 1987   44 15856.  21.9 34.5 2.704 0.   13.
   7 1987   45 15880.  22.0 34.5 2.700 0.   13.
   7 1987   46 15938.  22.0 34.4 2.705 0.   23.
   7 1987   47 15997.  22.0 34.4 2.710 0.    0.
   7 1987   48 16055.  22.0 34.4 2.714 0.    7.
   7 1987   49 16113.  22.0 34.3 2.719 0.    0.
   7 1987   50 16171.  22.0 34.3 2.724 0.    3.
   7 1987   51 16230.  22.0 34.2 2.729 0.    0.
   7 1987   52 16288.  22.0 34.2 2.734 0.    0.
   7 1987   53 16346.  22.0 34.2 2.739 0.   14.
   7 1987   54 16404.  22.0 34.1 2.743 0.    0.
   7 1987   55 16463.  22.0 34.1 2.748 0.    0.
   7 1987   56 16521.  22.0 34.0 2.753 0.    0.
   7 1987   57 16579.  22.1 34.0 2.758 0.    0.
   7 1987   58 16638.  22.1 34.0 2.763 0.    1.
   7 1987   59 16696.  22.1 33.9 2.768 0.    0.
   7 1987   60 16754.  22.1 33.9 2.772 0.    0.
   7 1987   61 16812.  22.1 33.8 2.777 0.    0.
   7 1987   62 16871.  22.1 33.8 2.782 0.   14.
   7 1987   63 16929.  22.1 33.8 2.787 0.    0.
   7 1987   64 16987.  22.1 33.7 2.792 0.    7.
   7 1987   65 17046.  22.1 33.7 2.797 0.    0.
   7 1987   66 17104.  22.1 33.6 2.801 0.    0.
   7 1987   67 17162.  22.1 33.6 2.806 0.    0.
   7 1987   68 17220.  22.1 33.6 2.811 0.    0.
   7 1987   69 17279.  22.1 33.5 2.816 0.    0.
   7 1987   70 17337.  22.1 33.5 2.821 0.    0.
   7 1987   71 17395.  22.1 33.4 2.826 0.    2.
   7 1987   72 17453.  22.1 33.4 2.830 0.   34.
   7 1987   73 17512.  22.1 33.4 2.835 0.    0.
   7 1987   74 17570.  22.1 33.3 2.840 0.    1.
   7 1987   75 17576.  22.1 33.3 2.846 0.    0.
   7 1987   76 17583.  22.1 33.3 2.851 0.    1.
   7 1987   77 17589.  22.1 33.3 2.857 0.    0.
   7 1987   78 17596.  22.1 33.3 2.863 0.    0.
   7 1987   79 17602.  22.1 33.3 2.869 0.    9.
   7 1987   80 17609.  22.1 33.2 2.874 0.    0.
   7 1987   81 17615.  22.1 33.2 2.880 0.    0.
   7 1987   82 17622.  22.1 33.2 2.886 0.    0.
   7 1987   83 17628.  22.1 33.2 2.892 0.    0.
   7 1987   84 17635.  22.1 33.2 2.897 0.   38.
   7 1987   85 17641.  22.1 33.2 2.903 0.    0.
   7 1987   86 17647.  22.1 33.2 2.909 0.    0.
   7 1987   87 17654.  22.1 33.2 2.915 0.    0.
   7 1987   88 17660.  22.1 33.2 2.920 0.    0.
   7 1987   89 17667.  22.1 33.2 2.926 0.    2.
   7 1987   90 17673.  22.1 33.1 2.932 0.    0.
   7 1987   91 17680.  22.1 33.1 2.938 0.    1.
   7 1987   92 17686.  22.1 33.1 2.943 0.    0.
   7 1987   93 17693.  22.1 33.1 2.949 0.    0.
   7 1987   94 17699.  22.1 33.1 2.955 0.    1.
   7 1987   95 17705.  22.1 33.1 2.961 0.    9.
   7 1987   96 17712.  22.1 33.1 2.966 0.    0.
   7 1987   97 17718.  22.1 33.1 2.972 0.   28.
   7 1987   98 17725.  22.1 33.1 2.978 0.   54.
   7 1987   99 17731.  22.1 33.0 2.984 0.    0.
   7 1987  100 17738.  22.1 33.0 2.989 0.   36.
   7 1987  101 17744.  22.1 33.0 2.995 0.    8.
   7 1987  102 17751.  22.0 33.0 3.001 0.    0.
   7 1987  103 17757.  22.0 33.0 3.007 0.    0.
   7 1987  104 17764.  22.0 33.0 3.012 0.    0.
   7 1987  105 17770.  22.0 33.0 3.018 0.    0.
   7 1987  106 17747.  22.1 32.9 3.017 0.    0.
   7 1987  107 17724.  22.1 32.9 3.016 0.    0.
   7 1987  108 17701.  22.1 32.9 3.015 0.    0.
   7 1987  109 17678.  22.1 32.8 3.014 0.   28.
   7 1987  110 17655.  22.1 32.8 3.013 0.    0.
   7 1987  111 17632.  22.1 32.8 3.012 0.    0.
   7 1987  112 17609.  22.1 32.7 3.011 0.    0.
   7 1987  113 17586.  22.2 32.7 3.009 0.   23.
   7 1987  114 17563.  22.2 32.7 3.008 0.    0.
   7 1987  115 17540.  22.2 32.6 3.007 0.    0.
   7 1987  116 17517.  22.2 32.6 3.006 0.    0.
   7 1987  117 17494.  22.2 32.6 3.005 0.    0.
   7 1987  118 17471.  22.2 32.5 3.004 0.    0.
   7 1987  119 17448.  22.3 32.5 3.003 0.    0.
   7 1987  120 17425.  22.3 32.5 3.002 0.    5.
   7 1987  121 17402.  22.3 32.4 3.001 0.    4.
   7 1987  122 17379.  22.3 32.4 3.000 0.    0.
   7 1987  123 17356.  22.3 32.4 2.999 0.    0.
   7 1987  124 17333.  22.3 32.3 2.998 0.   41.
   7 1987  125 17310.  22.3 32.3 2.997 0.    2.
   7 1987  126 17287.  22.4 32.3 2.996 0.    0.
   7 1987  127 17264.  22.4 32.2 2.995 0.    3.
   7 1987  128 17241.  22.4 32.2 2.993 1.    0.
   7 1987  129 17218.  22.4 32.1 2.992 1.    5.
   7 1987  130 17195.  22.4 32.1 2.991 1.    9.
   7 1987  131 17172.  22.4 32.1 2.990 1.    1.
   7 1987  132 17149.  22.5 32.0 2.989 1.    0.
   7 1987  133 17126.  22.5 32.0 2.988 1.    0.
   7 1987  134 17103.  22.5 32.0 2.987 1.    4.
   7 1987  135 17080.  22.5 31.9 2.986 1.    0.
   7 1987  136 16962.  22.5 31.9 2.983 1.    0.
   7 1987  137 16845.  22.5 31.8 2.980 1.    0.
   7 1987  138 16727.  22.4 31.8 2.977 1.    0.
   7 1987  139 16609.  22.4 31.7 2.973 1.    0.
   7 1987  140 16491.  22.4 31.7 2.970 1.    2.
   7 1987  141 16374.  22.4 31.6 2.967 1.    0.
   7 1987  142 16256.  22.4 31.6 2.964 1.   10.
   7 1987  143 16138.  22.4 31.5 2.961 1.    0.
   7 1987  144 16020.  22.3 31.4 2.958 1.    0.
   7 1987  145 15903.  22.3 31.4 2.955 1.    0.
   7 1987  146 15785.  22.3 31.3 2.952 1.    0.
   7 1987  147 15667.  22.3 31.3 2.948 1.    6.
   7 1987  148 15549.  22.3 31.2 2.945 1.    0.
   7 1987  149 15432.  22.2 31.2 2.942 1.    0.
   7 1987  150 15314.  22.2 31.1 2.939 1.    0.
   7 1987  151 15196.  22.2 31.1 2.936 1.    0.
   7 1987  152 15078.  22.2 31.0 2.933 1.   13.
   7 1987  153 14961.  22.2 30.9 2.930 1.   18.
   7 1987  154 14843.  22.1 30.9 2.927 1.    9.
   7 1987  155 14725.  22.1 30.8 2.923 1.    3.
   7 1987  156 14607.  22.1 30.8 2.920 1.    0.
   7 1987  157 14490.  22.1 30.7 2.917 1.    0.
   7 1987  158 14372.  22.1 30.7 2.914 1.   11.
   7 1987  159 14254.  22.1 30.6 2.911 1.    0.
   7 1987  160 14136.  22.0 30.6 2.908 1.    0.
   7 1987  161 14019.  22.0 30.5 2.905 1.    0.
   7 1987  162 13901.  22.0 30.4 2.902 1.    0.
   7 1987  163 13783.  22.0 30.4 2.898 1.   30.
   7 1987  164 13665.  22.0 30.3 2.895 1.    0.
   7 1987  165 13548.  21.9 30.3 2.892 1.   20.
   7 1987  166 13430.  21.9 30.2 2.889 1.    0.
   7 1987  167 13457.  21.9 30.2 2.879 1.    0.
   7 1987  168 13485.  21.9 30.1 2.870 1.   11.
   7 1987  169 13512.  21.9 30.1 2.860 1.    5.
   7 1987  170 13539.  21.8 30.0 2.850 1.    0.
   7 1987  171 13567.  21.8 30.0 2.840 1.    0.
   7 1987  172 13594.  21.8 29.9 2.831 1.    0.
   7 1987  173 13621.  21.8 29.9 2.821 1.    0.
   7 1987  174 13649.  21.8 29.9 2.811 1.    0.
   7 1987  175 13676.  21.8 29.8 2.801 1.    0.
   7 1987  176 13703.  21.7 29.8 2.792 1.   12.
   7 1987  177 13731.  21.7 29.7 2.782 1.   15.
   7 1987  178 13758.  21.7 29.7 2.772 1.    0.
   7 1987  179 13785.  21.7 29.6 2.762 1.    0.
   7 1987  180 13813.  21.7 29.6 2.753 1.    0.
   7 1987  181 13840.  21.7 29.5 2.743 1.    0.
   7 1987  182 13867.  21.6 29.5 2.733 1.   19.
   7 1987  183 13895.  21.6 29.4 2.724 1.    0.
   7 1987  184 13922.  21.6 29.4 2.714 1.    0.
   7 1987  185 13949.  21.6 29.4 2.704 1.    0.
   7 1987  186 13977.  21.6 29.3 2.694 1.    0.
   7 1987  187 14004.  21.5 29.3 2.685 1.    5.
   7 1987  188 14031.  21.5 29.2 2.675 1.    0.
   7 1987  189 14059.  21.5 29.2 2.665 1.    0.
   7 1987  190 14086.  21.5 29.1 2.655 1.    0.
   7 1987  191 14113.  21.5 29.1 2.646 1.    7.
   7 1987  192 14141.  21.5 29.0 2.636 1.    6.
   7 1987  193 14168.  21.4 29.0 2.626 1.    0.
   7 1987  194 14195.  21.4 28.9 2.616 1.    0.
   7 1987  195 14223.  21.4 28.9 2.607 1.    0.
   7 1987  196 14250.  21.4 28.9 2.597 1.    0.
   7 1987  197 14226.  21.4 28.8 2.606 1.    0.
   7 1987  198 14202.  21.4 28.8 2.614 1.    0.
   7 1987  199 14178.  21.4 28.8 2.623 1.    0.
   7 1987  200 14155.  21.4 28.8 2.631 1.    4.
   7 1987  201 14131.  21.4 28.8 2.640 1.   17.
   7 1987  202 14107.  21.4 28.8 2.648 1.    0.
   7 1987  203 14083.  21.4 28.8 2.657 1.    0.
   7 1987  204 14059.  21.4 28.8 2.666 1.    0.
   7 1987  205 14035.  21.4 28.8 2.674 1.    0.
   7 1987  206 14011.  21.4 28.8 2.683 1.    4.
   7 1987  207 13987.  21.4 28.8 2.691 1.    1.
   7 1987  208 13964.  21.4 28.8 2.700 1.    0.
   7 1987  209 13940.  21.4 28.8 2.709 1.    0.
   7 1987  210 13916.  21.4 28.8 2.717 1.    5.
   7 1987  211 13892.  21.4 28.8 2.726 1.    0.
   7 1987  212 13868.  21.3 28.8 2.734 0.    0.
   7 1987  213 13844.  21.3 28.8 2.743 0.    6.
   7 1987  214 13820.  21.3 28.8 2.751 0.    0.
   7 1987  215 13796.  21.3 28.8 2.760 0.    0.
   7 1987  216 13773.  21.3 28.8 2.769 0.    0.
   7 1987  217 13749.  21.3 28.8 2.777 0.    0.
   7 1987  218 13725.  21.3 28.8 2.786 0.    0.
   7 1987  219 13701.  21.3 28.8 2.794 0.    6.
   7 1987  220 13677.  21.3 28.8 2.803 0.    3.
   7 1987  221 13653.  21.3 28.8 2.812 0.   23.
   7 1987  222 13629.  21.3 28.8 2.820 0.   23.
   7 1987  223 13605.  21.3 28.8 2.829 0.    0.
   7 1987  224 13582.  21.3 28.8 2.837 0.    0.
   7 1987  225 13558.  21.3 28.8 2.846 0.    0.
   7 1987  226 13534.  21.3 28.8 2.854 0.   17.
   7 1987  227 13510.  21.3 28.8 2.863 0.    0.
   7 1987  228 13548.  21.3 28.9 2.863 0.    5.
   7 1987  229 13585.  21.3 28.9 2.864 0.    0.
   7 1987  230 13623.  21.3 28.9 2.864 0.   17.
   7 1987  231 13661.  21.4 28.9 2.864 0.   12.
   7 1987  232 13699.  21.4 29.0 2.864 0.    0.
   7 1987  233 13736.  21.4 29.0 2.865 1.    0.
   7 1987  234 13774.  21.4 29.0 2.865 1.    2.
   7 1987  235 13812.  21.4 29.1 2.865 1.   38.
   7 1987  236 13850.  21.4 29.1 2.865 1.    0.
   7 1987  237 13887.  21.4 29.1 2.866 1.    0.
   7 1987  238 13925.  21.4 29.2 2.866 1.    0.
   7 1987  239 13963.  21.5 29.2 2.866 1.    2.
   7 1987  240 14001.  21.5 29.2 2.866 1.    0.
   7 1987  241 14038.  21.5 29.3 2.867 1.    0.
   7 1987  242 14076.  21.5 29.3 2.867 1.    5.
   7 1987  243 14114.  21.5 29.3 2.867 1.    0.
   7 1987  244 14152.  21.5 29.3 2.867 1.    3.
   7 1987  245 14189.  21.5 29.4 2.868 1.   85.
   7 1987  246 14227.  21.5 29.4 2.868 1.   17.
   7 1987  247 14265.  21.6 29.4 2.868 1.    0.
   7 1987  248 14303.  21.6 29.5 2.868 1.   13.
   7 1987  249 14340.  21.6 29.5 2.869 1.    0.
   7 1987  250 14378.  21.6 29.5 2.869 1.    3.
   7 1987  251 14416.  21.6 29.6 2.869 1.   59.
   7 1987  252 14454.  21.6 29.6 2.869 1.   38.
   7 1987  253 14491.  21.6 29.6 2.870 1.    0.
   7 1987  254 14529.  21.6 29.7 2.870 1.   56.
   7 1987  255 14567.  21.7 29.7 2.870 1.    0.
   7 1987  256 14605.  21.7 29.7 2.870 1.    0.
   7 1987  257 14642.  21.7 29.7 2.871 1.    2.
   7 1987  258 14680.  21.7 29.8 2.871 1.    0.
   7 1987  259 14758.  21.7 29.8 2.872 1.    3.
   7 1987  260 14837.  21.7 29.9 2.873 1.    0.
   7 1987  261 14915.  21.7 29.9 2.875 1.    6.
   7 1987  262 14993.  21.7 29.9 2.876 1.    0.
   7 1987  263 15072.  21.7 30.0 2.877 1.   34.
   7 1987  264 15150.  21.7 30.0 2.878 1.    0.
   7 1987  265 15228.  21.7 30.0 2.879 1.    7.
   7 1987  266 15307.  21.8 30.1 2.881 1.    6.
   7 1987  267 15385.  21.8 30.1 2.882 1.    6.
   7 1987  268 15463.  21.8 30.2 2.883 1.    0.
   7 1987  269 15542.  21.8 30.2 2.884 1.    0.
   7 1987  270 15620.  21.8 30.2 2.885 1.    3.
   7 1987  271 15698.  21.8 30.3 2.887 1.    0.
   7 1987  272 15777.  21.8 30.3 2.888 1.    2.
   7 1987  273 15855.  21.8 30.3 2.889 1.    4.
   7 1987  274 15933.  21.8 30.4 2.890 1.    4.
   7 1987  275 16012.  21.8 30.4 2.891 1.    0.
   7 1987  276 16090.  21.8 30.5 2.893 1.    0.
   7 1987  277 16168.  21.8 30.5 2.894 1.   15.
   7 1987  278 16247.  21.8 30.5 2.895 1.    1.
   7 1987  279 16325.  21.8 30.6 2.896 1.   21.
   7 1987  280 16403.  21.8 30.6 2.897 1.    0.
   7 1987  281 16482.  21.8 30.6 2.899 1.    0.
   7 1987  282 16560.  21.9 30.7 2.900 1.    0.
   7 1987  283 16638.  21.9 30.7 2.901 1.    2.
   7 1987  284 16717.  21.9 30.8 2.902 1.    1.
   7 1987  285 16795.  21.9 30.8 2.903 1.    0.
   7 1987  286 16873.  21.9 30.8 2.905 1.    0.
   7 1987  287 16952.  21.9 30.9 2.906 1.    0.
   7 1987  288 17030.  21.9 30.9 2.907 1.    1.
   7 1987  289 16997.  21.9 30.9 2.906 1.    0.
   7 1987  290 16965.  21.9 30.9 2.906 1.   12.
   7 1987  291 16932.  21.9 31.0 2.905 1.   29.
   7 1987  292 16900.  21.9 31.0 2.905 1.    0.
   7 1987  293 16867.  21.9 31.0 2.904 1.    0.
   7 1987  294 16835.  21.9 31.0 2.904 1.    0.
   7 1987  295 16802.  21.9 31.1 2.903 1.    2.
   7 1987  296 16769.  21.9 31.1 2.903 1.    4.
   7 1987  297 16737.  21.9 31.1 2.902 1.    0.
   7 1987  298 16704.  21.9 31.1 2.902 1.    0.
   7 1987  299 16672.  21.9 31.1 2.901 1.    0.
   7 1987  300 16639.  21.9 31.2 2.901 1.    2.
   7 1987  301 16606.  21.9 31.2 2.900 1.    1.
   7 1987  302 16574.  21.9 31.2 2.900 1.    6.
   7 1987  303 16541.  21.9 31.2 2.899 1.   21.
   7 1987  304 16509.  21.9 31.3 2.899 2.    2.
   7 1987  305 16476.  21.9 31.3 2.898 2.    0.
   7 1987  306 16444.  21.9 31.3 2.898 2.    0.
   7 1987  307 16411.  21.9 31.3 2.897 2.    0.
   7 1987  308 16378.  21.9 31.3 2.897 2.    0.
   7 1987  309 16346.  21.9 31.4 2.896 2.    0.
   7 1987  310 16313.  21.9 31.4 2.896 2.    0.
   7 1987  311 16281.  21.9 31.4 2.895 2.    0.
   7 1987  312 16248.  21.9 31.4 2.895 2.    0.
   7 1987  313 16215.  21.9 31.5 2.894 2.    0.
   7 1987  314 16183.  21.9 31.5 2.894 2.    0.
   7 1987  315 16150.  21.9 31.5 2.893 2.    8.
   7 1987  316 16118.  21.9 31.5 2.893 2.    6.
   7 1987  317 16085.  21.9 31.5 2.892 2.    0.
   7 1987  318 16053.  21.9 31.6 2.892 2.    0.
   7 1987  319 16020.  21.9 31.6 2.891 2.    0.
   7 1987  320 15974.  21.9 31.6 2.882 2.    0.
   7 1987  321 15927.  21.9 31.6 2.873 2.    0.
   7 1987  322 15881.  21.9 31.6 2.864 2.   51.
   7 1987  323 15835.  21.8 31.6 2.855 2.   13.
   7 1987  324 15788.  21.8 31.6 2.846 2.    0.
   7 1987  325 15742.  21.8 31.6 2.837 2.    0.
   7 1987  326 15696.  21.8 31.6 2.828 2.    0.
   7 1987  327 15649.  21.7 31.5 2.819 1.    0.
   7 1987  328 15603.  21.7 31.5 2.810 1.    0.
   7 1987  329 15557.  21.7 31.5 2.801 1.    0.
   7 1987  330 15510.  21.7 31.5 2.792 1.    0.
   7 1987  331 15464.  21.6 31.5 2.783 1.    0.
   7 1987  332 15418.  21.6 31.5 2.774 1.    0.
   7 1987  333 15371.  21.6 31.5 2.765 1.    0.
   7 1987  334 15325.  21.6 31.5 2.756 1.    0.
   7 1987  335 15279.  21.5 31.5 2.746 1.    0.
   7 1987  336 15232.  21.5 31.5 2.737 1.    0.
   7 1987  337 15186.  21.5 31.5 2.728 1.    0.
   7 1987  338 15140.  21.5 31.5 2.719 1.    0.
   7 1987  339 15093.  21.4 31.5 2.710 1.    0.
   7 1987  340 15047.  21.4 31.5 2.701 1.    0.
   7 1987  341 15001.  21.4 31.5 2.692 1.    0.
   7 1987  342 14954.  21.4 31.5 2.683 0.    0.
   7 1987  343 14908.  21.3 31.5 2.674 0.    0.
   7 1987  344 14862.  21.3 31.5 2.665 0.    0.
   7 1987  345 14815.  21.3 31.5 2.656 0.    0.
   7 1987  346 14769.  21.3 31.4 2.647 0.    6.
   7 1987  347 14723.  21.2 31.4 2.638 0.    0.
   7 1987  348 14676.  21.2 31.4 2.629 0.    0.
   7 1987  349 14630.  21.2 31.4 2.620 0.    0.
   7 1987  350 14647.  21.1 31.5 2.626 0.    0.
   7 1987  351 14663.  21.1 31.5 2.632 0.    0.
   7 1987  352 14680.  21.1 31.6 2.638 0.    0.
   7 1987  353 14696.  21.0 31.7 2.643 0.    0.
   7 1987  354 14713.  21.0 31.7 2.649 0.    0.
   7 1987  355 14729.  20.9 31.8 2.655 0.    0.
   7 1987  356 14746.  20.9 31.8 2.661 0.    0.
   7 1987  357 14763.  20.8 31.9 2.667 0.    0.
   7 1987  358 14779.  20.8 32.0 2.673 0.    0.
   7 1987  359 14796.  20.7 32.0 2.678 0.    0.
   7 1987  360 14812.  20.7 32.1 2.684 0.    0.
   7 1987  361 14829.  20.6 32.1 2.690 0.    0.
   7 1987  362 14845.  20.6 32.2 2.696 0.    0.
   7 1987  363 14862.  20.5 32.2 2.702 0.    0.
   7 1987  364 14878.  20.5 32.3 2.708 0.    0.
   7 1987  365 14895.  20.4 32.4 2.714 0.    0.
