*---------------------------------------------------------*
*   Country: Cote d'Ivoire
*   Station: Gagnoa
*      Year: 1993
* Longitude: 005 57 W
*  Latitude: 06 08 N
* Elevation: 214 m.
*  WMO-code: 65.5570
*  Comments:
*            Automatically generated file from *.WOF file
*
*  Columns:
*  ========
*  station number
*  year
*  day
*  irradiation (kJ m-2 d-1)
*  minimum temperature (degrees Celsius)
*  maximum temperature (degrees Celsius)
*  vapour pressure (kPa)
*  mean wind speed (m s-1)
*  precipitation (mm month-1)
*---------------------------------------------------------*
  -5.95   6.13   214. 0.00 0.00
   7 1993    1 15995.  20.1 32.1 2.592 0.   23.
   7 1993    2 16081.  20.0 32.2 2.572 0.    0.
   7 1993    3 16167.  20.0 32.3 2.552 0.    0.
   7 1993    4 16253.  19.9 32.3 2.531 0.    0.
   7 1993    5 16339.  19.8 32.4 2.511 0.    0.
   7 1993    6 16425.  19.7 32.5 2.491 0.    0.
   7 1993    7 16511.  19.6 32.6 2.470 0.    0.
   7 1993    8 16598.  19.6 32.6 2.450 0.    0.
   7 1993    9 16684.  19.5 32.7 2.429 0.    0.
   7 1993   10 16770.  19.4 32.8 2.409 0.    0.
   7 1993   11 16856.  19.3 32.8 2.389 0.    0.
   7 1993   12 16942.  19.2 32.9 2.368 0.    0.
   7 1993   13 17028.  19.2 33.0 2.348 0.    0.
   7 1993   14 17114.  19.1 33.1 2.327 0.    0.
   7 1993   15 17200.  19.0 33.1 2.307 0.    0.
   7 1993   16 17195.  19.1 33.2 2.316 0.    0.
   7 1993   17 17191.  19.2 33.2 2.324 0.    0.
   7 1993   18 17186.  19.3 33.2 2.333 0.    0.
   7 1993   19 17181.  19.4 33.2 2.341 0.    0.
   7 1993   20 17177.  19.5 33.3 2.349 0.    0.
   7 1993   21 17172.  19.6 33.3 2.358 0.    0.
   7 1993   22 17167.  19.7 33.3 2.367 0.    0.
   7 1993   23 17163.  19.8 33.4 2.375 0.    0.
   7 1993   24 17158.  19.9 33.4 2.383 0.    0.
   7 1993   25 17153.  20.0 33.4 2.392 0.    0.
   7 1993   26 17149.  20.1 33.4 2.401 0.    0.
   7 1993   27 17144.  20.2 33.5 2.409 0.    0.
   7 1993   28 17139.  20.3 33.5 2.418 0.    0.
   7 1993   29 17135.  20.4 33.5 2.426 0.    0.
   7 1993   30 17130.  20.5 33.5 2.435 0.    0.
   7 1993   31 17125.  20.6 33.6 2.443 0.    0.
   7 1993   32 17121.  20.7 33.6 2.451 0.    0.
   7 1993   33 17116.  20.8 33.6 2.460 0.    0.
   7 1993   34 17111.  20.9 33.7 2.469 0.    0.
   7 1993   35 17107.  21.0 33.7 2.477 0.    0.
   7 1993   36 17102.  21.1 33.7 2.486 0.    0.
   7 1993   37 17097.  21.2 33.7 2.494 0.   27.
   7 1993   38 17093.  21.3 33.8 2.503 1.    0.
   7 1993   39 17088.  21.4 33.8 2.511 1.    0.
   7 1993   40 17083.  21.5 33.8 2.520 1.    0.
   7 1993   41 17079.  21.6 33.9 2.528 1.    0.
   7 1993   42 17074.  21.7 33.9 2.537 1.    0.
   7 1993   43 17069.  21.8 33.9 2.545 1.    0.
   7 1993   44 17065.  21.9 33.9 2.553 1.    0.
   7 1993   45 17060.  22.0 34.0 2.562 1.    4.
   7 1993   46 17081.  22.0 33.9 2.565 1.    0.
   7 1993   47 17101.  21.9 33.9 2.568 1.    0.
   7 1993   48 17122.  21.9 33.8 2.571 1.    5.
   7 1993   49 17143.  21.8 33.8 2.573 1.    0.
   7 1993   50 17163.  21.8 33.7 2.576 1.    0.
   7 1993   51 17184.  21.8 33.7 2.579 1.    0.
   7 1993   52 17205.  21.7 33.6 2.582 1.   49.
   7 1993   53 17226.  21.7 33.6 2.585 0.    0.
   7 1993   54 17246.  21.6 33.5 2.588 0.   14.
   7 1993   55 17267.  21.6 33.5 2.591 0.    2.
   7 1993   56 17288.  21.6 33.4 2.593 0.    0.
   7 1993   57 17308.  21.5 33.4 2.596 0.    0.
   7 1993   58 17329.  21.5 33.3 2.599 0.    0.
   7 1993   59 17350.  21.4 33.3 2.602 0.    0.
   7 1993   60 17370.  21.4 33.2 2.605 0.    0.
   7 1993   61 17391.  21.4 33.2 2.608 0.    2.
   7 1993   62 17412.  21.3 33.1 2.611 0.    0.
   7 1993   63 17432.  21.3 33.1 2.614 0.    9.
   7 1993   64 17453.  21.2 33.1 2.616 0.    0.
   7 1993   65 17474.  21.2 33.0 2.619 0.   23.
   7 1993   66 17494.  21.2 33.0 2.622 0.    1.
   7 1993   67 17515.  21.1 32.9 2.625 0.   17.
   7 1993   68 17536.  21.1 32.9 2.628 0.    0.
   7 1993   69 17557.  21.0 32.8 2.631 0.   32.
   7 1993   70 17577.  21.0 32.8 2.634 0.    0.
   7 1993   71 17598.  21.0 32.7 2.636 0.   29.
   7 1993   72 17619.  20.9 32.7 2.639 0.    0.
   7 1993   73 17639.  20.9 32.6 2.642 0.    0.
   7 1993   74 17660.  20.8 32.6 2.645 0.   19.
   7 1993   75 17687.  20.9 32.6 2.652 0.    0.
   7 1993   76 17714.  20.9 32.6 2.659 0.    0.
   7 1993   77 17741.  21.0 32.6 2.665 0.    0.
   7 1993   78 17768.  21.0 32.6 2.672 0.    0.
   7 1993   79 17795.  21.0 32.6 2.679 0.    4.
   7 1993   80 17823.  21.1 32.6 2.686 0.    0.
   7 1993   81 17850.  21.1 32.6 2.693 0.    0.
   7 1993   82 17877.  21.2 32.6 2.699 0.    0.
   7 1993   83 17904.  21.2 32.6 2.706 0.    1.
   7 1993   84 17931.  21.3 32.6 2.713 0.    0.
   7 1993   85 17958.  21.3 32.6 2.720 0.    2.
   7 1993   86 17985.  21.3 32.6 2.727 0.    0.
   7 1993   87 18012.  21.4 32.6 2.733 0.    1.
   7 1993   88 18039.  21.4 32.6 2.740 0.    0.
   7 1993   89 18066.  21.5 32.6 2.747 0.    0.
   7 1993   90 18094.  21.5 32.6 2.754 0.    0.
   7 1993   91 18121.  21.6 32.6 2.761 0.    0.
   7 1993   92 18148.  21.6 32.6 2.768 0.    6.
   7 1993   93 18175.  21.7 32.6 2.774 0.    0.
   7 1993   94 18202.  21.7 32.6 2.781 0.    0.
   7 1993   95 18229.  21.7 32.6 2.788 0.    0.
   7 1993   96 18256.  21.8 32.6 2.795 0.    0.
   7 1993   97 18283.  21.8 32.6 2.802 0.   51.
   7 1993   98 18310.  21.9 32.6 2.808 0.    8.
   7 1993   99 18337.  21.9 32.7 2.815 0.    0.
   7 1993  100 18365.  22.0 32.7 2.822 0.    2.
   7 1993  101 18392.  22.0 32.7 2.829 0.    0.
   7 1993  102 18419.  22.0 32.7 2.836 0.    0.
   7 1993  103 18446.  22.1 32.7 2.842 0.   24.
   7 1993  104 18473.  22.1 32.7 2.849 0.    0.
   7 1993  105 18500.  22.2 32.7 2.856 0.    0.
   7 1993  106 18448.  22.2 32.7 2.858 0.    0.
   7 1993  107 18397.  22.2 32.7 2.860 0.    0.
   7 1993  108 18345.  22.2 32.6 2.863 0.   13.
   7 1993  109 18293.  22.2 32.6 2.865 0.    0.
   7 1993  110 18242.  22.2 32.6 2.867 0.    0.
   7 1993  111 18190.  22.2 32.6 2.869 0.    0.
   7 1993  112 18138.  22.2 32.6 2.872 0.    0.
   7 1993  113 18087.  22.2 32.6 2.874 0.    7.
   7 1993  114 18035.  22.2 32.6 2.876 0.    0.
   7 1993  115 17983.  22.3 32.6 2.878 0.    1.
   7 1993  116 17932.  22.3 32.6 2.881 0.    0.
   7 1993  117 17880.  22.3 32.6 2.883 0.    5.
   7 1993  118 17828.  22.3 32.6 2.885 0.    0.
   7 1993  119 17777.  22.3 32.6 2.887 0.   10.
   7 1993  120 17725.  22.3 32.5 2.889 0.    0.
   7 1993  121 17673.  22.3 32.5 2.892 0.    0.
   7 1993  122 17622.  22.3 32.5 2.894 0.    0.
   7 1993  123 17570.  22.3 32.5 2.896 0.   29.
   7 1993  124 17518.  22.3 32.5 2.898 0.    6.
   7 1993  125 17467.  22.3 32.5 2.901 0.    0.
   7 1993  126 17415.  22.4 32.5 2.903 0.    0.
   7 1993  127 17363.  22.4 32.5 2.905 0.    0.
   7 1993  128 17312.  22.4 32.5 2.907 0.    0.
   7 1993  129 17260.  22.4 32.5 2.910 0.   16.
   7 1993  130 17208.  22.4 32.5 2.912 0.    0.
   7 1993  131 17157.  22.4 32.5 2.914 0.    5.
   7 1993  132 17105.  22.4 32.5 2.916 0.    2.
   7 1993  133 17053.  22.4 32.4 2.919 0.    2.
   7 1993  134 17002.  22.4 32.4 2.921 0.    0.
   7 1993  135 16950.  22.4 32.4 2.923 0.    0.
   7 1993  136 16861.  22.4 32.3 2.918 0.    0.
   7 1993  137 16772.  22.4 32.3 2.914 0.    0.
   7 1993  138 16683.  22.4 32.2 2.909 0.   16.
   7 1993  139 16594.  22.4 32.1 2.904 0.    0.
   7 1993  140 16505.  22.3 32.0 2.899 0.    0.
   7 1993  141 16416.  22.3 31.9 2.895 0.    8.
   7 1993  142 16327.  22.3 31.8 2.890 0.    0.
   7 1993  143 16238.  22.3 31.8 2.885 0.   42.
   7 1993  144 16149.  22.3 31.7 2.880 0.    3.
   7 1993  145 16060.  22.2 31.6 2.876 0.    6.
   7 1993  146 15971.  22.2 31.5 2.871 0.    0.
   7 1993  147 15882.  22.2 31.4 2.866 0.   58.
   7 1993  148 15793.  22.2 31.3 2.861 0.    0.
   7 1993  149 15704.  22.2 31.3 2.857 0.    0.
   7 1993  150 15615.  22.2 31.2 2.852 0.    0.
   7 1993  151 15525.  22.1 31.1 2.847 0.    0.
   7 1993  152 15436.  22.1 31.0 2.842 0.   14.
   7 1993  153 15347.  22.1 30.9 2.838 0.    6.
   7 1993  154 15258.  22.1 30.8 2.833 0.    0.
   7 1993  155 15169.  22.1 30.8 2.828 0.    7.
   7 1993  156 15080.  22.1 30.7 2.823 0.   23.
   7 1993  157 14991.  22.0 30.6 2.819 0.    1.
   7 1993  158 14902.  22.0 30.5 2.814 0.    0.
   7 1993  159 14813.  22.0 30.4 2.809 0.    0.
   7 1993  160 14724.  22.0 30.3 2.804 0.    0.
   7 1993  161 14635.  22.0 30.2 2.800 0.    2.
   7 1993  162 14546.  21.9 30.2 2.795 0.    8.
   7 1993  163 14457.  21.9 30.1 2.790 0.    6.
   7 1993  164 14368.  21.9 30.0 2.785 0.    0.
   7 1993  165 14279.  21.9 29.9 2.781 0.    5.
   7 1993  166 14190.  21.9 29.8 2.776 0.    2.
   7 1993  167 14140.  21.8 29.8 2.771 0.    1.
   7 1993  168 14090.  21.8 29.7 2.766 0.    0.
   7 1993  169 14040.  21.8 29.7 2.762 0.    6.
   7 1993  170 13990.  21.8 29.6 2.757 0.    0.
   7 1993  171 13940.  21.7 29.6 2.752 0.    0.
   7 1993  172 13890.  21.7 29.6 2.747 0.    0.
   7 1993  173 13840.  21.7 29.5 2.742 0.    0.
   7 1993  174 13790.  21.7 29.5 2.738 0.   20.
   7 1993  175 13740.  21.6 29.4 2.733 0.    0.
   7 1993  176 13690.  21.6 29.4 2.728 0.    0.
   7 1993  177 13640.  21.6 29.3 2.723 0.   19.
   7 1993  178 13590.  21.6 29.3 2.718 0.    0.
   7 1993  179 13540.  21.5 29.2 2.714 0.   25.
   7 1993  180 13490.  21.5 29.2 2.709 0.   20.
   7 1993  181 13440.  21.5 29.1 2.704 0.    0.
   7 1993  182 13390.  21.5 29.1 2.699 0.    0.
   7 1993  183 13340.  21.5 29.1 2.694 0.    2.
   7 1993  184 13290.  21.4 29.0 2.690 0.    0.
   7 1993  185 13240.  21.4 29.0 2.685 0.    0.
   7 1993  186 13190.  21.4 28.9 2.680 0.   23.
   7 1993  187 13140.  21.4 28.9 2.675 0.    0.
   7 1993  188 13090.  21.3 28.8 2.670 0.    0.
   7 1993  189 13040.  21.3 28.8 2.666 0.    0.
   7 1993  190 12990.  21.3 28.7 2.661 0.    0.
   7 1993  191 12940.  21.3 28.7 2.656 0.    1.
   7 1993  192 12890.  21.2 28.7 2.651 0.    0.
   7 1993  193 12840.  21.2 28.6 2.646 0.    1.
   7 1993  194 12790.  21.2 28.6 2.642 0.    0.
   7 1993  195 12740.  21.2 28.5 2.637 0.    0.
   7 1993  196 12690.  21.1 28.5 2.632 0.    3.
   7 1993  197 12666.  21.1 28.5 2.631 0.    0.
   7 1993  198 12642.  21.1 28.5 2.630 0.    0.
   7 1993  199 12617.  21.1 28.5 2.629 0.    0.
   7 1993  200 12593.  21.1 28.5 2.628 0.   11.
   7 1993  201 12569.  21.1 28.5 2.627 0.   19.
   7 1993  202 12545.  21.1 28.5 2.625 0.    0.
   7 1993  203 12521.  21.1 28.5 2.624 0.    0.
   7 1993  204 12496.  21.1 28.6 2.623 0.    5.
   7 1993  205 12472.  21.1 28.6 2.622 0.    2.
   7 1993  206 12448.  21.1 28.6 2.621 0.   19.
   7 1993  207 12424.  21.1 28.6 2.620 0.    0.
   7 1993  208 12400.  21.1 28.6 2.619 0.    6.
   7 1993  209 12375.  21.1 28.6 2.618 0.    0.
   7 1993  210 12351.  21.1 28.6 2.617 0.    0.
   7 1993  211 12327.  21.1 28.6 2.616 0.    0.
   7 1993  212 12303.  21.1 28.6 2.614 0.    0.
   7 1993  213 12279.  21.1 28.7 2.613 0.    4.
   7 1993  214 12255.  21.1 28.7 2.612 0.    0.
   7 1993  215 12230.  21.1 28.7 2.611 0.    0.
   7 1993  216 12206.  21.1 28.7 2.610 0.    0.
   7 1993  217 12182.  21.1 28.7 2.609 0.    0.
   7 1993  218 12158.  21.1 28.7 2.608 0.    0.
   7 1993  219 12134.  21.1 28.7 2.607 0.    0.
   7 1993  220 12109.  21.1 28.7 2.606 0.    0.
   7 1993  221 12085.  21.0 28.7 2.605 0.    0.
   7 1993  222 12061.  21.0 28.7 2.603 0.    0.
   7 1993  223 12037.  21.0 28.8 2.602 0.    2.
   7 1993  224 12013.  21.0 28.8 2.601 0.   10.
   7 1993  225 11988.  21.0 28.8 2.600 0.    0.
   7 1993  226 11964.  21.0 28.8 2.599 0.    2.
   7 1993  227 11940.  21.0 28.8 2.598 0.    0.
   7 1993  228 12008.  21.0 28.8 2.589 0.    0.
   7 1993  229 12076.  21.1 28.8 2.580 0.    0.
   7 1993  230 12144.  21.1 28.8 2.571 0.    0.
   7 1993  231 12212.  21.1 28.7 2.562 0.    0.
   7 1993  232 12280.  21.1 28.7 2.553 0.    0.
   7 1993  233 12348.  21.1 28.7 2.544 0.    0.
   7 1993  234 12416.  21.1 28.7 2.535 0.    0.
   7 1993  235 12485.  21.1 28.7 2.527 0.    0.
   7 1993  236 12553.  21.1 28.7 2.518 0.    0.
   7 1993  237 12621.  21.2 28.7 2.509 0.    0.
   7 1993  238 12689.  21.2 28.7 2.500 0.    0.
   7 1993  239 12757.  21.2 28.6 2.491 0.    0.
   7 1993  240 12825.  21.2 28.6 2.482 0.    0.
   7 1993  241 12893.  21.2 28.6 2.473 0.    1.
   7 1993  242 12961.  21.2 28.6 2.464 0.   12.
   7 1993  243 13029.  21.2 28.6 2.455 0.    0.
   7 1993  244 13097.  21.2 28.6 2.446 0.    4.
   7 1993  245 13165.  21.3 28.6 2.437 0.    0.
   7 1993  246 13233.  21.3 28.6 2.428 0.    0.
   7 1993  247 13301.  21.3 28.5 2.419 0.   22.
   7 1993  248 13369.  21.3 28.5 2.410 0.    0.
   7 1993  249 13437.  21.3 28.5 2.401 0.    0.
   7 1993  250 13505.  21.3 28.5 2.392 0.    0.
   7 1993  251 13574.  21.3 28.5 2.384 1.   16.
   7 1993  252 13642.  21.4 28.5 2.375 1.    0.
   7 1993  253 13710.  21.4 28.5 2.366 1.   45.
   7 1993  254 13778.  21.4 28.5 2.357 1.    0.
   7 1993  255 13846.  21.4 28.4 2.348 1.   11.
   7 1993  256 13914.  21.4 28.4 2.339 1.    8.
   7 1993  257 13982.  21.4 28.4 2.330 1.    0.
   7 1993  258 14050.  21.4 28.4 2.321 1.    9.
   7 1993  259 14148.  21.4 28.5 2.334 1.    4.
   7 1993  260 14247.  21.5 28.6 2.347 1.    1.
   7 1993  261 14345.  21.5 28.7 2.360 1.    0.
   7 1993  262 14443.  21.5 28.8 2.373 1.   29.
   7 1993  263 14542.  21.5 28.9 2.385 1.    0.
   7 1993  264 14640.  21.5 28.9 2.398 1.    0.
   7 1993  265 14738.  21.5 29.0 2.411 1.    3.
   7 1993  266 14837.  21.6 29.1 2.424 0.    1.
   7 1993  267 14935.  21.6 29.2 2.437 0.    7.
   7 1993  268 15033.  21.6 29.3 2.450 0.    0.
   7 1993  269 15132.  21.6 29.4 2.463 0.    5.
   7 1993  270 15230.  21.6 29.5 2.476 0.    0.
   7 1993  271 15328.  21.6 29.6 2.489 0.    6.
   7 1993  272 15427.  21.6 29.7 2.502 0.    0.
   7 1993  273 15525.  21.7 29.8 2.514 0.    3.
   7 1993  274 15623.  21.7 29.9 2.527 0.    0.
   7 1993  275 15722.  21.7 29.9 2.540 0.    4.
   7 1993  276 15820.  21.7 30.0 2.553 0.   13.
   7 1993  277 15918.  21.7 30.1 2.566 0.    0.
   7 1993  278 16017.  21.7 30.2 2.579 0.    6.
   7 1993  279 16115.  21.8 30.3 2.592 0.   15.
   7 1993  280 16213.  21.8 30.4 2.605 0.    1.
   7 1993  281 16312.  21.8 30.5 2.618 0.    0.
   7 1993  282 16410.  21.8 30.6 2.631 0.    4.
   7 1993  283 16508.  21.8 30.7 2.644 0.   10.
   7 1993  284 16607.  21.8 30.8 2.656 0.    1.
   7 1993  285 16705.  21.9 30.9 2.669 0.    1.
   7 1993  286 16803.  21.9 30.9 2.682 0.   23.
   7 1993  287 16902.  21.9 31.0 2.695 0.    2.
   7 1993  288 17000.  21.9 31.1 2.708 0.    0.
   7 1993  289 16968.  21.9 31.1 2.712 0.    1.
   7 1993  290 16936.  21.9 31.1 2.716 0.    1.
   7 1993  291 16904.  21.9 31.2 2.720 0.    0.
   7 1993  292 16872.  21.9 31.2 2.724 0.    0.
   7 1993  293 16840.  21.9 31.2 2.728 0.    6.
   7 1993  294 16808.  21.9 31.2 2.733 0.   21.
   7 1993  295 16776.  21.9 31.2 2.737 0.   19.
   7 1993  296 16745.  21.9 31.2 2.741 0.    0.
   7 1993  297 16713.  21.9 31.2 2.745 0.   58.
   7 1993  298 16681.  21.9 31.2 2.749 0.    1.
   7 1993  299 16649.  21.9 31.2 2.753 0.    0.
   7 1993  300 16617.  21.9 31.2 2.757 0.    0.
   7 1993  301 16585.  21.9 31.3 2.761 0.    0.
   7 1993  302 16553.  21.9 31.3 2.765 0.    0.
   7 1993  303 16521.  21.9 31.3 2.769 0.    0.
   7 1993  304 16489.  21.9 31.3 2.774 0.   44.
   7 1993  305 16457.  21.9 31.3 2.778 0.    4.
   7 1993  306 16425.  21.9 31.3 2.782 0.    0.
   7 1993  307 16393.  21.9 31.3 2.786 0.    0.
   7 1993  308 16361.  21.9 31.3 2.790 0.    9.
   7 1993  309 16329.  21.9 31.3 2.794 0.    0.
   7 1993  310 16297.  21.9 31.3 2.798 0.   15.
   7 1993  311 16265.  21.8 31.4 2.802 0.    2.
   7 1993  312 16234.  21.8 31.4 2.806 0.    0.
   7 1993  313 16202.  21.8 31.4 2.810 0.    0.
   7 1993  314 16170.  21.8 31.4 2.815 0.    0.
   7 1993  315 16138.  21.8 31.4 2.819 0.    0.
   7 1993  316 16106.  21.8 31.4 2.823 0.   16.
   7 1993  317 16074.  21.8 31.4 2.827 0.    0.
   7 1993  318 16042.  21.8 31.4 2.831 0.    0.
   7 1993  319 16010.  21.8 31.4 2.835 0.    0.
   7 1993  320 15969.  21.8 31.4 2.836 0.    2.
   7 1993  321 15929.  21.8 31.4 2.838 0.    0.
   7 1993  322 15888.  21.8 31.4 2.839 0.    0.
   7 1993  323 15847.  21.8 31.4 2.841 0.    0.
   7 1993  324 15807.  21.7 31.4 2.842 0.    1.
   7 1993  325 15766.  21.7 31.4 2.844 0.    0.
   7 1993  326 15725.  21.7 31.4 2.845 0.    0.
   7 1993  327 15685.  21.7 31.3 2.846 0.    0.
   7 1993  328 15644.  21.6 31.3 2.848 0.    0.
   7 1993  329 15603.  21.6 31.3 2.849 0.   25.
   7 1993  330 15563.  21.6 31.3 2.851 0.    0.
   7 1993  331 15522.  21.6 31.3 2.852 0.    0.
   7 1993  332 15481.  21.6 31.3 2.854 0.    0.
   7 1993  333 15441.  21.5 31.3 2.855 0.    0.
   7 1993  334 15400.  21.5 31.3 2.857 0.    0.
   7 1993  335 15359.  21.5 31.3 2.858 0.    0.
   7 1993  336 15319.  21.5 31.2 2.859 0.    0.
   7 1993  337 15278.  21.5 31.2 2.861 0.    0.
   7 1993  338 15237.  21.4 31.2 2.862 0.    0.
   7 1993  339 15197.  21.4 31.2 2.864 0.    3.
   7 1993  340 15156.  21.4 31.2 2.865 0.    0.
   7 1993  341 15115.  21.4 31.2 2.867 0.    0.
   7 1993  342 15075.  21.4 31.2 2.868 0.    0.
   7 1993  343 15034.  21.4 31.2 2.869 0.    0.
   7 1993  344 14993.  21.3 31.2 2.871 0.    0.
   7 1993  345 14953.  21.3 31.1 2.872 0.    0.
   7 1993  346 14912.  21.3 31.1 2.874 0.    0.
   7 1993  347 14871.  21.3 31.1 2.875 0.    3.
   7 1993  348 14831.  21.3 31.1 2.877 0.    9.
   7 1993  349 14790.  21.2 31.1 2.878 0.    0.
   7 1993  350 14865.  21.2 31.2 2.860 0.    0.
   7 1993  351 14941.  21.1 31.2 2.842 0.    0.
   7 1993  352 15016.  21.0 31.3 2.824 0.    0.
   7 1993  353 15091.  21.0 31.4 2.807 0.    0.
   7 1993  354 15167.  20.9 31.4 2.789 0.    0.
   7 1993  355 15242.  20.8 31.5 2.771 0.    0.
   7 1993  356 15317.  20.7 31.5 2.753 0.    0.
   7 1993  357 15393.  20.7 31.6 2.735 0.    0.
   7 1993  358 15468.  20.6 31.7 2.717 0.    0.
   7 1993  359 15543.  20.5 31.7 2.700 0.    0.
   7 1993  360 15618.  20.5 31.8 2.682 0.    0.
   7 1993  361 15694.  20.4 31.9 2.664 0.    0.
   7 1993  362 15769.  20.3 31.9 2.646 0.    0.
   7 1993  363 15844.  20.3 32.0 2.628 0.    0.
   7 1993  364 15920.  20.2 32.1 2.610 0.    0.
   7 1993  365 15995.  20.1 32.1 2.592 0.    0.
