*---------------------------------------------------------*
*   Country: Cote d'Ivoire
*   Station: Gagnoa
*      Year: 1988
* Longitude: 005 57 W
*  Latitude: 06 08 N
* Elevation: 214 m.
*  WMO-code: 65.5570
*  Comments:
*            Automatically generated file from *.WOF file
*
*  Columns:
*  ========
*  station number
*  year
*  day
*  irradiation (kJ m-2 d-1)
*  minimum temperature (degrees Celsius)
*  maximum temperature (degrees Celsius)
*  vapour pressure (kPa)
*  mean wind speed (m s-1)
*  precipitation (mm month-1)
*---------------------------------------------------------*
  -5.95   6.13   214. 0.00 0.00
   7 1988    1 15530.  20.4 32.4 2.553 0.    0.
   7 1988    2 15547.  20.4 32.4 2.544 0.    0.
   7 1988    3 15564.  20.3 32.5 2.534 0.    0.
   7 1988    4 15581.  20.3 32.6 2.524 0.    0.
   7 1988    5 15599.  20.2 32.6 2.515 0.    0.
   7 1988    6 15616.  20.2 32.7 2.505 0.    0.
   7 1988    7 15633.  20.1 32.8 2.495 0.    2.
   7 1988    8 15650.  20.1 32.8 2.485 1.    0.
   7 1988    9 15667.  20.0 32.9 2.475 1.    0.
   7 1988   10 15684.  20.0 33.0 2.466 1.    0.
   7 1988   11 15701.  19.9 33.0 2.456 1.    0.
   7 1988   12 15719.  19.9 33.1 2.446 1.    0.
   7 1988   13 15736.  19.8 33.2 2.437 1.    0.
   7 1988   14 15753.  19.8 33.2 2.427 1.    0.
   7 1988   15 15770.  19.7 33.3 2.417 1.    0.
   7 1988   16 15785.  19.8 33.3 2.423 1.    0.
   7 1988   17 15801.  19.9 33.4 2.430 1.    0.
   7 1988   18 15816.  19.9 33.4 2.436 1.    0.
   7 1988   19 15831.  20.0 33.5 2.443 1.    0.
   7 1988   20 15847.  20.1 33.5 2.449 1.    0.
   7 1988   21 15862.  20.2 33.5 2.456 1.    0.
   7 1988   22 15877.  20.2 33.6 2.462 1.    0.
   7 1988   23 15893.  20.3 33.6 2.469 1.    0.
   7 1988   24 15908.  20.4 33.7 2.475 1.    0.
   7 1988   25 15923.  20.5 33.7 2.482 1.    0.
   7 1988   26 15939.  20.5 33.7 2.488 1.    0.
   7 1988   27 15954.  20.6 33.8 2.495 1.    0.
   7 1988   28 15969.  20.7 33.8 2.501 1.    0.
   7 1988   29 15985.  20.8 33.9 2.508 1.    0.
   7 1988   30 16000.  20.9 33.9 2.514 1.    0.
   7 1988   31 16015.  20.9 33.9 2.520 1.    0.
   7 1988   32 16031.  21.0 34.0 2.527 1.    0.
   7 1988   33 16046.  21.1 34.0 2.533 1.    0.
   7 1988   34 16061.  21.2 34.1 2.540 1.    0.
   7 1988   35 16077.  21.2 34.1 2.546 1.    0.
   7 1988   36 16092.  21.3 34.1 2.553 1.    0.
   7 1988   37 16107.  21.4 34.2 2.559 1.    0.
   7 1988   38 16123.  21.5 34.2 2.566 1.    0.
   7 1988   39 16138.  21.5 34.3 2.572 1.    0.
   7 1988   40 16153.  21.6 34.3 2.579 1.    0.
   7 1988   41 16169.  21.7 34.3 2.585 1.    0.
   7 1988   42 16184.  21.8 34.4 2.592 1.    0.
   7 1988   43 16199.  21.8 34.4 2.598 1.    0.
   7 1988   44 16215.  21.9 34.5 2.605 1.    0.
   7 1988   45 16230.  22.0 34.5 2.611 1.    0.
   7 1988   46 16259.  22.0 34.5 2.615 1.    0.
   7 1988   47 16288.  22.0 34.4 2.619 1.    0.
   7 1988   48 16317.  22.0 34.4 2.623 1.    0.
   7 1988   49 16346.  22.0 34.3 2.627 1.   28.
   7 1988   50 16375.  22.0 34.3 2.631 1.    0.
   7 1988   51 16404.  22.0 34.3 2.635 1.    0.
   7 1988   52 16433.  22.0 34.2 2.639 1.    0.
   7 1988   53 16462.  22.0 34.2 2.644 1.    0.
   7 1988   54 16491.  22.0 34.1 2.648 1.    0.
   7 1988   55 16520.  22.0 34.1 2.652 1.    0.
   7 1988   56 16549.  22.0 34.1 2.656 1.    0.
   7 1988   57 16578.  22.1 34.0 2.660 1.    0.
   7 1988   58 16607.  22.1 34.0 2.664 1.    0.
   7 1988   59 16636.  22.1 33.9 2.668 1.    0.
   7 1988   60 16665.  22.1 33.9 2.672 1.    0.
   7 1988   61 16694.  22.1 33.9 2.676 1.    0.
   7 1988   62 16723.  22.1 33.8 2.680 1.    7.
   7 1988   63 16752.  22.1 33.8 2.684 1.    0.
   7 1988   64 16781.  22.1 33.7 2.688 1.    0.
   7 1988   65 16810.  22.1 33.7 2.692 1.    7.
   7 1988   66 16839.  22.1 33.7 2.696 1.   75.
   7 1988   67 16868.  22.1 33.6 2.700 1.    0.
   7 1988   68 16897.  22.1 33.6 2.705 0.    0.
   7 1988   69 16926.  22.1 33.5 2.709 0.    0.
   7 1988   70 16955.  22.1 33.5 2.713 0.    0.
   7 1988   71 16984.  22.1 33.5 2.717 0.    0.
   7 1988   72 17013.  22.1 33.4 2.721 0.   47.
   7 1988   73 17042.  22.1 33.4 2.725 0.    0.
   7 1988   74 17071.  22.1 33.3 2.729 0.    0.
   7 1988   75 17100.  22.1 33.3 2.733 0.   21.
   7 1988   76 17093.  22.1 33.3 2.737 0.    0.
   7 1988   77 17086.  22.1 33.3 2.741 0.    0.
   7 1988   78 17080.  22.1 33.3 2.745 0.    0.
   7 1988   79 17073.  22.1 33.3 2.750 0.    0.
   7 1988   80 17066.  22.1 33.3 2.754 0.    0.
   7 1988   81 17059.  22.1 33.2 2.758 0.    0.
   7 1988   82 17053.  22.1 33.2 2.762 0.    0.
   7 1988   83 17046.  22.1 33.2 2.766 0.    0.
   7 1988   84 17039.  22.1 33.2 2.770 0.    0.
   7 1988   85 17032.  22.1 33.2 2.775 0.    0.
   7 1988   86 17025.  22.1 33.2 2.779 0.    5.
   7 1988   87 17019.  22.1 33.2 2.783 0.    0.
   7 1988   88 17012.  22.1 33.2 2.787 0.    0.
   7 1988   89 17005.  22.1 33.2 2.791 0.    0.
   7 1988   90 16998.  22.1 33.2 2.795 0.    0.
   7 1988   91 16992.  22.1 33.1 2.800 0.   15.
   7 1988   92 16985.  22.1 33.1 2.804 0.    0.
   7 1988   93 16978.  22.1 33.1 2.808 0.    0.
   7 1988   94 16971.  22.1 33.1 2.812 0.    0.
   7 1988   95 16965.  22.1 33.1 2.816 0.    3.
   7 1988   96 16958.  22.1 33.1 2.820 0.    0.
   7 1988   97 16951.  22.1 33.1 2.825 0.    0.
   7 1988   98 16944.  22.1 33.1 2.829 0.    0.
   7 1988   99 16937.  22.1 33.1 2.833 0.    0.
   7 1988  100 16931.  22.1 33.0 2.837 0.    0.
   7 1988  101 16924.  22.1 33.0 2.841 0.  106.
   7 1988  102 16917.  22.1 33.0 2.845 0.    0.
   7 1988  103 16910.  22.0 33.0 2.850 0.    0.
   7 1988  104 16904.  22.0 33.0 2.854 0.    0.
   7 1988  105 16897.  22.0 33.0 2.858 0.    0.
   7 1988  106 16890.  22.0 33.0 2.862 0.    2.
   7 1988  107 16925.  22.1 32.9 2.862 0.    0.
   7 1988  108 16961.  22.1 32.9 2.863 0.    0.
   7 1988  109 16996.  22.1 32.9 2.863 0.    0.
   7 1988  110 17031.  22.1 32.8 2.864 0.    0.
   7 1988  111 17067.  22.1 32.8 2.864 0.    0.
   7 1988  112 17102.  22.1 32.8 2.865 0.    0.
   7 1988  113 17137.  22.1 32.7 2.865 0.    0.
   7 1988  114 17173.  22.2 32.7 2.865 0.    0.
   7 1988  115 17208.  22.2 32.7 2.866 0.    0.
   7 1988  116 17243.  22.2 32.6 2.866 0.    0.
   7 1988  117 17279.  22.2 32.6 2.867 0.    0.
   7 1988  118 17314.  22.2 32.6 2.867 0.    0.
   7 1988  119 17349.  22.2 32.5 2.868 0.    0.
   7 1988  120 17385.  22.3 32.5 2.868 0.   20.
   7 1988  121 17420.  22.3 32.5 2.868 0.    0.
   7 1988  122 17455.  22.3 32.4 2.869 0.   67.
   7 1988  123 17491.  22.3 32.4 2.869 0.    0.
   7 1988  124 17526.  22.3 32.4 2.870 0.    6.
   7 1988  125 17561.  22.3 32.3 2.870 0.    0.
   7 1988  126 17597.  22.3 32.3 2.871 0.    0.
   7 1988  127 17632.  22.4 32.3 2.871 0.    0.
   7 1988  128 17667.  22.4 32.2 2.872 0.    0.
   7 1988  129 17703.  22.4 32.2 2.872 0.    0.
   7 1988  130 17738.  22.4 32.1 2.872 0.    0.
   7 1988  131 17773.  22.4 32.1 2.873 0.    0.
   7 1988  132 17809.  22.4 32.1 2.873 0.    0.
   7 1988  133 17844.  22.5 32.0 2.874 0.    0.
   7 1988  134 17879.  22.5 32.0 2.874 0.    0.
   7 1988  135 17915.  22.5 32.0 2.875 0.    0.
   7 1988  136 17950.  22.5 31.9 2.875 0.    0.
   7 1988  137 17833.  22.5 31.9 2.873 0.    0.
   7 1988  138 17715.  22.5 31.8 2.870 0.    0.
   7 1988  139 17598.  22.4 31.8 2.868 0.    0.
   7 1988  140 17480.  22.4 31.7 2.866 0.    0.
   7 1988  141 17363.  22.4 31.7 2.864 0.    0.
   7 1988  142 17245.  22.4 31.6 2.861 0.    1.
   7 1988  143 17128.  22.4 31.6 2.859 1.    0.
   7 1988  144 17011.  22.4 31.5 2.857 1.    2.
   7 1988  145 16893.  22.3 31.4 2.854 1.    0.
   7 1988  146 16776.  22.3 31.4 2.852 1.    0.
   7 1988  147 16658.  22.3 31.3 2.850 1.    1.
   7 1988  148 16541.  22.3 31.3 2.848 1.    0.
   7 1988  149 16424.  22.3 31.2 2.845 1.   15.
   7 1988  150 16306.  22.2 31.2 2.843 1.   36.
   7 1988  151 16189.  22.2 31.1 2.841 1.    0.
   7 1988  152 16071.  22.2 31.1 2.838 1.    0.
   7 1988  153 15954.  22.2 31.0 2.836 1.    0.
   7 1988  154 15836.  22.2 30.9 2.834 1.    0.
   7 1988  155 15719.  22.1 30.9 2.831 1.    5.
   7 1988  156 15602.  22.1 30.8 2.829 2.   11.
   7 1988  157 15484.  22.1 30.8 2.827 2.    0.
   7 1988  158 15367.  22.1 30.7 2.825 2.    0.
   7 1988  159 15249.  22.1 30.7 2.822 2.    0.
   7 1988  160 15132.  22.1 30.6 2.820 2.    0.
   7 1988  161 15015.  22.0 30.6 2.818 2.    0.
   7 1988  162 14897.  22.0 30.5 2.815 2.   41.
   7 1988  163 14780.  22.0 30.4 2.813 2.    0.
   7 1988  164 14662.  22.0 30.4 2.811 2.   10.
   7 1988  165 14545.  22.0 30.3 2.809 2.    0.
   7 1988  166 14427.  21.9 30.3 2.806 2.    0.
   7 1988  167 14310.  21.9 30.2 2.804 2.    0.
   7 1988  168 14302.  21.9 30.2 2.799 2.   24.
   7 1988  169 14295.  21.9 30.1 2.793 2.    0.
   7 1988  170 14287.  21.9 30.1 2.788 2.    0.
   7 1988  171 14279.  21.8 30.0 2.783 2.    0.
   7 1988  172 14272.  21.8 30.0 2.777 2.    0.
   7 1988  173 14264.  21.8 29.9 2.772 2.   29.
   7 1988  174 14256.  21.8 29.9 2.766 2.    0.
   7 1988  175 14249.  21.8 29.9 2.761 2.    0.
   7 1988  176 14241.  21.8 29.8 2.756 2.    0.
   7 1988  177 14233.  21.7 29.8 2.750 2.    0.
   7 1988  178 14226.  21.7 29.7 2.745 2.    3.
   7 1988  179 14218.  21.7 29.7 2.740 2.    0.
   7 1988  180 14210.  21.7 29.6 2.734 2.   78.
   7 1988  181 14203.  21.7 29.6 2.729 2.    1.
   7 1988  182 14195.  21.7 29.5 2.724 2.    0.
   7 1988  183 14187.  21.6 29.5 2.718 2.    0.
   7 1988  184 14180.  21.6 29.4 2.713 2.    0.
   7 1988  185 14172.  21.6 29.4 2.707 2.    0.
   7 1988  186 14164.  21.6 29.4 2.702 1.    0.
   7 1988  187 14157.  21.6 29.3 2.697 1.    0.
   7 1988  188 14149.  21.5 29.3 2.691 1.    0.
   7 1988  189 14141.  21.5 29.2 2.686 1.    0.
   7 1988  190 14134.  21.5 29.2 2.681 1.    2.
   7 1988  191 14126.  21.5 29.1 2.675 1.    0.
   7 1988  192 14118.  21.5 29.1 2.670 1.    0.
   7 1988  193 14111.  21.5 29.0 2.664 1.    0.
   7 1988  194 14103.  21.4 29.0 2.659 1.    7.
   7 1988  195 14095.  21.4 28.9 2.654 1.    0.
   7 1988  196 14088.  21.4 28.9 2.648 1.    0.
   7 1988  197 14080.  21.4 28.9 2.643 1.    0.
   7 1988  198 13992.  21.4 28.8 2.643 1.    9.
   7 1988  199 13905.  21.4 28.8 2.643 1.    0.
   7 1988  200 13817.  21.4 28.8 2.643 1.    0.
   7 1988  201 13729.  21.4 28.8 2.643 1.   14.
   7 1988  202 13641.  21.4 28.8 2.643 1.    0.
   7 1988  203 13554.  21.4 28.8 2.643 1.    0.
   7 1988  204 13466.  21.4 28.8 2.643 1.    0.
   7 1988  205 13378.  21.4 28.8 2.643 1.    0.
   7 1988  206 13290.  21.4 28.8 2.643 1.    0.
   7 1988  207 13203.  21.4 28.8 2.643 1.    0.
   7 1988  208 13115.  21.4 28.8 2.643 1.    0.
   7 1988  209 13027.  21.4 28.8 2.643 1.    0.
   7 1988  210 12939.  21.4 28.8 2.643 1.    0.
   7 1988  211 12852.  21.4 28.8 2.643 1.    1.
   7 1988  212 12764.  21.4 28.8 2.643 1.    0.
   7 1988  213 12676.  21.3 28.8 2.643 1.    0.
   7 1988  214 12588.  21.3 28.8 2.643 1.    0.
   7 1988  215 12501.  21.3 28.8 2.643 1.    0.
   7 1988  216 12413.  21.3 28.8 2.643 1.    0.
   7 1988  217 12325.  21.3 28.8 2.643 1.    5.
   7 1988  218 12237.  21.3 28.8 2.643 1.    0.
   7 1988  219 12150.  21.3 28.8 2.643 1.   20.
   7 1988  220 12062.  21.3 28.8 2.643 1.   15.
   7 1988  221 11974.  21.3 28.8 2.643 1.    0.
   7 1988  222 11886.  21.3 28.8 2.643 1.    0.
   7 1988  223 11799.  21.3 28.8 2.643 1.    0.
   7 1988  224 11711.  21.3 28.8 2.643 1.    0.
   7 1988  225 11623.  21.3 28.8 2.643 1.    0.
   7 1988  226 11535.  21.3 28.8 2.643 1.    0.
   7 1988  227 11448.  21.3 28.8 2.643 1.    7.
   7 1988  228 11360.  21.3 28.8 2.643 1.    0.
   7 1988  229 11475.  21.3 28.9 2.645 1.    0.
   7 1988  230 11590.  21.3 28.9 2.646 1.    0.
   7 1988  231 11705.  21.3 28.9 2.648 1.    0.
   7 1988  232 11819.  21.4 28.9 2.649 1.    5.
   7 1988  233 11934.  21.4 29.0 2.651 1.    0.
   7 1988  234 12049.  21.4 29.0 2.653 1.    0.
   7 1988  235 12164.  21.4 29.0 2.654 1.    0.
   7 1988  236 12279.  21.4 29.1 2.656 1.    0.
   7 1988  237 12394.  21.4 29.1 2.658 1.   10.
   7 1988  238 12508.  21.4 29.1 2.659 1.    0.
   7 1988  239 12623.  21.4 29.2 2.661 1.    2.
   7 1988  240 12738.  21.5 29.2 2.662 1.    0.
   7 1988  241 12853.  21.5 29.2 2.664 1.    0.
   7 1988  242 12968.  21.5 29.3 2.666 1.    0.
   7 1988  243 13083.  21.5 29.3 2.667 1.    0.
   7 1988  244 13197.  21.5 29.3 2.669 1.   48.
   7 1988  245 13312.  21.5 29.3 2.670 1.    0.
   7 1988  246 13427.  21.5 29.4 2.672 1.    0.
   7 1988  247 13542.  21.5 29.4 2.674 1.   31.
   7 1988  248 13657.  21.6 29.4 2.675 1.   11.
   7 1988  249 13772.  21.6 29.5 2.677 1.   22.
   7 1988  250 13886.  21.6 29.5 2.678 1.   25.
   7 1988  251 14001.  21.6 29.5 2.680 1.    0.
   7 1988  252 14116.  21.6 29.6 2.682 1.    0.
   7 1988  253 14231.  21.6 29.6 2.683 1.    0.
   7 1988  254 14346.  21.6 29.6 2.685 1.    0.
   7 1988  255 14461.  21.6 29.7 2.687 1.    0.
   7 1988  256 14575.  21.7 29.7 2.688 1.   15.
   7 1988  257 14690.  21.7 29.7 2.690 1.   60.
   7 1988  258 14805.  21.7 29.7 2.691 1.    3.
   7 1988  259 14920.  21.7 29.8 2.693 1.    0.
   7 1988  260 14985.  21.7 29.8 2.696 1.   50.
   7 1988  261 15049.  21.7 29.9 2.698 1.    0.
   7 1988  262 15114.  21.7 29.9 2.701 1.    6.
   7 1988  263 15179.  21.7 29.9 2.704 1.   67.
   7 1988  264 15243.  21.7 30.0 2.706 1.    0.
   7 1988  265 15308.  21.7 30.0 2.709 1.   15.
   7 1988  266 15373.  21.7 30.0 2.711 1.    0.
   7 1988  267 15437.  21.8 30.1 2.714 1.    0.
   7 1988  268 15502.  21.8 30.1 2.717 1.   53.
   7 1988  269 15567.  21.8 30.2 2.719 1.   20.
   7 1988  270 15631.  21.8 30.2 2.722 1.    0.
   7 1988  271 15696.  21.8 30.2 2.725 1.    0.
   7 1988  272 15761.  21.8 30.3 2.727 1.   33.
   7 1988  273 15825.  21.8 30.3 2.730 1.    0.
   7 1988  274 15890.  21.8 30.3 2.733 0.    0.
   7 1988  275 15955.  21.8 30.4 2.735 0.    0.
   7 1988  276 16019.  21.8 30.4 2.738 0.    0.
   7 1988  277 16084.  21.8 30.5 2.740 0.    0.
   7 1988  278 16149.  21.8 30.5 2.743 0.    0.
   7 1988  279 16213.  21.8 30.5 2.746 0.    0.
   7 1988  280 16278.  21.8 30.6 2.748 0.    0.
   7 1988  281 16343.  21.8 30.6 2.751 0.    0.
   7 1988  282 16407.  21.8 30.6 2.754 0.   12.
   7 1988  283 16472.  21.9 30.7 2.756 0.    0.
   7 1988  284 16537.  21.9 30.7 2.759 0.    0.
   7 1988  285 16601.  21.9 30.8 2.761 0.   54.
   7 1988  286 16666.  21.9 30.8 2.764 0.    0.
   7 1988  287 16731.  21.9 30.8 2.767 0.    0.
   7 1988  288 16795.  21.9 30.9 2.769 0.    0.
   7 1988  289 16860.  21.9 30.9 2.772 0.    5.
   7 1988  290 16818.  21.9 30.9 2.774 0.    0.
   7 1988  291 16776.  21.9 30.9 2.775 0.    0.
   7 1988  292 16734.  21.9 31.0 2.777 0.    0.
   7 1988  293 16692.  21.9 31.0 2.779 0.    0.
   7 1988  294 16650.  21.9 31.0 2.781 0.    0.
   7 1988  295 16608.  21.9 31.0 2.782 0.   19.
   7 1988  296 16566.  21.9 31.1 2.784 0.    0.
   7 1988  297 16525.  21.9 31.1 2.786 0.    0.
   7 1988  298 16483.  21.9 31.1 2.788 0.    0.
   7 1988  299 16441.  21.9 31.1 2.789 0.    0.
   7 1988  300 16399.  21.9 31.1 2.791 0.    0.
   7 1988  301 16357.  21.9 31.2 2.793 0.    0.
   7 1988  302 16315.  21.9 31.2 2.795 0.    0.
   7 1988  303 16273.  21.9 31.2 2.796 0.    0.
   7 1988  304 16231.  21.9 31.2 2.798 0.    0.
   7 1988  305 16189.  21.9 31.3 2.800 0.    0.
   7 1988  306 16147.  21.9 31.3 2.802 0.    0.
   7 1988  307 16105.  21.9 31.3 2.803 0.    0.
   7 1988  308 16063.  21.9 31.3 2.805 0.    0.
   7 1988  309 16021.  21.9 31.3 2.807 0.    0.
   7 1988  310 15979.  21.9 31.4 2.809 0.    0.
   7 1988  311 15937.  21.9 31.4 2.810 0.    0.
   7 1988  312 15895.  21.9 31.4 2.812 0.    0.
   7 1988  313 15854.  21.9 31.4 2.814 0.    0.
   7 1988  314 15812.  21.9 31.5 2.816 0.    0.
   7 1988  315 15770.  21.9 31.5 2.817 0.    0.
   7 1988  316 15728.  21.9 31.5 2.819 0.    0.
   7 1988  317 15686.  21.9 31.5 2.821 0.    0.
   7 1988  318 15644.  21.9 31.5 2.823 0.    0.
   7 1988  319 15602.  21.9 31.6 2.824 0.    0.
   7 1988  320 15560.  21.9 31.6 2.826 0.    0.
   7 1988  321 15551.  21.9 31.6 2.821 0.    0.
   7 1988  322 15542.  21.9 31.6 2.817 0.    0.
   7 1988  323 15533.  21.9 31.6 2.812 0.    5.
   7 1988  324 15524.  21.8 31.6 2.808 0.   22.
   7 1988  325 15515.  21.8 31.6 2.803 0.    7.
   7 1988  326 15506.  21.8 31.6 2.799 0.    0.
   7 1988  327 15497.  21.8 31.6 2.794 0.    0.
   7 1988  328 15488.  21.7 31.5 2.790 0.   17.
   7 1988  329 15479.  21.7 31.5 2.785 0.    0.
   7 1988  330 15470.  21.7 31.5 2.781 0.   30.
   7 1988  331 15461.  21.7 31.5 2.776 0.    0.
   7 1988  332 15452.  21.6 31.5 2.772 0.    1.
   7 1988  333 15443.  21.6 31.5 2.767 0.    0.
   7 1988  334 15434.  21.6 31.5 2.763 0.    0.
   7 1988  335 15425.  21.6 31.5 2.758 0.    0.
   7 1988  336 15416.  21.5 31.5 2.753 0.    0.
   7 1988  337 15407.  21.5 31.5 2.749 0.    0.
   7 1988  338 15398.  21.5 31.5 2.744 0.    0.
   7 1988  339 15389.  21.5 31.5 2.740 0.    0.
   7 1988  340 15380.  21.4 31.5 2.735 0.    0.
   7 1988  341 15371.  21.4 31.5 2.731 0.    0.
   7 1988  342 15362.  21.4 31.5 2.726 0.    0.
   7 1988  343 15353.  21.4 31.5 2.722 0.    9.
   7 1988  344 15344.  21.3 31.5 2.717 0.    0.
   7 1988  345 15335.  21.3 31.5 2.713 0.    0.
   7 1988  346 15326.  21.3 31.5 2.708 0.    0.
   7 1988  347 15317.  21.3 31.4 2.704 0.    0.
   7 1988  348 15308.  21.2 31.4 2.699 0.    0.
   7 1988  349 15299.  21.2 31.4 2.695 0.    1.
   7 1988  350 15290.  21.2 31.4 2.690 0.    0.
   7 1988  351 15305.  21.1 31.5 2.681 0.    4.
   7 1988  352 15320.  21.1 31.5 2.673 0.    0.
   7 1988  353 15335.  21.1 31.6 2.664 0.    0.
   7 1988  354 15350.  21.0 31.7 2.656 0.    0.
   7 1988  355 15365.  21.0 31.7 2.647 0.    0.
   7 1988  356 15380.  20.9 31.8 2.639 0.    0.
   7 1988  357 15395.  20.9 31.8 2.630 0.    0.
   7 1988  358 15410.  20.8 31.9 2.622 0.    0.
   7 1988  359 15425.  20.8 32.0 2.613 0.   12.
   7 1988  360 15440.  20.7 32.0 2.605 0.    0.
   7 1988  361 15455.  20.7 32.1 2.596 0.    0.
   7 1988  362 15470.  20.6 32.1 2.588 0.    0.
   7 1988  363 15485.  20.6 32.2 2.579 0.    0.
   7 1988  364 15500.  20.5 32.2 2.571 0.    0.
   7 1988  365 15515.  20.5 32.3 2.562 0.    0.
   7 1988  366 15530.  20.4 32.4 2.553 0.    0.
