*---------------------------------------------------------*
*   Country: Cote d'Ivoire
*   Station: Gagnoa
*      Year: 1992
* Longitude: 005 57 W
*  Latitude: 06 08 N
* Elevation: 214 m.
*  WMO-code: 65.5570
*  Comments:
*            Automatically generated file from *.WOF file
*
*  Columns:
*  ========
*  station number
*  year
*  day
*  irradiation (kJ m-2 d-1)
*  minimum temperature (degrees Celsius)
*  maximum temperature (degrees Celsius)
*  vapour pressure (kPa)
*  mean wind speed (m s-1)
*  precipitation (mm month-1)
*---------------------------------------------------------*
  -5.95   6.13   214. 0.00 0.00
   7 1992    1 15270.  19.7 31.7 2.415 0.    0.
   7 1992    2 15269.  19.6 31.7 2.395 0.    0.
   7 1992    3 15267.  19.4 31.8 2.376 0.    0.
   7 1992    4 15266.  19.3 31.8 2.356 0.    0.
   7 1992    5 15264.  19.2 31.8 2.336 0.    0.
   7 1992    6 15263.  19.1 31.8 2.317 0.    0.
   7 1992    7 15261.  19.0 31.8 2.297 0.    0.
   7 1992    8 15260.  18.9 31.9 2.277 0.    0.
   7 1992    9 15259.  18.8 31.9 2.258 0.    0.
   7 1992   10 15257.  18.7 31.9 2.238 0.    0.
   7 1992   11 15256.  18.6 31.9 2.219 0.    0.
   7 1992   12 15254.  18.5 31.9 2.199 0.    0.
   7 1992   13 15253.  18.3 32.0 2.179 0.    0.
   7 1992   14 15251.  18.2 32.0 2.160 0.    0.
   7 1992   15 15250.  18.1 32.0 2.140 0.    0.
   7 1992   16 15338.  18.3 32.1 2.159 0.    0.
   7 1992   17 15425.  18.4 32.2 2.178 0.    0.
   7 1992   18 15513.  18.5 32.3 2.198 0.    0.
   7 1992   19 15601.  18.6 32.3 2.217 0.    0.
   7 1992   20 15688.  18.7 32.4 2.236 0.    0.
   7 1992   21 15776.  18.9 32.5 2.255 0.    0.
   7 1992   22 15864.  19.0 32.6 2.275 0.    0.
   7 1992   23 15951.  19.1 32.7 2.294 0.    0.
   7 1992   24 16039.  19.2 32.8 2.313 0.    0.
   7 1992   25 16127.  19.4 32.8 2.332 0.    0.
   7 1992   26 16214.  19.5 32.9 2.352 0.    0.
   7 1992   27 16302.  19.6 33.0 2.371 0.    0.
   7 1992   28 16390.  19.7 33.1 2.390 0.    0.
   7 1992   29 16477.  19.8 33.2 2.409 0.    0.
   7 1992   30 16565.  20.0 33.3 2.428 0.    0.
   7 1992   31 16653.  20.1 33.3 2.448 0.    0.
   7 1992   32 16740.  20.2 33.4 2.467 0.    0.
   7 1992   33 16828.  20.3 33.5 2.486 0.    0.
   7 1992   34 16916.  20.5 33.6 2.505 0.    0.
   7 1992   35 17003.  20.6 33.7 2.525 0.    0.
   7 1992   36 17091.  20.7 33.8 2.544 0.    0.
   7 1992   37 17179.  20.8 33.9 2.563 0.    0.
   7 1992   38 17266.  20.9 33.9 2.582 0.    0.
   7 1992   39 17354.  21.1 34.0 2.602 0.   29.
   7 1992   40 17442.  21.2 34.1 2.621 0.    0.
   7 1992   41 17529.  21.3 34.2 2.640 0.    0.
   7 1992   42 17617.  21.4 34.3 2.659 0.    0.
   7 1992   43 17705.  21.6 34.4 2.679 0.    0.
   7 1992   44 17792.  21.7 34.4 2.698 0.    0.
   7 1992   45 17880.  21.8 34.5 2.717 0.    0.
   7 1992   46 17854.  21.8 34.5 2.720 0.    0.
   7 1992   47 17828.  21.8 34.5 2.724 0.    9.
   7 1992   48 17802.  21.8 34.4 2.727 0.    0.
   7 1992   49 17776.  21.8 34.4 2.731 0.    0.
   7 1992   50 17750.  21.9 34.4 2.734 0.    0.
   7 1992   51 17724.  21.9 34.3 2.738 0.    0.
   7 1992   52 17698.  21.9 34.3 2.741 0.    0.
   7 1992   53 17672.  21.9 34.3 2.745 0.    0.
   7 1992   54 17646.  21.9 34.2 2.749 0.    0.
   7 1992   55 17620.  21.9 34.2 2.752 0.    0.
   7 1992   56 17594.  21.9 34.2 2.756 0.    0.
   7 1992   57 17568.  21.9 34.1 2.759 0.    0.
   7 1992   58 17542.  22.0 34.1 2.763 0.    0.
   7 1992   59 17516.  22.0 34.1 2.766 0.    0.
   7 1992   60 17490.  22.0 34.0 2.770 0.    0.
   7 1992   61 17464.  22.0 34.0 2.773 0.    0.
   7 1992   62 17438.  22.0 34.0 2.776 0.   16.
   7 1992   63 17412.  22.0 33.9 2.780 0.    0.
   7 1992   64 17386.  22.0 33.9 2.783 0.    0.
   7 1992   65 17360.  22.0 33.9 2.787 0.    0.
   7 1992   66 17334.  22.1 33.8 2.790 0.    0.
   7 1992   67 17308.  22.1 33.8 2.794 0.    0.
   7 1992   68 17282.  22.1 33.8 2.798 0.    0.
   7 1992   69 17256.  22.1 33.7 2.801 0.    0.
   7 1992   70 17230.  22.1 33.7 2.805 0.    0.
   7 1992   71 17204.  22.1 33.7 2.808 0.    0.
   7 1992   72 17178.  22.1 33.6 2.812 0.   16.
   7 1992   73 17152.  22.1 33.6 2.815 0.    0.
   7 1992   74 17126.  22.2 33.6 2.819 0.    0.
   7 1992   75 17100.  22.2 33.5 2.822 0.   27.
   7 1992   76 17082.  22.2 33.5 2.825 0.    0.
   7 1992   77 17065.  22.2 33.5 2.829 0.    2.
   7 1992   78 17047.  22.2 33.5 2.832 0.    0.
   7 1992   79 17029.  22.2 33.5 2.835 0.    0.
   7 1992   80 17011.  22.2 33.5 2.838 0.    6.
   7 1992   81 16994.  22.2 33.5 2.842 0.    0.
   7 1992   82 16976.  22.2 33.5 2.845 0.    0.
   7 1992   83 16958.  22.2 33.5 2.848 0.    0.
   7 1992   84 16940.  22.2 33.6 2.852 0.    0.
   7 1992   85 16923.  22.2 33.6 2.855 0.    8.
   7 1992   86 16905.  22.2 33.6 2.858 0.    0.
   7 1992   87 16887.  22.2 33.6 2.861 0.    0.
   7 1992   88 16869.  22.2 33.6 2.865 0.    0.
   7 1992   89 16852.  22.2 33.6 2.868 0.    0.
   7 1992   90 16834.  22.2 33.6 2.871 0.   76.
   7 1992   91 16816.  22.2 33.6 2.875 0.    0.
   7 1992   92 16798.  22.2 33.6 2.878 0.    0.
   7 1992   93 16781.  22.2 33.6 2.881 0.    0.
   7 1992   94 16763.  22.2 33.6 2.885 0.    6.
   7 1992   95 16745.  22.2 33.6 2.888 0.    0.
   7 1992   96 16727.  22.2 33.6 2.891 0.    0.
   7 1992   97 16710.  22.2 33.6 2.894 0.    2.
   7 1992   98 16692.  22.2 33.6 2.898 0.   28.
   7 1992   99 16674.  22.2 33.6 2.901 1.   36.
   7 1992  100 16656.  22.2 33.6 2.904 1.    0.
   7 1992  101 16639.  22.2 33.6 2.908 1.    0.
   7 1992  102 16621.  22.2 33.6 2.911 1.    2.
   7 1992  103 16603.  22.2 33.6 2.914 1.    2.
   7 1992  104 16585.  22.2 33.6 2.917 1.    0.
   7 1992  105 16568.  22.2 33.6 2.921 1.    0.
   7 1992  106 16550.  22.2 33.6 2.924 1.   20.
   7 1992  107 16556.  22.2 33.5 2.917 1.    0.
   7 1992  108 16561.  22.2 33.5 2.910 1.   19.
   7 1992  109 16567.  22.2 33.4 2.904 1.    0.
   7 1992  110 16573.  22.2 33.4 2.897 1.    7.
   7 1992  111 16578.  22.2 33.3 2.890 1.    8.
   7 1992  112 16584.  22.2 33.3 2.883 1.    0.
   7 1992  113 16590.  22.2 33.2 2.876 1.    0.
   7 1992  114 16595.  22.2 33.1 2.869 0.    2.
   7 1992  115 16601.  22.2 33.1 2.862 0.    1.
   7 1992  116 16607.  22.2 33.0 2.856 0.    0.
   7 1992  117 16612.  22.2 33.0 2.849 0.    0.
   7 1992  118 16618.  22.2 32.9 2.842 0.    0.
   7 1992  119 16624.  22.2 32.9 2.835 0.    0.
   7 1992  120 16629.  22.2 32.8 2.828 0.    0.
   7 1992  121 16635.  22.2 32.7 2.822 0.   10.
   7 1992  122 16641.  22.2 32.7 2.815 0.    0.
   7 1992  123 16646.  22.2 32.6 2.808 0.    0.
   7 1992  124 16652.  22.2 32.6 2.801 0.    0.
   7 1992  125 16658.  22.2 32.5 2.794 0.   12.
   7 1992  126 16663.  22.2 32.4 2.787 0.    1.
   7 1992  127 16669.  22.2 32.4 2.781 0.    4.
   7 1992  128 16675.  22.2 32.3 2.774 0.    8.
   7 1992  129 16680.  22.2 32.3 2.767 0.   14.
   7 1992  130 16686.  22.2 32.2 2.760 0.    0.
   7 1992  131 16692.  22.2 32.2 2.753 0.    1.
   7 1992  132 16697.  22.2 32.1 2.746 0.    0.
   7 1992  133 16703.  22.2 32.0 2.740 0.    0.
   7 1992  134 16709.  22.2 32.0 2.733 0.   16.
   7 1992  135 16714.  22.2 31.9 2.726 0.   41.
   7 1992  136 16720.  22.2 31.9 2.719 0.    0.
   7 1992  137 16618.  22.2 31.8 2.720 0.    0.
   7 1992  138 16517.  22.2 31.7 2.721 0.    8.
   7 1992  139 16415.  22.2 31.7 2.722 0.    5.
   7 1992  140 16314.  22.1 31.6 2.724 0.    0.
   7 1992  141 16212.  22.1 31.5 2.725 0.    0.
   7 1992  142 16110.  22.1 31.5 2.726 0.   24.
   7 1992  143 16009.  22.1 31.4 2.727 0.    0.
   7 1992  144 15907.  22.1 31.3 2.728 0.    0.
   7 1992  145 15805.  22.0 31.2 2.729 0.    0.
   7 1992  146 15704.  22.0 31.2 2.731 0.    0.
   7 1992  147 15602.  22.0 31.1 2.732 0.    0.
   7 1992  148 15501.  22.0 31.0 2.733 0.   35.
   7 1992  149 15399.  22.0 31.0 2.734 0.    2.
   7 1992  150 15297.  21.9 30.9 2.735 0.   33.
   7 1992  151 15196.  21.9 30.8 2.736 0.    7.
   7 1992  152 15094.  21.9 30.8 2.738 0.    2.
   7 1992  153 14993.  21.9 30.7 2.739 0.    0.
   7 1992  154 14891.  21.8 30.6 2.740 0.    0.
   7 1992  155 14789.  21.8 30.6 2.741 0.    0.
   7 1992  156 14688.  21.8 30.5 2.742 0.    0.
   7 1992  157 14586.  21.8 30.4 2.743 0.    0.
   7 1992  158 14485.  21.8 30.4 2.745 0.    0.
   7 1992  159 14383.  21.7 30.3 2.746 0.    4.
   7 1992  160 14281.  21.7 30.2 2.747 0.    0.
   7 1992  161 14180.  21.7 30.1 2.748 0.    0.
   7 1992  162 14078.  21.7 30.1 2.749 0.    0.
   7 1992  163 13976.  21.7 30.0 2.750 0.    0.
   7 1992  164 13875.  21.6 29.9 2.752 0.    0.
   7 1992  165 13773.  21.6 29.9 2.753 0.    0.
   7 1992  166 13672.  21.6 29.8 2.754 0.    4.
   7 1992  167 13570.  21.6 29.7 2.755 0.    0.
   7 1992  168 13492.  21.5 29.7 2.750 0.    9.
   7 1992  169 13413.  21.5 29.6 2.745 0.    9.
   7 1992  170 13335.  21.5 29.5 2.740 0.    1.
   7 1992  171 13257.  21.5 29.5 2.735 0.    0.
   7 1992  172 13178.  21.5 29.4 2.730 0.    0.
   7 1992  173 13100.  21.4 29.4 2.725 0.    0.
   7 1992  174 13022.  21.4 29.3 2.720 0.    1.
   7 1992  175 12943.  21.4 29.3 2.715 0.    0.
   7 1992  176 12865.  21.4 29.2 2.710 0.    0.
   7 1992  177 12787.  21.3 29.1 2.705 0.    2.
   7 1992  178 12708.  21.3 29.1 2.700 0.    0.
   7 1992  179 12630.  21.3 29.0 2.695 0.    0.
   7 1992  180 12552.  21.3 29.0 2.690 0.   12.
   7 1992  181 12473.  21.2 28.9 2.685 0.    2.
   7 1992  182 12395.  21.2 28.8 2.680 0.    0.
   7 1992  183 12317.  21.2 28.8 2.675 0.    0.
   7 1992  184 12238.  21.2 28.7 2.670 0.    0.
   7 1992  185 12160.  21.1 28.6 2.665 0.    0.
   7 1992  186 12082.  21.1 28.6 2.660 0.    0.
   7 1992  187 12003.  21.1 28.5 2.655 0.    0.
   7 1992  188 11925.  21.1 28.5 2.650 0.    2.
   7 1992  189 11847.  21.1 28.4 2.645 0.    0.
   7 1992  190 11768.  21.0 28.4 2.640 0.    0.
   7 1992  191 11690.  21.0 28.3 2.635 0.    0.
   7 1992  192 11612.  21.0 28.2 2.630 0.   13.
   7 1992  193 11533.  21.0 28.2 2.625 0.    0.
   7 1992  194 11455.  20.9 28.1 2.620 0.    0.
   7 1992  195 11377.  20.9 28.1 2.615 0.    0.
   7 1992  196 11298.  20.9 28.0 2.610 0.    0.
   7 1992  197 11220.  20.9 27.9 2.605 0.    0.
   7 1992  198 11242.  20.8 28.0 2.602 0.    0.
   7 1992  199 11264.  20.8 28.0 2.599 0.    0.
   7 1992  200 11286.  20.8 28.0 2.597 0.    0.
   7 1992  201 11308.  20.8 28.0 2.594 0.    1.
   7 1992  202 11330.  20.8 28.0 2.591 0.    9.
   7 1992  203 11352.  20.7 28.1 2.588 0.    0.
   7 1992  204 11374.  20.7 28.1 2.586 0.    0.
   7 1992  205 11395.  20.7 28.1 2.583 0.    0.
   7 1992  206 11417.  20.7 28.1 2.580 0.    0.
   7 1992  207 11439.  20.7 28.2 2.577 0.    0.
   7 1992  208 11461.  20.6 28.2 2.574 0.    0.
   7 1992  209 11483.  20.6 28.2 2.572 0.    0.
   7 1992  210 11505.  20.6 28.2 2.569 0.    0.
   7 1992  211 11527.  20.6 28.2 2.566 0.    0.
   7 1992  212 11549.  20.6 28.3 2.563 0.    3.
   7 1992  213 11571.  20.5 28.3 2.561 0.    5.
   7 1992  214 11593.  20.5 28.3 2.558 0.    0.
   7 1992  215 11615.  20.5 28.3 2.555 0.    0.
   7 1992  216 11637.  20.5 28.4 2.552 0.    0.
   7 1992  217 11659.  20.5 28.4 2.550 0.    0.
   7 1992  218 11681.  20.4 28.4 2.547 0.    0.
   7 1992  219 11703.  20.4 28.4 2.544 0.    0.
   7 1992  220 11725.  20.4 28.4 2.541 0.    0.
   7 1992  221 11746.  20.4 28.5 2.538 0.    0.
   7 1992  222 11768.  20.4 28.5 2.536 0.    0.
   7 1992  223 11790.  20.3 28.5 2.533 0.    6.
   7 1992  224 11812.  20.3 28.5 2.530 0.    1.
   7 1992  225 11834.  20.3 28.6 2.527 0.    0.
   7 1992  226 11856.  20.3 28.6 2.525 0.    0.
   7 1992  227 11878.  20.3 28.6 2.522 0.    0.
   7 1992  228 11900.  20.2 28.6 2.519 0.    1.
   7 1992  229 11951.  20.3 28.7 2.522 0.    0.
   7 1992  230 12003.  20.3 28.8 2.524 0.    0.
   7 1992  231 12054.  20.3 28.8 2.527 0.    1.
   7 1992  232 12105.  20.3 28.9 2.530 0.    0.
   7 1992  233 12156.  20.4 29.0 2.533 0.    2.
   7 1992  234 12208.  20.4 29.0 2.535 0.    0.
   7 1992  235 12259.  20.4 29.1 2.538 0.    0.
   7 1992  236 12310.  20.5 29.2 2.541 0.    0.
   7 1992  237 12362.  20.5 29.2 2.544 0.    0.
   7 1992  238 12413.  20.5 29.3 2.546 0.    0.
   7 1992  239 12464.  20.5 29.4 2.549 0.    0.
   7 1992  240 12515.  20.6 29.4 2.552 0.    0.
   7 1992  241 12567.  20.6 29.5 2.555 0.    0.
   7 1992  242 12618.  20.6 29.6 2.557 0.    0.
   7 1992  243 12669.  20.7 29.6 2.560 0.    0.
   7 1992  244 12721.  20.7 29.7 2.563 0.    0.
   7 1992  245 12772.  20.7 29.7 2.566 0.    0.
   7 1992  246 12823.  20.8 29.8 2.568 0.    4.
   7 1992  247 12875.  20.8 29.9 2.571 0.    2.
   7 1992  248 12926.  20.8 29.9 2.574 0.    0.
   7 1992  249 12977.  20.8 30.0 2.577 0.    0.
   7 1992  250 13028.  20.9 30.1 2.579 0.    3.
   7 1992  251 13080.  20.9 30.1 2.582 0.    0.
   7 1992  252 13131.  20.9 30.2 2.585 0.    0.
   7 1992  253 13182.  21.0 30.3 2.588 0.    0.
   7 1992  254 13234.  21.0 30.3 2.590 0.    1.
   7 1992  255 13285.  21.0 30.4 2.593 0.    0.
   7 1992  256 13336.  21.0 30.5 2.596 0.    0.
   7 1992  257 13387.  21.1 30.5 2.599 0.   13.
   7 1992  258 13439.  21.1 30.6 2.601 0.   15.
   7 1992  259 13490.  21.1 30.7 2.604 0.    0.
   7 1992  260 13567.  21.1 30.7 2.608 0.    0.
   7 1992  261 13644.  21.1 30.7 2.612 0.    0.
   7 1992  262 13721.  21.1 30.7 2.617 0.    7.
   7 1992  263 13798.  21.2 30.7 2.621 0.   12.
   7 1992  264 13875.  21.2 30.7 2.625 0.    8.
   7 1992  265 13952.  21.2 30.7 2.629 0.    1.
   7 1992  266 14029.  21.2 30.7 2.633 0.   29.
   7 1992  267 14106.  21.2 30.7 2.638 0.    0.
   7 1992  268 14183.  21.2 30.7 2.642 0.    0.
   7 1992  269 14260.  21.2 30.7 2.646 0.    3.
   7 1992  270 14337.  21.2 30.7 2.650 0.   12.
   7 1992  271 14414.  21.2 30.7 2.654 0.    0.
   7 1992  272 14491.  21.2 30.7 2.659 0.    0.
   7 1992  273 14568.  21.2 30.7 2.663 0.    0.
   7 1992  274 14645.  21.2 30.7 2.667 0.    0.
   7 1992  275 14722.  21.2 30.7 2.671 0.    0.
   7 1992  276 14799.  21.2 30.7 2.675 0.    0.
   7 1992  277 14876.  21.2 30.7 2.680 0.    0.
   7 1992  278 14953.  21.2 30.7 2.684 0.    2.
   7 1992  279 15030.  21.2 30.7 2.688 0.    0.
   7 1992  280 15107.  21.2 30.7 2.692 0.    0.
   7 1992  281 15184.  21.3 30.7 2.696 0.    0.
   7 1992  282 15261.  21.3 30.7 2.701 0.    6.
   7 1992  283 15338.  21.3 30.7 2.705 0.    0.
   7 1992  284 15415.  21.3 30.7 2.709 0.   19.
   7 1992  285 15492.  21.3 30.7 2.713 0.    0.
   7 1992  286 15569.  21.3 30.7 2.717 0.    0.
   7 1992  287 15646.  21.3 30.7 2.722 0.    0.
   7 1992  288 15723.  21.3 30.7 2.726 0.    0.
   7 1992  289 15800.  21.3 30.7 2.730 0.    0.
   7 1992  290 15796.  21.3 30.7 2.733 0.    0.
   7 1992  291 15793.  21.3 30.8 2.736 0.    0.
   7 1992  292 15789.  21.4 30.8 2.739 0.    0.
   7 1992  293 15786.  21.4 30.8 2.742 0.    0.
   7 1992  294 15782.  21.4 30.8 2.745 0.    7.
   7 1992  295 15779.  21.4 30.9 2.749 0.    0.
   7 1992  296 15775.  21.4 30.9 2.752 0.    6.
   7 1992  297 15772.  21.5 30.9 2.755 0.   12.
   7 1992  298 15768.  21.5 31.0 2.758 0.    0.
   7 1992  299 15765.  21.5 31.0 2.761 0.    0.
   7 1992  300 15761.  21.5 31.0 2.764 0.    0.
   7 1992  301 15757.  21.5 31.0 2.767 0.    0.
   7 1992  302 15754.  21.6 31.1 2.770 0.    0.
   7 1992  303 15750.  21.6 31.1 2.773 0.    0.
   7 1992  304 15747.  21.6 31.1 2.776 0.    0.
   7 1992  305 15743.  21.6 31.2 2.780 0.    1.
   7 1992  306 15740.  21.6 31.2 2.783 0.    0.
   7 1992  307 15736.  21.7 31.2 2.786 0.    0.
   7 1992  308 15733.  21.7 31.2 2.789 0.    0.
   7 1992  309 15729.  21.7 31.3 2.792 0.    0.
   7 1992  310 15725.  21.7 31.3 2.795 0.    3.
   7 1992  311 15722.  21.7 31.3 2.798 0.    0.
   7 1992  312 15718.  21.8 31.4 2.801 0.    0.
   7 1992  313 15715.  21.8 31.4 2.804 0.   15.
   7 1992  314 15711.  21.8 31.4 2.807 0.    0.
   7 1992  315 15708.  21.8 31.4 2.811 0.   27.
   7 1992  316 15704.  21.8 31.5 2.814 0.    0.
   7 1992  317 15701.  21.9 31.5 2.817 0.    0.
   7 1992  318 15697.  21.9 31.5 2.820 0.    0.
   7 1992  319 15694.  21.9 31.6 2.823 0.    0.
   7 1992  320 15690.  21.9 31.6 2.826 0.    0.
   7 1992  321 15677.  21.9 31.6 2.821 0.    3.
   7 1992  322 15663.  21.9 31.6 2.817 0.    0.
   7 1992  323 15650.  21.9 31.6 2.812 0.    3.
   7 1992  324 15637.  21.8 31.6 2.808 0.    0.
   7 1992  325 15623.  21.8 31.6 2.803 0.    0.
   7 1992  326 15610.  21.8 31.6 2.799 0.   13.
   7 1992  327 15597.  21.8 31.6 2.794 0.    0.
   7 1992  328 15583.  21.7 31.5 2.790 0.    0.
   7 1992  329 15570.  21.7 31.5 2.785 0.    0.
   7 1992  330 15557.  21.7 31.5 2.781 0.    0.
   7 1992  331 15543.  21.7 31.5 2.776 0.    0.
   7 1992  332 15530.  21.6 31.5 2.772 0.    0.
   7 1992  333 15517.  21.6 31.5 2.767 0.    0.
   7 1992  334 15503.  21.6 31.5 2.763 0.    0.
   7 1992  335 15490.  21.6 31.5 2.758 0.   14.
   7 1992  336 15477.  21.5 31.5 2.753 0.    0.
   7 1992  337 15463.  21.5 31.5 2.749 0.    0.
   7 1992  338 15450.  21.5 31.5 2.744 0.    0.
   7 1992  339 15437.  21.5 31.5 2.740 0.    0.
   7 1992  340 15423.  21.4 31.5 2.735 0.    5.
   7 1992  341 15410.  21.4 31.5 2.731 0.    0.
   7 1992  342 15397.  21.4 31.5 2.726 0.    0.
   7 1992  343 15383.  21.4 31.5 2.722 0.    0.
   7 1992  344 15370.  21.3 31.5 2.717 0.    0.
   7 1992  345 15357.  21.3 31.5 2.713 0.    0.
   7 1992  346 15343.  21.3 31.5 2.708 0.    0.
   7 1992  347 15330.  21.3 31.4 2.704 0.    0.
   7 1992  348 15317.  21.2 31.4 2.699 0.    0.
   7 1992  349 15303.  21.2 31.4 2.695 0.    0.
   7 1992  350 15290.  21.2 31.4 2.690 0.    3.
   7 1992  351 15289.  21.1 31.4 2.673 0.    0.
   7 1992  352 15288.  21.0 31.5 2.656 0.    0.
   7 1992  353 15286.  20.9 31.5 2.638 0.    2.
   7 1992  354 15285.  20.8 31.5 2.621 0.    0.
   7 1992  355 15284.  20.7 31.5 2.604 0.    0.
   7 1992  356 15283.  20.6 31.5 2.587 0.   15.
   7 1992  357 15281.  20.5 31.6 2.570 0.    0.
   7 1992  358 15280.  20.4 31.6 2.553 0.    0.
   7 1992  359 15279.  20.3 31.6 2.535 0.    0.
   7 1992  360 15278.  20.2 31.6 2.518 0.    0.
   7 1992  361 15276.  20.1 31.6 2.501 0.    0.
   7 1992  362 15275.  20.0 31.6 2.484 0.    0.
   7 1992  363 15274.  19.9 31.7 2.467 0.    0.
   7 1992  364 15273.  19.9 31.7 2.449 0.    0.
   7 1992  365 15271.  19.8 31.7 2.432 0.    0.
   7 1992  366 15270.  19.7 31.7 2.415 0.    0.
