*---------------------------------------------------------*
*   Country: Cote d'Ivoire
*   Station: Gagnoa
*      Year: 1995
* Longitude: 005 57 W
*  Latitude: 06 08 N
* Elevation: 214 m.
*  WMO-code: 65.5570
*  Comments:
*            Automatically generated file from *.WOF file
*
*  Columns:
*  ========
*  station number
*  year
*  day
*  irradiation (kJ m-2 d-1)
*  minimum temperature (degrees Celsius)
*  maximum temperature (degrees Celsius)
*  vapour pressure (kPa)
*  mean wind speed (m s-1)
*  precipitation (mm month-1)
*---------------------------------------------------------*
  -5.95   6.13   214. 0.00 0.00
   7 1995    1 16405.  20.3 33.3 2.463 0.    0.
   7 1995    2 16443.  20.3 33.4 2.446 0.    0.
   7 1995    3 16481.  20.2 33.6 2.429 0.    0.
   7 1995    4 16520.  20.1 33.7 2.412 0.    0.
   7 1995    5 16558.  20.1 33.9 2.395 0.    0.
   7 1995    6 16596.  20.0 34.0 2.378 0.    0.
   7 1995    7 16634.  19.9 34.2 2.361 0.    0.
   7 1995    8 16673.  19.9 34.4 2.344 0.    0.
   7 1995    9 16711.  19.8 34.5 2.326 0.    0.
   7 1995   10 16749.  19.8 34.7 2.309 0.    0.
   7 1995   11 16787.  19.7 34.8 2.292 0.    0.
   7 1995   12 16825.  19.6 35.0 2.275 0.    0.
   7 1995   13 16864.  19.6 35.1 2.258 0.    0.
   7 1995   14 16902.  19.5 35.3 2.241 0.    0.
   7 1995   15 16940.  19.4 35.4 2.224 0.    0.
   7 1995   16 16947.  19.5 35.5 2.232 0.    0.
   7 1995   17 16954.  19.6 35.5 2.240 0.    0.
   7 1995   18 16961.  19.7 35.5 2.248 0.    0.
   7 1995   19 16968.  19.8 35.5 2.257 0.    0.
   7 1995   20 16975.  19.9 35.5 2.265 0.    0.
   7 1995   21 16982.  20.0 35.5 2.273 0.    0.
   7 1995   22 16989.  20.1 35.6 2.281 0.    0.
   7 1995   23 16996.  20.2 35.6 2.289 0.    0.
   7 1995   24 17003.  20.3 35.6 2.297 0.    0.
   7 1995   25 17010.  20.4 35.6 2.305 0.    0.
   7 1995   26 17017.  20.5 35.7 2.313 0.    0.
   7 1995   27 17024.  20.6 35.7 2.322 0.    0.
   7 1995   28 17031.  20.7 35.7 2.330 0.    0.
   7 1995   29 17038.  20.8 35.7 2.338 0.    0.
   7 1995   30 17045.  20.9 35.7 2.346 0.    0.
   7 1995   31 17052.  21.0 35.8 2.354 0.    0.
   7 1995   32 17059.  21.1 35.8 2.362 0.    0.
   7 1995   33 17066.  21.2 35.8 2.370 0.    0.
   7 1995   34 17073.  21.3 35.8 2.379 0.    0.
   7 1995   35 17080.  21.4 35.8 2.387 0.    0.
   7 1995   36 17087.  21.5 35.8 2.395 0.    0.
   7 1995   37 17094.  21.6 35.9 2.403 0.    0.
   7 1995   38 17101.  21.7 35.9 2.411 0.    0.
   7 1995   39 17108.  21.8 35.9 2.419 0.    0.
   7 1995   40 17115.  21.8 35.9 2.427 0.    0.
   7 1995   41 17122.  21.9 36.0 2.435 0.    0.
   7 1995   42 17129.  22.0 36.0 2.444 0.    0.
   7 1995   43 17136.  22.1 36.0 2.452 0.    0.
   7 1995   44 17143.  22.2 36.0 2.460 0.    0.
   7 1995   45 17150.  22.3 36.0 2.468 0.    0.
   7 1995   46 17177.  22.3 35.9 2.475 0.    0.
   7 1995   47 17204.  22.3 35.8 2.482 0.    0.
   7 1995   48 17232.  22.3 35.8 2.489 0.    2.
   7 1995   49 17259.  22.3 35.7 2.497 0.    4.
   7 1995   50 17286.  22.3 35.6 2.504 0.    0.
   7 1995   51 17313.  22.3 35.5 2.511 0.    0.
   7 1995   52 17341.  22.3 35.4 2.518 0.    0.
   7 1995   53 17368.  22.3 35.3 2.525 0.    0.
   7 1995   54 17395.  22.3 35.2 2.532 0.    0.
   7 1995   55 17422.  22.3 35.1 2.539 0.    0.
   7 1995   56 17450.  22.3 35.0 2.547 0.    0.
   7 1995   57 17477.  22.2 34.9 2.554 0.    0.
   7 1995   58 17504.  22.2 34.9 2.561 0.    0.
   7 1995   59 17531.  22.2 34.8 2.568 0.    0.
   7 1995   60 17559.  22.2 34.7 2.575 0.    0.
   7 1995   61 17586.  22.2 34.6 2.582 0.    0.
   7 1995   62 17613.  22.2 34.5 2.589 0.   60.
   7 1995   63 17640.  22.2 34.4 2.596 0.    5.
   7 1995   64 17668.  22.2 34.3 2.604 0.    0.
   7 1995   65 17695.  22.2 34.2 2.611 0.    0.
   7 1995   66 17722.  22.2 34.1 2.618 0.    0.
   7 1995   67 17749.  22.2 34.0 2.625 0.    0.
   7 1995   68 17777.  22.2 33.9 2.632 0.   60.
   7 1995   69 17804.  22.2 33.9 2.639 0.    0.
   7 1995   70 17831.  22.2 33.8 2.646 0.    0.
   7 1995   71 17858.  22.2 33.7 2.654 0.    0.
   7 1995   72 17886.  22.1 33.6 2.661 0.    0.
   7 1995   73 17913.  22.1 33.5 2.668 0.    0.
   7 1995   74 17940.  22.1 33.4 2.675 0.   19.
   7 1995   75 17909.  22.1 33.4 2.682 0.    4.
   7 1995   76 17877.  22.1 33.3 2.689 0.    0.
   7 1995   77 17846.  22.0 33.3 2.696 0.    0.
   7 1995   78 17815.  22.0 33.3 2.703 0.    1.
   7 1995   79 17784.  21.9 33.2 2.710 0.    0.
   7 1995   80 17752.  21.9 33.2 2.717 0.    0.
   7 1995   81 17721.  21.9 33.2 2.724 0.    0.
   7 1995   82 17690.  21.8 33.1 2.731 0.    0.
   7 1995   83 17658.  21.8 33.1 2.738 0.    1.
   7 1995   84 17627.  21.7 33.1 2.745 0.    0.
   7 1995   85 17596.  21.7 33.1 2.752 0.    0.
   7 1995   86 17565.  21.7 33.0 2.759 0.    0.
   7 1995   87 17533.  21.6 33.0 2.766 0.    3.
   7 1995   88 17502.  21.6 33.0 2.773 0.    1.
   7 1995   89 17471.  21.5 32.9 2.780 0.    2.
   7 1995   90 17439.  21.5 32.9 2.787 0.    7.
   7 1995   91 17408.  21.5 32.9 2.794 0.    0.
   7 1995   92 17377.  21.4 32.8 2.801 0.    0.
   7 1995   93 17345.  21.4 32.8 2.808 0.   10.
   7 1995   94 17314.  21.4 32.8 2.815 0.   30.
   7 1995   95 17283.  21.3 32.7 2.822 0.    0.
   7 1995   96 17252.  21.3 32.7 2.829 0.    0.
   7 1995   97 17220.  21.2 32.7 2.836 0.    0.
   7 1995   98 17189.  21.2 32.6 2.843 0.    0.
   7 1995   99 17158.  21.2 32.6 2.850 0.    0.
   7 1995  100 17126.  21.1 32.6 2.857 0.    0.
   7 1995  101 17095.  21.1 32.6 2.864 0.    1.
   7 1995  102 17064.  21.0 32.5 2.871 0.    1.
   7 1995  103 17033.  21.0 32.5 2.878 0.    0.
   7 1995  104 17001.  21.0 32.5 2.885 0.   34.
   7 1995  105 16970.  20.9 32.4 2.892 0.    0.
   7 1995  106 16954.  21.0 32.4 2.893 0.    0.
   7 1995  107 16937.  21.0 32.4 2.894 0.    0.
   7 1995  108 16921.  21.1 32.4 2.896 0.    0.
   7 1995  109 16905.  21.1 32.4 2.897 0.   23.
   7 1995  110 16888.  21.2 32.4 2.898 0.   10.
   7 1995  111 16872.  21.3 32.4 2.899 0.    1.
   7 1995  112 16856.  21.3 32.4 2.901 0.    0.
   7 1995  113 16839.  21.4 32.4 2.902 0.    6.
   7 1995  114 16823.  21.4 32.4 2.903 0.   97.
   7 1995  115 16807.  21.5 32.4 2.904 0.    7.
   7 1995  116 16790.  21.5 32.4 2.906 0.    0.
   7 1995  117 16774.  21.6 32.4 2.907 0.   13.
   7 1995  118 16758.  21.6 32.4 2.908 0.    0.
   7 1995  119 16741.  21.7 32.4 2.909 0.   19.
   7 1995  120 16725.  21.8 32.4 2.911 0.   11.
   7 1995  121 16709.  21.8 32.3 2.912 0.    0.
   7 1995  122 16692.  21.9 32.3 2.913 0.    0.
   7 1995  123 16676.  21.9 32.3 2.914 0.    0.
   7 1995  124 16660.  22.0 32.3 2.915 0.    5.
   7 1995  125 16643.  22.0 32.3 2.917 0.    0.
   7 1995  126 16627.  22.1 32.3 2.918 0.   21.
   7 1995  127 16611.  22.1 32.3 2.919 0.    0.
   7 1995  128 16594.  22.2 32.3 2.920 0.   17.
   7 1995  129 16578.  22.2 32.3 2.922 0.    0.
   7 1995  130 16562.  22.3 32.3 2.923 0.    9.
   7 1995  131 16545.  22.4 32.3 2.924 0.    0.
   7 1995  132 16529.  22.4 32.3 2.925 0.    8.
   7 1995  133 16513.  22.5 32.3 2.927 0.    1.
   7 1995  134 16496.  22.5 32.3 2.928 0.   25.
   7 1995  135 16480.  22.6 32.3 2.929 0.    2.
   7 1995  136 16415.  22.6 32.2 2.925 0.    5.
   7 1995  137 16351.  22.5 32.2 2.921 0.   46.
   7 1995  138 16286.  22.5 32.1 2.917 0.    0.
   7 1995  139 16222.  22.5 32.0 2.913 0.    4.
   7 1995  140 16157.  22.5 32.0 2.909 0.    1.
   7 1995  141 16093.  22.5 31.9 2.905 0.    0.
   7 1995  142 16028.  22.5 31.9 2.901 0.    1.
   7 1995  143 15964.  22.4 31.8 2.897 0.    0.
   7 1995  144 15899.  22.4 31.7 2.893 0.   23.
   7 1995  145 15835.  22.4 31.7 2.889 0.   27.
   7 1995  146 15770.  22.4 31.6 2.885 0.    0.
   7 1995  147 15706.  22.4 31.6 2.881 0.   10.
   7 1995  148 15641.  22.4 31.5 2.877 0.    1.
   7 1995  149 15577.  22.4 31.5 2.873 0.    0.
   7 1995  150 15512.  22.3 31.4 2.869 0.   22.
   7 1995  151 15448.  22.3 31.3 2.866 0.    0.
   7 1995  152 15383.  22.3 31.3 2.862 0.    0.
   7 1995  153 15319.  22.3 31.2 2.858 0.    0.
   7 1995  154 15254.  22.3 31.2 2.854 0.    5.
   7 1995  155 15190.  22.3 31.1 2.850 0.   13.
   7 1995  156 15125.  22.3 31.1 2.846 0.    0.
   7 1995  157 15061.  22.2 31.0 2.842 0.    0.
   7 1995  158 14996.  22.2 30.9 2.838 0.    2.
   7 1995  159 14932.  22.2 30.9 2.834 0.    0.
   7 1995  160 14867.  22.2 30.8 2.830 0.    1.
   7 1995  161 14803.  22.2 30.8 2.826 0.    0.
   7 1995  162 14738.  22.2 30.7 2.822 0.   31.
   7 1995  163 14674.  22.1 30.6 2.818 0.    0.
   7 1995  164 14609.  22.1 30.6 2.814 0.   17.
   7 1995  165 14545.  22.1 30.5 2.810 0.    0.
   7 1995  166 14480.  22.1 30.5 2.806 0.    0.
   7 1995  167 14468.  22.1 30.4 2.804 0.    0.
   7 1995  168 14456.  22.1 30.4 2.803 0.   19.
   7 1995  169 14444.  22.0 30.4 2.801 0.    5.
   7 1995  170 14432.  22.0 30.3 2.799 0.   11.
   7 1995  171 14420.  22.0 30.3 2.797 0.   38.
   7 1995  172 14408.  22.0 30.3 2.796 0.    0.
   7 1995  173 14396.  22.0 30.3 2.794 0.    0.
   7 1995  174 14384.  21.9 30.2 2.792 0.    0.
   7 1995  175 14372.  21.9 30.2 2.791 0.   47.
   7 1995  176 14360.  21.9 30.2 2.789 0.    8.
   7 1995  177 14348.  21.9 30.1 2.787 0.    0.
   7 1995  178 14336.  21.9 30.1 2.786 0.   34.
   7 1995  179 14324.  21.8 30.1 2.784 0.    0.
   7 1995  180 14312.  21.8 30.0 2.782 0.   14.
   7 1995  181 14300.  21.8 30.0 2.780 0.   17.
   7 1995  182 14288.  21.8 30.0 2.779 0.    0.
   7 1995  183 14276.  21.8 29.9 2.777 0.    0.
   7 1995  184 14264.  21.7 29.9 2.775 0.    0.
   7 1995  185 14252.  21.7 29.9 2.774 0.    5.
   7 1995  186 14240.  21.7 29.8 2.772 0.    6.
   7 1995  187 14228.  21.7 29.8 2.770 0.    0.
   7 1995  188 14216.  21.7 29.8 2.769 0.    0.
   7 1995  189 14204.  21.6 29.7 2.767 0.    0.
   7 1995  190 14192.  21.6 29.7 2.765 0.    0.
   7 1995  191 14180.  21.6 29.7 2.763 0.    0.
   7 1995  192 14168.  21.6 29.7 2.762 0.    0.
   7 1995  193 14156.  21.6 29.6 2.760 0.    2.
   7 1995  194 14144.  21.5 29.6 2.758 0.    0.
   7 1995  195 14132.  21.5 29.6 2.757 0.    0.
   7 1995  196 14120.  21.5 29.5 2.755 0.    0.
   7 1995  197 14071.  21.5 29.5 2.754 0.    2.
   7 1995  198 14023.  21.5 29.5 2.754 0.    0.
   7 1995  199 13974.  21.5 29.5 2.753 0.    0.
   7 1995  200 13925.  21.6 29.5 2.752 0.    0.
   7 1995  201 13876.  21.6 29.5 2.752 0.    0.
   7 1995  202 13828.  21.6 29.5 2.751 0.    0.
   7 1995  203 13779.  21.6 29.5 2.750 0.   12.
   7 1995  204 13730.  21.6 29.5 2.750 0.    0.
   7 1995  205 13682.  21.6 29.5 2.749 0.    1.
   7 1995  206 13633.  21.7 29.5 2.748 0.    6.
   7 1995  207 13584.  21.7 29.5 2.748 0.    0.
   7 1995  208 13535.  21.7 29.5 2.747 0.    0.
   7 1995  209 13487.  21.7 29.5 2.746 0.    1.
   7 1995  210 13438.  21.7 29.5 2.746 0.    7.
   7 1995  211 13389.  21.7 29.5 2.745 0.    0.
   7 1995  212 13341.  21.8 29.5 2.744 0.   21.
   7 1995  213 13292.  21.8 29.5 2.743 0.    2.
   7 1995  214 13243.  21.8 29.5 2.743 0.    0.
   7 1995  215 13195.  21.8 29.5 2.742 0.    4.
   7 1995  216 13146.  21.8 29.5 2.741 0.    5.
   7 1995  217 13097.  21.8 29.5 2.741 0.    1.
   7 1995  218 13048.  21.9 29.5 2.740 0.    0.
   7 1995  219 13000.  21.9 29.5 2.739 0.    0.
   7 1995  220 12951.  21.9 29.5 2.739 0.    0.
   7 1995  221 12902.  21.9 29.5 2.738 0.   29.
   7 1995  222 12854.  21.9 29.5 2.737 0.   11.
   7 1995  223 12805.  21.9 29.5 2.737 0.    0.
   7 1995  224 12756.  22.0 29.5 2.736 0.    1.
   7 1995  225 12707.  22.0 29.5 2.735 0.    4.
   7 1995  226 12659.  22.0 29.5 2.735 0.    4.
   7 1995  227 12610.  22.0 29.5 2.734 0.   10.
   7 1995  228 12671.  22.0 29.5 2.737 0.    0.
   7 1995  229 12732.  22.0 29.6 2.739 0.    1.
   7 1995  230 12793.  22.0 29.6 2.742 0.    0.
   7 1995  231 12854.  22.0 29.6 2.744 0.   22.
   7 1995  232 12915.  22.0 29.6 2.747 0.    0.
   7 1995  233 12976.  22.0 29.7 2.749 0.    0.
   7 1995  234 13037.  22.0 29.7 2.752 0.    1.
   7 1995  235 13098.  22.0 29.7 2.754 0.   25.
   7 1995  236 13159.  22.0 29.8 2.757 0.    0.
   7 1995  237 13220.  22.0 29.8 2.759 0.    2.
   7 1995  238 13281.  22.0 29.8 2.762 0.    0.
   7 1995  239 13342.  22.0 29.8 2.765 0.    2.
   7 1995  240 13403.  22.0 29.9 2.767 0.    0.
   7 1995  241 13464.  22.0 29.9 2.770 0.   11.
   7 1995  242 13525.  22.0 29.9 2.772 0.    7.
   7 1995  243 13585.  22.1 30.0 2.775 0.    0.
   7 1995  244 13646.  22.1 30.0 2.777 0.    0.
   7 1995  245 13707.  22.1 30.0 2.780 0.    1.
   7 1995  246 13768.  22.1 30.1 2.782 0.   36.
   7 1995  247 13829.  22.1 30.1 2.785 0.    4.
   7 1995  248 13890.  22.1 30.1 2.788 0.    0.
   7 1995  249 13951.  22.1 30.1 2.790 0.    0.
   7 1995  250 14012.  22.1 30.2 2.793 0.    9.
   7 1995  251 14073.  22.1 30.2 2.795 0.   10.
   7 1995  252 14134.  22.1 30.2 2.798 0.    6.
   7 1995  253 14195.  22.1 30.3 2.800 0.    5.
   7 1995  254 14256.  22.1 30.3 2.803 0.    0.
   7 1995  255 14317.  22.1 30.3 2.805 0.    0.
   7 1995  256 14378.  22.1 30.3 2.808 0.    0.
   7 1995  257 14439.  22.1 30.4 2.810 0.    0.
   7 1995  258 14500.  22.1 30.4 2.813 0.    0.
   7 1995  259 14530.  22.1 30.4 2.813 0.   14.
   7 1995  260 14560.  22.1 30.4 2.813 0.    4.
   7 1995  261 14590.  22.1 30.4 2.813 0.    0.
   7 1995  262 14620.  22.1 30.5 2.813 0.   10.
   7 1995  263 14650.  22.1 30.5 2.813 0.    0.
   7 1995  264 14680.  22.1 30.5 2.813 0.    0.
   7 1995  265 14710.  22.2 30.5 2.813 0.    9.
   7 1995  266 14740.  22.2 30.5 2.813 0.    0.
   7 1995  267 14770.  22.2 30.5 2.813 0.    0.
   7 1995  268 14800.  22.2 30.5 2.813 0.    0.
   7 1995  269 14830.  22.2 30.6 2.813 0.    0.
   7 1995  270 14860.  22.2 30.6 2.813 0.    0.
   7 1995  271 14890.  22.2 30.6 2.813 0.   14.
   7 1995  272 14920.  22.2 30.6 2.813 0.    2.
   7 1995  273 14950.  22.2 30.6 2.813 0.    1.
   7 1995  274 14980.  22.2 30.6 2.812 0.    0.
   7 1995  275 15010.  22.2 30.6 2.812 0.    9.
   7 1995  276 15040.  22.2 30.7 2.812 0.    0.
   7 1995  277 15070.  22.2 30.7 2.812 0.    1.
   7 1995  278 15100.  22.3 30.7 2.812 0.    0.
   7 1995  279 15130.  22.3 30.7 2.812 0.   12.
   7 1995  280 15160.  22.3 30.7 2.812 0.    5.
   7 1995  281 15190.  22.3 30.7 2.812 0.    0.
   7 1995  282 15220.  22.3 30.7 2.812 0.    4.
   7 1995  283 15250.  22.3 30.8 2.812 0.    8.
   7 1995  284 15280.  22.3 30.8 2.812 0.    0.
   7 1995  285 15310.  22.3 30.8 2.812 0.    0.
   7 1995  286 15340.  22.3 30.8 2.812 0.    5.
   7 1995  287 15370.  22.3 30.8 2.812 0.    0.
   7 1995  288 15400.  22.3 30.8 2.812 0.    2.
   7 1995  289 15404.  22.3 30.9 2.813 0.    1.
   7 1995  290 15407.  22.3 30.9 2.813 0.    0.
   7 1995  291 15411.  22.3 30.9 2.814 0.    0.
   7 1995  292 15414.  22.3 30.9 2.815 0.    0.
   7 1995  293 15418.  22.3 31.0 2.815 0.    0.
   7 1995  294 15421.  22.3 31.0 2.816 0.    0.
   7 1995  295 15425.  22.3 31.0 2.817 0.    0.
   7 1995  296 15428.  22.3 31.0 2.817 0.    0.
   7 1995  297 15432.  22.3 31.1 2.818 0.    0.
   7 1995  298 15435.  22.3 31.1 2.819 0.    8.
   7 1995  299 15439.  22.3 31.1 2.819 0.    0.
   7 1995  300 15443.  22.3 31.2 2.820 0.    0.
   7 1995  301 15446.  22.2 31.2 2.821 0.    0.
   7 1995  302 15450.  22.2 31.2 2.821 0.   20.
   7 1995  303 15453.  22.2 31.2 2.822 0.   13.
   7 1995  304 15457.  22.2 31.3 2.823 0.    0.
   7 1995  305 15460.  22.2 31.3 2.824 0.    0.
   7 1995  306 15464.  22.2 31.3 2.824 0.    0.
   7 1995  307 15467.  22.2 31.3 2.825 0.    0.
   7 1995  308 15471.  22.2 31.4 2.826 0.    0.
   7 1995  309 15475.  22.2 31.4 2.826 0.    0.
   7 1995  310 15478.  22.2 31.4 2.827 0.    4.
   7 1995  311 15482.  22.2 31.5 2.828 0.    0.
   7 1995  312 15485.  22.2 31.5 2.828 0.    0.
   7 1995  313 15489.  22.2 31.5 2.829 0.    0.
   7 1995  314 15492.  22.2 31.5 2.830 0.    0.
   7 1995  315 15496.  22.2 31.6 2.830 0.    0.
   7 1995  316 15499.  22.1 31.6 2.831 0.    0.
   7 1995  317 15503.  22.1 31.6 2.832 0.    3.
   7 1995  318 15506.  22.1 31.6 2.832 0.   10.
   7 1995  319 15510.  22.1 31.7 2.833 0.   32.
   7 1995  320 15522.  22.1 31.7 2.829 0.    0.
   7 1995  321 15534.  22.1 31.6 2.824 0.    0.
   7 1995  322 15546.  22.0 31.6 2.820 0.    0.
   7 1995  323 15558.  22.0 31.6 2.816 0.    0.
   7 1995  324 15570.  22.0 31.6 2.811 0.    0.
   7 1995  325 15582.  21.9 31.6 2.807 0.    0.
   7 1995  326 15594.  21.9 31.5 2.802 0.    0.
   7 1995  327 15606.  21.9 31.5 2.798 0.    0.
   7 1995  328 15618.  21.9 31.5 2.794 0.    0.
   7 1995  329 15630.  21.8 31.5 2.789 0.    0.
   7 1995  330 15642.  21.8 31.5 2.785 0.    0.
   7 1995  331 15654.  21.8 31.5 2.781 0.    0.
   7 1995  332 15666.  21.7 31.4 2.776 0.    0.
   7 1995  333 15678.  21.7 31.4 2.772 0.    0.
   7 1995  334 15690.  21.7 31.4 2.767 0.    0.
   7 1995  335 15702.  21.6 31.4 2.763 0.    0.
   7 1995  336 15714.  21.6 31.4 2.759 0.    2.
   7 1995  337 15726.  21.6 31.3 2.754 0.    0.
   7 1995  338 15738.  21.6 31.3 2.750 0.    0.
   7 1995  339 15750.  21.5 31.3 2.746 0.    0.
   7 1995  340 15762.  21.5 31.3 2.741 0.   13.
   7 1995  341 15774.  21.5 31.3 2.737 0.    0.
   7 1995  342 15786.  21.4 31.3 2.733 0.    3.
   7 1995  343 15798.  21.4 31.2 2.728 0.    0.
   7 1995  344 15810.  21.4 31.2 2.724 0.    0.
   7 1995  345 15822.  21.4 31.2 2.719 0.   19.
   7 1995  346 15834.  21.3 31.2 2.715 0.    0.
   7 1995  347 15846.  21.3 31.2 2.711 0.    0.
   7 1995  348 15858.  21.3 31.1 2.706 0.   12.
   7 1995  349 15870.  21.2 31.1 2.702 0.    0.
   7 1995  350 15903.  21.2 31.3 2.687 0.    0.
   7 1995  351 15937.  21.1 31.4 2.672 0.   15.
   7 1995  352 15970.  21.1 31.5 2.657 0.    5.
   7 1995  353 16004.  21.0 31.7 2.642 0.    3.
   7 1995  354 16037.  20.9 31.8 2.627 0.    4.
   7 1995  355 16071.  20.9 31.9 2.612 0.    1.
   7 1995  356 16104.  20.8 32.1 2.597 0.    0.
   7 1995  357 16138.  20.8 32.2 2.583 0.    0.
   7 1995  358 16171.  20.7 32.3 2.568 0.    0.
   7 1995  359 16204.  20.7 32.5 2.553 0.    0.
   7 1995  360 16238.  20.6 32.6 2.538 0.    2.
   7 1995  361 16271.  20.6 32.7 2.523 0.    0.
   7 1995  362 16305.  20.5 32.9 2.508 0.    0.
   7 1995  363 16338.  20.4 33.0 2.493 0.    0.
   7 1995  364 16372.  20.4 33.1 2.478 0.    2.
   7 1995  365 16405.  20.3 33.3 2.463 0.    0.
