*---------------------------------------------------------*
*   Country: Cote d'Ivoire
*   Station: Abidjan
*      Year: 1989
* Longitude: 003 56 W
*  Latitude: 05 15 N
* Elevation: 6 m.
*  WMO-code: 65.5780
*  Comments: Automatically generated file from *.WOF file
*            with REGENSIM.FOR ver. aug 96
*
*  Columns:
*  ========
*  station number
*  year
*  day
*  irradiation (kJ m-2 d-1)
*  minimum temperature (degrees Celsius)
*  maximum temperature (degrees Celsius)
*  vapour pressure (kPa)
*  mean wind speed (m s-1)
*  precipitation (mm month-1)
*---------------------------------------------------------*
  -3.93   5.25     6. 0.00 0.00
   8 1989    1 16730.  23.7 31.0 2.728 2.    0.
   8 1989    2 16736.  23.6 31.0 2.727 2.    1.
   8 1989    3 16743.  23.5 31.0 2.726 2.    3.
   8 1989    4 16749.  23.5 31.0 2.725 2.    0.
   8 1989    5 16756.  23.4 31.0 2.724 2.    0.
   8 1989    6 16762.  23.3 31.0 2.723 2.   11.
   8 1989    7 16769.  23.3 31.1 2.722 2.    0.
   8 1989    8 16775.  23.2 31.1 2.721 2.    0.
   8 1989    9 16781.  23.1 31.1 2.720 2.    0.
   8 1989   10 16788.  23.0 31.1 2.719 2.    0.
   8 1989   11 16794.  23.0 31.1 2.718 2.    0.
   8 1989   12 16801.  22.9 31.1 2.717 2.    2.
   8 1989   13 16807.  22.8 31.1 2.716 2.    0.
   8 1989   14 16814.  22.8 31.1 2.715 2.    0.
   8 1989   15 16820.  22.7 31.1 2.714 2.    0.
   8 1989   16 16807.  22.8 31.2 2.729 2.    0.
   8 1989   17 16794.  22.9 31.2 2.744 2.    0.
   8 1989   18 16781.  23.0 31.3 2.759 2.    7.
   8 1989   19 16768.  23.0 31.3 2.774 2.    0.
   8 1989   20 16755.  23.1 31.4 2.789 2.    0.
   8 1989   21 16742.  23.2 31.4 2.804 2.    0.
   8 1989   22 16729.  23.3 31.5 2.819 2.    0.
   8 1989   23 16716.  23.4 31.5 2.833 2.    0.
   8 1989   24 16703.  23.5 31.6 2.848 2.    0.
   8 1989   25 16690.  23.6 31.6 2.863 2.    1.
   8 1989   26 16677.  23.6 31.7 2.878 2.    0.
   8 1989   27 16664.  23.7 31.7 2.893 2.    0.
   8 1989   28 16651.  23.8 31.8 2.908 2.    0.
   8 1989   29 16638.  23.9 31.8 2.923 2.   10.
   8 1989   30 16625.  24.0 31.9 2.938 2.    0.
   8 1989   31 16612.  24.1 32.0 2.953 2.    0.
   8 1989   32 16599.  24.2 32.0 2.968 2.    0.
   8 1989   33 16586.  24.2 32.1 2.983 2.    0.
   8 1989   34 16573.  24.3 32.1 2.998 2.    1.
   8 1989   35 16560.  24.4 32.2 3.013 2.    0.
   8 1989   36 16547.  24.5 32.2 3.028 2.    0.
   8 1989   37 16534.  24.6 32.3 3.043 2.    0.
   8 1989   38 16521.  24.7 32.3 3.057 2.    0.
   8 1989   39 16508.  24.8 32.4 3.072 2.    0.
   8 1989   40 16495.  24.8 32.4 3.087 2.    0.
   8 1989   41 16482.  24.9 32.5 3.102 2.    0.
   8 1989   42 16469.  25.0 32.5 3.117 2.    0.
   8 1989   43 16456.  25.1 32.6 3.132 2.    0.
   8 1989   44 16443.  25.2 32.6 3.147 2.    0.
   8 1989   45 16430.  25.3 32.7 3.162 2.    0.
   8 1989   46 16514.  25.4 32.3 3.138 2.    0.
   8 1989   47 16599.  25.5 32.0 3.115 2.    0.
   8 1989   48 16683.  25.6 31.6 3.091 2.    0.
   8 1989   49 16768.  25.7 31.2 3.068 2.    1.
   8 1989   50 16852.  25.7 30.8 3.044 2.    0.
   8 1989   51 16937.  25.8 30.5 3.020 2.    0.
   8 1989   52 17021.  25.9 30.1 2.997 2.    0.
   8 1989   53 17106.  26.0 29.7 2.973 2.    0.
   8 1989   54 17190.  26.1 29.3 2.950 2.    0.
   8 1989   55 17275.  26.2 29.0 2.926 2.    0.
   8 1989   56 17359.  26.3 28.6 2.903 2.    0.
   8 1989   57 17444.  26.4 28.2 2.879 2.    0.
   8 1989   58 17528.  26.5 27.8 2.855 2.    1.
   8 1989   59 17613.  26.6 27.5 2.832 2.    0.
   8 1989   60 17697.  26.7 27.1 2.808 2.    0.
   8 1989   61 17782.  26.8 26.7 2.785 2.    0.
   8 1989   62 17866.  26.9 26.3 2.761 2.    0.
   8 1989   63 17951.  27.0 26.0 2.737 2.    0.
   8 1989   64 18035.  27.1 25.6 2.714 2.    0.
   8 1989   65 18120.  27.2 25.2 2.690 2.    0.
   8 1989   66 18204.  27.3 24.8 2.667 2.    0.
   8 1989   67 18289.  27.4 24.5 2.643 2.    0.
   8 1989   68 18373.  27.5 24.1 2.620 2.    0.
   8 1989   69 18458.  27.6 23.7 2.596 2.    0.
   8 1989   70 18542.  27.6 23.3 2.572 2.    0.
   8 1989   71 18627.  27.7 23.0 2.549 2.    0.
   8 1989   72 18711.  27.8 22.6 2.525 2.    0.
   8 1989   73 18796.  27.9 22.2 2.502 2.    0.
   8 1989   74 18880.  28.0 21.8 2.478 2.    0.
   8 1989   75 18928.  27.8 22.1 2.472 2.    0.
   8 1989   76 18976.  27.5 22.3 2.465 2.    0.
   8 1989   77 19024.  27.3 22.5 2.459 2.    0.
   8 1989   78 19072.  27.0 22.7 2.453 2.    0.
   8 1989   79 19120.  26.8 23.0 2.447 2.    0.
   8 1989   80 19168.  26.5 23.2 2.440 2.   25.
   8 1989   81 19216.  26.3 23.4 2.434 2.    0.
   8 1989   82 19265.  26.1 23.6 2.428 2.    0.
   8 1989   83 19313.  25.8 23.9 2.421 2.   15.
   8 1989   84 19361.  25.6 24.1 2.415 2.    0.
   8 1989   85 19409.  25.3 24.3 2.409 2.   53.
   8 1989   86 19457.  25.1 24.5 2.403 2.    4.
   8 1989   87 19505.  24.8 24.8 2.396 2.    0.
   8 1989   88 19553.  24.6 25.0 2.390 2.    0.
   8 1989   89 19601.  24.3 25.2 2.384 2.    0.
   8 1989   90 19649.  24.1 25.4 2.377 2.    1.
   8 1989   91 19697.  23.8 25.7 2.371 2.    0.
   8 1989   92 19745.  23.6 25.9 2.365 2.   49.
   8 1989   93 19793.  23.3 26.1 2.358 2.    0.
   8 1989   94 19841.  23.1 26.3 2.352 2.    0.
   8 1989   95 19889.  22.8 26.6 2.346 2.    0.
   8 1989   96 19937.  22.6 26.8 2.340 2.    1.
   8 1989   97 19985.  22.3 27.0 2.333 2.    0.
   8 1989   98 20034.  22.1 27.2 2.327 2.    0.
   8 1989   99 20082.  21.9 27.5 2.321 2.    0.
   8 1989  100 20130.  21.6 27.7 2.314 2.    0.
   8 1989  101 20178.  21.4 27.9 2.308 2.    0.
   8 1989  102 20226.  21.1 28.2 2.302 2.    0.
   8 1989  103 20274.  20.9 28.4 2.296 2.   10.
   8 1989  104 20322.  20.6 28.6 2.289 2.   15.
   8 1989  105 20370.  20.4 28.8 2.283 2.    0.
   8 1989  106 20325.  20.5 28.9 2.310 2.    8.
   8 1989  107 20281.  20.6 29.0 2.337 2.    2.
   8 1989  108 20236.  20.8 29.1 2.364 2.    2.
   8 1989  109 20191.  20.9 29.1 2.391 2.    0.
   8 1989  110 20147.  21.1 29.2 2.418 2.    0.
   8 1989  111 20102.  21.2 29.3 2.445 2.    0.
   8 1989  112 20057.  21.3 29.4 2.472 2.    0.
   8 1989  113 20013.  21.5 29.5 2.499 2.    0.
   8 1989  114 19968.  21.6 29.5 2.526 2.    8.
   8 1989  115 19923.  21.8 29.6 2.553 2.   34.
   8 1989  116 19879.  21.9 29.7 2.580 2.    4.
   8 1989  117 19834.  22.0 29.8 2.607 2.    0.
   8 1989  118 19789.  22.2 29.9 2.634 2.    0.
   8 1989  119 19745.  22.3 29.9 2.661 2.    0.
   8 1989  120 19700.  22.5 30.0 2.689 2.    0.
   8 1989  121 19655.  22.6 30.1 2.716 2.    0.
   8 1989  122 19611.  22.7 30.2 2.743 2.    0.
   8 1989  123 19566.  22.9 30.3 2.770 2.    0.
   8 1989  124 19521.  23.0 30.4 2.797 2.    0.
   8 1989  125 19477.  23.1 30.4 2.824 2.    0.
   8 1989  126 19432.  23.3 30.5 2.851 2.    7.
   8 1989  127 19387.  23.4 30.6 2.878 2.    5.
   8 1989  128 19343.  23.6 30.7 2.905 2.    3.
   8 1989  129 19298.  23.7 30.8 2.932 2.    0.
   8 1989  130 19253.  23.8 30.8 2.959 2.   26.
   8 1989  131 19209.  24.0 30.9 2.986 2.    0.
   8 1989  132 19164.  24.1 31.0 3.013 2.    0.
   8 1989  133 19119.  24.3 31.1 3.040 2.   33.
   8 1989  134 19075.  24.4 31.1 3.067 2.    0.
   8 1989  135 19030.  24.5 31.2 3.094 2.   59.
   8 1989  136 18872.  24.5 31.2 3.090 2.    0.
   8 1989  137 18714.  24.5 31.2 3.087 2.    0.
   8 1989  138 18556.  24.4 31.1 3.083 2.   10.
   8 1989  139 18398.  24.4 31.1 3.079 2.    0.
   8 1989  140 18240.  24.4 31.0 3.076 2.    0.
   8 1989  141 18082.  24.4 31.0 3.072 2.    0.
   8 1989  142 17924.  24.3 31.0 3.068 2.    0.
   8 1989  143 17765.  24.3 30.9 3.065 2.   26.
   8 1989  144 17607.  24.3 30.9 3.061 2.    0.
   8 1989  145 17449.  24.2 30.9 3.058 2.    0.
   8 1989  146 17291.  24.2 30.8 3.054 2.    8.
   8 1989  147 17133.  24.2 30.8 3.050 2.    0.
   8 1989  148 16975.  24.2 30.8 3.047 2.    2.
   8 1989  149 16817.  24.1 30.7 3.043 2.    1.
   8 1989  150 16659.  24.1 30.7 3.039 2.    0.
   8 1989  151 16501.  24.1 30.6 3.036 2.   12.
   8 1989  152 16343.  24.0 30.6 3.032 2.   15.
   8 1989  153 16185.  24.0 30.6 3.028 2.    0.
   8 1989  154 16027.  24.0 30.5 3.025 2.    4.
   8 1989  155 15869.  23.9 30.5 3.021 2.    9.
   8 1989  156 15711.  23.9 30.5 3.017 2.    6.
   8 1989  157 15553.  23.9 30.4 3.014 2.    6.
   8 1989  158 15395.  23.9 30.4 3.010 2.    0.
   8 1989  159 15236.  23.8 30.4 3.007 2.   18.
   8 1989  160 15078.  23.8 30.3 3.003 2.    0.
   8 1989  161 14920.  23.8 30.3 2.999 2.    4.
   8 1989  162 14762.  23.7 30.2 2.996 2.   28.
   8 1989  163 14604.  23.7 30.2 2.992 2.   18.
   8 1989  164 14446.  23.7 30.2 2.988 2.    1.
   8 1989  165 14288.  23.7 30.1 2.985 2.    0.
   8 1989  166 14130.  23.6 30.1 2.981 2.    4.
   8 1989  167 14156.  23.6 30.1 2.978 2.    0.
   8 1989  168 14183.  23.6 30.0 2.976 2.    2.
   8 1989  169 14209.  23.6 30.0 2.973 2.    0.
   8 1989  170 14235.  23.6 29.9 2.970 2.    0.
   8 1989  171 14262.  23.6 29.9 2.968 2.   23.
   8 1989  172 14288.  23.6 29.9 2.965 2.    9.
   8 1989  173 14314.  23.6 29.8 2.962 2.   32.
   8 1989  174 14341.  23.6 29.8 2.960 2.    0.
   8 1989  175 14367.  23.6 29.8 2.957 2.   66.
   8 1989  176 14393.  23.6 29.7 2.954 2.    6.
   8 1989  177 14420.  23.6 29.7 2.952 2.    1.
   8 1989  178 14446.  23.6 29.6 2.949 2.    5.
   8 1989  179 14472.  23.6 29.6 2.946 2.   14.
   8 1989  180 14499.  23.6 29.6 2.944 2.    3.
   8 1989  181 14525.  23.6 29.5 2.941 2.   15.
   8 1989  182 14551.  23.6 29.5 2.938 2.    0.
   8 1989  183 14578.  23.6 29.5 2.936 2.    0.
   8 1989  184 14604.  23.6 29.4 2.933 2.   34.
   8 1989  185 14630.  23.6 29.4 2.930 2.   40.
   8 1989  186 14657.  23.6 29.3 2.928 2.    0.
   8 1989  187 14683.  23.6 29.3 2.925 2.    0.
   8 1989  188 14709.  23.6 29.3 2.922 2.    0.
   8 1989  189 14736.  23.6 29.2 2.920 3.    0.
   8 1989  190 14762.  23.6 29.2 2.917 3.   39.
   8 1989  191 14788.  23.5 29.2 2.914 3.    0.
   8 1989  192 14815.  23.5 29.1 2.912 3.    0.
   8 1989  193 14841.  23.5 29.1 2.909 3.    0.
   8 1989  194 14867.  23.5 29.0 2.906 3.    0.
   8 1989  195 14894.  23.5 29.0 2.904 3.    6.
   8 1989  196 14920.  23.5 29.0 2.901 3.    0.
   8 1989  197 14914.  23.5 28.9 2.898 3.    0.
   8 1989  198 14908.  23.4 28.9 2.895 3.    0.
   8 1989  199 14902.  23.4 28.9 2.892 3.    7.
   8 1989  200 14895.  23.3 28.8 2.889 3.    0.
   8 1989  201 14889.  23.3 28.8 2.886 3.    8.
   8 1989  202 14883.  23.2 28.7 2.882 3.    0.
   8 1989  203 14877.  23.2 28.7 2.879 3.    9.
   8 1989  204 14871.  23.2 28.7 2.876 2.    0.
   8 1989  205 14865.  23.1 28.6 2.873 2.   24.
   8 1989  206 14859.  23.1 28.6 2.870 2.    0.
   8 1989  207 14853.  23.0 28.6 2.867 2.    0.
   8 1989  208 14846.  23.0 28.5 2.864 2.    1.
   8 1989  209 14840.  22.9 28.5 2.861 2.    0.
   8 1989  210 14834.  22.9 28.5 2.858 2.    0.
   8 1989  211 14828.  22.8 28.4 2.855 2.    0.
   8 1989  212 14822.  22.8 28.4 2.851 2.   23.
   8 1989  213 14816.  22.7 28.3 2.848 2.    2.
   8 1989  214 14810.  22.7 28.3 2.845 2.    0.
   8 1989  215 14804.  22.6 28.3 2.842 2.    0.
   8 1989  216 14797.  22.6 28.2 2.839 2.    2.
   8 1989  217 14791.  22.5 28.2 2.836 2.    0.
   8 1989  218 14785.  22.5 28.2 2.833 2.    0.
   8 1989  219 14779.  22.4 28.1 2.830 2.    1.
   8 1989  220 14773.  22.4 28.1 2.827 2.    6.
   8 1989  221 14767.  22.4 28.1 2.824 2.    0.
   8 1989  222 14761.  22.3 28.0 2.820 2.    0.
   8 1989  223 14755.  22.3 28.0 2.817 2.    0.
   8 1989  224 14748.  22.2 27.9 2.814 2.    0.
   8 1989  225 14742.  22.2 27.9 2.811 2.    0.
   8 1989  226 14736.  22.1 27.9 2.808 2.    0.
   8 1989  227 14730.  22.1 27.8 2.805 2.    0.
   8 1989  228 14735.  22.1 27.8 2.804 2.    0.
   8 1989  229 14741.  22.1 27.8 2.803 2.    1.
   8 1989  230 14746.  22.1 27.8 2.802 2.    0.
   8 1989  231 14752.  22.1 27.8 2.801 2.    2.
   8 1989  232 14757.  22.1 27.8 2.800 2.    0.
   8 1989  233 14763.  22.1 27.8 2.799 2.    0.
   8 1989  234 14768.  22.0 27.8 2.798 2.    4.
   8 1989  235 14774.  22.0 27.8 2.797 2.    0.
   8 1989  236 14779.  22.0 27.8 2.796 2.    0.
   8 1989  237 14785.  22.0 27.8 2.795 2.    0.
   8 1989  238 14790.  22.0 27.8 2.794 2.    0.
   8 1989  239 14796.  22.0 27.8 2.793 2.    0.
   8 1989  240 14801.  22.0 27.7 2.792 2.    5.
   8 1989  241 14807.  22.0 27.7 2.791 2.    1.
   8 1989  242 14812.  22.0 27.7 2.790 2.    0.
   8 1989  243 14818.  22.0 27.7 2.788 2.    0.
   8 1989  244 14823.  22.0 27.7 2.787 2.    3.
   8 1989  245 14829.  22.0 27.7 2.786 2.   22.
   8 1989  246 14834.  22.0 27.7 2.785 2.    0.
   8 1989  247 14840.  22.0 27.7 2.784 2.    0.
   8 1989  248 14845.  22.0 27.7 2.783 2.    0.
   8 1989  249 14851.  22.0 27.7 2.782 2.    0.
   8 1989  250 14856.  22.0 27.7 2.781 2.    0.
   8 1989  251 14862.  22.0 27.7 2.780 2.    0.
   8 1989  252 14867.  22.0 27.7 2.779 2.    0.
   8 1989  253 14873.  22.0 27.7 2.778 2.    0.
   8 1989  254 14878.  22.0 27.7 2.777 2.    0.
   8 1989  255 14884.  22.0 27.6 2.776 2.    0.
   8 1989  256 14889.  22.0 27.6 2.775 2.    0.
   8 1989  257 14895.  22.0 27.6 2.774 2.    0.
   8 1989  258 14900.  22.0 27.6 2.773 2.    4.
   8 1989  259 15017.  22.0 27.7 2.779 2.    0.
   8 1989  260 15133.  22.1 27.8 2.784 2.    0.
   8 1989  261 15250.  22.1 27.8 2.789 2.    0.
   8 1989  262 15367.  22.1 27.9 2.795 2.    0.
   8 1989  263 15483.  22.2 28.0 2.800 2.    5.
   8 1989  264 15600.  22.2 28.0 2.806 2.    0.
   8 1989  265 15717.  22.3 28.1 2.812 2.    0.
   8 1989  266 15833.  22.3 28.2 2.817 2.    0.
   8 1989  267 15950.  22.3 28.2 2.822 2.    0.
   8 1989  268 16067.  22.4 28.3 2.828 2.    0.
   8 1989  269 16183.  22.4 28.4 2.833 2.    0.
   8 1989  270 16300.  22.5 28.4 2.839 2.    0.
   8 1989  271 16417.  22.5 28.5 2.845 2.    0.
   8 1989  272 16533.  22.6 28.5 2.850 2.    8.
   8 1989  273 16650.  22.6 28.6 2.855 2.    0.
   8 1989  274 16767.  22.6 28.7 2.861 2.    5.
   8 1989  275 16883.  22.7 28.7 2.866 2.    0.
   8 1989  276 17000.  22.7 28.8 2.872 2.    0.
   8 1989  277 17117.  22.8 28.9 2.878 2.    7.
   8 1989  278 17233.  22.8 28.9 2.883 2.    0.
   8 1989  279 17350.  22.9 29.0 2.888 2.    0.
   8 1989  280 17467.  22.9 29.1 2.894 2.    0.
   8 1989  281 17583.  22.9 29.1 2.899 3.    0.
   8 1989  282 17700.  23.0 29.2 2.905 3.    0.
   8 1989  283 17817.  23.0 29.3 2.911 3.    2.
   8 1989  284 17933.  23.1 29.3 2.916 3.   16.
   8 1989  285 18050.  23.1 29.4 2.921 3.   10.
   8 1989  286 18167.  23.1 29.5 2.927 3.    0.
   8 1989  287 18283.  23.2 29.5 2.932 3.    0.
   8 1989  288 18400.  23.2 29.6 2.938 3.    6.
   8 1989  289 18395.  23.3 29.7 2.944 3.    7.
   8 1989  290 18389.  23.3 29.7 2.949 3.    0.
   8 1989  291 18384.  23.4 29.8 2.955 3.    1.
   8 1989  292 18378.  23.5 29.9 2.961 3.    1.
   8 1989  293 18373.  23.5 29.9 2.966 3.    2.
   8 1989  294 18367.  23.6 30.0 2.972 3.    0.
   8 1989  295 18362.  23.6 30.0 2.978 3.    0.
   8 1989  296 18356.  23.7 30.1 2.983 3.    0.
   8 1989  297 18351.  23.7 30.2 2.989 3.   22.
   8 1989  298 18345.  23.8 30.2 2.994 3.    0.
   8 1989  299 18340.  23.9 30.3 3.000 3.    0.
   8 1989  300 18334.  23.9 30.4 3.006 3.    0.
   8 1989  301 18329.  24.0 30.4 3.011 3.    0.
   8 1989  302 18323.  24.0 30.5 3.017 3.    7.
   8 1989  303 18318.  24.1 30.6 3.023 3.    0.
   8 1989  304 18312.  24.1 30.6 3.028 3.    0.
   8 1989  305 18307.  24.2 30.7 3.034 3.   26.
   8 1989  306 18301.  24.3 30.7 3.040 3.    0.
   8 1989  307 18296.  24.3 30.8 3.045 3.    0.
   8 1989  308 18290.  24.4 30.9 3.051 3.    0.
   8 1989  309 18285.  24.4 30.9 3.057 3.    0.
   8 1989  310 18279.  24.5 31.0 3.062 3.    2.
   8 1989  311 18274.  24.5 31.1 3.068 3.    0.
   8 1989  312 18268.  24.6 31.1 3.073 3.   13.
   8 1989  313 18263.  24.7 31.2 3.079 3.    0.
   8 1989  314 18257.  24.7 31.3 3.085 3.    0.
   8 1989  315 18252.  24.8 31.3 3.090 3.   29.
   8 1989  316 18246.  24.8 31.4 3.096 3.    8.
   8 1989  317 18241.  24.9 31.4 3.102 3.   26.
   8 1989  318 18235.  24.9 31.5 3.107 3.    1.
   8 1989  319 18230.  25.0 31.6 3.113 3.    0.
   8 1989  320 18177.  25.0 31.5 3.101 3.    0.
   8 1989  321 18124.  25.0 31.5 3.088 3.    0.
   8 1989  322 18071.  25.0 31.5 3.076 3.    0.
   8 1989  323 18018.  25.0 31.5 3.064 3.    1.
   8 1989  324 17965.  24.9 31.5 3.051 3.    0.
   8 1989  325 17912.  24.9 31.4 3.039 3.    0.
   8 1989  326 17859.  24.9 31.4 3.026 3.    8.
   8 1989  327 17806.  24.9 31.4 3.014 3.    0.
   8 1989  328 17753.  24.9 31.4 3.002 3.    9.
   8 1989  329 17700.  24.9 31.4 2.989 3.    0.
   8 1989  330 17647.  24.9 31.3 2.977 3.    4.
   8 1989  331 17594.  24.9 31.3 2.965 3.    0.
   8 1989  332 17541.  24.8 31.3 2.952 3.    0.
   8 1989  333 17488.  24.8 31.3 2.940 3.    1.
   8 1989  334 17435.  24.8 31.3 2.928 3.    0.
   8 1989  335 17382.  24.8 31.2 2.915 3.    0.
   8 1989  336 17329.  24.8 31.2 2.903 3.    0.
   8 1989  337 17276.  24.8 31.2 2.890 3.    0.
   8 1989  338 17223.  24.8 31.2 2.878 3.    0.
   8 1989  339 17170.  24.8 31.1 2.866 3.    0.
   8 1989  340 17117.  24.7 31.1 2.853 3.    0.
   8 1989  341 17064.  24.7 31.1 2.841 3.    0.
   8 1989  342 17011.  24.7 31.1 2.829 3.    0.
   8 1989  343 16958.  24.7 31.1 2.816 3.    0.
   8 1989  344 16905.  24.7 31.0 2.804 3.    1.
   8 1989  345 16852.  24.7 31.0 2.791 3.    0.
   8 1989  346 16799.  24.7 31.0 2.779 3.    0.
   8 1989  347 16746.  24.7 31.0 2.767 3.    0.
   8 1989  348 16693.  24.6 31.0 2.754 3.    0.
   8 1989  349 16640.  24.6 30.9 2.742 3.    0.
   8 1989  350 16646.  24.6 30.9 2.741 3.   18.
   8 1989  351 16651.  24.5 30.9 2.740 3.    0.
   8 1989  352 16657.  24.4 30.9 2.739 3.    0.
   8 1989  353 16662.  24.4 31.0 2.739 3.   12.
   8 1989  354 16668.  24.3 31.0 2.738 3.    5.
   8 1989  355 16674.  24.3 31.0 2.737 2.    0.
   8 1989  356 16679.  24.2 31.0 2.736 2.    0.
   8 1989  357 16685.  24.1 31.0 2.735 2.    0.
   8 1989  358 16691.  24.1 31.0 2.734 2.    0.
   8 1989  359 16696.  24.0 31.0 2.733 2.    9.
   8 1989  360 16702.  24.0 31.0 2.732 2.   16.
   8 1989  361 16708.  23.9 31.0 2.731 2.    0.
   8 1989  362 16713.  23.8 31.0 2.731 2.    0.
   8 1989  363 16719.  23.8 31.0 2.730 2.    0.
   8 1989  364 16724.  23.7 31.0 2.729 2.    0.
   8 1989  365 16730.  23.7 31.0 2.728 2.    0.
