*---------------------------------------------------------*
*   Country: Cote d'Ivoire
*   Station: Abidjan
*      Year: 1992
* Longitude: 003 56 W
*  Latitude: 05 15 N
* Elevation: 6 m.
*  WMO-code: 65.5780
*  Comments: Automatically generated file from *.WOF file
*            with REGENSIM.FOR ver. aug 96
*
*  Columns:
*  ========
*  station number
*  year
*  day
*  irradiation (kJ m-2 d-1)
*  minimum temperature (degrees Celsius)
*  maximum temperature (degrees Celsius)
*  vapour pressure (kPa)
*  mean wind speed (m s-1)
*  precipitation (mm month-1)
*---------------------------------------------------------*
  -3.93   5.25     6. 0.00 0.00
   8 1992    1 15390.  23.8 31.5 2.895 2.    0.
   8 1992    2 15316.  23.8 31.5 2.888 2.    0.
   8 1992    3 15243.  23.7 31.5 2.881 2.    0.
   8 1992    4 15169.  23.7 31.5 2.874 2.    0.
   8 1992    5 15096.  23.7 31.5 2.867 2.    0.
   8 1992    6 15022.  23.6 31.5 2.860 2.    0.
   8 1992    7 14949.  23.6 31.5 2.854 2.    0.
   8 1992    8 14875.  23.6 31.5 2.847 2.    0.
   8 1992    9 14801.  23.5 31.5 2.840 2.    0.
   8 1992   10 14728.  23.5 31.4 2.833 2.    0.
   8 1992   11 14654.  23.5 31.4 2.826 2.    0.
   8 1992   12 14581.  23.4 31.4 2.819 2.    0.
   8 1992   13 14507.  23.4 31.4 2.813 2.    0.
   8 1992   14 14434.  23.4 31.4 2.806 2.    0.
   8 1992   15 14360.  23.3 31.4 2.799 2.    0.
   8 1992   16 14478.  23.4 31.4 2.815 2.    0.
   8 1992   17 14595.  23.5 31.4 2.832 2.    0.
   8 1992   18 14713.  23.5 31.4 2.848 2.    0.
   8 1992   19 14831.  23.6 31.4 2.864 2.    0.
   8 1992   20 14948.  23.7 31.5 2.881 2.    0.
   8 1992   21 15066.  23.8 31.5 2.897 2.    0.
   8 1992   22 15184.  23.8 31.5 2.913 2.    0.
   8 1992   23 15301.  23.9 31.5 2.930 1.    0.
   8 1992   24 15419.  24.0 31.5 2.946 1.    0.
   8 1992   25 15537.  24.1 31.5 2.962 1.    0.
   8 1992   26 15654.  24.1 31.5 2.979 1.    0.
   8 1992   27 15772.  24.2 31.5 2.995 1.    0.
   8 1992   28 15890.  24.3 31.6 3.011 1.    0.
   8 1992   29 16007.  24.4 31.6 3.028 1.    0.
   8 1992   30 16125.  24.4 31.6 3.044 1.    0.
   8 1992   31 16243.  24.5 31.6 3.060 1.    0.
   8 1992   32 16360.  24.6 31.6 3.077 1.    0.
   8 1992   33 16478.  24.6 31.6 3.093 1.    0.
   8 1992   34 16596.  24.7 31.6 3.109 1.    0.
   8 1992   35 16713.  24.8 31.6 3.126 1.    0.
   8 1992   36 16831.  24.9 31.7 3.142 1.    0.
   8 1992   37 16949.  24.9 31.7 3.158 1.    0.
   8 1992   38 17066.  25.0 31.7 3.175 1.   16.
   8 1992   39 17184.  25.1 31.7 3.191 1.    0.
   8 1992   40 17302.  25.2 31.7 3.207 1.    0.
   8 1992   41 17419.  25.2 31.7 3.224 1.    0.
   8 1992   42 17537.  25.3 31.7 3.240 1.    0.
   8 1992   43 17655.  25.4 31.7 3.256 1.    0.
   8 1992   44 17772.  25.5 31.8 3.273 1.    0.
   8 1992   45 17890.  25.5 31.8 3.289 1.    0.
   8 1992   46 17890.  25.5 31.8 3.284 1.    0.
   8 1992   47 17889.  25.5 31.7 3.279 1.    0.
   8 1992   48 17889.  25.5 31.7 3.274 1.    0.
   8 1992   49 17889.  25.4 31.7 3.270 1.    0.
   8 1992   50 17888.  25.4 31.7 3.265 1.    0.
   8 1992   51 17888.  25.4 31.7 3.260 1.    0.
   8 1992   52 17888.  25.4 31.6 3.255 1.    0.
   8 1992   53 17887.  25.4 31.6 3.250 1.    0.
   8 1992   54 17887.  25.3 31.6 3.245 1.    0.
   8 1992   55 17887.  25.3 31.6 3.241 1.    0.
   8 1992   56 17886.  25.3 31.6 3.236 1.    0.
   8 1992   57 17886.  25.3 31.6 3.231 1.    0.
   8 1992   58 17886.  25.3 31.5 3.226 1.    3.
   8 1992   59 17885.  25.2 31.5 3.221 1.    4.
   8 1992   60 17885.  25.2 31.5 3.217 1.    0.
   8 1992   61 17885.  25.2 31.5 3.212 1.    0.
   8 1992   62 17884.  25.2 31.5 3.207 1.    0.
   8 1992   63 17884.  25.2 31.4 3.202 1.    0.
   8 1992   64 17884.  25.1 31.4 3.197 1.    0.
   8 1992   65 17883.  25.1 31.4 3.192 1.    0.
   8 1992   66 17883.  25.1 31.4 3.188 1.    0.
   8 1992   67 17883.  25.1 31.4 3.183 1.    0.
   8 1992   68 17882.  25.0 31.4 3.178 1.    0.
   8 1992   69 17882.  25.0 31.3 3.173 1.    0.
   8 1992   70 17882.  25.0 31.3 3.168 1.    4.
   8 1992   71 17881.  25.0 31.3 3.163 1.    0.
   8 1992   72 17881.  25.0 31.3 3.159 1.    0.
   8 1992   73 17881.  24.9 31.3 3.154 1.    0.
   8 1992   74 17880.  24.9 31.2 3.149 1.    0.
   8 1992   75 17880.  24.9 31.2 3.144 1.    0.
   8 1992   76 17883.  24.7 31.2 3.119 1.    7.
   8 1992   77 17886.  24.5 31.2 3.095 1.    0.
   8 1992   78 17890.  24.3 31.3 3.070 1.    0.
   8 1992   79 17893.  24.1 31.3 3.046 1.    6.
   8 1992   80 17896.  23.9 31.3 3.021 1.    1.
   8 1992   81 17899.  23.7 31.3 2.997 1.    0.
   8 1992   82 17903.  23.5 31.3 2.972 1.    0.
   8 1992   83 17906.  23.3 31.3 2.948 1.    0.
   8 1992   84 17909.  23.1 31.3 2.923 1.    0.
   8 1992   85 17912.  22.9 31.3 2.899 1.    0.
   8 1992   86 17915.  22.7 31.3 2.874 1.    0.
   8 1992   87 17919.  22.5 31.3 2.849 1.    1.
   8 1992   88 17922.  22.3 31.3 2.825 1.    0.
   8 1992   89 17925.  22.1 31.3 2.800 1.    0.
   8 1992   90 17928.  21.9 31.3 2.776 1.    0.
   8 1992   91 17932.  21.7 31.4 2.751 1.    1.
   8 1992   92 17935.  21.5 31.4 2.727 1.    0.
   8 1992   93 17938.  21.3 31.4 2.702 1.    0.
   8 1992   94 17941.  21.1 31.4 2.678 1.    5.
   8 1992   95 17945.  20.9 31.4 2.653 1.    0.
   8 1992   96 17948.  20.7 31.4 2.628 1.   11.
   8 1992   97 17951.  20.5 31.4 2.604 1.    0.
   8 1992   98 17954.  20.2 31.4 2.579 1.    0.
   8 1992   99 17957.  20.0 31.4 2.555 2.    0.
   8 1992  100 17961.  19.8 31.4 2.530 2.    0.
   8 1992  101 17964.  19.6 31.4 2.506 2.    3.
   8 1992  102 17967.  19.4 31.4 2.481 2.   66.
   8 1992  103 17970.  19.2 31.4 2.457 2.   39.
   8 1992  104 17974.  19.0 31.5 2.432 2.   24.
   8 1992  105 17977.  18.8 31.5 2.408 2.    1.
   8 1992  106 17980.  18.6 31.5 2.383 2.    7.
   8 1992  107 17939.  18.8 31.4 2.409 2.    0.
   8 1992  108 17899.  19.0 31.4 2.434 2.    0.
   8 1992  109 17858.  19.2 31.4 2.460 2.   26.
   8 1992  110 17817.  19.4 31.4 2.485 2.   13.
   8 1992  111 17777.  19.7 31.4 2.511 2.    0.
   8 1992  112 17736.  19.9 31.3 2.536 2.    0.
   8 1992  113 17695.  20.1 31.3 2.562 2.    0.
   8 1992  114 17655.  20.3 31.3 2.587 2.    0.
   8 1992  115 17614.  20.5 31.3 2.613 2.    0.
   8 1992  116 17573.  20.7 31.2 2.638 2.    1.
   8 1992  117 17533.  20.9 31.2 2.664 2.   11.
   8 1992  118 17492.  21.1 31.2 2.689 2.    0.
   8 1992  119 17451.  21.3 31.2 2.715 2.    0.
   8 1992  120 17411.  21.5 31.1 2.740 2.    0.
   8 1992  121 17370.  21.7 31.1 2.766 2.    0.
   8 1992  122 17329.  21.9 31.1 2.792 2.   11.
   8 1992  123 17289.  22.1 31.1 2.817 2.    7.
   8 1992  124 17248.  22.3 31.0 2.843 2.   64.
   8 1992  125 17207.  22.5 31.0 2.868 2.    0.
   8 1992  126 17167.  22.7 31.0 2.894 2.   18.
   8 1992  127 17126.  22.9 31.0 2.919 2.    2.
   8 1992  128 17085.  23.1 31.0 2.945 2.    0.
   8 1992  129 17045.  23.3 30.9 2.970 2.    0.
   8 1992  130 17004.  23.5 30.9 2.996 2.   14.
   8 1992  131 16963.  23.7 30.9 3.021 2.   19.
   8 1992  132 16923.  24.0 30.9 3.047 2.    0.
   8 1992  133 16882.  24.2 30.8 3.072 2.    0.
   8 1992  134 16841.  24.4 30.8 3.098 2.   14.
   8 1992  135 16801.  24.6 30.8 3.123 2.    0.
   8 1992  136 16760.  24.8 30.8 3.149 2.    3.
   8 1992  137 16655.  24.7 30.7 3.142 2.    9.
   8 1992  138 16551.  24.7 30.6 3.134 2.   16.
   8 1992  139 16446.  24.7 30.6 3.127 2.    9.
   8 1992  140 16342.  24.7 30.5 3.120 2.    0.
   8 1992  141 16237.  24.7 30.4 3.112 2.    1.
   8 1992  142 16133.  24.6 30.4 3.105 2.   13.
   8 1992  143 16028.  24.6 30.3 3.098 2.   57.
   8 1992  144 15924.  24.6 30.2 3.090 2.    2.
   8 1992  145 15819.  24.6 30.1 3.083 2.    9.
   8 1992  146 15715.  24.5 30.1 3.075 2.   13.
   8 1992  147 15610.  24.5 30.0 3.068 2.    0.
   8 1992  148 15506.  24.5 29.9 3.061 2.    0.
   8 1992  149 15401.  24.5 29.9 3.053 2.   58.
   8 1992  150 15297.  24.5 29.8 3.046 2.    6.
   8 1992  151 15192.  24.4 29.7 3.039 2.   32.
   8 1992  152 15088.  24.4 29.7 3.031 2.   11.
   8 1992  153 14983.  24.4 29.6 3.024 2.   41.
   8 1992  154 14879.  24.4 29.5 3.017 2.   41.
   8 1992  155 14774.  24.3 29.5 3.009 2.    0.
   8 1992  156 14670.  24.3 29.4 3.002 2.    0.
   8 1992  157 14565.  24.3 29.3 2.995 2.    0.
   8 1992  158 14461.  24.3 29.3 2.987 2.    0.
   8 1992  159 14356.  24.3 29.2 2.980 2.    0.
   8 1992  160 14252.  24.2 29.1 2.972 2.    0.
   8 1992  161 14147.  24.2 29.0 2.965 2.    0.
   8 1992  162 14043.  24.2 29.0 2.958 2.    0.
   8 1992  163 13938.  24.2 28.9 2.950 2.  133.
   8 1992  164 13834.  24.1 28.8 2.943 2.    0.
   8 1992  165 13729.  24.1 28.8 2.936 2.    3.
   8 1992  166 13625.  24.1 28.7 2.928 2.    0.
   8 1992  167 13520.  24.1 28.6 2.921 2.    8.
   8 1992  168 13515.  24.0 28.6 2.913 2.    4.
   8 1992  169 13511.  24.0 28.5 2.905 2.    0.
   8 1992  170 13506.  23.9 28.5 2.897 2.    0.
   8 1992  171 13501.  23.8 28.4 2.889 2.    0.
   8 1992  172 13497.  23.8 28.3 2.881 2.   73.
   8 1992  173 13492.  23.7 28.3 2.873 2.    0.
   8 1992  174 13487.  23.7 28.2 2.865 2.    0.
   8 1992  175 13483.  23.6 28.2 2.858 2.   25.
   8 1992  176 13478.  23.5 28.1 2.850 2.    3.
   8 1992  177 13473.  23.5 28.0 2.842 2.    0.
   8 1992  178 13469.  23.4 28.0 2.834 2.    4.
   8 1992  179 13464.  23.4 27.9 2.826 2.    5.
   8 1992  180 13459.  23.3 27.9 2.818 2.    0.
   8 1992  181 13455.  23.2 27.8 2.810 2.   19.
   8 1992  182 13450.  23.2 27.8 2.802 2.    0.
   8 1992  183 13445.  23.1 27.7 2.794 2.    0.
   8 1992  184 13441.  23.1 27.6 2.786 2.    0.
   8 1992  185 13436.  23.0 27.6 2.778 2.    0.
   8 1992  186 13431.  22.9 27.5 2.770 2.    0.
   8 1992  187 13427.  22.9 27.5 2.762 2.    0.
   8 1992  188 13422.  22.8 27.4 2.754 2.    0.
   8 1992  189 13417.  22.8 27.3 2.746 2.    1.
   8 1992  190 13413.  22.7 27.3 2.739 2.   19.
   8 1992  191 13408.  22.7 27.2 2.731 2.    1.
   8 1992  192 13403.  22.6 27.2 2.723 2.    0.
   8 1992  193 13399.  22.5 27.1 2.715 2.    0.
   8 1992  194 13394.  22.5 27.0 2.707 2.    0.
   8 1992  195 13389.  22.4 27.0 2.699 2.    0.
   8 1992  196 13385.  22.4 26.9 2.691 2.    0.
   8 1992  197 13380.  22.3 26.9 2.683 2.    0.
   8 1992  198 13362.  22.3 26.9 2.681 2.    0.
   8 1992  199 13344.  22.3 26.9 2.680 2.    0.
   8 1992  200 13326.  22.2 26.9 2.678 2.    0.
   8 1992  201 13308.  22.2 26.9 2.676 2.    0.
   8 1992  202 13290.  22.2 26.8 2.674 2.    7.
   8 1992  203 13272.  22.2 26.8 2.673 2.    0.
   8 1992  204 13254.  22.2 26.8 2.671 2.    0.
   8 1992  205 13235.  22.2 26.8 2.669 2.    0.
   8 1992  206 13217.  22.1 26.8 2.667 2.    0.
   8 1992  207 13199.  22.1 26.8 2.666 2.    0.
   8 1992  208 13181.  22.1 26.8 2.664 2.    0.
   8 1992  209 13163.  22.1 26.8 2.662 2.    0.
   8 1992  210 13145.  22.1 26.8 2.660 2.    2.
   8 1992  211 13127.  22.0 26.8 2.659 2.    0.
   8 1992  212 13109.  22.0 26.8 2.657 2.    0.
   8 1992  213 13091.  22.0 26.8 2.655 2.    0.
   8 1992  214 13073.  22.0 26.8 2.653 2.    0.
   8 1992  215 13055.  22.0 26.8 2.652 2.    0.
   8 1992  216 13037.  22.0 26.8 2.650 2.    1.
   8 1992  217 13019.  21.9 26.8 2.648 2.    0.
   8 1992  218 13001.  21.9 26.8 2.646 2.    0.
   8 1992  219 12983.  21.9 26.8 2.645 2.    0.
   8 1992  220 12965.  21.9 26.8 2.643 2.    0.
   8 1992  221 12946.  21.9 26.8 2.641 1.    0.
   8 1992  222 12928.  21.8 26.8 2.639 1.    3.
   8 1992  223 12910.  21.8 26.8 2.638 1.    0.
   8 1992  224 12892.  21.8 26.7 2.636 1.    0.
   8 1992  225 12874.  21.8 26.7 2.634 1.    0.
   8 1992  226 12856.  21.8 26.7 2.632 1.    0.
   8 1992  227 12838.  21.7 26.7 2.631 1.    0.
   8 1992  228 12820.  21.7 26.7 2.629 1.    0.
   8 1992  229 12829.  21.8 26.8 2.635 1.    4.
   8 1992  230 12838.  21.8 26.8 2.642 1.    0.
   8 1992  231 12847.  21.9 26.8 2.648 1.    0.
   8 1992  232 12856.  21.9 26.9 2.655 1.    0.
   8 1992  233 12865.  21.9 26.9 2.661 1.    0.
   8 1992  234 12874.  22.0 27.0 2.668 1.    0.
   8 1992  235 12883.  22.0 27.0 2.674 1.    2.
   8 1992  236 12892.  22.1 27.0 2.681 1.    0.
   8 1992  237 12901.  22.1 27.1 2.687 1.    0.
   8 1992  238 12910.  22.1 27.1 2.694 1.    0.
   8 1992  239 12919.  22.2 27.1 2.700 1.    0.
   8 1992  240 12928.  22.2 27.2 2.707 1.    2.
   8 1992  241 12937.  22.3 27.2 2.713 1.    0.
   8 1992  242 12946.  22.3 27.2 2.720 1.    0.
   8 1992  243 12955.  22.4 27.3 2.726 1.    1.
   8 1992  244 12965.  22.4 27.3 2.733 1.    0.
   8 1992  245 12974.  22.4 27.4 2.739 1.    0.
   8 1992  246 12983.  22.5 27.4 2.746 1.    0.
   8 1992  247 12992.  22.5 27.4 2.752 1.    0.
   8 1992  248 13001.  22.6 27.5 2.759 1.    0.
   8 1992  249 13010.  22.6 27.5 2.765 1.    1.
   8 1992  250 13019.  22.7 27.5 2.772 1.    9.
   8 1992  251 13028.  22.7 27.6 2.778 1.    0.
   8 1992  252 13037.  22.7 27.6 2.785 1.   15.
   8 1992  253 13046.  22.8 27.6 2.791 1.    4.
   8 1992  254 13055.  22.8 27.7 2.798 1.    0.
   8 1992  255 13064.  22.9 27.7 2.804 1.    4.
   8 1992  256 13073.  22.9 27.8 2.811 1.    1.
   8 1992  257 13082.  22.9 27.8 2.817 1.    0.
   8 1992  258 13091.  23.0 27.8 2.824 1.    2.
   8 1992  259 13100.  23.0 27.9 2.830 1.    0.
   8 1992  260 13268.  23.1 27.9 2.833 1.    0.
   8 1992  261 13435.  23.1 28.0 2.837 1.    0.
   8 1992  262 13603.  23.2 28.1 2.840 1.    3.
   8 1992  263 13771.  23.2 28.2 2.843 1.    0.
   8 1992  264 13938.  23.3 28.2 2.846 1.    1.
   8 1992  265 14106.  23.3 28.3 2.850 1.    0.
   8 1992  266 14274.  23.4 28.4 2.853 1.    2.
   8 1992  267 14441.  23.4 28.4 2.856 2.    0.
   8 1992  268 14609.  23.5 28.5 2.859 2.    4.
   8 1992  269 14777.  23.5 28.6 2.863 2.    0.
   8 1992  270 14944.  23.6 28.7 2.866 2.    0.
   8 1992  271 15112.  23.6 28.7 2.869 2.    4.
   8 1992  272 15280.  23.7 28.8 2.872 2.    0.
   8 1992  273 15447.  23.7 28.9 2.876 2.    0.
   8 1992  274 15615.  23.8 28.9 2.879 2.    0.
   8 1992  275 15783.  23.8 29.0 2.882 2.    0.
   8 1992  276 15950.  23.9 29.1 2.886 2.    0.
   8 1992  277 16118.  23.9 29.1 2.889 2.    0.
   8 1992  278 16286.  24.0 29.2 2.892 2.    0.
   8 1992  279 16453.  24.0 29.3 2.895 2.    2.
   8 1992  280 16621.  24.1 29.4 2.899 2.    0.
   8 1992  281 16789.  24.1 29.4 2.902 2.    0.
   8 1992  282 16956.  24.2 29.5 2.905 2.    0.
   8 1992  283 17124.  24.2 29.6 2.908 2.    1.
   8 1992  284 17292.  24.3 29.6 2.912 2.    0.
   8 1992  285 17459.  24.3 29.7 2.915 2.    0.
   8 1992  286 17627.  24.4 29.8 2.918 2.    0.
   8 1992  287 17795.  24.4 29.9 2.921 2.    0.
   8 1992  288 17962.  24.5 29.9 2.925 2.    0.
   8 1992  289 18130.  24.5 30.0 2.928 2.    0.
   8 1992  290 18133.  24.5 30.0 2.926 2.    0.
   8 1992  291 18136.  24.5 30.0 2.924 2.    0.
   8 1992  292 18140.  24.5 29.9 2.922 2.    0.
   8 1992  293 18143.  24.5 29.9 2.920 2.    0.
   8 1992  294 18146.  24.6 29.9 2.918 2.    1.
   8 1992  295 18149.  24.6 29.9 2.916 2.    0.
   8 1992  296 18153.  24.6 29.9 2.914 2.    0.
   8 1992  297 18156.  24.6 29.8 2.911 2.    0.
   8 1992  298 18159.  24.6 29.8 2.909 2.    0.
   8 1992  299 18162.  24.6 29.8 2.907 2.    0.
   8 1992  300 18165.  24.6 29.8 2.905 2.    0.
   8 1992  301 18169.  24.6 29.8 2.903 2.    0.
   8 1992  302 18172.  24.6 29.7 2.901 2.    1.
   8 1992  303 18175.  24.7 29.7 2.899 2.    0.
   8 1992  304 18178.  24.7 29.7 2.897 2.    3.
   8 1992  305 18182.  24.7 29.7 2.895 2.    0.
   8 1992  306 18185.  24.7 29.7 2.893 2.    0.
   8 1992  307 18188.  24.7 29.6 2.891 2.    6.
   8 1992  308 18191.  24.7 29.6 2.889 2.    8.
   8 1992  309 18195.  24.7 29.6 2.887 2.    0.
   8 1992  310 18198.  24.7 29.6 2.885 2.   28.
   8 1992  311 18201.  24.7 29.6 2.883 2.    0.
   8 1992  312 18204.  24.8 29.5 2.881 2.    0.
   8 1992  313 18207.  24.8 29.5 2.878 2.    0.
   8 1992  314 18211.  24.8 29.5 2.876 2.    0.
   8 1992  315 18214.  24.8 29.5 2.874 2.    0.
   8 1992  316 18217.  24.8 29.5 2.872 2.   22.
   8 1992  317 18220.  24.8 29.4 2.870 2.    7.
   8 1992  318 18224.  24.8 29.4 2.868 2.    0.
   8 1992  319 18227.  24.8 29.4 2.866 2.    0.
   8 1992  320 18230.  24.8 29.4 2.864 2.    5.
   8 1992  321 18170.  24.8 29.5 2.868 2.    2.
   8 1992  322 18109.  24.8 29.5 2.872 2.    0.
   8 1992  323 18049.  24.8 29.6 2.877 2.    0.
   8 1992  324 17989.  24.8 29.7 2.881 2.   21.
   8 1992  325 17928.  24.8 29.8 2.885 2.    1.
   8 1992  326 17868.  24.7 29.8 2.889 2.    0.
   8 1992  327 17808.  24.7 29.9 2.893 2.    7.
   8 1992  328 17747.  24.7 30.0 2.898 2.   18.
   8 1992  329 17687.  24.7 30.1 2.902 2.    2.
   8 1992  330 17627.  24.7 30.1 2.906 2.    0.
   8 1992  331 17566.  24.6 30.2 2.910 2.    0.
   8 1992  332 17506.  24.6 30.3 2.914 2.    1.
   8 1992  333 17446.  24.6 30.4 2.919 2.    0.
   8 1992  334 17385.  24.6 30.4 2.923 2.    0.
   8 1992  335 17325.  24.6 30.5 2.927 2.    0.
   8 1992  336 17265.  24.6 30.6 2.931 2.    0.
   8 1992  337 17204.  24.5 30.7 2.935 2.    9.
   8 1992  338 17144.  24.5 30.8 2.940 2.    0.
   8 1992  339 17084.  24.5 30.8 2.944 2.    0.
   8 1992  340 17023.  24.5 30.9 2.948 2.    3.
   8 1992  341 16963.  24.5 31.0 2.952 2.    0.
   8 1992  342 16903.  24.4 31.1 2.956 2.    0.
   8 1992  343 16842.  24.4 31.1 2.961 2.    0.
   8 1992  344 16782.  24.4 31.2 2.965 2.    0.
   8 1992  345 16722.  24.4 31.3 2.969 2.    8.
   8 1992  346 16661.  24.4 31.4 2.973 2.   12.
   8 1992  347 16601.  24.4 31.4 2.977 2.    0.
   8 1992  348 16541.  24.3 31.5 2.982 2.    0.
   8 1992  349 16480.  24.3 31.6 2.986 2.    0.
   8 1992  350 16420.  24.3 31.7 2.990 2.    0.
   8 1992  351 16356.  24.3 31.7 2.984 2.   15.
   8 1992  352 16291.  24.2 31.7 2.978 2.    0.
   8 1992  353 16227.  24.2 31.6 2.972 2.   11.
   8 1992  354 16163.  24.2 31.6 2.966 2.    0.
   8 1992  355 16098.  24.1 31.6 2.960 2.    0.
   8 1992  356 16034.  24.1 31.6 2.954 2.    0.
   8 1992  357 15969.  24.1 31.6 2.948 2.    0.
   8 1992  358 15905.  24.1 31.6 2.942 2.    0.
   8 1992  359 15841.  24.0 31.6 2.936 2.    0.
   8 1992  360 15776.  24.0 31.6 2.930 2.    0.
   8 1992  361 15712.  24.0 31.6 2.924 2.    0.
   8 1992  362 15647.  23.9 31.6 2.918 2.    0.
   8 1992  363 15583.  23.9 31.6 2.912 2.    0.
   8 1992  364 15519.  23.9 31.6 2.906 2.    0.
   8 1992  365 15454.  23.8 31.5 2.900 2.    0.
   8 1992  366 15390.  23.8 31.5 2.895 2.    0.
