*---------------------------------------------------------*
*   Country: Cote d'Ivoire
*   Station: Abidjan
*      Year: 1988
* Longitude: 003 56 W
*  Latitude: 05 15 N
* Elevation: 6 m.
*  WMO-code: 65.5780
*  Comments: Automatically generated file from *.WOF file
*            with REGENSIM.FOR ver. aug 96
*
*  Columns:
*  ========
*  station number
*  year
*  day
*  irradiation (kJ m-2 d-1)
*  minimum temperature (degrees Celsius)
*  maximum temperature (degrees Celsius)
*  vapour pressure (kPa)
*  mean wind speed (m s-1)
*  precipitation (mm month-1)
*---------------------------------------------------------*
  -3.93   5.25     6. 0.00 0.00
   8 1988    1 16130.  24.0 31.4 2.928 2.    0.
   8 1988    2 16125.  24.0 31.4 2.924 1.    0.
   8 1988    3 16120.  23.9 31.4 2.920 1.    0.
   8 1988    4 16115.  23.9 31.4 2.915 1.    0.
   8 1988    5 16110.  23.9 31.4 2.911 1.    0.
   8 1988    6 16105.  23.9 31.4 2.907 1.    0.
   8 1988    7 16100.  23.8 31.3 2.902 1.    0.
   8 1988    8 16095.  23.8 31.3 2.898 1.    1.
   8 1988    9 16090.  23.8 31.3 2.893 1.    0.
   8 1988   10 16085.  23.8 31.3 2.889 1.    0.
   8 1988   11 16080.  23.7 31.3 2.885 1.    0.
   8 1988   12 16075.  23.7 31.3 2.880 1.    0.
   8 1988   13 16070.  23.7 31.2 2.876 1.    0.
   8 1988   14 16065.  23.7 31.2 2.871 1.    0.
   8 1988   15 16060.  23.6 31.2 2.867 1.    0.
   8 1988   16 16099.  23.7 31.2 2.879 1.    0.
   8 1988   17 16139.  23.8 31.2 2.890 1.    0.
   8 1988   18 16178.  23.8 31.3 2.902 1.    0.
   8 1988   19 16217.  23.9 31.3 2.914 1.    0.
   8 1988   20 16257.  23.9 31.3 2.925 1.    0.
   8 1988   21 16296.  24.0 31.3 2.937 2.    0.
   8 1988   22 16335.  24.0 31.4 2.949 2.    0.
   8 1988   23 16375.  24.1 31.4 2.960 2.    0.
   8 1988   24 16414.  24.2 31.4 2.972 2.    0.
   8 1988   25 16453.  24.2 31.4 2.984 2.    0.
   8 1988   26 16493.  24.3 31.4 2.995 2.    0.
   8 1988   27 16532.  24.3 31.5 3.007 2.    0.
   8 1988   28 16571.  24.4 31.5 3.019 2.    0.
   8 1988   29 16611.  24.4 31.5 3.030 2.    0.
   8 1988   30 16650.  24.5 31.5 3.042 2.    0.
   8 1988   31 16689.  24.6 31.6 3.054 2.    0.
   8 1988   32 16729.  24.6 31.6 3.065 2.    0.
   8 1988   33 16768.  24.7 31.6 3.077 2.    0.
   8 1988   34 16807.  24.7 31.6 3.089 2.    0.
   8 1988   35 16847.  24.8 31.7 3.100 2.   14.
   8 1988   36 16886.  24.8 31.7 3.112 2.    0.
   8 1988   37 16925.  24.9 31.7 3.124 2.    0.
   8 1988   38 16965.  24.9 31.7 3.135 2.    0.
   8 1988   39 17004.  25.0 31.7 3.147 2.    0.
   8 1988   40 17043.  25.1 31.8 3.159 2.    0.
   8 1988   41 17083.  25.1 31.8 3.170 2.    0.
   8 1988   42 17122.  25.2 31.8 3.182 2.    0.
   8 1988   43 17161.  25.2 31.8 3.194 2.    0.
   8 1988   44 17201.  25.3 31.9 3.205 2.    0.
   8 1988   45 17240.  25.3 31.9 3.217 2.    0.
   8 1988   46 17298.  25.3 31.8 3.213 2.    0.
   8 1988   47 17356.  25.4 31.8 3.208 2.    0.
   8 1988   48 17414.  25.4 31.7 3.204 2.    0.
   8 1988   49 17472.  25.4 31.7 3.199 2.    0.
   8 1988   50 17530.  25.4 31.6 3.195 2.    0.
   8 1988   51 17588.  25.4 31.6 3.190 2.    0.
   8 1988   52 17646.  25.4 31.5 3.186 2.    2.
   8 1988   53 17704.  25.4 31.5 3.182 2.    0.
   8 1988   54 17762.  25.4 31.4 3.177 2.    0.
   8 1988   55 17820.  25.4 31.4 3.173 2.    0.
   8 1988   56 17878.  25.4 31.3 3.168 2.    0.
   8 1988   57 17936.  25.4 31.3 3.164 2.    0.
   8 1988   58 17994.  25.4 31.2 3.159 2.    0.
   8 1988   59 18052.  25.4 31.2 3.155 2.    8.
   8 1988   60 18110.  25.4 31.1 3.151 2.    0.
   8 1988   61 18168.  25.4 31.1 3.146 2.    0.
   8 1988   62 18226.  25.4 31.0 3.142 2.    1.
   8 1988   63 18284.  25.4 31.0 3.137 2.    0.
   8 1988   64 18342.  25.4 30.9 3.133 2.   22.
   8 1988   65 18400.  25.4 30.9 3.128 2.    2.
   8 1988   66 18458.  25.5 30.8 3.124 2.    1.
   8 1988   67 18516.  25.5 30.8 3.119 2.    0.
   8 1988   68 18574.  25.5 30.7 3.115 2.    0.
   8 1988   69 18632.  25.5 30.7 3.111 2.    0.
   8 1988   70 18690.  25.5 30.6 3.106 2.    0.
   8 1988   71 18748.  25.5 30.6 3.102 2.    0.
   8 1988   72 18806.  25.5 30.5 3.097 2.    0.
   8 1988   73 18864.  25.5 30.5 3.093 2.   17.
   8 1988   74 18922.  25.5 30.4 3.088 2.   11.
   8 1988   75 18980.  25.5 30.4 3.084 2.    2.
   8 1988   76 18979.  25.4 30.4 3.078 2.    0.
   8 1988   77 18977.  25.4 30.4 3.072 2.    0.
   8 1988   78 18976.  25.3 30.4 3.066 2.    0.
   8 1988   79 18975.  25.2 30.5 3.060 2.    0.
   8 1988   80 18974.  25.2 30.5 3.054 2.    0.
   8 1988   81 18972.  25.1 30.5 3.048 2.    0.
   8 1988   82 18971.  25.1 30.5 3.042 2.   14.
   8 1988   83 18970.  25.0 30.6 3.037 2.    0.
   8 1988   84 18968.  24.9 30.6 3.031 2.    0.
   8 1988   85 18967.  24.9 30.6 3.025 2.    0.
   8 1988   86 18966.  24.8 30.7 3.019 2.    0.
   8 1988   87 18965.  24.7 30.7 3.013 2.    0.
   8 1988   88 18963.  24.7 30.7 3.007 2.    0.
   8 1988   89 18962.  24.6 30.7 3.001 2.    0.
   8 1988   90 18961.  24.5 30.8 2.995 2.    0.
   8 1988   91 18959.  24.5 30.8 2.989 2.    0.
   8 1988   92 18958.  24.4 30.8 2.983 2.    0.
   8 1988   93 18957.  24.4 30.8 2.977 2.    4.
   8 1988   94 18955.  24.3 30.9 2.971 2.    1.
   8 1988   95 18954.  24.2 30.9 2.965 2.    0.
   8 1988   96 18953.  24.2 30.9 2.959 2.    0.
   8 1988   97 18952.  24.1 30.9 2.953 2.    0.
   8 1988   98 18950.  24.0 31.0 2.947 2.    1.
   8 1988   99 18949.  24.0 31.0 2.942 2.    0.
   8 1988  100 18948.  23.9 31.0 2.936 2.    3.
   8 1988  101 18946.  23.8 31.1 2.930 2.    0.
   8 1988  102 18945.  23.8 31.1 2.924 2.    0.
   8 1988  103 18944.  23.7 31.1 2.918 2.    0.
   8 1988  104 18943.  23.7 31.1 2.912 2.    0.
   8 1988  105 18941.  23.6 31.2 2.906 2.    1.
   8 1988  106 18940.  23.5 31.2 2.900 2.    0.
   8 1988  107 18933.  23.6 31.2 2.907 2.    3.
   8 1988  108 18927.  23.6 31.2 2.914 2.    6.
   8 1988  109 18920.  23.7 31.2 2.921 2.   19.
   8 1988  110 18913.  23.7 31.2 2.928 2.    0.
   8 1988  111 18907.  23.8 31.2 2.934 2.    0.
   8 1988  112 18900.  23.8 31.2 2.941 2.    0.
   8 1988  113 18893.  23.9 31.2 2.948 2.    0.
   8 1988  114 18887.  23.9 31.2 2.955 2.    0.
   8 1988  115 18880.  24.0 31.2 2.962 2.    0.
   8 1988  116 18873.  24.0 31.2 2.969 2.   42.
   8 1988  117 18867.  24.1 31.2 2.976 2.    0.
   8 1988  118 18860.  24.1 31.2 2.983 2.    0.
   8 1988  119 18853.  24.2 31.2 2.990 2.    0.
   8 1988  120 18847.  24.2 31.2 2.997 2.    0.
   8 1988  121 18840.  24.3 31.2 3.003 2.    0.
   8 1988  122 18833.  24.3 31.2 3.010 2.    2.
   8 1988  123 18827.  24.4 31.2 3.017 2.    3.
   8 1988  124 18820.  24.4 31.2 3.024 2.   25.
   8 1988  125 18813.  24.4 31.2 3.031 2.   35.
   8 1988  126 18807.  24.5 31.2 3.038 2.    0.
   8 1988  127 18800.  24.5 31.2 3.045 2.    0.
   8 1988  128 18793.  24.6 31.2 3.052 2.   11.
   8 1988  129 18787.  24.6 31.2 3.059 2.   11.
   8 1988  130 18780.  24.7 31.2 3.066 2.    9.
   8 1988  131 18773.  24.7 31.2 3.072 2.    0.
   8 1988  132 18767.  24.8 31.2 3.079 2.    7.
   8 1988  133 18760.  24.8 31.2 3.086 2.    0.
   8 1988  134 18753.  24.9 31.2 3.093 2.    0.
   8 1988  135 18747.  24.9 31.2 3.100 2.    0.
   8 1988  136 18740.  25.0 31.2 3.107 2.    2.
   8 1988  137 18587.  25.0 31.1 3.105 2.    0.
   8 1988  138 18434.  24.9 31.1 3.103 2.    4.
   8 1988  139 18281.  24.9 31.0 3.100 2.    0.
   8 1988  140 18128.  24.9 31.0 3.098 2.    2.
   8 1988  141 17975.  24.9 30.9 3.096 2.    4.
   8 1988  142 17823.  24.8 30.9 3.094 2.   13.
   8 1988  143 17670.  24.8 30.8 3.091 2.    0.
   8 1988  144 17517.  24.8 30.8 3.089 2.   10.
   8 1988  145 17364.  24.8 30.7 3.087 2.    0.
   8 1988  146 17211.  24.8 30.7 3.085 2.    0.
   8 1988  147 17058.  24.7 30.6 3.083 2.    0.
   8 1988  148 16905.  24.7 30.6 3.080 2.    0.
   8 1988  149 16752.  24.7 30.5 3.078 2.    0.
   8 1988  150 16599.  24.7 30.5 3.076 2.    0.
   8 1988  151 16446.  24.6 30.5 3.074 2.   18.
   8 1988  152 16294.  24.6 30.4 3.071 2.    5.
   8 1988  153 16141.  24.6 30.4 3.069 2.    0.
   8 1988  154 15988.  24.6 30.3 3.067 2.    0.
   8 1988  155 15835.  24.6 30.3 3.065 2.    0.
   8 1988  156 15682.  24.5 30.2 3.062 2.    0.
   8 1988  157 15529.  24.5 30.2 3.060 2.   23.
   8 1988  158 15376.  24.5 30.1 3.058 2.   23.
   8 1988  159 15223.  24.5 30.1 3.056 2.    0.
   8 1988  160 15070.  24.4 30.0 3.054 2.    0.
   8 1988  161 14917.  24.4 30.0 3.051 2.    8.
   8 1988  162 14765.  24.4 29.9 3.049 2.   56.
   8 1988  163 14612.  24.4 29.9 3.047 2.  148.
   8 1988  164 14459.  24.4 29.8 3.045 2.   71.
   8 1988  165 14306.  24.3 29.8 3.042 2.    0.
   8 1988  166 14153.  24.3 29.7 3.040 2.   12.
   8 1988  167 14000.  24.3 29.7 3.038 2.    5.
   8 1988  168 14033.  24.3 29.6 3.031 2.    0.
   8 1988  169 14067.  24.2 29.6 3.024 2.    6.
   8 1988  170 14100.  24.2 29.5 3.017 2.    8.
   8 1988  171 14133.  24.2 29.5 3.011 2.    0.
   8 1988  172 14167.  24.1 29.4 3.004 2.    0.
   8 1988  173 14200.  24.1 29.4 2.997 2.    0.
   8 1988  174 14233.  24.1 29.3 2.990 2.    0.
   8 1988  175 14267.  24.0 29.3 2.983 2.   18.
   8 1988  176 14300.  24.0 29.2 2.976 2.    0.
   8 1988  177 14333.  24.0 29.2 2.969 2.    0.
   8 1988  178 14367.  23.9 29.1 2.962 2.   19.
   8 1988  179 14400.  23.9 29.1 2.956 2.    8.
   8 1988  180 14433.  23.8 29.0 2.949 2.    1.
   8 1988  181 14467.  23.8 28.9 2.942 2.    0.
   8 1988  182 14500.  23.8 28.9 2.935 2.   30.
   8 1988  183 14533.  23.7 28.8 2.928 2.    0.
   8 1988  184 14567.  23.7 28.8 2.921 2.    0.
   8 1988  185 14600.  23.7 28.7 2.914 2.    0.
   8 1988  186 14633.  23.6 28.7 2.908 2.    0.
   8 1988  187 14667.  23.6 28.6 2.901 2.    0.
   8 1988  188 14700.  23.6 28.6 2.894 2.    0.
   8 1988  189 14733.  23.5 28.5 2.887 2.    0.
   8 1988  190 14767.  23.5 28.5 2.880 2.    1.
   8 1988  191 14800.  23.5 28.4 2.873 2.    2.
   8 1988  192 14833.  23.4 28.4 2.866 2.    0.
   8 1988  193 14867.  23.4 28.3 2.859 2.    0.
   8 1988  194 14900.  23.4 28.3 2.853 2.    6.
   8 1988  195 14933.  23.3 28.2 2.846 2.    1.
   8 1988  196 14967.  23.3 28.1 2.839 2.    0.
   8 1988  197 15000.  23.3 28.1 2.832 2.    4.
   8 1988  198 14920.  23.2 28.1 2.828 2.    0.
   8 1988  199 14841.  23.2 28.0 2.825 2.    1.
   8 1988  200 14761.  23.2 28.0 2.821 2.    1.
   8 1988  201 14681.  23.1 28.0 2.818 2.    0.
   8 1988  202 14602.  23.1 28.0 2.814 2.    4.
   8 1988  203 14522.  23.0 27.9 2.811 2.    1.
   8 1988  204 14442.  23.0 27.9 2.807 2.    0.
   8 1988  205 14363.  23.0 27.9 2.804 2.    0.
   8 1988  206 14283.  22.9 27.9 2.800 2.    0.
   8 1988  207 14203.  22.9 27.8 2.797 2.    0.
   8 1988  208 14124.  22.9 27.8 2.793 2.    0.
   8 1988  209 14044.  22.8 27.8 2.789 2.    0.
   8 1988  210 13964.  22.8 27.8 2.786 2.    0.
   8 1988  211 13885.  22.7 27.7 2.782 2.    2.
   8 1988  212 13805.  22.7 27.7 2.779 2.    2.
   8 1988  213 13725.  22.7 27.7 2.775 2.    0.
   8 1988  214 13645.  22.6 27.7 2.772 2.    0.
   8 1988  215 13566.  22.6 27.6 2.768 2.    0.
   8 1988  216 13486.  22.6 27.6 2.765 2.    1.
   8 1988  217 13406.  22.5 27.6 2.761 2.    0.
   8 1988  218 13327.  22.5 27.6 2.757 2.    0.
   8 1988  219 13247.  22.4 27.5 2.754 2.    0.
   8 1988  220 13167.  22.4 27.5 2.750 2.    3.
   8 1988  221 13088.  22.4 27.5 2.747 1.    4.
   8 1988  222 13008.  22.3 27.5 2.743 1.    0.
   8 1988  223 12928.  22.3 27.4 2.740 1.    0.
   8 1988  224 12849.  22.3 27.4 2.736 1.    0.
   8 1988  225 12769.  22.2 27.4 2.733 1.    3.
   8 1988  226 12689.  22.2 27.4 2.729 1.    1.
   8 1988  227 12610.  22.1 27.3 2.726 1.    1.
   8 1988  228 12530.  22.1 27.3 2.722 1.    2.
   8 1988  229 12629.  22.1 27.3 2.724 1.    0.
   8 1988  230 12728.  22.2 27.4 2.727 1.    0.
   8 1988  231 12827.  22.2 27.4 2.729 1.    1.
   8 1988  232 12926.  22.2 27.4 2.731 1.    0.
   8 1988  233 13025.  22.2 27.5 2.733 1.    1.
   8 1988  234 13124.  22.3 27.5 2.736 1.    0.
   8 1988  235 13223.  22.3 27.5 2.738 1.    1.
   8 1988  236 13322.  22.3 27.5 2.740 1.    0.
   8 1988  237 13421.  22.3 27.6 2.742 1.    0.
   8 1988  238 13520.  22.3 27.6 2.745 1.    0.
   8 1988  239 13619.  22.4 27.6 2.747 1.    1.
   8 1988  240 13718.  22.4 27.7 2.749 1.    0.
   8 1988  241 13817.  22.4 27.7 2.751 1.    5.
   8 1988  242 13916.  22.4 27.7 2.754 1.    0.
   8 1988  243 14015.  22.5 27.8 2.756 1.    0.
   8 1988  244 14115.  22.5 27.8 2.758 2.    0.
   8 1988  245 14214.  22.5 27.8 2.760 2.   18.
   8 1988  246 14313.  22.5 27.9 2.763 2.    0.
   8 1988  247 14412.  22.6 27.9 2.765 2.   14.
   8 1988  248 14511.  22.6 27.9 2.767 2.    0.
   8 1988  249 14610.  22.6 27.9 2.769 2.    0.
   8 1988  250 14709.  22.6 28.0 2.772 2.    0.
   8 1988  251 14808.  22.7 28.0 2.774 2.    0.
   8 1988  252 14907.  22.7 28.0 2.776 2.    0.
   8 1988  253 15006.  22.7 28.1 2.778 2.   29.
   8 1988  254 15105.  22.7 28.1 2.781 2.    0.
   8 1988  255 15204.  22.7 28.1 2.783 2.    2.
   8 1988  256 15303.  22.8 28.2 2.785 2.    0.
   8 1988  257 15402.  22.8 28.2 2.787 2.   12.
   8 1988  258 15501.  22.8 28.2 2.790 2.    0.
   8 1988  259 15600.  22.8 28.3 2.792 2.   14.
   8 1988  260 15704.  22.9 28.3 2.796 2.    0.
   8 1988  261 15809.  22.9 28.4 2.800 2.    0.
   8 1988  262 15913.  22.9 28.4 2.803 2.    3.
   8 1988  263 16017.  23.0 28.5 2.807 2.   20.
   8 1988  264 16122.  23.0 28.5 2.811 2.    0.
   8 1988  265 16226.  23.0 28.6 2.815 2.    0.
   8 1988  266 16330.  23.1 28.6 2.819 2.    3.
   8 1988  267 16435.  23.1 28.7 2.822 2.    0.
   8 1988  268 16539.  23.2 28.7 2.826 2.    0.
   8 1988  269 16643.  23.2 28.8 2.830 2.    0.
   8 1988  270 16748.  23.2 28.8 2.834 2.    0.
   8 1988  271 16852.  23.3 28.9 2.838 2.    0.
   8 1988  272 16956.  23.3 28.9 2.841 2.    5.
   8 1988  273 17061.  23.3 29.0 2.845 2.   20.
   8 1988  274 17165.  23.4 29.0 2.849 2.    0.
   8 1988  275 17269.  23.4 29.1 2.853 2.    5.
   8 1988  276 17374.  23.4 29.2 2.857 2.    0.
   8 1988  277 17478.  23.5 29.2 2.860 2.    0.
   8 1988  278 17582.  23.5 29.3 2.864 2.   11.
   8 1988  279 17687.  23.5 29.3 2.868 2.   15.
   8 1988  280 17791.  23.6 29.4 2.872 2.    0.
   8 1988  281 17895.  23.6 29.4 2.876 2.    0.
   8 1988  282 18000.  23.6 29.5 2.879 2.    0.
   8 1988  283 18104.  23.7 29.5 2.883 2.    0.
   8 1988  284 18208.  23.7 29.6 2.887 2.    0.
   8 1988  285 18313.  23.7 29.6 2.891 2.    5.
   8 1988  286 18417.  23.8 29.7 2.895 2.    0.
   8 1988  287 18521.  23.8 29.7 2.898 2.    3.
   8 1988  288 18626.  23.8 29.8 2.902 2.   22.
   8 1988  289 18730.  23.9 29.9 2.906 2.    2.
   8 1988  290 18728.  23.9 29.8 2.905 2.    8.
   8 1988  291 18726.  23.9 29.8 2.903 2.    0.
   8 1988  292 18724.  24.0 29.8 2.902 2.    0.
   8 1988  293 18722.  24.0 29.8 2.901 2.    0.
   8 1988  294 18720.  24.0 29.8 2.899 2.    0.
   8 1988  295 18718.  24.1 29.8 2.898 2.    0.
   8 1988  296 18716.  24.1 29.7 2.897 2.    8.
   8 1988  297 18715.  24.1 29.7 2.895 2.    3.
   8 1988  298 18713.  24.2 29.7 2.894 2.    4.
   8 1988  299 18711.  24.2 29.7 2.892 2.   15.
   8 1988  300 18709.  24.2 29.7 2.891 2.    0.
   8 1988  301 18707.  24.3 29.7 2.890 2.    1.
   8 1988  302 18705.  24.3 29.7 2.888 2.    1.
   8 1988  303 18703.  24.3 29.6 2.887 2.   16.
   8 1988  304 18701.  24.3 29.6 2.886 2.   50.
   8 1988  305 18699.  24.4 29.6 2.884 2.    0.
   8 1988  306 18697.  24.4 29.6 2.883 2.    0.
   8 1988  307 18695.  24.4 29.6 2.882 2.   26.
   8 1988  308 18693.  24.5 29.6 2.880 2.    2.
   8 1988  309 18691.  24.5 29.5 2.879 2.    0.
   8 1988  310 18689.  24.5 29.5 2.878 2.   12.
   8 1988  311 18687.  24.6 29.5 2.876 2.    0.
   8 1988  312 18685.  24.6 29.5 2.875 2.    0.
   8 1988  313 18684.  24.6 29.5 2.873 1.    0.
   8 1988  314 18682.  24.7 29.5 2.872 1.    6.
   8 1988  315 18680.  24.7 29.5 2.871 1.    0.
   8 1988  316 18678.  24.7 29.4 2.869 1.    7.
   8 1988  317 18676.  24.7 29.4 2.868 1.    0.
   8 1988  318 18674.  24.8 29.4 2.867 1.    0.
   8 1988  319 18672.  24.8 29.4 2.865 1.   22.
   8 1988  320 18670.  24.8 29.4 2.864 1.   21.
   8 1988  321 18588.  24.8 29.5 2.868 1.    0.
   8 1988  322 18505.  24.8 29.5 2.872 1.    6.
   8 1988  323 18423.  24.8 29.6 2.877 1.    0.
   8 1988  324 18341.  24.8 29.7 2.881 1.   16.
   8 1988  325 18258.  24.8 29.8 2.885 1.    5.
   8 1988  326 18176.  24.7 29.8 2.889 1.    0.
   8 1988  327 18094.  24.7 29.9 2.893 1.   12.
   8 1988  328 18011.  24.7 30.0 2.898 1.    5.
   8 1988  329 17929.  24.7 30.1 2.902 1.    0.
   8 1988  330 17847.  24.7 30.1 2.906 1.    0.
   8 1988  331 17764.  24.6 30.2 2.910 1.    0.
   8 1988  332 17682.  24.6 30.3 2.914 1.    0.
   8 1988  333 17600.  24.6 30.4 2.919 1.    0.
   8 1988  334 17517.  24.6 30.4 2.923 1.    6.
   8 1988  335 17435.  24.6 30.5 2.927 2.    0.
   8 1988  336 17353.  24.6 30.6 2.931 2.    1.
   8 1988  337 17270.  24.5 30.7 2.935 2.    0.
   8 1988  338 17188.  24.5 30.8 2.940 2.    0.
   8 1988  339 17106.  24.5 30.8 2.944 2.    0.
   8 1988  340 17023.  24.5 30.9 2.948 2.    0.
   8 1988  341 16941.  24.5 31.0 2.952 2.    2.
   8 1988  342 16859.  24.4 31.1 2.956 2.    0.
   8 1988  343 16776.  24.4 31.1 2.961 2.    0.
   8 1988  344 16694.  24.4 31.2 2.965 2.    4.
   8 1988  345 16612.  24.4 31.3 2.969 2.    4.
   8 1988  346 16529.  24.4 31.4 2.973 2.    2.
   8 1988  347 16447.  24.4 31.4 2.977 2.    0.
   8 1988  348 16365.  24.3 31.5 2.982 2.    0.
   8 1988  349 16282.  24.3 31.6 2.986 2.    0.
   8 1988  350 16200.  24.3 31.7 2.990 2.    0.
   8 1988  351 16196.  24.3 31.7 2.986 2.    0.
   8 1988  352 16191.  24.3 31.6 2.982 2.    0.
   8 1988  353 16187.  24.2 31.6 2.978 2.    0.
   8 1988  354 16183.  24.2 31.6 2.975 2.    0.
   8 1988  355 16178.  24.2 31.6 2.971 2.    0.
   8 1988  356 16174.  24.2 31.6 2.967 2.    0.
   8 1988  357 16169.  24.2 31.6 2.963 2.    0.
   8 1988  358 16165.  24.1 31.6 2.959 2.    0.
   8 1988  359 16161.  24.1 31.5 2.955 2.    0.
   8 1988  360 16156.  24.1 31.5 2.952 2.    0.
   8 1988  361 16152.  24.1 31.5 2.948 2.    0.
   8 1988  362 16148.  24.1 31.5 2.944 2.    0.
   8 1988  363 16143.  24.0 31.5 2.940 2.    0.
   8 1988  364 16139.  24.0 31.5 2.936 2.    0.
   8 1988  365 16134.  24.0 31.4 2.932 2.    6.
   8 1988  366 16130.  24.0 31.4 2.928 2.    0.
