*---------------------------------------------------------*
*   Country: Cote d'Ivoire
*   Station: Abidjan
*      Year: 1993
* Longitude: 003 56 W
*  Latitude: 05 15 N
* Elevation: 6 m.
*  WMO-code: 65.5780
*  Comments: Automatically generated file from *.WOF file
*            with REGENSIM.FOR ver. aug 96
*
*  Columns:
*  ========
*  station number
*  year
*  day
*  irradiation (kJ m-2 d-1)
*  minimum temperature (degrees Celsius)
*  maximum temperature (degrees Celsius)
*  vapour pressure (kPa)
*  mean wind speed (m s-1)
*  precipitation (mm month-1)
*---------------------------------------------------------*
  -3.93   5.25     6. 0.00 0.00
   8 1993    1 16445.  23.9 31.1 2.933 2.    0.
   8 1993    2 16475.  23.9 31.1 2.927 2.    0.
   8 1993    3 16504.  23.9 31.1 2.922 2.    0.
   8 1993    4 16534.  23.9 31.1 2.917 2.    0.
   8 1993    5 16564.  23.9 31.0 2.912 2.    0.
   8 1993    6 16593.  23.9 31.0 2.907 2.    0.
   8 1993    7 16623.  23.9 31.0 2.902 2.    0.
   8 1993    8 16653.  23.9 31.0 2.897 2.    0.
   8 1993    9 16682.  23.9 31.0 2.892 2.    0.
   8 1993   10 16712.  23.9 31.0 2.887 2.    0.
   8 1993   11 16741.  23.9 30.9 2.882 2.    0.
   8 1993   12 16771.  23.9 30.9 2.877 2.    0.
   8 1993   13 16801.  23.9 30.9 2.872 2.    6.
   8 1993   14 16830.  23.9 30.9 2.867 2.    0.
   8 1993   15 16860.  23.9 30.9 2.862 2.    5.
   8 1993   16 16884.  23.9 30.9 2.874 2.    0.
   8 1993   17 16907.  24.0 31.0 2.886 2.    0.
   8 1993   18 16931.  24.1 31.0 2.898 2.    0.
   8 1993   19 16955.  24.1 31.0 2.911 2.    0.
   8 1993   20 16978.  24.2 31.1 2.923 2.    0.
   8 1993   21 17002.  24.3 31.1 2.935 2.    0.
   8 1993   22 17026.  24.3 31.2 2.947 2.    0.
   8 1993   23 17049.  24.4 31.2 2.959 2.    0.
   8 1993   24 17073.  24.4 31.2 2.971 2.    0.
   8 1993   25 17097.  24.5 31.3 2.983 2.    0.
   8 1993   26 17120.  24.6 31.3 2.995 2.    0.
   8 1993   27 17144.  24.6 31.4 3.008 2.    0.
   8 1993   28 17168.  24.7 31.4 3.020 2.    0.
   8 1993   29 17191.  24.8 31.4 3.032 2.    0.
   8 1993   30 17215.  24.8 31.5 3.044 2.    0.
   8 1993   31 17239.  24.9 31.5 3.056 2.    0.
   8 1993   32 17262.  24.9 31.5 3.068 2.    0.
   8 1993   33 17286.  25.0 31.6 3.080 2.    0.
   8 1993   34 17310.  25.1 31.6 3.093 2.    0.
   8 1993   35 17333.  25.1 31.7 3.105 2.    0.
   8 1993   36 17357.  25.2 31.7 3.117 2.    0.
   8 1993   37 17381.  25.3 31.8 3.129 2.    0.
   8 1993   38 17404.  25.3 31.8 3.141 2.    5.
   8 1993   39 17428.  25.4 31.8 3.153 2.    0.
   8 1993   40 17452.  25.5 31.9 3.165 2.    0.
   8 1993   41 17475.  25.5 31.9 3.177 2.    0.
   8 1993   42 17499.  25.6 32.0 3.190 2.    5.
   8 1993   43 17523.  25.6 32.0 3.202 2.    0.
   8 1993   44 17546.  25.7 32.0 3.214 2.    0.
   8 1993   45 17570.  25.8 32.1 3.226 2.    0.
   8 1993   46 17610.  25.7 32.0 3.220 2.    3.
   8 1993   47 17651.  25.6 32.0 3.215 2.    0.
   8 1993   48 17691.  25.6 31.9 3.209 2.    0.
   8 1993   49 17731.  25.5 31.9 3.204 2.    0.
   8 1993   50 17772.  25.4 31.8 3.198 2.    0.
   8 1993   51 17812.  25.4 31.8 3.193 2.    0.
   8 1993   52 17852.  25.3 31.7 3.187 2.    0.
   8 1993   53 17893.  25.2 31.7 3.182 2.    0.
   8 1993   54 17933.  25.2 31.6 3.176 2.    0.
   8 1993   55 17973.  25.1 31.6 3.170 2.    0.
   8 1993   56 18014.  25.0 31.6 3.165 2.    2.
   8 1993   57 18054.  25.0 31.5 3.159 2.    8.
   8 1993   58 18094.  24.9 31.5 3.154 2.    0.
   8 1993   59 18135.  24.8 31.4 3.148 2.    0.
   8 1993   60 18175.  24.8 31.4 3.143 2.    4.
   8 1993   61 18216.  24.7 31.3 3.137 2.    0.
   8 1993   62 18256.  24.6 31.3 3.132 2.    5.
   8 1993   63 18296.  24.6 31.2 3.126 2.    0.
   8 1993   64 18337.  24.5 31.2 3.121 2.   53.
   8 1993   65 18377.  24.4 31.1 3.115 2.    0.
   8 1993   66 18417.  24.4 31.1 3.109 2.    0.
   8 1993   67 18458.  24.3 31.0 3.104 2.    0.
   8 1993   68 18498.  24.2 31.0 3.098 2.    0.
   8 1993   69 18538.  24.2 30.9 3.093 2.    0.
   8 1993   70 18579.  24.1 30.9 3.087 2.   45.
   8 1993   71 18619.  24.0 30.8 3.082 2.   34.
   8 1993   72 18659.  24.0 30.8 3.076 2.    0.
   8 1993   73 18700.  23.9 30.7 3.071 2.   50.
   8 1993   74 18740.  23.8 30.7 3.065 2.    0.
   8 1993   75 18735.  23.9 30.7 3.068 2.    0.
   8 1993   76 18730.  23.9 30.8 3.070 2.   12.
   8 1993   77 18725.  23.9 30.8 3.073 2.    0.
   8 1993   78 18719.  24.0 30.8 3.076 2.    0.
   8 1993   79 18714.  24.0 30.8 3.079 2.    0.
   8 1993   80 18709.  24.1 30.9 3.081 2.    0.
   8 1993   81 18704.  24.1 30.9 3.084 2.    0.
   8 1993   82 18699.  24.1 30.9 3.087 2.    0.
   8 1993   83 18694.  24.2 30.9 3.089 2.    0.
   8 1993   84 18688.  24.2 31.0 3.092 2.    0.
   8 1993   85 18683.  24.3 31.0 3.095 2.    1.
   8 1993   86 18678.  24.3 31.0 3.098 2.   17.
   8 1993   87 18673.  24.3 31.0 3.100 2.    0.
   8 1993   88 18668.  24.4 31.1 3.103 2.   13.
   8 1993   89 18663.  24.4 31.1 3.106 2.    0.
   8 1993   90 18657.  24.4 31.1 3.108 2.    7.
   8 1993   91 18652.  24.5 31.1 3.111 2.   14.
   8 1993   92 18647.  24.5 31.2 3.114 2.   13.
   8 1993   93 18642.  24.6 31.2 3.116 2.   25.
   8 1993   94 18637.  24.6 31.2 3.119 2.    0.
   8 1993   95 18632.  24.6 31.2 3.122 2.   16.
   8 1993   96 18626.  24.7 31.3 3.125 2.    0.
   8 1993   97 18621.  24.7 31.3 3.127 2.    0.
   8 1993   98 18616.  24.8 31.3 3.130 2.    0.
   8 1993   99 18611.  24.8 31.3 3.133 2.    0.
   8 1993  100 18606.  24.8 31.4 3.135 2.    0.
   8 1993  101 18601.  24.9 31.4 3.138 2.    0.
   8 1993  102 18595.  24.9 31.4 3.141 2.    0.
   8 1993  103 18590.  25.0 31.4 3.144 2.    1.
   8 1993  104 18585.  25.0 31.5 3.146 2.   19.
   8 1993  105 18580.  25.0 31.5 3.149 2.   70.
   8 1993  106 18560.  25.1 31.5 3.150 2.    0.
   8 1993  107 18539.  25.1 31.5 3.151 2.    0.
   8 1993  108 18519.  25.1 31.5 3.153 2.    3.
   8 1993  109 18499.  25.1 31.5 3.154 2.    0.
   8 1993  110 18478.  25.2 31.5 3.155 2.    0.
   8 1993  111 18458.  25.2 31.5 3.156 2.    0.
   8 1993  112 18438.  25.2 31.6 3.158 2.    0.
   8 1993  113 18417.  25.3 31.6 3.159 2.    0.
   8 1993  114 18397.  25.3 31.6 3.160 2.    0.
   8 1993  115 18377.  25.3 31.6 3.161 2.    0.
   8 1993  116 18356.  25.3 31.6 3.163 2.    0.
   8 1993  117 18336.  25.4 31.6 3.164 2.    0.
   8 1993  118 18316.  25.4 31.6 3.165 2.   25.
   8 1993  119 18295.  25.4 31.6 3.166 2.    0.
   8 1993  120 18275.  25.5 31.6 3.168 2.    0.
   8 1993  121 18255.  25.5 31.6 3.169 2.    0.
   8 1993  122 18234.  25.5 31.6 3.170 2.    0.
   8 1993  123 18214.  25.5 31.6 3.171 2.    1.
   8 1993  124 18194.  25.6 31.6 3.172 2.    0.
   8 1993  125 18173.  25.6 31.7 3.174 2.    0.
   8 1993  126 18153.  25.6 31.7 3.175 2.   12.
   8 1993  127 18133.  25.6 31.7 3.176 2.    1.
   8 1993  128 18112.  25.7 31.7 3.177 2.    8.
   8 1993  129 18092.  25.7 31.7 3.179 2.   27.
   8 1993  130 18072.  25.7 31.7 3.180 2.    0.
   8 1993  131 18051.  25.8 31.7 3.181 2.    0.
   8 1993  132 18031.  25.8 31.7 3.182 2.    0.
   8 1993  133 18011.  25.8 31.7 3.184 2.    4.
   8 1993  134 17990.  25.8 31.7 3.185 2.   12.
   8 1993  135 17970.  25.9 31.7 3.186 2.   32.
   8 1993  136 17798.  25.8 31.6 3.180 2.    0.
   8 1993  137 17626.  25.7 31.5 3.175 2.   60.
   8 1993  138 17454.  25.7 31.4 3.169 2.    4.
   8 1993  139 17282.  25.6 31.4 3.163 2.   18.
   8 1993  140 17110.  25.6 31.3 3.157 2.   20.
   8 1993  141 16938.  25.5 31.2 3.152 2.    0.
   8 1993  142 16766.  25.4 31.1 3.146 2.    0.
   8 1993  143 16595.  25.4 31.0 3.140 2.    0.
   8 1993  144 16423.  25.3 30.9 3.134 2.    0.
   8 1993  145 16251.  25.3 30.8 3.129 2.    2.
   8 1993  146 16079.  25.2 30.7 3.123 2.    6.
   8 1993  147 15907.  25.1 30.6 3.117 2.    4.
   8 1993  148 15735.  25.1 30.5 3.111 2.    4.
   8 1993  149 15563.  25.0 30.4 3.106 2.    2.
   8 1993  150 15391.  25.0 30.3 3.100 2.    3.
   8 1993  151 15219.  24.9 30.2 3.094 3.    0.
   8 1993  152 15047.  24.8 30.1 3.088 3.    0.
   8 1993  153 14875.  24.8 30.0 3.083 3.   22.
   8 1993  154 14703.  24.7 29.9 3.077 3.    0.
   8 1993  155 14531.  24.7 29.8 3.071 3.    6.
   8 1993  156 14359.  24.6 29.7 3.065 3.    0.
   8 1993  157 14187.  24.5 29.7 3.060 3.    5.
   8 1993  158 14015.  24.5 29.6 3.054 3.   63.
   8 1993  159 13844.  24.4 29.5 3.048 3.   13.
   8 1993  160 13672.  24.4 29.4 3.042 3.    5.
   8 1993  161 13500.  24.3 29.3 3.037 3.   66.
   8 1993  162 13328.  24.2 29.2 3.031 3.   35.
   8 1993  163 13156.  24.2 29.1 3.025 3.   19.
   8 1993  164 12984.  24.1 29.0 3.019 3.    0.
   8 1993  165 12812.  24.1 28.9 3.014 3.    0.
   8 1993  166 12640.  24.0 28.8 3.008 3.  133.
   8 1993  167 12700.  24.0 28.8 3.001 3.    2.
   8 1993  168 12759.  24.0 28.7 2.994 3.    0.
   8 1993  169 12819.  24.0 28.7 2.987 3.    0.
   8 1993  170 12879.  24.0 28.7 2.980 3.    0.
   8 1993  171 12938.  23.9 28.6 2.973 3.   49.
   8 1993  172 12998.  23.9 28.6 2.966 3.   22.
   8 1993  173 13058.  23.9 28.6 2.959 3.    0.
   8 1993  174 13117.  23.9 28.5 2.952 2.    6.
   8 1993  175 13177.  23.9 28.5 2.945 2.   37.
   8 1993  176 13237.  23.9 28.5 2.938 2.    9.
   8 1993  177 13296.  23.9 28.4 2.931 2.    0.
   8 1993  178 13356.  23.9 28.4 2.924 2.    0.
   8 1993  179 13416.  23.9 28.4 2.917 2.    0.
   8 1993  180 13475.  23.8 28.3 2.910 2.    0.
   8 1993  181 13535.  23.8 28.3 2.903 2.    2.
   8 1993  182 13595.  23.8 28.3 2.896 2.    1.
   8 1993  183 13654.  23.8 28.3 2.889 2.    0.
   8 1993  184 13714.  23.8 28.2 2.882 2.    0.
   8 1993  185 13774.  23.8 28.2 2.875 2.    0.
   8 1993  186 13833.  23.8 28.2 2.868 2.    0.
   8 1993  187 13893.  23.8 28.1 2.861 2.   18.
   8 1993  188 13953.  23.8 28.1 2.854 2.    0.
   8 1993  189 14012.  23.7 28.1 2.847 2.    3.
   8 1993  190 14072.  23.7 28.0 2.840 2.    0.
   8 1993  191 14132.  23.7 28.0 2.833 2.    0.
   8 1993  192 14191.  23.7 28.0 2.826 2.    5.
   8 1993  193 14251.  23.7 27.9 2.819 2.    4.
   8 1993  194 14311.  23.7 27.9 2.812 2.    6.
   8 1993  195 14370.  23.7 27.9 2.805 2.    0.
   8 1993  196 14430.  23.7 27.8 2.798 2.    0.
   8 1993  197 14361.  23.6 27.8 2.794 2.    0.
   8 1993  198 14292.  23.6 27.8 2.790 2.    0.
   8 1993  199 14223.  23.5 27.7 2.786 2.    0.
   8 1993  200 14154.  23.4 27.7 2.783 2.    0.
   8 1993  201 14085.  23.4 27.6 2.779 2.    2.
   8 1993  202 14016.  23.3 27.6 2.775 2.    3.
   8 1993  203 13947.  23.3 27.6 2.771 2.    0.
   8 1993  204 13878.  23.2 27.5 2.767 2.    0.
   8 1993  205 13809.  23.1 27.5 2.763 2.    0.
   8 1993  206 13740.  23.1 27.5 2.759 2.    0.
   8 1993  207 13671.  23.0 27.4 2.755 2.    0.
   8 1993  208 13602.  23.0 27.4 2.752 2.    0.
   8 1993  209 13533.  22.9 27.4 2.748 2.    0.
   8 1993  210 13464.  22.8 27.3 2.744 2.    2.
   8 1993  211 13395.  22.8 27.3 2.740 2.    0.
   8 1993  212 13325.  22.7 27.2 2.736 2.    0.
   8 1993  213 13256.  22.7 27.2 2.732 2.    4.
   8 1993  214 13187.  22.6 27.2 2.728 2.    0.
   8 1993  215 13118.  22.5 27.1 2.724 2.    0.
   8 1993  216 13049.  22.5 27.1 2.721 2.    3.
   8 1993  217 12980.  22.4 27.1 2.717 2.    0.
   8 1993  218 12911.  22.4 27.0 2.713 2.    0.
   8 1993  219 12842.  22.3 27.0 2.709 2.    2.
   8 1993  220 12773.  22.2 27.0 2.705 2.    1.
   8 1993  221 12704.  22.2 26.9 2.701 2.    0.
   8 1993  222 12635.  22.1 26.9 2.697 2.    0.
   8 1993  223 12566.  22.1 26.8 2.693 2.    0.
   8 1993  224 12497.  22.0 26.8 2.690 2.    0.
   8 1993  225 12428.  21.9 26.8 2.686 2.    1.
   8 1993  226 12359.  21.9 26.7 2.682 2.    0.
   8 1993  227 12290.  21.8 26.7 2.678 2.    0.
   8 1993  228 12379.  21.9 26.8 2.678 2.    0.
   8 1993  229 12467.  21.9 26.9 2.678 2.    0.
   8 1993  230 12556.  22.0 26.9 2.679 2.    0.
   8 1993  231 12645.  22.1 27.0 2.679 2.    0.
   8 1993  232 12734.  22.1 27.1 2.679 2.    0.
   8 1993  233 12822.  22.2 27.2 2.679 2.    0.
   8 1993  234 12911.  22.2 27.2 2.680 2.    2.
   8 1993  235 13000.  22.3 27.3 2.680 2.    0.
   8 1993  236 13088.  22.3 27.4 2.680 2.    3.
   8 1993  237 13177.  22.4 27.5 2.680 2.    2.
   8 1993  238 13266.  22.5 27.6 2.680 2.    0.
   8 1993  239 13355.  22.5 27.6 2.681 2.    0.
   8 1993  240 13443.  22.6 27.7 2.681 2.    1.
   8 1993  241 13532.  22.6 27.8 2.681 2.    1.
   8 1993  242 13621.  22.7 27.9 2.681 2.    0.
   8 1993  243 13709.  22.7 27.9 2.682 2.    0.
   8 1993  244 13798.  22.8 28.0 2.682 2.    0.
   8 1993  245 13887.  22.9 28.1 2.682 2.    1.
   8 1993  246 13975.  22.9 28.2 2.682 2.    0.
   8 1993  247 14064.  23.0 28.2 2.683 2.    3.
   8 1993  248 14153.  23.0 28.3 2.683 2.    0.
   8 1993  249 14242.  23.1 28.4 2.683 2.    4.
   8 1993  250 14330.  23.1 28.5 2.683 2.    0.
   8 1993  251 14419.  23.2 28.6 2.683 2.    0.
   8 1993  252 14508.  23.3 28.6 2.684 2.    0.
   8 1993  253 14596.  23.3 28.7 2.684 2.    0.
   8 1993  254 14685.  23.4 28.8 2.684 2.    1.
   8 1993  255 14774.  23.4 28.9 2.684 2.    0.
   8 1993  256 14863.  23.5 28.9 2.685 2.    0.
   8 1993  257 14951.  23.5 29.0 2.685 2.    0.
   8 1993  258 15040.  23.6 29.1 2.685 2.    0.
   8 1993  259 15148.  23.6 29.1 2.690 2.    0.
   8 1993  260 15255.  23.6 29.2 2.694 2.    4.
   8 1993  261 15363.  23.7 29.2 2.699 2.    0.
   8 1993  262 15471.  23.7 29.3 2.703 2.    2.
   8 1993  263 15578.  23.7 29.3 2.708 2.    0.
   8 1993  264 15686.  23.7 29.4 2.712 2.    0.
   8 1993  265 15794.  23.7 29.4 2.717 2.    0.
   8 1993  266 15901.  23.8 29.5 2.721 2.    6.
   8 1993  267 16009.  23.8 29.5 2.726 2.    0.
   8 1993  268 16117.  23.8 29.6 2.730 2.    0.
   8 1993  269 16224.  23.8 29.6 2.735 2.    4.
   8 1993  270 16332.  23.9 29.7 2.739 2.   20.
   8 1993  271 16440.  23.9 29.7 2.744 2.    1.
   8 1993  272 16547.  23.9 29.8 2.748 2.    2.
   8 1993  273 16655.  23.9 29.8 2.753 2.    0.
   8 1993  274 16763.  23.9 29.9 2.757 2.    0.
   8 1993  275 16870.  24.0 29.9 2.762 2.    0.
   8 1993  276 16978.  24.0 30.0 2.766 2.    0.
   8 1993  277 17086.  24.0 30.0 2.770 2.    0.
   8 1993  278 17193.  24.0 30.1 2.775 2.    0.
   8 1993  279 17301.  24.0 30.1 2.780 2.    0.
   8 1993  280 17409.  24.1 30.2 2.784 2.   43.
   8 1993  281 17516.  24.1 30.2 2.789 2.    0.
   8 1993  282 17624.  24.1 30.3 2.793 2.   30.
   8 1993  283 17732.  24.1 30.3 2.798 2.    0.
   8 1993  284 17839.  24.1 30.4 2.802 2.   13.
   8 1993  285 17947.  24.2 30.4 2.807 2.    0.
   8 1993  286 18055.  24.2 30.5 2.811 2.    0.
   8 1993  287 18162.  24.2 30.5 2.816 2.   18.
   8 1993  288 18270.  24.2 30.6 2.820 2.    1.
   8 1993  289 18259.  24.3 30.6 2.830 2.   25.
   8 1993  290 18248.  24.3 30.6 2.840 2.    6.
   8 1993  291 18237.  24.3 30.7 2.850 2.    0.
   8 1993  292 18226.  24.3 30.7 2.860 2.    2.
   8 1993  293 18215.  24.3 30.7 2.870 2.    0.
   8 1993  294 18204.  24.4 30.7 2.880 2.    1.
   8 1993  295 18193.  24.4 30.8 2.890 2.    6.
   8 1993  296 18182.  24.4 30.8 2.900 2.    1.
   8 1993  297 18171.  24.4 30.8 2.910 2.   10.
   8 1993  298 18160.  24.5 30.8 2.920 2.    0.
   8 1993  299 18149.  24.5 30.9 2.930 2.    0.
   8 1993  300 18138.  24.5 30.9 2.940 2.    0.
   8 1993  301 18127.  24.5 30.9 2.950 2.    2.
   8 1993  302 18116.  24.5 30.9 2.960 2.    6.
   8 1993  303 18105.  24.6 31.0 2.970 2.    0.
   8 1993  304 18095.  24.6 31.0 2.980 2.    0.
   8 1993  305 18084.  24.6 31.0 2.990 2.    0.
   8 1993  306 18073.  24.6 31.1 3.000 2.    4.
   8 1993  307 18062.  24.7 31.1 3.010 2.   11.
   8 1993  308 18051.  24.7 31.1 3.020 2.    4.
   8 1993  309 18040.  24.7 31.1 3.030 2.    0.
   8 1993  310 18029.  24.7 31.2 3.040 2.    0.
   8 1993  311 18018.  24.7 31.2 3.050 2.    1.
   8 1993  312 18007.  24.8 31.2 3.060 2.    0.
   8 1993  313 17996.  24.8 31.2 3.070 2.    0.
   8 1993  314 17985.  24.8 31.3 3.080 2.    0.
   8 1993  315 17974.  24.8 31.3 3.090 2.    0.
   8 1993  316 17963.  24.9 31.3 3.100 2.    0.
   8 1993  317 17952.  24.9 31.3 3.110 2.    0.
   8 1993  318 17941.  24.9 31.4 3.120 2.   19.
   8 1993  319 17930.  24.9 31.4 3.130 2.   22.
   8 1993  320 17867.  24.9 31.4 3.126 2.    9.
   8 1993  321 17803.  24.9 31.4 3.122 2.    1.
   8 1993  322 17740.  24.8 31.4 3.117 2.   34.
   8 1993  323 17677.  24.8 31.4 3.113 2.   19.
   8 1993  324 17613.  24.8 31.4 3.109 2.    1.
   8 1993  325 17550.  24.7 31.4 3.105 2.    1.
   8 1993  326 17487.  24.7 31.4 3.100 2.    2.
   8 1993  327 17423.  24.7 31.4 3.096 2.    0.
   8 1993  328 17360.  24.6 31.4 3.092 2.    0.
   8 1993  329 17297.  24.6 31.4 3.088 2.   16.
   8 1993  330 17233.  24.6 31.4 3.083 2.    0.
   8 1993  331 17170.  24.5 31.4 3.079 2.    7.
   8 1993  332 17107.  24.5 31.4 3.075 2.    1.
   8 1993  333 17043.  24.5 31.4 3.071 2.    0.
   8 1993  334 16980.  24.5 31.4 3.066 2.    0.
   8 1993  335 16917.  24.4 31.4 3.062 2.    0.
   8 1993  336 16853.  24.4 31.4 3.058 2.    7.
   8 1993  337 16790.  24.4 31.4 3.054 2.    2.
   8 1993  338 16727.  24.3 31.4 3.050 2.   26.
   8 1993  339 16663.  24.3 31.4 3.045 2.    0.
   8 1993  340 16600.  24.3 31.4 3.041 2.    0.
   8 1993  341 16537.  24.2 31.3 3.037 2.    0.
   8 1993  342 16473.  24.2 31.3 3.033 2.    0.
   8 1993  343 16410.  24.2 31.3 3.028 2.    0.
   8 1993  344 16347.  24.1 31.3 3.024 2.    0.
   8 1993  345 16283.  24.1 31.3 3.020 2.    0.
   8 1993  346 16220.  24.1 31.3 3.016 2.    0.
   8 1993  347 16157.  24.0 31.3 3.011 2.    0.
   8 1993  348 16093.  24.0 31.3 3.007 2.    0.
   8 1993  349 16030.  24.0 31.3 3.003 2.   11.
   8 1993  350 16056.  24.0 31.3 2.999 2.    0.
   8 1993  351 16082.  24.0 31.3 2.994 2.    0.
   8 1993  352 16108.  24.0 31.3 2.990 2.    0.
   8 1993  353 16134.  24.0 31.3 2.985 2.    3.
   8 1993  354 16160.  24.0 31.3 2.981 2.    0.
   8 1993  355 16186.  24.0 31.2 2.977 2.    0.
   8 1993  356 16212.  23.9 31.2 2.972 2.    0.
   8 1993  357 16237.  23.9 31.2 2.968 2.    7.
   8 1993  358 16263.  23.9 31.2 2.963 2.    4.
   8 1993  359 16289.  23.9 31.2 2.959 2.    0.
   8 1993  360 16315.  23.9 31.2 2.955 2.    0.
   8 1993  361 16341.  23.9 31.2 2.950 2.    7.
   8 1993  362 16367.  23.9 31.1 2.946 2.    0.
   8 1993  363 16393.  23.9 31.1 2.941 2.    0.
   8 1993  364 16419.  23.9 31.1 2.937 2.    0.
   8 1993  365 16445.  23.9 31.1 2.933 2.    2.
