*---------------------------------------------------------*
*   Country: Cote d'Ivoire
*   Station: Abidjan
*      Year: 1991
* Longitude: 003 56 W
*  Latitude: 05 15 N
* Elevation: 6 m.
*  WMO-code: 65.5780
*  Comments: Automatically generated file from *.WOF file
*            with REGENSIM.FOR ver. aug 96
*
*  Columns:
*  ========
*  station number
*  year
*  day
*  irradiation (kJ m-2 d-1)
*  minimum temperature (degrees Celsius)
*  maximum temperature (degrees Celsius)
*  vapour pressure (kPa)
*  mean wind speed (m s-1)
*  precipitation (mm month-1)
*---------------------------------------------------------*
  -3.93   5.25     6. 0.00 0.00
   8 1991    1 16735.  25.0 31.7 3.045 2.    0.
   8 1991    2 16775.  25.0 31.7 3.042 2.    0.
   8 1991    3 16816.  25.0 31.7 3.040 2.    0.
   8 1991    4 16856.  25.0 31.7 3.038 2.    0.
   8 1991    5 16896.  25.0 31.6 3.036 2.    0.
   8 1991    6 16937.  25.0 31.6 3.034 2.    0.
   8 1991    7 16977.  25.0 31.6 3.031 2.    0.
   8 1991    8 17018.  25.0 31.6 3.029 2.    0.
   8 1991    9 17058.  25.0 31.5 3.027 2.    0.
   8 1991   10 17098.  25.0 31.5 3.025 2.    0.
   8 1991   11 17139.  25.0 31.5 3.023 2.    0.
   8 1991   12 17179.  25.0 31.5 3.021 2.    0.
   8 1991   13 17219.  25.0 31.4 3.018 2.    0.
   8 1991   14 17260.  25.0 31.4 3.016 2.    0.
   8 1991   15 17300.  25.0 31.4 3.014 2.    0.
   8 1991   16 17291.  25.0 31.4 3.022 2.    0.
   8 1991   17 17281.  25.0 31.4 3.031 2.    8.
   8 1991   18 17272.  25.0 31.4 3.039 2.    0.
   8 1991   19 17263.  25.0 31.4 3.047 2.    0.
   8 1991   20 17253.  25.1 31.3 3.056 2.    0.
   8 1991   21 17244.  25.1 31.3 3.064 2.    0.
   8 1991   22 17235.  25.1 31.3 3.072 2.    0.
   8 1991   23 17225.  25.1 31.3 3.080 2.    0.
   8 1991   24 17216.  25.1 31.3 3.089 2.   17.
   8 1991   25 17207.  25.2 31.3 3.097 2.    0.
   8 1991   26 17197.  25.2 31.3 3.105 2.    0.
   8 1991   27 17188.  25.2 31.3 3.114 2.    9.
   8 1991   28 17179.  25.2 31.3 3.122 2.    0.
   8 1991   29 17169.  25.3 31.2 3.130 2.   12.
   8 1991   30 17160.  25.3 31.2 3.138 2.    0.
   8 1991   31 17151.  25.3 31.2 3.147 2.    0.
   8 1991   32 17141.  25.3 31.2 3.155 2.    1.
   8 1991   33 17132.  25.3 31.2 3.163 2.    8.
   8 1991   34 17123.  25.4 31.2 3.172 2.    0.
   8 1991   35 17113.  25.4 31.2 3.180 2.    0.
   8 1991   36 17104.  25.4 31.2 3.188 2.    0.
   8 1991   37 17095.  25.4 31.2 3.197 2.    0.
   8 1991   38 17085.  25.4 31.1 3.205 2.    0.
   8 1991   39 17076.  25.4 31.1 3.213 2.    0.
   8 1991   40 17067.  25.5 31.1 3.222 2.    0.
   8 1991   41 17057.  25.5 31.1 3.230 2.    7.
   8 1991   42 17048.  25.5 31.1 3.238 2.    0.
   8 1991   43 17039.  25.5 31.1 3.246 2.    0.
   8 1991   44 17029.  25.5 31.1 3.255 2.    0.
   8 1991   45 17020.  25.6 31.1 3.263 2.    8.
   8 1991   46 17099.  25.6 31.1 3.263 2.    2.
   8 1991   47 17177.  25.6 31.1 3.263 2.    0.
   8 1991   48 17256.  25.6 31.2 3.263 2.    0.
   8 1991   49 17334.  25.5 31.2 3.263 2.    0.
   8 1991   50 17413.  25.5 31.2 3.262 2.    0.
   8 1991   51 17492.  25.5 31.3 3.262 2.    0.
   8 1991   52 17570.  25.5 31.3 3.262 2.    0.
   8 1991   53 17649.  25.5 31.3 3.262 2.    0.
   8 1991   54 17728.  25.5 31.4 3.262 2.    0.
   8 1991   55 17806.  25.5 31.4 3.262 2.    0.
   8 1991   56 17885.  25.5 31.4 3.262 2.    0.
   8 1991   57 17963.  25.5 31.5 3.262 2.    0.
   8 1991   58 18042.  25.5 31.5 3.262 2.   10.
   8 1991   59 18121.  25.5 31.5 3.262 2.    2.
   8 1991   60 18199.  25.5 31.6 3.261 2.    0.
   8 1991   61 18278.  25.5 31.6 3.261 2.    0.
   8 1991   62 18357.  25.5 31.6 3.261 2.   10.
   8 1991   63 18435.  25.5 31.6 3.261 2.    0.
   8 1991   64 18514.  25.5 31.7 3.261 2.    0.
   8 1991   65 18592.  25.5 31.7 3.261 2.    0.
   8 1991   66 18671.  25.4 31.7 3.261 2.    0.
   8 1991   67 18750.  25.4 31.8 3.261 2.   19.
   8 1991   68 18828.  25.4 31.8 3.261 2.    2.
   8 1991   69 18907.  25.4 31.8 3.261 2.    0.
   8 1991   70 18986.  25.4 31.9 3.260 2.    0.
   8 1991   71 19064.  25.4 31.9 3.260 2.    0.
   8 1991   72 19143.  25.4 31.9 3.260 2.   16.
   8 1991   73 19221.  25.4 32.0 3.260 2.    0.
   8 1991   74 19300.  25.4 32.0 3.260 2.    0.
   8 1991   75 19299.  25.4 31.9 3.257 2.    0.
   8 1991   76 19298.  25.3 31.9 3.253 2.    0.
   8 1991   77 19297.  25.3 31.8 3.250 2.    0.
   8 1991   78 19296.  25.3 31.8 3.247 2.    0.
   8 1991   79 19295.  25.2 31.7 3.243 2.    0.
   8 1991   80 19294.  25.2 31.7 3.240 2.   14.
   8 1991   81 19293.  25.2 31.6 3.237 2.    0.
   8 1991   82 19292.  25.1 31.6 3.233 2.    0.
   8 1991   83 19291.  25.1 31.5 3.230 2.    0.
   8 1991   84 19290.  25.0 31.5 3.226 2.    0.
   8 1991   85 19289.  25.0 31.4 3.223 2.    0.
   8 1991   86 19288.  25.0 31.4 3.220 2.    0.
   8 1991   87 19287.  24.9 31.3 3.216 2.    0.
   8 1991   88 19286.  24.9 31.3 3.213 2.    2.
   8 1991   89 19285.  24.9 31.2 3.210 2.    0.
   8 1991   90 19285.  24.8 31.2 3.206 2.    0.
   8 1991   91 19284.  24.8 31.1 3.203 2.    0.
   8 1991   92 19283.  24.8 31.1 3.200 2.   39.
   8 1991   93 19282.  24.7 31.0 3.196 2.    1.
   8 1991   94 19281.  24.7 31.0 3.193 2.    0.
   8 1991   95 19280.  24.7 30.9 3.190 2.    0.
   8 1991   96 19279.  24.6 30.9 3.186 2.   62.
   8 1991   97 19278.  24.6 30.8 3.183 2.    2.
   8 1991   98 19277.  24.5 30.8 3.179 2.    0.
   8 1991   99 19276.  24.5 30.7 3.176 2.    0.
   8 1991  100 19275.  24.5 30.7 3.173 2.    0.
   8 1991  101 19274.  24.4 30.6 3.169 2.   30.
   8 1991  102 19273.  24.4 30.6 3.166 2.    0.
   8 1991  103 19272.  24.4 30.5 3.163 2.    8.
   8 1991  104 19271.  24.3 30.5 3.159 2.    0.
   8 1991  105 19270.  24.3 30.4 3.156 2.   36.
   8 1991  106 19163.  24.3 30.4 3.158 2.    0.
   8 1991  107 19055.  24.4 30.4 3.161 2.    0.
   8 1991  108 18948.  24.4 30.4 3.163 2.    0.
   8 1991  109 18841.  24.4 30.4 3.166 2.    0.
   8 1991  110 18733.  24.4 30.4 3.168 2.   27.
   8 1991  111 18626.  24.5 30.4 3.170 2.    0.
   8 1991  112 18519.  24.5 30.4 3.173 2.   29.
   8 1991  113 18411.  24.5 30.4 3.175 2.    0.
   8 1991  114 18304.  24.5 30.4 3.178 2.    0.
   8 1991  115 18197.  24.6 30.4 3.180 2.    0.
   8 1991  116 18089.  24.6 30.4 3.182 2.    0.
   8 1991  117 17982.  24.6 30.4 3.185 2.   20.
   8 1991  118 17875.  24.7 30.4 3.187 2.    0.
   8 1991  119 17767.  24.7 30.4 3.190 2.    2.
   8 1991  120 17660.  24.7 30.4 3.192 2.    0.
   8 1991  121 17553.  24.7 30.4 3.194 2.    7.
   8 1991  122 17445.  24.8 30.4 3.197 2.    0.
   8 1991  123 17338.  24.8 30.4 3.199 2.    0.
   8 1991  124 17231.  24.8 30.3 3.202 2.    0.
   8 1991  125 17123.  24.9 30.3 3.204 2.    0.
   8 1991  126 17016.  24.9 30.3 3.206 2.    7.
   8 1991  127 16909.  24.9 30.3 3.209 2.    0.
   8 1991  128 16801.  24.9 30.3 3.211 2.    0.
   8 1991  129 16694.  25.0 30.3 3.214 2.   35.
   8 1991  130 16587.  25.0 30.3 3.216 2.   80.
   8 1991  131 16479.  25.0 30.3 3.218 2.    0.
   8 1991  132 16372.  25.0 30.3 3.221 2.    0.
   8 1991  133 16265.  25.1 30.3 3.223 2.   36.
   8 1991  134 16157.  25.1 30.3 3.226 2.   37.
   8 1991  135 16050.  25.1 30.3 3.228 2.   11.
   8 1991  136 16011.  25.1 30.3 3.225 2.   16.
   8 1991  137 15971.  25.1 30.3 3.223 2.   11.
   8 1991  138 15932.  25.1 30.3 3.220 2.    0.
   8 1991  139 15893.  25.1 30.3 3.217 2.    5.
   8 1991  140 15853.  25.1 30.3 3.214 2.    0.
   8 1991  141 15814.  25.1 30.3 3.212 2.    0.
   8 1991  142 15775.  25.1 30.3 3.209 2.    0.
   8 1991  143 15735.  25.1 30.3 3.206 2.   25.
   8 1991  144 15696.  25.1 30.3 3.203 2.    0.
   8 1991  145 15656.  25.1 30.2 3.201 2.    0.
   8 1991  146 15617.  25.1 30.2 3.198 2.    0.
   8 1991  147 15578.  25.1 30.2 3.195 2.    0.
   8 1991  148 15538.  25.1 30.2 3.192 2.   27.
   8 1991  149 15499.  25.1 30.2 3.190 2.    0.
   8 1991  150 15460.  25.1 30.2 3.187 2.    4.
   8 1991  151 15420.  25.1 30.2 3.184 2.    0.
   8 1991  152 15381.  25.1 30.2 3.181 2.    0.
   8 1991  153 15342.  25.1 30.2 3.179 2.    5.
   8 1991  154 15302.  25.1 30.2 3.176 2.    0.
   8 1991  155 15263.  25.1 30.2 3.173 2.   21.
   8 1991  156 15224.  25.1 30.2 3.170 2.   34.
   8 1991  157 15184.  25.1 30.2 3.168 2.    0.
   8 1991  158 15145.  25.1 30.2 3.165 2.    0.
   8 1991  159 15105.  25.1 30.2 3.162 2.    1.
   8 1991  160 15066.  25.1 30.2 3.159 2.   27.
   8 1991  161 15027.  25.1 30.2 3.157 2.    2.
   8 1991  162 14987.  25.1 30.2 3.154 2.    0.
   8 1991  163 14948.  25.1 30.1 3.151 2.    0.
   8 1991  164 14909.  25.1 30.1 3.148 2.    1.
   8 1991  165 14869.  25.1 30.1 3.146 2.    6.
   8 1991  166 14830.  25.1 30.1 3.143 2.   80.
   8 1991  167 14816.  25.1 30.1 3.135 2.    5.
   8 1991  168 14802.  25.1 30.0 3.127 2.   24.
   8 1991  169 14788.  25.0 30.0 3.119 2.    1.
   8 1991  170 14774.  25.0 30.0 3.111 2.    0.
   8 1991  171 14760.  25.0 29.9 3.103 2.   87.
   8 1991  172 14746.  24.9 29.9 3.095 2.    0.
   8 1991  173 14732.  24.9 29.8 3.087 2.    0.
   8 1991  174 14718.  24.9 29.8 3.079 2.    0.
   8 1991  175 14704.  24.8 29.8 3.071 2.    1.
   8 1991  176 14690.  24.8 29.7 3.063 2.    0.
   8 1991  177 14676.  24.8 29.7 3.055 2.   10.
   8 1991  178 14662.  24.7 29.6 3.047 2.   19.
   8 1991  179 14648.  24.7 29.6 3.039 2.    0.
   8 1991  180 14634.  24.7 29.5 3.031 2.    0.
   8 1991  181 14620.  24.6 29.5 3.023 2.    4.
   8 1991  182 14606.  24.6 29.5 3.014 2.   16.
   8 1991  183 14592.  24.6 29.4 3.006 2.   27.
   8 1991  184 14578.  24.6 29.4 2.998 2.    0.
   8 1991  185 14564.  24.5 29.3 2.990 2.    0.
   8 1991  186 14550.  24.5 29.3 2.982 2.    0.
   8 1991  187 14536.  24.5 29.2 2.974 2.    0.
   8 1991  188 14522.  24.4 29.2 2.966 2.    0.
   8 1991  189 14508.  24.4 29.2 2.958 2.   21.
   8 1991  190 14494.  24.4 29.1 2.950 2.    8.
   8 1991  191 14480.  24.3 29.1 2.942 2.   12.
   8 1991  192 14466.  24.3 29.0 2.934 2.    0.
   8 1991  193 14452.  24.3 29.0 2.926 2.    0.
   8 1991  194 14438.  24.2 29.0 2.918 2.    0.
   8 1991  195 14424.  24.2 28.9 2.910 2.    0.
   8 1991  196 14410.  24.2 28.9 2.902 2.    1.
   8 1991  197 14342.  24.1 28.8 2.897 2.    0.
   8 1991  198 14274.  24.1 28.8 2.892 2.   14.
   8 1991  199 14206.  24.0 28.7 2.886 2.    0.
   8 1991  200 14138.  24.0 28.7 2.881 2.    0.
   8 1991  201 14070.  23.9 28.7 2.876 2.    0.
   8 1991  202 14002.  23.8 28.6 2.871 2.   13.
   8 1991  203 13934.  23.8 28.6 2.865 2.    0.
   8 1991  204 13865.  23.7 28.5 2.860 2.    0.
   8 1991  205 13797.  23.7 28.5 2.855 2.    1.
   8 1991  206 13729.  23.6 28.5 2.850 2.    3.
   8 1991  207 13661.  23.6 28.4 2.845 2.    0.
   8 1991  208 13593.  23.5 28.4 2.839 2.    0.
   8 1991  209 13525.  23.5 28.3 2.834 2.    0.
   8 1991  210 13457.  23.4 28.3 2.829 2.    0.
   8 1991  211 13389.  23.3 28.3 2.824 2.    0.
   8 1991  212 13321.  23.3 28.2 2.818 2.    0.
   8 1991  213 13253.  23.2 28.2 2.813 2.    0.
   8 1991  214 13185.  23.2 28.1 2.808 2.    3.
   8 1991  215 13117.  23.1 28.1 2.803 2.    4.
   8 1991  216 13049.  23.1 28.1 2.797 2.    1.
   8 1991  217 12981.  23.0 28.0 2.792 2.    0.
   8 1991  218 12913.  23.0 28.0 2.787 2.    0.
   8 1991  219 12845.  22.9 27.9 2.782 2.    3.
   8 1991  220 12776.  22.9 27.9 2.777 2.    0.
   8 1991  221 12708.  22.8 27.8 2.771 2.    0.
   8 1991  222 12640.  22.7 27.8 2.766 2.    1.
   8 1991  223 12572.  22.7 27.8 2.761 2.    0.
   8 1991  224 12504.  22.6 27.7 2.756 2.    0.
   8 1991  225 12436.  22.6 27.7 2.750 2.    3.
   8 1991  226 12368.  22.5 27.6 2.745 2.    2.
   8 1991  227 12300.  22.5 27.6 2.740 2.    0.
   8 1991  228 12412.  22.5 27.6 2.742 2.    0.
   8 1991  229 12525.  22.5 27.7 2.744 2.    0.
   8 1991  230 12637.  22.5 27.7 2.746 2.    2.
   8 1991  231 12749.  22.5 27.7 2.748 2.    1.
   8 1991  232 12861.  22.6 27.7 2.750 2.    0.
   8 1991  233 12974.  22.6 27.8 2.752 2.    1.
   8 1991  234 13086.  22.6 27.8 2.754 2.    1.
   8 1991  235 13198.  22.6 27.8 2.756 2.    0.
   8 1991  236 13310.  22.6 27.8 2.758 2.    0.
   8 1991  237 13423.  22.6 27.9 2.760 2.    0.
   8 1991  238 13535.  22.7 27.9 2.762 2.    3.
   8 1991  239 13647.  22.7 27.9 2.764 2.    0.
   8 1991  240 13759.  22.7 27.9 2.766 2.    0.
   8 1991  241 13872.  22.7 28.0 2.768 2.    0.
   8 1991  242 13984.  22.7 28.0 2.770 2.    0.
   8 1991  243 14096.  22.7 28.0 2.772 2.    2.
   8 1991  244 14208.  22.8 28.0 2.774 2.    0.
   8 1991  245 14321.  22.8 28.1 2.776 2.    1.
   8 1991  246 14433.  22.8 28.1 2.778 2.    1.
   8 1991  247 14545.  22.8 28.1 2.780 2.    1.
   8 1991  248 14657.  22.8 28.1 2.782 2.    0.
   8 1991  249 14770.  22.8 28.2 2.784 2.    1.
   8 1991  250 14882.  22.9 28.2 2.786 2.    1.
   8 1991  251 14994.  22.9 28.2 2.788 2.    1.
   8 1991  252 15106.  22.9 28.2 2.790 2.    0.
   8 1991  253 15219.  22.9 28.3 2.792 2.    0.
   8 1991  254 15331.  22.9 28.3 2.794 2.    1.
   8 1991  255 15443.  22.9 28.3 2.796 2.    0.
   8 1991  256 15555.  23.0 28.3 2.798 2.    0.
   8 1991  257 15668.  23.0 28.4 2.800 2.    0.
   8 1991  258 15780.  23.0 28.4 2.802 2.    1.
   8 1991  259 15796.  23.0 28.4 2.803 2.    1.
   8 1991  260 15812.  23.0 28.4 2.803 2.    1.
   8 1991  261 15828.  23.0 28.4 2.804 2.    0.
   8 1991  262 15844.  23.0 28.4 2.804 2.    1.
   8 1991  263 15860.  23.0 28.4 2.805 2.    1.
   8 1991  264 15876.  23.0 28.4 2.805 2.    0.
   8 1991  265 15892.  23.0 28.4 2.806 2.    0.
   8 1991  266 15908.  23.0 28.4 2.807 2.    0.
   8 1991  267 15924.  23.0 28.4 2.807 2.    0.
   8 1991  268 15940.  23.0 28.4 2.808 2.    0.
   8 1991  269 15956.  23.0 28.4 2.808 2.    1.
   8 1991  270 15972.  23.0 28.4 2.809 2.    0.
   8 1991  271 15988.  23.0 28.4 2.809 2.    1.
   8 1991  272 16004.  23.0 28.4 2.810 2.    0.
   8 1991  273 16020.  23.0 28.4 2.810 2.    0.
   8 1991  274 16036.  23.0 28.4 2.811 2.    0.
   8 1991  275 16052.  23.0 28.4 2.812 2.    0.
   8 1991  276 16068.  23.0 28.4 2.812 2.    0.
   8 1991  277 16084.  23.0 28.4 2.813 2.    0.
   8 1991  278 16100.  23.0 28.4 2.813 2.    3.
   8 1991  279 16116.  23.0 28.4 2.814 2.    0.
   8 1991  280 16132.  23.0 28.4 2.814 2.    0.
   8 1991  281 16148.  23.0 28.4 2.815 2.    2.
   8 1991  282 16164.  23.0 28.4 2.816 2.    0.
   8 1991  283 16180.  23.0 28.4 2.816 2.    1.
   8 1991  284 16196.  23.0 28.4 2.817 2.    0.
   8 1991  285 16212.  23.0 28.4 2.817 2.    0.
   8 1991  286 16228.  23.0 28.4 2.818 2.    0.
   8 1991  287 16244.  23.0 28.4 2.818 2.    0.
   8 1991  288 16260.  23.0 28.4 2.819 2.    0.
   8 1991  289 16293.  23.1 28.5 2.826 2.    0.
   8 1991  290 16325.  23.1 28.5 2.833 2.    0.
   8 1991  291 16358.  23.2 28.6 2.841 2.   15.
   8 1991  292 16390.  23.2 28.7 2.848 2.    0.
   8 1991  293 16423.  23.3 28.8 2.855 2.   28.
   8 1991  294 16455.  23.3 28.8 2.862 2.    5.
   8 1991  295 16488.  23.4 28.9 2.870 2.    8.
   8 1991  296 16521.  23.4 29.0 2.877 2.    0.
   8 1991  297 16553.  23.5 29.1 2.884 2.    0.
   8 1991  298 16586.  23.5 29.1 2.891 2.    3.
   8 1991  299 16618.  23.6 29.2 2.898 2.    0.
   8 1991  300 16651.  23.6 29.3 2.906 2.    0.
   8 1991  301 16684.  23.7 29.4 2.913 2.    2.
   8 1991  302 16716.  23.7 29.4 2.920 2.    5.
   8 1991  303 16749.  23.8 29.5 2.927 2.    0.
   8 1991  304 16781.  23.8 29.6 2.935 2.    7.
   8 1991  305 16814.  23.9 29.6 2.942 2.    0.
   8 1991  306 16846.  23.9 29.7 2.949 2.    0.
   8 1991  307 16879.  24.0 29.8 2.956 2.    5.
   8 1991  308 16912.  24.1 29.9 2.964 2.    0.
   8 1991  309 16944.  24.1 29.9 2.971 2.    0.
   8 1991  310 16977.  24.2 30.0 2.978 2.    0.
   8 1991  311 17009.  24.2 30.1 2.985 2.    0.
   8 1991  312 17042.  24.3 30.2 2.992 2.    5.
   8 1991  313 17075.  24.3 30.2 3.000 2.    0.
   8 1991  314 17107.  24.4 30.3 3.007 2.    0.
   8 1991  315 17140.  24.4 30.4 3.014 2.    0.
   8 1991  316 17172.  24.5 30.5 3.021 2.    1.
   8 1991  317 17205.  24.5 30.5 3.029 2.    0.
   8 1991  318 17237.  24.6 30.6 3.036 2.    0.
   8 1991  319 17270.  24.6 30.7 3.043 2.   25.
   8 1991  320 17233.  24.6 30.7 3.044 2.    0.
   8 1991  321 17197.  24.7 30.8 3.045 2.    4.
   8 1991  322 17160.  24.7 30.8 3.046 2.    0.
   8 1991  323 17123.  24.7 30.9 3.047 2.    0.
   8 1991  324 17087.  24.7 30.9 3.048 2.    5.
   8 1991  325 17050.  24.7 31.0 3.049 2.    0.
   8 1991  326 17013.  24.7 31.0 3.050 2.    0.
   8 1991  327 16977.  24.7 31.0 3.052 2.    9.
   8 1991  328 16940.  24.7 31.1 3.053 2.    4.
   8 1991  329 16903.  24.8 31.1 3.054 2.    0.
   8 1991  330 16867.  24.8 31.2 3.055 2.   55.
   8 1991  331 16830.  24.8 31.2 3.056 2.    0.
   8 1991  332 16793.  24.8 31.3 3.057 2.    0.
   8 1991  333 16757.  24.8 31.3 3.058 2.    0.
   8 1991  334 16720.  24.8 31.4 3.059 2.   17.
   8 1991  335 16683.  24.8 31.4 3.060 2.    0.
   8 1991  336 16647.  24.8 31.5 3.061 2.    0.
   8 1991  337 16610.  24.9 31.5 3.062 2.    0.
   8 1991  338 16573.  24.9 31.6 3.063 2.    1.
   8 1991  339 16537.  24.9 31.6 3.064 2.    0.
   8 1991  340 16500.  24.9 31.6 3.065 2.    0.
   8 1991  341 16463.  24.9 31.7 3.066 2.    0.
   8 1991  342 16427.  24.9 31.7 3.068 2.   13.
   8 1991  343 16390.  24.9 31.8 3.069 2.    0.
   8 1991  344 16353.  24.9 31.8 3.070 2.    0.
   8 1991  345 16317.  25.0 31.9 3.071 2.    0.
   8 1991  346 16280.  25.0 31.9 3.072 2.    0.
   8 1991  347 16243.  25.0 32.0 3.073 2.    0.
   8 1991  348 16207.  25.0 32.0 3.074 2.    0.
   8 1991  349 16170.  25.0 32.1 3.075 2.    0.
   8 1991  350 16205.  25.0 32.0 3.073 2.    0.
   8 1991  351 16241.  25.0 32.0 3.071 2.    0.
   8 1991  352 16276.  25.0 32.0 3.069 2.    0.
   8 1991  353 16311.  25.0 32.0 3.067 2.    0.
   8 1991  354 16347.  25.0 32.0 3.065 2.    0.
   8 1991  355 16382.  25.0 31.9 3.064 2.    0.
   8 1991  356 16417.  25.0 31.9 3.062 2.    0.
   8 1991  357 16453.  25.0 31.9 3.060 2.    0.
   8 1991  358 16488.  25.0 31.9 3.058 2.    0.
   8 1991  359 16523.  25.0 31.9 3.056 2.    0.
   8 1991  360 16558.  25.0 31.8 3.054 2.    0.
   8 1991  361 16594.  25.0 31.8 3.052 2.    0.
   8 1991  362 16629.  25.0 31.8 3.050 2.    0.
   8 1991  363 16664.  25.0 31.8 3.048 2.    0.
   8 1991  364 16700.  25.0 31.8 3.046 2.    0.
   8 1991  365 16735.  25.0 31.7 3.045 2.    0.
