*---------------------------------------------------------*
*   Country: Cote d'Ivoire
*   Station: Abidjan
*      Year: 1987
* Longitude: 003 56 W
*  Latitude: 05 15 N
* Elevation: 6 m.
*  WMO-code: 65.5780
*  Comments: Automatically generated file from *.WOF file
*            with REGENSIM.FOR ver. aug 96
*
*  Columns:
*  ========
*  station number
*  year
*  day
*  irradiation (kJ m-2 d-1)
*  minimum temperature (degrees Celsius)
*  maximum temperature (degrees Celsius)
*  vapour pressure (kPa)
*  mean wind speed (m s-1)
*  precipitation (mm month-1)
*---------------------------------------------------------*
  -3.93   5.25     6. 0.00 0.00
   8 1987    1 16720.  24.0 31.4 2.862 1.    0.
   8 1987    2 16752.  24.0 31.4 2.846 1.    0.
   8 1987    3 16784.  23.9 31.4 2.829 1.    0.
   8 1987    4 16816.  23.9 31.4 2.812 1.    0.
   8 1987    5 16849.  23.9 31.4 2.795 1.    0.
   8 1987    6 16881.  23.9 31.4 2.778 1.    0.
   8 1987    7 16913.  23.8 31.3 2.761 1.    0.
   8 1987    8 16945.  23.8 31.3 2.744 1.    0.
   8 1987    9 16977.  23.8 31.3 2.727 1.    0.
   8 1987   10 17009.  23.8 31.3 2.710 1.    0.
   8 1987   11 17041.  23.7 31.3 2.693 1.    0.
   8 1987   12 17074.  23.7 31.3 2.676 1.    0.
   8 1987   13 17106.  23.7 31.2 2.659 1.    0.
   8 1987   14 17138.  23.7 31.2 2.642 1.    0.
   8 1987   15 17170.  23.6 31.2 2.625 1.    0.
   8 1987   16 17195.  23.7 31.2 2.649 1.    0.
   8 1987   17 17219.  23.8 31.2 2.674 1.    0.
   8 1987   18 17244.  23.8 31.3 2.698 1.    0.
   8 1987   19 17269.  23.9 31.3 2.723 1.    0.
   8 1987   20 17293.  23.9 31.3 2.747 1.    0.
   8 1987   21 17318.  24.0 31.3 2.772 1.    0.
   8 1987   22 17343.  24.0 31.4 2.796 1.    0.
   8 1987   23 17367.  24.1 31.4 2.821 1.    0.
   8 1987   24 17392.  24.2 31.4 2.845 1.    0.
   8 1987   25 17417.  24.2 31.4 2.870 1.    0.
   8 1987   26 17441.  24.3 31.4 2.894 1.    0.
   8 1987   27 17466.  24.3 31.5 2.919 1.    0.
   8 1987   28 17491.  24.4 31.5 2.943 1.    0.
   8 1987   29 17515.  24.4 31.5 2.968 1.    0.
   8 1987   30 17540.  24.5 31.5 2.992 2.    0.
   8 1987   31 17565.  24.6 31.6 3.016 2.    0.
   8 1987   32 17589.  24.6 31.6 3.041 2.    0.
   8 1987   33 17614.  24.7 31.6 3.065 2.    0.
   8 1987   34 17639.  24.7 31.6 3.090 2.    0.
   8 1987   35 17663.  24.8 31.7 3.114 2.    0.
   8 1987   36 17688.  24.8 31.7 3.139 2.    0.
   8 1987   37 17713.  24.9 31.7 3.163 2.    0.
   8 1987   38 17737.  24.9 31.7 3.188 2.    0.
   8 1987   39 17762.  25.0 31.7 3.212 2.    0.
   8 1987   40 17787.  25.1 31.8 3.237 2.    9.
   8 1987   41 17811.  25.1 31.8 3.261 2.    0.
   8 1987   42 17836.  25.2 31.8 3.286 2.    0.
   8 1987   43 17861.  25.2 31.8 3.310 2.    0.
   8 1987   44 17885.  25.3 31.9 3.335 2.    0.
   8 1987   45 17910.  25.3 31.9 3.359 2.    0.
   8 1987   46 17908.  25.3 31.8 3.350 2.    0.
   8 1987   47 17905.  25.4 31.8 3.342 2.    0.
   8 1987   48 17903.  25.4 31.7 3.333 2.    0.
   8 1987   49 17900.  25.4 31.7 3.325 2.    0.
   8 1987   50 17898.  25.4 31.6 3.316 2.    0.
   8 1987   51 17896.  25.4 31.6 3.308 2.    0.
   8 1987   52 17893.  25.4 31.5 3.299 2.    0.
   8 1987   53 17891.  25.4 31.5 3.291 2.    1.
   8 1987   54 17888.  25.4 31.4 3.282 2.    0.
   8 1987   55 17886.  25.4 31.4 3.273 2.    0.
   8 1987   56 17883.  25.4 31.3 3.265 2.    0.
   8 1987   57 17881.  25.4 31.3 3.256 2.    0.
   8 1987   58 17879.  25.4 31.2 3.248 2.    0.
   8 1987   59 17876.  25.4 31.1 3.239 2.    0.
   8 1987   60 17874.  25.4 31.1 3.231 2.    0.
   8 1987   61 17871.  25.4 31.0 3.222 2.    0.
   8 1987   62 17869.  25.4 31.0 3.214 2.    0.
   8 1987   63 17867.  25.4 30.9 3.205 2.    0.
   8 1987   64 17864.  25.4 30.9 3.197 2.    1.
   8 1987   65 17862.  25.5 30.8 3.188 2.    0.
   8 1987   66 17859.  25.5 30.8 3.179 2.    7.
   8 1987   67 17857.  25.5 30.7 3.171 2.    0.
   8 1987   68 17854.  25.5 30.7 3.162 2.    0.
   8 1987   69 17852.  25.5 30.6 3.154 2.    0.
   8 1987   70 17850.  25.5 30.6 3.145 2.   12.
   8 1987   71 17847.  25.5 30.5 3.137 2.  106.
   8 1987   72 17845.  25.5 30.5 3.128 2.    5.
   8 1987   73 17842.  25.5 30.4 3.120 2.    0.
   8 1987   74 17840.  25.5 30.4 3.111 2.    0.
   8 1987   75 17876.  25.4 30.4 3.095 2.    0.
   8 1987   76 17912.  25.4 30.4 3.080 2.    0.
   8 1987   77 17947.  25.3 30.4 3.064 2.    0.
   8 1987   78 17983.  25.2 30.5 3.049 2.    0.
   8 1987   79 18019.  25.2 30.5 3.033 2.    0.
   8 1987   80 18055.  25.1 30.5 3.018 2.    0.
   8 1987   81 18091.  25.1 30.5 3.002 2.    0.
   8 1987   82 18126.  25.0 30.6 2.986 2.    8.
   8 1987   83 18162.  24.9 30.6 2.971 2.    0.
   8 1987   84 18198.  24.9 30.6 2.955 2.    1.
   8 1987   85 18234.  24.8 30.7 2.940 2.    0.
   8 1987   86 18270.  24.7 30.7 2.924 2.    0.
   8 1987   87 18305.  24.7 30.7 2.908 2.    0.
   8 1987   88 18341.  24.6 30.7 2.893 2.    0.
   8 1987   89 18377.  24.5 30.8 2.877 2.    0.
   8 1987   90 18413.  24.5 30.8 2.862 2.    0.
   8 1987   91 18449.  24.4 30.8 2.846 2.    0.
   8 1987   92 18485.  24.4 30.8 2.831 2.    0.
   8 1987   93 18520.  24.3 30.9 2.815 2.    1.
   8 1987   94 18556.  24.2 30.9 2.799 2.    1.
   8 1987   95 18592.  24.2 30.9 2.784 2.    0.
   8 1987   96 18628.  24.1 30.9 2.768 2.    0.
   8 1987   97 18664.  24.0 31.0 2.753 2.    0.
   8 1987   98 18699.  24.0 31.0 2.737 2.    0.
   8 1987   99 18735.  23.9 31.0 2.721 2.    1.
   8 1987  100 18771.  23.8 31.1 2.706 2.    0.
   8 1987  101 18807.  23.8 31.1 2.690 2.    0.
   8 1987  102 18843.  23.7 31.1 2.675 2.   17.
   8 1987  103 18878.  23.7 31.1 2.659 2.    0.
   8 1987  104 18914.  23.6 31.2 2.644 2.    0.
   8 1987  105 18950.  23.5 31.2 2.628 2.   29.
   8 1987  106 18905.  23.6 31.2 2.643 2.   23.
   8 1987  107 18860.  23.6 31.2 2.658 2.   32.
   8 1987  108 18815.  23.7 31.2 2.673 2.    0.
   8 1987  109 18770.  23.7 31.2 2.688 2.    2.
   8 1987  110 18725.  23.8 31.2 2.703 2.    0.
   8 1987  111 18680.  23.8 31.2 2.718 2.    0.
   8 1987  112 18635.  23.9 31.2 2.733 2.    0.
   8 1987  113 18590.  23.9 31.2 2.748 2.    0.
   8 1987  114 18545.  24.0 31.2 2.763 2.    0.
   8 1987  115 18500.  24.0 31.2 2.778 2.    8.
   8 1987  116 18455.  24.1 31.2 2.793 2.    0.
   8 1987  117 18410.  24.1 31.2 2.808 2.    4.
   8 1987  118 18365.  24.2 31.2 2.823 2.    0.
   8 1987  119 18320.  24.2 31.2 2.838 2.    0.
   8 1987  120 18275.  24.3 31.2 2.854 2.    0.
   8 1987  121 18230.  24.3 31.2 2.869 1.    0.
   8 1987  122 18185.  24.4 31.2 2.884 1.    0.
   8 1987  123 18140.  24.4 31.2 2.899 1.    0.
   8 1987  124 18095.  24.4 31.2 2.914 1.    0.
   8 1987  125 18050.  24.5 31.2 2.929 1.    0.
   8 1987  126 18005.  24.5 31.2 2.944 1.    0.
   8 1987  127 17960.  24.6 31.2 2.959 1.    0.
   8 1987  128 17915.  24.6 31.2 2.974 1.    0.
   8 1987  129 17870.  24.7 31.2 2.989 1.    2.
   8 1987  130 17825.  24.7 31.2 3.004 1.    8.
   8 1987  131 17780.  24.8 31.2 3.019 1.   14.
   8 1987  132 17735.  24.8 31.2 3.034 1.    0.
   8 1987  133 17690.  24.9 31.2 3.049 1.    0.
   8 1987  134 17645.  24.9 31.2 3.064 1.   14.
   8 1987  135 17600.  25.0 31.2 3.079 1.    0.
   8 1987  136 17504.  25.0 31.1 3.081 1.    0.
   8 1987  137 17408.  24.9 31.1 3.084 1.    0.
   8 1987  138 17313.  24.9 31.0 3.086 1.    6.
   8 1987  139 17217.  24.9 31.0 3.088 1.    0.
   8 1987  140 17121.  24.9 30.9 3.090 1.    8.
   8 1987  141 17025.  24.8 30.9 3.093 1.    0.
   8 1987  142 16929.  24.8 30.8 3.095 1.   12.
   8 1987  143 16834.  24.8 30.8 3.097 1.   50.
   8 1987  144 16738.  24.8 30.7 3.100 1.    0.
   8 1987  145 16642.  24.8 30.7 3.102 1.    2.
   8 1987  146 16546.  24.7 30.6 3.104 1.    0.
   8 1987  147 16450.  24.7 30.6 3.106 1.    0.
   8 1987  148 16355.  24.7 30.5 3.109 1.    3.
   8 1987  149 16259.  24.7 30.5 3.111 1.   10.
   8 1987  150 16163.  24.6 30.5 3.113 1.    0.
   8 1987  151 16067.  24.6 30.4 3.116 1.    9.
   8 1987  152 15971.  24.6 30.4 3.118 1.    0.
   8 1987  153 15875.  24.6 30.3 3.120 1.    0.
   8 1987  154 15780.  24.6 30.3 3.123 1.    0.
   8 1987  155 15684.  24.5 30.2 3.125 1.    1.
   8 1987  156 15588.  24.5 30.2 3.127 1.    0.
   8 1987  157 15492.  24.5 30.1 3.129 1.    0.
   8 1987  158 15396.  24.5 30.1 3.132 1.    0.
   8 1987  159 15301.  24.4 30.0 3.134 1.    6.
   8 1987  160 15205.  24.4 30.0 3.136 1.    0.
   8 1987  161 15109.  24.4 29.9 3.139 1.    0.
   8 1987  162 15013.  24.4 29.9 3.141 1.    4.
   8 1987  163 14917.  24.4 29.8 3.143 1.    0.
   8 1987  164 14822.  24.3 29.8 3.145 1.    6.
   8 1987  165 14726.  24.3 29.7 3.148 1.    5.
   8 1987  166 14630.  24.3 29.7 3.150 1.    0.
   8 1987  167 14627.  24.3 29.6 3.143 1.   73.
   8 1987  168 14624.  24.2 29.6 3.136 1.   24.
   8 1987  169 14621.  24.2 29.5 3.129 1.    0.
   8 1987  170 14618.  24.2 29.5 3.122 1.    0.
   8 1987  171 14615.  24.1 29.4 3.115 1.    0.
   8 1987  172 14612.  24.1 29.4 3.108 1.    0.
   8 1987  173 14609.  24.1 29.3 3.101 1.    0.
   8 1987  174 14606.  24.0 29.3 3.094 1.    0.
   8 1987  175 14603.  24.0 29.2 3.087 1.    0.
   8 1987  176 14600.  24.0 29.2 3.080 1.   36.
   8 1987  177 14597.  23.9 29.1 3.073 1.   47.
   8 1987  178 14594.  23.9 29.1 3.066 1.    0.
   8 1987  179 14591.  23.8 29.0 3.059 1.    2.
   8 1987  180 14588.  23.8 28.9 3.052 1.    0.
   8 1987  181 14585.  23.8 28.9 3.046 1.   50.
   8 1987  182 14582.  23.7 28.8 3.039 1.    0.
   8 1987  183 14579.  23.7 28.8 3.032 1.    0.
   8 1987  184 14576.  23.7 28.7 3.025 1.    0.
   8 1987  185 14573.  23.6 28.7 3.018 1.    0.
   8 1987  186 14570.  23.6 28.6 3.011 1.    1.
   8 1987  187 14567.  23.6 28.6 3.004 1.    0.
   8 1987  188 14564.  23.5 28.5 2.997 1.    0.
   8 1987  189 14561.  23.5 28.5 2.990 1.    0.
   8 1987  190 14558.  23.5 28.4 2.983 1.   25.
   8 1987  191 14555.  23.4 28.4 2.976 1.    8.
   8 1987  192 14552.  23.4 28.3 2.969 1.    0.
   8 1987  193 14549.  23.4 28.3 2.962 1.    0.
   8 1987  194 14546.  23.3 28.2 2.955 1.   12.
   8 1987  195 14543.  23.3 28.1 2.948 1.    0.
   8 1987  196 14540.  23.3 28.1 2.941 1.    0.
   8 1987  197 14449.  23.2 28.1 2.934 1.    0.
   8 1987  198 14357.  23.2 28.0 2.927 1.    0.
   8 1987  199 14266.  23.2 28.0 2.920 1.    0.
   8 1987  200 14175.  23.1 28.0 2.912 1.    0.
   8 1987  201 14084.  23.1 28.0 2.905 1.   14.
   8 1987  202 13992.  23.0 27.9 2.898 1.    3.
   8 1987  203 13901.  23.0 27.9 2.891 1.   23.
   8 1987  204 13810.  23.0 27.9 2.884 1.    5.
   8 1987  205 13718.  22.9 27.9 2.877 1.    3.
   8 1987  206 13627.  22.9 27.8 2.869 1.    2.
   8 1987  207 13536.  22.9 27.8 2.862 1.    0.
   8 1987  208 13445.  22.8 27.8 2.855 1.    0.
   8 1987  209 13353.  22.8 27.8 2.848 1.    0.
   8 1987  210 13262.  22.7 27.7 2.841 1.    9.
   8 1987  211 13171.  22.7 27.7 2.834 1.    8.
   8 1987  212 13079.  22.7 27.7 2.826 1.    0.
   8 1987  213 12988.  22.6 27.7 2.819 1.    0.
   8 1987  214 12897.  22.6 27.6 2.812 1.    0.
   8 1987  215 12805.  22.6 27.6 2.805 1.    0.
   8 1987  216 12714.  22.5 27.6 2.798 2.    1.
   8 1987  217 12623.  22.5 27.6 2.791 2.    0.
   8 1987  218 12532.  22.4 27.5 2.783 2.    0.
   8 1987  219 12440.  22.4 27.5 2.776 2.    2.
   8 1987  220 12349.  22.4 27.5 2.769 2.    2.
   8 1987  221 12258.  22.3 27.5 2.762 2.    2.
   8 1987  222 12166.  22.3 27.4 2.755 2.    3.
   8 1987  223 12075.  22.3 27.4 2.748 2.    0.
   8 1987  224 11984.  22.2 27.4 2.740 2.   41.
   8 1987  225 11893.  22.2 27.4 2.733 2.   10.
   8 1987  226 11801.  22.1 27.3 2.726 2.    0.
   8 1987  227 11710.  22.1 27.3 2.719 2.    0.
   8 1987  228 11768.  22.1 27.3 2.722 2.   23.
   8 1987  229 11826.  22.2 27.4 2.725 2.    6.
   8 1987  230 11884.  22.2 27.4 2.728 2.    2.
   8 1987  231 11942.  22.2 27.4 2.731 2.    9.
   8 1987  232 12000.  22.2 27.5 2.734 2.   10.
   8 1987  233 12058.  22.3 27.5 2.738 2.    0.
   8 1987  234 12116.  22.3 27.5 2.741 2.    0.
   8 1987  235 12175.  22.3 27.5 2.744 2.    0.
   8 1987  236 12233.  22.3 27.6 2.747 2.    0.
   8 1987  237 12291.  22.3 27.6 2.750 2.    4.
   8 1987  238 12349.  22.4 27.6 2.753 2.    2.
   8 1987  239 12407.  22.4 27.7 2.756 2.    7.
   8 1987  240 12465.  22.4 27.7 2.759 2.    0.
   8 1987  241 12523.  22.4 27.7 2.762 2.    0.
   8 1987  242 12581.  22.5 27.8 2.765 2.   13.
   8 1987  243 12639.  22.5 27.8 2.769 2.    5.
   8 1987  244 12697.  22.5 27.8 2.772 2.    8.
   8 1987  245 12755.  22.5 27.9 2.775 2.    5.
   8 1987  246 12813.  22.6 27.9 2.778 2.    7.
   8 1987  247 12871.  22.6 27.9 2.781 2.   15.
   8 1987  248 12929.  22.6 27.9 2.784 2.    0.
   8 1987  249 12987.  22.6 28.0 2.787 2.    0.
   8 1987  250 13045.  22.7 28.0 2.790 2.    0.
   8 1987  251 13104.  22.7 28.0 2.793 2.   34.
   8 1987  252 13162.  22.7 28.1 2.796 2.    4.
   8 1987  253 13220.  22.7 28.1 2.800 2.   38.
   8 1987  254 13278.  22.7 28.1 2.803 2.    0.
   8 1987  255 13336.  22.8 28.2 2.806 2.   13.
   8 1987  256 13394.  22.8 28.2 2.809 2.    2.
   8 1987  257 13452.  22.8 28.2 2.812 2.   13.
   8 1987  258 13510.  22.8 28.3 2.815 2.    0.
   8 1987  259 13649.  22.9 28.3 2.821 2.    0.
   8 1987  260 13788.  22.9 28.4 2.826 2.    0.
   8 1987  261 13927.  22.9 28.4 2.832 2.    0.
   8 1987  262 14066.  23.0 28.5 2.838 2.    0.
   8 1987  263 14205.  23.0 28.5 2.843 2.  134.
   8 1987  264 14344.  23.0 28.6 2.849 2.    0.
   8 1987  265 14483.  23.1 28.6 2.855 2.   10.
   8 1987  266 14622.  23.1 28.7 2.861 2.    0.
   8 1987  267 14761.  23.2 28.7 2.866 2.   38.
   8 1987  268 14900.  23.2 28.8 2.872 2.    0.
   8 1987  269 15039.  23.2 28.8 2.878 2.   76.
   8 1987  270 15178.  23.3 28.9 2.883 2.    6.
   8 1987  271 15317.  23.3 28.9 2.889 2.    0.
   8 1987  272 15456.  23.3 29.0 2.895 2.    8.
   8 1987  273 15595.  23.4 29.0 2.901 2.    0.
   8 1987  274 15734.  23.4 29.1 2.906 2.   11.
   8 1987  275 15873.  23.4 29.2 2.912 2.    0.
   8 1987  276 16012.  23.5 29.2 2.918 2.    2.
   8 1987  277 16151.  23.5 29.3 2.923 2.   24.
   8 1987  278 16290.  23.5 29.3 2.929 2.    0.
   8 1987  279 16429.  23.6 29.4 2.935 2.    3.
   8 1987  280 16568.  23.6 29.4 2.940 2.   46.
   8 1987  281 16707.  23.6 29.5 2.946 1.   13.
   8 1987  282 16846.  23.7 29.5 2.952 1.   64.
   8 1987  283 16985.  23.7 29.6 2.958 1.   30.
   8 1987  284 17124.  23.7 29.6 2.963 1.   32.
   8 1987  285 17263.  23.8 29.7 2.969 1.    2.
   8 1987  286 17402.  23.8 29.7 2.975 1.    9.
   8 1987  287 17541.  23.8 29.8 2.980 1.    2.
   8 1987  288 17680.  23.9 29.9 2.986 1.    5.
   8 1987  289 17731.  23.9 29.8 2.983 1.   21.
   8 1987  290 17781.  23.9 29.8 2.980 1.    0.
   8 1987  291 17832.  24.0 29.8 2.977 1.    6.
   8 1987  292 17883.  24.0 29.8 2.975 1.    6.
   8 1987  293 17933.  24.0 29.8 2.972 1.    1.
   8 1987  294 17984.  24.1 29.8 2.969 1.    0.
   8 1987  295 18035.  24.1 29.7 2.966 1.    1.
   8 1987  296 18085.  24.1 29.7 2.963 1.    0.
   8 1987  297 18136.  24.2 29.7 2.960 1.    0.
   8 1987  298 18186.  24.2 29.7 2.958 1.    5.
   8 1987  299 18237.  24.2 29.7 2.955 1.    1.
   8 1987  300 18288.  24.3 29.7 2.952 1.    1.
   8 1987  301 18338.  24.3 29.7 2.949 1.    2.
   8 1987  302 18389.  24.3 29.6 2.946 1.    0.
   8 1987  303 18440.  24.3 29.6 2.943 1.    0.
   8 1987  304 18490.  24.4 29.6 2.941 2.   46.
   8 1987  305 18541.  24.4 29.6 2.938 2.    0.
   8 1987  306 18592.  24.4 29.6 2.935 2.    0.
   8 1987  307 18642.  24.5 29.6 2.932 2.    0.
   8 1987  308 18693.  24.5 29.5 2.929 2.    0.
   8 1987  309 18744.  24.5 29.5 2.926 2.    1.
   8 1987  310 18794.  24.6 29.5 2.924 2.    0.
   8 1987  311 18845.  24.6 29.5 2.921 2.    0.
   8 1987  312 18895.  24.6 29.5 2.918 2.    0.
   8 1987  313 18946.  24.7 29.5 2.915 2.    0.
   8 1987  314 18997.  24.7 29.5 2.912 2.    5.
   8 1987  315 19047.  24.7 29.4 2.909 2.   20.
   8 1987  316 19098.  24.7 29.4 2.907 2.    0.
   8 1987  317 19149.  24.8 29.4 2.904 2.    5.
   8 1987  318 19199.  24.8 29.4 2.901 2.    0.
   8 1987  319 19250.  24.8 29.4 2.898 2.    0.
   8 1987  320 19151.  24.8 29.5 2.905 2.    0.
   8 1987  321 19051.  24.8 29.5 2.911 2.   15.
   8 1987  322 18952.  24.8 29.6 2.918 2.    0.
   8 1987  323 18853.  24.8 29.7 2.925 2.    0.
   8 1987  324 18753.  24.8 29.8 2.932 2.    0.
   8 1987  325 18654.  24.7 29.8 2.938 2.   12.
   8 1987  326 18555.  24.7 29.9 2.945 2.    0.
   8 1987  327 18455.  24.7 30.0 2.952 2.    6.
   8 1987  328 18356.  24.7 30.1 2.959 2.    0.
   8 1987  329 18257.  24.7 30.1 2.965 2.    0.
   8 1987  330 18157.  24.6 30.2 2.972 2.    0.
   8 1987  331 18058.  24.6 30.3 2.979 2.   18.
   8 1987  332 17959.  24.6 30.4 2.986 2.    0.
   8 1987  333 17859.  24.6 30.4 2.992 2.    0.
   8 1987  334 17760.  24.6 30.5 2.999 2.    5.
   8 1987  335 17661.  24.6 30.6 3.006 1.    0.
   8 1987  336 17561.  24.5 30.7 3.012 1.    0.
   8 1987  337 17462.  24.5 30.8 3.019 1.    0.
   8 1987  338 17363.  24.5 30.8 3.026 1.    0.
   8 1987  339 17263.  24.5 30.9 3.033 1.    0.
   8 1987  340 17164.  24.5 31.0 3.039 1.    3.
   8 1987  341 17065.  24.4 31.1 3.046 1.    0.
   8 1987  342 16965.  24.4 31.1 3.053 1.    0.
   8 1987  343 16866.  24.4 31.2 3.060 1.    0.
   8 1987  344 16767.  24.4 31.3 3.066 1.    2.
   8 1987  345 16667.  24.4 31.4 3.073 1.    3.
   8 1987  346 16568.  24.4 31.4 3.080 1.    0.
   8 1987  347 16469.  24.3 31.5 3.087 1.    0.
   8 1987  348 16369.  24.3 31.6 3.093 1.   16.
   8 1987  349 16270.  24.3 31.7 3.100 1.   12.
   8 1987  350 16298.  24.3 31.7 3.085 1.    0.
   8 1987  351 16326.  24.3 31.6 3.070 1.    0.
   8 1987  352 16354.  24.2 31.6 3.055 1.    0.
   8 1987  353 16383.  24.2 31.6 3.041 1.   50.
   8 1987  354 16411.  24.2 31.6 3.026 1.    0.
   8 1987  355 16439.  24.2 31.6 3.011 1.    0.
   8 1987  356 16467.  24.2 31.6 2.996 1.    0.
   8 1987  357 16495.  24.1 31.6 2.981 1.    0.
   8 1987  358 16523.  24.1 31.5 2.966 1.    0.
   8 1987  359 16551.  24.1 31.5 2.952 1.    0.
   8 1987  360 16579.  24.1 31.5 2.937 1.    0.
   8 1987  361 16608.  24.1 31.5 2.922 1.    0.
   8 1987  362 16636.  24.0 31.5 2.907 1.    0.
   8 1987  363 16664.  24.0 31.5 2.892 1.    0.
   8 1987  364 16692.  24.0 31.4 2.877 1.    0.
   8 1987  365 16720.  24.0 31.4 2.862 1.    0.
