*---------------------------------------------------------*
*   Country: Cote d'Ivoire
*   Station: Abidjan
*      Year: 1995
* Longitude: 003 56 W
*  Latitude: 05 15 N
* Elevation: 6 m.
*  WMO-code: 65.5780
*  Comments: Automatically generated file from *.WOF file
*            with REGENSIM.FOR ver. aug 96
*
*  Columns:
*  ========
*  station number
*  year
*  day
*  irradiation (kJ m-2 d-1)
*  minimum temperature (degrees Celsius)
*  maximum temperature (degrees Celsius)
*  vapour pressure (kPa)
*  mean wind speed (m s-1)
*  precipitation (mm month-1)
*---------------------------------------------------------*
  -3.93   5.25     6. 0.00 0.00
   8 1995    1 16920.  23.5 31.8 3.042 1.    0.
   8 1995    2 16962.  23.6 31.8 3.037 1.    0.
   8 1995    3 17004.  23.6 31.8 3.033 1.    0.
   8 1995    4 17046.  23.6 31.8 3.028 1.    0.
   8 1995    5 17089.  23.6 31.8 3.023 1.    0.
   8 1995    6 17131.  23.6 31.8 3.018 1.    0.
   8 1995    7 17173.  23.6 31.8 3.014 2.    0.
   8 1995    8 17215.  23.7 31.8 3.009 2.    0.
   8 1995    9 17257.  23.7 31.8 3.004 2.    0.
   8 1995   10 17299.  23.7 31.8 3.000 2.    0.
   8 1995   11 17341.  23.7 31.9 2.995 2.    0.
   8 1995   12 17384.  23.7 31.9 2.990 2.    0.
   8 1995   13 17426.  23.8 31.9 2.985 2.    0.
   8 1995   14 17468.  23.8 31.9 2.981 2.    0.
   8 1995   15 17510.  23.8 31.9 2.976 2.    0.
   8 1995   16 17533.  23.9 31.9 2.984 2.    0.
   8 1995   17 17557.  23.9 31.9 2.992 2.    3.
   8 1995   18 17580.  24.0 31.9 3.000 2.    0.
   8 1995   19 17603.  24.1 32.0 3.008 2.    0.
   8 1995   20 17627.  24.2 32.0 3.017 2.    0.
   8 1995   21 17650.  24.2 32.0 3.025 2.    0.
   8 1995   22 17673.  24.3 32.0 3.033 2.    0.
   8 1995   23 17697.  24.4 32.0 3.041 2.    0.
   8 1995   24 17720.  24.5 32.0 3.049 2.    0.
   8 1995   25 17743.  24.5 32.1 3.057 2.    0.
   8 1995   26 17767.  24.6 32.1 3.065 2.    0.
   8 1995   27 17790.  24.7 32.1 3.073 2.    0.
   8 1995   28 17813.  24.7 32.1 3.081 2.    0.
   8 1995   29 17837.  24.8 32.2 3.089 2.    0.
   8 1995   30 17860.  24.9 32.2 3.098 2.    0.
   8 1995   31 17883.  25.0 32.2 3.106 2.    0.
   8 1995   32 17907.  25.0 32.2 3.114 2.    0.
   8 1995   33 17930.  25.1 32.2 3.122 2.    0.
   8 1995   34 17953.  25.2 32.3 3.130 2.    0.
   8 1995   35 17977.  25.2 32.3 3.138 2.    0.
   8 1995   36 18000.  25.3 32.3 3.146 2.    0.
   8 1995   37 18023.  25.4 32.3 3.154 2.    0.
   8 1995   38 18047.  25.5 32.3 3.162 2.    0.
   8 1995   39 18070.  25.5 32.4 3.170 2.    0.
   8 1995   40 18093.  25.6 32.4 3.178 2.    0.
   8 1995   41 18117.  25.7 32.4 3.187 2.    0.
   8 1995   42 18140.  25.8 32.4 3.195 2.    0.
   8 1995   43 18163.  25.8 32.4 3.203 2.    0.
   8 1995   44 18187.  25.9 32.5 3.211 2.    0.
   8 1995   45 18210.  26.0 32.5 3.219 2.    0.
   8 1995   46 18231.  25.9 32.5 3.217 2.    0.
   8 1995   47 18253.  25.9 32.4 3.216 2.    3.
   8 1995   48 18274.  25.9 32.4 3.214 2.    0.
   8 1995   49 18296.  25.8 32.4 3.213 2.    0.
   8 1995   50 18317.  25.8 32.4 3.211 2.    0.
   8 1995   51 18338.  25.8 32.4 3.210 2.    0.
   8 1995   52 18360.  25.7 32.4 3.208 2.    0.
   8 1995   53 18381.  25.7 32.4 3.207 2.    0.
   8 1995   54 18402.  25.6 32.4 3.205 2.    0.
   8 1995   55 18424.  25.6 32.3 3.204 2.    0.
   8 1995   56 18445.  25.6 32.3 3.202 2.    0.
   8 1995   57 18467.  25.5 32.3 3.201 2.    0.
   8 1995   58 18488.  25.5 32.3 3.199 2.    0.
   8 1995   59 18509.  25.5 32.3 3.198 2.    0.
   8 1995   60 18531.  25.4 32.3 3.196 2.    0.
   8 1995   61 18552.  25.4 32.3 3.195 2.   11.
   8 1995   62 18573.  25.4 32.3 3.193 2.   25.
   8 1995   63 18595.  25.3 32.2 3.192 2.    0.
   8 1995   64 18616.  25.3 32.2 3.190 2.    0.
   8 1995   65 18638.  25.3 32.2 3.189 2.    0.
   8 1995   66 18659.  25.2 32.2 3.187 2.    0.
   8 1995   67 18680.  25.2 32.2 3.186 2.   23.
   8 1995   68 18702.  25.1 32.2 3.184 2.    0.
   8 1995   69 18723.  25.1 32.2 3.183 2.    2.
   8 1995   70 18744.  25.1 32.2 3.181 2.   11.
   8 1995   71 18766.  25.0 32.1 3.180 2.    1.
   8 1995   72 18787.  25.0 32.1 3.178 2.    0.
   8 1995   73 18809.  25.0 32.1 3.177 2.    1.
   8 1995   74 18830.  24.9 32.1 3.175 2.    0.
   8 1995   75 18829.  24.9 32.1 3.177 2.    5.
   8 1995   76 18827.  25.0 32.1 3.179 2.    0.
   8 1995   77 18826.  25.0 32.1 3.181 2.    1.
   8 1995   78 18825.  25.0 32.1 3.183 2.    0.
   8 1995   79 18824.  25.0 32.1 3.185 2.   13.
   8 1995   80 18822.  25.0 32.2 3.186 2.    0.
   8 1995   81 18821.  25.1 32.2 3.188 2.    0.
   8 1995   82 18820.  25.1 32.2 3.190 2.    0.
   8 1995   83 18818.  25.1 32.2 3.192 2.    0.
   8 1995   84 18817.  25.1 32.2 3.194 2.    0.
   8 1995   85 18816.  25.1 32.2 3.196 2.   18.
   8 1995   86 18815.  25.2 32.2 3.198 2.    0.
   8 1995   87 18813.  25.2 32.2 3.200 2.    0.
   8 1995   88 18812.  25.2 32.2 3.202 2.    3.
   8 1995   89 18811.  25.2 32.2 3.204 2.    7.
   8 1995   90 18809.  25.2 32.2 3.205 2.    0.
   8 1995   91 18808.  25.3 32.2 3.207 2.    0.
   8 1995   92 18807.  25.3 32.3 3.209 2.   17.
   8 1995   93 18805.  25.3 32.3 3.211 2.    0.
   8 1995   94 18804.  25.3 32.3 3.213 2.    0.
   8 1995   95 18803.  25.3 32.3 3.215 2.    0.
   8 1995   96 18802.  25.4 32.3 3.217 2.    0.
   8 1995   97 18800.  25.4 32.3 3.219 2.    0.
   8 1995   98 18799.  25.4 32.3 3.221 2.    7.
   8 1995   99 18798.  25.4 32.3 3.223 2.   63.
   8 1995  100 18796.  25.4 32.3 3.224 2.    0.
   8 1995  101 18795.  25.5 32.3 3.226 2.   15.
   8 1995  102 18794.  25.5 32.3 3.228 2.    0.
   8 1995  103 18793.  25.5 32.4 3.230 2.    0.
   8 1995  104 18791.  25.5 32.4 3.232 2.   10.
   8 1995  105 18790.  25.5 32.4 3.234 2.    6.
   8 1995  106 18746.  25.5 32.4 3.223 2.    1.
   8 1995  107 18703.  25.5 32.4 3.212 2.    0.
   8 1995  108 18659.  25.5 32.3 3.201 2.    2.
   8 1995  109 18615.  25.5 32.3 3.189 2.    7.
   8 1995  110 18572.  25.4 32.3 3.178 2.    0.
   8 1995  111 18528.  25.4 32.3 3.167 2.    0.
   8 1995  112 18484.  25.4 32.3 3.156 2.    0.
   8 1995  113 18441.  25.4 32.3 3.145 2.    7.
   8 1995  114 18397.  25.4 32.3 3.133 2.    0.
   8 1995  115 18353.  25.4 32.3 3.122 2.    0.
   8 1995  116 18310.  25.3 32.3 3.111 2.    2.
   8 1995  117 18266.  25.3 32.3 3.100 2.    0.
   8 1995  118 18222.  25.3 32.3 3.089 2.    0.
   8 1995  119 18179.  25.3 32.2 3.078 2.    0.
   8 1995  120 18135.  25.3 32.2 3.067 2.    0.
   8 1995  121 18091.  25.2 32.2 3.055 2.    0.
   8 1995  122 18048.  25.2 32.2 3.044 2.    8.
   8 1995  123 18004.  25.2 32.2 3.033 2.    0.
   8 1995  124 17960.  25.2 32.2 3.022 2.   17.
   8 1995  125 17917.  25.2 32.2 3.011 2.   57.
   8 1995  126 17873.  25.2 32.2 3.000 2.    0.
   8 1995  127 17829.  25.1 32.2 2.988 2.    2.
   8 1995  128 17786.  25.1 32.2 2.977 2.   35.
   8 1995  129 17742.  25.1 32.2 2.966 2.    0.
   8 1995  130 17698.  25.1 32.1 2.955 2.    0.
   8 1995  131 17655.  25.1 32.1 2.944 2.    0.
   8 1995  132 17611.  25.1 32.1 2.933 2.   18.
   8 1995  133 17567.  25.0 32.1 2.921 2.    0.
   8 1995  134 17524.  25.0 32.1 2.910 2.    0.
   8 1995  135 17480.  25.0 32.1 2.899 2.    0.
   8 1995  136 17417.  25.0 32.1 2.903 2.    7.
   8 1995  137 17354.  25.0 32.0 2.908 2.    0.
   8 1995  138 17290.  25.0 32.0 2.912 2.    2.
   8 1995  139 17227.  24.9 31.9 2.916 2.    0.
   8 1995  140 17164.  24.9 31.9 2.921 2.   20.
   8 1995  141 17101.  24.9 31.8 2.925 2.    0.
   8 1995  142 17037.  24.9 31.8 2.929 2.   41.
   8 1995  143 16974.  24.9 31.8 2.934 2.    0.
   8 1995  144 16911.  24.9 31.7 2.938 2.    5.
   8 1995  145 16848.  24.8 31.7 2.942 3.   24.
   8 1995  146 16785.  24.8 31.6 2.947 3.    0.
   8 1995  147 16721.  24.8 31.6 2.951 3.    0.
   8 1995  148 16658.  24.8 31.5 2.955 3.    0.
   8 1995  149 16595.  24.8 31.5 2.960 3.    0.
   8 1995  150 16532.  24.8 31.5 2.964 3.    0.
   8 1995  151 16468.  24.8 31.4 2.968 3.    0.
   8 1995  152 16405.  24.7 31.4 2.972 3.    0.
   8 1995  153 16342.  24.7 31.3 2.977 3.    9.
   8 1995  154 16279.  24.7 31.3 2.981 3.   60.
   8 1995  155 16215.  24.7 31.2 2.985 3.   12.
   8 1995  156 16152.  24.7 31.2 2.990 3.    0.
   8 1995  157 16089.  24.7 31.2 2.994 3.   41.
   8 1995  158 16026.  24.7 31.1 2.998 3.    3.
   8 1995  159 15963.  24.6 31.1 3.003 3.    0.
   8 1995  160 15899.  24.6 31.0 3.007 3.    0.
   8 1995  161 15836.  24.6 31.0 3.011 3.    0.
   8 1995  162 15773.  24.6 30.9 3.016 3.   19.
   8 1995  163 15710.  24.6 30.9 3.020 4.    0.
   8 1995  164 15646.  24.6 30.9 3.024 4.  138.
   8 1995  165 15583.  24.5 30.8 3.029 4.    3.
   8 1995  166 15520.  24.5 30.8 3.033 4.    7.
   8 1995  167 15510.  24.5 30.7 3.030 4.    0.
   8 1995  168 15500.  24.5 30.7 3.026 3.    0.
   8 1995  169 15490.  24.5 30.6 3.023 3.    0.
   8 1995  170 15480.  24.4 30.5 3.019 3.   48.
   8 1995  171 15470.  24.4 30.5 3.016 3.    0.
   8 1995  172 15460.  24.4 30.4 3.013 3.   54.
   8 1995  173 15450.  24.4 30.4 3.009 3.   10.
   8 1995  174 15440.  24.3 30.3 3.006 3.    6.
   8 1995  175 15430.  24.3 30.3 3.002 3.    0.
   8 1995  176 15420.  24.3 30.2 2.999 3.    0.
   8 1995  177 15410.  24.3 30.2 2.996 3.    8.
   8 1995  178 15400.  24.2 30.1 2.992 3.   50.
   8 1995  179 15390.  24.2 30.0 2.989 3.    0.
   8 1995  180 15380.  24.2 30.0 2.985 2.    0.
   8 1995  181 15370.  24.1 29.9 2.982 2.    0.
   8 1995  182 15360.  24.1 29.9 2.979 2.    0.
   8 1995  183 15350.  24.1 29.8 2.975 2.    1.
   8 1995  184 15340.  24.1 29.8 2.972 2.    9.
   8 1995  185 15330.  24.0 29.7 2.968 2.    0.
   8 1995  186 15320.  24.0 29.7 2.965 2.    0.
   8 1995  187 15310.  24.0 29.6 2.962 2.   16.
   8 1995  188 15300.  24.0 29.5 2.958 2.    0.
   8 1995  189 15290.  23.9 29.5 2.955 2.    0.
   8 1995  190 15280.  23.9 29.4 2.951 2.    1.
   8 1995  191 15270.  23.9 29.4 2.948 1.    5.
   8 1995  192 15260.  23.9 29.3 2.945 1.    2.
   8 1995  193 15250.  23.8 29.3 2.941 1.    0.
   8 1995  194 15240.  23.8 29.2 2.938 1.    0.
   8 1995  195 15230.  23.8 29.2 2.934 1.    1.
   8 1995  196 15220.  23.8 29.1 2.931 1.    0.
   8 1995  197 15172.  23.7 29.1 2.929 1.    0.
   8 1995  198 15124.  23.7 29.1 2.926 1.    0.
   8 1995  199 15076.  23.7 29.0 2.924 1.    0.
   8 1995  200 15028.  23.7 29.0 2.922 1.    1.
   8 1995  201 14980.  23.7 29.0 2.919 1.    0.
   8 1995  202 14932.  23.6 29.0 2.917 1.    0.
   8 1995  203 14884.  23.6 29.0 2.915 1.    0.
   8 1995  204 14835.  23.6 28.9 2.912 1.    0.
   8 1995  205 14787.  23.6 28.9 2.910 1.    0.
   8 1995  206 14739.  23.6 28.9 2.907 1.    8.
   8 1995  207 14691.  23.5 28.9 2.905 1.   11.
   8 1995  208 14643.  23.5 28.9 2.903 1.   26.
   8 1995  209 14595.  23.5 28.8 2.900 1.    0.
   8 1995  210 14547.  23.5 28.8 2.898 1.    0.
   8 1995  211 14499.  23.5 28.8 2.896 1.    0.
   8 1995  212 14451.  23.4 28.8 2.893 1.    0.
   8 1995  213 14403.  23.4 28.8 2.891 1.    6.
   8 1995  214 14355.  23.4 28.7 2.889 1.    1.
   8 1995  215 14307.  23.4 28.7 2.886 1.    2.
   8 1995  216 14259.  23.4 28.7 2.884 1.    0.
   8 1995  217 14211.  23.3 28.7 2.882 1.    1.
   8 1995  218 14163.  23.3 28.7 2.879 1.    0.
   8 1995  219 14115.  23.3 28.6 2.877 1.    0.
   8 1995  220 14066.  23.3 28.6 2.874 1.    0.
   8 1995  221 14018.  23.3 28.6 2.872 1.    0.
   8 1995  222 13970.  23.2 28.6 2.870 1.    0.
   8 1995  223 13922.  23.2 28.6 2.867 1.    3.
   8 1995  224 13874.  23.2 28.5 2.865 1.    0.
   8 1995  225 13826.  23.2 28.5 2.863 1.    1.
   8 1995  226 13778.  23.2 28.5 2.860 1.    0.
   8 1995  227 13730.  23.1 28.5 2.858 1.    0.
   8 1995  228 13760.  23.1 28.5 2.856 1.    0.
   8 1995  229 13791.  23.1 28.5 2.855 1.    4.
   8 1995  230 13821.  23.1 28.5 2.853 1.    2.
   8 1995  231 13851.  23.1 28.5 2.852 1.    0.
   8 1995  232 13882.  23.0 28.4 2.850 1.    8.
   8 1995  233 13912.  23.0 28.4 2.849 1.    0.
   8 1995  234 13942.  23.0 28.4 2.847 1.    2.
   8 1995  235 13973.  23.0 28.4 2.846 1.    0.
   8 1995  236 14003.  23.0 28.4 2.844 1.    0.
   8 1995  237 14033.  23.0 28.4 2.843 1.   11.
   8 1995  238 14064.  23.0 28.4 2.841 1.    0.
   8 1995  239 14094.  22.9 28.4 2.839 1.    0.
   8 1995  240 14124.  22.9 28.4 2.838 1.    0.
   8 1995  241 14155.  22.9 28.4 2.836 1.    3.
   8 1995  242 14185.  22.9 28.4 2.835 1.    0.
   8 1995  243 14215.  22.9 28.4 2.833 1.    0.
   8 1995  244 14245.  22.9 28.4 2.832 1.    2.
   8 1995  245 14276.  22.8 28.4 2.830 1.    1.
   8 1995  246 14306.  22.8 28.4 2.829 1.    0.
   8 1995  247 14336.  22.8 28.4 2.827 1.    0.
   8 1995  248 14367.  22.8 28.4 2.825 1.    0.
   8 1995  249 14397.  22.8 28.4 2.824 1.    5.
   8 1995  250 14427.  22.8 28.4 2.822 1.    0.
   8 1995  251 14458.  22.7 28.4 2.821 1.    0.
   8 1995  252 14488.  22.7 28.4 2.819 1.    0.
   8 1995  253 14518.  22.7 28.4 2.818 1.    0.
   8 1995  254 14549.  22.7 28.3 2.816 1.    0.
   8 1995  255 14579.  22.7 28.3 2.815 1.    0.
   8 1995  256 14609.  22.7 28.3 2.813 1.    0.
   8 1995  257 14640.  22.6 28.3 2.812 1.    0.
   8 1995  258 14670.  22.6 28.3 2.810 1.    2.
   8 1995  259 14780.  22.7 28.4 2.815 1.    1.
   8 1995  260 14890.  22.7 28.5 2.819 1.    2.
   8 1995  261 15000.  22.7 28.5 2.824 1.    0.
   8 1995  262 15110.  22.8 28.6 2.828 1.    3.
   8 1995  263 15220.  22.8 28.6 2.833 1.    3.
   8 1995  264 15330.  22.8 28.7 2.837 1.    2.
   8 1995  265 15440.  22.9 28.8 2.842 1.    0.
   8 1995  266 15550.  22.9 28.8 2.846 1.    0.
   8 1995  267 15660.  23.0 28.9 2.851 1.    0.
   8 1995  268 15770.  23.0 29.0 2.855 1.    0.
   8 1995  269 15880.  23.0 29.0 2.860 1.    0.
   8 1995  270 15990.  23.1 29.1 2.864 1.    0.
   8 1995  271 16100.  23.1 29.1 2.869 1.    0.
   8 1995  272 16210.  23.1 29.2 2.873 1.    1.
   8 1995  273 16320.  23.2 29.3 2.878 1.    4.
   8 1995  274 16430.  23.2 29.3 2.882 1.    0.
   8 1995  275 16540.  23.2 29.4 2.887 1.   35.
   8 1995  276 16650.  23.3 29.5 2.891 1.    0.
   8 1995  277 16760.  23.3 29.5 2.895 1.    0.
   8 1995  278 16870.  23.3 29.6 2.900 1.    4.
   8 1995  279 16980.  23.4 29.6 2.905 1.    0.
   8 1995  280 17090.  23.4 29.7 2.909 1.    0.
   8 1995  281 17200.  23.5 29.8 2.914 1.    0.
   8 1995  282 17310.  23.5 29.8 2.918 1.   25.
   8 1995  283 17420.  23.5 29.9 2.923 1.    4.
   8 1995  284 17530.  23.6 30.0 2.927 1.   52.
   8 1995  285 17640.  23.6 30.0 2.932 1.    0.
   8 1995  286 17750.  23.6 30.1 2.936 1.    6.
   8 1995  287 17860.  23.7 30.1 2.941 1.    0.
   8 1995  288 17970.  23.7 30.2 2.945 1.    6.
   8 1995  289 17980.  23.7 30.2 2.948 1.    0.
   8 1995  290 17989.  23.8 30.3 2.951 1.    0.
   8 1995  291 17999.  23.8 30.3 2.954 1.    0.
   8 1995  292 18009.  23.9 30.4 2.957 1.    0.
   8 1995  293 18018.  23.9 30.4 2.960 1.    7.
   8 1995  294 18028.  24.0 30.5 2.963 1.   12.
   8 1995  295 18038.  24.0 30.5 2.966 1.    6.
   8 1995  296 18047.  24.1 30.6 2.968 1.    3.
   8 1995  297 18057.  24.1 30.6 2.971 1.    0.
   8 1995  298 18067.  24.2 30.7 2.974 1.    0.
   8 1995  299 18076.  24.2 30.7 2.977 1.    3.
   8 1995  300 18086.  24.3 30.8 2.980 1.    0.
   8 1995  301 18096.  24.3 30.8 2.983 1.    0.
   8 1995  302 18105.  24.4 30.8 2.986 1.    0.
   8 1995  303 18115.  24.4 30.9 2.989 1.    1.
   8 1995  304 18125.  24.5 30.9 2.992 1.    0.
   8 1995  305 18135.  24.5 31.0 2.995 1.   30.
   8 1995  306 18144.  24.6 31.0 2.998 1.    9.
   8 1995  307 18154.  24.6 31.1 3.001 1.    0.
   8 1995  308 18164.  24.7 31.1 3.004 1.    0.
   8 1995  309 18173.  24.7 31.2 3.007 1.    0.
   8 1995  310 18183.  24.8 31.2 3.010 1.    0.
   8 1995  311 18193.  24.8 31.3 3.013 1.    0.
   8 1995  312 18202.  24.9 31.3 3.015 1.    0.
   8 1995  313 18212.  24.9 31.4 3.018 1.    0.
   8 1995  314 18222.  25.0 31.4 3.021 1.    4.
   8 1995  315 18231.  25.0 31.4 3.024 1.    0.
   8 1995  316 18241.  25.1 31.5 3.027 1.    1.
   8 1995  317 18251.  25.1 31.5 3.030 1.    0.
   8 1995  318 18260.  25.2 31.6 3.033 1.    0.
   8 1995  319 18270.  25.2 31.6 3.036 1.   19.
   8 1995  320 18205.  25.1 31.6 3.038 1.    0.
   8 1995  321 18141.  25.1 31.6 3.041 1.    0.
   8 1995  322 18076.  25.0 31.6 3.043 1.   13.
   8 1995  323 18011.  24.9 31.6 3.046 1.    1.
   8 1995  324 17947.  24.9 31.6 3.048 1.    0.
   8 1995  325 17882.  24.8 31.6 3.050 1.    0.
   8 1995  326 17817.  24.7 31.7 3.053 1.   10.
   8 1995  327 17753.  24.7 31.7 3.055 1.    7.
   8 1995  328 17688.  24.6 31.7 3.058 1.    3.
   8 1995  329 17623.  24.6 31.7 3.060 1.    0.
   8 1995  330 17559.  24.5 31.7 3.062 1.    0.
   8 1995  331 17494.  24.4 31.7 3.065 1.    0.
   8 1995  332 17429.  24.4 31.7 3.067 1.    0.
   8 1995  333 17365.  24.3 31.7 3.070 1.    0.
   8 1995  334 17300.  24.2 31.7 3.072 1.    3.
   8 1995  335 17235.  24.2 31.7 3.074 1.    4.
   8 1995  336 17171.  24.1 31.7 3.077 1.    2.
   8 1995  337 17106.  24.0 31.7 3.079 1.    0.
   8 1995  338 17041.  24.0 31.7 3.082 1.    5.
   8 1995  339 16977.  23.9 31.7 3.084 1.   10.
   8 1995  340 16912.  23.8 31.7 3.086 1.    0.
   8 1995  341 16847.  23.8 31.7 3.089 1.    0.
   8 1995  342 16783.  23.7 31.7 3.091 0.    0.
   8 1995  343 16718.  23.7 31.7 3.094 0.    0.
   8 1995  344 16653.  23.6 31.7 3.096 0.    0.
   8 1995  345 16589.  23.5 31.7 3.098 0.    0.
   8 1995  346 16524.  23.5 31.7 3.101 0.   29.
   8 1995  347 16459.  23.4 31.7 3.103 0.    0.
   8 1995  348 16395.  23.3 31.7 3.106 0.    2.
   8 1995  349 16330.  23.3 31.7 3.108 0.    0.
   8 1995  350 16367.  23.3 31.7 3.104 0.    0.
   8 1995  351 16404.  23.3 31.7 3.100 0.    0.
   8 1995  352 16441.  23.3 31.7 3.096 0.    0.
   8 1995  353 16478.  23.3 31.7 3.092 1.    0.
   8 1995  354 16514.  23.4 31.8 3.087 1.    0.
   8 1995  355 16551.  23.4 31.8 3.083 1.    0.
   8 1995  356 16588.  23.4 31.8 3.079 1.   19.
   8 1995  357 16625.  23.4 31.8 3.075 1.    0.
   8 1995  358 16662.  23.4 31.8 3.071 1.    4.
   8 1995  359 16699.  23.4 31.8 3.067 1.    0.
   8 1995  360 16736.  23.5 31.8 3.063 1.   33.
   8 1995  361 16773.  23.5 31.8 3.059 1.   10.
   8 1995  362 16809.  23.5 31.8 3.054 1.    0.
   8 1995  363 16846.  23.5 31.8 3.050 1.    0.
   8 1995  364 16883.  23.5 31.8 3.046 1.    8.
   8 1995  365 16920.  23.5 31.8 3.042 1.    0.
