*---------------------------------------------------------*
*   Country: Cote d'Ivoire
*   Station: Abidjan
*      Year: 1990
* Longitude: 003 56 W
*  Latitude: 05 15 N
* Elevation: 6 m.
*  WMO-code: 65.5780
*  Comments: Automatically generated file from *.WOF file
*            with REGENSIM.FOR ver. aug 96
*
*  Columns:
*  ========
*  station number
*  year
*  day
*  irradiation (kJ m-2 d-1)
*  minimum temperature (degrees Celsius)
*  maximum temperature (degrees Celsius)
*  vapour pressure (kPa)
*  mean wind speed (m s-1)
*  precipitation (mm month-1)
*---------------------------------------------------------*
  -3.93   5.25     6. 0.00 0.00
   8 1990    1 16680.  24.0 31.0 3.011 2.    0.
   8 1990    2 16699.  24.0 30.9 3.013 2.    0.
   8 1990    3 16717.  24.0 30.9 3.014 2.    0.
   8 1990    4 16736.  24.0 30.8 3.016 2.    0.
   8 1990    5 16754.  24.0 30.8 3.017 2.    0.
   8 1990    6 16773.  23.9 30.7 3.019 2.    0.
   8 1990    7 16791.  23.9 30.7 3.020 2.    0.
   8 1990    8 16810.  23.9 30.6 3.022 2.    0.
   8 1990    9 16829.  23.9 30.6 3.023 2.    0.
   8 1990   10 16847.  23.9 30.5 3.025 2.    0.
   8 1990   11 16866.  23.8 30.5 3.026 2.    0.
   8 1990   12 16884.  23.8 30.4 3.027 2.    0.
   8 1990   13 16903.  23.8 30.4 3.029 2.    0.
   8 1990   14 16921.  23.8 30.3 3.031 2.    4.
   8 1990   15 16940.  23.8 30.3 3.032 2.    0.
   8 1990   16 16973.  23.8 30.3 3.031 2.    0.
   8 1990   17 17007.  23.8 30.3 3.030 2.    0.
   8 1990   18 17040.  23.8 30.4 3.029 2.    0.
   8 1990   19 17073.  23.8 30.4 3.028 2.    0.
   8 1990   20 17107.  23.8 30.4 3.026 2.    0.
   8 1990   21 17140.  23.8 30.4 3.025 2.    0.
   8 1990   22 17173.  23.8 30.4 3.024 2.    0.
   8 1990   23 17207.  23.8 30.5 3.023 2.    0.
   8 1990   24 17240.  23.8 30.5 3.022 2.    0.
   8 1990   25 17273.  23.8 30.5 3.021 2.    0.
   8 1990   26 17307.  23.8 30.5 3.020 2.    0.
   8 1990   27 17340.  23.8 30.5 3.019 2.    0.
   8 1990   28 17373.  23.8 30.6 3.018 2.    0.
   8 1990   29 17407.  23.8 30.6 3.017 2.    0.
   8 1990   30 17440.  23.8 30.6 3.016 2.    0.
   8 1990   31 17473.  23.8 30.6 3.014 2.    0.
   8 1990   32 17507.  23.8 30.6 3.013 2.    0.
   8 1990   33 17540.  23.8 30.7 3.012 2.   14.
   8 1990   34 17573.  23.8 30.7 3.011 2.    0.
   8 1990   35 17607.  23.8 30.7 3.010 2.    0.
   8 1990   36 17640.  23.8 30.7 3.009 2.    0.
   8 1990   37 17673.  23.8 30.7 3.008 2.    3.
   8 1990   38 17707.  23.8 30.8 3.007 2.    0.
   8 1990   39 17740.  23.8 30.8 3.006 2.    0.
   8 1990   40 17773.  23.8 30.8 3.005 2.    0.
   8 1990   41 17807.  23.8 30.8 3.003 2.    0.
   8 1990   42 17840.  23.8 30.8 3.002 2.    0.
   8 1990   43 17873.  23.8 30.9 3.001 2.    0.
   8 1990   44 17907.  23.8 30.9 3.000 2.    0.
   8 1990   45 17940.  23.8 30.9 2.999 2.    0.
   8 1990   46 17961.  23.9 31.0 3.009 2.    0.
   8 1990   47 17981.  24.0 31.0 3.020 2.    0.
   8 1990   48 18002.  24.1 31.1 3.030 2.    0.
   8 1990   49 18023.  24.2 31.2 3.041 2.    0.
   8 1990   50 18043.  24.3 31.2 3.051 2.    0.
   8 1990   51 18064.  24.4 31.3 3.061 2.    0.
   8 1990   52 18085.  24.5 31.4 3.072 2.    0.
   8 1990   53 18106.  24.6 31.4 3.082 3.    0.
   8 1990   54 18126.  24.7 31.5 3.093 3.    0.
   8 1990   55 18147.  24.8 31.6 3.103 3.    0.
   8 1990   56 18168.  24.9 31.6 3.114 3.    0.
   8 1990   57 18188.  25.0 31.7 3.124 3.    0.
   8 1990   58 18209.  25.1 31.8 3.134 3.    0.
   8 1990   59 18230.  25.2 31.9 3.145 3.    0.
   8 1990   60 18250.  25.3 31.9 3.155 3.    0.
   8 1990   61 18271.  25.4 32.0 3.166 3.    6.
   8 1990   62 18292.  25.5 32.1 3.176 3.    0.
   8 1990   63 18312.  25.6 32.1 3.186 3.    0.
   8 1990   64 18333.  25.7 32.2 3.197 3.    0.
   8 1990   65 18354.  25.8 32.3 3.207 3.    0.
   8 1990   66 18374.  25.9 32.3 3.218 3.    0.
   8 1990   67 18395.  26.0 32.4 3.228 3.    3.
   8 1990   68 18416.  26.1 32.5 3.239 3.    0.
   8 1990   69 18437.  26.2 32.5 3.249 3.    0.
   8 1990   70 18457.  26.3 32.6 3.259 3.   10.
   8 1990   71 18478.  26.4 32.7 3.270 3.    0.
   8 1990   72 18499.  26.5 32.7 3.280 3.    0.
   8 1990   73 18519.  26.6 32.8 3.291 3.    0.
   8 1990   74 18540.  26.7 32.9 3.301 3.    1.
   8 1990   75 18530.  26.7 32.8 3.299 3.    0.
   8 1990   76 18519.  26.6 32.8 3.298 3.    0.
   8 1990   77 18509.  26.6 32.8 3.296 3.    0.
   8 1990   78 18499.  26.6 32.7 3.295 3.    0.
   8 1990   79 18488.  26.5 32.7 3.293 3.    0.
   8 1990   80 18478.  26.5 32.7 3.291 3.    0.
   8 1990   81 18468.  26.5 32.6 3.290 3.    0.
   8 1990   82 18457.  26.4 32.6 3.288 3.    0.
   8 1990   83 18447.  26.4 32.6 3.286 3.    0.
   8 1990   84 18437.  26.4 32.5 3.285 3.    0.
   8 1990   85 18426.  26.3 32.5 3.283 3.   12.
   8 1990   86 18416.  26.3 32.5 3.282 3.    0.
   8 1990   87 18406.  26.3 32.5 3.280 3.    0.
   8 1990   88 18395.  26.2 32.4 3.278 3.    0.
   8 1990   89 18385.  26.2 32.4 3.277 3.    0.
   8 1990   90 18375.  26.1 32.4 3.275 3.   13.
   8 1990   91 18365.  26.1 32.3 3.274 3.    0.
   8 1990   92 18354.  26.1 32.3 3.272 3.    3.
   8 1990   93 18344.  26.0 32.3 3.270 3.    3.
   8 1990   94 18334.  26.0 32.2 3.269 3.    0.
   8 1990   95 18323.  26.0 32.2 3.267 3.   17.
   8 1990   96 18313.  25.9 32.2 3.266 3.   11.
   8 1990   97 18303.  25.9 32.1 3.264 3.    0.
   8 1990   98 18292.  25.9 32.1 3.262 3.    0.
   8 1990   99 18282.  25.8 32.1 3.261 3.    0.
   8 1990  100 18272.  25.8 32.0 3.259 3.    1.
   8 1990  101 18261.  25.8 32.0 3.257 3.    0.
   8 1990  102 18251.  25.7 32.0 3.256 3.    0.
   8 1990  103 18241.  25.7 31.9 3.254 3.    0.
   8 1990  104 18230.  25.7 31.9 3.253 3.    0.
   8 1990  105 18220.  25.6 31.9 3.251 3.    0.
   8 1990  106 18193.  25.6 31.8 3.246 3.    0.
   8 1990  107 18165.  25.6 31.8 3.242 3.    2.
   8 1990  108 18138.  25.6 31.8 3.237 3.    0.
   8 1990  109 18111.  25.6 31.7 3.232 3.    0.
   8 1990  110 18083.  25.6 31.7 3.227 3.    0.
   8 1990  111 18056.  25.5 31.7 3.223 3.    1.
   8 1990  112 18029.  25.5 31.6 3.218 3.    0.
   8 1990  113 18001.  25.5 31.6 3.213 3.   26.
   8 1990  114 17974.  25.5 31.5 3.209 3.    0.
   8 1990  115 17947.  25.5 31.5 3.204 3.    1.
   8 1990  116 17919.  25.5 31.5 3.199 3.    0.
   8 1990  117 17892.  25.5 31.4 3.195 3.    0.
   8 1990  118 17865.  25.4 31.4 3.190 3.    0.
   8 1990  119 17837.  25.4 31.4 3.185 3.    0.
   8 1990  120 17810.  25.4 31.3 3.181 3.    0.
   8 1990  121 17783.  25.4 31.3 3.176 3.    7.
   8 1990  122 17755.  25.4 31.3 3.171 3.   18.
   8 1990  123 17728.  25.4 31.2 3.166 3.    0.
   8 1990  124 17701.  25.4 31.2 3.162 3.    4.
   8 1990  125 17673.  25.3 31.2 3.157 3.    3.
   8 1990  126 17646.  25.3 31.1 3.152 3.   19.
   8 1990  127 17619.  25.3 31.1 3.148 3.    0.
   8 1990  128 17591.  25.3 31.0 3.143 3.    0.
   8 1990  129 17564.  25.3 31.0 3.138 3.    0.
   8 1990  130 17537.  25.3 31.0 3.133 3.    4.
   8 1990  131 17509.  25.3 30.9 3.129 3.    0.
   8 1990  132 17482.  25.2 30.9 3.124 3.    0.
   8 1990  133 17455.  25.2 30.9 3.119 3.    8.
   8 1990  134 17427.  25.2 30.8 3.115 3.    0.
   8 1990  135 17400.  25.2 30.8 3.110 3.    0.
   8 1990  136 17323.  25.2 30.8 3.111 3.    1.
   8 1990  137 17245.  25.2 30.7 3.111 3.    0.
   8 1990  138 17168.  25.1 30.7 3.112 3.    0.
   8 1990  139 17090.  25.1 30.7 3.112 3.   13.
   8 1990  140 17013.  25.1 30.6 3.113 3.   24.
   8 1990  141 16935.  25.1 30.6 3.114 3.    0.
   8 1990  142 16858.  25.0 30.6 3.114 3.    0.
   8 1990  143 16781.  25.0 30.5 3.115 3.    0.
   8 1990  144 16703.  25.0 30.5 3.116 3.    0.
   8 1990  145 16626.  25.0 30.4 3.116 3.    4.
   8 1990  146 16548.  25.0 30.4 3.117 3.    0.
   8 1990  147 16471.  24.9 30.4 3.117 3.    0.
   8 1990  148 16394.  24.9 30.3 3.118 3.    4.
   8 1990  149 16316.  24.9 30.3 3.119 3.   12.
   8 1990  150 16239.  24.9 30.3 3.119 3.    2.
   8 1990  151 16161.  24.9 30.2 3.120 3.    8.
   8 1990  152 16084.  24.8 30.2 3.120 3.   15.
   8 1990  153 16006.  24.8 30.2 3.121 3.   17.
   8 1990  154 15929.  24.8 30.1 3.122 3.   15.
   8 1990  155 15852.  24.8 30.1 3.122 3.    0.
   8 1990  156 15774.  24.7 30.1 3.123 3.    0.
   8 1990  157 15697.  24.7 30.0 3.123 3.    7.
   8 1990  158 15619.  24.7 30.0 3.124 3.    0.
   8 1990  159 15542.  24.7 29.9 3.125 3.   44.
   8 1990  160 15465.  24.7 29.9 3.125 3.    6.
   8 1990  161 15387.  24.6 29.9 3.126 3.    0.
   8 1990  162 15310.  24.6 29.8 3.127 3.    0.
   8 1990  163 15232.  24.6 29.8 3.127 3.    0.
   8 1990  164 15155.  24.6 29.8 3.128 3.   17.
   8 1990  165 15077.  24.6 29.7 3.128 3.    0.
   8 1990  166 15000.  24.5 29.7 3.129 3.   23.
   8 1990  167 14987.  24.5 29.6 3.119 3.    0.
   8 1990  168 14974.  24.4 29.6 3.108 3.   14.
   8 1990  169 14961.  24.4 29.5 3.098 3.   13.
   8 1990  170 14948.  24.3 29.4 3.087 3.   23.
   8 1990  171 14935.  24.3 29.4 3.077 3.    3.
   8 1990  172 14922.  24.2 29.3 3.067 3.   17.
   8 1990  173 14909.  24.2 29.2 3.056 3.   12.
   8 1990  174 14896.  24.1 29.1 3.046 2.    0.
   8 1990  175 14883.  24.1 29.1 3.035 2.    0.
   8 1990  176 14870.  24.0 29.0 3.025 2.   37.
   8 1990  177 14857.  24.0 28.9 3.015 2.    0.
   8 1990  178 14844.  23.9 28.9 3.004 2.   15.
   8 1990  179 14831.  23.9 28.8 2.994 2.   20.
   8 1990  180 14818.  23.8 28.7 2.983 2.    2.
   8 1990  181 14805.  23.8 28.6 2.973 2.    1.
   8 1990  182 14792.  23.8 28.6 2.963 2.   12.
   8 1990  183 14779.  23.7 28.5 2.952 2.    0.
   8 1990  184 14766.  23.7 28.4 2.942 2.    0.
   8 1990  185 14753.  23.6 28.4 2.931 2.    9.
   8 1990  186 14740.  23.6 28.3 2.921 2.    0.
   8 1990  187 14727.  23.5 28.2 2.911 2.    0.
   8 1990  188 14714.  23.5 28.2 2.900 2.    0.
   8 1990  189 14701.  23.4 28.1 2.890 2.    0.
   8 1990  190 14688.  23.4 28.0 2.879 2.    0.
   8 1990  191 14675.  23.3 28.0 2.869 2.    0.
   8 1990  192 14662.  23.3 27.9 2.859 2.    0.
   8 1990  193 14649.  23.2 27.8 2.848 2.    0.
   8 1990  194 14636.  23.2 27.7 2.838 2.   18.
   8 1990  195 14623.  23.1 27.7 2.827 2.    0.
   8 1990  196 14610.  23.1 27.6 2.817 2.    0.
   8 1990  197 14522.  23.0 27.6 2.811 2.    6.
   8 1990  198 14435.  23.0 27.5 2.805 2.    0.
   8 1990  199 14347.  22.9 27.5 2.799 2.    0.
   8 1990  200 14259.  22.8 27.4 2.793 2.    0.
   8 1990  201 14171.  22.8 27.4 2.787 2.    0.
   8 1990  202 14084.  22.7 27.3 2.782 2.    0.
   8 1990  203 13996.  22.7 27.3 2.776 2.    0.
   8 1990  204 13908.  22.6 27.2 2.770 2.    0.
   8 1990  205 13820.  22.6 27.2 2.764 2.    3.
   8 1990  206 13733.  22.5 27.1 2.758 2.    0.
   8 1990  207 13645.  22.4 27.1 2.752 2.    0.
   8 1990  208 13557.  22.4 27.0 2.746 2.    0.
   8 1990  209 13469.  22.3 27.0 2.740 2.    0.
   8 1990  210 13382.  22.3 26.9 2.734 2.    0.
   8 1990  211 13294.  22.2 26.9 2.728 2.    0.
   8 1990  212 13206.  22.2 26.8 2.723 2.    0.
   8 1990  213 13118.  22.1 26.8 2.717 2.    0.
   8 1990  214 13031.  22.0 26.7 2.711 2.    0.
   8 1990  215 12943.  22.0 26.7 2.705 2.    0.
   8 1990  216 12855.  21.9 26.6 2.699 2.    0.
   8 1990  217 12767.  21.9 26.6 2.693 2.    2.
   8 1990  218 12680.  21.8 26.5 2.687 2.    3.
   8 1990  219 12592.  21.8 26.5 2.681 2.    0.
   8 1990  220 12504.  21.7 26.4 2.675 1.    0.
   8 1990  221 12416.  21.6 26.4 2.669 1.    0.
   8 1990  222 12329.  21.6 26.3 2.664 1.    0.
   8 1990  223 12241.  21.5 26.3 2.658 1.    0.
   8 1990  224 12153.  21.5 26.2 2.652 1.    1.
   8 1990  225 12065.  21.4 26.2 2.646 1.    3.
   8 1990  226 11978.  21.4 26.1 2.640 1.    1.
   8 1990  227 11890.  21.3 26.1 2.634 1.    0.
   8 1990  228 11984.  21.3 26.1 2.640 1.    0.
   8 1990  229 12078.  21.4 26.2 2.647 1.    0.
   8 1990  230 12173.  21.4 26.2 2.653 1.    0.
   8 1990  231 12267.  21.5 26.3 2.660 1.    0.
   8 1990  232 12361.  21.5 26.3 2.666 1.    1.
   8 1990  233 12455.  21.6 26.4 2.672 1.    0.
   8 1990  234 12549.  21.6 26.5 2.679 1.    0.
   8 1990  235 12644.  21.6 26.5 2.685 1.    0.
   8 1990  236 12738.  21.7 26.6 2.691 1.    0.
   8 1990  237 12832.  21.7 26.6 2.698 1.    0.
   8 1990  238 12926.  21.8 26.7 2.704 1.    0.
   8 1990  239 13020.  21.8 26.7 2.711 1.    0.
   8 1990  240 13115.  21.9 26.8 2.717 1.    1.
   8 1990  241 13209.  21.9 26.9 2.723 1.    0.
   8 1990  242 13303.  21.9 26.9 2.730 1.    0.
   8 1990  243 13397.  22.0 27.0 2.736 1.    0.
   8 1990  244 13491.  22.0 27.0 2.743 1.    0.
   8 1990  245 13585.  22.1 27.1 2.749 1.    0.
   8 1990  246 13680.  22.1 27.1 2.755 1.    0.
   8 1990  247 13774.  22.2 27.2 2.762 1.    0.
   8 1990  248 13868.  22.2 27.2 2.768 1.    0.
   8 1990  249 13962.  22.2 27.3 2.775 1.    0.
   8 1990  250 14056.  22.3 27.4 2.781 1.    0.
   8 1990  251 14151.  22.3 27.4 2.787 1.    5.
   8 1990  252 14245.  22.4 27.5 2.794 1.    0.
   8 1990  253 14339.  22.4 27.5 2.800 1.    0.
   8 1990  254 14433.  22.5 27.6 2.806 1.    0.
   8 1990  255 14527.  22.5 27.6 2.813 1.    3.
   8 1990  256 14622.  22.5 27.7 2.819 1.    0.
   8 1990  257 14716.  22.6 27.7 2.826 1.    0.
   8 1990  258 14810.  22.6 27.8 2.832 1.    1.
   8 1990  259 14954.  22.7 27.9 2.837 1.    0.
   8 1990  260 15098.  22.8 28.0 2.843 1.    0.
   8 1990  261 15242.  22.8 28.0 2.848 1.    0.
   8 1990  262 15386.  22.9 28.1 2.854 1.    0.
   8 1990  263 15530.  22.9 28.2 2.859 1.    3.
   8 1990  264 15674.  23.0 28.3 2.865 1.    0.
   8 1990  265 15818.  23.1 28.4 2.870 1.    2.
   8 1990  266 15962.  23.1 28.5 2.876 1.    0.
   8 1990  267 16106.  23.2 28.5 2.881 1.    1.
   8 1990  268 16250.  23.3 28.6 2.887 1.    0.
   8 1990  269 16394.  23.3 28.7 2.892 1.    1.
   8 1990  270 16538.  23.4 28.8 2.898 1.    6.
   8 1990  271 16682.  23.5 28.9 2.903 1.    0.
   8 1990  272 16826.  23.5 29.0 2.909 1.    0.
   8 1990  273 16970.  23.6 29.0 2.914 1.    1.
   8 1990  274 17114.  23.6 29.1 2.919 1.    0.
   8 1990  275 17258.  23.7 29.2 2.925 1.   20.
   8 1990  276 17402.  23.8 29.3 2.930 1.    0.
   8 1990  277 17546.  23.8 29.4 2.936 1.    1.
   8 1990  278 17690.  23.9 29.4 2.941 1.    0.
   8 1990  279 17834.  24.0 29.5 2.947 1.    0.
   8 1990  280 17978.  24.0 29.6 2.952 1.    0.
   8 1990  281 18122.  24.1 29.7 2.958 2.    0.
   8 1990  282 18266.  24.1 29.8 2.963 2.    0.
   8 1990  283 18410.  24.2 29.9 2.969 2.    0.
   8 1990  284 18554.  24.3 29.9 2.974 2.    2.
   8 1990  285 18698.  24.3 30.0 2.980 2.    0.
   8 1990  286 18842.  24.4 30.1 2.985 2.    0.
   8 1990  287 18986.  24.5 30.2 2.991 2.    8.
   8 1990  288 19130.  24.5 30.3 2.996 2.    0.
   8 1990  289 19101.  24.5 30.2 2.992 2.   11.
   8 1990  290 19072.  24.6 30.2 2.987 2.   10.
   8 1990  291 19043.  24.6 30.2 2.983 2.   24.
   8 1990  292 19014.  24.6 30.2 2.979 2.    0.
   8 1990  293 18985.  24.6 30.1 2.975 2.    6.
   8 1990  294 18956.  24.6 30.1 2.970 2.    0.
   8 1990  295 18927.  24.6 30.1 2.966 2.   14.
   8 1990  296 18898.  24.6 30.0 2.962 2.    0.
   8 1990  297 18869.  24.6 30.0 2.958 2.   13.
   8 1990  298 18840.  24.6 30.0 2.953 2.    2.
   8 1990  299 18811.  24.6 30.0 2.949 2.    0.
   8 1990  300 18782.  24.6 29.9 2.945 2.   21.
   8 1990  301 18753.  24.7 29.9 2.941 2.    0.
   8 1990  302 18724.  24.7 29.9 2.936 2.    4.
   8 1990  303 18695.  24.7 29.8 2.932 2.    0.
   8 1990  304 18665.  24.7 29.8 2.928 2.   15.
   8 1990  305 18636.  24.7 29.8 2.924 2.    0.
   8 1990  306 18607.  24.7 29.8 2.919 2.    4.
   8 1990  307 18578.  24.7 29.7 2.915 2.    0.
   8 1990  308 18549.  24.7 29.7 2.911 2.    0.
   8 1990  309 18520.  24.7 29.7 2.907 2.    0.
   8 1990  310 18491.  24.8 29.6 2.902 2.    0.
   8 1990  311 18462.  24.8 29.6 2.898 2.    0.
   8 1990  312 18433.  24.8 29.6 2.894 2.    0.
   8 1990  313 18404.  24.8 29.6 2.890 2.    1.
   8 1990  314 18375.  24.8 29.5 2.885 2.    0.
   8 1990  315 18346.  24.8 29.5 2.881 2.    0.
   8 1990  316 18317.  24.8 29.5 2.877 2.    4.
   8 1990  317 18288.  24.8 29.4 2.873 2.    0.
   8 1990  318 18259.  24.8 29.4 2.868 2.   35.
   8 1990  319 18230.  24.8 29.4 2.864 2.    0.
   8 1990  320 18170.  24.8 29.5 2.868 2.   10.
   8 1990  321 18109.  24.8 29.5 2.872 2.   21.
   8 1990  322 18049.  24.8 29.6 2.877 2.    1.
   8 1990  323 17989.  24.8 29.7 2.881 2.    0.
   8 1990  324 17928.  24.8 29.8 2.885 2.   15.
   8 1990  325 17868.  24.7 29.8 2.889 2.    0.
   8 1990  326 17808.  24.7 29.9 2.893 2.    0.
   8 1990  327 17747.  24.7 30.0 2.898 2.   18.
   8 1990  328 17687.  24.7 30.1 2.902 2.    0.
   8 1990  329 17627.  24.7 30.1 2.906 2.    0.
   8 1990  330 17566.  24.6 30.2 2.910 2.    0.
   8 1990  331 17506.  24.6 30.3 2.914 2.    4.
   8 1990  332 17446.  24.6 30.4 2.919 2.   12.
   8 1990  333 17385.  24.6 30.4 2.923 2.    1.
   8 1990  334 17325.  24.6 30.5 2.927 2.    0.
   8 1990  335 17265.  24.6 30.6 2.931 2.    0.
   8 1990  336 17204.  24.5 30.7 2.935 2.    0.
   8 1990  337 17144.  24.5 30.8 2.940 2.    0.
   8 1990  338 17084.  24.5 30.8 2.944 2.    0.
   8 1990  339 17023.  24.5 30.9 2.948 2.    0.
   8 1990  340 16963.  24.5 31.0 2.952 2.    6.
   8 1990  341 16903.  24.4 31.1 2.956 2.    1.
   8 1990  342 16842.  24.4 31.1 2.961 2.    0.
   8 1990  343 16782.  24.4 31.2 2.965 2.    0.
   8 1990  344 16722.  24.4 31.3 2.969 2.    0.
   8 1990  345 16661.  24.4 31.4 2.973 2.    0.
   8 1990  346 16601.  24.4 31.4 2.977 2.    0.
   8 1990  347 16541.  24.3 31.5 2.982 2.    0.
   8 1990  348 16480.  24.3 31.6 2.986 2.    0.
   8 1990  349 16420.  24.3 31.7 2.990 2.    0.
   8 1990  350 16436.  24.3 31.6 2.991 2.    0.
   8 1990  351 16453.  24.3 31.6 2.993 2.    0.
   8 1990  352 16469.  24.3 31.5 2.994 2.    0.
   8 1990  353 16485.  24.2 31.5 2.995 2.    6.
   8 1990  354 16501.  24.2 31.5 2.997 2.   22.
   8 1990  355 16518.  24.2 31.4 2.998 2.    0.
   8 1990  356 16534.  24.2 31.4 2.999 2.    1.
   8 1990  357 16550.  24.2 31.3 3.001 2.    0.
   8 1990  358 16566.  24.2 31.3 3.002 2.    0.
   8 1990  359 16583.  24.1 31.2 3.003 2.    0.
   8 1990  360 16599.  24.1 31.2 3.004 2.    8.
   8 1990  361 16615.  24.1 31.2 3.006 2.    0.
   8 1990  362 16631.  24.1 31.1 3.007 2.    0.
   8 1990  363 16648.  24.1 31.1 3.008 2.    0.
   8 1990  364 16664.  24.1 31.0 3.010 2.    0.
   8 1990  365 16680.  24.0 31.0 3.011 2.   15.
