*----------------------------------------------------------             
* Station name: Hacienda El Carmen                                      
* Author: Atlantic Zone Project, AUW-MAG-CATIE, Costa Rica              
* Source: IMN, San Jose, Costa Rica                                     
*                                                                       
* Comments: No wind speed data                                          
*           SR data until March only                                    
*           Check unit of VP                                            
*                                                                       
* Longitude:  83  29 W, latitude:  10  12 N, altitude:  15 m.           
* Column  Daily value                                                   
*    1    station number                                                
*    2    year                                                          
*    3    month                                                         
*    4    day                                                           
*    5    julian date                                                   
*    6    irradiation            (1000 * MJ m-2 d-1)                    
*    7    minimum temperature    (degrees Celcius)                      
*    8    maximum temperature    (degrees Celcius)                      
*    9    vapor pressure at 0700 (mbar)                                 
*   10    vapor pressure at 1300 (mbar)                                 
*   11    vapor pressure at 1800 (mbar)                                 
*   12    mean wind speed        (kilometer per hour)                   
*   13    precipitation          (mm d-1)                               
*   14    sunshine hours         (hours)                                
* Missing value: -99                                                    
*---------------------------------------------------------              
*  data converted with WDC for CABO-format
*-------------------------------------------
  83.48  10.20    15.  .00  .00
  1 1985   1  10381.00  17.0  30.0   2.0   .55    .0
  1 1985   2  15404.00  19.0  30.0   1.9   .55    .6
  1 1985   3  14777.00  21.0  30.5   2.4   .55    .0
  1 1985   4  11763.00  19.3  30.0   2.4   .55   3.2
  1 1985   5   7953.00  20.0  27.0   2.4   .55  32.8
  1 1985   6   7074.00  18.5  28.0   2.9   .55  10.2
  1 1985   7  10842.00  17.0  28.0   2.4   .55    .5
  1 1985   8  16535.00  19.0  29.5   2.5   .55    .0
  1 1985   9  16953.00  17.0  30.0   2.3   .55    .0
  1 1985  10  13479.00  19.7  29.2   2.5   .55   3.9
  1 1985  11  14274.00  17.5  30.5   2.4   .55    .0
  1 1985  12  15404.00  18.5  31.0   2.4   .55   2.9
  1 1985  13  10800.00  19.0  28.5   2.4   .55   5.4
  1 1985  14   9963.00  17.5  28.5   2.3   .55    .0
  1 1985  15  18837.00  17.6  30.0   2.3   .55    .5
  1 1985  16  15990.00  18.0  30.0   2.4   .55    .0
  1 1985  17  15195.00  17.0  29.5   2.1   .55    .0
  1 1985  18  16158.00  17.6  30.5   2.4   .55    .0
  1 1985  19  18125.00  17.0  31.0   2.3   .55    .0
  1 1985  20  10381.00  16.5  31.0   2.6   .55    .5
  1 1985  21   8163.00  19.0  31.5   2.5   .55    .0
  1 1985  22  13395.00  17.5  30.5   2.3   .55    .3
  1 1985  23  13743.39  19.0  29.0   2.4   .55   3.1
  1 1985  24  14818.00  19.0  30.0   2.5   .55    .0
  1 1985  25  13395.00  18.5  30.0   2.2   .55    .2
  1 1985  26  12223.00  17.5  31.0   2.2   .55   1.6
  1 1985  27  15111.00  17.5  30.5   2.3   .55   4.5
  1 1985  28   9544.00  21.0  28.0   2.4   .59   3.0
  1 1985  29  13311.00  17.0  29.5   2.3   .59    .0
  1 1985  30  14693.00  17.0  30.0   2.1   .59    .0
  1 1985  31  16493.00  21.0  30.5   2.5   .59    .0
  1 1985  32  14274.00  17.3  30.0   2.3   .59    .0
  1 1985  33  15111.00  19.7  30.5   2.5   .59    .0
  1 1985  34  15781.00  16.5  30.5   2.2   .59   1.5
  1 1985  35  16283.00  17.5  30.4   2.3   .59    .6
  1 1985  36  16911.00  18.0  30.6   2.3   .59   3.2
  1 1985  37   7367.00  17.8  28.6   2.4   .59   9.5
  1 1985  38   7284.00  18.6  28.0   2.5   .59    .0
  1 1985  39  11177.00  18.5  29.5   2.5   .59  16.7
  1 1985  40  13688.00  20.0  29.0   2.5   .59  10.0
  1 1985  41  18670.00  19.0  30.0   2.5   .59    .6
  1 1985  42  12432.00  20.0  31.5   2.3   .59   7.5
  1 1985  43   7577.00  16.5  28.0   2.7   .59  81.0
  1 1985  44   9293.00  20.5  28.5   2.7   .59  10.3
  1 1985  45  15404.00  19.0  29.5   2.5   .59   7.0
  1 1985  46  13102.00  18.9  29.0   2.2   .59  16.3
  1 1985  47  11595.00  17.5  28.0   2.5   .59   1.3
  1 1985  48  13395.00  18.0  29.2   2.4   .59    .0
  1 1985  49  11972.00  15.6  29.5   2.1   .59    .0
  1 1985  50  15656.00  19.8  30.0   2.2   .59   1.4
  1 1985  51  18418.00  18.5  30.5   2.6   .59   1.2
  1 1985  52  18335.00  20.4  31.0   2.7   .59   1.2
  1 1985  53   8121.00  20.6  29.0   2.6   .59   7.3
  1 1985  54  12097.00  21.0  29.0   2.6   .59   1.1
  1 1985  55  15990.00  18.5  30.0   2.7   .59    .7
  1 1985  56  16493.00  18.7  30.0   2.4   .59   2.5
  1 1985  57  16409.00  18.2  30.0   2.2   .59   6.2
  1 1985  58  21516.00  19.0  30.4   2.2   .59    .0
  1 1985  59  17707.00  18.0  29.4   2.2   .59    .2
  1 1985  60  14442.00  18.0  29.4   2.3   .59   3.2
  1 1985  61   9460.00  18.5  28.8   2.5   .59  39.0
  1 1985  62   8498.00  19.5  26.5   2.6   .59  18.0
  1 1985  63  19632.00  19.5  30.5   2.5   .59   6.4
  1 1985  64  16493.00  20.5  30.5   2.5   .59   3.5
  1 1985  65  17288.00  19.0  30.0   2.3   .59   1.0
  1 1985  66   9963.00  19.0  28.0   2.3   .59   7.4
  1 1985  67  20344.00  17.5  30.5   2.4   .59    .1
  1 1985  68  10632.00  19.3  29.5   2.4   .59  29.4
  1 1985  69  16535.00  19.7  29.5   2.6   .59    .0
  1 1985  70  10214.00  19.5  27.0   2.5   .59   2.7
  1 1985  71  21097.00  15.5  31.0   1.9   .59    .0
  1 1985  72  17707.00  17.0  31.0   2.2   .59    .7
  1 1985  73  10967.00  19.5  30.0   2.6   .59  10.9
  1 1985  74  15530.00  20.5  30.0   2.5   .59    .0
  1 1985  75  20135.00  17.2  30.6   2.3   .59    .0
  1 1985  76  20679.00  17.6  31.0   2.5   .59    .0
  1 1985  77  16618.00  19.4  31.0   2.5   .59    .0
  1 1985  78  18418.00  19.0  31.5   2.4   .59    .0
  1 1985  79  20260.00  18.0  32.0   2.5   .59    .0
  1 1985  80  16702.00  18.0  31.0   2.3   .59    .0
  1 1985  81  14902.00  18.0  31.0   2.3   .59    .0
  1 1985  82  16744.00  18.7  31.0   2.6   .59    .0
  1 1985  83  20009.00  18.7  31.0   2.3   .59    .3
  1 1985  84  20093.03  18.5  31.5   2.4   .59    .6
  1 1985  85  14678.74  19.2  30.5   2.5   .59   1.8
  1 1985  86  22605.56  18.0  31.5   2.5   .59    .0
  1 1985  87  22621.00  17.0  31.5   2.0   .59    .0
  1 1985  88  22280.76  18.5  32.5   2.1   .59    .0
  1 1985  89  20166.12  17.0  31.5   2.4   .59    .5
  1 1985  90  15093.86  21.0  30.0   2.7   .59    .0
  1 1985  91  19360.63  21.0  31.5   2.5   .60    .0
  1 1985  92  16177.29  21.6  32.0   2.7   .60    .0
  1 1985  93  22335.27  18.6  31.5   2.4   .60   2.6
  1 1985  94  22697.68  17.0  31.5   2.2   .60    .0
  1 1985  95  21048.70  16.0  31.0   2.1   .60    .0
  1 1985  96  13014.11  18.5  30.5   2.4   .60    .0
  1 1985  97  16566.60  18.0  31.5   2.4   .60    .0
  1 1985  98  19644.28  19.0  32.5   2.5   .60  15.0
  1 1985  99  10548.33  20.0  29.0   2.6   .60   6.2
  1 1985 100  22839.12  17.5  31.0   2.3   .60    .0
  1 1985 101  21186.00  18.0  31.5   2.2   .60  28.2
  1 1985 102  18470.63  20.7  31.5   2.7   .60   1.3
  1 1985 103  10682.44  21.6  28.2   2.9   .60  19.0
  1 1985 104  20475.07  18.7  31.0   2.2   .60    .8
  1 1985 105  17289.49  18.5  30.5   2.4   .60    .0
  1 1985 106  12810.35  20.0  30.0   2.8   .60  31.8
  1 1985 107  17992.06  21.2  30.0   2.8   .60    .0
  1 1985 108  16929.40  19.0  30.0   2.6   .60   1.1
  1 1985 109  20924.80  21.0  31.0   2.7   .60    .0
  1 1985 110  19625.12  20.0  31.0   2.7   .60    .0
  1 1985 111  16564.77  20.5  30.5   2.7   .60    .0
  1 1985 112  22193.12  17.5  31.5   2.5   .60    .0
  1 1985 113  21244.95  17.5  31.5   2.5   .60    .0
  1 1985 114  20531.92  18.5  31.5   2.4   .60    .0
  1 1985 115  18999.86  18.5  32.5   2.5   .60    .0
  1 1985 116  19458.42  19.0  32.0   2.5   .60    .0
  1 1985 117  20967.45  19.5  32.0   2.6   .60    .0
  1 1985 118  18269.58  19.5  32.0   2.6   .60    .0
  1 1985 119  20009.13  18.6  32.0   2.6   .51    .0
  1 1985 120  18481.62  19.0  31.8   2.4   .51   1.1
  1 1985 121  18586.62  18.0  30.5   2.4   .51    .0
  1 1985 122  18225.71  21.5  31.5   2.6   .51    .0
  1 1985 123  22396.64  18.0  32.0   2.7   .51    .0
  1 1985 124  17969.16  20.5  31.5   2.6   .51    .0
  1 1985 125  18188.57  21.0  33.0   2.4   .51  10.0
  1 1985 126  16206.48  22.5  32.0   2.5   .51   1.5
  1 1985 127  10410.22  22.5  29.5   2.8   .51  10.1
  1 1985 128  13987.88  22.0  31.5   2.8   .51   1.2
  1 1985 129  15594.87  20.8  32.5   2.8   .51    .7
  1 1985 130  12700.63  21.5  33.0   2.8   .51    .4
  1 1985 131  17760.83  20.5  34.0   2.6   .51   4.1
  1 1985 132  10382.81  19.8  28.5   2.8   .51  11.2
  1 1985 133  12905.44  20.5  32.0   2.8   .51   3.0
  1 1985 134  17833.18  20.3  32.5   2.5   .51    .0
  1 1985 135  12314.27  20.0  31.0   2.9   .51  12.5
  1 1985 136  11962.27  20.0  31.5   2.5   .51  19.8
  1 1985 137  21679.88  18.5  32.5   2.6   .51    .0
  1 1985 138  22346.75  18.5  32.5   2.5   .51    .0
  1 1985 139  22098.84  19.5  32.5   2.5   .51   6.0
  1 1985 140  18316.24  21.5  32.0   2.8   .51  12.0
  1 1985 141  19212.56  21.7  31.0   2.9   .51   5.8
  1 1985 142  18969.06  21.5  31.0   2.9   .51    .4
  1 1985 143  16452.71  19.9  33.0   2.8   .51   3.6
  1 1985 144  13487.54  21.0  30.5   2.8   .51    .0
  1 1985 145  13024.25  20.0  31.0   2.7   .51    .8
  1 1985 146  17548.26  20.5  33.0   2.8   .51    .0
  1 1985 147  16742.45  20.7  32.5   3.0   .51    .0
  1 1985 148  16051.52  20.5  33.0   2.7   .51    .0
  1 1985 149  13780.21  20.4  31.5   2.7   .51  37.2
  1 1985 150  13093.78  19.0  31.8   2.5   .51  21.5
  1 1985 151  12972.73  21.0  32.5   3.0   .51  26.6
  1 1985 152  10260.21  20.5  30.5   2.9   .51  23.5
  1 1985 153  12957.02  20.2  31.5   2.8   .51  11.6
  1 1985 154  11486.99  21.0  29.0   2.8   .51    .5
  1 1985 155  11368.46  17.0  29.5   2.9   .51   3.4
  1 1985 156  10239.35  20.5  29.5   2.8   .51  79.9
  1 1985 157  14499.97  20.5  32.0   2.9   .51   1.2
  1 1985 158  15501.96  20.4  32.0   2.8   .51    .0
  1 1985 159  12019.12  19.5  31.5   2.7   .51   3.2
  1 1985 160  12237.87  20.0  31.5   2.8   .51  36.6
  1 1985 161  10217.41  21.0  29.5   2.7   .51   2.0
  1 1985 162  19948.99  20.0  32.0   3.0   .51    .0
  1 1985 163  13341.74  21.0  32.5   2.8   .51    .0
  1 1985 164  20491.59  19.5  32.5   2.6   .51  15.5
  1 1985 165  20707.59  19.0  32.0   2.8   .51    .0
  1 1985 166  17461.39  19.5  33.0   2.7   .51    .4
  1 1985 167  10310.05  20.0  31.0   2.6   .51   2.1
  1 1985 168  12986.71  21.0  32.0   2.7   .51  36.4
  1 1985 169  10082.42  21.2  29.5   2.8   .51    .9
  1 1985 170  14989.72  20.5  32.0   2.5   .51  50.2
  1 1985 171  10079.11  22.0  25.5   3.0   .51 130.6
  1 1985 172  11081.64  21.0  30.0   2.9   .51   9.2
  1 1985 173  12530.32  21.5  31.2   2.8   .51  14.0
  1 1985 174  10299.10  21.0  30.0   2.8   .51  27.0
  1 1985 175  11302.23  20.6  31.2   2.9   .51  47.7
  1 1985 176  10967.46  21.6  29.5   2.8   .51    .0
  1 1985 177  16766.80  20.1  31.7   2.9   .51   1.0
  1 1985 178  10633.28  21.5  30.5   3.0   .51   9.0
  1 1985 179  16211.54  20.5  31.5   2.8   .51  57.5
  1 1985 180  11415.76  21.2  30.0   2.9   .51    .5
  1 1985 181  12867.88  20.5  30.0   2.9   .51  14.5
  1 1985 182  14209.44  21.0  29.5   2.9   .51   1.1
  1 1985 183  19907.15  19.5  32.0   2.7   .51    .0
  1 1985 184  13210.00  20.0  31.5   2.8   .51   2.4
  1 1985 185  10084.19  22.0  27.0   2.9   .51  13.9
  1 1985 186  13775.57  19.5  31.5   2.7   .51    .0
  1 1985 187  10871.60  20.0  30.0   2.9   .51  15.5
  1 1985 188  17588.69  20.1  31.5   2.8   .51  29.6
  1 1985 189  10205.92  19.4  27.5   2.5   .51  10.7
  1 1985 190  10544.99  18.5  29.0   2.4   .51    .2
  1 1985 191  18170.63  18.5  31.5   2.6   .51   1.9
  1 1985 192  19188.44  21.0  31.5   3.0   .51    .0
  1 1985 193  17851.02  20.0  31.5   2.8   .51    .0
  1 1985 194  12581.19  21.0  31.0   2.9   .51   1.3
  1 1985 195  11237.96  21.0  30.0   2.7   .51    .2
  1 1985 196  10117.87  20.0  28.3   2.6   .51   2.0
  1 1985 197  18226.42  18.5  32.0   2.7   .51   1.7
  1 1985 198  19138.13  21.0  32.5   2.6   .51    .0
  1 1985 199  11257.53  19.3  30.5   2.7   .51  12.7
  1 1985 200  10134.35  19.5  27.5   2.9   .51   6.2
  1 1985 201  11380.96  20.0  28.0   2.7   .51  18.2
  1 1985 202  10143.07  19.8  29.5   2.7   .51    .0
  1 1985 203  12183.91  18.4  30.5   2.5   .51    .0
  1 1985 204  17172.59  18.7  32.0   2.7   .51   7.1
  1 1985 205  10383.14  20.0  28.0   2.8   .51  11.7
  1 1985 206  14018.09  20.0  30.0   2.7   .51    .9
  1 1985 207  16637.90  20.2  32.5   2.7   .51    .0
  1 1985 208  16989.50  20.0  32.5   2.7   .51  23.8
  1 1985 209  13018.59  19.5  30.0   2.7   .51   6.7
  1 1985 210  10292.66  19.7  28.5   2.8   .58    .3
  1 1985 211  10867.06  20.5  29.0   2.7   .58   5.2
  1 1985 212  18516.58  19.5  31.5   2.6   .58  38.9
  1 1985 213  11562.10  19.5  28.3   2.7   .58    .0
  1 1985 214  11224.57  19.5  30.0   2.8   .58  37.1
  1 1985 215  10428.53  19.8  29.5   2.6   .58    .0
  1 1985 216  13639.75  20.3  30.0   2.9   .58   1.0
  1 1985 217  14220.02  20.0  31.5   2.6   .58  60.9
  1 1985 218  11587.93  19.0  29.5   2.9   .58 107.8
  1 1985 219  10443.94  19.0  29.0   2.6   .58    .0
  1 1985 220  11482.17  18.5  32.0   2.6   .58  10.5
  1 1985 221  12522.10  21.0  31.5   2.7   .58   1.3
  1 1985 222  13333.34  20.0  31.0   2.8   .58   4.9
  1 1985 223  22446.68  19.3  32.5   2.6   .58    .0
  1 1985 224  22113.66  19.0  31.5   2.7   .58    .0
  1 1985 225  12309.28  19.5  31.0   2.7   .58  16.5
  1 1985 226  20635.37  20.3  32.0   2.7   .58  12.3
  1 1985 227  13588.80  21.0  31.5   2.9   .58   2.1
  1 1985 228  10235.27  20.0  27.0   2.7   .58   4.3
  1 1985 229  10468.07  20.0  27.5   2.8   .58  23.9
  1 1985 230  10237.08  20.0  26.0   2.6   .58   1.5
  1 1985 231  10237.53  19.0  25.5   2.7   .58   4.6
  1 1985 232  19295.38  19.5  32.5   2.6   .58  22.2
  1 1985 233  16744.85  20.0  31.5   2.8   .58    .0
  1 1985 234  14539.24  21.6  31.0   2.9   .58   4.5
  1 1985 235  16635.35  20.5  32.5   2.7   .58    .0
  1 1985 236  17918.51  19.5  32.5   2.5   .58  33.1
  1 1985 237  15241.99  18.0  32.5   2.5   .58    .1
  1 1985 238  17340.48  19.0  32.0   2.6   .58    .0
  1 1985 239  16758.56  19.4  31.5   2.5   .58    .0
  1 1985 240  12442.37  19.4  30.5   2.8   .58   2.2
  1 1985 241  15707.94  18.0  32.0   2.5   .58    .0
  1 1985 242  14188.65  20.0  32.0   2.7   .58   6.9
  1 1985 243  18273.80  20.0  31.5   2.8   .58  48.1
  1 1985 244  12079.82  22.4  30.0   2.6   .58   9.9
  1 1985 245  17684.82  23.0  32.0   2.7   .53  20.9
  1 1985 246  12538.10  23.0  30.5   2.9   .53   7.2
  1 1985 247  19313.64  22.7  33.0   2.6   .53    .4
  1 1985 248  12059.20  23.5  30.5   2.8   .53  25.7
  1 1985 249  10181.67  23.0  25.5   2.8   .53  38.3
  1 1985 250  11344.04  20.7  29.5   2.5   .53   5.4
  1 1985 251  12505.99  21.9  31.0   2.5   .53  13.7
  1 1985 252  11094.51  22.5  29.5   2.6   .53    .7
  1 1985 253  12956.99  22.9  29.5   2.8   .53   1.2
  1 1985 254  22068.04  20.2  32.0   2.5   .53    .0
  1 1985 255  14340.73  22.0  32.5   2.5   .53   7.8
  1 1985 256  11992.25  22.0  33.0   2.8   .53    .0
  1 1985 257  20278.19  22.0  32.0   2.7   .53    .9
  1 1985 258  14656.90  23.0  33.0   2.7   .53    .0
  1 1985 259  14644.02  23.0  32.5   2.7   .53    .0
  1 1985 260  20934.21  23.5  32.5   2.7   .53    .0
  1 1985 261  20450.48  23.0  33.0   3.0   .53    .0
  1 1985 262  21365.77  23.0  33.3   2.8   .53   1.7
  1 1985 263  10272.69  23.7  30.5   2.9   .53    .3
  1 1985 264  15501.40  22.7  32.0   2.5   .53    .0
  1 1985 265  14436.02  23.0  32.0   2.6   .53    .0
  1 1985 266  20119.60  23.4  32.6   2.6   .53    .0
  1 1985 267  20678.64  23.0  33.0   2.8   .53    .0
  1 1985 268  21700.58  21.5  34.5   2.5   .53    .0
  1 1985 269  20282.15  22.0  34.2   2.7   .53    .0
  1 1985 270  21184.80  21.2  34.0   2.5   .53  14.1
  1 1985 271  13857.52  23.1  31.0   2.8   .53    .0
  1 1985 272  14068.11  21.2  33.0   2.5   .53    .0
  1 1985 273  11386.32  22.5  32.6   2.7   .54    .1
  1 1985 274  15410.36  23.4  33.5   2.8   .54    .0
  1 1985 275  17001.60  21.8  33.5   2.7   .54    .0
  1 1985 276  14669.16  22.4  33.5   2.7   .54    .3
  1 1985 277  10499.18  22.8  30.5   2.7   .54    .2
  1 1985 278   9788.74  22.1  25.0   2.7   .54   8.3
  1 1985 279  14363.05  22.3  32.5   2.7   .54    .2
  1 1985 280  19957.42  21.2  33.0   2.7   .54  16.8
  1 1985 281  20037.63  23.0  33.0   2.8   .54    .0
  1 1985 282  16456.16  21.0  32.5   2.3   .54    .9
  1 1985 283  14140.62  22.5  31.5   2.7   .54   4.7
  1 1985 284  11945.27  22.0  31.2   2.8   .54    .2
  1 1985 285  10325.43  23.9  29.0   3.0   .54   8.8
  1 1985 286   9733.60  20.8  28.0   2.5   .54    .8
  1 1985 287  15388.03  21.5  31.5   2.5   .54  13.6
  1 1985 288  15129.31  20.9  32.0   2.6   .54   3.9
  1 1985 289  10230.82  21.3  31.5   2.6   .54  29.8
  1 1985 290  10093.53  22.4  30.0   2.8   .54    .9
  1 1985 291  13114.57  21.0  31.0   2.8   .54  20.4
  1 1985 292  15449.27  21.0  31.0   2.8   .54   8.6
  1 1985 293  15527.41  22.0  32.0   2.5   .54    .0
  1 1985 294  15941.43  21.1  31.0   2.7   .54   1.9
  1 1985 295  19713.36  20.0  33.0   2.5   .54    .0
  1 1985 296  18775.93  20.8  33.5   2.4   .54    .0
  1 1985 297  17841.53  21.3  34.2   2.4   .54    .0
  1 1985 298  17467.07  22.0  34.8   2.7   .54  27.6
  1 1985 299  18316.41  22.0  33.0   2.7   .54    .0
  1 1985 300  17830.82  23.2  32.5   2.8   .54    .0
  1 1985 301  19339.94  21.8  33.5   2.4   .54    .9
  1 1985 302  13991.04  22.0  31.5   2.7   .54    .0
  1 1985 303  15390.99  23.0  33.5   2.9   .54  29.2
  1 1985 304  10180.51  22.0  30.0   2.8   .54   2.2
  1 1985 305  11801.94  21.2  32.0   2.7   .54    .0
  1 1985 306  14842.20  23.0  33.5   2.9   .54    .0
  1 1985 307  12727.39  21.8  33.5   2.5   .54   7.5
  1 1985 308  15535.19  23.0  33.5   2.7   .53  19.8
  1 1985 309   9067.99  22.0  25.5   2.5   .53  64.8
  1 1985 310   9043.96  21.2  23.0   2.5   .53  63.9
  1 1985 311  11191.09  21.9  30.0   2.7   .53   5.0
  1 1985 312  10188.07  21.4  29.5   2.7   .53   4.1
  1 1985 313  14054.46  22.1  32.0   2.9   .53   7.6
  1 1985 314  13589.52  22.0  31.5   2.6   .53   7.8
  1 1985 315  17541.95  22.0  31.0   2.6   .53    .1
  1 1985 316  14170.43  20.0  31.7   2.4   .53    .0
  1 1985 317  12743.19  21.0  31.5   2.6   .53   7.4
  1 1985 318  13891.32  22.8  31.0   2.9   .53    .7
  1 1985 319  14073.61  22.5  31.2   2.8   .53   1.1
  1 1985 320   9349.12  21.7  30.0   2.6   .53   7.3
  1 1985 321  13585.54  21.0  30.5   2.3   .53   2.1
  1 1985 322  10367.92  22.0  31.1   2.5   .53    .7
  1 1985 323  17982.29  19.5  32.0   2.4   .53    .0
  1 1985 324  15192.87  20.6  33.0   2.6   .53    .0
  1 1985 325  10722.48  20.3  30.5   2.7   .53   8.7
  1 1985 326   8906.07  20.5  29.2   2.6   .53  40.1
  1 1985 327   9835.31  21.2  29.0   2.7   .53   7.0
  1 1985 328  15074.32  21.0  31.0   2.4   .53    .0
  1 1985 329  13681.44  19.9  31.5   2.3   .53    .0
  1 1985 330  18060.39  21.8  31.5   2.5   .53    .1
  1 1985 331  15831.24  20.0  31.0   2.5   .53    .8
  1 1985 332  17268.48  20.2  32.0   2.4   .53    .0
  1 1985 333  13900.33  21.0  32.5   2.6   .53  23.8
  1 1985 334  16380.59  21.8  31.6   2.8   .53  55.6
  1 1985 335   9484.34  22.0  28.0   2.8   .53  51.5
  1 1985 336  10093.65  21.5  28.0   2.8   .55   7.3
  1 1985 337  13610.56  20.5  31.0   2.4   .55  39.7
  1 1985 338   8716.24  21.8  28.0   2.8   .55  31.9
  1 1985 339   8808.14  21.6  28.0   2.6   .55    .0
  1 1985 340   8486.38  21.5  28.0   2.5   .55   3.0
  1 1985 341  12924.29  20.5  31.0   2.6   .55    .0
  1 1985 342  13221.04  21.0  31.6   2.6   .55  27.5
  1 1985 343   8561.34  23.0  26.5   2.7   .55  47.5
  1 1985 344   9275.62  21.5  28.0   2.8   .55   4.0
  1 1985 345  16486.54  21.2  30.5   2.8   .55   2.3
  1 1985 346   8539.34  21.5  30.0   2.6   .55    .0
  1 1985 347  14198.98  21.5  30.0   2.8   .55    .5
  1 1985 348  11514.33  21.5  30.5   2.7   .55   2.6
  1 1985 349  11817.64  19.0  31.0   2.3   .55    .4
  1 1985 350  15928.67  19.2  30.5   2.3   .55    .3
  1 1985 351  14689.78  20.4  31.0   2.4   .55   2.1
  1 1985 352  16023.81  19.0  31.0   2.2   .55   1.4
  1 1985 353  14890.73  19.0  31.0   2.6   .55    .9
  1 1985 354  12216.49  21.5  31.0   2.6   .55   6.1
  1 1985 355  12525.64  20.0  31.5   2.4   .55   5.2
  1 1985 356  13967.34  20.0  31.0   2.6   .55   3.7
  1 1985 357  18291.28  20.5  31.4   2.3   .55    .0
  1 1985 358  17267.74  20.5  31.5   2.4   .55    .0
  1 1985 359  17274.40  21.5  31.5   2.7   .55    .0
  1 1985 360  11412.27  21.0  29.5   2.5   .55   7.6
  1 1985 361  10182.39  20.0  30.0   2.4   .55  15.4
  1 1985 362  13179.04  19.8  30.2   2.6   .55   5.6
  1 1985 363  14942.49  21.0  30.5   2.4   .55    .3
  1 1985 364  13302.71  18.0  30.0   1.9   .55    .5
  1 1985 365  15484.32  18.6  30.0   2.1   .55    .4
