*---------------------------------------------------------              
* Station name: Hacienda El Carmen                                      
* Author: Atlantic Zone Project, AUW-MAG-CATIE, Costa Rica              
* Source: IMN, San Jose, Costa Rica                                     
*                                                                       
* Comments: No solar radiation data; Check unit of VP                   
*           Wind speed data from Nov 4 only                             
*           No data for Oct (except RF and SSH)                         
*           No SSH for March                                            
* Longitude:  83  29 W, latitude:  10  12 N, altitude:  15 m.           
* Column  Daily value                                                   
*    1    station number                                                
*    2    year                                                          
*    3    month                                                         
*    4    day                                                           
*    5    julian date                                                   
*    6    irradiation            (MJ m-2 d-1)                           
*    7    minimum temperature    (degrees Celcius)                      
*    8    maximum temperature    (degrees Celcius)                      
*    9    vapor pressure at 0700 (mbar)                                 
*   10    vapor pressure at 1300 (mbar)                                 
*   11    vapor pressure at 1800 (mbar)                                 
*   12    mean wind speed        (kilometer per hour)                   
*   13    precipitation          (mm d-1)                               
*   14    sunshine hours         (hours)                                
* Missing value: -99                                                    
*---------------------------------------------------------              
*  data converted with WDC for CABO-format, rad and ssh data 1 month missing
*-------------------------------------------
  83.48  10.20    15.  .00  .00
  1 1989   1  12190.16  21.5  29.0   2.6   .55   8.3
  1 1989   2  11375.16  21.8  30.5   2.7   .55  26.4
  1 1989   3  10870.32  21.5  30.2   2.7   .55    .5
  1 1989   4   8498.43  21.0  30.2   2.7   .55  23.1
  1 1989   5  15882.12  21.0  30.4   2.7   .55   5.2
  1 1989   6   8730.49  21.8  30.4   2.7   .55   1.1
  1 1989   7  10929.58  20.3  28.2   2.5   .55    .8
  1 1989   8  15740.51  20.5  30.0   2.6   .55   8.6
  1 1989   9  17851.92  21.0  30.2   2.5   .55   2.1
  1 1989  10  15267.46  20.9  29.7   2.4   .55   5.9
  1 1989  11  19270.15  20.2  30.0   2.3   .55   7.4
  1 1989  12  18778.62  20.2  30.5   2.5   .55  12.9
  1 1989  13  15976.91  21.0  30.6   2.5   .55    .5
  1 1989  14  15059.92  22.2  31.0   2.7   .55   3.5
  1 1989  15  10032.72  22.2  28.5   2.6   .55  49.0
  1 1989  16  13746.62  22.7  28.8   2.7   .55   5.7
  1 1989  17  14725.94  21.0  29.5   2.5   .55  13.1
  1 1989  18  15603.52  21.5  29.4   2.4   .55  10.1
  1 1989  19  16591.04  21.2  29.9   2.5   .55   1.3
  1 1989  20  13225.33  21.8  30.0   2.4   .55   1.6
  1 1989  21  14958.65  19.9  30.0   2.4   .55    .8
  1 1989  22  18832.97  20.9  30.6   2.7   .55   1.2
  1 1989  23  12460.59  22.0  30.0   2.7   .55   1.3
  1 1989  24  15060.88  20.0  31.0   2.2   .55    .5
  1 1989  25  17672.02  21.8  29.8   2.5   .55   2.2
  1 1989  26  14486.57  17.4  29.0   2.0   .55    .1
  1 1989  27  14413.71  20.0  30.8   2.4   .55   2.1
  1 1989  28  12612.94  20.0  29.9   2.4   .59    .5
  1 1989  29  10696.65  20.9  29.7   2.3   .59    .2
  1 1989  30  15170.99  20.5  30.5   2.4   .59    .0
  1 1989  31  14230.51  18.5  30.4   2.3   .59    .0
  1 1989  32  16008.93  20.3  30.9   2.4   .59   1.0
  1 1989  33  17576.79  17.3  30.3   1.9   .59   3.6
  1 1989  34  13573.24  19.9  30.0   2.3   .59    .4
  1 1989  35  15033.12  19.8  29.6   2.3   .59    .3
  1 1989  36  18696.20  17.5  30.2   2.1   .59   2.8
  1 1989  37  13018.04  20.0  29.3   2.3   .59  16.7
  1 1989  38  19781.30  19.1  31.1   2.4   .59  10.3
  1 1989  39   9880.01  22.2  28.1   2.6   .59  18.1
  1 1989  40  17108.41  21.5  30.0   2.5   .59    .7
  1 1989  41  12377.04  18.7  28.2   2.0   .59   5.2
  1 1989  42  17860.98  20.2  29.9   2.2   .59   7.4
  1 1989  43  13445.32  20.4  28.8   2.0   .59   3.6
  1 1989  44  18618.83  18.3  29.2   2.2   .59   2.2
  1 1989  45  12170.79  20.0  29.0   2.3   .59  11.2
  1 1989  46  17474.60  20.5  29.4   2.4   .59    .1
  1 1989  47  13245.33  19.4  28.8   2.3   .59    .0
  1 1989  48  16094.27  17.5  30.5   2.0   .59    .0
  1 1989  49  20872.56  17.3  30.5   2.2   .59    .0
  1 1989  50  20015.59  18.5  30.5   2.3   .59    .0
  1 1989  51  19607.87  21.0  30.1   2.6   .59    .0
  1 1989  52  20446.50  20.2  31.0   2.5   .59    .0
  1 1989  53  13669.04  21.0  30.8   2.6   .59  54.5
  1 1989  54   9600.17  20.4  21.0   2.5   .59  32.3
  1 1989  55   9624.65  19.0  22.1   2.2   .59  29.5
  1 1989  56   9648.89  19.0  24.5   2.2   .59  26.3
  1 1989  57   9787.41  18.6  23.0   2.1   .59  17.5
  1 1989  58  12908.62  20.5  28.7   2.4   .59   2.1
  1 1989  59  18337.86  21.0  30.2   2.6   .59    .0
  1 1989  60  16901.00  21.4  31.2   2.6   .59    .9
  1 1989  61  16901.00  22.0  28.0   2.8   .59  19.0
  1 1989  62  16901.00  23.0  29.0   2.8   .59   2.4
  1 1989  63  16901.00  21.0  30.5   2.7   .59    .0
  1 1989  64  16901.00  19.0  31.0   2.4   .59    .0
  1 1989  65  16901.00  19.3  30.4   2.3   .59    .0
  1 1989  66  16901.00  21.9  30.6   2.4   .59  34.6
  1 1989  67  16901.00  21.0  30.6   2.5   .59  16.8
  1 1989  68  16901.00  20.0  30.6   2.3   .59  39.2
  1 1989  69  16901.00  19.7  24.6   2.0   .59   4.3
  1 1989  70  16901.00  19.3  24.5   2.1   .59   5.5
  1 1989  71  16901.00  18.8  27.9   2.0   .59    .9
  1 1989  72  16901.00  18.0  28.6   2.1   .59    .0
  1 1989  73  16901.00  19.5  29.5   2.2   .59    .0
  1 1989  74  16901.00  20.5  29.8   2.5   .59    .0
  1 1989  75  16901.00  18.1  30.2   2.5   .59    .0
  1 1989  76  16901.00  19.0  30.6   2.4   .59    .0
  1 1989  77  16901.00  18.7  30.1   2.2   .59    .0
  1 1989  78  16901.00  18.7  30.6   2.4   .59    .5
  1 1989  79  16901.00  20.8  30.6   2.4   .59   3.1
  1 1989  80  16901.00  19.4  30.4   2.3   .59    .3
  1 1989  81  16901.00  20.0  30.8   2.5   .59   2.7
  1 1989  82  16901.00  21.2  30.0   2.5   .59    .0
  1 1989  83  16901.00  17.5  31.0   2.3   .59    .0
  1 1989  84  16901.00  18.3  31.0   2.2   .59    .0
  1 1989  85  16901.00  20.9  30.2   2.6   .59   9.0
  1 1989  86  16901.00  19.3  30.4   2.4   .59   3.9
  1 1989  87  16901.00  21.0  30.6   2.6   .59    .0
  1 1989  88  16901.00  20.0  30.6   2.4   .59    .3
  1 1989  89  16901.00  21.7  31.0   2.6   .59    .0
  1 1989  90  16901.00  19.3  30.7   2.4   .59    .0
  1 1989  91  21370.79  19.3  31.6   2.5   .60    .0
  1 1989  92  15822.52  19.9  31.5   2.5   .60   1.0
  1 1989  93  13584.07  21.0  30.4   2.5   .60    .0
  1 1989  94  21278.58  19.1  31.4   2.4   .60    .5
  1 1989  95  20220.94  22.5  31.6   2.7   .60  33.0
  1 1989  96  14551.22  23.0  30.5   2.7   .60  45.5
  1 1989  97  11719.55  22.5  29.5   2.6   .60  67.2
  1 1989  98  14443.60  22.5  30.0   2.7   .60  22.5
  1 1989  99  10311.99  21.1  26.8   2.7   .60   8.1
  1 1989 100  10316.81  22.5  30.2   2.9   .60  15.3
  1 1989 101  11502.11  21.0  28.8   2.5   .60   3.4
  1 1989 102  13866.59  22.5  30.5   2.7   .60    .0
  1 1989 103  20240.72  19.8  30.5   2.6   .60   6.2
  1 1989 104  21536.62  23.0  30.1   3.0   .60    .0
  1 1989 105  16228.46  20.7  30.0   2.5   .60  20.0
  1 1989 106  10335.95  22.4  29.5   2.7   .60    .7
  1 1989 107  14812.50  20.0  30.4   2.6   .60  15.1
  1 1989 108  11280.29  23.3  29.0   2.9   .60   7.0
  1 1989 109  21630.49  21.0  30.5   2.6   .60    .0
  1 1989 110  14923.76  20.6  30.0   2.5   .60   3.0
  1 1989 111  15977.52  21.9  30.6   2.5   .60    .0
  1 1989 112  14916.65  22.6  30.7   2.7   .60   2.5
  1 1989 113  18313.17  20.2  30.7   2.6   .60    .0
  1 1989 114  19125.80  22.7  31.5   2.9   .60  29.6
  1 1989 115  10336.06  23.7  27.0   2.8   .60  13.4
  1 1989 116  11153.05  23.6  29.0   2.9   .60  11.8
  1 1989 117  19915.59  23.9  31.3   2.9   .60    .0
  1 1989 118  20955.19  20.7  31.5   2.7   .60    .0
  1 1989 119  21525.65  21.0  31.6   2.7   .51    .1
  1 1989 120  14052.97  22.0  30.6   2.8   .51    .0
  1 1989 121  18237.33  22.6  32.2   2.8   .51    .0
  1 1989 122  13805.86  21.8  30.6   2.6   .51   3.1
  1 1989 123  10777.34  22.8  29.7   2.8   .51   8.4
  1 1989 124  11933.41  20.9  31.0   2.6   .51   3.5
  1 1989 125  10535.88  21.0  29.5   2.6   .51    .6
  1 1989 126  20955.35  21.2  31.3   2.5   .51    .0
  1 1989 127  22558.81  21.0  31.4   2.7   .51    .0
  1 1989 128  22655.98  20.0  31.5   2.7   .51    .1
  1 1989 129  21482.69  20.4  31.4   2.6   .51    .0
  1 1989 130  21810.88  20.4  32.5   2.7   .51    .0
  1 1989 131  17876.02  22.6  32.5   2.8   .51   3.3
  1 1989 132  16596.18  23.0  33.4   2.8   .51    .0
  1 1989 133  13135.31  24.8  31.5   2.9   .51    .0
  1 1989 134  12552.18  23.0  32.5   2.7   .51    .0
  1 1989 135  21717.68  22.0  32.5   2.9   .51    .0
  1 1989 136  21584.23  23.0  32.9   2.7   .51    .2
  1 1989 137  19963.59  23.0  32.5   2.9   .51   8.0
  1 1989 138  14917.75  24.5  31.5   3.1   .51   1.4
  1 1989 139  15819.70  22.2  32.6   2.7   .51   6.3
  1 1989 140  13868.64  22.5  32.4   3.0   .51  35.8
  1 1989 141  10554.83  23.5  28.3   2.9   .51  69.1
  1 1989 142  14075.88  23.6  31.4   3.0   .51  25.3
  1 1989 143  12587.78  22.7  32.0   2.9   .51   4.5
  1 1989 144  12465.54  23.0  32.0   2.8   .51   7.6
  1 1989 145  16427.42  21.4  32.8   2.7   .51  11.1
  1 1989 146  10182.19  22.2  29.5   2.7   .51  12.7
  1 1989 147  10176.17  22.8  27.2   2.8   .51  37.2
  1 1989 148  10509.54  21.8  30.0   2.6   .51    .9
  1 1989 149  11407.32  21.5  30.0   2.5   .51   3.0
  1 1989 150  14222.68  22.6  32.0   2.6   .51   1.6
  1 1989 151  13762.24  21.5  30.2   2.8   .51   4.3
  1 1989 152  10147.52  24.0  27.0   2.7   .51  43.6
  1 1989 153  11493.30  22.4  32.0   2.8   .51  11.5
  1 1989 154  10136.96  23.5  27.0   2.9   .51   7.6
  1 1989 155  19462.25  22.0  32.0   2.7   .51    .1
  1 1989 156  10127.03  23.6  27.2   3.0   .51   6.7
  1 1989 157  10571.31  23.3  29.0   2.8   .51    .0
  1 1989 158  15726.30  22.0  32.8   2.9   .51   2.1
  1 1989 159  19305.39  22.8  32.5   2.5   .51   1.0
  1 1989 160  14254.36  23.8  32.5   2.9   .51  27.4
  1 1989 161  11896.83  23.2  31.5   3.0   .51 138.3
  1 1989 162  10549.35  23.5  29.0   3.0   .51  31.4
  1 1989 163  17703.64  23.7  32.2   2.9   .51   2.8
  1 1989 164  13336.97  24.2  30.0   2.9   .51   5.0
  1 1989 165  12885.60  23.0  32.2   2.9   .51    .0
  1 1989 166  10312.66  23.6  28.4   3.0   .51  16.7
  1 1989 167  12543.25  22.6  31.0   3.0   .51    .2
  1 1989 168  10196.07  23.4  28.0   2.9   .51   6.0
  1 1989 169  13765.07  21.5  30.5   2.8   .51  21.8
  1 1989 170  18113.69  22.5  32.5   2.6   .51  25.3
  1 1989 171  10971.51  22.0  29.0   2.9   .51    .0
  1 1989 172  11639.31  23.5  31.0   2.9   .51  15.0
  1 1989 173  10299.87  22.7  28.5   2.9   .51  11.1
  1 1989 174  12194.87  21.5  31.0   2.7   .51  38.2
  1 1989 175  14870.68  22.3  31.0   2.9   .51   7.0
  1 1989 176  12194.15  22.5  30.0   2.8   .51    .3
  1 1989 177  20893.21  21.2  33.0   2.6   .51    .0
  1 1989 178  22121.55  22.0  32.5   2.6   .51    .4
  1 1989 179  21008.34  20.5  32.3   2.7   .51    .0
  1 1989 180  14539.85  21.7  31.5   2.9   .51   4.6
  1 1989 181  14430.29  21.3  31.5   2.8   .51   1.6
  1 1989 182  21465.45  21.8  32.5   2.9   .51    .3
  1 1989 183  10303.90  22.0  29.4   2.7   .51  32.6
  1 1989 184  18348.41  20.5  29.4   2.5   .51    .0
  1 1989 185  13771.87  20.2  31.0   2.7   .51  19.1
  1 1989 186  10198.12  22.6  27.5   2.7   .51   7.6
  1 1989 187  16016.56  22.0  31.5   2.7   .51   5.8
  1 1989 188  10203.12  23.2  26.6   2.9   .51  70.5
  1 1989 189  10205.92  21.5  28.5   2.6   .51   6.0
  1 1989 190  16258.28  21.0  32.0   2.5   .51    .0
  1 1989 191  17385.99  21.5  32.2   2.5   .51    .0
  1 1989 192  15487.08  21.5  32.0   2.7   .51  20.0
  1 1989 193  10106.71  22.3  28.2   2.7   .51  20.6
  1 1989 194  14153.58  22.0  32.0   2.6   .51  11.3
  1 1989 195  18768.35  22.0  31.6   2.8   .51  39.6
  1 1989 196  12367.42  24.0  29.5   2.9   .51  12.9
  1 1989 197  17325.91  25.0  31.3   3.1   .51  14.3
  1 1989 198  14519.37  23.5  31.0   3.0   .51  15.4
  1 1989 199  10130.09  23.2  28.0   2.8   .51  22.1
  1 1989 200  10134.35  23.6  25.2   2.9   .51  11.9
  1 1989 201  11042.15  22.6  28.4   2.8   .51   2.0
  1 1989 202  10143.07  22.7  29.5   2.7   .51  11.2
  1 1989 203  13880.91  22.5  32.6   2.5   .51   2.9
  1 1989 204  10604.91  22.8  31.6   2.7   .51  33.7
  1 1989 205  11743.22  22.7  31.6   2.7   .51   6.4
  1 1989 206  14471.87  22.7  32.0   2.7   .51    .0
  1 1989 207  20725.76  21.7  32.7   2.6   .51    .0
  1 1989 208  10624.57  23.0  31.2   2.8   .51  64.4
  1 1989 209  20641.05  21.4  31.6   2.7   .51    .0
  1 1989 210  22477.57  22.3  32.5   2.8   .58    .0
  1 1989 211  14628.65  23.2  32.0   2.8   .58  27.7
  1 1989 212  11328.39  23.8  30.5   2.9   .58  20.5
  1 1989 213  14759.95  21.8  31.7   2.6   .58    .2
  1 1989 214  15683.04  23.0  33.2   2.8   .58    .2
  1 1989 215  13518.15  22.0  33.0   2.7   .58    .0
  1 1989 216  21772.15  22.0  32.8   2.8   .58  14.7
  1 1989 217  16398.38  23.5  31.8   2.9   .58   4.2
  1 1989 218  19506.37  22.5  31.7   2.8   .58   7.5
  1 1989 219  11362.89  23.0  29.0   2.8   .58   1.0
  1 1989 220  21600.04  22.8  32.0   2.9   .58  21.7
  1 1989 221  17930.96  21.6  32.2   2.7   .58   2.4
  1 1989 222  11490.35  23.5  33.0   2.8   .58   1.1
  1 1989 223  13454.03  22.6  32.6   2.5   .58   5.2
  1 1989 224  11843.77  22.8  30.0   2.8   .58   2.2
  1 1989 225  15889.52  23.0  31.6   2.9   .58  13.2
  1 1989 226  22022.45  22.0  33.4   2.8   .58    .0
  1 1989 227  16827.99  22.4  33.5   2.7   .58    .2
  1 1989 228  11624.62  23.4  31.5   2.8   .58    .1
  1 1989 229  18694.78  23.0  33.6   2.9   .58  25.7
  1 1989 230  15107.29  21.3  32.6   2.4   .58    .2
  1 1989 231  11281.91  22.8  30.8   2.8   .58   6.3
  1 1989 232  18018.00  22.0  33.2   2.6   .58    .0
  1 1989 233  21741.62  22.5  32.5   2.7   .58    .0
  1 1989 234  18376.47  23.8  32.5   2.9   .58    .0
  1 1989 235  16635.35  21.7  33.5   2.6   .58    .0
  1 1989 236  14891.56  23.5  33.0   2.9   .58    .0
  1 1989 237  17571.72  21.7  32.8   2.8   .58  43.7
  1 1989 238  22468.59  22.0  32.8   2.7   .58    .0
  1 1989 239  10228.65  22.2  27.5   2.8   .58  32.9
  1 1989 240  22125.07  20.4  33.4   2.6   .58    .5
  1 1989 241  16875.02  22.5  33.5   2.8   .58    .0
  1 1989 242  16757.22  22.5  33.0   2.8   .58    .0
  1 1989 243  13251.64  22.2  31.5   2.8   .58    .3
  1 1989 244  21893.58  21.6  32.8   2.6   .58    .0
  1 1989 245  11023.68  22.2  31.3   2.8   .53   3.6
  1 1989 246  20019.01  22.0  33.0   2.9   .53    .0
  1 1989 247  20950.40  21.3  33.2   2.4   .53   7.8
  1 1989 248  16151.70  22.5  32.2   2.9   .53   1.0
  1 1989 249  10181.67  22.0  26.5   2.5   .53   3.3
  1 1989 250  14267.75  22.8  32.0   2.8   .53    .0
  1 1989 251  16248.43  22.7  31.6   2.7   .53    .0
  1 1989 252  16708.04  21.9  34.0   2.8   .53    .0
  1 1989 253  15880.50  23.0  32.5   2.9   .53    .0
  1 1989 254  22652.68  22.2  33.3   2.6   .53    .3
  1 1989 255  12236.37  23.4  31.7   2.8   .53   1.3
  1 1989 256  12459.80  22.5  31.8   2.7   .53    .0
  1 1989 257  13617.39  22.2  32.6   2.7   .53    .7
  1 1989 258  10100.86  23.3  28.5   2.8   .53    .0
  1 1989 259  19315.28  22.0  33.5   2.9   .53    .0
  1 1989 260  10077.74  22.0  32.0   2.7   .53   1.5
  1 1989 261  13215.98  22.6  33.7   3.0   .53    .0
  1 1989 262  16234.09  22.5  34.5   2.8   .53  40.5
  1 1989 263  16217.63  22.5  34.2   2.7   .53   2.2
  1 1989 264  16083.90  22.5  33.6   2.8   .53  10.4
  1 1989 265  19093.12  22.0  33.6   2.8   .53    .0
  1 1989 266  17327.22  21.5  34.5   2.5   .53    .6
  1 1989 267  13353.89  22.8  33.8   2.8   .53    .0
  1 1989 268  14962.32  23.0  33.7   3.0   .53  10.5
  1 1989 269  16219.26  21.7  32.0   2.7   .53    .0
  1 1989 270  13993.85  21.8  31.0   2.7   .53   1.0
  1 1989 271  14668.67  22.5  32.5   2.7   .53  15.6
  1 1989 272  10363.53  22.5  29.2   2.6   .53    .1
  1 1989 273  18325.49  21.5  33.0   2.7   .54   3.4
  1 1989 274  20955.92  21.7  31.2   6.1   .54    .0
  1 1989 275  17694.04  21.7  31.2   6.1   .54    .0
  1 1989 276  15245.54  21.7  31.2   6.1   .54    .0
  1 1989 277  19825.63  21.7  31.2   6.1   .54    .0
  1 1989 278  18068.84  21.7  31.2   6.1   .54    .0
  1 1989 279  19646.45  21.7  31.2   6.1   .54    .0
  1 1989 280  22022.15  21.7  31.2   6.1   .54    .0
  1 1989 281  12591.67  21.7  31.2   6.1   .54   1.8
  1 1989 282  13939.48  21.7  31.2   6.1   .54   1.1
  1 1989 283  17910.29  21.7  31.2   6.1   .54    .2
  1 1989 284  11945.27  21.7  31.2   6.1   .54   3.6
  1 1989 285  13172.79  21.7  31.2   6.1   .54  31.4
  1 1989 286  16784.22  21.7  31.2   6.1   .54    .3
  1 1989 287  16523.44  21.7  31.2   6.1   .54    .2
  1 1989 288  14335.80  21.7  31.2   6.1   .54    .4
  1 1989 289  15210.44  21.7  31.2   6.1   .54    .0
  1 1989 290  16194.67  21.7  31.2   6.1   .54    .5
  1 1989 291  19543.69  21.7  31.2   6.1   .54    .0
  1 1989 292  17588.60  21.7  31.2   6.1   .54   5.9
  1 1989 293  13729.04  21.7  31.2   6.1   .54  11.4
  1 1989 294  12238.92  21.7  31.2   6.1   .54   2.7
  1 1989 295  19153.39  21.7  31.2   6.1   .54    .0
  1 1989 296  17993.42  21.7  31.2   6.1   .54    .0
  1 1989 297  13713.07  21.7  31.2   6.1   .54    .0
  1 1989 298  13346.38  21.7  31.2   6.1   .54   6.0
  1 1989 299  11202.29  21.7  31.2   6.1   .54  19.2
  1 1989 300   9953.75  21.7  31.2   6.1   .54  17.7
  1 1989 301  12031.77  21.7  31.2   6.1   .54   1.8
  1 1989 302   9791.51  21.7  31.2   6.1   .54 125.3
  1 1989 303   9214.36  21.7  31.2   6.1   .54  52.7
  1 1989 304  10400.67  21.7  31.2   6.1   .54 101.2
  1 1989 305   9165.28  22.3  24.0   2.6   .54  50.6
  1 1989 306  11881.87  21.8  30.5   2.7   .54  10.8
  1 1989 307   9772.98  22.7  29.2   2.8   .54  19.6
  1 1989 308  10730.21  23.3  30.6   2.8   .97    .0
  1 1989 309  12010.59  23.7  31.8   3.1  1.14   2.1
  1 1989 310  15352.46  22.5  30.8   3.0  1.28   8.2
  1 1989 311  16401.48  22.9  32.0   2.6  1.42    .0
  1 1989 312  16688.07  21.5  32.7   2.4  1.31    .0
  1 1989 313  14811.28  21.3  31.8   2.8  1.33   3.3
  1 1989 314  19092.62  22.0  31.6   3.0  1.42    .0
  1 1989 315  17218.88  21.8  31.8   2.7  1.47    .0
  1 1989 316  13847.98  21.2  32.2   2.7  1.61   3.7
  1 1989 317  17248.64  23.0  31.7   2.9  1.61   1.1
  1 1989 318  15925.58  22.5  30.5   2.7  1.39   1.8
  1 1989 319  17813.81  22.5  32.0   2.7  1.47    .4
  1 1989 320  10735.73  20.0  31.5   2.8  1.36   7.3
  1 1989 321   9007.58  23.0  28.5   2.8  1.19  14.6
  1 1989 322   8773.88  23.6  25.0   2.9  1.17  25.6
  1 1989 323  15224.27  21.8  30.7   2.5  1.50   6.1
  1 1989 324  16675.33  23.0  32.0   2.7  1.47    .0
  1 1989 325  18439.03  22.5  31.8   2.5  1.53    .1
  1 1989 326  17242.65  22.5  31.4   2.9  1.56    .0
  1 1989 327  18158.00  22.3  33.0   2.8  1.56  10.5
  1 1989 328  11603.40  24.0  32.0   2.9  1.72   3.7
  1 1989 329   9270.90  23.5  28.5   2.9  1.72   1.6
  1 1989 330  17011.88  22.2  32.6   2.7  1.50    .0
  1 1989 331  14051.43  23.2  31.0   2.9  1.36    .0
  1 1989 332  16432.13  22.9  32.0   3.0  1.31    .0
  1 1989 333  16614.65  21.8  33.8   2.9  1.56  20.2
  1 1989 334   8874.13  23.0  29.0   2.9  1.58  11.4
  1 1989 335  10213.19  22.4  29.0   2.8  1.69  51.5
  1 1989 336  14045.39  22.6  31.5   2.8  1.57    .0
  1 1989 337  16830.54  21.2  32.5   2.7  1.44    .0
  1 1989 338  16705.28  21.5  33.4   2.7  1.56   4.2
  1 1989 339  10466.44  22.5  29.0   2.7  1.94  19.3
  1 1989 340  14284.63  21.9  32.5   2.9  1.39    .1
  1 1989 341  15096.60  22.7  32.5   3.0  1.42    .0
  1 1989 342  16631.70  21.5  32.5   2.8  1.47    .0
  1 1989 343  15067.35  22.0  32.5   2.9  1.64   9.4
  1 1989 344   8450.07  22.7  26.4   2.7  1.83  23.8
  1 1989 345  13702.17  22.6  30.5   2.7  1.50    .0
  1 1989 346  13898.62  21.4  30.2   2.7  1.47    .0
  1 1989 347  17598.26  22.5  31.5   2.8  1.31    .0
  1 1989 348  14809.09  19.5  31.2   1.9  1.69    .0
  1 1989 349  10479.66  20.4  30.5   2.5  1.19    .0
  1 1989 350  12636.21  21.0  31.0   2.5  1.81   5.4
  1 1989 351  16335.61  20.5  31.5   2.6  1.33    .0
  1 1989 352  14069.71  21.5  31.5   2.5  1.56    .0
  1 1989 353  13965.19  20.8  31.5   2.4  1.33    .0
  1 1989 354  10262.60  20.5  30.5   2.5  1.08   5.5
  1 1989 355  15199.53  22.4  31.7   2.6  1.69    .4
  1 1989 356  14687.33  21.4  30.6   2.4  1.56    .0
  1 1989 357  18085.53  20.6  32.4   2.6  1.64  51.6
  1 1989 358   8417.85  20.4  25.0   2.5  2.64  72.5
  1 1989 359   8421.37  18.4  22.2   1.8  2.42  11.7
  1 1989 360   8425.67  19.2  21.8   2.2  2.06  24.4
  1 1989 361   9048.97  20.1  26.0   2.4  1.97   4.0
  1 1989 362   8642.78  19.5  23.9   2.4  1.61  15.4
  1 1989 363  16386.78  17.4  30.2   2.2  1.28    .0
  1 1989 364  13405.94  18.2  30.0   2.3  1.31    .0
  1 1989 365  18583.87  18.3  31.0   2.2  1.47    .0
