*---------------------------------------------------------              
* Station name: Hacienda el Carmen                                      
* Author: Atlantic Zone Project, AUW-MAG-CATIE, Costa Rica              
* Source: IMN, San Jose, Costa Rica                                     
*                                                                       
* Comments: Wind speed data lacking                                     
*           Solar radiation data still lacking                          
*           Check unit of VP                                            
*                                                                       
* Longitude:  83 29 W, latitude:  10 12 N, altitude: 15 m.              
* Column  Daily value                                                   
*    1    station number                                                
*    2    year                                                          
*    3    month                                                         
*    4    day                                                           
*    5    julian date                                                   
*    6    irradiation            (cal cm-2 d-1)                         
*    7    minimum temperature    (degrees Celcius)                      
*    8    maximum temperature    (degrees Celcius)                      
*    9    vapor pressure at 0700 (mbar)                                 
*   10    vapor pressure at 1300 (mbar)                                 
*   11    vapor pressure at 1800 (mbar)                                 
*   12    mean wind speed        (kilometer per hour)                   
*   13    precipitation          (mm d-1)                               
*   14    sunshine hours         (hours)                                
* Missing value: -99                                                    
*---------------------------------------------------------              
*  data converted with WDC for CABO-format
*-------------------------------------------
  83.48  10.20    15.  .00  .00
  1 1978   1  17774.13  19.0  31.0   1.7   .55    .0
  1 1978   2  15411.76  19.0  31.0   1.9   .55    .0
  1 1978   3  16568.59  16.9  31.0   1.6   .55    .2
  1 1978   4  17521.57  17.5  31.7   1.7   .55    .0
  1 1978   5  17024.25  17.5  30.8   1.7   .55    .0
  1 1978   6  18086.27  15.9  30.9   1.4   .55    .2
  1 1978   7  14884.72  18.5  30.2   1.8   .55    .2
  1 1978   8  18971.27  18.0  31.0   1.7   .55    .0
  1 1978   9  18791.16  19.9  31.8   2.0   .55   9.8
  1 1978  10   9937.55  18.5  26.0   1.7   .55   6.1
  1 1978  11  10164.57  20.0  28.4   1.8   .55   6.3
  1 1978  12   9030.24  20.0  29.0   2.0   .55    .1
  1 1978  13  18706.55  18.5  30.4   1.8   .55    .0
  1 1978  14  19581.66  19.0  31.3   1.8   .55  36.5
  1 1978  15   8663.40  19.4  22.8   1.7   .55  33.5
  1 1978  16   9104.04  19.6  25.5   1.7   .55   6.4
  1 1978  17  19905.17  19.5  30.5   1.8   .55    .0
  1 1978  18  19309.62  20.0  30.4   1.9   .55    .0
  1 1978  19  16060.62  20.0  30.9   1.9   .55    .0
  1 1978  20  15882.37  22.0  30.8   2.1   .55    .0
  1 1978  21  18472.62  17.5  30.6   1.7   .55    .0
  1 1978  22  17232.61  18.0  31.0   1.7   .55    .0
  1 1978  23   9253.58  20.5  27.3   1.8   .55   2.3
  1 1978  24  14632.42  20.0  30.3   1.8   .55    .0
  1 1978  25  18316.00  18.0  31.9   1.8   .55    .0
  1 1978  26  15024.32  19.4  31.0   1.9   .55    .4
  1 1978  27  17323.52  20.0  32.0   1.8   .55   1.5
  1 1978  28  13044.92  21.4  30.0   2.0   .59   4.5
  1 1978  29  20003.64  18.5  31.0   1.8   .59   5.1
  1 1978  30  10941.47  20.5  29.0   1.9   .59   9.3
  1 1978  31  20751.24  20.5  31.0   2.0   .59   1.9
  1 1978  32   9365.40  19.7  28.0   1.8   .59  31.7
  1 1978  33   9063.64  21.5  24.0   2.0   .59 137.8
  1 1978  34  11057.58  22.5  29.5   2.2   .59   5.4
  1 1978  35  20075.23  18.4  30.7   1.8   .59    .0
  1 1978  36  20563.58  17.6  31.1   1.7   .59    .0
  1 1978  37   9605.52  21.0  28.0   1.7   .59   7.1
  1 1978  38  11507.55  19.0  26.9   1.8   .59    .0
  1 1978  39  18392.51  18.8  30.0   1.9   .59    .0
  1 1978  40  19988.87  18.3  33.5   1.8   .59    .0
  1 1978  41  17039.93  20.5  31.0   2.0   .59   5.9
  1 1978  42   9294.37  21.4  25.0   1.9   .59  25.6
  1 1978  43   9431.79  19.5  27.5   1.7   .59    .0
  1 1978  44  17278.21  20.0  30.0   1.9   .59    .0
  1 1978  45  17768.20  21.0  30.0   2.0   .59    .0
  1 1978  46   9958.78  20.2  24.0   2.0   .59  12.0
  1 1978  47  12121.30  20.2  29.0   2.0   .59   2.0
  1 1978  48  10575.56  21.9  29.0   2.0   .59    .0
  1 1978  49  18164.19  19.5  31.0   1.9   .59    .0
  1 1978  50  18206.49  22.0  31.5   2.2   .59    .0
  1 1978  51  12357.61  23.0  30.0   2.1   .59    .5
  1 1978  52  20560.00  22.5  31.0   2.1   .59    .0
  1 1978  53  16511.80  21.2  31.0   2.0   .59  87.3
  1 1978  54   9600.17  19.0  23.0   1.6   .59  21.2
  1 1978  55  10081.14  19.5  25.0   1.8   .59  19.3
  1 1978  56  10563.48  21.0  26.5   1.9   .59    .8
  1 1978  57  10016.45  22.3  28.5   2.1   .59    .0
  1 1978  58  18873.78  17.5  31.0   1.8   .59    .0
  1 1978  59  17418.63  22.5  30.0   2.1   .59    .0
  1 1978  60  10433.75  21.8  30.5   2.1   .59    .0
  1 1978  61  18641.87  21.3  31.2   2.0   .59    .0
  1 1978  62  18793.44  20.8  31.8   2.0   .59    .0
  1 1978  63  19060.28  21.8  32.0   2.1   .59    .0
  1 1978  64  12843.03  22.5  30.0   2.1   .59    .1
  1 1978  65  21333.00  20.0  30.0   2.0   .59    .0
  1 1978  66  20556.96  20.0  31.0   1.9   .59    .0
  1 1978  67  11639.73  21.5  31.0   2.0   .59    .0
  1 1978  68  17599.01  22.0  32.0   2.0   .59    .0
  1 1978  69  21824.08  19.0  32.6   1.7   .59   9.4
  1 1978  70  11472.45  22.0  28.5   2.0   .59    .6
  1 1978  71  19320.03  22.0  31.0   2.0   .59  19.2
  1 1978  72  16659.02  22.5  29.0   2.0   .59    .2
  1 1978  73  16801.14  20.4  30.0   1.9   .59   1.3
  1 1978  74  14481.93  21.2  29.5   2.1   .59   9.6
  1 1978  75  10280.92  22.0  28.5   2.0   .59   2.8
  1 1978  76  14993.65  20.2  30.0   1.8   .59  18.6
  1 1978  77  16306.48  21.0  30.0   1.7   .59   2.2
  1 1978  78  12799.70  21.3  29.0   1.8   .59    .6
  1 1978  79  20347.89  18.0  31.0   1.7   .59    .0
  1 1978  80  20016.50  18.5  32.0   1.8   .59   4.5
  1 1978  81  11553.76  22.0  31.4   2.0   .59    .1
  1 1978  82  15223.14  21.8  30.2   2.0   .59   1.7
  1 1978  83  12054.40  22.5  29.5   2.2   .59  42.8
  1 1978  84  11950.16  22.0  30.3   2.1   .59   7.7
  1 1978  85  16213.56  20.5  31.8   2.0   .59  44.6
  1 1978  86  11149.04  21.6  30.1   2.1   .59   1.4
  1 1978  87  11515.13  21.4  30.0   2.0   .59   7.9
  1 1978  88  13299.03  21.5  30.8   2.0   .59  19.5
  1 1978  89  10236.65  22.0  25.5   2.0   .59  25.8
  1 1978  90  10837.60  22.0  25.5   2.0   .59    .0
  1 1978  91  18178.17  20.5  30.0   2.0   .60    .0
  1 1978  92  15112.99  21.5  28.1   1.7   .60    .0
  1 1978  93  17604.89  21.3  29.5   1.8   .60    .2
  1 1978  94  19386.45  20.0  21.0   1.9   .60    .2
  1 1978  95  13835.39  22.0  30.0   2.0   .60   1.5
  1 1978  96  14787.69  21.5  29.5   2.0   .60    .1
  1 1978  97  23423.40  18.5  31.3   1.8   .60    .0
  1 1978  98  22717.42  18.5  31.0   1.7   .60    .0
  1 1978  99  22365.21  18.8  31.5   1.8   .60    .0
  1 1978 100  19295.07  20.0  31.8   1.9   .60    .0
  1 1978 101  19414.55  20.0  30.1   2.0   .60    .0
  1 1978 102  19651.15  22.5  32.0   2.1   .60  10.2
  1 1978 103  10328.43  22.5  27.0   2.1   .60  80.8
  1 1978 104  13280.13  21.5  31.0   2.1   .60   7.9
  1 1978 105  13516.96  21.0  31.0   2.0   .60    .1
  1 1978 106  10571.60  22.0  29.8   2.0   .60   3.6
  1 1978 107  19876.24  20.5  31.0   2.0   .60    .0
  1 1978 108  21283.92  21.0  31.5   2.0   .60    .0
  1 1978 109  21160.03  21.5  33.5   2.0   .60    .0
  1 1978 110  21505.66  20.5  33.0   1.9   .60    .0
  1 1978 111  22672.18  19.8  32.8   1.9   .60    .0
  1 1978 112  20315.32  19.8  33.0   2.1   .60    .0
  1 1978 113  18899.52  21.0  32.5   2.0   .60    .0
  1 1978 114  21469.33  21.5  33.0   2.1   .60    .0
  1 1978 115  12326.39  22.0  32.0   2.2   .60  17.7
  1 1978 116  21330.05  19.8  32.4   2.0   .60    .0
  1 1978 117  21318.06  21.5  32.5   2.0   .60    .0
  1 1978 118  23173.73  19.5  33.0   2.2   .60   1.2
  1 1978 119  16276.14  22.0  32.0   1.9   .51   8.4
  1 1978 120  23143.36  22.0  31.5   2.0   .51    .0
  1 1978 121  21730.19  20.0  32.0   2.1   .51    .0
  1 1978 122  17876.78  23.0  33.0   2.3   .51    .0
  1 1978 123  15076.48  23.0  34.0   2.2   .51  11.2
  1 1978 124  15995.93  21.0  33.4   2.1   .51    .0
  1 1978 125  20623.52  22.0  33.0   2.3   .51    .0
  1 1978 126  21997.78  21.5  33.0   2.2   .51   2.1
  1 1978 127  13649.84  21.8  31.9   2.2   .51   4.7
  1 1978 128  13987.88  22.1  32.2   2.3   .51    .2
  1 1978 129  12016.00  20.5  29.5   2.0   .51  13.5
  1 1978 130  19735.13  22.2  31.4   2.1   .51    .4
  1 1978 131  21331.75  20.3  31.5   2.0   .51    .0
  1 1978 132  22234.23  20.0  32.0   1.8   .51    .0
  1 1978 133  12675.57  19.0  29.6   1.8   .51   7.1
  1 1978 134  20129.27  19.7  32.5   1.9   .51  14.7
  1 1978 135  11396.87  22.5  29.9   2.1   .51  11.8
  1 1978 136  14253.21  21.5  31.5   2.0   .51  24.2
  1 1978 137  13441.68  22.5  31.8   2.2   .51  14.7
  1 1978 138  14460.58  22.0  34.3   2.3   .51    .0
  1 1978 139  15933.86  22.2  32.8   2.2   .51  12.2
  1 1978 140  11701.86  23.0  30.2   2.3   .51   5.2
  1 1978 141  19440.39  22.8  34.0   2.3   .51  12.5
  1 1978 142  18058.70  23.5  32.8   2.3   .51   1.9
  1 1978 143  10200.62  23.8  28.5   2.4   .51  20.8
  1 1978 144  13714.65  21.5  31.4   2.0   .51   8.3
  1 1978 145  15633.35  23.0  31.5   2.3   .51   6.9
  1 1978 146  16981.64  21.5  32.6   2.2   .51    .2
  1 1978 147  13459.31  22.0  31.8   2.1   .51   7.8
  1 1978 148  20462.49  21.0  33.2   2.1   .51    .2
  1 1978 149  14345.18  22.5  32.2   2.2   .51    .0
  1 1978 150  18738.28  22.2  34.4   2.3   .51  63.5
  1 1978 151  20191.17  20.5  34.5   1.9   .51    .0
  1 1978 152  18486.56  21.5  32.0   2.0   .51   2.4
  1 1978 153  17010.42  21.8  32.0   2.1   .51  27.7
  1 1978 154  17449.61  21.0  33.0   2.0   .51   6.1
  1 1978 155  15415.35  22.5  31.2   2.2   .51  48.4
  1 1978 156  21359.90  20.8  32.8   2.0   .51    .0
  1 1978 157  14724.47  21.0  31.6   2.0   .51    .0
  1 1978 158  21334.81  21.3  32.5   2.1   .51    .0
  1 1978 159  17287.66  21.7  33.0   2.1   .51  19.1
  1 1978 160  11229.63  23.0  29.4   2.2   .51  54.2
  1 1978 161  11001.14  21.3  29.7   2.1   .51  18.4
  1 1978 162  10325.55  20.9  27.0   2.0   .51  10.0
  1 1978 163  13118.05  19.0  31.7   1.9   .51   1.2
  1 1978 164  10318.62  21.5  27.8   2.0   .51   2.6
  1 1978 165  13109.08  19.9  31.8   1.9   .51  63.2
  1 1978 166  11653.04  21.6  29.0   2.1   .51   7.6
  1 1978 167  21029.40  20.7  31.7   1.9   .51    .0
  1 1978 168  21805.11  20.4  31.7   2.0   .51    .0
  1 1978 169  19456.43  20.3  32.4   2.0   .51  34.2
  1 1978 170  11531.05  22.2  32.4   2.0   .51   1.0
  1 1978 171  12087.00  21.8  29.5   2.0   .51    .0
  1 1978 172  10189.38  22.0  31.0   2.1   .51   1.2
  1 1978 173  12418.80  19.5  30.5   1.8   .51    .0
  1 1978 174  10856.68  21.3  31.3   2.1   .51  10.1
  1 1978 175  12863.42  22.0  32.8   2.1   .51   4.7
  1 1978 176  13755.38  21.5  31.0   2.2   .51    .5
  1 1978 177  12974.97  21.2  30.8   2.0   .51  11.2
  1 1978 178  18998.53  22.2  31.8   2.3   .51   1.5
  1 1978 179  11972.51  21.7  29.6   2.0   .51   2.9
  1 1978 180  10076.86  22.4  28.0   2.1   .51    .0
  1 1978 181  15769.49  20.8  31.2   2.0   .51  25.2
  1 1978 182  14432.70  21.9  32.6   2.0   .51   4.5
  1 1978 183  18343.83  20.5  33.0   2.0   .51   1.5
  1 1978 184  12651.47  21.8  29.5   2.0   .51   6.0
  1 1978 185  10307.68  21.0  30.7   2.0   .51   5.1
  1 1978 186  12993.01  21.6  29.8   1.9   .51  17.6
  1 1978 187  15457.33  20.2  31.2   1.8   .51   1.1
  1 1978 188  13448.30  20.3  30.8   1.9   .51   7.3
  1 1978 189  11661.43  20.9  30.5   2.0   .51   3.2
  1 1978 190  11665.25  22.3  30.8   2.1   .51   2.4
  1 1978 191  10100.00  22.4  26.5   2.2   .51  29.2
  1 1978 192  10103.28  21.0  26.4   2.0   .51  23.3
  1 1978 193  13586.04  20.8  30.4   2.0   .51   4.0
  1 1978 194  15389.03  21.4  30.8   2.0   .51    .6
  1 1978 195  19779.90  21.4  31.8   2.1   .51    .0
  1 1978 196  21365.60  20.0  32.8   2.2   .51   5.1
  1 1978 197  14286.69  19.0  31.2   2.4   .51    .0
  1 1978 198  18800.17  20.6  32.8   2.2   .51  79.0
  1 1978 199  15090.84  20.5  31.0   2.2   .51   5.0
  1 1978 200  17243.16  21.9  31.3   2.1   .51    .5
  1 1978 201  18834.64  21.0  32.0   2.1   .51    .0
  1 1978 202  18507.51  21.3  32.2   2.1   .51   4.5
  1 1978 203  15577.91  22.2  31.5   2.2   .51  29.4
  1 1978 204  14568.17  22.0  31.5   2.1   .51   2.0
  1 1978 205  22850.51  21.2  32.7   2.2   .51   2.4
  1 1978 206  10614.74  22.5  30.2   2.2   .51  23.0
  1 1978 207  14480.42  22.0  31.5   2.4   .51   8.8
  1 1978 208  17444.14  21.5  32.3   2.1   .51    .0
  1 1978 209  22688.88  21.5  32.2   2.0   .51  32.7
  1 1978 210  11545.32  21.4  29.5   2.2   .58  25.2
  1 1978 211  12576.88  21.8  31.0   2.1   .58  29.7
  1 1978 212  12583.47  19.6  30.8   2.0   .58  11.9
  1 1978 213  14188.91  21.8  30.7   2.1   .58  15.4
  1 1978 214  10881.61  22.4  30.5   2.2   .58   2.9
  1 1978 215  17065.50  22.6  32.8   2.3   .58  14.1
  1 1978 216  12837.96  21.7  30.7   2.1   .58    .2
  1 1978 217  10321.89  21.8  30.7   2.2   .58   8.6
  1 1978 218  13538.85  21.8  31.8   2.1   .58   9.5
  1 1978 219  12626.44  23.7  30.3   2.1   .58   4.4
  1 1978 220  14356.56  21.4  32.8   2.1   .58  17.6
  1 1978 221  15744.40  21.4  31.2   2.1   .58  13.1
  1 1978 222  10338.48  21.9  31.0   2.2   .58  43.9
  1 1978 223  21870.23  20.3  31.5   2.0   .58   7.4
  1 1978 224  12651.52  21.6  31.3   2.0   .58  16.5
  1 1978 225  15427.56  20.8  31.5   2.0   .58   4.1
  1 1978 226  12544.10  22.0  30.8   2.1   .58  49.2
  1 1978 227  10233.93  21.4  28.4   2.1   .58  12.9
  1 1978 228  20308.00  21.8  31.9   1.9   .58  14.7
  1 1978 229  20201.08  20.4  32.0   1.9   .58    .0
  1 1978 230  17310.47  21.1  31.5   2.0   .58    .0
  1 1978 231  21029.47  20.5  31.8   2.0   .58    .2
  1 1978 232  14534.26  21.4  33.5   2.0   .58  22.1
  1 1978 233  21974.03  21.6  32.0   2.2   .58    .0
  1 1978 234  22097.42  20.8  32.8   2.0   .58    .4
  1 1978 235  11864.91  22.2  29.9   2.1   .58   7.3
  1 1978 236  17685.67  21.3  33.0   2.1   .58    .0
  1 1978 237  18969.56  21.4  33.3   2.2   .58    .0
  1 1978 238  19554.89  21.4  32.2   2.0   .58   7.1
  1 1978 239  16875.17  24.0  31.6   2.1   .58    .2
  1 1978 240  10225.85  21.9  28.3   2.1   .58  36.6
  1 1978 241  16641.61  19.0  31.3   1.9   .58    .0
  1 1978 242  15706.44  19.9  31.6   2.0   .58   8.6
  1 1978 243  18857.77  20.0  33.6   2.0   .58   2.9
  1 1978 244  15584.74  19.0  32.4   2.2   .58   1.0
  1 1978 245  14178.96  20.2  31.2   2.1   .53    .3
  1 1978 246  20720.34  21.4  32.8   2.0   .53   2.6
  1 1978 247  10194.55  22.7  27.7   2.2   .53   3.2
  1 1978 248  17671.78  20.3  31.0   2.2   .53  56.3
  1 1978 249  18250.62  20.8  32.5   2.0   .53   1.0
  1 1978 250  20466.04  20.4  33.2   2.0   .53   1.4
  1 1978 251  19055.25  20.9  33.3   2.0   .53  10.6
  1 1978 252  17175.83  20.9  32.0   2.1   .53    .0
  1 1978 253  11670.65  20.9  30.4   2.0   .53    .3
  1 1978 254  15520.11  19.6  31.8   1.9   .53    .0
  1 1978 255  21121.45  20.6  33.8   2.0   .53    .0
  1 1978 256  14563.73  20.5  32.4   2.7   .53  14.9
  1 1978 257  12916.26  19.8  29.5   1.9   .53   6.5
  1 1978 258  16058.76  20.3  31.5   2.0   .53   4.1
  1 1978 259  11841.26  20.5  31.4   2.1   .53   9.6
  1 1978 260  19766.85  20.2  34.4   2.1   .53  18.5
  1 1978 261  17066.60  20.4  32.3   2.0   .53    .0
  1 1978 262  10052.75  20.7  27.0   2.0   .53   6.8
  1 1978 263  21113.46  19.3  31.8   1.9   .53  36.5
  1 1978 264  19112.91  19.4  32.4   2.2   .53  34.9
  1 1978 265  17812.42  22.4  32.0   2.3   .53    .0
  1 1978 266  15814.68  20.2  31.6   2.0   .53    .0
  1 1978 267  16260.54  20.3  31.8   2.2   .53  56.5
  1 1978 268  17634.38  20.5  32.0   2.1   .53   1.9
  1 1978 269  14013.69  20.5  32.2   2.1   .53    .0
  1 1978 270  11094.27  21.2  31.0   2.1   .53   9.6
  1 1978 271  14900.42  21.3  30.5   2.1   .53    .0
  1 1978 272  15573.09  20.8  31.5   2.0   .53    .6
  1 1978 273  11039.36  21.3  28.4   2.1   .54   5.8
  1 1978 274  13330.77  20.0  30.5   2.0   .54   6.1
  1 1978 275  16078.35  20.3  29.9   2.1   .54  14.4
  1 1978 276  13055.29  20.6  31.9   2.1   .54    .1
  1 1978 277  10844.60  21.8  29.2   2.1   .54    .4
  1 1978 278  12893.78  21.8  31.4   2.1   .54   1.5
  1 1978 279   9768.80  21.6  29.4   2.1   .54    .0
  1 1978 280   9748.49  20.8  25.8   2.8   .54   2.8
  1 1978 281  17975.67  20.7  32.0   2.0   .54   2.3
  1 1978 282  11765.97  20.8  29.4   2.1   .54  12.8
  1 1978 283  20194.93  18.8  32.0   2.0   .54   2.5
  1 1978 284  15709.43  19.4  32.6   1.9   .54   1.7
  1 1978 285  14995.10  20.5  32.3   2.0   .54    .0
  1 1978 286  18262.58  20.8  32.0   2.3   .54    .0
  1 1978 287  19929.67  20.0  32.9   2.1   .54    .0
  1 1978 288  18530.07  20.4  33.2   2.0   .54   5.9
  1 1978 289  15663.13  21.9  31.5   2.2   .54    .8
  1 1978 290  19132.25  20.4  32.5   2.0   .54   4.4
  1 1978 291  21235.57  19.5  32.8   2.0   .54    .0
  1 1978 292  19052.35  19.5  32.8   1.9   .54    .0
  1 1978 293  19686.14  20.0  32.8   2.0   .54  17.4
  1 1978 294  10219.38  19.5  29.8   2.0   .54    .5
  1 1978 295  14449.65  21.4  31.8   2.1   .54   2.4
  1 1978 296  12515.81  21.7  31.0   2.1   .54  18.9
  1 1978 297  14270.97  20.7  30.9   2.1   .54  40.8
  1 1978 298  16019.26  20.8  31.0   2.0   .54    .5
  1 1978 299  20984.20  19.8  32.3   1.9   .54    .0
  1 1978 300  21048.22  19.4  33.5   1.9   .54    .0
  1 1978 301  10481.55  21.4  29.4   2.1   .54   1.8
  1 1978 302  13659.50  21.4  29.0   2.2   .54  10.0
  1 1978 303  17486.63  21.0  32.7   2.2   .54  16.8
  1 1978 304  13703.04  21.9  32.2   2.3   .54   2.9
  1 1978 305  12790.68  21.8  31.4   2.2   .54  21.4
  1 1978 306  15061.48  20.8  31.5   2.2   .54   1.3
  1 1978 307  13931.05  20.0  31.5   2.0   .54   3.8
  1 1978 308   9310.56  21.6  26.6   2.1   .53  17.2
  1 1978 309  11356.68  20.8  29.3   2.0   .53    .4
  1 1978 310  14808.62  20.0  31.4   2.1   .53    .0
  1 1978 311  14881.78  21.2  32.3   2.2   .53   2.0
  1 1978 312  16796.40  21.7  32.5   2.2   .53    .3
  1 1978 313   9729.74  22.0  28.5   2.3   .53  29.8
  1 1978 314  13481.61  20.5  30.8   2.0   .53   1.4
  1 1978 315  18080.41  19.0  32.6   1.9   .53    .6
  1 1978 316  18469.68  19.0  33.5   2.0   .53  18.7
  1 1978 317  10812.28  21.6  30.2   2.2   .53  20.6
  1 1978 318  17852.78  20.6  30.8   2.0   .53   1.1
  1 1978 319  20164.80  19.0  31.5   1.9   .53    .2
  1 1978 320  19055.37  20.0  32.0   1.9   .53    .0
  1 1978 321  18057.03  19.9  32.2   1.9   .53   6.7
  1 1978 322   9517.77  20.8  27.5   1.9   .53  97.2
  1 1978 323  11723.70  20.6  30.9   2.0   .53   2.4
  1 1978 324  16781.22  19.4  32.3   1.9   .53   1.2
  1 1978 325  18121.91  21.3  32.8   2.1   .53    .0
  1 1978 326  14921.07  21.3  31.8   2.1   .53   1.8
  1 1978 327  18684.76  20.4  32.8   2.1   .53  12.3
  1 1978 328  17072.73  20.8  32.2   2.2   .53  25.8
  1 1978 329   8745.83  21.5  27.6   2.1   .53  18.1
  1 1978 330  13971.20  21.3  31.4   2.0   .53  18.0
  1 1978 331   9549.57  21.3  30.8   2.1   .53  84.6
  1 1978 332   8695.96  21.4  29.4   2.3   .53  39.4
  1 1978 333  12856.36  22.0  30.8   2.2   .53   5.6
  1 1978 334  11897.57  21.5  29.1   2.1   .53  46.8
  1 1978 335  14482.18  20.7  31.6   2.1   .53   1.1
  1 1978 336  14045.39  19.5  31.7   2.0   .55   4.9
  1 1978 337  13818.30  21.0  31.5   2.1   .55    .0
  1 1978 338  16497.77  20.5  32.5   2.0   .55    .0
  1 1978 339  17099.64  19.5  33.0   1.9   .55   1.5
  1 1978 340  17390.83  18.5  32.0   2.0   .55    .0
  1 1978 341  17786.13  20.0  32.2   2.0   .55   6.2
  1 1978 342  14461.28  20.3  32.4   2.1   .55    .0
  1 1978 343  11659.44  20.6  32.2   2.1   .55  73.4
  1 1978 344  12165.05  20.0  30.3   2.0   .55    .1
  1 1978 345  13186.54  20.0  31.5   2.0   .55  68.2
  1 1978 346  13177.18  20.7  31.6   2.0   .55  11.0
  1 1978 347  12550.84  20.8  30.8   2.0   .55  12.3
  1 1978 348  14500.20  19.9  30.6   1.9   .55   4.0
  1 1978 349  18507.54  18.9  31.3   1.9   .55    .5
  1 1978 350  11401.54  18.6  30.4   1.8   .55   1.0
  1 1978 351  10780.92  19.6  29.3   2.1   .55  55.2
  1 1978 352   8927.33  19.8  27.2   1.9   .55  34.3
  1 1978 353  15919.11  19.8  30.2   2.0   .55    .1
  1 1978 354  11805.15  19.2  30.0   2.0   .55   6.5
  1 1978 355  18490.48  16.4  30.7   2.0   .55    .0
  1 1978 356  19110.13  16.5  31.4   1.7   .55    .0
  1 1978 357  13250.31  15.9  30.6   1.6   .55    .0
  1 1978 358  18708.42  15.6  31.6   1.6   .55    .0
  1 1978 359  18715.59  15.8  32.4   1.8   .55    .0
  1 1978 360  19033.26  16.5  31.6   1.6   .55    .0
  1 1978 361  17395.04  18.5  31.6   1.8   .55   6.7
  1 1978 362  18127.70  18.0  32.0   1.9   .55    .0
  1 1978 363  15664.63  17.0  31.5   1.7   .55    .0
  1 1978 364   9895.87  17.4  30.2   1.7   .55    .0
  1 1978 365  12281.44  18.3  30.6   1.7   .55    .7
