*---------------------------------------------------------              
* Station name: Hacienda El Carmen                                      
* Author: Atlantic Zone Project, AUW-MAG-CATIE, Costa Rica              
* Source: IMN, San Jose, Costa Rica                                     
*                                                                       
* Comments: No SR data                                                  
*           Check unit of VP                                            
*           No wind speed data                                          
*                                                                       
* Longitude:  83  29 W, latitude:  10  12 N, altitude:  15 m.           
* Column  Daily value                                                   
*    1    station number                                                
*    2    year                                                          
*    3    month                                                         
*    4    day                                                           
*    5    julian date                                                   
*    6    irradiation            (MJ m-2 d-1)                           
*    7    minimum temperature    (degrees Celcius)                      
*    8    maximum temperature    (degrees Celcius)                      
*    9    vapor pressure at 0700 (mbar)                                 
*   10    vapor pressure at 1300 (mbar)                                 
*   11    vapor pressure at 1800 (mbar)                                 
*   12    mean wind speed        (kilometer per hour)                   
*   13    precipitation          (mm d-1)                               
*   14    sunshine hours         (hours)                                
* Missing value: -99                                                    
*---------------------------------------------------------              
*  data converted with WDC for CABO-format
*-------------------------------------------
  83.48  10.20    15.  .00  .00
  1 1986   1  10639.06  18.0  30.0   2.1   .55  25.4
  1 1986   2   8580.60  22.0  28.0   2.7   .55  49.8
  1 1986   3   9109.04  21.5  28.0   2.5   .55  29.2
  1 1986   4  10469.00  21.8  29.5   2.6   .55   2.6
  1 1986   5  16816.59  20.0  30.5   2.4   .55    .0
  1 1986   6   8626.54  18.6  25.5   2.3   .55    .9
  1 1986   7  16862.28  19.0  30.0   2.5   .55    .1
  1 1986   8  14385.67  21.0  31.2   2.4   .55   4.5
  1 1986   9   8563.88  20.4  27.7   2.5   .55   4.7
  1 1986  10  14640.41  19.8  29.5   2.4   .55    .0
  1 1986  11  16339.62  17.5  32.0   3.2   .55    .0
  1 1986  12  14795.41  18.0  30.5   2.2   .55   3.9
  1 1986  13   8732.85  19.5  25.0   2.5   .55 170.4
  1 1986  14   8645.35  20.0  23.3   2.3   .55  68.6
  1 1986  15   8663.40  19.5  23.4   2.5   .55  56.3
  1 1986  16  16595.48  20.5  29.5   2.6   .55   2.5
  1 1986  17  15465.83  19.4  30.5   2.1   .55   1.2
  1 1986  18  16662.40  20.0  31.5   2.4   .55    .3
  1 1986  19  13302.46  19.5  30.0   2.3   .55   5.2
  1 1986  20  16413.77  17.5  31.0   2.2   .55    .0
  1 1986  21  18685.59  18.0  31.0   2.7   .55    .0
  1 1986  22   9124.13  19.4  28.0   2.3   .55   6.3
  1 1986  23   8825.98  20.5  27.0   2.5   .55   1.3
  1 1986  24  15489.33  19.0  30.0   2.3   .55    .0
  1 1986  25  18208.67  18.0  30.0   2.1   .55    .0
  1 1986  26  19433.81  18.0  31.0   2.3   .55    .0
  1 1986  27  18508.99  18.0  30.5   2.3   .55  27.6
  1 1986  28   8941.12  19.0  24.4   2.9   .59  23.4
  1 1986  29   8965.12  18.0  25.5   2.3   .59   6.0
  1 1986  30   9314.74  19.5  28.5   2.6   .59  11.1
  1 1986  31   9013.92  21.5  25.5   2.3   .59   3.0
  1 1986  32  20038.62  17.5  30.0   2.3   .59    .0
  1 1986  33  19213.94  18.5  31.0   2.2   .59   3.2
  1 1986  34  10291.94  19.8  28.5   2.6   .59    .6
  1 1986  35  14265.84  19.5  30.5   2.4   .59    .0
  1 1986  36  20234.04  19.0  30.0   2.4   .59    .0
  1 1986  37  20173.33  17.0  30.0   2.1   .59    .0
  1 1986  38  13824.20  20.5  30.0   2.5   .59    .0
  1 1986  39  19387.47  18.5  30.0   2.3   .59    .0
  1 1986  40  17440.78  19.5  30.5   2.2   .59    .0
  1 1986  41  19704.43  19.5  31.0   2.4   .59    .0
  1 1986  42  18194.74  20.5  31.0   2.5   .59    .0
  1 1986  43  10546.66  20.5  28.5   2.5   .59   8.0
  1 1986  44  20294.61  19.0  30.5   2.3   .59    .0
  1 1986  45  17656.25  18.6  31.0   2.2   .59   3.2
  1 1986  46  15791.95  22.0  30.0   2.4   .59    .0
  1 1986  47  10997.28  18.0  29.4   2.2   .59    .0
  1 1986  48  16770.04  20.5  30.5   2.5   .59    .0
  1 1986  49  18841.28  20.5  30.9   2.5   .59    .3
  1 1986  50  18771.83  19.0  31.4   2.3   .59    .0
  1 1986  51  19834.44  18.5  31.4   2.4   .59    .0
  1 1986  52  19992.50  17.5  31.0   2.2   .59   4.6
  1 1986  53  12418.23  19.0  31.0   2.5   .59    .4
  1 1986  54  10511.51  21.0  29.5   2.6   .59   1.9
  1 1986  55  17270.87  19.0  31.0   2.3   .59    .9
  1 1986  56  20166.68  19.5  32.0   2.2   .59    .0
  1 1986  57  15971.55  16.0  28.5   2.0   .59    .2
  1 1986  58  17497.21  21.0  30.2   2.2   .59    .0
  1 1986  59  20521.04  19.5  31.5   2.3   .59    .0
  1 1986  60  18259.82  19.5  31.5   2.4   .59  51.4
  1 1986  61  11725.65  19.3  27.0   2.2   .59  13.8
  1 1986  62  10019.47  18.5  26.0   2.2   .59    .1
  1 1986  63  11891.89  19.5  28.5   2.3   .59   4.5
  1 1986  64  10179.94  20.6  27.6   2.7   .59   7.9
  1 1986  65  10201.89  21.5  28.5   2.5   .59   2.0
  1 1986  66  13938.87  19.5  30.0   2.4   .59    .0
  1 1986  67  14778.74  18.5  30.5   2.3   .59    .0
  1 1986  68  22255.29  17.5  31.5   2.2   .59    .0
  1 1986  69  15763.51  18.5  31.5   2.1   .59    .0
  1 1986  70  21040.74  17.5  31.5   2.2   .59    .0
  1 1986  71  19086.39  20.0  31.0   2.5   .59    .0
  1 1986  72  18296.24  22.5  31.5   2.7   .59    .0
  1 1986  73  21366.67  20.6  32.5   2.5   .59    .0
  1 1986  74  16825.53  20.5  31.5   2.7   .59    .4
  1 1986  75  16028.11  23.6  31.0   2.9   .59   1.7
  1 1986  76  20863.31  19.0  31.5   2.5   .59    .0
  1 1986  77  10784.40  20.5  29.1   2.4   .59    .7
  1 1986  78  19266.78  21.0  31.8   2.6   .59  32.3
  1 1986  79  12817.04  23.0  32.0   2.8   .59  50.5
  1 1986  80  10243.25  22.5  29.0   2.9   .59  46.1
  1 1986  81  11671.59  22.0  28.0   2.9   .59  23.4
  1 1986  82  10153.74  18.5  21.0   2.2   .59  29.0
  1 1986  83  11346.66  18.0  26.0   2.2   .59  42.6
  1 1986  84  17968.80  19.5  30.0   2.5   .59    .0
  1 1986  85  10192.32  20.5  28.0   2.4   .59    .3
  1 1986  86  22841.78  19.0  31.0   2.4   .59   2.0
  1 1986  87  12696.60  21.5  31.0   2.5   .59   2.2
  1 1986  88  14126.29  21.5  31.0   2.6   .59    .5
  1 1986  89  21702.82  20.5  31.5   2.4   .59   1.9
  1 1986  90  11665.21  22.0  30.5   2.5   .59    .0
  1 1986  91  12502.40  20.7  31.0   2.6   .60    .3
  1 1986  92  10501.04  22.0  29.0   2.7   .60   3.5
  1 1986  93  11810.18  22.0  29.5   2.6   .60    .0
  1 1986  94  19622.97  21.0  32.0   2.5   .60    .0
  1 1986  95  21639.96  22.0  32.5   2.7   .60   2.2
  1 1986  96  13250.59  22.3  30.0   2.5   .60  13.1
  1 1986  97  10300.90  21.8  26.5   2.6   .60   3.4
  1 1986  98  16098.36  20.0  31.0   2.4   .60    .6
  1 1986  99  20356.34  21.0  31.0   2.5   .60    .0
  1 1986 100  11852.56  21.0  31.0   2.6   .60    .7
  1 1986 101  14572.61  21.5  31.0   2.6   .60   3.8
  1 1986 102  16227.63  20.5  32.5   2.7   .60    .8
  1 1986 103  16700.62  23.7  32.0   2.8   .60  16.7
  1 1986 104  15403.23  23.8  31.5   2.9   .60   1.0
  1 1986 105  14577.98  22.8  32.0   2.8   .60  57.6
  1 1986 106  10335.95  22.8  26.0   2.8   .60  26.0
  1 1986 107  10337.57  22.5  26.0   2.7   .60  11.8
  1 1986 108  18341.67  20.6  31.0   2.4   .60    .0
  1 1986 109  17866.84  20.0  33.0   2.5   .60   2.2
  1 1986 110  11397.74  22.0  31.0   2.7   .60    .7
  1 1986 111  17856.72  23.0  31.8   2.8   .60    .0
  1 1986 112  13625.66  21.0  30.5   2.7   .60    .3
  1 1986 113  10456.00  21.0  28.0   2.5   .60  19.4
  1 1986 114  10571.92  21.0  29.3   2.7   .60  60.6
  1 1986 115  19936.49  20.7  31.0   2.8   .60    .4
  1 1986 116  21680.98  20.6  31.5   2.6   .60    .0
  1 1986 117  22837.41  21.5  31.8   2.7   .60    .0
  1 1986 118  22473.14  20.5  32.5   2.7   .60   3.5
  1 1986 119  14759.62  23.5  30.5   2.8   .51    .7
  1 1986 120  13819.88  20.6  32.8   2.4   .51   1.8
  1 1986 121  10320.18  22.0  28.5   2.7   .51    .8
  1 1986 122  10316.50  23.0  25.5   2.9   .51  27.0
  1 1986 123  13914.55  21.0  32.0   2.6   .51  22.0
  1 1986 124  10308.39  23.0  26.5   2.7   .51  21.3
  1 1986 125  12043.23  22.5  30.5   2.8   .51    .9
  1 1986 126  16553.96  22.1  32.5   2.8   .51  47.8
  1 1986 127  12608.54  23.0  30.5   3.0   .51   1.8
  1 1986 128  21615.81  21.0  32.0   2.5   .51    .0
  1 1986 129  18481.06  22.4  31.8   2.8   .51    .0
  1 1986 130  16967.46  22.8  32.0   3.0   .51    .0
  1 1986 131  15917.77  23.5  31.5   3.1   .51    .0
  1 1986 132  20508.30  21.2  32.5   2.7   .51    .0
  1 1986 133  16238.51  21.6  32.0   2.8   .51    .5
  1 1986 134  21047.70  22.5  32.0   2.9   .51    .0
  1 1986 135  19997.54  21.6  32.0   2.7   .51    .0
  1 1986 136  22271.52  20.5  33.5   2.8   .51    .0
  1 1986 137  20878.94  20.6  33.5   2.7   .51  18.9
  1 1986 138  21546.71  23.0  32.0   3.0   .51    .0
  1 1986 139  21299.67  22.0  32.7   2.9   .51   2.3
  1 1986 140  18202.20  23.5  33.0   2.8   .51    .0
  1 1986 141  10213.08  23.0  27.5   2.8   .51  25.2
  1 1986 142  14986.24  22.3  31.5   2.8   .51    .0
  1 1986 143  11110.02  22.8  32.5   2.8   .51  18.7
  1 1986 144  10307.99  23.0  31.0   2.9   .51   6.0
  1 1986 145  17675.24  22.5  33.0   2.8   .51   1.7
  1 1986 146  15735.07  23.5  34.0   3.0   .51  39.2
  1 1986 147  10742.23  23.5  31.2   2.9   .51   5.0
  1 1986 148  13450.18  22.9  31.0   2.8   .51   7.7
  1 1986 149  16492.07  21.0  32.0   2.6   .51  14.0
  1 1986 150  21447.63  20.7  34.0   2.6   .51    .0
  1 1986 151  19288.87  21.2  33.5   2.5   .51    .0
  1 1986 152  19388.08  21.5  34.0   2.4   .51    .2
  1 1986 153  13857.78  22.0  34.5   2.5   .51    .0
  1 1986 154  20824.68  22.4  35.0   2.7   .51    .0
  1 1986 155  15415.35  22.2  35.0   2.9   .51   9.0
  1 1986 156  14844.83  21.2  32.0   2.8   .51   1.3
  1 1986 157  17530.65  22.0  32.5   2.6   .51   1.4
  1 1986 158  15950.64  21.0  33.0   2.5   .51    .0
  1 1986 159  16278.79  24.2  32.5   2.8   .51    .0
  1 1986 160  11789.76  23.0  31.0   2.5   .51    .3
  1 1986 161  10889.18  23.8  30.0   3.0   .51  17.0
  1 1986 162  11444.56  22.3  30.5   2.7   .51   2.2
  1 1986 163  11552.25  22.1  31.8   2.7   .51   6.9
  1 1986 164  10206.83  23.0  26.8   2.8   .51  13.6
  1 1986 165  10427.26  22.1  29.0   2.8   .51  25.5
  1 1986 166  11876.44  22.5  29.0   2.6   .51   4.8
  1 1986 167  16339.69  22.6  32.5   3.0   .51  10.7
  1 1986 168  12875.08  23.4  32.5   2.9   .51    .0
  1 1986 169  14657.83  23.5  31.5   2.9   .51   3.0
  1 1986 170  15212.86  23.0  31.5   3.0   .51   7.5
  1 1986 171  13760.25  24.3  30.5   3.0   .51  99.8
  1 1986 172  12643.12  22.6  32.0   3.0   .51    .0
  1 1986 173  12753.37  24.5  31.5   3.1   .51  10.3
  1 1986 174  10076.07  23.0  26.5   2.8   .51  34.6
  1 1986 175  10075.57  22.1  30.0   2.8   .51   1.1
  1 1986 176  12640.21  22.0  32.0   2.7   .51  10.8
  1 1986 177  10744.48  22.8  30.5   3.0   .51  33.2
  1 1986 178  12529.40  23.3  31.0   3.0   .51  15.5
  1 1986 179  13645.81  23.5  31.0   2.9   .51  32.5
  1 1986 180  11527.33  22.0  31.4   2.8   .51   2.2
  1 1986 181  10189.46  23.0  27.5   2.9   .51  18.5
  1 1986 182  10079.10  22.6  26.0   2.8   .51  29.6
  1 1986 183  10080.57  22.2  29.5   2.8   .51  21.7
  1 1986 184  16784.55  21.6  32.0   2.7   .51   6.0
  1 1986 185  17124.31  22.7  33.0   2.9   .51    .2
  1 1986 186  13775.57  23.2  32.0   3.0   .51  18.9
  1 1986 187  10088.67  22.5  27.0   2.8   .51  18.7
  1 1986 188  10091.22  22.0  25.0   2.7   .51  14.5
  1 1986 189  10653.77  21.7  30.0   2.8   .51    .0
  1 1986 190  14577.90  21.2  31.0   3.0   .51  18.1
  1 1986 191  14583.68  20.3  31.0   2.5   .51  15.5
  1 1986 192  15823.57  22.0  32.0   2.8   .51    .8
  1 1986 193  10106.71  22.7  27.0   2.9   .51  12.0
  1 1986 194  14265.90  22.0  31.0   2.8   .51  21.8
  1 1986 195  16745.26  22.7  31.0   3.0   .51  48.5
  1 1986 196  13042.28  22.6  29.5   2.8   .51  57.7
  1 1986 197  10909.79  21.7  28.5   2.7   .51    .2
  1 1986 198  10689.18  21.5  27.5   2.7   .51   8.9
  1 1986 199  14527.12  21.5  29.5   2.7   .51   9.6
  1 1986 200  11826.92  22.0  28.0   2.8   .51   1.9
  1 1986 201  22222.68  22.3  31.6   2.9   .51  12.2
  1 1986 202  12403.73  22.0  29.5   2.7   .51   2.5
  1 1986 203  11505.10  23.0  28.0   2.9   .51   7.8
  1 1986 204  10151.97  21.0  29.0   2.5   .51   6.2
  1 1986 205  10156.46  21.0  28.2   2.8   .51   1.8
  1 1986 206  10501.30  22.4  28.5   2.8   .51    .1
  1 1986 207  14934.63  22.0  31.0   2.8   .51  25.5
  1 1986 208  18921.71  22.6  31.0   2.8   .51   6.1
  1 1986 209  10629.46  22.8  27.5   2.8   .51  15.3
  1 1986 210  10406.54  22.2  27.5   2.7   .58   3.7
  1 1986 211  20556.02  22.0  31.0   2.8   .58    .1
  1 1986 212  16576.91  23.2  31.0   2.8   .58  40.0
  1 1986 213  17500.97  22.5  31.0   3.0   .58   2.0
  1 1986 214  14882.80  23.0  31.0   3.1   .58    .1
  1 1986 215  11801.70  23.0  29.5   2.8   .58  14.8
  1 1986 216  12036.18  23.0  30.0   2.9   .58 117.8
  1 1986 217  10207.24  21.7  24.5   2.7   .58  25.8
  1 1986 218  11932.21  21.6  30.5   2.7   .58    .0
  1 1986 219  19288.81  22.5  34.0   3.0   .58  14.4
  1 1986 220  12516.95  23.4  31.0   2.9   .58  10.7
  1 1986 221  20577.85  23.8  32.3   3.0   .58  20.0
  1 1986 222  17249.70  24.5  31.0   3.1   .58   1.3
  1 1986 223  13108.16  23.0  32.5   3.0   .58  12.9
  1 1986 224  10228.28  24.0  31.5   3.0   .58  11.4
  1 1986 225  10230.42  23.0  27.0   2.9   .58   4.4
  1 1986 226  13468.82  22.2  31.0   2.8   .58   6.9
  1 1986 227  11390.78  21.0  30.5   2.6   .58    .5
  1 1986 228  19381.77  22.0  32.0   2.8   .58    .0
  1 1986 229  10236.33  22.0  25.0   2.7   .58  26.2
  1 1986 230  16962.60  20.2  31.5   2.7   .58  26.4
  1 1986 231  11281.91  23.0  30.5   3.0   .58  43.2
  1 1986 232  10586.02  22.5  29.0   2.9   .58  17.5
  1 1986 233  15350.41  22.5  33.5   2.8   .58    .4
  1 1986 234  18492.75  23.3  33.5   2.8   .58   6.9
  1 1986 235  10817.74  22.1  29.0   2.8   .58   4.9
  1 1986 236  19548.41  20.0  31.5   2.3   .58    .0
  1 1986 237  16173.88  22.5  33.0   2.7   .58    .0
  1 1986 238  19088.70  21.1  34.0   2.8   .58   3.0
  1 1986 239  22239.02  22.0  32.2   2.9   .58   8.5
  1 1986 240  11392.44  23.0  31.0   2.8   .58   6.6
  1 1986 241  11273.02  23.0  30.0   2.8   .58  18.4
  1 1986 242  16990.73  22.0  32.3   2.7   .58    .3
  1 1986 243  11616.53  22.0  31.5   2.7   .58  38.6
  1 1986 244  18038.18  21.0  31.0   2.7   .58   2.5
  1 1986 245  11140.54  22.0  29.5   2.8   .53    .3
  1 1986 246  17447.45  21.5  31.0   2.7   .53    .0
  1 1986 247  15689.38  22.0  31.5   2.7   .53    .0
  1 1986 248  20594.99  21.0  33.0   2.5   .53   5.7
  1 1986 249  19186.14  23.2  32.5   3.0   .53  18.5
  1 1986 250  14384.70  24.0  31.0   3.0   .53  25.7
  1 1986 251  14260.26  23.5  32.0   2.9   .53    .8
  1 1986 252  16591.09  22.8  32.0   2.9   .53    .0
  1 1986 253  15061.92  23.0  32.4   2.8   .53    .2
  1 1986 254  12012.28  22.0  30.6   2.6   .53   8.8
  1 1986 255  11418.00  22.2  30.5   2.8   .53  15.7
  1 1986 256  13394.88  22.2  30.7   2.7   .53   2.6
  1 1986 257  10228.57  21.6  27.0   2.7   .53  11.8
  1 1986 258  13371.86  22.5  30.6   2.8   .53  14.7
  1 1986 259  12541.95  22.5  30.5   2.8   .53    .0
  1 1986 260  11828.78  22.5  30.0   2.9   .53  15.8
  1 1986 261  17299.97  22.1  32.0   2.8   .53   3.2
  1 1986 262  10519.26  22.7  28.5   2.8   .53  30.3
  1 1986 263  13653.14  22.0  30.5   2.8   .53  10.2
  1 1986 264  11656.90  22.5  30.0   2.9   .53    .0
  1 1986 265  14552.45  22.0  30.5   2.9   .53  13.4
  1 1986 266  15814.68  22.0  32.0   2.7   .53    .0
  1 1986 267  11028.57  23.5  32.5   2.9   .53    .0
  1 1986 268  15775.55  22.4  32.5   3.0   .53   1.7
  1 1986 269  17147.92  22.2  32.5   3.0   .53    .0
  1 1986 270  14457.78  22.0  32.5   2.8   .53    .0
  1 1986 271  11424.08  22.5  30.5   2.7   .53  11.0
  1 1986 272  18698.83  22.5  32.5   2.8   .53    .0
  1 1986 273  16937.66  22.5  32.5   2.7   .54    .0
  1 1986 274  17374.41  22.9  33.5   2.9   .54  33.8
  1 1986 275  14462.65  21.5  32.0   2.8   .54    .0
  1 1986 276  16283.03  22.5  32.0   2.8   .54   3.7
  1 1986 277  15450.26  22.0  31.0   2.9   .54  30.9
  1 1986 278  10593.75  22.5  31.0   2.8   .54   7.4
  1 1986 279  11491.64  22.3  30.6   2.8   .54   6.5
  1 1986 280  11124.98  22.6  31.5   2.9   .54   5.6
  1 1986 281  15913.72  22.5  31.5   3.0   .54    .0
  1 1986 282  10278.84  22.8  30.6   2.8   .54  12.0
  1 1986 283  10142.50  22.0  28.0   2.8   .54  17.1
  1 1986 284  14454.71  21.5  30.0   2.6   .54  19.3
  1 1986 285  17159.10  22.5  31.0   2.7   .54   3.5
  1 1986 286  10188.48  22.6  29.0   3.0   .54   1.8
  1 1986 287  11073.46  22.0  31.0   2.7   .54  27.3
  1 1986 288   9574.73  21.5  28.0   2.8   .54  11.2
  1 1986 289  11362.55  22.0  31.5   2.8   .54   3.7
  1 1986 290  18115.40  21.6  32.5   2.8   .54    .0
  1 1986 291  19092.53  21.0  32.0   2.5   .54   9.2
  1 1986 292   9706.85  21.5  30.0   2.7   .54  40.6
  1 1986 293   9457.91  22.3  26.0   2.9   .54  37.1
  1 1986 294  15380.45  21.0  31.5   2.9   .54    .7
  1 1986 295  20161.33  20.5  32.8   2.8   .54    .0
  1 1986 296  16204.81  21.4  32.5   2.8   .54    .0
  1 1986 297  19292.07  20.6  33.5   2.8   .54    .0
  1 1986 298  16464.74  21.5  33.0   2.7   .54    .0
  1 1986 299  18205.25  22.0  32.7   2.7   .54    .0
  1 1986 300  12727.37  21.0  32.0   2.6   .54   4.5
  1 1986 301  13249.80  21.0  31.5   2.8   .54   9.8
  1 1986 302  18080.05  21.6  32.3   2.8   .54    .0
  1 1986 303  13626.24  21.4  32.0   2.7   .54    .3
  1 1986 304  13592.97  22.6  31.0   2.8   .54    .7
  1 1986 305  19711.91  21.5  32.6   2.9   .54   1.2
  1 1986 306  17583.25  22.2  32.0   2.8   .54   3.8
  1 1986 307  19402.19  20.5  32.0   2.6   .54    .0
  1 1986 308  17391.66  21.7  31.5   2.7   .53   1.2
  1 1986 309  16043.05  22.0  32.0   2.6   .53    .0
  1 1986 310  17636.57  20.3  32.5   2.4   .53   1.4
  1 1986 311  17161.33  21.2  32.0   2.7   .53   5.7
  1 1986 312  17554.73  21.5  32.5   2.8   .53    .0
  1 1986 313  17676.41  21.0  32.0   2.8   .53    .2
  1 1986 314  17797.77  22.5  32.5   2.8   .53    .2
  1 1986 315  12372.75  21.6  32.5   2.9   .53 100.7
  1 1986 316   8903.85  22.5  25.0   2.9   .53  47.6
  1 1986 317   8881.37  21.2  29.0   2.7   .53   3.1
  1 1986 318  10108.29  22.2  33.0   2.9   .53  15.7
  1 1986 319  11330.79  23.0  28.5   3.0   .53  22.2
  1 1986 320  12548.98  22.5  31.0   3.0   .53  14.0
  1 1986 321   9220.51  23.0  29.0   2.9   .53   9.6
  1 1986 322  16531.54  22.5  31.5   2.9   .53   1.3
  1 1986 323  10238.61  22.5  30.5   2.8   .53   9.9
  1 1986 324  16993.00  21.6  32.0   2.9   .53   2.9
  1 1986 325   9771.13  22.6  29.5   2.9   .53  15.2
  1 1986 326  12282.91  21.0  30.0   2.8   .53   5.7
  1 1986 327  14365.38  21.4  31.0   2.7   .53   1.0
  1 1986 328  11182.68  21.5  29.5   2.7   .53  10.5
  1 1986 329  18827.06  19.0  31.0   2.5   .53    .0
  1 1986 330  19108.91  19.5  31.5   2.3   .53   2.8
  1 1986 331  13004.49  22.0  31.0   2.6   .53    .2
  1 1986 332  13923.10  22.7  31.5   2.6   .53    .4
  1 1986 333  18911.38  21.5  31.5   2.7   .53    .0
  1 1986 334  18987.00  19.0  32.5   2.4   .53    .0
  1 1986 335  18751.18  20.0  32.0   2.4   .53  14.5
  1 1986 336  15501.29  19.0  32.0   2.4   .55   1.0
  1 1986 337  17038.28  22.0  32.0   2.7   .55   4.7
  1 1986 338  16394.02  21.0  32.0   2.7   .55   1.4
  1 1986 339  15544.98  22.0  32.4   3.0   .55  43.0
  1 1986 340   9314.70  21.5  29.0   2.6   .55  76.4
  1 1986 341  10441.65  21.5  30.0   2.8   .55    .0
  1 1986 342  11360.68  21.0  31.5   2.8   .55  15.0
  1 1986 343  13208.49  22.0  30.6   3.0   .55    .0
  1 1986 344  18563.07  20.0  31.5   2.5   .55    .0
  1 1986 345  15249.04  19.0  31.6   2.4   .55   8.7
  1 1986 346  12043.49  22.0  31.2   2.8   .55  23.0
  1 1986 347  16259.15  21.2  31.0   2.9   .55    .0
  1 1986 348  12646.90  18.5  30.0   2.3   .55   5.6
  1 1986 349  11920.57  20.5  31.0   2.6   .55   5.0
  1 1986 350  15208.44  20.5  30.5   2.6   .55   1.0
  1 1986 351  11912.43  20.0  31.5   2.3   .55   6.2
  1 1986 352  17772.22  20.6  32.0   2.5   .55    .0
  1 1986 353  15919.11  21.0  31.5   2.6   .55    .0
  1 1986 354  11290.96  19.5  30.5   2.4   .55    .2
  1 1986 355  17564.90  20.5  31.0   2.6   .55   5.7
  1 1986 356  13350.21  21.2  31.0   2.8   .55    .0
  1 1986 357  10575.51  21.0  31.5   2.4   .55    .0
  1 1986 358  16547.40  22.0  32.5   2.7   .55    .2
  1 1986 359  16759.69  20.5  31.5   2.4   .55  16.3
  1 1986 360  17282.49  22.0  30.0   2.7   .55    .0
  1 1986 361  17704.15  18.5  31.5   2.3   .55    .0
  1 1986 362  18643.18  17.5  31.0   2.3   .55    .0
  1 1986 363  12569.73  21.5  31.8   2.5   .55    .0
  1 1986 364  15057.74  18.0  31.0   2.3   .55    .0
  1 1986 365  14244.50  18.5  32.4   2.3   .55    .0
