*---------------------------------------------------------              
* Station name: Hacienda El Carmen                                      
* Author: Atlantic Zone Project, AUW-MAG-CATIE, Costa Rica              
* Source: IMN, San Jose, Costa Rica                                     
*                                                                       
* Comments: No wind speed data                                          
*           No solar radiation data from September 17                   
*           No solar radiation data from Feb 22 - Mar 17                
*                                                                       
* Longitude:  83  29 W, latitude:  10  12 N, altitude:  15 m.           
* Column  Daily value                                                   
*    1    station number                                                
*    2    year                                                          
*    3    month                                                         
*    4    day                                                           
*    5    julian date                                                   
*    6    irradiation            (cal cm-2 d-1)                         
*    7    minimum temperature    (degrees Celcius)                      
*    8    maximum temperature    (degrees Celcius)                      
*    9    vapor pressure at 0700 (mbar)                                 
*   10    vapor pressure at 1300 (mbar)                                 
*   11    vapor pressure at 1800 (mbar)                                 
*   12    mean wind speed        (kilometer per hour)                   
*   13    precipitation          (mm d-1)                               
*   14    sunshine hours         (hours)                                
* Missing value: -99                                                    
*---------------------------------------------------------              
*  data converted with WDC for CABO-format
*-------------------------------------------
  83.48  10.20    15.  .00  .00
  1 1980   1  13534.45  22.0  29.0   2.0   .55   8.4
  1 1980   2   8477.10  20.9  23.8   1.9   .55  74.2
  1 1980   3  15739.75  21.1  29.6   2.0   .55    .2
  1 1980   4  15654.71  21.4  29.9   1.9   .55   8.2
  1 1980   5   8510.16  21.7  30.5   2.1   .55  20.1
  1 1980   6  13408.38  22.0  28.3   2.0   .55  18.5
  1 1980   7  19048.02  21.8  30.7   2.0   .55    .0
  1 1980   8   5062.64  21.6  27.2   1.9   .55  19.2
  1 1980   9  17434.48  22.7  30.1   2.1   .55   2.2
  1 1980  10  12761.20  21.6  31.0   2.0   .55    .0
  1 1980  11  12091.76  19.8  29.7   1.8   .55    .0
  1 1980  12  13849.04  18.8  30.7   1.7   .55   5.3
  1 1980  13  10836.56  21.1  29.2   1.9   .55    .0
  1 1980  14  14560.32  20.3  31.0   1.9   .55    .0
  1 1980  15  10501.84  18.7  30.1   1.7   .55    .0
  1 1980  16  12426.48  19.0  30.4   1.9   .55    .0
  1 1980  17   8158.80  19.2  29.4   1.8   .55    .0
  1 1980  18  12532.75  21.1  30.1   1.9   .55    .1
  1 1980  19  17227.53  19.6  30.3   1.6   .55  19.8
  1 1980  20  15032.11  20.6  31.3   2.0   .55   2.2
  1 1980  21  12935.45  21.5  33.2   1.9   .55   4.0
  1 1980  22   8660.88  22.5  29.4   1.9   .55    .2
  1 1980  23  11966.24  22.3  31.6   2.0   .55    .1
  1 1980  24  11966.24  20.1  30.8   1.9   .55    .0
  1 1980  25  12342.80  19.9  31.4   1.9   .55    .0
  1 1980  26  13054.08  22.3  31.6   2.0   .55   1.4
  1 1980  27  13659.32  22.9  30.8   2.1   .55   2.3
  1 1980  28  12300.96  22.2  30.8   2.1   .59   3.4
  1 1980  29  10371.99  22.3  27.2   2.1   .59   6.4
  1 1980  30   4100.32  22.2  26.0   2.0   .59  41.8
  1 1980  31  14392.96  18.8  29.7   1.8   .59    .0
  1 1980  32  20583.17  18.5  31.0   1.6   .59   1.2
  1 1980  33  14629.93  20.3  29.5   1.6   .59   8.3
  1 1980  34  17073.29  20.7  29.5   1.9   .59  36.5
  1 1980  35   9114.12  20.3  22.5   1.8   .59  59.3
  1 1980  36   6945.44  20.7  24.5   1.7   .59   6.9
  1 1980  37   8033.28  20.5  26.6   1.7   .59  72.8
  1 1980  38   9190.90  20.3  22.5   1.7   .59  20.4
  1 1980  39  15229.76  21.2  29.5   2.0   .59    .0
  1 1980  40  10585.52  19.9  29.5   1.7   .59    .4
  1 1980  41   9601.51  21.6  28.5   2.0   .59  22.7
  1 1980  42   9961.90  22.2  26.5   2.0   .59   7.6
  1 1980  43  13723.52  20.3  30.0   2.0   .59    .0
  1 1980  44   7698.56  18.7  27.0   1.7   .59   4.8
  1 1980  45   9707.93  19.9  26.0   2.0   .59  13.4
  1 1980  46  11753.60  18.8  28.5   1.8   .59   7.5
  1 1980  47  21001.11  17.4  29.5   1.6   .59    .0
  1 1980  48  17896.30  18.8  29.6   1.8   .59    .0
  1 1980  49  16132.91  21.1  30.3   2.0   .59    .0
  1 1980  50  15522.64  20.3  31.0   2.0   .59    .0
  1 1980  51  19721.15  22.2  31.0   2.1   .59    .0
  1 1980  52  10794.72  19.8  30.5   1.7   .59    .0
  1 1980  53  16398.09  22.3  30.5   2.0   .59    .9
  1 1980  54  19852.81  19.8  30.5   1.9   .59    .0
  1 1980  55  21721.66  19.7  30.5   1.9   .59    .0
  1 1980  56  20852.62  19.6  32.0   1.7   .59    .0
  1 1980  57  18720.05  20.3  31.5   1.7   .59   6.4
  1 1980  58  16120.63  20.9  30.4   1.9   .59    .0
  1 1980  59  14431.13  20.1  29.5   1.6   .59    .9
  1 1980  60  16763.66  21.4  30.4   1.9   .59    .0
  1 1980  61  18296.06  19.8  31.0   1.7   .59    .0
  1 1980  62  21102.38  21.1  32.0   1.9   .59    .0
  1 1980  63  13163.70  19.2  28.4   1.6   .59    .3
  1 1980  64  17011.34  18.8  30.5   1.9   .59    .0
  1 1980  65  21217.05  16.6  29.8   1.6   .59    .0
  1 1980  66  18699.25  18.7  31.0   1.8   .59    .0
  1 1980  67  18847.82  19.0  31.0   2.0   .59    .0
  1 1980  68  17249.79  18.7  31.0   1.6   .59    .6
  1 1980  69  18677.25  19.0  32.0   1.9   .59    .0
  1 1980  70  17423.46  19.4  29.8   1.7   .59    .4
  1 1980  71  10909.12  20.1  28.5   1.9   .59    .1
  1 1980  72  20050.41  18.3  31.5   1.9   .59    .0
  1 1980  73  20898.41  19.2  32.0   1.7   .59    .0
  1 1980  74  17645.79  20.9  32.0   1.9   .59    .0
  1 1980  75  16145.40  20.1  30.5   1.9   .59   5.6
  1 1980  76  17106.73  21.2  30.0   2.0   .59   3.5
  1 1980  77  14074.15  19.0  30.0   1.8   .59    .1
  1 1980  78   6987.28  21.8  29.5   2.0   .59   5.4
  1 1980  79  13514.32  19.2  30.5   1.8   .59    .1
  1 1980  80   8493.52  18.5  27.5   1.7   .59   1.0
  1 1980  81  17028.88  18.3  31.0   1.7   .59   2.5
  1 1980  82  15438.96  19.3  31.0   2.1   .59    .0
  1 1980  83  13054.08  20.3  31.0   1.7   .59    .3
  1 1980  84   8242.48  21.2  31.4   1.9   .59    .0
  1 1980  85  15104.24  22.2  31.0   1.8   .59   3.6
  1 1980  86  15020.56  21.8  31.6   2.1   .59    .0
  1 1980  87  10041.60  23.5  31.5   2.2   .59   7.7
  1 1980  88  12886.72  23.1  31.5   2.2   .59    .1
  1 1980  89   6108.64  23.6  30.0   2.3   .59   2.3
  1 1980  90  12008.08  22.7  32.5   2.2   .59    .0
  1 1980  91   8870.08  23.3  32.5   2.2   .60    .0
  1 1980  92   9079.28  22.0  29.2   2.2   .60   1.3
  1 1980  93  11129.44  22.0  32.5   2.2   .60  14.2
  1 1980  94  11673.36  22.0  29.5   2.2   .60  20.3
  1 1980  95  12091.76  22.0  29.5   2.2   .60   2.2
  1 1980  96  13932.72  21.5  30.0   2.1   .60    .0
  1 1980  97  17907.52  20.5  30.5   1.9   .60    .0
  1 1980  98  17238.08  20.5  30.5   2.0   .60    .0
  1 1980  99  16484.96  20.5  31.0   2.0   .60    .0
  1 1980 100  15857.36  20.5  30.5   2.0   .60    .0
  1 1980 101  18618.80  17.5  31.5   1.6   .60    .0
  1 1980 102  17028.88  18.5  31.2   1.8   .60    .0
  1 1980 103  18074.88  18.0  31.3   1.7   .60    .0
  1 1980 104  15606.32  19.0  31.4   1.8   .60    .0
  1 1980 105  13095.92  21.0  31.8   2.0   .60    .0
  1 1980 106  16359.44  21.5  32.5   2.1   .60    .7
  1 1980 107  12342.80  21.5  31.0   2.0   .60    .5
  1 1980 108   9330.32  20.0  32.5   1.9   .60   1.7
  1 1980 109   5230.00  21.0  28.0   2.0   .60  77.2
  1 1980 110   4100.32  22.0  28.0   1.9   .60  50.7
  1 1980 111   3681.92  22.9  26.9   2.0   .60  29.2
  1 1980 112  16324.99  23.0  32.0   2.3   .60  40.0
  1 1980 113  10338.72  22.0  26.0   1.9   .60   4.2
  1 1980 114  12563.92  22.2  30.0   1.9   .60    .2
  1 1980 115  16775.37  20.8  30.5   1.9   .60    .0
  1 1980 116  18288.65  21.0  30.5   2.1   .60    .0
  1 1980 117  22369.92  22.0  30.5   2.3   .60    .0
  1 1980 118  16401.33  22.0  30.5   2.2   .60  10.3
  1 1980 119   9623.20  23.0  31.5   2.4   .51    .0
  1 1980 120  12510.16  21.5  30.9   2.1   .51    .0
  1 1980 121  15104.24  20.5  31.0   2.1   .51    .0
  1 1980 122  14560.32  20.5  32.5   2.2   .51    .0
  1 1980 123  12091.76  22.5  32.0   2.3   .51    .0
  1 1980 124  13598.00  23.0  32.7   2.3   .51    .0
  1 1980 125  14016.40  22.0  32.8   2.3   .51    .0
  1 1980 126  15773.68  20.5  32.8   1.9   .51  10.3
  1 1980 127   8995.60  22.0  30.8   2.1   .51   3.1
  1 1980 128  10376.32  22.0  31.0   2.0   .51   3.5
  1 1980 129  17326.58  22.0  33.0   2.2   .51    .4
  1 1980 130  12635.68  23.0  33.0   2.1   .51    .9
  1 1980 131  16192.08  23.0  34.6   2.4   .51    .0
  1 1980 132  15648.16  22.0  33.5   2.2   .51   2.2
  1 1980 133  11589.68  23.5  32.0   2.4   .51  13.4
  1 1980 134   6024.96  23.5  29.5   2.3   .51   5.7
  1 1980 135  14811.36  23.5  33.0   2.4   .51    .2
  1 1980 136  15020.56  23.3  32.5   2.4   .51    .0
  1 1980 137  13095.92  23.0  32.0   2.1   .51   5.0
  1 1980 138  17614.64  23.5  32.0   2.2   .51    .0
  1 1980 139  10208.96  21.5  30.6   2.0   .51   2.9
  1 1980 140   8995.60  24.0  31.5   2.1   .51  15.7
  1 1980 141   4100.32  24.0  29.5   2.2   .51  17.5
  1 1980 142  15187.92  23.0  32.0   2.1   .51    .0
  1 1980 143  12342.80  23.8  33.0   2.3   .51    .0
  1 1980 144   6192.32  22.5  28.5   2.2   .51    .7
  1 1980 145  14811.36  22.0  33.0   2.2   .51    .0
  1 1980 146  16066.56  21.8  33.5   2.3   .51    .0
  1 1980 147  20704.86  22.0  34.5   2.2   .51    .6
  1 1980 148  16192.08  22.5  33.0   2.1   .51   1.0
  1 1980 149  12342.80  22.0  31.5   2.0   .51   6.7
  1 1980 150   7196.48  22.5  29.5   2.0   .51   1.4
  1 1980 151  15792.43  22.5  32.5   2.1   .51   7.6
  1 1980 152   6401.52  22.5  27.5   2.2   .51  18.0
  1 1980 153  18474.15  20.5  32.5   2.0   .51    .0
  1 1980 154  10836.56  22.0  32.5   2.2   .51    .5
  1 1980 155  20586.38  22.0  33.0   2.1   .51    .0
  1 1980 156  12970.40  22.5  33.5   2.3   .51    .0
  1 1980 157   3640.08  22.5  29.5   2.2   .51   9.3
  1 1980 158   6819.92  20.5  30.5   1.9   .51  34.5
  1 1980 159   4142.16  22.5  26.0   2.1   .51  27.5
  1 1980 160   8911.92  21.5  31.0   2.1   .51  37.2
  1 1980 161   7154.64  23.0  30.0   2.1   .51  37.0
  1 1980 162  12217.28  22.5  31.5   2.2   .51   5.2
  1 1980 163   6861.76  21.0  31.0   2.1   .51    .0
  1 1980 164   8702.72  23.0  31.5   2.2   .51    .0
  1 1980 165  13723.52  22.5  32.6   2.2   .51    .0
  1 1980 166  15648.16  22.0  32.0   2.3   .51    .0
  1 1980 167  13472.48  22.5  32.5   2.2   .51   5.8
  1 1980 168  10376.32  23.0  32.5   2.2   .51    .7
  1 1980 169  11254.96  23.0  30.5   2.2   .51  82.2
  1 1980 170  10627.36  23.0  32.0   2.1   .51   2.0
  1 1980 171   9121.12  23.5  32.0   2.2   .51  15.0
  1 1980 172  11798.88  22.5  29.0   2.0   .51   8.1
  1 1980 173  10250.80  21.5  28.5   2.1   .51   4.5
  1 1980 174  13054.08  21.0  31.0   2.0   .51   1.5
  1 1980 175   2133.84  22.5  27.5   2.1   .51  15.5
  1 1980 176  10501.84  19.8  31.0   1.9   .51   1.1
  1 1980 177   6024.96  23.0  30.0   2.1   .51  90.8
  1 1980 178   7698.56  23.0  30.0   2.2   .51  16.5
  1 1980 179   8660.88  22.5  28.0   2.4   .51  56.5
  1 1980 180   5983.12  23.0  30.5   2.2   .51  35.6
  1 1980 181   6192.32  22.5  29.5   2.2   .51  53.3
  1 1980 182   9623.20  20.5  31.5   2.2   .51    .4
  1 1980 183  12552.00  21.5  31.0   1.9   .51    .9
  1 1980 184  13598.00  21.5  32.5   2.1   .51   9.4
  1 1980 185   5481.04  21.5  29.0   2.1   .51  19.9
  1 1980 186  14434.80  20.0  30.0   2.1   .51   6.2
  1 1980 187  14141.92  21.5  32.0   2.1   .51   6.6
  1 1980 188  15574.45  23.0  33.0   2.3   .51  25.7
  1 1980 189   9414.00  21.5  31.5   2.2   .51   1.2
  1 1980 190  12761.20  22.0  31.0   1.8   .51   1.9
  1 1980 191  14476.64  22.5  32.0   2.2   .51    .0
  1 1980 192  17656.48  22.0  32.5   2.0   .51    .0
  1 1980 193   4100.32  21.5  28.0   2.1   .51   3.7
  1 1980 194   6652.56  20.5  29.5   2.0   .51   9.3
  1 1980 195  13723.52  20.5  32.0   2.1   .51   9.6
  1 1980 196  10376.32  21.0  30.5   2.0   .51    .0
  1 1980 197  11882.56  21.0  30.5   2.2   .51  23.8
  1 1980 198  12928.56  22.5  33.0   2.2   .51   6.4
  1 1980 199  14141.92  22.0  32.0   2.2   .51  18.7
  1 1980 200   7196.48  23.0  31.0   2.3   .51  10.9
  1 1980 201  10836.56  22.5  31.5   2.1   .51   3.4
  1 1980 202   8242.48  22.0  31.0   2.3   .51    .1
  1 1980 203  11003.92  22.0  31.5   2.1   .51    .1
  1 1980 204  11380.48  20.5  32.0   2.0   .51   6.2
  1 1980 205  10376.32  20.2  30.0   2.0   .51    .0
  1 1980 206  17991.20  20.5  32.0   2.0   .51    .0
  1 1980 207  15982.88  21.5  32.0   2.2   .51    .0
  1 1980 208  13598.00  21.0  32.5   2.0   .51   6.6
  1 1980 209  13932.72  21.0  32.5   2.2   .51  38.3
  1 1980 210   7573.04  22.5  29.5   2.2   .58   1.4
  1 1980 211  10920.24  22.5  31.0   2.2   .58    .5
  1 1980 212  14978.72  21.0  32.0   2.1   .58  37.5
  1 1980 213  16275.76  22.5  32.5   2.2   .58   9.6
  1 1980 214   6987.28  23.0  29.5   2.1   .58    .9
  1 1980 215  12928.56  22.0  32.0   2.1   .58   5.0
  1 1980 216  14978.72  20.5  31.5   2.1   .58    .0
  1 1980 217  13388.80  21.5  32.0   2.1   .58    .0
  1 1980 218  16610.48  21.0  32.5   2.0   .58   8.8
  1 1980 219  15773.68  21.0  33.5   2.3   .58    .0
  1 1980 220  15229.76  20.5  33.5   2.1   .58    .0
  1 1980 221  10083.44  21.5  32.5   2.0   .58    .0
  1 1980 222  11464.16  22.0  34.5   2.1   .58    .0
  1 1980 223  10627.36  20.5  33.5   2.0   .58    .0
  1 1980 224  15606.32  20.5  33.0   2.0   .58    .5
  1 1980 225  15648.16  22.0  32.5   2.3   .58  32.8
  1 1980 226   6945.44  22.0  29.0   2.2   .58  34.9
  1 1980 227   7405.68  21.5  30.5   2.1   .58   2.8
  1 1980 228  10920.24  22.0  33.5   2.0   .58    .0
  1 1980 229   9957.92  21.5  31.5   2.1   .58    .3
  1 1980 230  10376.32  21.0  31.5   2.0   .58  10.1
  1 1980 231  11003.92  21.5  27.5   2.2   .58   1.2
  1 1980 232  11338.64  20.5  31.5   2.1   .58  22.6
  1 1980 233  13723.52  20.5  32.0   2.0   .58    .0
  1 1980 234  13849.04  20.0  32.0   2.0   .58  10.9
  1 1980 235  11981.26  20.5  30.5   2.0   .58   2.2
  1 1980 236  18966.30  20.0  32.0   2.0   .58    .0
  1 1980 237   9455.84  20.5  29.5   2.1   .58  30.8
  1 1980 238  15522.64  22.5  31.7   2.3   .58   1.4
  1 1980 239  17154.40  22.5  32.5   2.3   .58  30.4
  1 1980 240   6736.24  22.0  29.5   2.1   .58   6.8
  1 1980 241  12300.96  21.5  31.5   2.1   .58  19.7
  1 1980 242   8158.80  21.5  30.0   2.1   .58   3.9
  1 1980 243  10418.16  20.5  31.5   2.0   .58    .0
  1 1980 244  19089.65  21.0  32.0   2.1   .58   3.9
  1 1980 245  17217.37  23.0  32.0   2.1   .53  10.7
  1 1980 246  12091.76  22.2  29.0   2.2   .53   6.7
  1 1980 247  17991.20  21.4  30.5   1.8   .53   3.1
  1 1980 248  16903.36  21.4  32.5   1.9   .53    .0
  1 1980 249  12510.16  22.3  31.5   2.1   .53   1.0
  1 1980 250  17782.00  23.1  32.5   2.2   .53    .8
  1 1980 251   4184.00  22.7  32.5   2.2   .53   4.5
  1 1980 252  15857.36  24.0  29.0   2.0   .53   2.2
  1 1980 253  10920.24  22.5  33.5   2.1   .53    .0
  1 1980 254  15773.68  22.7  32.0   2.1   .53   3.4
  1 1980 255  13305.12  22.0  34.5   2.0   .53    .3
  1 1980 256  14476.64  23.5  33.0   2.2   .53   3.1
  1 1980 257  11003.92  22.5  33.5   2.0   .53   6.0
  1 1980 258  14978.72  23.5  31.0   2.2   .53    .6
  1 1980 259  10794.72  22.0  33.0   2.1   .53    .0
  1 1980 260  13054.08  21.1  32.5   2.0   .53    .0
  1 1980 261  10765.59  22.9  32.0   2.2   .53   9.4
  1 1980 262  19966.22  22.5  29.5   2.1   .53    .2
  1 1980 263  10039.55  21.8  32.5   1.8   .53   9.0
  1 1980 264  15501.40  22.9  30.5   2.1   .53   8.8
  1 1980 265  12456.75  23.6  32.0   2.0   .53   2.4
  1 1980 266  17676.27  23.5  31.5   2.2   .53   3.2
  1 1980 267  20562.38  22.0  32.0   2.1   .53   5.5
  1 1980 268  19493.22  22.5  32.5   2.0   .53   3.8
  1 1980 269  11575.95  23.1  31.5   2.1   .53    .0
  1 1980 270  10630.34  23.6  32.0   2.2   .53   1.5
  1 1980 271  18145.01  22.3  31.0   2.1   .53  34.6
  1 1980 272  12447.35  22.0  31.0   2.0   .53    .0
  1 1980 273  16359.39  23.5  30.0   2.2   .54   4.6
  1 1980 274  17027.81  23.1  33.5   2.1   .54    .0
  1 1980 275  17001.60  21.2  33.0   2.0   .54    .0
  1 1980 276  13746.95  22.2  32.0   2.2   .54  36.4
  1 1980 277  18098.51  22.0  33.5   2.1   .54  22.9
  1 1980 278  15193.80  22.0  32.0   2.0   .54  24.1
  1 1980 279  11836.21  22.5  31.0   2.2   .54   1.6
  1 1980 280  17319.16  22.3  31.5   2.1   .54   6.1
  1 1980 281  15226.40  21.2  33.5   2.1   .54  72.9
  1 1980 282  13481.90  22.3  31.0   2.2   .54   3.0
  1 1980 283  14826.02  21.8  32.5   2.1   .54   1.6
  1 1980 284   9663.96  22.3  27.4   2.2   .54    .0
  1 1980 285  20234.25  21.6  32.5   2.2   .54    .0
  1 1980 286  17921.42  22.7  33.0   2.1   .54    .2
  1 1980 287  11868.25  23.5  30.0   2.2   .54   1.7
  1 1980 288  11501.83  21.6  28.5   2.0   .54  14.0
  1 1980 289   9551.78  21.8  28.0   2.1   .54    .1
  1 1980 290  19697.17  21.1  32.5   1.9   .54    .0
  1 1980 291  20671.61  23.3  32.5   2.1   .54    .0
  1 1980 292  20966.49  22.0  32.5   1.9   .54    .0
  1 1980 293  20922.52  21.4  32.5   2.0   .54    .0
  1 1980 294  13585.29  22.5  32.0   1.9   .54    .0
  1 1980 295  18033.45  21.1  33.5   2.0   .54    .0
  1 1980 296  12404.02  22.0  30.0   2.1   .54   6.1
  1 1980 297  14717.29  22.5  32.0   2.2   .54   3.2
  1 1980 298  14237.34  22.5  31.0   2.1   .54  21.0
  1 1980 299  12647.34  22.9  31.0   2.1   .54   6.3
  1 1980 300  17719.88  22.0  31.0   2.1   .54   8.2
  1 1980 301  12585.42  22.9  30.5   2.0   .54    .3
  1 1980 302  13106.93  22.5  32.0   2.0   .54   3.0
  1 1980 303  10979.11  22.5  30.0   2.0   .54   9.0
  1 1980 304  15904.63  23.1  32.5   2.2   .54  14.0
  1 1980 305  12900.55  22.9  31.5   2.0   .54   2.9
  1 1980 306  10785.45  19.0  31.0   2.0   .54   6.5
  1 1980 307  15134.70  20.0  31.5   2.1   .54  10.1
  1 1980 308  11603.84  20.5  32.5   2.2   .53   4.3
  1 1980 309  11574.65  20.0  31.0   2.1   .53   2.3
  1 1980 310  13394.65  20.0  30.5   2.1   .53  54.4
  1 1980 311   9562.84  20.5  30.0   2.1   .53    .5
  1 1980 312  13763.07  20.0  32.5   2.1   .53   3.6
  1 1980 313  10810.92  19.5  30.0   2.2   .53   7.3
  1 1980 314   9381.26  20.0  30.5   2.1   .53  12.7
  1 1980 315  13126.59  20.5  33.0   2.1   .53    .7
  1 1980 316  18684.64  20.0  32.5   2.2   .53    .8
  1 1980 317   9846.82  21.0  28.5   2.1   .53  24.6
  1 1980 318  11964.12  20.0  28.5   2.1   .53    .2
  1 1980 319  10760.86  20.5  29.5   2.2   .53    .0
  1 1980 320  14788.88  20.5  32.0   2.2   .53    .0
  1 1980 321  16673.00  19.5  32.5   2.0   .53    .0
  1 1980 322  18231.85  19.0  33.5   2.0   .53    .0
  1 1980 323  17133.67  19.0  31.0   2.0   .53    .0
  1 1980 324  14981.09  19.0  31.5   2.0   .53   4.4
  1 1980 325  14210.78  19.5  32.0   2.0   .53  11.2
  1 1980 326   9539.23  19.0  30.0   2.0   .53    .0
  1 1980 327   9413.90  18.5  27.0   1.9   .53   3.1
  1 1980 328  13917.35  19.5  32.0   2.1   .53   2.5
  1 1980 329  10216.01  20.5  29.0   2.2   .53  33.9
  1 1980 330  10091.71  19.5  30.5   2.0   .53  21.0
  1 1980 331   9130.79  20.0  28.0   2.1   .53  10.5
  1 1980 332   9636.84  20.0  28.0   2.1   .53  12.5
  1 1980 333   9306.87  19.0  27.0   2.1   .53  50.8
  1 1980 334   8978.39  18.5  28.5   1.9   .53  67.1
  1 1980 335   8547.25  18.5  25.0   1.9   .53  85.7
  1 1980 336  11497.56  19.0  27.0   2.0   .55    .3
  1 1980 337  14441.52  18.0  30.0   2.0   .55    .1
  1 1980 338  10376.30  18.5  29.5   1.9   .55    .0
  1 1980 339  17410.57  16.5  31.0   1.8   .55  13.6
  1 1980 340  13559.84  18.5  31.5   2.0   .55    .0
  1 1980 341   8993.45  17.0  29.0   1.8   .55   1.8
  1 1980 342  14771.34  18.0  31.0   1.7   .55   2.7
  1 1980 343  11762.71  18.5  29.5   1.9   .55  13.8
  1 1980 344  13093.79  17.0  31.0   1.8   .55  14.5
  1 1980 345  11020.92  20.0  31.0   2.1   .55   8.4
  1 1980 346   8745.47  20.0  25.0   2.0   .55 108.9
  1 1980 347   8430.50  19.5  24.5   2.0   .55 165.5
  1 1980 348   8425.49  19.0  23.5   2.0   .55 132.1
  1 1980 349   8421.23  19.0  25.0   2.0   .55  17.4
  1 1980 350   9035.08  19.5  26.5   2.1   .55  54.3
  1 1980 351   8620.76  19.5  25.5   2.0   .55  57.8
  1 1980 352   8413.09  19.5  25.0   2.0   .55  65.3
  1 1980 353   8411.93  18.0  23.0   1.8   .55  29.4
  1 1980 354   9645.58  18.0  28.0   2.0   .55  71.9
  1 1980 355  12834.16  18.0  30.5   2.0   .55   4.1
  1 1980 356   9441.69  18.0  28.0   1.9   .55   9.2
  1 1980 357  16953.88  18.0  30.5   2.0   .55    .0
  1 1980 358  16238.68  15.5  30.5   1.7   .55    .0
  1 1980 359  16244.98  16.5  31.5   1.8   .55    .0
  1 1980 360  18106.38  15.0  32.0   1.7   .55   5.5
  1 1980 361  11830.99  18.5  30.0   1.9   .55  19.2
  1 1980 362   9570.65  19.0  28.5   2.0   .55 110.6
  1 1980 363   8443.19  17.0  27.0   1.7   .55   3.0
  1 1980 364   9069.97  17.0  28.0   1.6   .55   3.7
  1 1980 365   8458.66  17.0  23.0   1.8   .55   7.2
  1 1980 366   8467.51  15.5  23.0   1.6   .55  19.2
