*---------------------------------------------------------              
* Station name: Hacienda El Carmen                                      
* Author: Atlantic Zone Project, AUW-MAG-CATIE, Costa Rica              
* Source: IMN, San Jose, Costa Rica                                     
*                                                                       
* Comments: No SR data                                                  
*           Check unit of VP                                            
*           No WS for January                                           
*                                                                       
* Longitude:  83  29 W, latitude:  10  12 N, altitude:  15 m.           
* Column  Daily value                                                   
*    1    station number                                                
*    2    year                                                          
*    3    month                                                         
*    4    day                                                           
*    5    julian date                                                   
*    6    irradiation            (MJ m-2 d-1)                           
*    7    minimum temperature    (degrees Celcius)                      
*    8    maximum temperature    (degrees Celcius)                      
*    9    vapor pressure at 0700 (mbar)                                 
*   10    vapor pressure at 1300 (mbar)                                 
*   11    vapor pressure at 1800 (mbar)                                 
*   12    mean wind speed        (kilometer per hour)                   
*   13    precipitation          (mm d-1)                               
*   14    sunshine hours         (hours)                                
* Missing value: -99                                                    
*---------------------------------------------------------              
*  data converted with WDC for CABO-format
*-------------------------------------------
  83.48  10.20    15.  .00  .00
  1 1991   1  17774.13  22.5  31.0   2.6   .55   4.3
  1 1991   2  12617.19  21.4  30.5   2.5   .55    .9
  1 1991   3  18951.50  19.5  30.4   2.4   .55    .0
  1 1991   4  12750.71  20.4  30.3   2.3   .55   3.4
  1 1991   5  14324.66  21.8  30.5   2.6   .55   6.8
  1 1991   6  14863.72  21.4  29.8   2.4   .55  12.3
  1 1991   7  13323.48  21.5  29.6   2.6   .55   6.9
  1 1991   8  10529.60  22.2  30.6   2.6   .55    .0
  1 1991   9  10338.00  20.6  29.0   2.4   .55   5.1
  1 1991  10  11087.14  21.6  28.8   2.4   .55    .2
  1 1991  11  18537.51  21.0  30.6   2.5   .55    .0
  1 1991  12  18359.34  19.5  31.0   2.5   .55    .0
  1 1991  13  17446.72  19.4  31.5   2.2   .55   1.9
  1 1991  14  10643.33  21.4  30.5   2.4   .55    .0
  1 1991  15  10138.05  20.4  30.0   2.6   .55   2.4
  1 1991  16   9737.12  21.0  29.7   2.6   .55   1.9
  1 1991  17  18213.99  18.6  31.2   2.4   .55    .0
  1 1991  18  19521.40  20.5  31.5   2.3   .55    .0
  1 1991  19   8740.89  21.5  27.3   2.6   .55   6.4
  1 1991  20  18220.56  20.2  30.8   2.3   .55    .0
  1 1991  21  18898.56  18.3  31.2   2.2   .55    .0
  1 1991  22  14778.73  20.5  29.8   2.3   .55    .8
  1 1991  23  17271.11  20.0  31.0   2.3   .55    .0
  1 1991  24  13025.72  19.2  29.6   2.1   .55   2.3
  1 1991  25   8978.32  21.5  27.5   2.5   .55   3.2
  1 1991  26  17497.94  21.5  30.5   2.2   .55    .2
  1 1991  27   9132.96  20.8  28.5   2.3   .55    .1
  1 1991  28  16284.75  20.5  31.3   2.4   .59   9.3
  1 1991  29  11562.42  23.2  30.0   2.7   .59    .1
  1 1991  30  10290.78  21.8  30.2   2.6   .59    .2
  1 1991  31   9774.67  21.0  30.0   2.2   .59  25.0
  1 1991  32   9583.22  22.0  27.5   2.5   .59  14.7
  1 1991  33  12774.50  21.6  31.0   2.4   .59  10.6
  1 1991  34  11166.95  20.0  28.5   2.2  1.28   6.8
  1 1991  35   9333.34  21.2  26.5   2.4  1.75   3.8
  1 1991  36  19684.81  19.0  30.5   2.2  1.72   2.7
  1 1991  37  20063.25  20.5  30.3   2.3  1.81    .0
  1 1991  38  15037.69  18.5  30.0   2.2  1.58   1.5
  1 1991  39  12091.04  21.5  29.6   2.2  1.58   1.2
  1 1991  40  16000.55  18.0  31.6   2.1  1.64    .0
  1 1991  41  15041.55  20.2  30.2   2.1  1.69   8.2
  1 1991  42   9294.37  20.8  26.5   2.3  1.74   5.4
  1 1991  43   9766.25  21.2  27.9   2.4  1.79   1.0
  1 1991  44   9346.21  20.8  27.5   2.4  1.84   1.1
  1 1991  45  17768.20  19.6  27.5   2.4  1.89    .0
  1 1991  46  19157.24  20.0  31.5   2.7  1.94  10.8
  1 1991  47  17629.03  20.2  29.5   2.6  2.25   9.5
  1 1991  48  13053.35  20.3  29.7   2.2  1.81   3.4
  1 1991  49  19518.37  21.5  30.5   2.6  2.17    .0
  1 1991  50  18771.83  19.0  31.6   2.2  1.75    .0
  1 1991  51  15189.74  19.7  29.8   2.0  1.64   6.2
  1 1991  52  12161.05  21.3  30.0   2.5  1.50   2.2
  1 1991  53  17307.77  21.0  30.2   2.1  1.53    .0
  1 1991  54  20422.40  22.0  31.5   2.6  1.64   9.9
  1 1991  55  19553.33  23.0  31.0   2.6  2.08  13.1
  1 1991  56  13307.25  24.0  30.0   2.9  1.58   1.3
  1 1991  57   9787.41  24.2  27.5   2.9  1.14  30.0
  1 1991  58  13252.77  23.6  30.2   2.8  1.89  33.6
  1 1991  59  11903.24  23.2  29.6   2.7  1.42  28.3
  1 1991  60  12390.27  22.4  29.4   2.8  1.81   4.3
  1 1991  61  13339.44  21.6  31.0   2.7  1.56   2.0
  1 1991  62  20294.25  22.0  31.5   2.7  1.64    .0
  1 1991  63  20447.70  22.8  34.5   2.7  2.19  21.8
  1 1991  64   9832.58  21.7  28.7   2.5  1.94   9.4
  1 1991  65  13448.47  20.8  30.0   2.3  1.69    .1
  1 1991  66  19163.68  19.5  29.4   2.4  1.78    .2
  1 1991  67  18847.82  23.0  31.0   2.8  1.69   3.7
  1 1991  68  20509.19  21.5  31.2   2.8  1.69    .0
  1 1991  69  21824.08  22.2  32.5   2.7  1.50    .0
  1 1991  70  21624.17  20.8  30.6   2.3  1.94    .0
  1 1991  71  11025.94  19.6  29.5   2.4  1.19   1.0
  1 1991  72  20869.02  20.2  31.2   2.6  1.69    .0
  1 1991  73  22186.13  21.5  32.0   2.8  1.64    .0
  1 1991  74  20809.65  22.0  32.5   3.0  1.64    .0
  1 1991  75  20954.27  23.4  33.5   3.0  1.89    .0
  1 1991  76  18163.27  22.8  31.2   2.6  1.78    .0
  1 1991  77  16071.50  22.4  31.2   2.7  1.92    .3
  1 1991  78  16915.12  22.0  30.0   2.8  1.75    .0
  1 1991  79  22465.95  20.0  31.3   2.4  2.14    .0
  1 1991  80  22371.50  19.3  32.0   2.0  2.33    .0
  1 1991  81  21922.32  20.0  31.5   2.3  1.92    .0
  1 1991  82  11568.45  21.5  27.4   2.5  1.14   9.6
  1 1991  83  21608.82  20.2  31.4   2.5  1.81   2.8
  1 1991  84  11478.11  21.7  29.0   2.7  1.17  10.2
  1 1991  85  14914.86  21.5  30.4   2.7  2.03   3.4
  1 1991  86  15164.72  21.8  30.5   2.6  1.69    .2
  1 1991  87  21675.82  18.8  31.5   2.4  1.81    .0
  1 1991  88  19798.97  21.6  31.5   2.7  1.81    .0
  1 1991  89  17683.75  23.5  31.4   2.9  2.11    .0
  1 1991  90  20887.11  22.0  31.8   2.7  1.92    .0
  1 1991  91  11792.93  21.0  30.0   2.5  1.25    .0
  1 1991  92  20079.71  18.4  30.5   2.1  1.97    .2
  1 1991  93  22690.05  19.2  31.4   2.1  2.11    .0
  1 1991  94  22697.68  18.5  31.4   2.3  1.67    .0
  1 1991  95  20102.69  21.0  31.5   2.3  1.92   1.2
  1 1991  96  10294.63  22.0  27.8   2.4  1.42  36.1
  1 1991  97  10300.90  23.8  28.4   3.0  1.69  45.0
  1 1991  98  13852.61  22.4  31.0   2.7  1.97  14.8
  1 1991  99  10311.99  22.4  27.2   2.7  1.11   4.5
  1 1991 100  16932.37  23.0  30.6   2.7  2.22  19.2
  1 1991 101  12683.07  22.5  30.4   2.8  1.33  12.4
  1 1991 102  10561.13  22.0  30.5   2.6  1.39   3.3
  1 1991 103  13632.53  21.7  30.7   2.6  1.83  21.1
  1 1991 104  14223.73  22.8  31.0   2.7  1.53    .0
  1 1991 105  19293.64  22.2  31.6   2.6  1.64    .0
  1 1991 106  22825.79  20.7  32.0   2.5  1.97  15.7
  1 1991 107  18816.39  22.8  32.2   2.7  1.83  13.3
  1 1991 108  19989.33  23.0  31.5   2.7  1.69    .0
  1 1991 109  21277.65  21.8  31.5   2.9  1.69    .0
  1 1991 110  22210.87  22.8  32.6   2.7  1.53    .0
  1 1991 111  22554.73  21.6  32.0   2.6  1.75    .0
  1 1991 112  20902.13  22.0  32.5   2.8  1.64    .0
  1 1991 113  19016.79  24.2  32.5   2.9  1.69    .0
  1 1991 114  14790.28  24.2  32.0   3.0  1.56    .0
  1 1991 115  17009.53  24.0  32.2   3.0  1.86   5.2
  1 1991 116  16417.02  24.7  31.0   3.1  2.03    .5
  1 1991 117  10565.77  23.2  30.0   2.8  1.19   3.7
  1 1991 118  17919.28  24.0  32.4   2.9  1.61    .0
  1 1991 119  15692.86  23.0  32.5   2.9  1.47   1.5
  1 1991 120  15334.95  23.0  31.2   2.8  1.39    .2
  1 1991 121  12066.61  22.0  31.8   2.6  1.61  14.4
  1 1991 122  15783.16  22.0  32.8   2.7  1.81  14.3
  1 1991 123  10893.54  24.0  31.2   3.1  1.56  15.6
  1 1991 124  10308.39  23.3  26.5   2.8  1.22  28.5
  1 1991 125  10303.99  23.8  26.8   2.8  1.25  11.3
  1 1991 126  10299.35  21.5  27.4   2.4  1.25  19.7
  1 1991 127  15848.16  22.6  30.5   2.7  1.47   6.3
  1 1991 128  11098.52  23.6  30.2   3.1  1.33  25.0
  1 1991 129  10976.97  24.2  29.7   3.0  1.47  69.2
  1 1991 130  11547.44  23.7  30.0   2.9  1.69  96.0
  1 1991 131  10503.79  24.2  30.2   3.0  1.31  61.3
  1 1991 132  10267.75  23.7  30.2   2.9  1.22  11.1
  1 1991 133  11181.44  23.0  30.2   2.9  1.33    .3
  1 1991 134  18292.40  22.4  32.0   3.0  1.33    .3
  1 1991 135  17474.68  24.0  31.8   3.1  1.56    .4
  1 1991 136  10244.06  19.5  31.0   3.1  1.36   4.1
  1 1991 137  17103.10  23.8  33.3   3.0  1.33   6.7
  1 1991 138  10917.52  23.0  32.2   3.1  1.11   1.7
  1 1991 139  11138.88  23.7  33.0   2.9  1.03    .0
  1 1991 140  13640.56  23.7  31.8   3.0  1.31  29.2
  1 1991 141  12605.35  23.5  32.8   2.9  1.22    .0
  1 1991 142  14644.85  23.6  33.0   3.0  1.25    .0
  1 1991 143  17134.76  22.8  34.0   2.7  1.53   3.1
  1 1991 144  19278.88  22.3  32.5   2.7  1.50  29.3
  1 1991 145  17108.05  24.5  31.5   2.0  1.56   6.9
  1 1991 146  22307.87  22.0  33.4   2.8  1.75  39.8
  1 1991 147  18100.99  24.4  32.0   3.0  1.89  15.8
  1 1991 148  10961.94  23.8  31.0   2.9  1.31   3.0
  1 1991 149  11181.34  24.5  30.6   3.0  1.28  19.9
  1 1991 150  17044.93  23.8  33.2   3.0  1.67   3.3
  1 1991 151  15228.49  22.8  32.7   2.9  1.47    .0
  1 1991 152  17697.73  24.2  33.2   2.9  1.31    .0
  1 1991 153  20163.06  23.3  32.6   3.1  1.67   2.9
  1 1991 154  15312.06  24.7  31.6   3.2  1.61   4.5
  1 1991 155  14628.46  23.5  32.5   3.8  1.57  14.6
  1 1991 156  10801.00  24.6  30.0   3.1  1.53   4.9
  1 1991 157  13265.25  23.3  32.5   2.8  1.49   3.5
  1 1991 158  18418.39  23.0  33.4   3.0  1.44  10.3
  1 1991 159  15269.92  24.6  31.8   3.2  1.89   2.8
  1 1991 160  18175.30  25.2  31.5   3.3  1.61   6.6
  1 1991 161  20517.88  24.8  33.5   2.9  1.50  13.8
  1 1991 162  16703.88  24.8  33.0   3.4  1.61  12.0
  1 1991 163  11440.40  24.5  32.5   3.0  1.19  93.4
  1 1991 164  10542.20  24.5  30.4   3.0  1.42  23.1
  1 1991 165  10092.03  23.5  31.5   2.9  1.58   2.1
  1 1991 166  10982.85  21.5  31.0   2.7  1.03   2.8
  1 1991 167  10533.37  21.0  31.5   2.9  1.11    .3
  1 1991 168  19684.23  21.8  34.6   2.6  1.78    .0
  1 1991 169  16331.76  22.0  31.6   2.6  1.56    .0
  1 1991 170  17109.56  23.7  32.7   2.9  1.69  14.0
  1 1991 171  10302.21  24.0  31.4   3.0  1.47   9.3
  1 1991 172  11304.71  24.0  32.0   3.1  1.42  22.7
  1 1991 173  12195.75  22.8  32.1   2.9  1.44    .0
  1 1991 174  10076.07  23.5  30.0   2.8   .97   1.4
  1 1991 175  16208.85  23.4  32.0   2.9  1.50  33.5
  1 1991 176  11190.50  23.4  31.0   3.0  1.03  11.8
  1 1991 177  10075.33  24.2  31.2   3.0  1.03   1.2
  1 1991 178  10410.21  23.5  27.2   2.9  1.00    .4
  1 1991 179  19111.93  22.1  31.7   2.9  1.47    .0
  1 1991 180  18444.97  22.7  33.2   2.9  1.22    .0
  1 1991 181  11417.07  22.5  32.0   2.8  1.44   8.8
  1 1991 182  16442.06  22.5  32.5   2.8  1.36    .0
  1 1991 183  21470.47  22.7  32.4   2.9  1.44    .0
  1 1991 184  19800.58  22.8  32.2   2.8  1.92   1.2
  1 1991 185  10084.19  24.5  31.0   3.1  1.39  34.4
  1 1991 186  10086.32  23.6  29.0   2.9  1.11   3.9
  1 1991 187  14562.55  23.6  32.4   3.0  1.33    .1
  1 1991 188  11098.34  22.5  31.0   2.7  1.17  16.7
  1 1991 189  11997.32  24.2  31.2   3.0  1.64  14.4
  1 1991 190  10096.89  23.4  26.6   3.0  1.22  54.0
  1 1991 191  13799.04  22.6  31.6   2.8  1.47  41.3
  1 1991 192  14477.62  23.0  32.0   3.0  1.58   2.9
  1 1991 193  10331.18  23.0  30.0   2.8  1.17  14.9
  1 1991 194  18084.56  24.0  31.0   3.0  1.67   5.2
  1 1991 195  15059.35  22.8  31.8   2.8  1.64   5.4
  1 1991 196  10455.30  22.8  28.5   2.7  1.08  75.3
  1 1991 197  11472.60  23.4  30.5   2.7  1.50   6.9
  1 1991 198  18236.91  23.2  32.4   2.8  1.53    .1
  1 1991 199  10693.81  23.8  30.6   2.9  1.00  39.8
  1 1991 200  13858.01  24.2  29.8   3.0  1.72  45.5
  1 1991 201  10138.68  23.2  27.0   2.8  1.36  19.4
  1 1991 202  12629.79  23.0  31.0   2.8  1.33    .0
  1 1991 203  17614.31  23.5  32.8   2.8  1.47  26.4
  1 1991 204  10151.97  23.7  32.0   2.8  1.56 105.3
  1 1991 205  16956.84  23.4  31.4   3.0  2.25  60.5
  1 1991 206  10728.19  23.7  30.6   3.0  1.33  14.6
  1 1991 207  10165.46  23.8  26.0   2.7  1.14  83.3
  1 1991 208  10169.93  22.5  26.5   2.7  1.06   5.8
  1 1991 209  13928.73  22.0  31.4   2.9  1.31   6.9
  1 1991 210  19630.63  22.2  31.4   2.8  1.50    .0
  1 1991 211  11778.96  22.0  30.6   2.7  1.08   4.6
  1 1991 212  10415.60  23.0  29.8   2.9  1.39  34.2
  1 1991 213  14531.54  22.5  32.0   2.9  1.41  12.2
  1 1991 214  12825.04  22.6  31.5   2.8  1.42    .0
  1 1991 215  11801.70  22.2  31.2   2.8  1.44    .0
  1 1991 216  13410.67  22.4  32.2   2.8  1.46    .0
  1 1991 217  18118.14  23.0  32.6   2.9  1.47    .3
  1 1991 218  10210.81  22.6  27.7   2.7  1.08  16.5
  1 1991 219  10673.68  23.0  27.7   2.7  1.47  89.3
  1 1991 220  10677.33  22.2  27.1   2.6  1.39  18.5
  1 1991 221  10565.71  22.3  26.3   2.7  1.31   2.7
  1 1991 222  10223.29  22.7  28.6   2.8  1.28  27.2
  1 1991 223  17950.35  23.0  31.7   2.8  2.03  42.4
  1 1991 224  10920.64  22.7  31.7   2.7  1.61 127.1
  1 1991 225  10230.42  22.4  24.2   2.6  1.22  18.3
  1 1991 226  16705.33  21.0  31.5   2.6  1.22    .0
  1 1991 227  19141.69  23.2  32.3   2.9  1.53  13.8
  1 1991 228  14866.41  23.8  32.0   2.9  1.58   5.8
  1 1991 229  14523.49  24.3  32.2   3.0  1.25   5.5
  1 1991 230  10932.83  23.4  30.0   2.8  1.14    .3
  1 1991 231  16271.73  23.3  31.0   3.0  1.75  10.2
  1 1991 232  16624.51  22.0  33.0   2.7  1.31  10.3
  1 1991 233  14769.39  23.5  33.2   2.9  1.33  42.3
  1 1991 234  11283.40  24.0  30.0   3.0  1.42  30.1
  1 1991 235  16169.94  23.5  31.4   2.9  1.61   1.7
  1 1991 236  10234.71  24.0  31.2   2.8  1.00    .0
  1 1991 237  13378.21  23.0  33.5   2.8   .58  11.2
  1 1991 238  10231.06  24.4  28.2   2.9   .58  28.1
  1 1991 239  15126.08  23.7  30.6   3.1  1.25    .1
  1 1991 240  13842.28  22.5  32.4   2.7  1.33    .9
  1 1991 241  13023.65  23.0  32.6   2.7  1.42  10.1
  1 1991 242  15823.20  22.6  32.5   2.8  1.50   1.0
  1 1991 243  11966.91  22.6  31.0   2.8  1.58    .0
  1 1991 244  21309.43  22.6  32.7   2.7   .58    .0
  1 1991 245  22242.45  24.2  32.8   2.8   .53    .0
  1 1991 246  18616.34  23.8  33.0   3.0  1.83    .1
  1 1991 247  19313.64  22.6  32.8   2.7  1.58    .0
  1 1991 248  11123.76  23.3  31.6   2.9  1.47   1.7
  1 1991 249  11234.14  22.4  32.2   2.8  1.17  12.3
  1 1991 250  11344.04  21.9  29.7   2.6  1.44  17.4
  1 1991 251  13558.55  22.0  31.0   2.7  1.64  57.5
  1 1991 252  13199.58  22.6  32.4   2.9  1.61  11.9
  1 1991 253  10267.36  24.2  28.4   2.9  1.42   6.7
  1 1991 254  13181.56  23.8  32.3   2.9  1.31   8.0
  1 1991 255  17964.90  23.7  32.5   3.0  1.50   1.8
  1 1991 256  17368.97  23.6  32.0   3.1  1.58   1.4
  1 1991 257  14785.95  23.5  31.5   2.9  1.22   1.8
  1 1991 258  14656.90  24.0  31.8   2.7  1.53  31.7
  1 1991 259  10089.54  22.8  26.5   2.7  1.22  56.1
  1 1991 260  10077.74  23.0  30.7   2.9   .94   3.5
  1 1991 261  15899.75  22.3  31.9   2.7  1.56  15.9
  1 1991 262  14601.29  23.5  32.5   2.9  1.72   3.1
  1 1991 263  16450.76  22.6  33.2   2.8  1.61    .0
  1 1991 264  12355.90  22.7  32.0   2.8  1.28    .5
  1 1991 265  11758.19  23.5  29.5   2.8  1.19   2.1
  1 1991 266  10229.91  23.7  30.0   3.1  1.00    .0
  1 1991 267  16841.87  22.5  33.0   2.7  1.39    .4
  1 1991 268  15543.20  23.0  33.4   2.7  1.33    .2
  1 1991 269  18889.16  22.5  33.2   2.9  1.67    .2
  1 1991 270  16313.51  23.5  33.0   2.9  1.58  19.7
  1 1991 271  13625.76  22.8  32.0   2.9  1.78  12.6
  1 1991 272  10826.60  22.7  32.2   2.9  1.31  22.9
  1 1991 273  10114.14  23.0  26.5   3.0  1.11  18.2
  1 1991 274  16565.68  22.5  33.0   2.9  1.36    .0
  1 1991 275  19771.37  21.7  33.2   2.7  1.47    .0
  1 1991 276  13631.67  23.0  32.0   3.0  1.50    .0
  1 1991 277  17062.24  22.6  32.9   2.8  1.61    .0
  1 1991 278  12893.78  23.5  32.5   2.9  1.44    .0
  1 1991 279  14477.91  21.8  32.5   2.8  1.50    .0
  1 1991 280  17548.57  22.3  32.5   2.8  1.36    .3
  1 1991 281  20266.73  21.0  33.0   2.6  1.39    .0
  1 1991 282  19316.03  21.8  33.0   2.6  1.42    .0
  1 1991 283  14140.62  22.8  31.6   2.7  1.42    .0
  1 1991 284  13656.25  21.9  33.0   2.7  1.58   7.1
  1 1991 285  13286.69  22.3  33.0   2.7  1.50   1.4
  1 1991 286  17580.26  21.4  33.7   2.5  1.42    .0
  1 1991 287  12549.50  22.7  32.4   2.6  1.19   1.4
  1 1991 288  12181.98  22.2  32.0   2.7  1.31    .0
  1 1991 289  15097.26  22.2  32.2   3.0  1.31   8.0
  1 1991 290  16985.56  23.6  32.4   3.0  1.72  19.0
  1 1991 291  14806.44  21.6  31.4   2.6  1.47    .0
  1 1991 292   9481.66  21.7  27.7   2.7  1.33    .0
  1 1991 293  13504.24  22.6  31.9   2.8  1.28    .0
  1 1991 294  19980.53  22.0  32.0   2.7  1.61    .0
  1 1991 295  14113.67  22.7  31.8   2.7  1.28    .0
  1 1991 296   9832.90  22.4  30.5   2.9  1.00   7.4
  1 1991 297  11481.47  23.8  31.4   2.9  1.14  12.3
  1 1991 298  13346.38  21.5  32.0   2.7  1.61  26.6
  1 1991 299  14648.19  22.4  32.5   2.8  1.36    .0
  1 1991 300  14613.43  22.5  32.7   2.7  1.50    .0
  1 1991 301  16128.78  22.0  32.0   2.7  1.39    .0
  1 1991 302  14212.07  21.7  32.5   2.7  1.58  32.2
  1 1991 303  15170.39  21.6  32.5   2.6  1.56    .6
  1 1991 304  16124.79  23.2  32.5   2.8  1.54    .0
  1 1991 305  15097.76  22.0  32.5   2.7  1.52   5.3
  1 1991 306   9140.82  23.0  26.2   2.8  1.50  43.3
  1 1991 307   9882.40  22.5  26.8   2.8  1.48  25.0
  1 1991 308   9092.15  22.4  26.8   2.7  1.46  31.9
  1 1991 309  18004.79  20.8  31.3   2.5  1.44    .0
  1 1991 310  19376.85  20.6  32.5   2.6  1.42    .0
  1 1991 311  18029.72  21.5  32.6   2.7  1.44    .0
  1 1991 312  18638.07  21.4  32.5   2.7  1.28    .0
  1 1991 313  16324.94  19.6  31.6   2.6  1.61  27.5
  1 1991 314   8949.64  22.5  26.0   2.5  2.06 120.5
  1 1991 315   8926.62  21.0  24.0   2.4  1.72  69.2
  1 1991 316   8903.85  21.8  24.5   2.5  1.64  42.0
  1 1991 317  11026.82  21.8  29.5   2.7  1.61    .0
  1 1991 318  17210.38  22.2  31.2   2.6  1.64    .2
  1 1991 319  17279.50  22.2  31.0   2.7  1.42    .0
  1 1991 320  19375.35  20.6  31.8   2.6  1.47    .0
  1 1991 321  18269.96  21.3  31.3   2.4  1.36    .0
  1 1991 322  18444.39  21.9  31.4   2.7  1.56    .2
  1 1991 323  16497.21  21.6  31.6   2.5  1.39    .0
  1 1991 324  14769.31  21.4  32.5   2.5  1.69   8.1
  1 1991 325   8714.06  22.6  27.0   2.7  1.19  30.2
  1 1991 326   8695.02  21.2  24.4   2.6  1.22 104.6
  1 1991 327   8992.50  21.7  31.0   2.8  1.08   6.1
  1 1991 328   8658.38  21.7  25.5   3.0  1.89 151.3
  1 1991 329   8640.82  22.2  25.0   2.6  1.22  55.6
  1 1991 330   8623.80  22.5  25.6   2.8  1.44   7.7
  1 1991 331  10596.52  21.8  28.0   2.8  1.64  50.4
  1 1991 332   9114.13  23.0  29.5   2.8  1.81   7.4
  1 1991 333  14317.92  21.6  30.0   2.8  1.58    .6
  1 1991 334  16797.62  23.3  32.4   3.2  1.31    .0
  1 1991 335  15523.40  22.4  32.8   2.9  1.30    .0
  1 1991 336  14357.36  22.8  33.5   2.8  1.29    .0
  1 1991 337  12675.73  23.6  31.8   3.0  1.29    .0
  1 1991 338   8508.73  23.3  27.0   2.9  1.28  13.3
  1 1991 339  11813.81  22.3  30.5   2.8  1.28    .2
  1 1991 340  10660.72  20.4  29.0   2.6  1.19   4.3
  1 1991 341  15200.05  19.5  30.5   2.4  1.78  19.5
  1 1991 342  12290.86  22.5  30.5   2.7  1.81  33.0
  1 1991 343  11143.09  23.2  30.3   2.9  1.50  56.9
  1 1991 344  12681.02  22.6  29.4   2.7  1.50    .6
  1 1991 345  17620.91  22.2  30.8   2.7  2.14   6.2
  1 1991 346   9569.97  22.2  30.0   2.6  1.14   3.0
  1 1991 347  15126.05  20.2  31.0   2.5   .94    .2
  1 1991 348  11411.37  21.0  30.0   2.5  1.14    .4
  1 1991 349  12023.49  20.2  30.2   2.2  1.28   1.5
  1 1991 350  13973.77  20.0  30.4   2.4  1.39   5.1
  1 1991 351  12118.16  20.2  30.0   2.5  1.31    .0
  1 1991 352  16846.59  19.0  31.3   2.3  1.33    .0
  1 1991 353   9337.47  20.0  29.6   2.4  1.17   1.7
  1 1991 354  16638.46  19.5  30.5   2.4  2.00  11.0
  1 1991 355  14891.01  19.0  30.5   2.6  2.06    .8
  1 1991 356   9955.97  20.0  30.0   2.3  1.33   9.2
  1 1991 357  14381.96  21.0  30.0   2.7  1.53    .0
  1 1991 358   9549.81  19.7  27.8   2.4  1.44   1.4
  1 1991 359   8524.31  18.0  25.2   5.6  1.22    .7
  1 1991 360   9352.55  21.5  29.5   5.6  1.22   2.3
  1 1991 361  13479.60  22.3  31.2   5.6  1.11    .0
  1 1991 362  13591.43  21.3  31.0   5.6  1.67  11.2
  1 1991 363   8443.19  22.9  25.6   5.6  1.50  23.9
  1 1991 364  12786.52  20.6  29.9   5.6  1.44   7.9
  1 1991 365  17757.32  19.7  31.0   5.6  1.47    .0
