*---------------------------------------------------------              
* Station name: Hacienda El Carmen                                      
* Author: Atlantic Zone Project, AUW-MAG-CATIE, Costa Rica              
* Source: IMN, San Jose, Costa Rica                                     
*                                                                       
* Comments: No wind speed data                                          
*           No solar radiation data                                     
*                                                                       
*                                                                       
* Longitude: 83  29 W, latitude:  10  12 N, altitude:  15 m.            
* Column  Daily value                                                   
*    1    station number                                                
*    2    year                                                          
*    3    month                                                         
*    4    day                                                           
*    5    julian date                                                   
*    6    irradiation            (MJ m-2 d-1)                           
*    7    minimum temperature    (degrees Celcius)                      
*    8    maximum temperature    (degrees Celcius)                      
*    9    vapor pressure at 0700 (mbar)                                 
*   10    vapor pressure at 1300 (mbar)                                 
*   11    vapor pressure at 1800 (mbar)                                 
*   12    mean wind speed        (kilometer per hour)                   
*   13    precipitation          (mm d-1)                               
*   14    sunshine hours         (hours)                                
* Missing value: -99                                                    
*---------------------------------------------------------              
*  data converted with WDC for CABO-format
*-------------------------------------------
  83.48  10.20    15.  .00  .00
  1 1981   1   8570.92  17.0  24.0   1.8   .55  31.7
  1 1981   2   8891.11  17.5  27.0   1.8   .55   8.7
  1 1981   3   8798.22  17.5  23.0   1.8   .55  18.9
  1 1981   4  10469.00  18.0  27.5   1.8   .55  25.3
  1 1981   5  13597.85  18.0  29.0   2.0   .55   7.3
  1 1981   6  15279.54  17.0  31.0   1.8   .55   1.4
  1 1981   7   8847.93  18.5  27.5   1.9   .55    .8
  1 1981   8  10946.47  19.0  30.0   1.9   .55    .0
  1 1981   9   8668.24  19.0  27.5   1.9   .55   1.1
  1 1981  10  19029.74  17.5  31.0   1.9   .55    .9
  1 1981  11   8699.31  19.0  27.0   2.0   .55  18.8
  1 1981  12   8610.96  18.0  24.5   1.7   .55   1.0
  1 1981  13  11252.52  16.0  28.0   1.6   .55   8.8
  1 1981  14  10643.33  17.0  27.5   1.7   .55   1.0
  1 1981  15   9506.06  17.5  27.0   2.0   .55   6.8
  1 1981  16  12374.95  18.0  28.5   1.9   .55  31.5
  1 1981  17   9441.01  19.0  26.5   2.1   .55  35.0
  1 1981  18   9673.76  19.0  26.5   1.9   .55  21.6
  1 1981  19   9271.31  17.0  24.0   1.8   .55   3.4
  1 1981  20  10355.72  17.0  28.5   1.9   .55    .2
  1 1981  21  13041.93  19.0  29.5   2.0   .55   5.3
  1 1981  22  19899.87  15.5  30.5   1.8   .55    .0
  1 1981  23  20157.41  13.5  32.0   1.6   .55    .0
  1 1981  24  19559.64  15.0  32.0   1.7   .55    .0
  1 1981  25   9407.64  17.5  25.5   1.9   .55   5.1
  1 1981  26   9969.52  18.5  29.0   1.9   .55    .5
  1 1981  27  19047.84  15.0  30.0   1.8   .55    .0
  1 1981  28  18660.63  15.5  30.0   1.7   .59    .0
  1 1981  29  15999.47  17.5  29.5   1.8   .59    .0
  1 1981  30  19725.85  14.0  29.4   1.7   .59   8.6
  1 1981  31  18795.02  19.5  31.0   1.8   .59    .0
  1 1981  32  18187.14  19.5  31.0   1.8   .59    .0
  1 1981  33  12883.64  19.5  30.0   1.8   .59  11.0
  1 1981  34   9088.80  22.0  26.0   2.0   .59   8.5
  1 1981  35  11087.12  21.5  28.5   1.8   .59   6.4
  1 1981  36  12325.13  20.5  29.5   1.8   .59  12.2
  1 1981  37  13898.69  20.5  29.5   1.9   .59   4.7
  1 1981  38  19781.30  19.5  30.5   1.6   .59    .0
  1 1981  39  13528.22  21.5  31.5   1.9   .59   9.0
  1 1981  40  17662.35  21.5  29.5   1.9   .59    .8
  1 1981  41  18705.24  21.0  30.0   1.8   .59    .5
  1 1981  42  17304.71  20.5  32.0   1.9   .59  54.9
  1 1981  43  14671.68  21.2  29.0   1.9   .59  39.2
  1 1981  44  15267.28  21.5  30.5   2.0   .59   1.3
  1 1981  45  18104.04  21.5  31.0   1.7   .59    .0
  1 1981  46  18035.48  18.5  30.5   1.6   .59    .0
  1 1981  47  21338.32  17.5  31.0   1.7   .59    .0
  1 1981  48  17558.42  19.0  30.5   1.8   .59    .0
  1 1981  49  20534.01  20.0  31.0   1.9   .59    .0
  1 1981  50  18884.90  19.0  31.5   1.8   .59    .0
  1 1981  51  20514.15  20.0  32.0   1.9   .59    .0
  1 1981  52  20560.00  21.5  32.0   2.0   .59   4.4
  1 1981  53   9689.18  23.0  27.0   2.1   .59  16.6
  1 1981  54   9600.17  21.0  24.0   1.9   .59   8.7
  1 1981  55   9967.02  20.5  24.5   1.7   .59   3.3
  1 1981  56   9648.89  20.0  23.0   1.8   .59  21.3
  1 1981  57  15055.38  21.0  31.0   1.9   .59   6.2
  1 1981  58  11646.76  21.5  29.0   2.1   .59  38.9
  1 1981  59   9834.97  23.0  28.0   2.2   .59  63.5
  1 1981  60  10663.93  23.0  29.5   2.2   .59   7.2
  1 1981  61   9996.60  23.0  29.0   2.2   .59   6.7
  1 1981  62  11173.94  23.5  30.0   2.1   .59  13.9
  1 1981  63  11313.80  23.5  29.0   2.2   .59   2.7
  1 1981  64  13306.17  21.5  31.5   2.0   .59    .3
  1 1981  65  19941.61  21.0  33.0   2.1   .59    .0
  1 1981  66  14171.08  23.0  31.0   2.0   .59    .4
  1 1981  67  12802.32  23.0  31.0   2.2   .59    .8
  1 1981  68  12709.92  23.5  29.0   2.1   .59  25.0
  1 1981  69  21474.43  19.5  31.5   1.6   .59    .0
  1 1981  70  15089.73  20.5  31.5   1.9   .59   8.2
  1 1981  71  13011.85  20.5  30.5   1.9   .59   7.9
  1 1981  72  21336.80  19.0  31.0   1.8   .59    .0
  1 1981  73  21015.48  20.5  32.5   2.0   .59    .0
  1 1981  74  11435.25  21.5  30.0   2.0   .59    .2
  1 1981  75  22713.61  19.0  31.0   1.9   .59    .0
  1 1981  76  22506.82  16.5  32.0   1.7   .59    .0
  1 1981  77  21006.13  18.0  31.5   1.6   .59    .0
  1 1981  78  20912.95  20.0  32.5   1.9   .59    .0
  1 1981  79  13052.38  22.0  31.0   2.0   .59  10.3
  1 1981  80  10714.25  21.0  29.0   1.8   .59    .0
  1 1981  81  21804.50  19.5  32.5   1.9   .59    .0
  1 1981  82  21353.59  23.5  33.5   2.2   .59  33.3
  1 1981  83  10167.10  21.0  27.0   1.9   .59   8.7
  1 1981  84  10179.97  21.0  25.0   1.9   .59  29.3
  1 1981  85  10546.51  20.5  28.5   1.9   .59  16.8
  1 1981  86  11267.14  21.0  28.0   1.9   .59   3.5
  1 1981  87  22030.26  18.5  31.0   1.7   .59    .0
  1 1981  88  18971.71  19.0  30.0   1.8   .59   4.5
  1 1981  89  18865.83  21.5  31.5   2.0   .59   2.7
  1 1981  90  19823.04  22.0  32.0   2.0   .59  10.7
  1 1981  91  14276.08  23.0  31.0   2.1   .60  10.6
  1 1981  92  12393.12  22.0  30.5   2.0   .60   9.2
  1 1981  93  17250.11  21.5  30.5   2.0   .60    .0
  1 1981  94  20923.81  19.5  31.5   1.8   .60    .0
  1 1981  95  22940.72  19.0  31.5   1.8   .60   7.3
  1 1981  96  13368.83  20.5  28.5   1.9   .60  50.9
  1 1981  97  15384.39  21.5  30.8   1.9   .60    .8
  1 1981  98  18580.51  21.5  31.0   1.9   .60    .0
  1 1981  99  12911.70  21.5  31.7   2.0   .60   4.9
  1 1981 100  19649.47  22.0  30.0   2.1   .60  21.2
  1 1981 101  16580.25  22.5  30.0   2.0   .60   5.7
  1 1981 102  10325.02  22.5  31.5   2.0   .60  45.1
  1 1981 103  10446.43  22.5  28.0   2.1   .60  22.5
  1 1981 104  11274.98  21.5  30.5   1.9   .60 103.8
  1 1981 105  10333.89  21.5  27.0   1.8   .60   3.5
  1 1981 106  13517.32  22.0  30.0   1.9   .60    .3
  1 1981 107  11279.67  21.5  30.0   2.0   .60  42.3
  1 1981 108  10338.78  22.5  27.5   2.0   .60  15.4
  1 1981 109  10339.56  22.5  29.5   2.1   .60   7.1
  1 1981 110  13630.89  22.0  30.0   2.0   .60   1.1
  1 1981 111  17504.37  22.0  32.5   2.1   .60    .7
  1 1981 112  20315.32  22.0  33.0   2.0   .60    .0
  1 1981 113  19251.33  21.5  33.0   1.9   .60   2.0
  1 1981 114  18774.27  22.5  32.0   2.2   .60  16.2
  1 1981 115  11741.00  22.5  28.5   2.2   .60    .1
  1 1981 116  11737.93  24.0  30.0   2.2   .60    .0
  1 1981 117  18863.73  22.0  32.0   1.7   .60   5.6
  1 1981 118  11847.46  23.5  31.0   2.1   .60   1.4
  1 1981 119  20359.10  23.0  33.0   2.2   .51   5.4
  1 1981 120  13586.79  24.0  30.0   2.2   .51    .7
  1 1981 121  11135.18  24.0  29.7   2.2   .51   9.5
  1 1981 122  13340.61  23.5  30.0   2.2   .51    .6
  1 1981 123  19840.39  22.0  32.5   2.2   .51    .0
  1 1981 124  18781.67  23.0  31.5   2.1   .51    .0
  1 1981 125  19695.92  22.5  34.0   2.0   .51    .0
  1 1981 126  12963.35  24.0  33.0   2.0   .51  11.5
  1 1981 127  17699.37  23.0  31.6   2.2   .51    .0
  1 1981 128  16646.10  23.5  31.5   2.3   .51  13.0
  1 1981 129  17672.93  23.0  32.1   2.2   .51  20.2
  1 1981 130  16160.22  23.0  33.0   2.1   .51    .0
  1 1981 131  12692.42  23.0  30.5   2.2   .51    .2
  1 1981 132  19242.61  22.0  33.0   2.0   .51    .0
  1 1981 133  10836.64  23.0  28.0   2.1   .51  14.9
  1 1981 134  16570.33  24.0  33.0   2.3   .51    .0
  1 1981 135  19309.49  22.5  33.0   2.2   .51    .4
  1 1981 136  17689.63  23.0  33.5   2.1   .51   3.6
  1 1981 137  17560.78  24.0  32.0   2.2   .51    .6
  1 1981 138  17889.35  24.0  32.6   2.3   .51    .1
  1 1981 139  17075.53  23.5  32.5   2.2   .51   4.4
  1 1981 140  14895.01  24.0  31.0   2.3   .51  32.6
  1 1981 141  13174.93  24.5  32.0   2.2   .51  13.8
  1 1981 142  16237.98  24.5  32.5   2.2   .51   4.3
  1 1981 143  21227.04  24.0  33.5   2.2   .51    .0
  1 1981 144  19846.66  22.3  33.5   2.0   .51   1.6
  1 1981 145  21872.48  23.5  34.0   2.1   .51    .0
  1 1981 146  21174.63  23.0  34.0   2.1   .51    .0
  1 1981 147  21723.76  23.5  34.0   2.2   .51    .0
  1 1981 148  14355.00  24.0  34.0   2.2   .51    .0
  1 1981 149  16040.09  24.0  33.5   2.2   .51    .0
  1 1981 150  10271.54  23.5  30.5   2.1   .51  69.3
  1 1981 151  17935.41  23.0  32.5   2.1   .51   6.9
  1 1981 152  10147.52  23.5  27.5   2.1   .51   3.1
  1 1981 153  12844.43  23.5  32.6   2.2   .51  31.0
  1 1981 154  15087.06  23.0  33.5   2.2   .51  14.7
  1 1981 155  10131.91  23.0  29.8   2.2   .51    .0
  1 1981 156  12598.26  24.0  31.5   2.3   .51  18.1
  1 1981 157  17193.91  23.5  32.1   2.2   .51   9.9
  1 1981 158  15838.47  23.0  33.0   2.3   .51    .0
  1 1981 159  18632.81  23.5  33.0   2.2   .51   1.5
  1 1981 160  13582.19  22.5  31.5   2.0   .51   7.6
  1 1981 161  16263.33  22.2  32.0   2.1   .51    .0
  1 1981 162  15361.07  23.0  33.5   2.2   .51  30.8
  1 1981 163  16473.36  23.0  32.0   2.1   .51    .0
  1 1981 164  11101.15  23.0  29.5   2.1   .51  12.3
  1 1981 165  11209.46  22.5  30.0   2.0   .51    .1
  1 1981 166  18131.59  23.0  31.5   2.1   .51    .0
  1 1981 167  10086.73  23.0  27.2   2.1   .51   1.2
  1 1981 168  18344.73  23.0  33.0   2.2   .51    .7
  1 1981 169  11086.78  24.0  31.5   2.2   .51  17.7
  1 1981 170  10080.64  23.5  28.0   2.1   .51    .4
  1 1981 171  14206.44  23.5  31.5   2.1   .51   3.3
  1 1981 172  21454.27  23.0  32.5   2.2   .51    .1
  1 1981 173  21786.68  23.5  33.5   2.2   .51    .0
  1 1981 174  10299.10  23.5  29.0   2.1   .51  37.0
  1 1981 175  10967.68  23.0  29.5   2.1   .51  13.1
  1 1981 176  13866.90  22.5  31.5   2.2   .51    .0
  1 1981 177  11190.58  21.5  31.0   2.0   .51  10.1
  1 1981 178  19110.07  21.5  32.5   2.1   .51   3.9
  1 1981 179  14649.79  23.5  32.0   2.2   .51   1.0
  1 1981 180  15655.60  21.0  32.5   1.9   .51  12.2
  1 1981 181  10077.86  23.0  27.0   2.1   .51   1.3
  1 1981 182  15995.54  22.5  30.8   1.9   .51   6.6
  1 1981 183  15217.19  22.5  31.0   2.1   .51   4.5
  1 1981 184  12204.65  22.5  30.5   2.1   .51    .9
  1 1981 185  15224.60  22.0  32.2   2.0   .51    .0
  1 1981 186  11651.46  23.1  31.0   2.1   .51   4.4
  1 1981 187  17023.19  21.5  31.0   2.1   .51    .0
  1 1981 188  18483.91  22.0  32.0   2.0   .51    .0
  1 1981 189  12333.20  24.0  32.0   2.1   .51   4.5
  1 1981 190  10096.89  23.5  28.0   2.1   .51  16.5
  1 1981 191  16040.88  22.8  31.5   2.2   .51   6.0
  1 1981 192  12458.69  22.0  31.5   2.1   .51   6.0
  1 1981 193  19871.28  22.1  31.5   2.0   .51   1.3
  1 1981 194  10334.92  23.1  28.6   2.1   .51   2.7
  1 1981 195  10338.81  21.5  28.5   1.9   .51    .0
  1 1981 196  19003.58  21.0  31.8   2.0   .51    .0
  1 1981 197  10121.84  22.0  29.5   2.0   .51    .0
  1 1981 198  17673.64  23.0  32.5   2.1   .51  48.0
  1 1981 199  12835.95  22.5  30.4   2.1   .51    .4
  1 1981 200  20741.15  22.0  32.0   2.1   .51  35.1
  1 1981 201  11719.76  23.5  30.0   2.1   .51   6.8
  1 1981 202  19750.88  21.5  32.0   2.0   .51    .0
  1 1981 203  13994.04  23.5  30.5   2.1   .51   5.1
  1 1981 204  20343.19  21.0  32.5   2.0   .51  45.2
  1 1981 205  15823.45  23.5  33.0   2.2   .51    .0
  1 1981 206  13223.98  22.5  31.0   2.0   .51   1.4
  1 1981 207  17432.77  21.0  31.5   1.9   .51  11.4
  1 1981 208  18694.39  22.5  32.0   2.0   .51  10.0
  1 1981 209  14611.34  23.5  31.5   2.2   .51  16.8
  1 1981 210  10178.79  23.5  27.0   2.1   .58   7.0
  1 1981 211  15882.52  22.5  31.0   2.2   .58  52.8
  1 1981 212  17946.09  22.5  31.0   2.1   .58  24.2
  1 1981 213  15445.21  23.5  31.5   2.2   .58  14.1
  1 1981 214  10195.69  23.0  28.0   2.2   .58  41.0
  1 1981 215  13403.72  21.3  29.5   1.9   .58    .7
  1 1981 216  12379.80  21.8  30.5   2.1   .58  40.5
  1 1981 217  13646.76  22.0  30.5   2.0   .58   6.9
  1 1981 218  13653.61  22.5  31.0   2.0   .58   3.2
  1 1981 219  14464.34  23.0  33.0   2.1   .58   7.4
  1 1981 220  12401.97  23.5  30.2   2.2   .58  16.9
  1 1981 221  10220.46  23.0  27.5   2.2   .58   2.8
  1 1981 222  16213.01  21.0  31.5   1.9   .58    .0
  1 1981 223  17835.06  21.0  32.5   2.1   .58    .0
  1 1981 224  10228.28  23.0  32.0   2.1   .58    .6
  1 1981 225  13579.69  22.0  31.0   2.1   .58    .0
  1 1981 226  13468.82  23.5  32.5   2.2   .58  19.5
  1 1981 227  18331.89  21.5  32.5   2.0   .58   2.3
  1 1981 228  23086.68  20.5  34.0   1.9   .58    .0
  1 1981 229  22866.07  22.0  32.5   2.1   .58    .0
  1 1981 230  22180.68  22.0  31.5   2.1   .58    .0
  1 1981 231  12094.20  21.5  30.0   1.9   .58   7.9
  1 1981 232  13837.51  21.5  31.5   2.0   .58    .0
  1 1981 233  22903.66  22.5  33.5   2.1   .58    .0
  1 1981 234  21283.46  22.5  32.5   2.1   .58   6.8
  1 1981 235  17217.11  22.0  32.0   2.0   .58  14.5
  1 1981 236  13610.93  22.5  31.0   2.1   .58   2.6
  1 1981 237  20017.94  21.5  32.5   2.0   .58  32.7
  1 1981 238  20254.18  22.5  33.0   2.0   .58    .0
  1 1981 239  20023.51  23.0  31.5   2.1   .58  51.0
  1 1981 240  12442.37  21.5  32.2   2.0   .58    .0
  1 1981 241  16058.07  22.5  32.5   2.0   .58  19.5
  1 1981 242  14772.42  21.5  32.0   2.0   .58    .3
  1 1981 243  19441.74  21.5  33.0   2.0   .58  31.0
  1 1981 244  16869.87  21.5  32.0   2.0   .58  46.7
  1 1981 245  19788.34  22.0  32.5   2.1   .53    .0
  1 1981 246  16395.44  22.5  32.0   2.1   .53    .0
  1 1981 247  16975.41  22.0  32.5   2.0   .53    .3
  1 1981 248  17437.92  22.0  32.5   2.0   .53    .0
  1 1981 249  10181.67  22.0  26.0   2.0   .53   3.5
  1 1981 250  20349.09  20.5  32.3   1.9   .53    .2
  1 1981 251  20809.52  22.0  32.5   1.9   .53    .0
  1 1981 252  18345.32  23.0  31.8   2.0   .53   2.8
  1 1981 253  17283.79  21.0  31.5   1.9   .53    .0
  1 1981 254  19846.42  21.5  32.3   2.0   .53    .0
  1 1981 255  12587.09  21.5  30.3   2.0   .53    .9
  1 1981 256  18304.05  21.0  31.8   2.0   .53   5.6
  1 1981 257  17006.22  22.0  31.0   2.1   .53    .0
  1 1981 258  11970.00  23.0  31.5   2.2   .53  35.0
  1 1981 259  20366.32  21.5  32.5   2.0   .53   4.6
  1 1981 260  11478.58  23.5  30.0   2.1   .53   8.2
  1 1981 261  21383.96  21.0  33.0   2.0   .53    .0
  1 1981 262  14484.66  22.0  32.0   2.2   .53    .0
  1 1981 263  17966.13  22.5  32.0   2.1   .53    .9
  1 1981 264  19229.41  22.5  32.5   2.1   .53   3.5
  1 1981 265  17230.28  22.0  32.5   2.3   .53    .0
  1 1981 266  16745.47  22.0  33.0   2.1   .53    .0
  1 1981 267  19167.18  22.5  32.6   2.2   .53    .3
  1 1981 268  18912.33  22.0  32.5   2.1   .53  27.7
  1 1981 269  11692.03  21.5  29.5   2.0   .53    .0
  1 1981 270  19793.01  22.0  32.5   2.1   .53    .0
  1 1981 271  20926.09  22.0  32.0   2.1   .53    .0
  1 1981 272  14762.72  21.8  30.5   2.3   .53    .4
  1 1981 273  20407.24  21.0  32.5   1.9   .54    .0
  1 1981 274  13446.31  22.0  30.0   2.1   .54  36.8
  1 1981 275  19078.93  23.0  33.0   2.2   .54    .0
  1 1981 276  13170.56  22.5  30.0   2.2   .54    .2
  1 1981 277  10038.61  22.4  28.0   2.1   .54  13.3
  1 1981 278  21978.88  21.5  32.5   2.0   .54    .0
  1 1981 279  14363.05  22.0  31.5   2.1   .54    .0
  1 1981 280  14107.36  21.0  32.4   2.0   .54    .0
  1 1981 281  18204.78  21.5  32.6   2.1   .54    .2
  1 1981 282  12223.55  22.5  31.5   2.0   .54  11.7
  1 1981 283  18252.98  22.3  33.0   2.1   .54    .0
  1 1981 284  10918.68  22.0  29.2   2.0   .54    .8
  1 1981 285  15336.79  21.5  31.5   2.1   .54    .2
  1 1981 286  18717.46  22.0  32.0   2.1   .54    .0
  1 1981 287  18453.63  21.0  33.5   2.0   .54   5.9
  1 1981 288  18530.07  23.0  33.0   2.2   .54    .0
  1 1981 289  20642.74  21.0  33.0   2.0   .54   5.7
  1 1981 290  14386.92  23.5  31.5   2.2   .54    .8
  1 1981 291  17287.86  22.5  33.0   2.1   .54    .2
  1 1981 292  11620.99  22.5  31.0   2.0   .54    .2
  1 1981 293  15639.81  22.5  32.1   2.0   .54   1.4
  1 1981 294   9433.99  22.5  28.5   2.1   .54    .6
  1 1981 295  12769.75  23.0  31.0   2.1   .54    .6
  1 1981 296   9944.69  23.0  28.0   2.2   .54  13.3
  1 1981 297  15498.35  22.5  33.0   2.1   .54   1.6
  1 1981 298  11341.72  22.5  29.5   2.1   .54    .2
  1 1981 299  12202.71  23.0  30.2   2.2   .54   6.0
  1 1981 300  19162.16  20.5  32.5   2.1   .54    .0
  1 1981 301  15464.40  21.5  32.5   2.1   .54  38.7
  1 1981 302  14543.61  22.0  32.0   2.1   .54    .0
  1 1981 303  13736.53  21.5  32.0   2.1   .54    .1
  1 1981 304  14143.36  21.5  32.0   1.9   .54   6.9
  1 1981 305  19382.32  22.5  33.5   2.1   .54    .0
  1 1981 306  15171.13  21.5  34.0   2.0   .54   6.4
  1 1981 307  17432.58  21.0  34.0   2.0   .54  25.9
  1 1981 308  13460.31  22.7  32.5   2.1   .53    .0
  1 1981 309  13536.39  21.7  33.0   2.1   .53    .2
  1 1981 310   9043.96  23.0  32.0   2.2   .53  24.4
  1 1981 311   9020.09  23.0  26.0   2.1   .53 190.0
  1 1981 312  11704.73  22.0  24.0   1.9   .53  25.4
  1 1981 313   9189.15  20.5  28.5   2.0   .53  29.8
  1 1981 314   9920.78  23.0  29.5   2.1   .53  48.7
  1 1981 315   8926.62  22.5  25.5   2.0   .53 172.4
  1 1981 316   8903.85  21.6  24.0   1.9   .53  46.9
  1 1981 317   8881.37  21.5  23.5   1.9   .53  21.9
  1 1981 318   8859.18  21.0  24.5   2.0   .53  26.9
  1 1981 319   8837.33  20.0  24.5   2.0   .53  25.9
  1 1981 320   8922.47  21.0  26.5   1.8   .53    .3
  1 1981 321   9646.37  22.0  27.0   2.1   .53  42.9
  1 1981 322   8880.15  22.0  27.5   2.0   .53   1.2
  1 1981 323  12784.48  22.0  31.0   2.0   .53    .0
  1 1981 324  16463.55  21.3  32.5   2.0   .53   2.0
  1 1981 325   9454.01  22.3  27.8   2.0   .53  65.3
  1 1981 326   8695.02  22.2  23.6   2.1   .53 168.9
  1 1981 327   8676.45  22.0  24.5   2.0   .53  80.2
  1 1981 328   8658.38  21.5  25.5   2.1   .53   4.9
  1 1981 329   8640.82  21.5  26.5   2.1   .53  44.2
  1 1981 330   8623.80  20.0  25.5   2.0   .53  15.3
  1 1981 331  14051.43  20.0  31.0   2.0   .53   1.6
  1 1981 332  17582.11  20.5  31.5   2.1   .53    .0
  1 1981 333  16614.65  21.5  31.0   2.0   .53    .0
  1 1981 334  19091.26  20.0  32.0   1.9   .53    .0
  1 1981 335  13545.09  21.0  31.3   1.8   .53  10.3
  1 1981 336  14045.39  23.0  31.5   2.1   .55   1.5
  1 1981 337  16518.92  22.5  32.5   2.2   .55  19.7
  1 1981 338  12347.62  22.5  30.5   2.2   .55   8.3
  1 1981 339  12953.89  22.5  31.3   2.1   .55  47.0
  1 1981 340   8486.38  22.5  25.0   2.1   .55  63.4
  1 1981 341   8476.23  20.5  23.5   1.9   .55  29.1
  1 1981 342  11050.62  21.0  28.8   2.0   .55    .0
  1 1981 343  15686.97  21.5  31.0   2.1   .55   3.6
  1 1981 344   8450.07  22.1  23.5   2.0   .55  38.5
  1 1981 345   8442.80  20.5  23.0   1.8   .55   9.7
  1 1981 346   8436.28  20.5  22.0   1.9   .55   5.7
  1 1981 347   8739.53  21.5  27.5   2.0   .55   7.9
  1 1981 348   8631.41  22.5  26.6   2.0   .55   1.5
  1 1981 349  13258.54  21.5  32.6   2.1   .55  43.5
  1 1981 350   8726.41  23.0  28.0   2.1   .55  14.6
  1 1981 351  15101.23  20.0  31.6   1.8   .55   9.3
  1 1981 352  11807.06  21.0  30.5   2.0   .55  18.0
  1 1981 353  18078.71  21.4  31.0   2.1   .55    .0
  1 1981 354  11496.64  21.5  30.0   2.0   .55  14.5
  1 1981 355   8411.95  21.5  23.1   1.8   .55  38.9
  1 1981 356  10264.54  21.5  29.0   2.0   .55    .3
  1 1981 357  19011.42  18.0  31.0   1.8   .55    .0
  1 1981 358  17885.17  19.5  31.5   1.9   .55   9.6
  1 1981 359  16553.81  23.0  30.5   2.1   .55    .0
  1 1981 360  16870.54  20.1  31.5   1.9   .55    .0
  1 1981 361  19043.64  19.8  32.5   1.9   .55    .0
  1 1981 362  17715.31  19.8  31.2   1.9   .55    .0
  1 1981 363  17108.92  18.0  32.5   2.0   .55    .2
  1 1981 364  17225.72  21.0  32.8   2.0   .55    .0
  1 1981 365  16310.87  20.3  31.8   1.9   .55    .0
