*---------------------------------------------------------              
* Station name: Hacienda El Carmen                                      
* Author: Atlantic Zone Project, AUW-MAG-CATIE, Costa Rica              
* Source: IMN, San Jose, Costa Rica                                     
*                                                                       
* Comments: No wind speed data                                          
*           Few solar radiation data in Jan and May                     
*                                                                       
*                                                                       
* Longitude:  83  29 W, latitude:  10  12 N, altitude:  15 m.           
* Column  Daily value                                                   
*    1    station number                                                
*    2    year                                                          
*    3    month                                                         
*    4    day                                                           
*    5    julian date                                                   
*    6    irradiation            (cal cm-2 d-1)                         
*    7    minimum temperature    (degrees Celcius)                      
*    8    maximum temperature    (degrees Celcius)                      
*    9    vapor pressure at 0700 (mbar)                                 
*   10    vapor pressure at 1300 (mbar)                                 
*   11    vapor pressure at 1800 (mbar)                                 
*   12    mean wind speed        (kilometer per hour)                   
*   13    precipitation          (mm d-1)                               
*   14    sunshine hours         (hours)                                
* Missing value: -99                                                    
*---------------------------------------------------------              
*  data converted with WDC for CABO-format
*-------------------------------------------
  83.48  10.20    15.  .00  .00
  1 1979   1   9294.77  18.6  28.6   1.9   .55    .0
  1 1979   2  17792.31  16.6  31.4   1.7   .55   5.2
  1 1979   3  13356.83  18.8  30.8   1.9   .55  21.1
  1 1979   4  14617.57  17.7  29.4   1.8   .55   7.6
  1 1979   5  13078.70  18.0  30.3   1.7   .55    .0
  1 1979   6  19437.66  15.2  29.6   1.6   .55    .0
  1 1979   7  19256.18  14.5  30.3   1.5   .55    .0
  1 1979   8  16678.47  17.4  31.4   1.7   .55  10.2
  1 1979   9   9085.68  19.8  28.0   1.9   .55    .3
  1 1979  10  16417.05  17.8  30.5   1.8   .55    .0
  1 1979  11  17281.57  16.3  30.4   1.6   .55    .0
  1 1979  12  14061.66  19.2  29.9   1.9   .55    .0
  1 1979  13  15976.91  19.5  31.4   1.9   .55    .0
  1 1979  14   9907.23  20.0  29.5   2.0   .55   7.5
  1 1979  15  10875.38  21.0  28.6   1.8   .55    .0
  1 1979  16  17123.04  16.0  31.5   1.5   .55  13.8
  1 1979  17  13668.95  21.2  29.2   1.9   .55  46.4
  1 1979  18  16238.85  21.3  30.0   2.0   .55   2.5
  1 1979  19  12453.80  18.6  29.2   1.9   .55    .0
  1 1979  20  20027.35  17.8  30.6   1.6   .55    .0
  1 1979  21  17940.20  18.5  32.2   1.6   .55    .0
  1 1979  22  19366.42  19.5  32.5   1.8   .55    .0
  1 1979  23  18126.31  19.9  31.0   1.7   .55    .0
  1 1979  24  19131.19  19.0  33.0   1.7   .55    .0
  1 1979  25  17994.01  20.3  31.8   1.7   .55   3.1
  1 1979  26  18788.52  21.6  31.0   1.7   .55    .0
  1 1979  27  17539.06  23.3  31.5   2.0   .55    .0
  1 1979  28  19308.60  21.4  32.5   1.8   .59    .0
  1 1979  29   7656.72  18.8  31.5   1.9   .59    .0
  1 1979  30  17572.80  16.3  29.8   1.6   .59    .0
  1 1979  31  13179.60  19.6  28.8   1.9   .59    .0
  1 1979  32  10418.16  17.0  29.5   1.9   .59  29.8
  1 1979  33  17028.88  17.0  30.5   1.9   .59    .4
  1 1979  34  14811.36  17.5  30.5   1.7   .59    .1
  1 1979  35  15355.28  17.5  30.5   1.6   .59   4.9
  1 1979  36  11506.00  17.8  29.8   1.9   .59   5.5
  1 1979  37  13179.60  20.0  29.5   2.1   .59   4.8
  1 1979  38  12049.92  20.5  30.0   2.1   .59    .0
  1 1979  39  15355.28  19.5  31.5   2.0   .59    .0
  1 1979  40  13723.52  18.0  31.6   1.7   .59   9.9
  1 1979  41  14267.44  19.0  30.5   1.8   .59   1.6
  1 1979  42  17028.88  16.0  30.4   1.8   .59   4.3
  1 1979  43  12049.92  19.4  30.2   1.9   .59    .0
  1 1979  44  13681.68  19.3  28.6   1.9   .59   5.0
  1 1979  45  18618.80  19.6  30.4   1.9   .59    .0
  1 1979  46  17530.96  17.5  31.0   1.7   .59   6.7
  1 1979  47  22509.92  17.5  31.2   1.8   .59    .0
  1 1979  48  20836.32  18.0  30.4   1.7   .59    .5
  1 1979  49  19204.56  17.5  30.8   1.8   .59   1.8
  1 1979  50  18660.64  17.5  31.6   1.9   .59  21.0
  1 1979  51   8786.40  17.8  28.0   1.9   .59  11.7
  1 1979  52  11506.00  18.0  27.2   2.0   .59    .2
  1 1979  53  13723.52  18.0  28.2   1.7   .59   7.9
  1 1979  54  14811.36  18.0  29.5   2.0   .59  28.8
  1 1979  55  19748.48  18.0  30.2   2.0   .59    .5
  1 1979  56   9330.32  18.0  28.0   1.9   .59   1.0
  1 1979  57  11506.00  18.2  31.0   1.9   .59   7.9
  1 1979  58   8786.40  19.5  27.5   1.8   .59   7.3
  1 1979  59  17028.88  18.8  31.5   1.9   .59    .0
  1 1979  60  19204.56  18.8  30.2   1.9   .59   1.5
  1 1979  61  20292.40  20.1  29.7   1.8   .59    .2
  1 1979  62  21422.08  19.8  30.7   1.8   .59   6.2
  1 1979  63  25815.28  21.1  30.1   2.0   .59    .0
  1 1979  64  14811.36  20.3  29.0   1.9   .59    .5
  1 1979  65   8200.64  19.9  27.9   1.8   .59    .7
  1 1979  66  18660.64  18.5  28.8   1.8   .59    .0
  1 1979  67  18116.72  17.9  29.9   1.8   .59    .0
  1 1979  68  17028.88  18.7  29.9   1.7   .59    .0
  1 1979  69  17572.80  18.3  29.6   1.8   .59   1.5
  1 1979  70   7112.80  21.1  24.5   2.0   .59   8.8
  1 1979  71  15355.28  20.7  29.2   2.0   .59   2.4
  1 1979  72  11506.00  20.7  26.8   1.9   .59  18.0
  1 1979  73  17572.80  20.1  29.0   1.9   .59    .0
  1 1979  74   7656.72  20.3  24.2   1.7   .59  14.2
  1 1979  75  17028.88  17.9  29.4   1.8   .59   9.0
  1 1979  76  20836.32  20.7  29.9   1.9   .59    .6
  1 1979  77  23597.76  18.5  30.1   1.6   .59    .0
  1 1979  78  24141.68  18.7  30.8   1.8   .59    .0
  1 1979  79  24685.60  18.5  31.2   1.8   .59    .0
  1 1979  80  20836.32  20.1  31.4   1.9   .59    .0
  1 1979  81  20292.40  19.4  31.6   1.8   .59    .0
  1 1979  82  19748.48  21.2  31.2   1.9   .59    .0
  1 1979  83  22509.92  21.8  32.7   2.0   .59    .0
  1 1979  84  19204.56  22.3  32.7   1.9   .59    .0
  1 1979  85  19748.48  24.0  32.0   2.2   .59  11.5
  1 1979  86  18660.64  22.7  31.0   2.2   .59   1.2
  1 1979  87  17572.80  22.3  30.8   2.1   .59    .6
  1 1979  88  22509.92  19.9  30.8   1.8   .59    .0
  1 1979  89  20836.32  21.1  32.0   1.9   .59   3.3
  1 1979  90  17028.88  21.6  31.0   2.0   .59   8.1
  1 1979  91  13723.52  20.1  30.3   1.9   .60   6.5
  1 1979  92   7656.72  20.3  27.8   2.0   .60  35.6
  1 1979  93  14811.36  20.5  29.5   2.0   .60  15.2
  1 1979  94  17028.88  21.0  31.0   2.1   .60  33.9
  1 1979  95  15899.20  21.0  32.0   2.0   .60  76.9
  1 1979  96   6024.96  21.0  26.5   2.1   .60 125.6
  1 1979  97  13723.52  20.5  30.1   2.1   .60  13.1
  1 1979  98  15355.28  19.5  29.5   1.9   .60  12.9
  1 1979  99  14267.44  19.7  29.0   2.0   .60   2.6
  1 1979 100  20292.40  20.2  31.5   2.0   .60   4.6
  1 1979 101  13723.52  21.4  30.0   2.1   .60  10.4
  1 1979 102  13179.60  21.4  30.0   2.2   .60  24.3
  1 1979 103  14811.36  22.5  30.0   2.4   .60   4.7
  1 1979 104   9874.24  22.0  28.0   2.1   .60   5.3
  1 1979 105  18116.72  21.0  31.0   2.1   .60   3.2
  1 1979 106  13179.60  20.4  30.6   2.1   .60   3.6
  1 1979 107  14811.36  19.8  31.2   1.8   .60   2.8
  1 1979 108  17028.88  20.0  33.0   2.1   .60   6.0
  1 1979 109  14811.36  21.3  32.0   2.2   .60  50.7
  1 1979 110  13723.52  21.0  31.8   1.7   .60  29.4
  1 1979 111  16484.96  21.2  31.9   2.2   .60   4.0
  1 1979 112  12049.92  21.0  31.9   2.1   .60   2.0
  1 1979 113  22509.92  19.6  32.8   2.0   .60    .0
  1 1979 114  14267.44  22.0  33.0   2.2   .60   8.1
  1 1979 115  17572.80  20.2  32.5   2.1   .60   1.0
  1 1979 116  17028.88  20.5  34.0   2.1   .60    .0
  1 1979 117  19748.48  20.5  34.0   2.0   .60    .0
  1 1979 118  21422.08  21.0  33.5   2.1   .60  28.0
  1 1979 119  20836.32  20.8  31.9   2.0   .51   7.3
  1 1979 120  20462.86  20.3  31.9   1.9   .51    .2
  1 1979 121  19576.26  22.9  32.8   2.0   .51    .3
  1 1979 122  18690.96  22.0  32.8   2.2   .51   1.9
  1 1979 123  17400.34  23.5  31.9   2.5   .51  10.9
  1 1979 124  17969.16  22.9  31.4   2.2   .51  19.3
  1 1979 125  14246.28  22.5  33.6   2.1   .51  15.4
  1 1979 126  20955.35  23.1  33.7   2.1   .51  37.0
  1 1979 127  19319.19  23.8  31.7   2.4   .51  13.4
  1 1979 128  15374.78  23.3  32.0   2.0   .51    .2
  1 1979 129  15710.32  22.3  31.5   2.1   .51    .0
  1 1979 130  12700.63  21.6  31.5   2.0   .51    .5
  1 1979 131  14650.67  23.3  31.8   2.2   .51    .8
  1 1979 132  15100.37  22.2  30.8   2.2   .51  12.0
  1 1979 133  17732.64  22.7  33.0   2.3   .51   2.0
  1 1979 134  15307.48  22.7  32.2   2.0   .51  21.0
  1 1979 135  13231.68  22.0  31.5   2.2   .51    .0
  1 1979 136  10358.60  21.6  29.0   1.9   .51   1.1
  1 1979 137  17217.52  21.1  31.8   1.9   .51   1.4
  1 1979 138  16746.43  22.2  31.9   2.2   .51    .0
  1 1979 139  19701.35  20.7  33.0   1.9   .51    .0
  1 1979 140  19456.65  20.7  32.5   1.8   .51    .0
  1 1979 141  20693.48  19.8  33.0   2.0   .51    .0
  1 1979 142  20789.79  20.9  32.7   2.2   .51    .0
  1 1979 143  19180.90  22.0  31.0   2.2   .51   6.5
  1 1979 144  22004.21  22.0  32.5   2.3   .51    .0
  1 1979 145  16087.10  22.8  32.5   2.2   .51    .0
  1 1979 146  21287.95  21.4  33.0   2.1   .51    .0
  1 1979 147  18780.26  23.6  32.2   2.2   .51   3.8
  1 1979 148   6024.96  23.8  29.0   2.3   .51   7.3
  1 1979 149  12049.92  23.2  30.4   2.2   .51  30.5
  1 1979 150  10418.16  23.0  29.5   2.1   .51    .0
  1 1979 151   7112.80  22.2  31.5   2.1   .51  50.3
  1 1979 152  11506.00  21.6  32.5   2.1   .51  46.0
  1 1979 153  15355.28  22.4  32.6   2.1   .51    .0
  1 1979 154  13179.60  22.6  32.0   2.2   .51    .3
  1 1979 155  12049.92  23.4  30.3   2.1   .51    .0
  1 1979 156  20878.16  22.4  32.6   2.1   .51 130.1
  1 1979 157  19204.56  20.3  32.6   2.0   .51    .3
  1 1979 158  11506.00  21.8  30.7   2.0   .51   7.2
  1 1979 159  17028.88  23.0  31.0   2.2   .51  18.7
  1 1979 160  18660.64  21.2  31.0   1.9   .51    .0
  1 1979 161  20292.40  23.8  32.0   2.3   .51    .0
  1 1979 162  19748.48  23.5  34.5   2.0   .51    .8
  1 1979 163  19204.56  24.5  34.2   2.2   .51    .0
  1 1979 164  15355.28  24.2  31.6   2.2   .51    .0
  1 1979 165  17572.80  24.2  31.5   2.3   .51  11.8
  1 1979 166  11506.00  22.5  30.5   2.2   .51  30.3
  1 1979 167  17572.80  23.0  32.0   2.2   .51    .0
  1 1979 168   8786.40  22.8  27.8   2.0   .51   8.7
  1 1979 169  16443.12  23.0  31.6   2.0   .51  12.2
  1 1979 170  13179.60  22.5  31.2   2.0   .51  19.4
  1 1979 171   8242.48  23.5  26.6   2.2   .51  26.6
  1 1979 172  15355.28  23.0  30.8   2.1   .51  29.5
  1 1979 173   9874.24  22.0  26.9   2.1   .51  19.8
  1 1979 174  15899.20  21.5  29.5   2.0   .51    .0
  1 1979 175  12049.92  21.0  30.4   2.0   .51   7.1
  1 1979 176  11506.00  23.0  32.9   2.2   .51   3.4
  1 1979 177  17572.80  24.9  30.4   2.3   .51  13.7
  1 1979 178  13723.52  23.9  31.2   2.2   .51   9.8
  1 1979 179  19748.48  23.8  32.4   2.3   .51    .3
  1 1979 180  14267.44  24.0  28.1   2.4   .51   1.5
  1 1979 181  19563.91  21.9  32.0   2.1   .51    .0
  1 1979 182  17670.00  22.8  32.0   2.1   .51    .0
  1 1979 183   7656.72  23.0  31.3   2.2   .51  13.5
  1 1979 184  20878.16  22.6  31.4   2.1   .51   2.3
  1 1979 185  18660.64  24.0  32.8   2.3   .51    .0
  1 1979 186  10418.16  21.5  35.0   2.1   .51   5.7
  1 1979 187  13723.52  21.7  31.5   2.3   .51    .5
  1 1979 188  11506.00  22.2  33.8   2.1   .51    .0
  1 1979 189  17572.80  22.0  31.4   2.3   .51    .9
  1 1979 190  13723.52  22.0  31.0   2.0   .51  16.0
  1 1979 191  15355.28  21.0  32.7   2.2   .51    .0
  1 1979 192  17572.80  22.6  33.9   2.1   .51    .0
  1 1979 193   7656.72  21.5  30.0   2.1   .51    .0
  1 1979 194  12635.68  21.4  32.5   2.1   .51   1.9
  1 1979 195  14811.36  20.5  31.4   2.0   .51    .2
  1 1979 196   6024.96  21.5  27.4   2.0   .51   9.4
  1 1979 197  10418.16  20.6  25.2   2.1   .51  43.2
  1 1979 198  19204.56  20.3  26.5   1.9   .51   6.4
  1 1979 199  10962.08  19.7  30.5   1.9   .51    .0
  1 1979 200  15899.20  20.4  30.5   2.0   .51    .0
  1 1979 201  22509.92  19.8  32.0   2.0   .51    .0
  1 1979 202  20836.32  20.5  32.5   2.0   .51    .0
  1 1979 203  22592.19  20.0  32.5   1.9   .51    .0
  1 1979 204  17028.88  20.5  33.5   2.6   .51    .0
  1 1979 205  12635.68  22.0  30.5   2.1   .51    .0
  1 1979 206  21422.08  20.2  32.5   2.1   .51   2.6
  1 1979 207  20878.16  21.5  32.5   2.3   .51    .0
  1 1979 208  23597.76  19.5  32.7   1.9   .51    .0
  1 1979 209  20292.40  21.5  32.5   2.1   .51  16.2
  1 1979 210  17572.80  22.0  31.5   2.2   .58   8.6
  1 1979 211  11095.03  21.7  30.0   2.2   .58  31.1
  1 1979 212  12635.68  20.6  30.0   1.9   .58   6.3
  1 1979 213  24727.44  20.6  32.0   2.2   .58    .0
  1 1979 214  15941.04  21.5  32.6   2.2   .58    .5
  1 1979 215  19246.40  21.5  31.0   2.1   .58    .3
  1 1979 216  22509.92  20.0  32.5   2.0   .58   9.5
  1 1979 217  14267.44  22.0  29.0   2.2   .58 136.3
  1 1979 218  10210.81  20.6  24.5   2.0   .58  10.2
  1 1979 219  10418.16  20.5  31.0   2.1   .58  74.1
  1 1979 220   5481.04  21.5  27.1   2.1   .58  17.6
  1 1979 221  15355.28  21.0  30.5   2.0   .58   4.1
  1 1979 222  17572.80  21.0  30.5   2.2   .58  30.8
  1 1979 223   8242.48  22.5  29.5   2.3   .58  87.4
  1 1979 224  17028.88  21.5  31.0   2.1   .58  40.6
  1 1979 225  16582.47  22.0  32.0   2.2   .58  23.9
  1 1979 226  10962.08  21.1  27.5   2.0   .58  17.7
  1 1979 227  23053.84  21.1  28.4   2.1   .58    .2
  1 1979 228  27488.88  20.6  31.5   2.0   .58  56.2
  1 1979 229  21422.08  21.1  31.7   2.2   .58    .9
  1 1979 230  11547.84  20.7  31.6   2.1   .58   1.6
  1 1979 231  12558.37  21.5  30.1   2.1   .58   8.3
  1 1979 232  12792.39  20.0  31.0   2.1   .58    .0
  1 1979 233  17572.80  20.2  31.0   2.1   .58    .2
  1 1979 234  15397.12  20.5  30.5   2.0   .58    .0
  1 1979 235  14811.36  19.5  30.5   2.0   .58   4.3
  1 1979 236  17028.88  20.5  31.0   2.2   .58    .8
  1 1979 237  28032.80  19.0  32.0   2.0   .58    .0
  1 1979 238  21966.00  20.5  31.5   2.0   .58    .7
  1 1979 239  22822.05  21.0  32.2   2.1   .58    .0
  1 1979 240  20878.16  20.0  32.7   2.1   .58    .0
  1 1979 241  18116.72  20.2  33.2   2.0   .58  12.8
  1 1979 242  27488.88  20.9  32.5   2.1   .58    .0
  1 1979 243  18660.64  21.0  32.2   2.1   .58    .0
  1 1979 244  21966.00  21.0  31.7   2.1   .58   1.8
  1 1979 245  19790.32  21.0  30.0   2.0   .53   2.0
  1 1979 246  28032.80  20.2  32.0   2.1   .53    .0
  1 1979 247  24141.68  19.5  32.5   1.9   .53    .0
  1 1979 248  25815.28  20.5  33.0   2.0   .53    .0
  1 1979 249  22509.92  19.0  32.5   1.9   .53    .0
  1 1979 250  16443.12  21.1  32.5   2.1   .53    .0
  1 1979 251  19246.40  19.2  32.5   2.0   .53    .0
  1 1979 252  16694.16  20.5  33.7   2.1   .53  23.9
  1 1979 253  20836.32  19.8  33.0   2.1   .53   8.6
  1 1979 254  25271.36  21.0  31.5   2.2   .53  50.4
  1 1979 255  24183.52  20.5  30.5   2.1   .53    .4
  1 1979 256  17572.80  21.2  30.5   2.2   .53   5.6
  1 1979 257  22509.92  20.6  32.5   2.1   .53   1.4
  1 1979 258  15397.12  21.0  30.5   2.2   .53    .0
  1 1979 259  27488.88  21.0  33.0   2.2   .53    .0
  1 1979 260  11003.92  20.5  33.0   2.1   .53   6.5
  1 1979 261  26359.20  19.6  32.6   1.9   .53    .0
  1 1979 262  21966.00  21.0  32.5   2.1   .53    .0
  1 1979 263  19790.32  20.5  32.5   2.1   .53   1.8
  1 1979 264  16484.96  20.5  30.0   2.1   .53    .3
  1 1979 265  20878.16  19.2  32.0   2.0   .53    .0
  1 1979 266  14853.20  20.2  31.0   2.1   .53   5.0
  1 1979 267  24183.52  17.0  32.2   1.8   .53    .0
  1 1979 268  30208.48  19.0  32.6   2.0   .53    .3
  1 1979 269  17028.88  21.6  31.5   2.2   .53    .3
  1 1979 270  18116.72  20.2  31.7   2.1   .53 124.0
  1 1979 271  25271.36  20.5  31.5   2.1   .53   2.8
  1 1979 272  16484.96  20.5  30.5   2.2   .53   9.6
  1 1979 273  19790.32  21.0  31.5   2.2   .54    .0
  1 1979 274  12510.16  21.7  32.8   2.2   .54   1.0
  1 1979 275  16484.96  21.2  30.2   2.2   .54    .7
  1 1979 276  13723.52  20.3  27.8   2.1   .54    .8
  1 1979 277  21966.00  19.3  32.5   1.9   .54    .1
  1 1979 278   6024.96  21.2  28.0   2.2   .54   2.2
  1 1979 279  14811.36  21.0  29.0   2.2   .54   1.4
  1 1979 280  18660.64  20.5  32.0   2.3   .54   1.9
  1 1979 281  11003.92  20.2  32.6   2.3   .54    .9
  1 1979 282  20334.24  20.5  31.0   2.2   .54  10.6
  1 1979 283  13723.52  20.0  33.0   2.1   .54    .2
  1 1979 284  16484.96  20.4  32.0   2.2   .54   1.4
  1 1979 285  14197.84  20.7  31.5   2.2   .54    .8
  1 1979 286  19246.40  20.0  33.0   2.2   .54  36.8
  1 1979 287  17431.77  21.5  32.3   2.3   .54  24.0
  1 1979 288  11547.84  19.4  33.7   2.1   .54    .0
  1 1979 289  20334.24  19.5  32.7   2.2   .54    .0
  1 1979 290  14853.20  20.0  32.7   2.1   .54    .3
  1 1979 291  19748.48  20.5  31.8   2.2   .54    .0
  1 1979 292  21422.08  19.5  33.5   2.1   .54   1.1
  1 1979 293  19246.40  20.6  33.5   2.2   .54    .2
  1 1979 294  12091.76  19.0  31.2   2.0   .54   1.6
  1 1979 295  14267.44  20.5  33.2   2.1   .54   2.9
  1 1979 296  19246.40  19.0  33.0   2.1   .54   1.5
  1 1979 297  17028.88  19.0  31.0   2.1   .54    .0
  1 1979 298  12635.68  20.5  30.0   2.2   .54   2.9
  1 1979 299  13179.60  21.0  31.4   2.0   .54    .3
  1 1979 300   9874.24  20.4  28.5   2.1   .54  13.2
  1 1979 301  20292.40  18.5  33.0   2.0   .54    .0
  1 1979 302   8786.40  20.6  30.5   2.2   .54    .0
  1 1979 303  15397.12  19.2  32.0   2.0   .54  18.6
  1 1979 304  18660.64  19.0  32.0   2.1   .54    .0
  1 1979 305  16484.96  23.8  33.0   2.2   .54    .0
  1 1979 306  14267.44  23.1  31.7   2.2   .54    .0
  1 1979 307  12635.68  23.6  32.0   2.1   .54  44.4
  1 1979 308   4937.12  23.3  29.0   2.0   .53  17.0
  1 1979 309   9874.24  21.4  30.0   2.2   .53    .2
  1 1979 310  18660.64  20.0  33.0   2.2   .53    .0
  1 1979 311  14811.36  19.5  30.5   2.0   .53    .0
  1 1979 312  15397.12  21.8  30.0   2.0   .53    .0
  1 1979 313  15062.40  20.2  32.5   2.1   .53    .0
  1 1979 314  15941.04  20.0  32.5   2.1   .53    .0
  1 1979 315  16484.96  21.1  34.0   2.3   .53    .3
  1 1979 316   6610.72  22.7  28.0   2.1   .53   8.5
  1 1979 317   5481.04  22.3  25.0   2.1   .53  34.9
  1 1979 318   8242.48  22.0  26.0   2.1   .53    .0
  1 1979 319  13179.60  22.0  29.7   2.2   .53  63.7
  1 1979 320   8242.48  21.6  26.2   2.0   .53  25.7
  1 1979 321  10962.08  21.8  26.6   2.0   .53   1.3
  1 1979 322  13723.52  22.0  31.0   2.0   .53    .0
  1 1979 323  16484.96  21.1  32.0   1.9   .53  13.5
  1 1979 324   8786.40  22.9  29.0   2.1   .53   2.7
  1 1979 325  13723.52  22.7  31.0   2.2   .53   1.4
  1 1979 326  13179.60  22.3  30.0   2.1   .53  12.3
  1 1979 327   7698.56  22.3  26.0   2.0   .53  11.0
  1 1979 328   9330.32  20.1  27.0   1.9   .53   7.6
  1 1979 329  17572.80  17.9  31.0   1.7   .53    .0
  1 1979 330  18660.64  19.4  31.0   1.9   .53    .0
  1 1979 331  17572.80  18.1  32.0   1.8   .53    .0
  1 1979 332  15941.04  20.7  31.0   2.0   .53   9.0
  1 1979 333   8242.48  20.3  28.0   2.3   .53  46.1
  1 1979 334   2719.60  21.4  23.9   2.1   .53  55.3
  1 1979 335  13179.60  18.0  30.0   2.0   .53  13.1
  1 1979 336   4393.20  20.0  25.8   2.1   .55  42.1
  1 1979 337  14267.44  19.0  31.5   2.0   .55   6.7
  1 1979 338  16484.96  18.5  32.0   2.2   .55    .3
  1 1979 339  19246.40  16.5  33.0   1.7   .55    .0
  1 1979 340  15397.12  18.7  33.0   2.1   .55    .0
  1 1979 341  13723.52  19.0  33.5   2.1   .55  26.0
  1 1979 342   3807.44  20.5  27.5   2.2   .55  87.8
  1 1979 343   1087.84  20.5  23.9   2.1   .55  67.8
  1 1979 344  11003.92  18.2  29.0   2.0   .55    .3
  1 1979 345  19246.40  18.3  31.5   2.0   .55    .0
  1 1979 346  20878.16  17.0  31.5   1.9   .55    .0
  1 1979 347  18116.72  19.0  33.0   1.9   .55    .0
  1 1979 348  14811.36  19.0  31.6   2.2   .55   3.8
  1 1979 349   8786.40  19.5  27.0   2.2   .55  17.1
  1 1979 350   5481.04  18.0  25.0   1.9   .55  53.4
  1 1979 351   6024.96  18.5  25.0   2.0   .55   9.3
  1 1979 352  13966.86  16.5  30.0   1.8   .55   6.2
  1 1979 353   6610.72  15.2  25.0   1.8   .55   7.9
  1 1979 354   7698.56  17.0  26.0   1.7   .55    .0
  1 1979 355  14853.20  17.1  29.5   1.8   .55   2.6
  1 1979 356  14267.44  18.4  30.7   1.9   .55    .0
  1 1979 357  18660.64  17.0  31.5   2.1   .55    .0
  1 1979 358  17572.80  17.0  31.0   1.9   .55  18.4
  1 1979 359  18660.64  18.2  31.2   2.0   .55   2.8
  1 1979 360   9867.48  18.1  27.0   1.9   .55    .0
  1 1979 361  15128.21  15.5  30.3   1.7   .55    .0
  1 1979 362  13723.52  14.4  30.4   1.6   .55    .8
  1 1979 363  12091.76  18.5  31.4   1.9   .55  20.7
  1 1979 364  11003.92  19.5  29.9   2.1   .55  43.3
  1 1979 365   8561.98  19.0  25.5   2.0   .55  67.1
