*---------------------------------------------------------              
* Station name: Hacienda El Carmen                                      
* Author: Atlantic Zone Project, AUW-MAG-CATIE, Costa Rica              
* Source: IMN, San Jose, Costa Rica                                     
*                                                                       
* Comments: No SR data                                                  
*           Check unit of VP; No VP from June 6-22                      
*           WS missing from Feb 27-Jul 5, Nov, Dec, & others            
*                                                                       
* Longitude:  83  29 W, latitude:  10  12 N, altitude:  15 m.           
* Column  Daily value                                                   
*    1    station number                                                
*    2    year                                                          
*    3    month                                                         
*    4    day                                                           
*    5    julian date                                                   
*    6    irradiation            (MJ m-2 d-1)                           
*    7    minimum temperature    (degrees Celcius)                      
*    8    maximum temperature    (degrees Celcius)                      
*    9    vapor pressure at 0700 (mbar)                                 
*   10    vapor pressure at 1300 (mbar)                                 
*   11    vapor pressure at 1800 (mbar)                                 
*   12    mean wind speed        (kilometer per hour)                   
*   13    precipitation          (mm d-1)                               
*   14    sunshine hours         (hours)                                
* Missing value: -99                                                    
*---------------------------------------------------------              
*  data converted with WDC for CABO-format
*-------------------------------------------
  83.48  10.20    15.  .00  .00
  1 1990   1  15705.99  19.8  31.6   2.5  1.33    .4
  1 1990   2  10650.65  21.0  30.6   2.6  1.83  15.5
  1 1990   3  11388.34  20.7  30.2   2.5  1.58  11.5
  1 1990   4  13165.57  20.8  31.4   2.5  1.25   1.1
  1 1990   5  12767.21  22.2  30.4   2.7  1.31  10.5
  1 1990   6  13408.38  22.4  29.4   2.7  1.67  21.0
  1 1990   7   9888.76  22.4  27.5   2.7  1.58  33.2
  1 1990   8  16886.91  19.5  30.7   2.4  1.50    .0
  1 1990   9  12320.84  21.0  30.0   2.5  1.39    .0
  1 1990  10  12445.75  20.0  30.4   2.5  1.08   1.0
  1 1990  11  13618.41  20.0  31.2   2.3  1.44    .0
  1 1990  12  10078.45  21.4  30.2   2.6  1.36    .0
  1 1990  13  15242.00  21.2  31.6   2.5  1.47    .0
  1 1990  14  15690.86  20.2  31.8   2.5  1.50   1.9
  1 1990  15  11612.71  20.8  29.5   2.6  1.42   2.9
  1 1990  16  17650.61  19.5  31.2   2.4  2.06  27.5
  1 1990  17   8912.52  22.0  27.4   2.6  1.39  95.3
  1 1990  18   9461.98  21.0  28.0   2.7  1.25  21.9
  1 1990  19  14151.13  21.5  30.2   2.4  1.53  18.1
  1 1990  20  19070.81  22.0  31.8   2.6  1.53   3.6
  1 1990  21  14532.71  22.2  30.8   2.6  1.81  54.5
  1 1990  22   9124.13  22.0  26.0   2.7  1.28  51.9
  1 1990  23   9360.48  22.0  29.2   2.7  1.72  20.2
  1 1990  24  12704.38  22.0  29.5   2.5  1.83   8.4
  1 1990  25  15632.76  22.0  31.5   2.6  1.33  13.4
  1 1990  26  13195.99  22.3  30.4   2.8  1.42  24.3
  1 1990  27  12366.08  22.0  30.0   2.8  1.81  27.6
  1 1990  28  16500.74  23.5  30.0   2.9  1.81   6.1
  1 1990  29  17622.79  21.4  30.4   2.5  1.69   2.5
  1 1990  30  12676.66  22.4  31.0   2.5  1.56   5.4
  1 1990  31   9883.35  22.4  29.0   2.7  1.47   1.1
  1 1990  32  15137.65  21.8  31.0   2.7  1.38   2.0
  1 1990  33  15284.79  22.0  31.2   2.7  1.28  12.2
  1 1990  34   9088.80  23.3  28.0   2.6  1.19   8.4
  1 1990  35   9114.12  22.6  27.5   2.6  1.58  12.8
  1 1990  36   9688.83  21.4  29.6   2.3  1.25    .1
  1 1990  37  18632.19  18.8  30.2   2.3  1.58   2.8
  1 1990  38  10514.70  21.4  29.0   2.3  1.65    .0
  1 1990  39  15739.26  17.4  30.0   2.2  1.71   1.6
  1 1990  40  18437.86  21.4  30.8   2.5  1.78    .0
  1 1990  41  18927.29  20.2  31.0   2.5  1.50    .0
  1 1990  42  13855.81  22.5  29.5   2.7  1.39    .5
  1 1990  43  20469.01  20.5  31.0   2.3  1.78    .0
  1 1990  44  12362.60  19.6  28.5   2.4  1.44    .9
  1 1990  45  16088.97  21.5  30.5   2.5  1.69    .0
  1 1990  46  18820.71  19.6  30.6   2.5  1.72    .0
  1 1990  47   9536.04  22.7  29.0   2.6  1.22    .6
  1 1990  48  14630.13  17.8  30.0   2.2  1.42    .3
  1 1990  49  21098.26  19.8  30.6   2.3  1.94    .1
  1 1990  50  18884.90  19.1  30.0   2.0  1.78    .0
  1 1990  51  17795.30  19.0  31.0   2.2  1.47    .0
  1 1990  52  17155.02  19.5  31.0   2.4  1.67    .0
  1 1990  53  14351.30  20.0  30.0   2.4  1.78   2.6
  1 1990  54  10853.27  22.8  29.5   2.7  1.42   3.2
  1 1990  55  20694.55  21.0  31.4   2.6  1.72    .0
  1 1990  56  16051.02  19.6  29.0   2.2  1.64   6.3
  1 1990  57  14253.73  20.4  31.0   2.4  1.56   1.4
  1 1990  58  20250.35  18.0  30.5   2.1  1.52    .4
  1 1990  59  20521.04  20.6  30.5   2.5  1.49    .0
  1 1990  60  21482.32  18.3  31.2   2.5  1.45    .0
  1 1990  61  21408.36  17.6  31.2   1.9  1.42    .0
  1 1990  62  21102.38  18.1  30.8   2.2  1.38   2.1
  1 1990  63  15013.61  22.0  30.5   2.6  1.35   1.6
  1 1990  64  20832.29  21.3  30.5   2.6  1.31    .0
  1 1990  65  15535.55  20.2  31.2   2.4  1.28  57.4
  1 1990  66  10223.46  22.2  26.4   2.7  1.33  18.8
  1 1990  67  16755.15  21.0  29.4   2.5  1.69   2.2
  1 1990  68  12127.88  21.3  30.0   2.4  1.08   5.5
  1 1990  69  10518.79  22.1  27.3   2.6  1.33   3.9
  1 1990  70  13572.80  22.2  30.0   2.8  1.69  45.8
  1 1990  71  10558.67  23.6  28.2   2.8  1.22  46.9
  1 1990  72  11396.53  23.5  28.6   2.9  1.36   9.2
  1 1990  73  16801.14  22.8  30.7   2.6  1.25  32.4
  1 1990  74  14364.75  23.4  31.2   2.9  1.39    .5
  1 1990  75  13916.90  23.6  31.5   2.7  1.58   2.5
  1 1990  76  10297.92  23.8  27.6   3.0  1.28  53.7
  1 1990  77  10784.40  22.8  31.0   2.9  1.47   1.4
  1 1990  78  10683.20  22.6  31.0   2.7  1.58  32.7
  1 1990  79  10345.98  22.7  28.5   2.7  1.64  17.6
  1 1990  80  16837.25  21.6  30.0   2.4  1.53    .0
  1 1990  81  22864.92  19.3  30.4   2.2  1.36    .9
  1 1990  82  19938.87  20.0  30.5   2.3   .59   9.3
  1 1990  83  11818.49  21.5  29.5   2.5   .59   1.0
  1 1990  84  14192.40  20.2  30.8   2.5   .59   2.9
  1 1990  85  13143.91  22.5  30.4   2.6   .59   9.9
  1 1990  86  18589.87  22.4  30.5   2.6   .59    .2
  1 1990  87  23211.73  19.0  30.6   2.2   .59   3.7
  1 1990  88  17080.81  21.0  30.5   2.5   .59    .0
  1 1990  89  19220.46  20.0  31.2   2.5   .59    .0
  1 1990  90  16867.30  23.5  31.2   2.8   .59    .0
  1 1990  91  22789.74  21.5  32.2   2.7   .60   2.8
  1 1990  92  17951.12  23.5  30.8   3.0   .60    .0
  1 1990  93  20561.38  21.6  31.5   2.7   .60    .0
  1 1990  94  22579.42  19.4  33.0   2.6   .60    .0
  1 1990  95  21521.71  19.5  31.5   2.4   .60    .0
  1 1990  96  21882.01  19.0  31.5   2.5   .60    .0
  1 1990  97  13138.20  22.2  31.2   2.7   .60  93.6
  1 1990  98  13498.02  23.8  30.6   2.9   .60  66.4
  1 1990  99  19056.48  24.5  30.5   3.1   .60    .0
  1 1990 100  20240.15  20.4  30.5   2.2   .60    .0
  1 1990 101  13037.36  20.0  30.6   2.4   .60   7.3
  1 1990 102  17172.05  22.4  31.0   2.7   .60    .8
  1 1990 103  11862.48  22.7  31.0   2.7   .60    .3
  1 1990 104  11039.08  23.2  30.5   2.8   .60   6.7
  1 1990 105  10569.67  22.8  28.4   2.8   .60    .2
  1 1990 106  12456.86  23.0  30.5   2.7   .60    .0
  1 1990 107  11868.47  21.6  30.5   2.7   .60    .0
  1 1990 108  17870.92  23.0  31.0   2.8   .60   1.3
  1 1990 109  22689.01  22.0  32.0   2.5   .60    .0
  1 1990 110  22328.40  20.0  31.7   2.6   .60    .3
  1 1990 111  21615.13  20.4  31.4   2.5   .60    .0
  1 1990 112  17146.53  20.5  32.0   2.5   .60   7.0
  1 1990 113  16882.46  22.6  31.2   2.7   .60    .0
  1 1990 114  16618.23  22.2  31.6   2.6   .60    .0
  1 1990 115  16353.89  22.0  31.5   2.7   .60    .2
  1 1990 116  16089.48  23.4  32.5   2.6   .60    .0
  1 1990 117  15825.04  23.1  32.5   2.8   .60    .0
  1 1990 118  19787.53  23.0  32.8   2.8   .60   2.7
  1 1990 119  12426.50  23.7  31.5   3.0   .51   1.8
  1 1990 120  18131.99  23.0  32.2   2.9   .51   2.8
  1 1990 121  10436.61  24.0  30.0   3.0   .51  44.7
  1 1990 122  13573.24  23.0  30.7   2.6   .51    .0
  1 1990 123  10312.57  23.2  29.5   2.7   .51   1.8
  1 1990 124  18897.74  20.6  31.2   2.5   .51    .3
  1 1990 125  16565.28  20.3  31.0   2.5   .51   5.7
  1 1990 126  16553.96  21.2  31.0   2.6   .51  10.6
  1 1990 127  11335.83  23.4  32.5   2.9   .51  22.8
  1 1990 128  14219.03  23.6  31.4   3.0   .51 109.2
  1 1990 129  13055.03  23.2  31.4   2.9   .51    .4
  1 1990 130  10278.92  23.5  27.5   2.9   .51  29.4
  1 1990 131  19488.70  23.5  31.5   2.9   .51   4.4
  1 1990 132  17056.43  24.1  31.5   3.1   .51  82.3
  1 1990 133  17847.57  24.0  30.6   2.9   .51  50.4
  1 1990 134  10256.09  23.0  26.5   2.9   .51  45.6
  1 1990 135  10250.11  21.7  25.5   2.6   .51  34.2
  1 1990 136  16200.51  22.0  31.0   2.8   .51   1.6
  1 1990 137  11038.87  23.7  32.0   3.0   .51  16.9
  1 1990 138  18003.64  22.8  30.5   2.7   .51    .1
  1 1990 139  14335.54  22.8  33.4   2.9   .51  11.2
  1 1990 140  16719.67  24.7  32.0   3.0   .51  29.4
  1 1990 141  10213.08  23.5  27.6   3.1   .51 102.9
  1 1990 142  14303.46  22.8  31.6   2.7   .51    .0
  1 1990 143  12360.43  24.2  32.5   3.0   .51  10.7
  1 1990 144  19051.77  23.2  33.2   3.0   .51    .0
  1 1990 145  10642.04  23.5  30.6   2.8   .51  14.9
  1 1990 146  17548.26  24.5  33.2   3.1   .51   6.5
  1 1990 147  13685.73  22.8  32.7   3.0   .51    .0
  1 1990 148  15712.22  22.5  33.2   2.6   .51    .0
  1 1990 149  14119.19  22.5  32.8   3.0   .51    .0
  1 1990 150  21334.74  23.0  33.2   3.6   .51    .0
  1 1990 151  21544.63  23.0  32.4   3.0   .51  10.5
  1 1990 152  10372.90  24.0  29.5   3.0   .51   9.9
  1 1990 153  13069.62  23.0  31.5   2.8   .51   2.0
  1 1990 154  11824.49  24.4  31.5   3.1   .51  19.1
  1 1990 155  13279.49  23.0  32.0   2.8   .51   1.9
  1 1990 156  15743.46  22.8  31.6   3.2   .51  41.7
  1 1990 157  11581.54  22.2  31.7   5.9   .51  46.1
  1 1990 158  15838.47  22.2  32.2   5.9   .51  31.2
  1 1990 159  11010.25  20.5  30.0   5.9   .51  45.2
  1 1990 160  10669.49  20.2  30.0   5.9   .51  13.1
  1 1990 161  10105.45  19.5  27.0   5.9   .51  22.5
  1 1990 162  16480.07  21.6  33.2   5.9   .51    .0
  1 1990 163  16473.36  24.0  32.8   5.9   .51  15.0
  1 1990 164  17026.07  23.5  32.5   5.9   .51   7.4
  1 1990 165  10315.51  23.6  27.5   5.9   .51   4.6
  1 1990 166  15004.02  22.2  31.4   5.9   .51    .9
  1 1990 167  15111.43  22.5  32.0   5.9   .51    .0
  1 1990 168  13768.09  22.7  32.2   5.9   .51   1.6
  1 1990 169  19791.22  22.8  32.0   5.9   .51    .0
  1 1990 170  20679.80  24.0  33.0   5.9   .51    .0
  1 1990 171  18668.43  24.3  34.0   5.9   .51    .0
  1 1990 172  10523.98  23.4  31.9   5.9   .51  20.2
  1 1990 173  11415.10  24.0  31.1   5.9   .51   3.0
  1 1990 174  12975.49  23.6  31.6   2.9   .51    .0
  1 1990 175  11525.25  23.6  32.5   2.8   .51  22.8
  1 1990 176  11413.53  22.2  30.5   2.8   .51  17.1
  1 1990 177  15205.46  22.4  32.6   2.7   .51    .0
  1 1990 178  12864.01  22.8  30.5   2.8   .51  31.5
  1 1990 179  12307.17  23.0  31.6   2.8   .51    .0
  1 1990 180  10076.86  23.0  27.0   3.0   .51  12.4
  1 1990 181  11863.47  24.0  31.0   3.0   .51   6.6
  1 1990 182  11530.30  24.7  29.2   3.0   .51  31.3
  1 1990 183  12760.54  23.5  32.1   2.7   .51    .5
  1 1990 184  13768.52  23.5  32.3   3.0   .51   3.2
  1 1990 185  15559.84  16.3  32.5   2.7   .51  26.7
  1 1990 186  10868.89  23.0  30.3   2.8   .51    .0
  1 1990 187  10647.91  23.4  28.6   2.8  1.28   1.6
  1 1990 188  10091.22  23.5  28.6   3.0  1.33  13.3
  1 1990 189  18715.04  22.4  31.5   3.0  1.69   1.6
  1 1990 190  10208.92  23.3  27.4   2.8  1.08   3.4
  1 1990 191  11781.38  21.6  30.8   2.7  1.33   7.7
  1 1990 192  20870.88  21.3  32.4   2.3  1.69    .0
  1 1990 193  10780.13  22.9  28.6   2.8  1.22   9.6
  1 1990 194  13142.76  21.5  31.4   2.5  1.36  15.5
  1 1990 195  12137.11  22.0  30.6   2.7  1.25    .6
  1 1990 196  10117.87  22.9  26.2   2.8  1.39   3.9
  1 1990 197  13949.00  22.0  30.6   2.7  1.58    .9
  1 1990 198  12378.97  23.9  31.5   2.9  1.28  26.6
  1 1990 199  11483.02  21.8  28.5   2.7  1.47  28.7
  1 1990 200  19274.25  20.4  31.4   2.5  1.58    .0
  1 1990 201  18044.10  22.7  31.5   2.7  1.64    .1
  1 1990 202  15229.55  22.8  30.5   2.9  1.53  38.7
  1 1990 203  10147.50  23.0  28.4   2.8  1.36  81.8
  1 1990 204  10831.38  23.2  30.4   2.9   .51  37.1
  1 1990 205  13443.31  22.2  31.0   2.8   .51  31.9
  1 1990 206  19690.34  22.6  31.2   2.9   .51  15.5
  1 1990 207  19022.49  24.0  31.4   2.9   .51    .7
  1 1990 208  20967.58  22.2  32.6   2.9   .51    .6
  1 1990 209  21437.43  24.0  32.6   2.8   .51    .0
  1 1990 210  20313.90  23.4  32.6   3.1  1.42    .0
  1 1990 211  23063.75  23.2  32.8   2.9   .58    .0
  1 1990 212  10872.00  25.0  29.4   3.0   .58  10.6
  1 1990 213  13503.66  21.5  32.4   2.5   .58   5.0
  1 1990 214  11910.49  23.4  29.7   2.9   .58  72.7
  1 1990 215  10886.25  22.5  29.0   2.7   .58   4.2
  1 1990 216  18221.38  22.2  33.0   2.8   .58   7.7
  1 1990 217  22818.82  21.2  33.4   2.5  1.47    .0
  1 1990 218  15834.05  22.5  31.2   2.8  1.56  72.2
  1 1990 219  11248.02  23.0  30.5   2.9  1.58  15.0
  1 1990 220  15276.37  22.8  31.2   3.0  1.58   5.7
  1 1990 221  14593.58  23.3  33.0   2.9  1.53  25.2
  1 1990 222  10914.41  23.3  30.0   2.9  1.31  32.8
  1 1990 223  12531.71  22.8  32.2   2.6  1.31   2.0
  1 1990 224  12074.56  22.0  31.5   2.7  1.44  71.0
  1 1990 225  10345.92  23.8  29.5   2.9  1.36    .0
  1 1990 226  15202.66  22.5  32.5   2.8  1.36  19.2
  1 1990 227  12200.58  22.0  29.8   2.7  1.44   2.1
  1 1990 228  21928.90  23.0  33.0   2.9  1.86    .7
  1 1990 229  17767.82  24.0  32.0   3.0  1.92  59.5
  1 1990 230  10237.08  24.0  29.5   2.9  1.42 130.9
  1 1990 231  10237.53  23.4  25.5   2.8  1.47  40.3
  1 1990 232  15231.01  22.8  32.4   2.8  1.72  68.1
  1 1990 233  13374.94  22.7  31.2   2.8  1.28  29.8
  1 1990 234  11515.96  22.5  31.5   3.0  1.61  53.0
  1 1990 235  11632.21  21.9  28.2   2.7   .58    .0
  1 1990 236  10351.13  22.5  29.0   2.8   .58    .2
  1 1990 237  13028.75  23.5  31.6   2.8   .58   1.3
  1 1990 238  16175.00  23.0  32.0   2.8   .58    .0
  1 1990 239  22005.81  21.6  32.6   2.7   .58    .0
  1 1990 240  14542.23  21.6  31.8   2.8  1.50    .0
  1 1990 241  19325.90  23.2  33.6   2.8  1.48    .2
  1 1990 242  14305.40  23.5  32.7   2.7   .58    .2
  1 1990 243  10331.79  23.2  29.0   2.9   .58    .6
  1 1990 244  19323.31  21.2  33.0   2.8   .58    .1
  1 1990 245  19788.34  22.2  32.5   2.7   .53   7.3
  1 1990 246  19902.12  23.0  32.8   2.8   .53  17.5
  1 1990 247  11363.66  23.0  30.6   2.8  1.36    .2
  1 1990 248  14514.70  22.5  32.4   2.9  1.22   9.0
  1 1990 249  10298.61  24.2  31.5   3.0  1.31  10.3
  1 1990 250  12162.68  24.0  27.8   2.9  1.19  25.3
  1 1990 251  18821.35  22.0  32.2   2.7  1.72  14.1
  1 1990 252  19982.59  23.0  32.4   2.9  2.08    .0
  1 1990 253  19622.60  23.0  33.0   2.8  1.64    .0
  1 1990 254  17157.09  23.3  31.5   2.8  1.78    .0
  1 1990 255  19017.08  22.5  33.0   2.9  1.78    .0
  1 1990 256  13161.11  22.5  32.5   2.9  1.39    .0
  1 1990 257  16538.79  22.0  33.5   2.8  1.75  15.9
  1 1990 258  17110.15  21.4  32.5   2.7  1.53   1.0
  1 1990 259  20716.66  22.5  32.9   2.9  1.53    .0
  1 1990 260  20584.00  22.0  34.0   2.7  1.64   1.6
  1 1990 261  14616.21  23.8  32.2   2.8  1.58  42.3
  1 1990 262  19966.22  24.2  32.3   3.1  1.58   2.4
  1 1990 263  14235.98  24.0  32.2   2.9  1.31    .2
  1 1990 264  14918.90  23.0  32.5   3.0   .53  31.5
  1 1990 265  18627.41  22.6  30.2   2.8   .53   6.1
  1 1990 266  13836.74  21.5  32.5   2.6   .53    .1
  1 1990 267  18469.59  22.5  33.3   2.8   .53    .0
  1 1990 268  20306.46  22.5  33.4   2.7   .53  16.8
  1 1990 269  12852.86  23.6  31.6   2.9  1.47    .0
  1 1990 270  16661.46  22.4  32.4   2.8  1.50   4.6
  1 1990 271  13857.52  23.0  33.0   2.8   .53   1.8
  1 1990 272  15920.40  23.0  32.6   2.9   .53   2.8
  1 1990 273   9882.83  22.6  28.8   2.8   .54    .0
  1 1990 274  19800.59  22.4  33.0   2.9   .54    .0
  1 1990 275  14924.28  22.0  32.4   2.7   .54    .0
  1 1990 276  17896.91  22.7  32.5   2.9  1.67    .0
  1 1990 277  14874.55  22.5  32.5   2.9  1.56   3.3
  1 1990 278  13238.78  22.0  33.0   2.9  1.69    .8
  1 1990 279  17808.75  21.0  32.5   2.5  1.61    .0
  1 1990 280  16286.80  21.6  32.2   2.6  1.67   3.5
  1 1990 281  15455.50  22.4  33.5   2.8  1.42  20.0
  1 1990 282  11994.76  22.5  32.2   3.0  1.36    .2
  1 1990 283  13912.16  23.7  33.6   3.0  1.39  28.3
  1 1990 284  16051.62  22.6  33.5   2.8  1.50  28.2
  1 1990 285  19550.88  22.2  33.5   2.9  1.42    .0
  1 1990 286  19286.05  22.2  33.4   2.9  1.56    .0
  1 1990 287  19248.42  22.2  32.0   3.0  1.64   2.9
  1 1990 288  18756.79  22.5  33.0   3.0  1.67   3.0
  1 1990 289   9664.95  22.9  32.4   2.8  1.44    .6
  1 1990 290  12579.18  22.8  30.5   2.7  1.19    .0
  1 1990 291  14242.48  22.4  33.2   2.8  1.31    .0
  1 1990 292  19615.33  21.7  34.0   2.8  1.44    .0
  1 1990 293  18449.76  23.2  33.8   2.9  1.53   6.2
  1 1990 294  17960.98  22.6  33.6   2.9  1.39    .0
  1 1990 295  17585.48  23.0  34.5   2.9  1.75    .0
  1 1990 296  18440.57  23.0  35.0   2.8  2.08  42.6
  1 1990 297  15498.35  22.0  34.0   2.7  1.22    .8
  1 1990 298  18692.14  21.5  33.3   2.7  1.44   1.2
  1 1990 299  17871.78  21.5  32.6   2.8  1.81   2.1
  1 1990 300   9399.02  23.0  27.5   2.5  2.22  19.7
  1 1990 301   9484.98  22.2  28.5   2.6  1.78    .0
  1 1990 302  16532.86  20.5  32.6   2.3  1.67    .9
  1 1990 303  11199.71  22.8  31.7   2.6   .54    .3
  1 1990 304   9520.04  24.0  30.0   2.6   .54    .0
  1 1990 305  14768.18  22.8  32.0   2.8   .54   1.7
  1 1990 306  12539.72  22.6  32.2   2.9   .54  41.5
  1 1990 307  11742.59  23.7  31.6   3.0   .54   6.7
  1 1990 308  13460.31  23.2  32.5   2.9   .53  15.9
  1 1990 309  13318.42  23.2  31.5   2.9   .53   1.4
  1 1990 310  18289.18  21.5  32.0   2.7   .53    .0
  1 1990 311  13687.73  22.7  32.5   2.9   .53    .0
  1 1990 312  16038.07  21.6  32.6   2.7   .53  27.6
  1 1990 313  11892.10  23.8  32.7   2.8   .53   2.1
  1 1990 314  17689.87  23.3  33.2   2.9   .53    .9
  1 1990 315  10003.53  24.4  30.5   2.9   .53  14.2
  1 1990 316  14815.32  22.2  30.5   2.7   .53   3.2
  1 1990 317  12099.55  23.5  30.3   2.8   .53  18.2
  1 1990 318  10036.92  23.8  30.0   2.9   .53   4.4
  1 1990 319  10226.54  23.0  29.5   3.0   .53  32.4
  1 1990 320   8815.81  23.4  25.8   2.7   .53  19.8
  1 1990 321   8794.66  23.0  30.0   2.8   .53   3.0
  1 1990 322  11855.69  22.4  31.2   2.7   .53    .0
  1 1990 323  19785.62  21.5  31.5   2.6   .53   5.5
  1 1990 324  13604.52  23.0  31.2   2.7   .53   4.6
  1 1990 325  18650.45  23.0  32.0   2.8   .53   7.1
  1 1990 326  18720.01  21.8  31.5   2.7   .53    .0
  1 1990 327  11310.21  20.4  29.5   2.7   .53  31.8
  1 1990 328  12655.20  22.4  29.5   2.7   .53  78.0
  1 1990 329  16831.82  22.0  31.8   2.8   .53  23.8
  1 1990 330  17955.54  22.4  31.5   2.6   .53   6.7
  1 1990 331  12271.63  22.8  30.8   2.9   .53   4.6
  1 1990 332  10577.73  22.8  31.3   2.8   .53   3.7
  1 1990 333  15675.08  21.8  32.5   2.7   .53   1.6
  1 1990 334  19195.52  20.9  33.0   2.3   .53    .0
  1 1990 335  17814.08  21.6  33.0   2.6   .53   5.1
  1 1990 336  11653.55  23.0  31.5   2.8   .55    .0
  1 1990 337  11948.63  21.5  32.0   2.6   .55   8.8
  1 1990 338   9546.27  22.0  30.5   2.8   .55  24.8
  1 1990 339  13368.47  22.7  24.0   2.8   .55 107.6
  1 1990 340  12627.98  21.0  30.2   2.5   .55    .0
  1 1990 341  11889.86  21.5  32.3   2.7   .55    .0
  1 1990 342  14874.69  22.0  31.8   2.6   .55   6.2
  1 1990 343   8458.07  22.2  25.5   2.4   .55  26.3
  1 1990 344   8450.07  20.6  22.4   2.3   .55  37.5
  1 1990 345   8545.93  20.5  25.5   2.5   .55  21.8
  1 1990 346   9982.22  21.3  29.4   2.6   .55   1.7
  1 1990 347  14095.97  20.4  31.5   2.5   .55   3.1
  1 1990 348  12132.09  22.2  31.4   2.6   .55  31.3
  1 1990 349  13773.15  22.8  29.5   2.9   .55  21.5
  1 1990 350   9446.64  23.7  30.4   3.0   .55  43.1
  1 1990 351  15409.83  23.4  30.3   2.7   .55   2.1
  1 1990 352   8927.33  22.2  26.7   2.7   .55  33.5
  1 1990 353   9954.50  21.2  28.3   2.9   .55   1.0
  1 1990 354  17049.80  20.7  30.0   2.6   .55    .0
  1 1990 355  19210.38  18.9  30.6   2.3   .55    .0
  1 1990 356  18698.71  19.8  30.6   2.4   .55    .0
  1 1990 357  10369.76  19.6  30.5   2.2   .55    .7
  1 1990 358  18708.42  17.5  31.8   2.1   .55    .8
  1 1990 359  10994.93  22.3  31.3   2.5   .55    .6
  1 1990 360  12751.09  21.4  31.3   2.5   .55  12.0
  1 1990 361  18322.38  18.4  31.2   2.1   .55    .0
  1 1990 362  19261.76  18.1  31.3   2.2   .55    .0
  1 1990 363  17779.48  21.4  31.4   2.6   .55   1.0
  1 1990 364  16296.59  21.0  31.4   2.5   .55   2.0
  1 1990 365  17447.37  20.3  29.8   5.6   .55  48.1
