*---------------------------------------------------------              
* Station name: Hacienda El Carmen                                      
* Author: Atlantic Zone Project, AUW-MAG-CATIE, Costa Rica              
* Source: IMN, San Jose, Costa Rica                                     
*                                                                       
* Comments: No wind speed data                                          
*           No solar radiation data                                     
*           Check unit of VP                                            
*                                                                       
* Longitude:  83  29 W, latitude:  10  12 N, altitude:  15 m.           
* Column  Daily value                                                   
*    1    station number                                                
*    2    year                                                          
*    3    month                                                         
*    4    day                                                           
*    5    julian date                                                   
*    6    irradiation            (MJ m-2 d-1)                           
*    7    minimum temperature    (degrees Celcius)                      
*    8    maximum temperature    (degrees Celcius)                      
*    9    vapor pressure at 0700 (mbar)                                 
*   10    vapor pressure at 1300 (mbar)                                 
*   11    vapor pressure at 1800 (mbar)                                 
*   12    mean wind speed        (kilometer per hour)                   
*   13    precipitation          (mm d-1)                               
*   14    sunshine hours         (hours)                                
* Missing value: -99                                                    
*---------------------------------------------------------              
*  data converted with WDC for CABO-format
*-------------------------------------------
  83.48  10.20    15.  .00  .00
  1 1988   1  13431.04  22.8  31.5   2.8   .55  17.8
  1 1988   2  14376.73  24.0  31.6   3.1   .55   2.1
  1 1988   3  17915.45  21.3  31.6   2.6   .55   8.9
  1 1988   4  15447.28  22.5  31.5   2.8   .55   5.2
  1 1988   5  10379.11  22.7  31.5   2.6   .55    .9
  1 1988   6  11433.27  21.5  30.5   2.5   .55    .0
  1 1988   7  10825.50  21.0  31.1   2.5   .55    .0
  1 1988   8  18345.96  22.3  32.0   2.7   .55    .4
  1 1988   9  16703.96  22.3  31.7   2.7   .55    .0
  1 1988  10  16626.06  21.5  32.1   2.6   .55    .7
  1 1988  11  12362.47  22.0  30.8   2.7   .55   1.2
  1 1988  12  16891.84  20.7  31.2   2.5   .55    .0
  1 1988  13  18181.62  19.0  31.5   2.0   .55   1.8
  1 1988  14  14428.97  21.5  31.7   2.5   .55    .0
  1 1988  15  19196.65  19.5  31.5   2.4   .55    .0
  1 1988  16  18705.74  18.5  31.0   2.3   .55    .0
  1 1988  17  17896.90  19.6  31.0   2.5   .55    .0
  1 1988  18  17403.63  21.0  31.4   2.5   .55    .0
  1 1988  19  19137.03  19.5  31.5   2.3   .55    .0
  1 1988  20  15988.65  18.0  31.0   2.4   .55    .0
  1 1988  21  13361.38  21.2  31.0   2.7   .55   1.4
  1 1988  22  19366.42  21.0  31.0   2.6   .55    .0
  1 1988  23  15026.20  19.0  30.4   2.2   .55    .5
  1 1988  24  11311.91  21.4  30.4   2.6   .55    .0
  1 1988  25   9514.97  19.0  28.5   2.3   .55   1.0
  1 1988  26  10829.91  18.7  29.4   2.5   .55 100.9
  1 1988  27  10749.52  21.0  26.7   2.4   .55  88.2
  1 1988  28   8941.12  21.4  25.6   2.7   .59 197.1
  1 1988  29   8965.12  20.5  23.6   2.4   .59 132.7
  1 1988  30  17231.52  21.9  30.0   2.5   .59    .0
  1 1988  31  16512.76  18.7  31.0   2.3   .59    .0
  1 1988  32  15028.74  22.6  31.0   2.7   .59   6.4
  1 1988  33  13538.50  22.7  30.8   2.8   .59  12.1
  1 1988  34  13026.35  23.5  29.0   3.0   .59  47.4
  1 1988  35  10429.45  23.0  28.2   2.7   .59   9.8
  1 1988  36  18915.89  21.2  31.0   2.6   .59    .0
  1 1988  37  14339.02  19.6  31.0   2.4   .59   6.5
  1 1988  38  11397.24  21.0  29.5   2.3   .59   4.2
  1 1988  39   9327.25  22.0  26.0   2.7   .59  21.0
  1 1988  40  11569.07  22.6  28.6   2.7   .59  26.9
  1 1988  41  10267.64  23.0  27.7   2.9   .59 116.7
  1 1988  42  13967.07  21.7  30.4   2.6   .59   2.1
  1 1988  43  13668.30  23.0  29.4   2.7   .59   6.4
  1 1988  44  13591.51  20.2  29.0   2.4   .59   7.2
  1 1988  45  14745.60  21.3  31.0   2.5   .59    .3
  1 1988  46  15118.89  21.9  31.6   2.7   .59   6.9
  1 1988  47   9536.04  22.9  27.7   2.7   .59  12.5
  1 1988  48  12264.96  22.0  29.6   2.7   .59    .0
  1 1988  49  14101.63  20.0  31.0   2.6   .59    .0
  1 1988  50  17754.22  20.5  31.2   2.6   .59    .4
  1 1988  51  16889.02  22.7  31.2   2.8   .59    .3
  1 1988  52  10799.06  24.0  29.5   2.9   .59   9.9
  1 1988  53  15374.70  20.6  30.8   2.3   .59   1.7
  1 1988  54  10397.60  20.9  26.7   2.3   .59   1.7
  1 1988  55  11907.10  22.5  31.0   2.6   .59    .0
  1 1988  56  13307.25  20.8  31.8   2.4   .59    .0
  1 1988  57  14711.82  21.3  31.6   2.4   .59    .1
  1 1988  58  10040.76  20.5  25.7   2.3   .59  13.1
  1 1988  59  10294.58  21.3  27.4   2.5   .59    .0
  1 1988  60  10433.75  21.8  29.2   2.5   .59    .0
  1 1988  61  15990.65  19.0  30.5   2.3   .59   2.1
  1 1988  62  11404.83  21.2  30.5   2.5   .59    .0
  1 1988  63  20100.85  20.3  31.8   2.5   .59    .0
  1 1988  64  13537.75  19.9  31.0   2.5   .59  12.8
  1 1988  65   9854.04  23.4  26.5   2.8   .59  12.5
  1 1988  66   9875.13  22.5  25.6   2.7   .59  37.3
  1 1988  67  10709.65  22.2  26.5   2.6   .59  12.1
  1 1988  68  10148.96  20.8  30.0   2.6   .59    .0
  1 1988  69  21824.08  18.3  31.0   2.3   .59    .0
  1 1988  70  20223.93  19.5  31.0   2.5   .59    .0
  1 1988  71  22240.48  19.5  31.8   2.5   .59    .0
  1 1988  72  21102.91  18.3  31.0   2.4   .59    .0
  1 1988  73  12352.67  22.0  30.3   2.8   .59    .0
  1 1988  74  16122.45  23.2  32.1   2.8   .59    .0
  1 1988  75  22009.87  22.3  32.0   2.7   .59   3.7
  1 1988  76  13232.75  22.3  29.5   2.6   .59   5.2
  1 1988  77  13956.66  22.5  30.6   2.6   .59   3.9
  1 1988  78  15504.12  22.4  31.0   2.7   .59    .3
  1 1988  79  13287.72  21.5  31.2   2.5   .59  20.4
  1 1988  80  10125.50  22.0  24.5   2.5   .59  30.2
  1 1988  81  10139.87  20.5  26.0   2.5   .59  32.1
  1 1988  82  13218.96  22.0  29.5   2.9   .59  41.5
  1 1988  83  20783.13  20.6  30.0   2.4   .59  16.0
  1 1988  84  10415.99  21.8  26.5   2.6   .59  10.6
  1 1988  85  12907.78  21.3  29.2   2.5   .59   5.5
  1 1988  86  11385.25  21.8  29.0   2.5   .59    .5
  1 1988  87  23802.47  21.4  31.0   2.5   .59    .0
  1 1988  88  22989.85  19.0  31.5   2.0   .59    .0
  1 1988  89  21584.62  20.2  31.2   2.3   .59    .8
  1 1988  90  21005.34  23.2  32.0   2.8   .59  13.1
  1 1988  91  16995.72  22.9  31.3   2.7   .60   7.8
  1 1988  92  15940.78  22.5  31.0   2.7   .60    .0
  1 1988  93  20797.90  20.5  31.4   2.7   .60    .4
  1 1988  94  20923.81  21.2  31.8   3.0   .60    .0
  1 1988  95  12771.13  20.2  31.5   2.7   .60    .0
  1 1988  96  22827.92  20.5  32.7   2.5   .60   2.6
  1 1988  97  18339.91  23.1  32.0   2.8   .60   1.8
  1 1988  98  15625.57  22.3  32.4   2.6   .60    .0
  1 1988  99  13620.72  21.0  31.0   2.6   .60    .0
  1 1988 100  12561.37  23.4  31.6   2.7   .60    .0
  1 1988 101  14218.32  22.7  31.8   2.7   .60    .0
  1 1988 102  18234.52  22.4  32.0   3.0   .60    .0
  1 1988 103  13632.53  22.7  32.5   2.8   .60   1.6
  1 1988 104  10331.38  23.0  26.5   2.8   .60  69.2
  1 1988 105  10333.89  22.7  27.0   2.8   .60  33.9
  1 1988 106  10453.78  23.0  29.0   2.8   .60    .0
  1 1988 107  20347.29  19.5  31.1   2.6   .60    .0
  1 1988 108  22696.19  20.4  31.4   2.6   .60    .0
  1 1988 109  22100.94  21.8  32.0   2.8   .60    .0
  1 1988 110  21270.59  21.2  32.1   2.7   .60    .0
  1 1988 111  22084.93  21.3  32.5   2.9   .60    .0
  1 1988 112  22310.48  21.6  32.6   2.7   .60    .0
  1 1988 113  21244.95  20.3  32.1   2.6   .60    .0
  1 1988 114  21000.63  21.5  31.6   2.9   .60    .0
  1 1988 115  17477.84  20.8  32.1   2.7   .60    .0
  1 1988 116  21564.01  21.1  32.7   2.5   .60    .0
  1 1988 117  21785.55  22.0  32.6   2.8   .60    .0
  1 1988 118  16401.33  22.3  31.8   2.9   .60    .5
  1 1988 119  21642.31  23.3  33.5   2.7   .51   3.3
  1 1988 120  17898.90  23.7  32.0   2.9   .51    .0
  1 1988 121  15792.33  22.3  32.5   2.9   .51    .0
  1 1988 122  14968.98  22.4  32.5   3.0   .51    .0
  1 1988 123  20305.17  21.8  34.4   2.6   .51    .0
  1 1988 124  19362.03  22.2  34.2   2.4   .51    .0
  1 1988 125  17260.98  22.9  33.4   2.8   .51    .0
  1 1988 126  22229.43  24.4  34.2   3.0   .51  38.2
  1 1988 127  10294.52  23.0  25.0   2.7   .51  14.5
  1 1988 128  10405.07  22.9  27.5   2.9   .51  14.8
  1 1988 129  21482.69  20.5  32.0   2.7   .51   1.1
  1 1988 130  14661.06  23.0  32.5   2.7   .51    .0
  1 1988 131  16032.96  24.0  31.4   3.0   .51  26.7
  1 1988 132  10267.75  23.5  27.0   2.8   .51  53.3
  1 1988 133  12445.71  23.0  31.3   2.9   .51  21.2
  1 1988 134  10256.09  23.7  30.9   2.8   .51   2.9
  1 1988 135  20456.24  20.7  33.5   2.6   .51    .9
  1 1988 136  19064.20  22.5  32.4   2.6   .51    .0
  1 1988 137  16187.75  22.6  33.2   2.9   .51    .0
  1 1988 138  18460.81  22.7  35.0   2.6   .51   2.8
  1 1988 139  18445.52  22.7  34.0   2.8   .51    .0
  1 1988 140  16719.67  23.6  34.0   2.8   .51    .0
  1 1988 141  20579.56  23.0  34.0   3.1   .51    .0
  1 1988 142  19538.04  23.6  33.0   2.8   .51    .1
  1 1988 143  16225.37  23.4  32.3   2.9   .51  11.5
  1 1988 144  10194.43  24.0  30.0   3.0   .51  26.3
  1 1988 145  12683.94  23.8  30.8   3.0   .51   7.6
  1 1988 146  12788.65  24.5  33.2   3.1   .51   1.6
  1 1988 147  10176.17  24.0  27.0   3.0   .51   8.9
  1 1988 148  14807.40  23.0  32.6   2.7   .51  35.1
  1 1988 149  13328.23  23.0  31.9   2.8   .51  10.8
  1 1988 150  13771.12  23.0  31.5   2.9   .51    .0
  1 1988 151  17371.47  22.3  33.5   2.9   .51    .2
  1 1988 152  18937.32  22.3  33.2   2.8   .51    .0
  1 1988 153  17460.80  22.5  33.7   2.7   .51    .0
  1 1988 154  15987.08  22.7  33.0   2.6   .51    .0
  1 1988 155  20586.38  23.2  34.4   2.8   .51    .0
  1 1988 156  21584.56  23.4  33.4   2.9   .51  35.4
  1 1988 157  22132.80  24.0  33.0   3.1   .51    .0
  1 1988 158  18642.73  24.0  33.5   3.0   .51    .0
  1 1988 159  16502.98  22.5  33.0   2.7   .51   6.6
  1 1988 160  14814.49  23.4  31.6   2.7   .51    .0
  1 1988 161  11672.91  23.0  30.5   2.8   .51    .0
  1 1988 162  12227.86  22.2  29.5   2.8   .51    .3
  1 1988 163  13677.27  23.8  32.0   3.0   .51   5.9
  1 1988 164  16578.91  22.7  32.0   2.7   .51    .0
  1 1988 165  14226.51  22.5  32.4   2.7   .51   8.4
  1 1988 166  17126.30  22.9  32.0   2.8   .51  13.4
  1 1988 167  13436.53  23.3  31.0   2.9   .51    .0
  1 1988 168  22028.36  21.0  32.6   2.8   .51    .0
  1 1988 169  16331.76  21.5  32.6   2.7   .51    .8
  1 1988 170  13650.88  24.0  30.8   3.0   .51  26.1
  1 1988 171  13090.95  22.5  32.0   2.9   .51    .5
  1 1988 172  10858.58  22.0  29.4   2.7   .51   4.8
  1 1988 173  22121.25  22.4  33.6   3.0   .51    .0
  1 1988 174  21227.66  23.0  33.0   2.8   .51   2.3
  1 1988 175  12417.37  24.5  32.6   3.1   .51   2.8
  1 1988 176  11636.56  23.7  30.4   2.8   .51  21.2
  1 1988 177  10521.43  23.6  27.1   2.9   .51   5.3
  1 1988 178  11637.11  22.4  30.2   2.7   .51    .4
  1 1988 179  18107.95  21.7  31.7   2.7   .51    .0
  1 1988 180  21122.76  23.3  32.5   2.8   .51    .0
  1 1988 181  19005.91  22.6  32.0   3.0   .51   9.8
  1 1988 182  15772.27  23.5  32.9   2.9   .51    .8
  1 1988 183  14770.53  22.0  33.5   2.6   .51    .0
  1 1988 184  10082.26  23.2  29.8   2.8   .51    .0
  1 1988 185  21482.48  21.0  31.7   2.6   .51    .0
  1 1988 186  11316.07  22.3  28.0   2.9   .51   7.1
  1 1988 187  10536.06  22.3  28.7   2.7   .51   3.2
  1 1988 188  19938.65  21.6  31.9   2.7   .51    .0
  1 1988 189  17931.30  21.5  31.6   2.6   .51    .0
  1 1988 190  10993.09  22.1  28.9   2.7   .51   2.4
  1 1988 191  17834.35  21.9  33.2   2.7   .51   2.1
  1 1988 192  12234.36  23.3  31.2   2.8   .51  18.8
  1 1988 193  19085.63  22.0  32.6   2.8   .51    .2
  1 1988 194  14939.78  22.5  31.7   2.6   .51    .9
  1 1988 195  16857.65  23.5  32.0   2.9   .51    .0
  1 1988 196  15291.83  22.6  32.5   2.8   .51    .6
  1 1988 197  16763.09  22.5  32.0   2.7   .51   6.5
  1 1988 198  17110.38  21.6  32.5   2.8   .51    .0
  1 1988 199  21630.00  21.5  32.6   2.7   .51    .0
  1 1988 200  12955.31  23.7  31.5   2.9   .51   3.9
  1 1988 201  12058.57  22.5  30.0   2.8   .51    .6
  1 1988 202  18394.48  21.9  32.5   2.7   .51  37.5
  1 1988 203  10147.50  22.2  28.4   2.6   .51   6.1
  1 1988 204  10265.21  22.6  26.0   2.8   .51   8.5
  1 1988 205  10269.80  21.7  27.9   3.6   .51  53.0
  1 1988 206  10160.96  23.2  28.2   2.8   .51  76.7
  1 1988 207  10165.46  23.0  27.8   2.8   .51   5.9
  1 1988 208  14943.63  21.8  31.6   2.4   .51  11.1
  1 1988 209  10743.22  23.5  29.0   3.0   .51    .1
  1 1988 210  15758.79  22.9  31.5   2.8   .58   7.5
  1 1988 211  15882.52  22.2  31.6   2.7   .58    .5
  1 1988 212  10757.90  22.5  28.2   2.6   .58    .4
  1 1988 213  18072.01  22.8  32.0   2.8   .58   2.8
  1 1988 214  17740.79  22.6  32.1   2.7   .58   2.9
  1 1988 215  16722.21  23.0  33.3   2.7   .58    .0
  1 1988 216  13296.13  22.5  30.5   2.6   .58   1.3
  1 1988 217  10321.89  22.8  28.0   2.8   .58  61.8
  1 1988 218  17325.93  23.0  31.8   2.9   .58  30.0
  1 1988 219  18369.87  23.2  33.6   2.9   .58    .0
  1 1988 220  12401.97  23.2  30.5   2.8   .58   3.7
  1 1988 221  12176.86  23.1  29.5   2.9   .58   5.8
  1 1988 222  12411.84  22.0  30.5   2.6   .58  26.6
  1 1988 223  10917.64  23.0  30.5   2.9   .58    .0
  1 1988 224  13690.04  22.5  30.6   2.9   .58  30.8
  1 1988 225  19354.28  21.5  33.0   2.8   .58    .0
  1 1988 226  16474.15  23.5  32.5   2.9   .58    .0
  1 1988 227  20298.54  22.4  32.5   2.9   .58    .0
  1 1988 228  18455.54  22.3  33.2   2.9   .58    .0
  1 1988 229  17072.61  23.6  32.5   2.8   .58    .0
  1 1988 230  21368.98  22.1  33.0   2.6   .58    .0
  1 1988 231  18012.37  23.6  33.0   3.0   .58    .0
  1 1988 232  20688.87  21.6  32.5   2.7   .58    .0
  1 1988 233  20347.17  21.8  32.8   2.7   .58    .0
  1 1988 234  14888.07  22.4  32.6   2.6   .58    .0
  1 1988 235  20707.68  22.2  33.0   2.7   .58   2.0
  1 1988 236  15124.40  23.0  33.7   2.9   .58  80.9
  1 1988 237  16872.80  22.2  32.0   2.8   .58  11.4
  1 1988 238  14426.78  22.8  32.5   2.8   .58   1.8
  1 1988 239  14892.87  22.2  32.4   2.8   .58  23.8
  1 1988 240  18158.66  23.6  33.0   3.0   .58    .0
  1 1988 241  13957.31  22.8  31.3   2.8   .58  14.7
  1 1988 242  13254.62  22.0  32.1   2.8   .58    .0
  1 1988 243  13835.62  22.4  33.0   2.8   .58   1.0
  1 1988 244  17921.35  21.6  32.6   2.7   .58   9.7
  1 1988 245  13010.34  22.0  31.7   2.8   .53   4.2
  1 1988 246  16629.22  23.0  32.3   2.9   .53  30.9
  1 1988 247  16390.85  22.4  32.6   2.8   .53    .0
  1 1988 248  17437.92  22.8  33.1   2.8   .53    .0
  1 1988 249  14040.73  23.0  32.4   2.8   .53    .0
  1 1988 250  10174.55  23.0  30.0   2.8   .53    .0
  1 1988 251  17885.74  23.7  34.5   2.9   .53  23.9
  1 1988 252  17877.52  22.1  33.5   2.9   .53    .2
  1 1988 253  15295.80  22.3  32.0   2.7   .53  10.0
  1 1988 254  15286.25  23.0  32.3   2.9   .53   3.5
  1 1988 255  15977.45  22.5  32.6   2.7   .53   4.3
  1 1988 256  16083.24  23.2  33.2   2.9   .53  69.4
  1 1988 257  12448.83  23.3  30.5   2.9   .53   1.2
  1 1988 258  10217.68  24.0  30.0   2.9   .53   3.2
  1 1988 259  15344.71  22.0  32.5   2.9   .53    .1
  1 1988 260  18015.81  23.7  32.5   3.0   .53    .7
  1 1988 261  13566.04  23.0  32.0   2.8   .53  66.5
  1 1988 262  13668.25  21.5  31.5   2.7   .53    .0
  1 1988 263  10622.39  22.5  30.2   2.7   .53   6.0
  1 1988 264  17714.91  23.2  32.1   2.9   .53   8.7
  1 1988 265  18394.56  22.2  32.9   2.8   .53   2.9
  1 1988 266  17792.62  21.6  32.2   2.7   .53    .0
  1 1988 267  21376.24  23.7  32.6   2.9   .53   1.1
  1 1988 268  18563.80  24.3  32.8   2.9   .53    .0
  1 1988 269  11459.87  24.0  29.6   3.1   .53   5.9
  1 1988 270  10978.29  23.4  29.4   2.9   .53   6.7
  1 1988 271  11076.44  23.2  29.4   2.8   .53    .1
  1 1988 272  19161.90  21.6  33.0   2.8   .53    .7
  1 1988 273  12889.81  22.4  30.0   2.9   .54    .0
  1 1988 274  16103.55  22.8  32.0   2.9   .54   2.7
  1 1988 275  11462.06  22.5  29.3   2.7   .54   6.2
  1 1988 276  19395.50  22.6  33.0   2.7   .54   6.1
  1 1988 277  14874.55  23.3  31.4   2.9   .54   8.6
  1 1988 278  16573.82  23.5  32.5   3.0   .54    .9
  1 1988 279  12525.35  23.6  31.0   2.9   .54  22.5
  1 1988 280  17089.75  23.0  33.0   2.9   .54  41.8
  1 1988 281  11560.70  22.7  29.9   2.8   .54    .1
  1 1988 282  14854.63  23.5  31.8   2.9   .54    .0
  1 1988 283  15854.11  22.5  32.5   2.9   .54  25.7
  1 1988 284  13314.06  23.6  32.7   3.0   .54   3.6
  1 1988 285  18298.04  23.0  32.4   2.9   .54   2.9
  1 1988 286  14737.27  21.8  31.4   2.8   .54  11.9
  1 1988 287  10732.84  22.5  30.6   2.8   .54    .1
  1 1988 288  15129.31  22.6  30.5   2.8   .54    .5
  1 1988 289  18945.15  21.2  31.4   2.6   .54  23.6
  1 1988 290  10319.50  22.5  27.6   2.7   .54  16.2
  1 1988 291   9956.40  23.0  30.2   2.7   .54   3.0
  1 1988 292   9594.25  24.0  28.4   2.8   .54 116.2
  1 1988 293   9457.91  22.4  28.5   2.6   .54  58.3
  1 1988 294  14819.46  22.1  32.1   2.8   .54    .0
  1 1988 295   9521.93  23.3  27.5   2.7   .54    .2
  1 1988 296  14751.57  24.0  27.8   2.7   .54  18.3
  1 1988 297  17116.26  21.5  31.6   2.8   .54   2.2
  1 1988 298  19471.73  23.3  32.4   3.0   .54    .0
  1 1988 299  19539.15  22.5  33.2   3.0   .54    .0
  1 1988 300  14502.48  22.3  32.6   2.8   .54    .0
  1 1988 301  14578.56  21.2  32.0   2.8   .54   4.2
  1 1988 302  19295.71  23.1  32.0   2.7   .54    .0
  1 1988 303  20244.05  20.4  32.0   2.9   .54    .0
  1 1988 304  17445.73  20.6  32.8   2.9   .54    .0
  1 1988 305  17844.28  21.0  30.8   2.6   .54    .0
  1 1988 306  12868.65  21.3  31.2   2.6   .54    .0
  1 1988 307  13821.62  22.3  31.5   2.8   .54  13.5
  1 1988 308  18374.49  21.5  32.5   2.7   .53    .0
  1 1988 309  19530.58  21.0  33.6   2.8   .53    .0
  1 1988 310  14047.25  23.2  34.0   2.9   .53   1.4
  1 1988 311  17486.98  22.5  33.4   2.8   .53    .2
  1 1988 312  10404.73  23.2  31.4   2.8   .53  10.2
  1 1988 313   8972.91  22.7  28.0   2.6   .53   8.0
  1 1988 314  11755.15  23.3  30.0   3.0   .53  11.0
  1 1988 315  15711.19  22.4  31.2   2.9   .53    .1
  1 1988 316  17609.83  21.6  32.4   2.7   .53  11.8
  1 1988 317  10490.46  23.4  30.5   2.8   .53  22.7
  1 1988 318   8859.18  23.4  25.5   2.8   .53  46.9
  1 1988 319  15569.69  20.4  31.8   2.5   .53    .1
  1 1988 320   8815.81  21.8  26.0   2.6   .53   5.8
  1 1988 321  11136.87  22.0  28.8   2.7   .53    .0
  1 1988 322  16000.20  21.6  31.0   2.6   .53   4.3
  1 1988 323  18406.61  20.2  32.9   2.7   .53    .0
  1 1988 324  18157.79  23.5  33.5   2.8   .53    .0
  1 1988 325  17064.85  22.2  32.0   2.7   .53    .0
  1 1988 326  16187.38  23.2  32.8   2.8   .53   9.7
  1 1988 327  12153.02  23.0  31.2   2.8   .53  18.2
  1 1988 328   9184.28  21.0  29.0   2.4   .53  10.1
  1 1988 329  14731.57  21.0  31.5   2.5   .53    .0
  1 1988 330  14810.01  21.0  31.0   2.5   .53    .1
  1 1988 331  17506.35  19.2  30.7   2.5   .53    .0
  1 1988 332  14968.53  21.3  31.6   2.7   .53    .0
  1 1988 333   9620.06  22.7  30.1   2.8   .53   4.9
  1 1988 334   8561.36  23.3  25.9   2.7   .53  23.1
  1 1988 335   8547.25  22.0  24.3   2.7   .53  39.6
  1 1988 336  15605.28  20.0  31.2   2.4   .55  21.7
  1 1988 337   8520.92  22.0  25.5   2.6   .55  33.7
  1 1988 338   8508.73  22.0  26.7   2.5   .55  14.4
  1 1988 339  12228.38  20.6  30.5   2.7   .55    .6
  1 1988 340  13974.00  21.6  29.9   2.6   .55   7.2
  1 1988 341  13338.07  21.5  29.8   2.6   .55   8.9
  1 1988 342   9810.38  21.0  29.2   2.6   .55   1.8
  1 1988 343  14447.73  21.0  30.0   2.5   .55   1.1
  1 1988 344  10926.72  20.7  29.8   2.4   .55    .0
  1 1988 345  18342.79  20.5  31.5   2.7   .55    .0
  1 1988 346  12661.86  20.0  30.4   2.4   .55   9.5
  1 1988 347   8636.52  22.6  28.0   2.7   .55  24.5
  1 1988 348   8528.45  21.8  24.9   2.6   .55 160.5
  1 1988 349  14596.53  21.8  30.0   2.8   .55    .8
  1 1988 350  14179.55  21.0  30.5   2.6   .55  18.4
  1 1988 351   8415.03  21.5  25.0   2.5   .55  25.5
  1 1988 352  10058.65  21.0  26.5   2.5   .55  15.6
  1 1988 353   8514.77  21.8  26.0   2.6   .55  69.7
  1 1988 354   9851.26  21.0  29.0   2.2   .55  26.9
  1 1988 355  13862.59  20.0  28.6   2.4   .55  12.5
  1 1988 356  17361.58  21.2  31.0   2.6   .55    .0
  1 1988 357  13661.82  23.0  29.6   2.8   .55   3.1
  1 1988 358  15312.53  22.0  30.6   2.7   .55    .0
  1 1988 359  17686.17  20.8  30.0   2.6   .55  17.9
  1 1988 360  10073.45  21.8  28.4   2.6   .55    .4
  1 1988 361  15746.43  19.5  30.0   2.4   .55    .0
  1 1988 362  16168.86  21.0  30.5   2.5   .55    .2
  1 1988 363  13601.36  19.5  30.0   2.4   .55   1.8
  1 1988 364   8450.55  21.5  27.4   2.7   .55   7.4
  1 1988 365  10421.71  21.5  28.5   2.7   .55   6.4
  1 1988 366  12500.38  21.5  29.5   2.6   .55    .4
