*---------------------------------------------------------              
* Station name: Hacienda El Carmen                                      
* Author: Atlantic Zone Project, AUW-MAG-CATIE, Costa Rica              
* Source: IMN, San Jose, Costa Rica                                     
*                                                                       
* Comments: No wind speed data                                          
*           No solar radiation data                                     
*           Check unit of vapor pressure                                
*                                                                       
* Longitude:  83  29 W, latitude:  10  12 N, altitude:  15 m.           
* Column  Daily value                                                   
*    1    station number                                                
*    2    year                                                          
*    3    month                                                         
*    4    day                                                           
*    5    julian date                                                   
*    6    irradiation            (MJ m-2 d-1)                           
*    7    minimum temperature    (degrees Celcius)                      
*    8    maximum temperature    (degrees Celcius)                      
*    9    vapor pressure at 0700 (mbar)                                 
*   10    vapor pressure at 1300 (mbar)                                 
*   11    vapor pressure at 1800 (mbar)                                 
*   12    mean wind speed        (kilometer per hour)                   
*   13    precipitation          (mm d-1)                               
*   14    sunshine hours         (hours)                                
* Missing value: -99                                                    
*---------------------------------------------------------              
*  data converted with WDC for CABO-format
*-------------------------------------------
  83.48  10.20    15.  .00  .00
  1 1987   1  15499.18  20.0  32.5   2.7   .55   2.7
  1 1987   2  11375.16  19.0  30.0   2.3   .55  35.4
  1 1987   3  13978.46  20.5  30.5   2.6   .55   2.3
  1 1987   4  15862.14  17.6  33.2   2.4   .55    .0
  1 1987   5   8510.16  18.6  24.6   2.2   .55  34.2
  1 1987   6   8626.54  19.6  25.7   2.4   .55    .0
  1 1987   7  10825.50  18.2  29.5   2.3   .55    .0
  1 1987   8  17720.65  18.5  31.0   2.2   .55    .0
  1 1987   9  11799.04  18.4  30.6   2.4   .55    .4
  1 1987  10  17984.67  20.6  31.0   2.5   .55   6.2
  1 1987  11   9536.60  22.0  29.5   2.6   .55    .0
  1 1987  12  13956.84  18.9  30.5   2.2   .55   9.4
  1 1987  13  12932.30  20.0  31.0   2.6   .55    .0
  1 1987  14  18424.94  18.7  30.5   2.4   .55   1.8
  1 1987  15  14351.35  19.8  30.5   2.5   .55    .0
  1 1987  16   9631.61  18.8  30.7   2.5   .55    .0
  1 1987  17  17474.10  18.7  32.5   2.3   .55    .0
  1 1987  18  18250.73  19.6  31.5   2.4   .55    .1
  1 1987  19  17121.45  21.3  33.0   2.6   .55    .1
  1 1987  20  11843.67  21.8  31.1   2.7   .55  89.0
  1 1987  21  14213.26  21.5  30.5   2.6   .55    .0
  1 1987  22  18726.28  18.0  32.0   2.2   .55    .0
  1 1987  23  10429.49  20.5  26.5   2.5   .55  28.4
  1 1987  24   9062.52  19.4  27.5   2.3   .55   2.4
  1 1987  25  13378.83  21.0  31.0   2.7   .55    .3
  1 1987  26  12443.15  20.4  31.5   2.7   .55  10.0
  1 1987  27  10426.21  19.8  26.5   2.5   .55 106.9
  1 1987  28   8941.12  20.5  22.6   2.5   .59  70.0
  1 1987  29  16324.14  20.4  31.0   2.6   .59    .2
  1 1987  30  13218.91  19.5  29.5   2.3   .59   1.5
  1 1987  31  19012.38  19.6  30.5   2.5   .59    .2
  1 1987  32  13721.82  20.5  30.0   2.4   .59    .0
  1 1987  33  17904.22  18.0  30.5   2.3   .59    .0
  1 1987  34  19042.07  19.0  32.0   2.5   .59    .0
  1 1987  35  11854.40  21.5  30.0   2.7   .59   3.9
  1 1987  36  13313.74  21.5  31.7   2.8   .59    .0
  1 1987  37  17751.54  20.4  31.2   2.6   .59    .0
  1 1987  38  16030.54  21.7  31.0   2.8   .59    .0
  1 1987  39   9216.69  18.5  26.0   2.4   .59  17.2
  1 1987  40   9242.55  18.5  26.0   2.1   .59  14.7
  1 1987  41   9268.45  18.7  25.0   2.3   .59   5.1
  1 1987  42   9405.63  19.5  28.0   2.2   .59    .0
  1 1987  43  10435.17  21.0  28.6   2.5   .59  17.0
  1 1987  44   9346.21  21.6  26.2   2.8   .59  23.3
  1 1987  45  15753.13  20.6  30.0   2.4   .59    .0
  1 1987  46  18372.01  20.5  30.6   2.6   .59    .0
  1 1987  47  20101.89  19.0  33.0   2.5   .59    .0
  1 1987  48  19585.71  21.5  32.0   3.0   .59    .0
  1 1987  49  18051.34  20.2  31.0   2.6   .59    .0
  1 1987  50  18884.90  21.0  31.0   2.7   .59    .0
  1 1987  51  17568.73  21.0  30.5   2.5   .59    .0
  1 1987  52  11707.05  20.0  31.3   2.4   .59    .0
  1 1987  53   9802.89  21.0  28.5   2.8   .59   6.0
  1 1987  54  11422.86  22.0  28.5   2.9   .59    .0
  1 1987  55  14189.56  21.0  29.0   2.6   .59    .5
  1 1987  56  16279.67  20.0  31.0   2.4   .59   5.6
  1 1987  57   9787.41  22.5  28.6   2.8   .59  18.0
  1 1987  58   9926.05  22.2  28.5   2.8   .59   6.4
  1 1987  59  17073.92  21.5  29.6   2.9   .59    .0
  1 1987  60  12045.00  22.6  30.5   2.9   .59    .0
  1 1987  61  15414.30  22.3  31.5   2.7   .59    .0
  1 1987  62  11635.72  21.5  30.6   2.9   .59    .5
  1 1987  63  10041.99  20.2  29.2   2.5   .59   2.1
  1 1987  64  10874.66  20.7  30.5   2.7   .59    .3
  1 1987  65  10665.69  21.4  30.5   2.7   .59    .0
  1 1987  66  12313.38  21.9  32.0   2.6   .59  12.4
  1 1987  67  11174.69  22.0  30.5   2.7   .59    .0
  1 1987  68  10381.77  21.8  30.8   2.7   .59    .0
  1 1987  69  21824.08  18.8  31.5   2.5   .59    .0
  1 1987  70  21507.48  20.5  31.5   2.6   .59   6.9
  1 1987  71  10441.85  20.5  30.0   2.6   .59   1.1
  1 1987  72  20401.24  20.2  30.9   2.6   .59    .0
  1 1987  73  17035.27  16.2  31.0   1.8   .59    .0
  1 1987  74  19286.31  19.5  31.0   2.4   .59    .0
  1 1987  75  20485.11  23.0  32.5   2.5   .59    .0
  1 1987  76  21450.28  21.0  33.0   2.6   .59    .0
  1 1987  77  21241.11  22.2  33.0   2.8   .59    .0
  1 1987  78  15739.29  22.6  32.5   2.8   .59    .0
  1 1987  79  18465.18  22.5  32.6   2.7   .59    .0
  1 1987  80  15777.50  24.8  32.0   3.0   .59    .0
  1 1987  81  11435.94  24.2  31.0   3.1   .59    .0
  1 1987  82  19820.97  21.5  34.0   2.9   .59    .0
  1 1987  83  13351.91  23.5  33.4   3.1   .59    .0
  1 1987  84  16906.69  23.0  34.0   3.1   .59    .2
  1 1987  85  13498.10  24.0  31.7   3.1   .59   1.2
  1 1987  86  17881.22  23.5  33.0   2.7   .59    .0
  1 1987  87  20730.64  23.0  32.7   2.9   .59    .0
  1 1987  88  12117.22  22.7  30.5   2.8   .59   2.4
  1 1987  89  16147.05  22.8  32.0   2.8   .59    .0
  1 1987  90  21951.17  22.5  35.2   2.8   .59  60.5
  1 1987  91  10255.75  19.0  27.5   2.1   .60  61.6
  1 1987  92  10382.79  18.5  26.5   2.2   .60   1.8
  1 1987  93  10272.81  19.6  28.6   2.7   .60   9.8
  1 1987  94  10280.58  21.6  30.5   2.8   .60  32.5
  1 1987  95  13480.63  21.5  28.6   2.7   .60  53.6
  1 1987  96  10412.86  21.5  29.5   2.7   .60   7.9
  1 1987  97  11601.33  22.2  25.5   2.9   .60  44.8
  1 1987  98  10306.69  21.6  31.5   2.8   .60    .3
  1 1987  99  18465.64  22.4  30.5   2.7   .60   8.7
  1 1987 100  10316.81  21.6  25.5   2.6   .60   8.8
  1 1987 101  10321.15  20.5  30.6   2.7   .60   3.3
  1 1987 102  14456.85  21.5  30.0   2.7   .60  39.0
  1 1987 103  11154.46  22.0  31.6   2.9   .60   2.0
  1 1987 104  17880.17  23.5  31.6   3.1   .60  48.9
  1 1987 105  16582.14  23.5  31.0   3.1   .60   2.6
  1 1987 106  14695.61  20.5  32.0   2.7   .60    .0
  1 1987 107  21760.42  20.0  32.2   2.7   .60    .0
  1 1987 108  20695.47  19.9  32.0   2.6   .60    .0
  1 1987 109  22806.63  19.6  32.2   2.7   .60    .0
  1 1987 110  22445.93  20.5  32.5   2.4   .60  33.2
  1 1987 111  14450.67  24.8  30.6   3.0   .60  17.7
  1 1987 112  10808.96  23.0  28.8   2.8   .60   7.7
  1 1987 113  10456.00  21.5  29.0   2.7   .60   1.9
  1 1987 114  10571.92  19.7  26.7   2.4   .60   3.5
  1 1987 115  10453.14  21.5  30.3   2.6   .60   1.5
  1 1987 116  11270.02  21.4  27.0   2.5   .60   1.1
  1 1987 117  10332.02  21.5  27.5   2.5   .60   1.6
  1 1987 118  10329.51  21.0  31.0   2.3   .60    .0
  1 1987 119  11843.22  21.0  27.0   2.5   .51    .5
  1 1987 120  10323.58  21.6  27.5   2.6   .51   6.8
  1 1987 121  10320.18  20.7  28.4   2.7   .51   3.3
  1 1987 122  19621.45  20.2  32.0   2.7   .51    .0
  1 1987 123  19840.39  21.4  32.5   2.8   .51    .7
  1 1987 124  18433.45  22.0  32.5   2.8   .51    .0
  1 1987 125  13202.73  22.5  31.6   2.9   .51   8.0
  1 1987 126  18407.17  21.0  32.0   2.7   .51    .0
  1 1987 127  22443.11  22.4  32.5   2.9   .51    .0
  1 1987 128  21731.38  20.4  32.3   2.6   .51   1.2
  1 1987 129  10284.29  21.5  28.0   2.7   .51   4.6
  1 1987 130  11432.12  22.2  30.5   3.0   .51  19.2
  1 1987 131  10503.79  22.8  28.5   3.0   .51  17.7
  1 1987 132  20968.55  22.7  31.6   2.9   .51   1.0
  1 1987 133  19456.64  22.2  31.7   2.9   .51   7.0
  1 1987 134  10370.89  22.8  28.0   2.9   .51  15.9
  1 1987 135  10250.11  23.4  25.8   2.9   .51  51.1
  1 1987 136  10358.60  22.0  27.1   2.9   .51   9.0
  1 1987 137  21107.78  22.5  32.5   2.9   .51    .0
  1 1987 138  22003.88  22.3  32.5   2.7   .51    .0
  1 1987 139  14678.04  22.5  32.6   2.8   .51   1.1
  1 1987 140  10789.53  23.0  31.5   2.9   .51   2.1
  1 1987 141  10327.00  23.5  28.0   3.1   .51  34.3
  1 1987 142  10434.43  22.8  28.5   3.0   .51  17.9
  1 1987 143  12474.11  21.5  31.5   2.8   .51    .5
  1 1987 144  16099.32  21.5  32.5   2.8   .51    .2
  1 1987 145  16881.17  20.2  32.2   2.6   .51   1.1
  1 1987 146  21061.30  22.0  32.7   2.9   .51    .0
  1 1987 147  17195.29  21.7  33.0   2.7   .51    .0
  1 1987 148  22045.91  21.1  32.8   2.9   .51    .0
  1 1987 149  22028.80  21.0  33.0   2.6   .51   6.1
  1 1987 150  11174.65  24.0  32.0   3.1   .51   1.5
  1 1987 151  17822.62  22.5  33.0   2.9   .51    .0
  1 1987 152  16796.21  23.2  34.0   2.9   .51    .0
  1 1987 153  12394.05  23.5  33.0   3.0   .51   1.7
  1 1987 154  17449.61  23.3  33.5   3.0   .51   5.0
  1 1987 155  10131.91  23.4  26.0   2.9   .51  24.6
  1 1987 156  14170.86  22.5  33.2   3.0   .51    .0
  1 1987 157  12704.01  22.0  32.4   2.8   .51    .0
  1 1987 158  13146.39  22.4  32.2   3.1   .51    .0
  1 1987 159  13700.57  22.5  31.6   3.1   .51    .0
  1 1987 160  19519.62  22.3  34.0   2.9   .51    .4
  1 1987 161  14024.10  23.5  33.5   2.9   .51    .0
  1 1987 162  11444.56  23.2  33.4   3.0   .51    .0
  1 1987 163  13900.96  23.6  32.5   3.0   .51  29.0
  1 1987 164  13113.39  22.6  30.5   2.8   .51  14.3
  1 1987 165  13332.57  22.3  33.0   2.8   .51  16.0
  1 1987 166  12323.24  22.8  30.0   3.0   .51  33.5
  1 1987 167  16674.67  21.6  32.0   2.9   .51  16.3
  1 1987 168  12875.08  23.0  31.5   3.0   .51   6.2
  1 1987 169  12202.73  22.0  32.2   3.0   .51    .0
  1 1987 170  20121.95  21.4  33.7   2.7   .51   3.0
  1 1987 171  17887.58  24.0  33.0   3.2   .51    .0
  1 1987 172  14985.32  22.5  32.6   2.9   .51    .0
  1 1987 173  18441.01  23.2  33.5   3.1   .51    .0
  1 1987 174  20335.53  22.6  33.5   2.9   .51  11.8
  1 1987 175  10075.57  23.0  31.0   3.1   .51   2.0
  1 1987 176  16208.76  21.5  34.0   2.4   .51    .0
  1 1987 177  13086.49  23.0  32.7   3.0   .51    .0
  1 1987 178  10856.35  23.0  29.7   2.9   .51    .0
  1 1987 179  17996.40  22.0  32.8   2.9   .51    .8
  1 1987 180  10634.73  22.7  30.5   3.0   .51  13.2
  1 1987 181  10077.86  22.8  29.4   3.0   .51   5.3
  1 1987 182  12758.24  20.0  32.2   2.6   .51    .0
  1 1987 183  20912.14  21.8  32.8   3.0   .51  38.7
  1 1987 184  18795.23  22.0  33.0   2.9   .51   8.3
  1 1987 185  11089.92  23.5  28.5   3.1   .51   4.8
  1 1987 186  10421.71  22.5  31.0   3.0   .51    .0
  1 1987 187  11878.22  23.5  31.5   3.0   .51   1.2
  1 1987 188  11098.34  22.2  30.0   2.9   .51   3.4
  1 1987 189  10877.70  22.0  28.5   2.9   .51  49.0
  1 1987 190  12337.40  21.5  31.0   2.8   .51    .0
  1 1987 191  11108.83  23.0  30.7   3.1   .51  49.1
  1 1987 192  13468.15  23.1  33.0   3.0   .51   1.4
  1 1987 193  14147.22  22.6  33.0   2.9   .51    .0
  1 1987 194  15276.72  23.6  32.0   3.0   .51   7.7
  1 1987 195  10114.02  23.2  29.4   2.9   .51  48.1
  1 1987 196  14841.92  22.5  31.8   2.9   .51   1.3
  1 1987 197  10572.10  22.6  30.6   2.9   .51   3.6
  1 1987 198  11477.75  22.7  32.0   3.0   .51   4.2
  1 1987 199  10581.07  23.0  30.5   3.0   .51  28.4
  1 1987 200  14083.69  22.0  32.0   2.9   .51  35.4
  1 1987 201  16237.15  23.0  32.0   3.0   .51    .2
  1 1987 202  10143.07  22.4  26.5   2.9   .51  13.6
  1 1987 203  18406.25  21.0  32.0   2.9   .51  42.7
  1 1987 204  12416.69  22.7  33.0   3.1   .51   1.4
  1 1987 205  12423.26  22.5  31.0   3.0   .51   1.7
  1 1987 206  12089.53  23.0  31.0   3.0   .51    .9
  1 1987 207  10619.66  21.5  29.5   2.7   .51   2.1
  1 1987 208  10169.93  22.5  30.0   3.0   .51    .6
  1 1987 209  17569.31  21.2  31.5   2.7   .51    .0
  1 1987 210  15075.52  21.0  32.5   2.9   .58    .2
  1 1987 211  19302.15  21.0  33.0   2.8   .58   2.8
  1 1987 212  10187.41  23.0  28.0   3.0   .58   3.3
  1 1987 213  11562.10  22.5  30.5   2.9   .58  24.5
  1 1987 214  10424.33  22.5  30.0   2.9   .58  12.0
  1 1987 215  12831.57  22.6  32.0   3.0   .58  16.3
  1 1987 216  20168.58  21.8  33.0   3.0   .58    .0
  1 1987 217  19379.30  20.5  33.5   2.7   .58  17.7
  1 1987 218  16981.65  22.0  33.5   3.0   .58  18.1
  1 1987 219  22275.39  21.5  33.4   2.6   .58    .0
  1 1987 220  10677.33  22.3  29.0   2.8   .58   3.7
  1 1987 221  11716.53  22.6  28.5   2.9   .58   3.9
  1 1987 222  14485.21  23.0  32.0   2.8   .58   6.1
  1 1987 223  10571.77  24.0  30.5   2.9   .58    .2
  1 1987 224  15997.88  21.7  32.5   2.8   .58    .4
  1 1987 225  10230.42  23.2  28.6   2.9   .58   8.7
  1 1987 226  14971.48  22.4  31.5   2.9   .58    .0
  1 1987 227  19373.06  22.6  33.0   2.7   .58  16.5
  1 1987 228  11277.28  24.5  30.2   3.0   .58  98.5
  1 1987 229  13480.67  23.7  31.5   2.9   .58  20.0
  1 1987 230  12904.10  22.0  29.4   2.8   .58   3.3
  1 1987 231  11281.91  22.5  32.0   2.9   .58    .0
  1 1987 232  13605.27  23.8  32.0   3.0   .58  62.6
  1 1987 233  14420.78  23.8  31.8   3.0   .58  10.6
  1 1987 234  13027.60  23.5  31.5   2.9   .58  16.2
  1 1987 235  10352.33  23.5  29.5   2.8   .58   1.5
  1 1987 236  14076.61  23.5  32.5   3.1   .58   2.0
  1 1987 237  13844.15  24.0  33.0   3.0   .58    .0
  1 1987 238  10347.60  24.5  30.5   3.0   .58   4.4
  1 1987 239  13726.82  23.2  32.4   2.9   .58    .6
  1 1987 240  10342.51  23.5  29.0   2.9   .58    .7
  1 1987 241  10222.65  21.5  29.5   2.6   .58   3.8
  1 1987 242  11036.30  22.0  31.8   2.6   .58  11.1
  1 1987 243  12317.29  21.4  32.5   2.7   .58  17.8
  1 1987 244  11495.67  23.6  29.4   2.9   .58  68.8
  1 1987 245  10205.65  23.0  28.0   2.9   .53   1.6
  1 1987 246  13122.55  22.7  31.6   2.8   .53   1.5
  1 1987 247  19079.81  22.0  33.4   2.9   .53    .0
  1 1987 248  14514.70  21.0  32.5   3.1   .53    .0
  1 1987 249  21524.97  21.7  32.5   2.8   .53    .0
  1 1987 250  19998.24  23.5  33.5   3.1   .53    .0
  1 1987 251  16248.43  24.5  33.0   3.0   .53    .0
  1 1987 252  16240.24  23.5  33.2   2.9   .53    .1
  1 1987 253  17283.79  23.0  33.5   2.8   .53    .0
  1 1987 254  15987.82  23.0  33.3   2.9   .53    .0
  1 1987 255  17146.54  23.0  33.0   2.7   .53  12.7
  1 1987 256  10122.09  24.1  27.5   3.1   .53  20.9
  1 1987 257  11747.70  23.0  32.0   2.9   .53   7.8
  1 1987 258  13138.22  22.1  31.0   2.7   .53  11.2
  1 1987 259  12191.60  22.4  31.5   2.9   .53   2.5
  1 1987 260  17548.86  22.1  32.5   2.9   .53    .0
  1 1987 261  17183.29  23.8  33.0   2.9   .53    .0
  1 1987 262  18450.04  23.6  33.4   3.0   .53    .0
  1 1987 263  16101.06  23.5  33.8   2.9   .53   7.7
  1 1987 264  10608.40  22.9  29.3   2.7   .53    .1
  1 1987 265  14203.17  23.2  33.0   2.7   .53    .0
  1 1987 266  18141.66  23.4  33.0   2.8   .53   1.3
  1 1987 267  16376.80  23.4  32.5   2.9   .53    .0
  1 1987 268  13684.37  23.8  33.0   2.8   .53    .0
  1 1987 269  10879.45  22.8  31.6   2.6   .53  11.0
  1 1987 270  18285.22  24.0  32.6   3.0   .53   5.4
  1 1987 271  10149.42  23.0  29.3   2.7   .53   8.7
  1 1987 272  13836.57  23.5  33.0   2.8   .53  10.0
  1 1987 273  16359.39  23.7  33.0   3.0   .54    .4
  1 1987 274  16565.68  22.0  33.5   2.7   .54    .0
  1 1987 275  19540.55  22.8  33.6   3.0   .54    .0
  1 1987 276  14092.78  23.6  32.5   2.8   .54    .0
  1 1987 277  14874.55  22.5  32.2   2.8   .54    .0
  1 1987 278  20713.87  22.3  33.0   2.9   .54    .3
  1 1987 279  12295.64  23.1  31.5   3.0   .54   8.5
  1 1987 280   9863.20  24.0  32.0   2.9   .54  15.8
  1 1987 281  13049.89  23.8  33.6   2.9   .54  10.4
  1 1987 282  17371.32  23.5  35.5   3.0   .54  79.6
  1 1987 283  17110.66  22.3  32.5   2.9   .54   9.5
  1 1987 284  16736.02  23.0  32.9   2.8   .54  12.5
  1 1987 285  19209.20  22.5  33.5   2.9   .54    .0
  1 1987 286  16101.90  22.5  32.0   2.8   .54  32.6
  1 1987 287   9597.43  22.1  29.5   2.6   .54  11.1
  1 1987 288  11161.75  22.2  31.5   2.4   .54  36.5
  1 1987 289  13965.53  22.7  32.0   2.7   .54   5.6
  1 1987 290   9528.61  22.5  25.6   2.7   .54  52.0
  1 1987 291  10745.94  22.5  30.5   2.5   .54  63.5
  1 1987 292   9481.66  23.0  24.2   2.8   .54  75.7
  1 1987 293  11930.67  21.8  32.1   2.8   .54  71.4
  1 1987 294  14034.08  23.4  31.5   3.0   .54  70.0
  1 1987 295   9633.92  22.6  28.5   2.8   .54  20.8
  1 1987 296  12627.60  24.0  28.5   3.0   .54  12.4
  1 1987 297   9807.77  22.9  28.5   2.9   .54  10.5
  1 1987 298  13235.01  22.9  29.6   2.8   .54  13.2
  1 1987 299  14537.03  21.2  33.0   2.4   .54    .0
  1 1987 300  13614.92  23.2  32.0   2.8   .54    .0
  1 1987 301  11699.58  21.8  29.4   2.8   .54 109.4
  1 1987 302  11670.25  22.2  30.1   2.6   .54   3.2
  1 1987 303  10427.63  22.6  30.9   2.7   .54    .5
  1 1987 304  11941.78  23.0  31.1   2.8   .54    .0
  1 1987 305  10593.47  23.2  31.5   2.7   .54    .0
  1 1987 306  13965.06  20.4  32.2   2.5   .54    .0
  1 1987 307  17760.85  20.4  31.5   2.6   .54    .0
  1 1987 308  13460.31  22.1  31.0   2.7   .53   7.5
  1 1987 309  18222.76  20.0  32.4   2.4   .53   4.8
  1 1987 310  10240.40  22.4  30.6   2.6   .53  11.4
  1 1987 311  10322.69  22.4  27.5   2.6   .53  23.7
  1 1987 312  19504.73  22.7  31.5   2.8   .53    .0
  1 1987 313  19892.83  22.2  33.6   2.8   .53    .0
  1 1987 314  18229.39  22.6  32.1   2.9   .53   2.0
  1 1987 315  18511.18  23.2  32.5   2.9   .53    .5
  1 1987 316  13203.10  21.5  31.0   2.9   .53  14.4
  1 1987 317  10168.64  23.5  30.0   2.8   .53    .0
  1 1987 318  12178.25  24.0  31.5   2.8   .53    .9
  1 1987 319  10547.13  23.5  30.0   3.0   .53   3.2
  1 1987 320  15215.53  22.6  32.6   2.7   .53   1.0
  1 1987 321  20186.31  21.8  32.5   2.8   .53    .0
  1 1987 322  16744.08  24.1  32.5   3.0   .53   7.0
  1 1987 323  17664.06  22.1  32.9   2.8   .53  27.0
  1 1987 324   8733.57  23.6  27.0   2.9   .53  14.4
  1 1987 325   9982.54  23.5  28.5   2.9   .53  31.3
  1 1987 326  14182.38  23.5  30.6   2.9   .53   1.0
  1 1987 327  14997.49  20.3  32.0   2.3   .53    .2
  1 1987 328   9394.63  23.1  28.8   2.7   .53  11.5
  1 1987 329   9585.94  23.5  28.5   2.9   .53   8.6
  1 1987 330  10930.52  22.3  31.0   2.9   .53    .0
  1 1987 331  17715.73  22.0  33.0   2.7   .53   1.0
  1 1987 332  16432.13  21.8  32.5   2.8   .53    .0
  1 1987 333  17032.24  22.6  33.3   2.8   .53    .0
  1 1987 334  13461.41  22.0  32.0   2.8   .53    .0
  1 1987 335  16252.25  21.5  32.2   2.8   .53    .0
  1 1987 336  18101.11  22.6  31.7   3.0   .55    .0
  1 1987 337  10494.45  21.0  29.7   2.6   .55   7.1
  1 1987 338   8508.73  23.0  27.5   2.8   .55   5.8
  1 1987 339  11502.88  20.5  29.5   2.5   .55   5.4
  1 1987 340   9004.08  22.0  26.5   2.8   .55   9.0
  1 1987 341  15717.26  22.4  32.0   2.8   .55    .5
  1 1987 342  15908.22  21.0  33.0   2.8   .55    .0
  1 1987 343   8561.34  22.8  27.9   2.7   .55    .0
  1 1987 344  10617.14  20.6  31.6   2.4   .55    .9
  1 1987 345  11742.80  22.9  31.0   2.6   .55   2.9
  1 1987 346   9157.72  22.6  29.0   2.8   .55   1.0
  1 1987 347  15126.05  21.0  32.0   2.6   .55   2.2
  1 1987 348  15632.78  22.5  32.5   2.7   .55    .0
  1 1987 349  17272.49  21.3  33.0   2.8   .55  18.5
  1 1987 350  17266.23  22.5  30.6   3.0   .55   1.5
  1 1987 351  18907.23  21.0  32.1   2.5   .55  14.2
  1 1987 352   9133.02  22.0  29.0   2.7   .55  23.9
  1 1987 353   8720.44  23.0  27.0   2.9   .55  57.2
  1 1987 354   8411.55  23.0  26.5   2.9   .55  98.0
  1 1987 355  12011.43  24.8  31.0   3.2   .55  28.5
  1 1987 356   8413.13  24.4  26.9   3.1   .55  26.5
  1 1987 357   9135.24  23.4  29.5   3.1   .55   3.9
  1 1987 358  17782.27  22.0  31.4   2.8   .55    .0
  1 1987 359  18303.82  21.4  31.2   2.6   .55    .0
  1 1987 360  13266.03  19.5  31.2   2.5   .55   3.3
  1 1987 361  16364.66  22.2  31.5   2.6   .55   7.9
  1 1987 362  15962.66  21.5  31.5   2.5   .55   7.9
  1 1987 363  12260.24  22.5  31.6   2.6   .55   4.0
  1 1987 364   9689.40  22.0  31.6   2.4   .55   4.1
  1 1987 365  10318.39  22.5  31.5   2.5   .55  19.9
