*---------------------------------------------------------              
* Station name: Hacienda el Carmen                                      
* Author: Atlantic Zone Project, AUW-MAG-CATIE, Costa Rica              
* Source: IMN, San Jose, Costa Rica                                     
*                                                                       
* Comments: Wind speed data lacking                                     
*           Solar radiation data still lacking                          
*           Check unit of VP                                            
*                                                                       
* Longitude:  83 29 W, latitude:  10 12 N, altitude: 15 m.              
* Column  Daily value                                                   
*    1    station number                                                
*    2    year                                                          
*    3    month                                                         
*    4    day                                                           
*    5    julian date                                                   
*    6    irradiation            (cal cm-2 d-1)                         
*    7    minimum temperature    (degrees Celcius)                      
*    8    maximum temperature    (degrees Celcius)                      
*    9    vapor pressure at 0700 (mbar)                                 
*   10    vapor pressure at 1300 (mbar)                                 
*   11    vapor pressure at 1800 (mbar)                                 
*   12    mean wind speed        (kilometer per hour)                   
*   13    precipitation          (mm d-1)                               
*   14    sunshine hours         (hours)                                
* Missing value: -99                                                    
*---------------------------------------------------------              
*  data converted with WDC for CABO-format
*-------------------------------------------
  83.48  10.20    15.  .00  .00
  1 1976   1  10225.43  16.9  27.2   1.6   .55    .0
  1 1976   2   8994.61  17.4  26.3   1.6   .55   6.8
  1 1976   3  13149.63  19.5  29.1   1.8   .55    .1
  1 1976   4  11195.00  18.5  29.1   1.7   .55    .1
  1 1976   5   9133.14  17.8  25.3   1.6   .55   7.8
  1 1976   6  18190.23  18.2  28.9   1.7   .55    .0
  1 1976   7  16029.62  18.2  29.2   1.7   .55    .0
  1 1976   8  19179.71  15.7  30.3   1.5   .55  14.3
  1 1976   9  10024.92  18.9  26.1   1.7   .55   4.6
  1 1976  10   9310.51  18.2  25.9   1.7   .55  13.7
  1 1976  11  17700.22  17.3  29.1   1.6   .55   1.5
  1 1976  12  16367.73  19.3  29.7   1.8   .55    .1
  1 1976  13  15032.03  19.0  30.1   1.8   .55    .8
  1 1976  14  12220.68  20.5  30.1   1.9   .55  11.0
  1 1976  15  10770.05  20.5  28.7   1.8   .55  18.9
  1 1976  16  11003.28  20.9  28.7   1.9   .55  34.5
  1 1976  17   9229.61  20.8  28.0   1.9   .55 145.4
  1 1976  18   8932.54  19.7  24.0   1.7   .55  65.5
  1 1976  19  12135.55  18.9  28.2   1.6   .55   3.5
  1 1976  20  14500.71  18.2  29.8   1.6   .55    .8
  1 1976  21  18792.07  17.3  29.9   1.6   .55    .0
  1 1976  22  16592.47  19.2  30.2   1.7   .55   5.6
  1 1976  23  15240.00  20.3  28.9   1.8   .55    .1
  1 1976  24  19452.53  19.8  29.2   1.8   .55   1.9
  1 1976  25  10480.93  19.8  27.5   1.8   .55   2.1
  1 1976  26  10399.72  20.8  28.4   1.9   .55   7.6
  1 1976  27  11719.45  21.2  29.4   2.0   .55  12.2
  1 1976  28  19416.60  21.0  29.0   1.8   .59    .4
  1 1976  29  12861.07  18.8  29.6   1.7   .59    .0
  1 1976  30  11700.62  18.8  28.8   1.7   .59    .0
  1 1976  31  14339.18  20.1  28.8   1.8   .59    .0
  1 1976  32  14919.83  18.3  29.4   1.7   .59    .1
  1 1976  33  20414.51  18.4  29.9   1.7   .59    .2
  1 1976  34  19151.45  16.3  29.8   1.5   .59    .0
  1 1976  35  18211.84  17.3  29.8   1.7   .59    .0
  1 1976  36  10787.29  20.1  29.3   1.8   .59   3.0
  1 1976  37  16210.40  19.9  30.5   1.8   .59   9.6
  1 1976  38   9632.17  20.0  28.2   1.8   .59   6.2
  1 1976  39  15960.36  18.3  28.9   1.4   .59   4.5
  1 1976  40  18770.22  19.0  29.1   1.7   .59  42.7
  1 1976  41   9268.45  18.9  25.0   1.6   .59  48.1
  1 1976  42   9405.63  17.5  24.0   1.7   .59   7.2
  1 1976  43  10881.12  16.7  27.2   1.7   .59    .0
  1 1976  44  13368.07  17.6  27.3   1.7   .59  16.2
  1 1976  45  19111.57  18.1  29.5   1.6   .59   1.7
  1 1976  46  16913.71  18.9  28.8   1.7   .59   3.5
  1 1976  47  15156.17  19.5  27.8   1.7   .59   5.7
  1 1976  48  20937.23  19.0  28.8   1.7   .59    .0
  1 1976  49  14101.63  17.7  28.6   1.6   .59    .0
  1 1976  50  18206.49  17.3  29.8   1.6   .59    .0
  1 1976  51  21533.72  17.8  29.9   1.6   .59    .0
  1 1976  52  21014.00  17.9  30.1   1.6   .59    .0
  1 1976  53  17535.19  18.3  30.3   1.7   .59   2.7
  1 1976  54  19852.81  19.8  30.2   1.7   .59   2.4
  1 1976  55  18069.73  18.1  29.9   1.6   .59    .0
  1 1976  56  12506.99  17.8  28.9   1.8   .59   1.5
  1 1976  57  19750.74  18.1  29.3   1.6   .59    .2
  1 1976  58  18185.49  16.4  30.5   1.6   .59  24.5
  1 1976  59  11443.62  20.5  28.6   1.8   .59   1.4
  1 1976  60  12965.72  19.9  29.3   1.9   .59    .0
  1 1976  61  20947.28  17.0  30.2   1.7   .59    .2
  1 1976  62  15099.13  18.0  29.9   1.7   .59    .0
  1 1976  63  14088.66  19.2  29.2   1.8   .59    .0
  1 1976  64  21411.22  18.6  30.3   1.8   .59   3.0
  1 1976  65  15999.35  21.2  30.1   1.9   .59    .2
  1 1976  66  18931.46  20.4  29.0   1.9   .59    .0
  1 1976  67  19894.15  18.0  29.9   1.6   .59    .0
  1 1976  68  21556.85  17.7  30.1   1.6   .59    .1
  1 1976  69  20658.59  18.3  29.9   1.8   .59   1.0
  1 1976  70  20457.31  20.6  30.8   1.8   .59    .0
  1 1976  71  18151.85  20.5  31.3   1.9   .59    .2
  1 1976  72  12682.92  20.2  27.2   1.8   .59   7.4
  1 1976  73  21717.87  18.0  30.0   1.6   .59    .5
  1 1976  74  10849.35  20.1  28.2   1.9   .59    .9
  1 1976  75  10750.08  20.9  26.7   1.8   .59  17.7
  1 1976  76  10297.92  19.2  26.8   1.8   .59   8.8
  1 1976  77  10079.45  20.3  26.6   1.9   .59  10.7
  1 1976  78  16209.62  19.3  28.9   1.7   .59   7.3
  1 1976  79  13287.72  20.3  29.1   1.9   .59   2.1
  1 1976  80  11538.50  21.2  27.9   2.0   .59    .9
  1 1976  81  21451.02  20.6  30.1   1.9   .59  19.1
  1 1976  82  18052.58  21.1  29.8   1.9   .59   1.8
  1 1976  83  14767.38  20.3  29.1   1.8   .59   1.2
  1 1976  84  20801.10  16.9  29.8   1.6   .59    .0
  1 1976  85  22943.18  18.8  30.8   1.8   .59    .0
  1 1976  86  21660.69  17.5  29.9   1.6   .59    .1
  1 1976  87  23211.73  16.9  30.2   1.6   .59   1.9
  1 1976  88  20389.87  20.2  30.4   1.8   .59   1.8
  1 1976  89  13782.89  19.9  29.3   1.9   .59    .0
  1 1976  90  17340.22  20.3  29.4   1.7   .59    .1
  1 1976  91  20897.81  21.0  30.2   1.9   .60    .0
  1 1976  92  15822.52  19.3  29.0   1.8   .60   1.3
  1 1976  93  20916.16  18.6  29.9   2.0   .60    .8
  1 1976  94  21515.10  19.9  29.9   1.8   .60    .9
  1 1976  95  16555.16  20.7  29.9   1.8   .60    .2
  1 1976  96  19635.47  21.7  30.6   1.9   .60    .0
  1 1976  97  18339.91  19.3  31.0   1.9   .60    .0
  1 1976  98  20944.46  19.2  31.2   2.1   .60    .0
  1 1976  99  19883.66  18.9  33.2   2.2   .60    .3
  1 1976 100  18113.72  22.1  33.2   2.0   .60  22.2
  1 1976 101  12801.17  22.0  28.5   2.0   .60  32.5
  1 1976 102  22012.20  19.2  30.7   1.7   .60    .0
  1 1976 103  22128.78  18.5  30.8   1.8   .60    .3
  1 1976 104  21536.62  18.8  30.6   1.9   .60    .0
  1 1976 105  19057.86  19.5  31.0   1.9   .60    .0
  1 1976 106  19526.58  20.0  30.8   1.8   .60    .0
  1 1976 107  15872.36  21.0  30.5   2.0   .60    .0
  1 1976 108  22343.12  18.0  31.2   1.7   .60    .0
  1 1976 109  22100.94  19.8  31.0   2.0   .60   3.7
  1 1976 110  14101.02  21.8  29.0   2.0   .60    .1
  1 1976 111  11631.87  17.2  29.6   1.9   .60    .0
  1 1976 112  16207.63  20.1  31.0   1.8   .60    .0
  1 1976 113  17257.72  19.9  31.0   2.0   .60    .0
  1 1976 114  20180.39  20.4  32.1   1.9   .60  11.3
  1 1976 115  14433.80  21.0  29.8   2.1   .60   6.1
  1 1976 116  10334.21  21.1  28.8   2.1   .60   7.9
  1 1976 117  20499.96  20.0  31.1   2.0   .60   2.5
  1 1976 118  21772.54  22.6  31.0   2.0   .60  10.9
  1 1976 119  10443.35  22.4  29.1   2.0   .51  14.2
  1 1976 120  10789.75  21.6  25.9   2.1   .51   4.7
  1 1976 121  13813.04  21.7  30.8   2.0   .51   4.6
  1 1976 122  15899.47  21.4  29.9   2.1   .51  55.3
  1 1976 123  19608.01  21.9  31.8   2.1   .51  10.1
  1 1976 124  12861.98  21.5  29.2   2.0   .51 106.4
  1 1976 125  10303.99  22.2  29.1   2.1   .51  78.8
  1 1976 126  23040.21  19.9  30.3   1.9   .51   2.3
  1 1976 127  21980.31  20.0  30.3   1.9   .51    .4
  1 1976 128  12485.41  21.4  29.8   2.0   .51   6.6
  1 1976 129  14209.50  21.0  29.8   2.1   .51  56.0
  1 1976 130  21349.60  22.7  30.3   2.2   .51   1.3
  1 1976 131  11310.12  21.8  29.4   2.0   .51  11.5
  1 1976 132  10612.94  19.8  28.7   2.0   .51  19.0
  1 1976 133  18077.44  19.0  31.0   2.1   .51   2.2
  1 1976 134  10256.09  22.0  27.2   2.2   .51  19.2
  1 1976 135  14263.76  18.6  31.8   2.2   .51    .4
  1 1976 136  11045.89  21.9  29.4   2.3   .51   7.4
  1 1976 137  16988.68  23.3  30.5   2.2   .51    .3
  1 1976 138  18003.64  21.3  30.2   2.3   .51    .9
  1 1976 139  12280.55  22.9  29.8   2.1   .51    .6
  1 1976 140  20026.86  22.0  31.7   2.0   .51    .0
  1 1976 141  13744.52  23.2  30.6   2.2   .51    .0
  1 1976 142  16465.57  22.3  31.9   2.2   .51    .0
  1 1976 143  10427.97  22.9  28.8   2.2   .51    .3
  1 1976 144  13941.77  22.2  31.7   2.2   .51   9.5
  1 1976 145  21759.04  21.0  33.2   2.0   .51    .0
  1 1976 146  16415.02  22.3  32.2   2.1   .51    .0
  1 1976 147  13119.68  22.7  30.4   2.1   .51    .0
  1 1976 148  14468.10  21.5  32.2   2.1   .51    .0
  1 1976 149  17057.04  20.3  30.9   2.0   .51   6.0
  1 1976 150  20205.84  20.9  31.0   1.9   .51    .0
  1 1976 151  18724.93  17.5  31.9   2.1   .51    .0
  1 1976 152  22205.32  18.1  33.0   2.0   .51    .0
  1 1976 153  16334.85  17.7  28.3   2.0   .51    .9
  1 1976 154  14749.55  21.9  30.8   2.0   .51  10.7
  1 1976 155  15415.35  21.8  31.5   2.1   .51  18.8
  1 1976 156  15743.46  21.5  31.8   1.9   .51  21.2
  1 1976 157  10122.32  21.7  29.2   2.0   .51    .0
  1 1976 158  15501.96  21.8  31.5   2.0   .51    .5
  1 1976 159  15382.01  22.3  30.9   2.2   .51   2.3
  1 1976 160  16606.92  20.5  32.7   2.0   .51    .0
  1 1976 161  10553.29  22.1  29.3   2.1   .51    .0
  1 1976 162  18718.08  21.3  31.1   2.0   .51   2.7
  1 1976 163  11887.78  22.8  30.4   2.2   .51    .0
  1 1976 164  20826.96  22.2  32.3   2.2   .51    .0
  1 1976 165  17914.02  21.9  31.3   2.1   .51    .0
  1 1976 166  21594.26  20.8  32.1   2.0   .51    .0
  1 1976 167  16228.03  20.7  32.1   2.1   .51   4.4
  1 1976 168  14661.09  21.9  31.7   2.1   .51   4.6
  1 1976 169  18452.07  21.9  32.8   2.0   .51    .5
  1 1976 170  19117.82  21.4  31.6   2.1   .51    .0
  1 1976 171  18445.33  21.9  32.9   2.0   .51   3.6
  1 1976 172  12420.05  21.9  30.5   2.1   .51   1.8
  1 1976 173  12864.89  20.6  30.2   1.8   .51  49.9
  1 1976 174  10076.07  22.2  28.4   2.1   .51  11.3
  1 1976 175  17435.50  21.9  31.9   2.1   .51  10.7
  1 1976 176  12974.77  21.7  31.1   2.0   .51   1.9
  1 1976 177  16989.85  20.9  32.9   2.0   .51   2.7
  1 1976 178  13533.23  21.8  30.2   2.1   .51   4.6
  1 1976 179  10076.10  21.2  27.4   1.9   .51   3.0
  1 1976 180  10076.86  21.3  28.5   2.1   .51    .0
  1 1976 181  17220.30  21.8  31.6   2.2   .51  23.8
  1 1976 182  10079.10  22.5  27.8   2.1   .51  23.1
  1 1976 183  14323.86  22.3  30.9   2.2   .51   1.0
  1 1976 184  14773.86  22.8  31.0   2.3   .51  26.0
  1 1976 185  13324.88  22.1  30.9   2.2   .51   3.4
  1 1976 186  11539.66  22.2  30.1   2.1   .51  12.6
  1 1976 187  18477.20  22.3  31.5   2.0   .51  15.5
  1 1976 188  17476.79  22.4  31.1   2.0   .51   1.3
  1 1976 189  17371.49  21.2  31.6   2.0   .51  14.4
  1 1976 190  19619.04  21.6  30.9   2.3   .51   8.3
  1 1976 191  10100.00  23.7  27.7   2.2   .51  26.3
  1 1976 192  13243.83  22.9  28.7   2.2   .51  13.2
  1 1976 193  10892.37  22.3  29.7   2.2   .51  11.0
  1 1976 194  10559.55  22.1  29.3   2.1   .51  36.5
  1 1976 195  11237.96  20.4  30.9   2.0   .51    .6
  1 1976 196  22715.33  21.3  31.8   2.2   .51  34.5
  1 1976 197  11922.86  22.8  29.5   2.1   .51  54.9
  1 1976 198  14969.98  23.2  30.0   2.4   .51  12.9
  1 1976 199  13286.93  23.0  30.3   2.2   .51  21.8
  1 1976 200  11037.06  22.1  26.8   2.0   .51  16.3
  1 1976 201  19399.31  21.9  31.1   2.0   .51  49.0
  1 1976 202  11612.50  21.8  29.3   2.1   .51 121.2
  1 1976 203  10147.50  21.8  25.7   2.0   .51  32.8
  1 1976 204  10151.97  21.5  24.1   2.0   .51  14.0
  1 1976 205  13103.29  20.4  30.5   1.9   .51    .0
  1 1976 206  14471.87  20.0  28.8   1.9   .51   9.9
  1 1976 207  10165.46  22.2  28.0   2.0   .51  37.1
  1 1976 208  10169.93  21.0  25.0   2.0   .51  44.4
  1 1976 209  10174.38  21.0  29.1   2.0   .51   6.5
  1 1976 210  11203.68  19.9  24.8   2.0   .58  35.2
  1 1976 211  15768.53  18.2  30.1   2.1   .58  63.3
  1 1976 212  10187.41  23.0  27.2   2.1   .58  80.0
  1 1976 213  10191.60  22.0  26.0   2.2   .58 150.0
  1 1976 214  10195.69  23.0  25.2   2.1   .58  51.2
  1 1976 215  12144.99  21.0  30.2   2.0   .58    .3
  1 1976 216  10661.69  20.0  29.1   2.1   .58  47.7
  1 1976 217  11353.75  19.7  29.5   2.0   .58  10.8
  1 1976 218  11473.17  21.8  28.5   2.1   .58  13.6
  1 1976 219  10329.08  18.0  29.9   2.2   .58  14.9
  1 1976 220  16426.13  21.0  30.5   2.1   .58   6.6
  1 1976 221  17930.96  21.2  30.8   2.0   .58   1.2
  1 1976 222  10223.29  20.0  30.9   1.9   .58  47.9
  1 1976 223  10687.06  20.5  28.9   2.0   .58  18.8
  1 1976 224  16459.45  19.0  32.0   1.9   .58   2.0
  1 1976 225  17275.42  22.0  32.1   2.1   .58    .0
  1 1976 226  11503.79  22.8  29.9   2.0   .58  26.4
  1 1976 227  11390.78  21.0  29.8   1.9   .58    .0
  1 1976 228  10698.39  21.0  29.2   2.0   .58    .3
  1 1976 229  12437.84  21.0  29.9   2.0   .58   8.8
  1 1976 230  17078.56  21.0  31.9   1.9   .58    .0
  1 1976 231  21725.73  20.9  31.8   2.0   .58    .0
  1 1976 232  19876.00  22.0  31.8   1.9   .58    .0
  1 1976 233  22787.45  20.9  31.9   2.0   .58    .0
  1 1976 234  10818.28  22.2  29.9   2.0   .58   9.9
  1 1976 235  11864.91  21.9  30.8   2.0   .58   2.2
  1 1976 236  18966.30  21.9  31.4   2.0   .58    .0
  1 1976 237  21182.80  21.2  31.9   2.0   .58    .0
  1 1976 238  16990.84  21.0  31.8   2.0   .58  12.8
  1 1976 239  15942.32  22.0  32.2   2.1   .58  48.8
  1 1976 240  10225.85  21.9  27.4   2.0   .58   1.5
  1 1976 241  18625.65  21.8  32.1   2.0   .58  20.4
  1 1976 242  10919.55  21.9  29.6   2.1   .58    .3
  1 1976 243  19208.15  21.2  31.8   2.0   .58    .0
  1 1976 244  16285.72  21.9  31.3   2.1   .58   1.2
  1 1976 245  10205.65  22.5  28.3   2.2   .53   4.1
  1 1976 246  11836.77  22.0  30.5   2.0   .53  87.5
  1 1976 247  22002.60  19.7  31.5   1.8   .53   6.9
  1 1976 248  12176.12  23.1  29.8   2.2   .53   4.8
  1 1976 249  15911.79  22.9  31.2   2.3   .53    .8
  1 1976 250  12162.68  22.0  30.0   2.1   .53    .2
  1 1976 251  16950.13  20.9  31.2   1.9   .53  68.4
  1 1976 252  11562.31  23.0  30.0   2.2   .53 116.3
  1 1976 253  10150.42  22.1  26.5   2.1   .53  15.3
  1 1976 254  13298.49  21.9  30.5   2.1   .53    .2
  1 1976 255  10132.00  21.7  28.2   2.1   .53  10.6
  1 1976 256  13628.65  22.2  30.8   2.1   .53   2.5
  1 1976 257  10812.85  22.8  28.9   2.2   .53  63.6
  1 1976 258  12203.65  23.1  30.9   2.2   .53 123.8
  1 1976 259  10439.88  22.1  29.9   2.1   .53  28.2
  1 1976 260  13229.62  22.4  31.1   2.1   .53    .3
  1 1976 261  18933.57  21.3  31.9   1.9   .53    .0
  1 1976 262  20549.37  20.5  32.6   1.9   .53    .4
  1 1976 263  17150.16  23.9  31.1   2.3   .53   3.6
  1 1976 264  11773.40  22.6  29.7   2.2   .53    .0
  1 1976 265  12223.90  21.8  31.5   2.0   .53   1.9
  1 1976 266   9997.21  22.1  29.0   2.1   .53    .0
  1 1976 267   9982.18  22.8  27.2   2.2   .53   1.7
  1 1976 268  17634.38  21.0  32.1   1.9   .53   1.3
  1 1976 269  21559.06  20.5  32.1   1.9   .53    .0
  1 1976 270  14805.73  19.9  31.0   1.9   .53    .0
  1 1976 271  18492.65  20.2  32.0   2.0   .53    .0
  1 1976 272  14762.72  22.2  31.6   2.0   .53    .0
  1 1976 273  12542.85  22.9  30.0   2.2   .54  28.4
  1 1976 274  18876.33  22.0  31.9   2.0   .54    .0
  1 1976 275  20233.00  21.5  32.0   2.1   .54    .0
  1 1976 276  14208.05  21.9  32.1   2.1   .54    .3
  1 1976 277  18674.21  20.8  32.4   2.0   .54    .0
  1 1976 278  13468.79  21.8  31.7   2.1   .54   8.4
  1 1976 279  16085.90  22.8  33.1   2.2   .54    .0
  1 1976 280  20989.79  21.7  32.5   2.0   .54    .0
  1 1976 281  18204.78  21.3  32.2   2.2   .54    .6
  1 1976 282  10622.03  22.7  28.9   2.1   .54    .7
  1 1976 283  14483.32  21.6  31.6   2.1   .54    .0
  1 1976 284  17534.47  21.4  32.4   2.0   .54    .0
  1 1976 285  17614.68  22.5  33.3   2.0   .54    .0
  1 1976 286  12576.59  21.7  31.9   2.1   .54  58.4
  1 1976 287   9597.43  22.5  27.0   2.1   .54  27.4
  1 1976 288  18416.72  21.2  31.9   2.0   .54   6.6
  1 1976 289  13286.49  22.5  30.6   2.1   .54    .0
  1 1976 290  16307.65  21.0  31.8   2.1   .54  11.0
  1 1976 291  18190.19  20.8  32.3   2.1   .54    .0
  1 1976 292  16800.42  21.7  32.2   2.0   .54    .0
  1 1976 293  17100.98  21.3  31.7   2.0   .54    .0
  1 1976 294  14482.87  21.8  31.2   2.0   .54  15.4
  1 1976 295  11425.82  21.4  31.0   2.0   .54  10.0
  1 1976 296   9385.75  22.4  28.7   2.2   .54   1.8
  1 1976 297  19738.39  20.8  31.8   1.9   .54    .0
  1 1976 298  16798.85  20.9  31.9   2.0   .54   1.1
  1 1976 299  13091.98  21.7  31.4   2.0   .54    .0
  1 1976 300  17387.04  21.0  32.5   2.1   .54    .0
  1 1976 301  17014.62  20.9  32.9   2.0   .54   1.0
  1 1976 302  17748.51  21.1  31.4   2.0   .54    .3
  1 1976 303  10979.11  20.6  30.0   1.9   .54    .5
  1 1976 304  13262.73  21.8  32.0   2.0   .54    .4
  1 1976 305  13230.13  22.5  31.3   2.2   .54    .0
  1 1976 306  18350.74  20.6  32.4   1.9   .54  14.7
  1 1976 307  16228.93  22.2  31.9   2.1   .54  12.3
  1 1976 308   9201.36  21.2  26.7   1.8   .53  43.2
  1 1976 309   9503.93  20.4  26.5   1.6   .53  27.1
  1 1976 310   9043.96  20.8  24.3   1.8   .53  45.3
  1 1976 311  10105.59  20.8  26.5   2.0   .53 145.7
  1 1976 312   8996.40  21.9  25.6   2.0   .53  17.7
  1 1976 313  11675.86  22.1  29.1   2.1   .53  27.4
  1 1976 314   8949.64  22.2  26.1   2.0   .53  41.9
  1 1976 315  14095.82  20.8  30.9   2.0   .53    .0
  1 1976 316  12880.65  21.1  31.6   1.9   .53   2.8
  1 1976 317   9525.00  21.0  30.4   2.0   .53    .7
  1 1976 318  11000.52  20.9  30.1   2.0   .53    .0
  1 1976 319  20057.94  19.6  31.9   2.0   .53    .0
  1 1976 320  18095.41  20.1  31.8   1.9   .53   1.2
  1 1976 321  17631.18  20.3  30.9   1.9   .53    .0
  1 1976 322  19294.54  20.3  32.4   2.0   .53    .0
  1 1976 323  17345.83  20.7  32.4   2.0   .53    .2
  1 1976 324  18475.46  20.7  32.5   2.0   .53    .0
  1 1976 325  16113.50  21.7  32.6   2.1   .53   9.4
  1 1976 326  13971.33  22.6  31.5   2.2   .53  13.4
  1 1976 327  15734.94  22.8  31.7   2.0   .53   3.4
  1 1976 328  15810.58  21.1  32.2   2.0   .53  41.0
  1 1976 329  12001.23  22.7  31.0   2.0   .53  42.5
  1 1976 330  16487.63  22.7  31.0   2.2   .53    .3
  1 1976 331  17611.04  20.3  32.2   1.9   .53    .2
  1 1976 332  16850.30  21.1  31.5   2.0   .53   6.8
  1 1976 333  17867.41  21.1  31.5   1.9   .53    .4
  1 1976 334  12210.34  21.6  31.2   2.0   .53   1.0
  1 1976 335  18959.42  19.8  30.9   1.8   .53   1.4
  1 1976 336  17165.17  21.8  31.1   2.1   .55   1.5
  1 1976 337  14129.91  20.8  30.8   1.9   .55   5.2
  1 1976 338  14111.43  21.9  30.9   2.0   .55   2.2
  1 1976 339  16270.49  20.0  30.4   1.9   .55    .0
  1 1976 340  19358.09  19.8  31.0   1.8   .55   5.0
  1 1976 341  17475.80  20.2  31.1   2.0   .55    .0
  1 1976 342  16631.70  19.9  31.6   1.9   .55    .0
  1 1976 343  13518.30  21.5  31.6   2.1   .55   3.9
  1 1976 344  14125.73  21.1  29.9   2.0   .55  54.6
  1 1976 345  13599.04  23.6  30.3   2.4   .55  58.8
  1 1976 346   8539.34  22.9  26.1   2.2   .55  61.7
  1 1976 347  13271.90  23.5  29.8   2.2   .55  38.0
  1 1976 348  11308.40  21.9  30.4   2.1   .55   2.4
  1 1976 349  13670.23  22.2  31.5   2.1   .55    .0
  1 1976 350  16854.67  20.2  32.3   1.9   .55    .0
  1 1976 351  18084.31  20.1  32.5   1.8   .55  19.6
  1 1976 352   9544.41  21.6  29.3   1.9   .55  10.5
  1 1976 353  16638.98  18.5  31.2   1.7   .55    .0
  1 1976 354  17461.15  28.9  30.6   1.6   .55    .3
  1 1976 355  19004.70  20.0  30.8   1.6   .55    .4
  1 1976 356   8721.70  19.3  28.5   1.8   .55   6.1
  1 1976 357  10781.27  21.1  29.9   1.9   .55   1.3
  1 1976 358  12739.89  18.9  29.9   1.8   .55    .0
  1 1976 359  18097.94  18.0  30.9   1.6   .55    .4
  1 1976 360  14707.83  18.9  29.5   1.6   .55   1.5
  1 1976 361  15025.17  21.0  30.7   1.9   .55  11.0
  1 1976 362  19158.67  19.9  30.1   1.9   .55    .0
  1 1976 363  19481.68  14.1  30.1   1.4   .55    .0
  1 1976 364  18774.28  16.1  29.9   1.5   .55   4.6
  1 1976 365  15174.36  20.8  29.5   1.8   .55    .0
  1 1976 366  18187.76  19.7  30.7   1.6   .55    .0
