*---------------------------------------------------------              
* Station name: Hacienda El Carmen                                      
* Author: Atlantic Zone Project, AUW-MAG-CATIE, Costa Rica              
* Source: IMN, San Jose, Costa Rica                                     
*                                                                       
* Comments: No wind speed data                                          
*           Solar radiation data for Sep-Nov only                       
*           Check unit of VP                                            
*                                                                       
* Longitude:  83  29 W, latitude:  10  12 N, altitude:  15 m.           
* Column  Daily value                                                   
*    1    station number                                                
*    2    year                                                          
*    3    month                                                         
*    4    day                                                           
*    5    julian date                                                   
*    6    irradiation            (cal cm-2 d-1)                         
*    7    minimum temperature    (degrees Celcius)                      
*    8    maximum temperature    (degrees Celcius)                      
*    9    vapor pressure at 0700 (mbar)                                 
*   10    vapor pressure at 1300 (mbar)                                 
*   11    vapor pressure at 1800 (mbar)                                 
*   12    mean wind speed        (kilometer per hour)                   
*   13    precipitation          (mm d-1)                               
*   14    sunshine hours         (hours)                                
* Missing value: -99                                                    
*---------------------------------------------------------              
*  data converted with WDC for CABO-format
*-------------------------------------------
  83.48  10.20    15.  .00  .00
  1 1982   1  18911.61  19.5  32.5   1.9   .55    .0
  1 1982   2  18102.82  19.0  32.0   1.9   .55    .0
  1 1982   3  15843.35  20.4  31.5   1.9   .55    .1
  1 1982   4  15758.43  21.5  32.5   2.0   .55    .1
  1 1982   5  12559.54  20.0  32.0   1.9   .55    .0
  1 1982   6  14447.91  21.0  32.0   1.9   .55   2.2
  1 1982   7  17799.03  22.0  31.0   2.0   .55    .4
  1 1982   8  17616.43  20.0  31.0   1.9   .55   3.8
  1 1982   9  13781.88  20.5  30.0   1.9   .55   6.7
  1 1982  10  15476.47  20.0  31.5   1.8   .55   1.7
  1 1982  11  15293.00  21.0  31.5   2.0   .55   1.7
  1 1982  12  16053.27  21.5  30.5   2.0   .55    .8
  1 1982  13  12827.32  20.0  31.5   1.9   .55    .0
  1 1982  14  14639.29  21.5  33.0   2.2   .55  27.8
  1 1982  15  14562.02  22.0  31.0   2.1   .55   7.6
  1 1982  16  15434.83  19.0  31.0   1.6   .55   9.8
  1 1982  17  13668.95  21.0  30.5   1.9   .55   1.9
  1 1982  18  12956.30  21.5  30.0   1.9   .55   9.1
  1 1982  19  10968.63  21.5  28.0   2.0   .55  24.1
  1 1982  20  15563.52  22.0  31.5   1.9   .55   6.2
  1 1982  21   9314.98  21.0  26.5   2.0   .55  18.4
  1 1982  22  13285.06  19.5  28.5   1.6   .55    .0
  1 1982  23  16415.90  19.5  30.5   1.9   .55    .0
  1 1982  24  16239.12  19.0  30.5   1.7   .55    .0
  1 1982  25  12305.54  20.5  30.0   1.9   .55    .0
  1 1982  26  18465.88  21.0  31.0   1.9   .55   2.7
  1 1982  27  17323.52  20.0  30.5   1.9   .55    .0
  1 1982  28  19524.59  19.5  30.5   1.7   .59    .0
  1 1982  29  14159.72  19.5  30.0   1.8   .59    .0
  1 1982  30  18641.36  18.0  31.0   1.7   .59    .8
  1 1982  31  11404.85  20.0  31.0   1.8   .59    .5
  1 1982  32  18404.96  20.5  31.0   1.9   .59    .0
  1 1982  33  19759.65  21.0  31.5   1.9   .59    .0
  1 1982  34  17182.67  19.0  31.5   1.7   .59    .0
  1 1982  35  17992.62  18.0  31.0   1.8   .59    .0
  1 1982  36  17158.36  21.5  31.5   1.9   .59    .8
  1 1982  37  13678.53  21.5  31.0   2.0   .59  22.7
  1 1982  38  18016.24  21.5  30.5   2.0   .59   4.2
  1 1982  39  18724.16  22.0  31.0   2.0   .59    .0
  1 1982  40  19878.09  20.0  31.0   1.8   .59    .0
  1 1982  41  20148.52  21.5  32.5   2.0   .59    .6
  1 1982  42  14968.36  21.0  31.2   2.0   .59    .7
  1 1982  43  16678.45  21.0  31.2   1.9   .59   3.0
  1 1982  44  12362.60  21.0  29.5   2.1   .59  29.8
  1 1982  45  14409.75  21.5  30.4   1.9   .59   3.6
  1 1982  46  17698.95  21.5  30.0   1.9   .59    .0
  1 1982  47  20663.90  19.0  31.5   1.7   .59    .5
  1 1982  48  20599.35  20.0  31.0   1.9   .59    .0
  1 1982  49  17261.39  22.0  30.5   2.0   .59    .0
  1 1982  50  20241.72  18.5  31.0   1.9   .59    .0
  1 1982  51  19154.73  19.0  31.0   1.8   .59    .0
  1 1982  52  21127.49  18.0  30.5   1.7   .59    .0
  1 1982  53  20605.37  18.4  31.0   1.8   .59    .0
  1 1982  54  17118.77  19.5  30.5   1.8   .59    .0
  1 1982  55  16357.89  17.5  30.4   1.6   .59   2.5
  1 1982  56   9648.89  20.4  24.5   1.8   .59  24.8
  1 1982  57  11848.79  20.6  30.2   1.9   .59    .2
  1 1982  58   9696.62  21.8  26.5   2.0   .59   7.9
  1 1982  59  14316.22  18.5  30.0   1.9   .59   2.1
  1 1982  60  13886.43  20.5  30.5   1.8   .59  16.9
  1 1982  61  10111.87  22.0  29.5   2.0   .59   4.7
  1 1982  62  11289.38  21.5  29.0   2.0   .59   4.7
  1 1982  63  13048.08  18.5  30.0   1.7   .59    .0
  1 1982  64  21179.65  19.0  30.5   1.8   .59    .0
  1 1982  65  20521.36  19.5  31.0   1.9   .59    .0
  1 1982  66  21021.38  19.0  31.5   1.9   .59    .0
  1 1982  67  21173.01  20.5  31.4   1.8   .59    .0
  1 1982  68  15969.31  18.8  30.2   1.5   .59   2.0
  1 1982  69  19260.00  20.4  31.0   1.7   .59   2.2
  1 1982  70  11822.51  20.0  29.8   1.9   .59   6.0
  1 1982  71  17567.76  21.0  31.0   1.9   .59    .0
  1 1982  72  22272.35  20.0  31.5   1.9   .59   7.0
  1 1982  73  10479.63  20.0  28.6   1.9   .59   2.2
  1 1982  74  15653.73  20.0  31.0   1.9   .59    .0
  1 1982  75  18608.48  20.0  30.5   1.9   .59    .0
  1 1982  76  18280.66  21.5  31.0   1.8   .59   3.0
  1 1982  77  15836.52  21.5  30.0   1.9   .59    .0
  1 1982  78  18326.12  18.0  31.4   1.8   .59   1.5
  1 1982  79  16111.79  21.0  30.0   1.9   .59    .0
  1 1982  80  16130.75  20.0  30.5   1.7   .59    .0
  1 1982  81  19683.66  19.0  31.0   1.8   .59    .4
  1 1982  82  12983.17  22.5  30.0   2.0   .59    .0
  1 1982  83  21254.96  20.0  31.5   1.8   .59    .0
  1 1982  84  21273.15  20.0  31.5   1.9   .59    .0
  1 1982  85  20936.10  20.0  32.5   1.8   .59  11.8
  1 1982  86  22251.23  22.5  30.5   2.0   .59    .0
  1 1982  87  17658.80  19.0  30.5   1.9   .59   7.1
  1 1982  88  18498.98  21.5  30.5   1.9   .59   7.1
  1 1982  89  13664.68  21.5  30.0   2.0   .59   1.9
  1 1982  90  23015.24  21.5  30.0   2.0   .59    .0
  1 1982  91  22435.00  18.5  32.0   1.8   .60    .0
  1 1982  92  21380.52  20.5  31.0   1.6   .60    .0
  1 1982  93  16777.08  21.5  31.0   2.0   .60    .0
  1 1982  94  16311.74  22.0  30.5   2.1   .60    .0
  1 1982  95  17974.17  19.5  31.5   1.9   .60    .0
  1 1982  96  17152.46  21.5  31.1   2.0   .60  11.3
  1 1982  97  10655.57  22.2  29.5   2.0   .60    .0
  1 1982  98  20589.86  20.3  31.0   1.8   .60   6.6
  1 1982  99  19056.48  22.5  33.0   1.9   .60    .0
  1 1982 100  16105.42  21.7  33.5   2.0   .60    .0
  1 1982 101  15871.67  21.4  33.5   2.1   .60    .5
  1 1982 102  16817.90  21.5  32.5   2.0   .60    .0
  1 1982 103  18352.67  20.5  31.5   2.0   .60  17.4
  1 1982 104  11039.08  22.0  29.5   2.1   .60    .5
  1 1982 105  13752.74  20.5  30.5   2.0   .60    .5
  1 1982 106  10689.43  21.2  30.5   2.0   .60    .0
  1 1982 107  17167.73  21.0  31.5   2.0   .60    .0
  1 1982 108  15164.05  20.5  31.0   2.0   .60    .0
  1 1982 109  21395.26  19.5  31.0   1.8   .60   2.5
  1 1982 110  22210.87  19.5  31.5   1.9   .60    .0
  1 1982 111  17621.82  19.0  31.5   1.8   .60   7.3
  1 1982 112  11865.22  20.8  30.5   2.0   .60  15.8
  1 1982 113  13974.13  22.0  29.5   2.1   .60  11.0
  1 1982 114  10337.57  22.5  27.0   2.1   .60   8.1
  1 1982 115  18180.31  20.5  30.5   2.0   .60    .6
  1 1982 116  10685.14  22.5  28.5   2.1   .60   7.0
  1 1982 117  16058.79  23.0  32.0   2.1   .60    .2
  1 1982 118  15583.97  21.5  31.0   2.0   .60    .0
  1 1982 119  10676.66  22.5  31.5   2.1   .51    .0
  1 1982 120  20113.23  22.0  33.0   2.2   .51    .0
  1 1982 121  13114.47  23.0  31.5   2.0   .51    .0
  1 1982 122  18690.96  23.0  32.5   2.0   .51    .0
  1 1982 123  14844.10  23.0  33.1   1.9   .51    .0
  1 1982 124  17388.80  21.5  33.5   2.0   .51    .0
  1 1982 125  19811.87  20.3  33.5   1.7   .51    .0
  1 1982 126  13542.48  21.0  33.0   1.8   .51    .0
  1 1982 127  13881.25  21.5  32.6   1.8   .51   9.0
  1 1982 128  17686.27  23.0  32.0   2.0   .51    .0
  1 1982 129  13055.03  21.5  32.0   1.8   .51  41.3
  1 1982 130  13853.83  22.4  32.0   2.2   .51   2.7
  1 1982 131  12116.46  21.5  31.5   2.0   .51    .0
  1 1982 132  20508.30  22.0  33.5   2.0   .51   2.1
  1 1982 133  15204.11  22.5  31.5   2.1   .51    .5
  1 1982 134  17144.35  23.0  32.5   2.0   .51    .0
  1 1982 135  17589.35  22.0  32.0   2.0   .51    .0
  1 1982 136  20553.31  22.5  34.0   2.2   .51    .0
  1 1982 137  19048.23  21.0  34.2   1.6   .51    .0
  1 1982 138  17775.06  22.5  33.2   2.0   .51    .0
  1 1982 139  10225.55  23.4  31.5   2.2   .51    .6
  1 1982 140  11473.77  23.4  32.0   2.2   .51   3.5
  1 1982 141  10327.00  23.0  32.0   2.2   .51  25.3
  1 1982 142  16237.98  21.5  32.5   2.2   .51   1.6
  1 1982 143  13497.18  23.0  33.5   2.2   .51  20.6
  1 1982 144  13033.32  23.0  31.5   2.2   .51   3.0
  1 1982 145  10982.36  23.0  31.0   2.1   .51  15.7
  1 1982 146  11768.73  22.5  31.0   2.1   .51    .5
  1 1982 147  15044.27  22.0  32.0   2.0   .51   2.8
  1 1982 148  17182.54  22.5  33.0   2.0   .51    .6
  1 1982 149  15701.11  23.5  32.5   2.2   .51  25.7
  1 1982 150  19867.17  23.0  32.0   2.2   .51    .0
  1 1982 151  15228.49  23.5  31.6   2.0   .51   2.5
  1 1982 152  17472.35  22.5  32.8   2.2   .51    .0
  1 1982 153  20613.44  23.0  33.5   2.2   .51    .0
  1 1982 154  17449.61  23.0  34.0   2.0   .51   1.3
  1 1982 155  20024.32  23.5  34.0   2.2   .51    .0
  1 1982 156  20910.59  22.5  35.0   2.2   .51   9.3
  1 1982 157  10795.81  23.5  31.0   2.2   .51   9.9
  1 1982 158  12697.71  22.0  31.0   1.8   .51   2.1
  1 1982 159  15269.92  21.0  31.0   1.8   .51   2.6
  1 1982 160  10109.36  21.5  30.5   2.0   .51   2.3
  1 1982 161  10665.26  22.5  29.0   2.1   .51   1.1
  1 1982 162  15249.17  21.5  31.5   2.0   .51  16.5
  1 1982 163  15466.77  21.0  33.0   2.0   .51    .9
  1 1982 164  14454.88  22.0  31.6   2.0   .51    .2
  1 1982 165  20484.10  22.0  33.5   2.1   .51   6.3
  1 1982 166  14445.52  23.5  32.5   2.1   .51   4.5
  1 1982 167  16451.35  24.0  32.5   2.2   .51   4.4
  1 1982 168  16558.72  22.5  32.6   2.0   .51    .0
  1 1982 169  21018.77  23.0  33.5   2.3   .51    .0
  1 1982 170  19898.81  22.5  34.0   2.2   .51   4.1
  1 1982 171  16325.89  23.5  33.0   2.2   .51    .0
  1 1982 172  11973.91  22.0  32.0   2.0   .51  22.2
  1 1982 173  16210.56  22.0  32.5   2.0   .51   9.8
  1 1982 174  10076.07  22.0  29.0   2.1   .51    .0
  1 1982 175  13309.48  22.5  31.0   2.1   .51   2.1
  1 1982 176  10632.91  22.0  28.0   2.1   .51    .2
  1 1982 177  16320.70  22.5  31.5   2.1   .51   1.7
  1 1982 178  10410.21  23.0  30.0   2.1   .51   6.4
  1 1982 179  13980.47  22.5  32.0   2.0   .51  24.2
  1 1982 180  10300.01  23.5  27.2   2.2   .51  36.7
  1 1982 181  10301.06  22.0  27.5   2.2   .51  55.9
  1 1982 182  10079.10  22.5  29.5   2.1   .51  65.3
  1 1982 183  10080.57  21.1  26.8   2.1   .51 201.6
  1 1982 184  14885.57  21.5  31.0   1.9   .51    .0
  1 1982 185  18241.79  22.0  32.5   2.0   .51 222.6
  1 1982 186  10086.32  22.0  25.5   2.1   .51  33.0
  1 1982 187  10088.67  20.5  26.0   2.0   .51   7.5
  1 1982 188  18372.01  21.5  33.0   2.1   .51  17.0
  1 1982 189  10093.96  22.2  27.5   2.1   .51  26.7
  1 1982 190  10208.92  21.5  28.0   2.1   .51   6.0
  1 1982 191  12005.56  21.0  31.0   1.9   .51   3.6
  1 1982 192  15935.73  22.3  31.0   2.1   .51  26.2
  1 1982 193  10106.71  23.0  27.0   2.2   .51  82.2
  1 1982 194  13255.07  21.6  31.6   2.0   .51  26.4
  1 1982 195  17194.84  22.6  31.0   2.1   .51    .2
  1 1982 196  19903.40  22.0  32.6   2.0   .51  22.1
  1 1982 197  12260.55  23.3  30.5   2.2   .51   6.9
  1 1982 198  10125.92  23.5  29.5   2.1   .51  21.0
  1 1982 199  12723.21  21.9  30.0   2.1   .51  38.4
  1 1982 200  10134.35  21.5  29.0   2.1   .51  53.9
  1 1982 201  12623.24  20.0  31.0   1.9   .51   8.4
  1 1982 202  18394.48  21.4  33.0   2.0   .51  11.0
  1 1982 203  10147.50  22.8  29.5   2.1   .51  10.4
  1 1982 204  15021.11  21.0  31.0   2.0   .51    .0
  1 1982 205  13443.31  23.1  31.0   2.1   .51   1.9
  1 1982 206  10160.96  22.3  26.2   2.1   .51  69.8
  1 1982 207  10165.46  21.2  23.5   1.9   .51 180.1
  1 1982 208  13352.40  21.4  30.5   1.9   .51   9.5
  1 1982 209  16431.63  22.2  30.5   2.0   .51  28.3
  1 1982 210  14847.77  22.3  31.5   2.0   .58    .1
  1 1982 211  17250.37  22.5  31.0   2.1   .58    .3
  1 1982 212  18858.87  22.0  31.5   2.0   .58  21.0
  1 1982 213  13161.03  23.0  29.5   2.0   .58  22.9
  1 1982 214  14768.48  23.0  29.5   2.1   .58   1.1
  1 1982 215  21528.28  21.0  32.5   2.1   .58  90.3
  1 1982 216  10776.23  22.0  29.5   2.1   .58  29.5
  1 1982 217  14449.32  22.0  30.5   2.2   .58   4.5
  1 1982 218  11932.21  22.5  29.0   2.2   .58  15.5
  1 1982 219  10443.94  22.5  28.0   2.1   .58   1.3
  1 1982 220  10332.41  22.0  29.0   2.0   .58   3.3
  1 1982 221  12061.78  22.0  29.0   2.1   .58   6.0
  1 1982 222  12987.78  21.0  30.5   2.0   .58  60.0
  1 1982 223  12647.00  22.0  30.6   2.0   .58    .0
  1 1982 224  13805.44  21.7  30.5   2.2   .58   4.2
  1 1982 225  20624.69  21.5  31.2   2.1   .58   8.7
  1 1982 226  10925.85  21.5  29.5   2.0   .58    .0
  1 1982 227  15439.76  21.7  31.5   2.2   .58  75.7
  1 1982 228  10698.39  22.0  30.5   2.1   .58  21.0
  1 1982 229  11742.63  22.0  31.0   2.1   .58   3.8
  1 1982 230  18470.04  22.0  33.0   2.1   .58    .0
  1 1982 231  11978.16  22.5  30.5   2.2   .58  21.8
  1 1982 232  13605.27  22.3  31.0   2.3   .58 128.7
  1 1982 233  10237.44  22.0  27.0   2.1   .58  30.8
  1 1982 234  10236.88  21.2  28.0   1.9   .58    .5
  1 1982 235  17566.17  21.5  31.5   2.1   .58  45.3
  1 1982 236  15706.51  23.0  31.3   2.2   .58  18.3
  1 1982 237  18037.67  21.6  32.8   2.3   .58  13.3
  1 1982 238  17107.38  22.5  33.0   2.3   .58   2.8
  1 1982 239  20140.12  23.0  31.5   2.2   .58    .5
  1 1982 240  18158.66  19.2  32.0   2.3   .58    .0
  1 1982 241  10689.48  20.5  29.0   2.2   .58   4.3
  1 1982 242  11036.30  21.6  28.5   2.1   .58  15.5
  1 1982 243  20492.89  20.5  32.0   2.0   .58   5.8
  1 1982 244   3221.68  22.5  27.0   2.1   .58  50.7
  1 1982 245  19204.03  20.7  30.1   1.9   .53   6.7
  1 1982 246  15606.32  22.0  30.5   2.1   .53  39.3
  1 1982 247  18116.72  21.5  32.5   2.1   .53   1.4
  1 1982 248   8242.48  20.0  29.5   2.2   .53  12.4
  1 1982 249  15522.64  22.0  32.0   2.0   .53   4.0
  1 1982 250  13054.08  21.5  32.0   2.0   .53    .2
  1 1982 251  22719.12  22.0  32.2   2.2   .53   8.2
  1 1982 252   9665.04  22.6  29.0   2.1   .53    .5
  1 1982 253  17238.08  21.7  31.5   2.0   .53   1.9
  1 1982 254  11673.36  22.5  29.5   2.2   .53   1.7
  1 1982 255  19413.76  21.0  32.5   2.0   .53    .0
  1 1982 256  17447.28  21.5  32.0   2.1   .53   6.8
  1 1982 257  12426.48  23.0  31.5   2.2   .53  12.6
  1 1982 258  14978.72  21.5  32.5   2.1   .53    .0
  1 1982 259  12426.48  22.0  32.0   2.1   .53    .0
  1 1982 260  12008.08  21.6  31.0   2.0   .53    .0
  1 1982 261  11296.80  22.0  32.0   2.1   .53   5.2
  1 1982 262  15187.92  22.0  32.5   2.2   .53  43.0
  1 1982 263  12021.20  21.5  29.5   2.1   .53  12.4
  1 1982 264  20510.91  21.5  31.8   2.0   .53  15.9
  1 1982 265  17230.28  22.3  31.2   2.1   .53    .0
  1 1982 266  15931.03  21.5  32.5   2.2   .53   3.2
  1 1982 267  10563.51  22.0  30.5   2.1   .53   5.1
  1 1982 268  12406.42  21.0  30.0   2.1   .53    .0
  1 1982 269  18773.08  21.0  31.6   2.2   .53    .2
  1 1982 270  17125.39  22.3  33.0   2.2   .53    .0
  1 1982 271  18074.88  22.5  31.5   2.2   .53    .0
  1 1982 272  19624.98  20.7  33.5   2.1   .53    .0
  1 1982 273  17698.32  23.0  33.0   2.3   .54    .8
  1 1982 274  14267.44  21.5  32.5   2.1   .54  10.0
  1 1982 275  16945.20  20.5  34.0   2.0   .54    .3
  1 1982 276  19037.20  22.0  33.2   2.2   .54    .0
  1 1982 277  11798.88  21.6  31.8   2.0   .54   8.1
  1 1982 278  16401.28  21.0  31.2   2.0   .54   9.9
  1 1982 279  13472.48  21.5  31.5   2.1   .54    .2
  1 1982 280   7614.88  21.5  30.5   2.1   .54  33.9
  1 1982 281  17238.08  20.5  33.0   1.9   .54  24.3
  1 1982 282   9455.84  20.0  29.5   2.0   .54    .0
  1 1982 283  10920.24  21.0  32.3   2.0   .54    .0
  1 1982 284  15020.56  20.5  32.0   2.1   .54    .3
  1 1982 285  12091.76  21.5  30.5   2.1   .54  29.2
  1 1982 286  18200.40  22.0  32.0   2.2   .54   1.9
  1 1982 287  18953.52  21.5  32.5   2.1   .54   8.0
  1 1982 288   2886.96  22.0  32.5   2.2   .54  12.9
  1 1982 289  11254.96  19.4  27.5   2.2   .54   8.0
  1 1982 290  14832.28  21.0  28.0   2.2   .54  26.1
  1 1982 291  18409.60  20.0  31.5   2.0   .54    .0
  1 1982 292   9330.32  21.5  29.5   2.2   .54  11.9
  1 1982 293  12844.88  21.0  31.0   2.1   .54  66.0
  1 1982 294  11338.64  21.5  29.0   2.1   .54  28.7
  1 1982 295  14058.24  22.0  32.2   2.0   .54    .0
  1 1982 296   9204.80  22.0  28.5   2.2   .54  46.4
  1 1982 297   6987.28  20.5  26.5   2.0   .54  79.0
  1 1982 298   7196.48  22.0  23.5   2.0   .54 119.8
  1 1982 299   7405.68  19.0  25.0   2.0   .54   6.1
  1 1982 300  13388.80  20.5  31.0   2.2   .54   5.5
  1 1982 301  15941.04  20.5  31.0   2.1   .54    .0
  1 1982 302  15104.24  21.5  31.0   2.0   .54    .0
  1 1982 303  16359.44  19.0  31.5   1.9   .54    .0
  1 1982 304  14895.04  22.5  31.5   2.1   .54    .0
  1 1982 305  14267.44  21.8  31.5   2.1   .54   2.2
  1 1982 306  18451.44  21.0  33.5   2.0   .54   3.1
  1 1982 307  13514.32  20.0  31.5   2.1   .54  23.4
  1 1982 308  12928.56  20.0  31.5   2.0   .53    .0
  1 1982 309  14016.40  21.0  31.5   2.1   .53  30.0
  1 1982 310   9874.24  22.0  29.0   2.0   .53   3.3
  1 1982 311  12510.16  21.5  29.4   2.1   .53   4.1
  1 1982 312  13179.60  22.0  32.0   2.1   .53  32.4
  1 1982 313  10376.32  21.5  31.5   2.1   .53  73.0
  1 1982 314   4309.52  22.5  26.0   2.1   .53  80.8
  1 1982 315  10167.12  22.0  27.5   2.1   .53   1.9
  1 1982 316   8786.40  22.0  31.5   2.2   .53   2.5
  1 1982 317   9874.24  20.6  29.0   2.1   .53  24.1
  1 1982 318  11338.64  21.0  29.7   1.9   .53   1.4
  1 1982 319   6945.44  17.5  26.5   2.0   .53  30.3
  1 1982 320  13388.80  17.4  31.2   2.0   .53   7.1
  1 1982 321  14058.24  20.3  31.0   1.9   .53    .2
  1 1982 322  12008.08  20.6  31.0   2.1   .53    .0
  1 1982 323  13179.60  20.4  31.2   2.0   .53   2.2
  1 1982 324  14769.52  20.5  31.0   2.0   .53    .0
  1 1982 325  16359.44  20.5  32.5   2.0   .53   9.0
  1 1982 326  17321.76  21.0  32.0   1.9   .53    .0
  1 1982 327  14892.14  19.5  32.5   2.0   .53    .0
  1 1982 328  13472.48  18.5  31.5   1.8   .53    .0
  1 1982 329  10585.52  18.5  31.0   1.9   .53    .2
  1 1982 330   7196.48  19.5  28.0   2.0   .53   1.0
  1 1982 331   9079.28  21.5  28.0   2.2   .53  31.8
  1 1982 332  16745.76  19.0  30.0   1.9   .53    .0
  1 1982 333  16736.00  17.5  30.0   1.8   .53    .0
  1 1982 334  19037.20  18.0  31.5   1.7   .53    .0
  1 1982 335  18959.42  18.0  32.0   1.7   .53    .0
  1 1982 336  17061.18  19.5  33.5   2.0   .55    .0
  1 1982 337   9871.23  20.2  31.0   2.0   .55    .0
  1 1982 338  10998.82  19.5  30.6   1.9   .55   3.5
  1 1982 339  11710.17  21.3  31.0   2.3   .55    .1
  1 1982 340  13352.76  20.5  30.0   2.0   .55   7.1
  1 1982 341  15613.82  22.0  31.5   2.0   .55  11.6
  1 1982 342  13841.16  22.0  31.5   2.1   .55   9.2
  1 1982 343   9387.50  21.0  28.5   2.1   .55  18.2
  1 1982 344  11545.89  21.5  30.0   2.1   .55   1.0
  1 1982 345  12980.30  19.5  30.5   1.9   .55  11.2
  1 1982 346  13898.62  20.5  31.5   2.1   .55  23.3
  1 1982 347   9254.57  21.5  29.2   2.0   .55  27.8
  1 1982 348  10381.75  21.0  28.6   2.0   .55   8.6
  1 1982 349  12538.09  21.5  31.2   2.0   .55  27.8
  1 1982 350  12018.87  22.1  29.0   2.2   .55  34.8
  1 1982 351  11398.11  20.6  30.5   2.0   .55   3.0
  1 1982 352  10367.19  20.0  28.7   2.0   .55   9.6
  1 1982 353  12628.29  20.6  30.2   1.9   .55   7.4
  1 1982 354   8411.55  20.8  24.4   1.9   .55  11.2
  1 1982 355   8411.95  19.9  23.0   1.9   .55  13.4
  1 1982 356  13658.78  19.0  30.0   1.8   .55    .0
  1 1982 357  15822.24  19.5  31.0   2.0   .55   8.2
  1 1982 358  10373.05  22.0  30.0   2.1   .55   8.7
  1 1982 359  12436.12  22.0  30.0   2.2   .55  10.6
  1 1982 360  13369.01  21.5  29.5   2.2   .55  29.6
  1 1982 361   8739.86  21.4  25.5   2.0   .55  11.9
  1 1982 362   8952.07  19.5  27.2   1.8   .55    .9
  1 1982 363   9474.83  19.2  28.5   1.8   .55    .0
  1 1982 364  18567.81  19.0  30.5   1.8   .55    .0
  1 1982 365  18273.92  17.9  30.0   1.8   .55    .0
