* Station name: Hacienda el Carmen                                      
* Author: Atlantic Zone Project, AUW-MAG-CATIE, Costa Rica              
* Source: IMN, San Jose, Costa Rica                                     
*                                                                       
* Comments: Wind speed data lacking                                     
*           Solar radiation data still lacking                          
*           Check unit VP; No VP from Oct 12-31                         
*           No data for January                                         
* Longitude:  83 29 W, latitude:  10 12 N, altitude: 15 m.              
* Column  Daily value                                                   
*    1    station number                                                
*    2    year                                                          
*    3    month                                                         
*    4    day                                                           
*    5    julian date                                                   
*    6    irradiation            (cal cm-2 d-1)                         
*    7    minimum temperature    (degrees Celcius)                      
*    8    maximum temperature    (degrees Celcius)                      
*    9    vapor pressure at 0700 (mbar)                                 
*   10    vapor pressure at 1300 (mbar)                                 
*   11    vapor pressure at 1800 (mbar)                                 
*   12    mean wind speed        (kilometer per hour)                   
*   13    precipitation          (mm d-1)                               
*   14    sunshine hours         (hours)                                
* Missing value: -99                                                    
*---------------------------------------------------------              
*  data converted with WDC for CABO-format, data first month missing
*-------------------------------------------
  83.48  10.20    15.  .00  .00
  1 1974   1  12879.00  19.7  29.6   5.3   .55   1.2
  1 1974   2  12879.00  19.7  29.6   5.3   .55   4.2
  1 1974   3  12879.00  19.7  29.6   5.3   .55  35.5
  1 1974   4  12879.00  19.7  29.6   5.3   .55   8.7
  1 1974   5  12879.00  19.7  29.6   5.3   .55  11.2
  1 1974   6  12879.00  19.7  29.6   5.3   .55   6.3
  1 1974   7  12879.00  19.7  29.6   5.3   .55   2.1
  1 1974   8  12879.00  19.7  29.6   5.3   .55  73.0
  1 1974   9  12879.00  19.7  29.6   5.3   .55  24.0
  1 1974  10  12879.00  19.7  29.6   5.3   .55  32.9
  1 1974  11  12879.00  19.7  29.6   5.3   .55  12.5
  1 1974  12  12879.00  19.7  29.6   5.3   .55   8.2
  1 1974  13  12879.00  19.7  29.6   5.3   .55  13.1
  1 1974  14  12879.00  19.7  29.6   5.3   .55  19.1
  1 1974  15  12879.00  19.7  29.6   5.3   .55  19.2
  1 1974  16  12879.00  19.7  29.6   5.3   .55   7.0
  1 1974  17  12879.00  19.7  29.6   5.3   .55    .0
  1 1974  18  12879.00  19.7  29.6   5.3   .55    .0
  1 1974  19  12879.00  19.7  29.6   5.3   .55    .0
  1 1974  20  12879.00  19.7  29.6   5.3   .55    .0
  1 1974  21  12879.00  19.7  29.6   5.3   .55  17.6
  1 1974  22  12879.00  19.7  29.6   5.3   .55   4.9
  1 1974  23  12879.00  19.7  29.6   5.3   .55  14.0
  1 1974  24  12879.00  19.7  29.6   5.3   .55   5.2
  1 1974  25  12879.00  19.7  29.6   5.3   .55    .2
  1 1974  26  12879.00  19.7  29.6   5.3   .55  17.4
  1 1974  27  12879.00  19.7  29.6   5.3   .55   7.7
  1 1974  28  14635.00  20.0  29.5   5.4   .59  32.6
  1 1974  29  14635.00  20.0  29.5   5.4   .59   6.2
  1 1974  30  14635.00  20.0  29.5   5.4   .59    .6
  1 1974  31  14635.00  20.0  29.5   5.4   .59    .0
  1 1974  32   9365.40  17.0  26.3   1.6   .59    .0
  1 1974  33  20196.22  19.0  29.8   1.8   .59    .0
  1 1974  34  20463.96  17.0  29.5   1.7   .59    .0
  1 1974  35  20842.50  17.5  30.0   1.7   .59   3.6
  1 1974  36   9139.60  20.8  22.5   1.7   .59  37.3
  1 1974  37  18081.78  18.9  28.3   1.7   .59   1.4
  1 1974  38  11838.50  18.1  29.0   1.6   .59    .1
  1 1974  39  15186.50  29.0  29.0   1.7   .59    .6
  1 1974  40  17883.92  18.0  30.0   1.6   .59    .1
  1 1974  41  11377.85  18.4  25.8   1.6   .59  10.9
  1 1974  42  16525.93  18.5  28.8   1.7   .59   2.7
  1 1974  43  10992.61  16.2  25.9   1.5   .59  22.6
  1 1974  44  10686.83  19.2  24.9   1.8   .59  17.5
  1 1974  45  13066.37  19.0  28.0   1.8   .59    .1
  1 1974  46  21512.94  17.6  29.0   1.7   .59    .0
  1 1974  47  18977.86  19.5  29.0   2.0   .59    .0
  1 1974  48   9449.29  19.4  23.9   1.8   .59   4.9
  1 1974  49  16471.45  19.0  29.0   1.6   .59    .5
  1 1974  50  14249.10  19.4  28.5   1.8   .59    .5
  1 1974  51  15869.46  19.5  29.0   1.9   .59   2.5
  1 1974  52  19879.00  20.0  29.0   1.9   .59    .0
  1 1974  53  19013.43  19.0  30.5   1.8   .59    .1
  1 1974  54  16093.51  19.5  29.0   1.8   .59    .4
  1 1974  55  19667.45  20.0  29.0   1.8   .59  10.5
  1 1974  56  15708.05  20.5  28.3   1.8   .59   9.6
  1 1974  57   9672.89  20.5  25.5   1.9   .59  38.2
  1 1974  58   9696.62  20.0  26.0   1.8   .59  48.7
  1 1974  59   9720.06  19.2  24.0   1.6   .59    .2
  1 1974  60  12850.63  18.5  29.5   1.8   .59   6.3
  1 1974  61  21869.44  18.5  29.0   1.9   .59    .0
  1 1974  62  21564.16  19.9  29.0   1.9   .59  34.3
  1 1974  63  13626.18  21.0  28.5   2.0   .59   1.4
  1 1974  64  18169.21  18.0  29.3   1.9   .59    .0
  1 1974  65  13912.26  21.6  29.0   1.9   .59    .0
  1 1974  66  20673.06  18.1  30.0   1.7   .59   2.0
  1 1974  67  20242.93  21.5  29.8   1.9   .59   7.5
  1 1974  68  18879.49  19.8  29.5   1.8   .59    .0
  1 1974  69  19143.45  18.9  29.0   1.7   .59   1.1
  1 1974  70   9955.52  21.4  26.9   2.0   .59   1.2
  1 1974  71  16983.67  21.1  30.0   1.9   .59   2.5
  1 1974  72  21336.80  21.6  30.0   2.0   .59    .4
  1 1974  73  18791.24  20.1  30.5   1.9   .59  30.3
  1 1974  74  18700.41  21.4  29.5   1.9   .59   1.6
  1 1974  75  17201.00  21.7  29.5   2.0   .59   9.5
  1 1974  76  12997.96  21.2  28.4   2.0   .59   3.2
  1 1974  77  18538.81  18.4  29.3   1.6   .59    .1
  1 1974  78  20325.03  19.8  29.3   1.8   .59    .1
  1 1974  79  22112.94  18.5  30.2   1.8   .59    .0
  1 1974  80  19898.75  20.6  30.5   1.8   .59  19.2
  1 1974  81  11200.29  22.0  28.0   2.0   .59   1.2
  1 1974  82  20292.55  20.5  29.8   1.9   .59    .0
  1 1974  83  19131.75  19.2  29.0   1.9   .59    .3
  1 1974  84  11242.08  20.8  26.5   1.8   .59    .8
  1 1974  85  22707.06  18.6  29.2   1.9   .59   2.2
  1 1974  86  13747.42  18.8  28.0   1.9   .59   1.9
  1 1974  87  15414.00  17.2  28.0   1.6   .59    .0
  1 1974  88  22280.76  16.8  30.0   1.4   .59    .0
  1 1974  89  19811.49  19.8  30.0   1.9   .59    .0
  1 1974  90  19941.27  19.6  30.0   1.8   .59    .3
  1 1974  91  10965.22  20.2  29.0   1.9   .60    .0
  1 1974  92  11683.59  18.4  29.0   1.8   .60    .1
  1 1974  93  18077.93  20.6  30.5   2.0   .60    .0
  1 1974  94  17967.36  18.8  30.0   1.9   .60    .0
  1 1974  95  19156.68  21.8  30.0   2.0   .60   1.1
  1 1974  96  16443.03  21.0  30.0   1.9   .60   1.9
  1 1974  97  20349.66  18.6  30.0   1.7   .60    .0
  1 1974  98  23308.40  20.4  30.0   2.0   .60    .0
  1 1974  99  21538.03  19.1  30.0   1.8   .60   2.7
  1 1974 100  22484.71  19.6  30.1   1.8   .60  13.1
  1 1974 101  17406.92  19.6  29.5   1.9   .60    .0
  1 1974 102  15283.22  20.7  29.9   1.9   .60    .0
  1 1974 103  11154.46  20.0  28.1   1.9   .60    .5
  1 1974 104  17644.28  22.1  29.8   2.0   .60   2.8
  1 1974 105  15167.44  20.8  29.0   2.0   .60  17.9
  1 1974 106  10689.43  20.8  27.0   1.9   .60   5.6
  1 1974 107  14105.94  20.2  29.0   2.0   .60  13.0
  1 1974 108  10456.46  21.2  25.5   2.0   .60   8.0
  1 1974 109  14573.66  21.8  28.4   2.1   .60  10.8
  1 1974 110  21035.53  21.1  29.9   2.0   .60    .0
  1 1974 111  13745.97  22.2  28.5   1.9   .60 198.6
  1 1974 112  12804.12  21.0  27.0   2.1   .60  15.8
  1 1974 113  15498.66  20.0  28.9   1.9   .60   3.4
  1 1974 114  22641.10  18.4  30.1   1.8   .60    .0
  1 1974 115  15721.67  19.2  29.0   1.8   .60  37.7
  1 1974 116  10334.21  21.0  23.4   2.0   .60  65.3
  1 1974 117  17578.13  20.9  29.2   2.0   .60    .0
  1 1974 118  16167.79  19.4  29.4   1.9   .60   1.2
  1 1974 119  13943.02  18.7  29.4   1.9   .51   9.5
  1 1974 120  10323.58  20.5  25.0   1.9   .51   6.8
  1 1974 121  13580.18  20.5  27.9   1.9   .51    .0
  1 1974 122  17993.09  20.4  30.0   2.0   .51   4.2
  1 1974 123  12404.05  22.8  28.0   2.1   .51    .3
  1 1974 124  12165.55  20.7  29.6   1.9   .51    .0
  1 1974 125  15405.78  22.2  29.5   2.1   .51    .0
  1 1974 126  20260.39  22.2  31.1   2.0   .51    .0
  1 1974 127  20707.60  20.7  31.0   2.0   .51    .0
  1 1974 128  21384.66  20.8  31.4   1.9   .51    .0
  1 1974 129  20790.01  22.1  31.0   2.0   .51    .0
  1 1974 130  22041.52  21.8  32.0   2.1   .51    .0
  1 1974 131  19373.50  22.0  31.4   2.0   .51    .0
  1 1974 132  21313.73  21.9  31.6   2.0   .51    .1
  1 1974 133  14399.57  22.8  29.5   2.2   .51    .9
  1 1974 134  16570.33  21.0  30.5   2.1   .51    .4
  1 1974 135  11970.25  22.0  30.0   2.0   .51   1.8
  1 1974 136  18147.82  20.5  30.9   2.0   .51    .1
  1 1974 137  16416.59  22.1  29.5   2.2   .51  27.6
  1 1974 138  19032.27  21.3  30.3   2.0   .51   6.6
  1 1974 139  18559.69  23.0  31.9   2.0   .51   1.6
  1 1974 140  20026.86  21.3  31.5   2.1   .51    .0
  1 1974 141  17275.96  22.0  30.4   2.2   .51   2.2
  1 1974 142  18400.09  23.9  29.0   2.2   .51   1.1
  1 1974 143  19521.93  20.7  31.2   2.1   .51    .3
  1 1974 144  10989.32  22.2  27.5   2.1   .51  10.2
  1 1974 145  12116.74  21.5  29.0   2.0   .51  25.5
  1 1974 146  12108.70  20.7  29.7   2.0   .51    .0
  1 1974 147  10289.38  21.1  27.5   2.0   .51   1.3
  1 1974 148  15033.61  22.4  30.0   2.2   .51   4.6
  1 1974 149  11294.33  22.8  27.0   2.3   .51  31.7
  1 1974 150  10158.65  21.9  24.5   2.1   .51  16.3
  1 1974 151  14213.40  22.0  29.8   2.0   .51   8.7
  1 1974 152  21078.42  20.6  31.1   2.0   .51  22.9
  1 1974 153  15771.88  21.0  28.0   2.1   .51    .2
  1 1974 154  13062.02  20.7  28.0   1.9   .51    .8
  1 1974 155  16989.14  21.7  30.0   2.1   .51  22.5
  1 1974 156  11699.63  21.7  27.5   2.0   .51  15.3
  1 1974 157  15061.21  20.4  30.0   2.0   .51   4.0
  1 1974 158  10229.97  22.8  27.5   2.2   .51   1.4
  1 1974 159  14261.05  22.3  30.1   2.1   .51   3.3
  1 1974 160  15486.65  22.1  29.8   1.9   .51    .0
  1 1974 161  14471.95  21.2  30.0   2.0   .51  21.0
  1 1974 162  15696.77  21.8  31.0   2.1   .51  31.4
  1 1974 163  11552.25  21.7  27.5   2.1   .51    .2
  1 1974 164  14119.51  21.7  29.8   2.0   .51  33.4
  1 1974 165  11321.20  22.1  27.0   2.0   .51    .0
  1 1974 166  12546.64  21.6  29.2   2.1   .51   3.3
  1 1974 167  17121.30  24.5  29.6   2.3   .51    .0
  1 1974 168  12316.96  22.5  28.5   2.1   .51    .0
  1 1974 169  14769.42  19.8  29.0   1.9   .51    .0
  1 1974 170  10638.49  21.9  28.8   2.1   .51    .0
  1 1974 171  13202.50  21.0  29.5   2.1   .51    .0
  1 1974 172  11527.78  22.4  28.5   2.1   .51   2.4
  1 1974 173  10411.40  22.4  28.0   2.2   .51   1.6
  1 1974 174  21004.63  21.1  30.8   2.1   .51    .0
  1 1974 175  18327.61  22.0  32.0   2.1   .51   6.0
  1 1974 176  17546.96  21.0  31.0   2.1   .51    .0
  1 1974 177  16655.28  21.6  31.0   2.2   .51   7.8
  1 1974 178  16879.33  22.0  30.5   2.2   .51   7.1
  1 1974 179  15096.01  21.5  30.2   2.0   .51    .0
  1 1974 180  11973.63  21.6  29.9   1.8   .51    .3
  1 1974 181  13091.08  22.6  31.0   2.2   .51  32.1
  1 1974 182  13539.66  22.4  30.0   2.1   .51   1.4
  1 1974 183  17115.51  21.1  31.0   2.2   .51    .0
  1 1974 184  13656.82  25.0  29.5   2.1   .51  26.0
  1 1974 185  10754.67  23.1  26.5   2.1   .51  78.7
  1 1974 186  10086.32  21.6  23.9   2.0   .51  56.1
  1 1974 187  17694.27  21.0  29.8   2.0   .51   2.3
  1 1974 188  18595.82  21.1  29.8   2.0   .51  54.5
  1 1974 189  10317.89  22.9  28.0   2.2   .51   8.2
  1 1974 190  19170.94  21.8  30.0   1.9   .51  69.7
  1 1974 191  11220.92  22.4  29.0   2.0   .51   5.3
  1 1974 192  12795.18  24.6  29.0   2.2   .51    .5
  1 1974 193  17289.84  23.4  30.0   2.0   .51   5.8
  1 1974 194  11570.37  21.6  25.0   2.0   .51  27.3
  1 1974 195  10900.78  22.0  28.0   1.9   .51    .0
  1 1974 196  14054.58  22.8  30.0   2.1   .51   7.1
  1 1974 197  18338.98  21.0  31.0   1.9   .51    .4
  1 1974 198  18011.60  19.8  31.5   1.9   .51    .0
  1 1974 199  12948.70  20.3  29.0   1.9   .51   8.6
  1 1974 200  10585.70  20.0  29.0   1.9   .51    .0
  1 1974 201  17253.56  21.6  31.0   1.9   .51    .0
  1 1974 202  17603.25  20.9  31.0   2.0   .51   7.0
  1 1974 203  17161.78  21.5  30.5   2.0   .51   3.1
  1 1974 204  21135.84  22.2  31.5   2.2   .51    .0
  1 1974 205  19223.64  21.0  31.0   2.0   .51  21.6
  1 1974 206  11181.97  22.1  29.5   2.1   .51  11.2
  1 1974 207  10392.56  21.7  25.5   2.0   .51  25.2
  1 1974 208  10738.23  22.0  28.0   2.0   .51  10.2
  1 1974 209  10288.15  22.1  29.5   2.0   .51  15.7
  1 1974 210  10178.79  21.4  24.0   2.0   .58  14.1
  1 1974 211  15198.59  20.0  31.0   1.8   .58    .5
  1 1974 212  13838.55  22.0  31.5   1.9   .58    .8
  1 1974 213  10648.43  21.2  29.0   2.0   .58  14.4
  1 1974 214  13053.68  23.4  28.0   2.1   .58   1.2
  1 1974 215  17637.65  22.3  31.5   2.0   .58   1.3
  1 1974 216  10203.52  21.7  28.5   2.0   .58  28.7
  1 1974 217  10207.24  23.3  25.0   2.2   .58  25.6
  1 1974 218  10899.37  22.5  29.0   2.1   .58   9.4
  1 1974 219  15842.76  21.6  30.0   1.9   .58   7.3
  1 1974 220  10217.43  22.2  23.5   1.9   .58  55.1
  1 1974 221  21268.34  20.6  31.0   2.0   .58   4.2
  1 1974 222  10223.29  22.8  26.0   2.1   .58   2.6
  1 1974 223  14145.77  22.5  30.0   2.0   .58  28.8
  1 1974 224  13805.44  22.1  30.0   2.0   .58    .3
  1 1974 225  17506.41  22.3  31.5   2.0   .58   2.5
  1 1974 226  17398.86  21.6  31.0   2.0   .58    .0
  1 1974 227  18794.63  22.1  31.0   2.1   .58   2.0
  1 1974 228  14982.19  23.0  30.5   2.2   .58  14.0
  1 1974 229  11395.02  24.0  29.0   2.4   .58  70.7
  1 1974 230  11280.70  23.5  30.0   2.2   .58  29.8
  1 1974 231  11397.95  24.0  29.0   2.2   .58   6.5
  1 1974 232  12792.39  23.0  30.0   2.1   .58  20.9
  1 1974 233  14072.17  22.7  29.5   2.1   .58  27.3
  1 1974 234  11748.52  22.5  29.0   2.1   .58  15.5
  1 1974 235  12097.61  22.0  31.0   1.9   .58  11.0
  1 1974 236  12912.40  23.5  30.0   2.0   .58   1.3
  1 1974 237  14193.61  22.0  30.5   2.0   .58   2.7
  1 1974 238  20021.08  22.5  32.0   2.2   .58    .0
  1 1974 239  13960.03  22.5  30.0   2.1   .58   7.5
  1 1974 240  16292.12  22.0  30.0   2.0   .58    .0
  1 1974 241  22010.19  20.5  31.0   2.0   .58    .0
  1 1974 242  21427.37  20.9  32.0   1.9   .58    .0
  1 1974 243  21310.45  21.6  32.3   2.2   .58  26.5
  1 1974 244  17220.36  21.0  32.1   2.0   .58    .8
  1 1974 245  16516.20  22.5  31.1   2.1   .53  14.8
  1 1974 246  14174.55  21.2  30.4   1.9   .53    .0
  1 1974 247  16273.94  21.0  30.3   2.0   .53    .0
  1 1974 248  18022.56  22.5  31.1   2.3   .53    .0
  1 1974 249  19186.14  21.5  30.3   2.0   .53    .0
  1 1974 250  21986.37  22.5  31.3   2.0   .53   1.4
  1 1974 251  15078.91  22.3  31.1   2.1   .53   5.7
  1 1974 252  20801.23  22.5  31.1   2.1   .53    .0
  1 1974 253  22779.99  23.0  31.8   2.1   .53    .0
  1 1974 254  10492.23  22.7  30.2   2.1   .53   9.5
  1 1974 255  16795.81  22.0  31.0   2.0   .53  51.6
  1 1974 256  10122.09  22.7  26.6   2.1   .53  43.0
  1 1974 257  17006.22  20.8  30.3   1.9   .53    .0
  1 1974 258  13371.86  22.4  29.6   2.0   .53    .0
  1 1974 259  20833.45  18.7  31.2   1.8   .53    .0
  1 1974 260  19533.38  24.5  33.7   2.1   .53  12.5
  1 1974 261  10065.48  21.7  28.4   2.0   .53   3.4
  1 1974 262  16234.09  22.8  31.4   2.0   .53   3.0
  1 1974 263  16800.46  23.0  31.6   2.1   .53   2.6
  1 1974 264  15501.40  22.5  29.0   2.0   .53   6.7
  1 1974 265  22702.37  19.2  32.2   1.8   .53    .0
  1 1974 266  15465.63  20.0  30.9   2.0   .53    .0
  1 1974 267  19283.45  20.7  32.0   2.0   .53    .0
  1 1974 268  14846.14  19.0  30.9   2.0   .53    .4
  1 1974 269  19121.32  21.5  31.6   2.1   .53    .0
  1 1974 270  13297.95  21.0  30.0   1.9   .53    .1
  1 1974 271  14552.79  22.8  29.9   2.1   .53    .0
  1 1974 272  12563.12  22.5  29.8   2.0   .53   8.9
  1 1974 273  15434.17  21.3  30.6   1.9   .54    .0
  1 1974 274  10326.93  21.8  29.0   2.0   .54    .1
  1 1974 275  18848.11  21.0  32.2   2.1   .54    .3
  1 1974 276  17666.35  21.8  30.6   2.0   .54    .0
  1 1974 277  18904.50  20.5  31.9   1.9   .54   1.5
  1 1974 278  21633.88  20.0  31.8   1.8   .54    .0
  1 1974 279  19876.17  20.3  32.0   1.9   .54    .0
  1 1974 280  10551.44  21.0  29.5   1.9   .54    .2
  1 1974 281  12706.23  20.9  29.0   2.0   .54  29.4
  1 1974 282   9706.87  21.1  26.0   1.9   .54    .3
  1 1974 283  10142.50  20.1  27.0   1.9   .54   3.1
  1 1974 284  15481.30  18.9  30.9   2.0   .54   4.4
  1 1974 285  17500.78  21.5  31.3   6.1   .54    .0
  1 1974 286   9619.88  22.1  25.9   6.1   .54   8.0
  1 1974 287  20497.38  19.8  31.0   6.1   .54    .0
  1 1974 288  13769.00  19.3  28.9   6.1   .54    .0
  1 1974 289  14418.22  21.3  30.2   6.1   .54    .4
  1 1974 290  10206.52  21.5  27.8   6.1   .54  18.4
  1 1974 291  15934.36  22.1  30.1   6.1   .54   8.7
  1 1974 292  12183.97  22.2  28.3   6.1   .54  15.4
  1 1974 293   9457.91  22.2  27.1   6.1   .54   2.3
  1 1974 294  10555.97  22.2  29.0   6.1   .54   2.7
  1 1974 295   9857.91  22.8  27.9   6.1   .54  14.5
  1 1974 296  10056.48  21.9  29.2   6.1   .54  28.5
  1 1974 297  11816.21  22.2  29.5   6.1   .54   8.1
  1 1974 298  10562.13  22.2  29.3   6.1   .54   7.2
  1 1974 299  13203.13  22.0  29.8   6.1   .54   3.8
  1 1974 300  16499.49  21.2  31.0   6.1   .54    .0
  1 1974 301  19782.86  20.2  31.5   6.1   .54   1.0
  1 1974 302  15648.75  21.2  30.1   6.1   .54   7.1
  1 1974 303   9876.14  21.9  29.0   6.1   .54    .7
  1 1974 304  14913.92  22.1  31.0   6.1   .54  18.7
  1 1974 305  14768.18  21.2  30.2   2.0   .54   9.6
  1 1974 306   9798.67  21.4  29.9   2.0   .54  20.0
  1 1974 307   9116.44  21.6  29.9   1.9   .54   4.7
  1 1974 308  17937.68  19.9  31.5   1.6   .53    .0
  1 1974 309  18985.66  19.2  31.1   1.7   .53    .0
  1 1974 310  15134.92  19.2  30.2   1.8   .53    .0
  1 1974 311  12059.48  20.8  29.0   1.9   .53  27.9
  1 1974 312   8996.40  22.1  26.1   2.0   .53  22.3
  1 1974 313   9729.74  21.3  30.9   1.9   .53   2.9
  1 1974 314  16610.83  19.2  31.3   1.8   .53    .0
  1 1974 315   9249.69  21.2  28.0   1.8   .53    .0
  1 1974 316   9548.74  19.8  28.6   1.9   .53    .0
  1 1974 317   9417.73  19.3  27.1   1.7   .53    .0
  1 1974 318  12927.72  18.8  29.8   2.1   .53    .0
  1 1974 319  11936.35  18.2  28.3   1.8   .53   9.6
  1 1974 320  12335.66  20.6  30.9   1.9   .53    .0
  1 1974 321  18802.28  20.2  31.2   2.0   .53   3.1
  1 1974 322  11643.16  21.8  28.5   2.1   .53   9.3
  1 1974 323  18724.84  19.8  30.3   1.9   .53   3.4
  1 1974 324   9263.02  19.4  28.1   1.8   .53   7.5
  1 1974 325  16113.50  18.5  31.0   1.7   .53   3.0
  1 1974 326   8906.07  20.9  26.2   2.0   .53  11.7
  1 1974 327  14260.03  20.1  30.4   1.9   .53  15.5
  1 1974 328  13391.45  22.6  31.5   2.0   .53  16.7
  1 1974 329   9690.95  22.6  28.0   2.0   .53   9.7
  1 1974 330   8623.80  22.5  25.4   2.1   .53  47.0
  1 1974 331   8607.32  22.2  24.4   2.0   .53  50.1
  1 1974 332   8591.42  20.9  23.5   1.8   .53  22.9
  1 1974 333  13378.34  20.8  30.8   2.0   .53    .2
  1 1974 334  11793.31  22.0  31.0   2.1   .53   1.3
  1 1974 335   8547.25  21.3  27.1   2.0   .53  31.3
  1 1974 336  11029.59  21.9  28.2   2.0   .55 140.8
  1 1974 337   8520.92  20.7  23.5   1.8   .55 107.2
  1 1974 338   9753.78  20.7  26.5   2.1   .55  34.8
  1 1974 339   9326.36  21.9  25.8   1.9   .55  36.2
  1 1974 340   9625.32  20.9  26.5   1.8   .55   2.2
  1 1974 341  12717.41  20.9  29.0   1.9   .55    .1
  1 1974 342  12290.86  18.8  27.9   1.8   .55    .2
  1 1974 343  18165.45  19.6  30.9   1.9   .55    .0
  1 1974 344  14125.73  19.3  30.2   1.7   .55    .1
  1 1974 345  19167.79  18.4  30.5   1.8   .55   3.7
  1 1974 346   9776.10  19.3  27.8   1.7   .55  10.1
  1 1974 347  12344.83  20.8  29.9   1.9   .55   2.4
  1 1974 348  18618.66  19.9  31.3   1.8   .55   4.0
  1 1974 349  14493.60  21.1  30.2   2.0   .55   1.8
  1 1974 350  10681.31  19.5  30.0   1.8   .55   3.7
  1 1974 351  17878.58  18.1  30.5   1.7   .55   1.5
  1 1974 352  17772.22  21.0  30.1   2.0   .55    .0
  1 1974 353  15404.92  17.3  30.0   1.6   .55    .0
  1 1974 354  14170.38  21.0  30.6   1.7   .55    .0
  1 1974 355  16433.64  18.9  30.2   1.8   .55   7.8
  1 1974 356  13350.21  21.3  30.0   1.9   .55   4.8
  1 1974 357  14176.21  21.4  29.8   1.9   .55  11.2
  1 1974 358  13563.13  19.2  30.0   1.8   .55  15.8
  1 1974 359   8627.26  21.1  28.2   1.9   .55   1.9
  1 1974 360  18209.37  20.0  30.0   1.9   .55    .1
  1 1974 361  13582.64  19.8  30.5   1.8   .55   5.3
  1 1974 362  14931.69  19.2  29.7   1.9   .55   4.1
  1 1974 363  17315.25  18.0  30.1   1.6   .55    .0
  1 1974 364  12270.33  18.5  30.1   1.7   .55    .2
  1 1974 365  14967.73  19.2  30.3   1.7   .55   1.1
