*---------------------------------------------------------              
* Station name: Hacienda El Carmen                                      
* Author: Atlantic Zone Project, AUW-MAG-CATIE, Costa Rica              
* Source: IMN, San Jose, Costa Rica                                     
*                                                                       
* Comments: No wind speed data                                          
*           No solar radiation data                                     
*           Check unit of VP                                            
*                                                                       
* Longitude:  83  29 W, latitude:  10  12 N, altitude:  15 m.           
* Column  Daily value                                                   
*    1    station number                                                
*    2    year                                                          
*    3    month                                                         
*    4    day                                                           
*    5    julian date                                                   
*    6    irradiation            (cal cm-2 d-1)                         
*    7    minimum temperature    (degrees Celcius)                      
*    8    maximum temperature    (degrees Celcius)                      
*    9    vapor pressure at 0700 (mbar)                                 
*   10    vapor pressure at 1300 (mbar)                                 
*   11    vapor pressure at 1800 (mbar)                                 
*   12    mean wind speed        (kilometer per hour)                   
*   13    precipitation          (mm d-1)                               
*   14    sunshine hours         (hours)                                
* Missing value: -99                                                    
*---------------------------------------------------------              
*  data converted with WDC for CABO-format
*-------------------------------------------
  83.48  10.20    15.  .00  .00
  1 1983   1  11569.72  20.5  30.5   2.3   .55  19.5
  1 1983   2  11582.17  21.0  31.0   2.6   .55    .0
  1 1983   3  12735.21  18.2  30.0   2.3   .55   4.8
  1 1983   4  12335.86  21.0  30.0   2.6   .55   2.7
  1 1983   5   8717.82  20.5  30.5   2.5   .55   7.6
  1 1983   6  15799.30  21.0  30.5   2.7   .55   1.1
  1 1983   7   8639.77  21.5  28.0   2.7   .55  18.4
  1 1983   8  12197.09  22.0  29.5   2.9   .55   5.0
  1 1983   9   9607.48  22.5  28.5   2.8   .55    .3
  1 1983  10  17462.13  21.0  32.0   2.8   .55   3.7
  1 1983  11  13618.41  22.5  30.0   2.9   .55   1.4
  1 1983  12  10497.74  21.0  30.5   2.6   .55   2.2
  1 1983  13   8627.86  21.0  25.0   2.6   .55  79.2
  1 1983  14   8645.35  20.0  25.5   2.5   .55  60.1
  1 1983  15   8979.39  21.0  25.5   2.5   .55  44.7
  1 1983  16   8681.99  19.0  23.0   2.4   .55  12.9
  1 1983  17  11872.08  19.0  28.5   2.3   .55   1.1
  1 1983  18  14968.19  19.0  30.5   2.6   .55    .3
  1 1983  19  15848.45  20.5  31.5   2.7   .55    .0
  1 1983  20  18539.41  20.0  31.0   2.6   .55    .0
  1 1983  21  15704.03  20.0  32.0   2.6   .55    .0
  1 1983  22  17339.30  20.5  31.0   2.7   .55    .0
  1 1983  23  11712.29  22.5  31.0   2.9   .55    .2
  1 1983  24  14203.97  23.0  32.5   2.9   .55    .0
  1 1983  25  12305.54  22.5  32.0   2.9   .55    .0
  1 1983  26  15669.61  20.5  32.0   2.6   .55    .0
  1 1983  27  17862.37  19.0  33.0   2.6   .55    .0
  1 1983  28  10561.04  20.5  29.0   2.6   .59   7.4
  1 1983  29  12861.07  19.5  30.7   2.5   .59    .0
  1 1983  30  14737.19  21.0  30.7   2.8   .59    .0
  1 1983  31  16404.09  19.0  30.3   2.6   .59    .0
  1 1983  32  16662.40  19.5  30.0   2.7   .59    .0
  1 1983  33  18668.22  20.5  32.0   2.7   .59    .0
  1 1983  34  15213.89  21.0  32.0   2.8   .59    .7
  1 1983  35   9552.57  20.5  29.0   2.5   .59   8.6
  1 1983  36  14741.74  20.5  30.5   2.5   .59   2.4
  1 1983  37  15549.91  20.5  30.5   2.8   .59    .0
  1 1983  38  17464.65  19.4  32.0   2.5   .59    .0
  1 1983  39  17729.19  20.9  32.0   2.6   .59   1.8
  1 1983  40  17108.41  20.5  31.2   2.7   .59    .0
  1 1983  41  17150.95  21.0  31.8   2.8   .59    .0
  1 1983  42   9294.37  22.6  29.0   2.8   .59   1.7
  1 1983  43  11327.07  22.3  30.5   2.8   .59   6.2
  1 1983  44  10239.96  20.6  29.5   2.9   .59  58.7
  1 1983  45   9819.88  20.5  26.5   2.6   .59    .7
  1 1983  46  15791.95  20.5  30.5   2.7   .59    .0
  1 1983  47  19989.49  21.0  31.5   2.8   .59    .0
  1 1983  48  17107.92  22.0  32.0   2.8   .59  12.7
  1 1983  49  19631.22  22.0  30.5   2.8   .59    .0
  1 1983  50  19563.31  19.0  30.5   2.7   .59    .0
  1 1983  51   9865.34  20.0  28.5   2.6   .59   2.0
  1 1983  52  16360.52  21.0  31.5   2.6   .59   3.1
  1 1983  53   9575.47  21.5  28.8   3.0   .59  15.2
  1 1983  54  12220.29  22.0  31.0   2.8   .59  48.5
  1 1983  55   9624.65  21.6  28.6   2.9   .59    .8
  1 1983  56  10220.51  22.0  30.5   2.9   .59   3.6
  1 1983  57  19750.74  21.0  33.0   2.9   .59    .0
  1 1983  58  17267.78  23.0  34.5   3.4   .59   2.1
  1 1983  59  17188.82  22.0  32.5   3.0   .59  74.7
  1 1983  60   9743.22  22.0  28.0   3.1   .59 164.4
  1 1983  61   9766.06  23.0  25.5   3.0   .59  58.7
  1 1983  62   9904.02  22.0  28.0   2.8   .59  16.5
  1 1983  63  17788.46  21.0  31.0   2.8   .59    .0
  1 1983  64  16548.19  21.0  31.0   2.8   .59    .0
  1 1983  65  19709.72  19.0  32.0   2.8   .59    .0
  1 1983  66  17189.86  21.5  32.0   2.9   .59    .0
  1 1983  67  12686.07  23.5  31.6   3.1   .59    .2
  1 1983  68  17482.60  22.0  32.5   2.9   .59    .0
  1 1983  69  19376.54  21.0  33.5   2.7   .59    .0
  1 1983  70  18590.32  21.1  32.0   2.7   .59  25.2
  1 1983  71   9974.58  20.0  27.0   2.5   .59  22.7
  1 1983  72   9993.19  20.5  27.6   2.6   .59    .6
  1 1983  73  17269.40  20.5  30.5   2.5   .59    .0
  1 1983  74  17997.33  20.5  32.0   2.8   .59    .0
  1 1983  75  16614.56  22.0  34.0   3.0   .59    .0
  1 1983  76  14524.08  22.0  32.0   3.1   .59    .1
  1 1983  77  10196.94  20.6  31.0   3.2   .59    .2
  1 1983  78  13975.54  23.0  32.5   3.0   .59    .0
  1 1983  79  17759.16  18.0  33.5   3.0   .59    .0
  1 1983  80  16955.00  19.0  33.5   3.3   .59    .0
  1 1983  81  13438.96  24.0  32.5   3.1   .59    .1
  1 1983  82  17934.68  22.2  31.5   2.8   .59    .1
  1 1983  83  15357.16  22.4  31.5   2.8   .59    .0
  1 1983  84  14546.43  19.0  31.5   2.8   .59    .0
  1 1983  85  18929.02  19.5  32.0   2.4   .59    .0
  1 1983  86  10440.39  19.5  30.0   2.9   .59    .9
  1 1983  87  10215.51  22.5  27.0   2.8   .59   4.9
  1 1983  88  10462.69  21.5  31.0   2.7   .59  14.2
  1 1983  89  10236.65  21.5  29.5   2.7   .59   3.4
  1 1983  90  16394.38  20.5  31.5   2.7   .59    .0
  1 1983  91  19242.38  21.8  31.8   2.7   .60    .0
  1 1983  92  12274.87  23.0  30.5   2.9   .60    .0
  1 1983  93  16304.04  22.0  32.0   2.9   .60   2.7
  1 1983  94  15602.19  23.0  31.5   2.8   .60   3.1
  1 1983  95  14544.89  23.0  31.0   2.9   .60    .8
  1 1983  96  17034.23  22.1  32.5   3.0   .60    .7
  1 1983  97  11364.89  23.0  32.4   2.9   .60    .3
  1 1983  98  17989.52  21.0  31.5   2.7   .60    .0
  1 1983  99  14093.39  21.1  31.8   2.9   .60   9.0
  1 1983 100  10316.81  21.8  30.5   2.7   .60    .0
  1 1983 101  22721.25  19.5  32.5   2.6   .60   8.3
  1 1983 102  11977.75  20.0  30.5   2.6   .60    .8
  1 1983 103  11272.46  20.5  30.9   2.6   .60    .0
  1 1983 104  19885.32  21.0  31.6   2.7   .60    .0
  1 1983 105  19411.54  21.5  32.3   2.9   .60    .0
  1 1983 106  21176.19  20.2  33.3   2.7   .60    .0
  1 1983 107  21878.19  19.2  33.5   2.5   .60    .0
  1 1983 108  10927.22  20.0  31.0   2.5   .60   1.2
  1 1983 109  10339.56  19.0  29.7   2.6   .60    .5
  1 1983 110  18802.38  19.3  33.2   2.7   .60    .0
  1 1983 111  14685.57  20.5  32.2   3.1   .60    .0
  1 1983 112  18554.88  22.5  32.7   3.1   .60    .0
  1 1983 113  17492.27  22.0  33.0   3.0   .60    .0
  1 1983 114  19125.80  21.0  34.0   2.9   .60    .0
  1 1983 115  17243.68  21.8  34.8   3.0   .60    .0
  1 1983 116  14662.36  22.0  33.1   2.8   .60    .0
  1 1983 117  20383.08  21.0  34.4   2.9   .60   8.7
  1 1983 118  15700.73  22.5  34.5   3.0   .60   7.6
  1 1983 119  19425.85  20.6  32.0   2.8   .51    .0
  1 1983 120  22094.47  19.0  32.0   2.4   .51    .0
  1 1983 121  18353.76  20.9  32.0   2.7   .51    .0
  1 1983 122  21017.20  18.5  33.8   2.5   .51    .0
  1 1983 123  17748.92  22.5  33.5   3.1   .51    .0
  1 1983 124  14022.71  22.1  34.5   2.8   .51    .0
  1 1983 125  16333.38  21.5  34.0   2.8   .51  82.6
  1 1983 126  10299.35  22.8  24.2   3.0   .51  45.0
  1 1983 127  11220.13  20.8  30.8   3.0   .51  39.5
  1 1983 128  10751.79  22.8  30.0   3.1   .51 129.3
  1 1983 129  10399.74  22.7  30.0   2.9   .51  20.9
  1 1983 130  10509.56  23.0  30.0   3.1   .51 101.3
  1 1983 131  13153.18  23.0  31.0   3.0   .51  13.8
  1 1983 132  17861.86  24.0  31.5   3.0   .51  10.0
  1 1983 133  14284.64  23.0  32.5   3.0   .51   3.5
  1 1983 134  11289.33  22.8  31.0   3.0   .51   7.5
  1 1983 135  12887.65  22.7  32.0   3.0   .51   7.0
  1 1983 136  12649.55  21.5  34.0   2.7   .51    .4
  1 1983 137  10237.94  24.0  27.5   3.0   .51   4.1
  1 1983 138  10346.06  23.0  28.5   3.0   .51   6.2
  1 1983 139  10339.72  22.6  28.0   3.0   .51  32.5
  1 1983 140  12614.19  23.5  30.5   3.1   .51   6.8
  1 1983 141  10213.08  23.0  28.5   2.9   .51  13.3
  1 1983 142  18400.09  19.8  31.5   2.8   .51    .0
  1 1983 143  22136.44  21.0  32.0   2.6   .51    .0
  1 1983 144  18824.66  22.0  32.5   2.5   .51    .8
  1 1983 145  11889.87  22.5  31.5   2.9   .51    .0
  1 1983 146  10635.49  23.0  33.0   3.0   .51    .0
  1 1983 147  19006.68  20.3  33.5   2.7   .51   1.8
  1 1983 148  12432.27  22.5  32.2   2.8   .51    .0
  1 1983 149  15927.10  22.0  34.0   3.2   .51    .0
  1 1983 150  15690.25  22.0  34.5   2.8   .51    .0
  1 1983 151  14890.13  23.5  32.5   2.9   .51    .0
  1 1983 152  20627.66  23.0  34.5   2.7   .51   1.4
  1 1983 153  19825.28  23.2  34.6   3.2   .51  34.9
  1 1983 154  10586.97  23.0  32.0   2.9   .51  15.3
  1 1983 155  16314.66  23.8  32.7   2.9   .51  10.6
  1 1983 156  14507.85  22.1  33.1   2.9   .51    .0
  1 1983 157  20561.34  22.0  32.5   2.9   .51    .4
  1 1983 158  16735.84  23.0  33.5   2.9   .51  11.0
  1 1983 159  12467.51  22.6  33.0   3.0   .51    .0
  1 1983 160  18959.49  23.0  33.0   3.0   .51    .0
  1 1983 161  10441.33  22.0  32.0   2.8   .51   2.0
  1 1983 162  15361.07  22.0  32.6   2.8   .51    .0
  1 1983 163  21058.94  21.0  34.9   3.0   .51    .0
  1 1983 164  19597.26  20.8  34.5   2.7   .51    .0
  1 1983 165  19143.19  23.0  34.0   2.7   .51    .0
  1 1983 166  19695.38  22.1  35.0   2.8   .51    .0
  1 1983 167  13213.21  23.5  34.0   3.4   .51   2.3
  1 1983 168  13991.34  24.0  34.0   3.0   .51    .6
  1 1983 169  10082.42  22.5  30.7   2.8   .51    .0
  1 1983 170  20233.52  23.5  34.0   3.0   .51  26.0
  1 1983 171  16772.08  23.0  32.5   3.1   .51  12.7
  1 1983 172  13423.85  22.5  32.5   3.2   .51    .0
  1 1983 173  14426.20  21.0  34.5   2.9   .51    .0
  1 1983 174  10076.07  22.0  29.0   2.9   .51  16.3
  1 1983 175  15985.82  19.5  33.2   2.6   .51    .0
  1 1983 176  19554.27  23.5  33.5   3.0   .51    .0
  1 1983 177  20335.58  21.5  34.2   2.7   .51   7.0
  1 1983 178  10075.60  23.0  29.6   3.1   .51  23.8
  1 1983 179  14872.90  20.8  32.7   2.7   .51   9.2
  1 1983 180  10076.86  22.5  28.2   2.9   .51   9.9
  1 1983 181  17331.90  22.0  32.0   2.7   .51  21.5
  1 1983 182  10079.10  22.5  30.5   2.8   .51   6.9
  1 1983 183  13542.20  22.1  30.6   3.0   .51   3.2
  1 1983 184  13098.29  21.5  32.9   2.9   .51  13.4
  1 1983 185  13213.13  23.5  28.0   2.8   .51   1.9
  1 1983 186  11763.26  22.5  32.0   2.9   .51   3.5
  1 1983 187  10536.06  22.0  31.0   2.9   .51  33.1
  1 1983 188  16805.38  21.2  32.3   2.8   .51  13.2
  1 1983 189  10653.77  21.0  30.0   2.6   .51  12.1
  1 1983 190  10881.07  20.5  31.0   2.8   .51  21.2
  1 1983 191  20636.66  21.0  33.0   2.8   .51    .0
  1 1983 192  10327.60  22.0  28.8   2.9   .51   1.7
  1 1983 193  17289.84  21.6  31.6   2.8   .51   4.9
  1 1983 194  13592.01  21.8  30.9   3.0   .51    .2
  1 1983 195  16632.87  21.8  32.5   3.0   .51    .0
  1 1983 196  20015.88  23.0  33.8   2.8   .51  18.2
  1 1983 197  14174.13  23.8  32.0   2.9   .51   3.0
  1 1983 198  10351.22  22.7  27.8   2.7   .51   4.3
  1 1983 199  13061.44  22.0  30.1   2.6   .51  21.2
  1 1983 200  11149.89  24.0  29.5   3.0   .51  37.7
  1 1983 201  11042.15  23.0  30.0   2.9   .51   6.5
  1 1983 202  13760.12  22.8  30.2   2.9   .51   6.5
  1 1983 203  10939.44  21.1  30.0   2.8   .51  23.1
  1 1983 204  17285.82  20.5  32.6   2.7   .51  10.2
  1 1983 205  10156.46  22.5  29.0   2.8   .51  40.1
  1 1983 206  17534.89  21.9  31.8   2.7   .51    .3
  1 1983 207  17546.32  22.0  32.0   2.9   .51    .0
  1 1983 208  18012.44  22.2  32.5   2.7   .51   6.8
  1 1983 209  17114.24  22.0  32.5   3.0   .51  57.8
  1 1983 210  10178.79  20.6  27.0   2.8   .58    .5
  1 1983 211  12690.86  21.0  30.5   2.9   .58  34.5
  1 1983 212  10301.50  22.0  30.0   2.8   .58  16.5
  1 1983 213  12475.78  21.3  31.5   2.7   .58    .5
  1 1983 214  19226.95  23.0  34.0   3.0   .58    .0
  1 1983 215  14090.30  21.6  32.5   2.7   .58    .2
  1 1983 216  10661.69  22.2  31.0   2.9   .58  25.4
  1 1983 217  14220.02  21.6  32.0   3.1   .58 100.3
  1 1983 218  10784.61  21.5  28.5   2.8   .58   8.6
  1 1983 219  20437.50  21.0  33.0   2.8   .58   2.3
  1 1983 220  22174.92  22.6  32.0   3.1   .58    .0
  1 1983 221  15859.48  22.7  32.0   3.0   .58  37.7
  1 1983 222  18516.75  22.5  32.0   3.1   .58  22.3
  1 1983 223  11032.93  23.2  29.5   3.0   .58   7.0
  1 1983 224  16921.02  20.5  31.3   2.8   .58   1.9
  1 1983 225  21086.65  21.4  32.0   2.7   .58   3.9
  1 1983 226  17976.81  21.9  32.2   2.8   .58  97.4
  1 1983 227  12084.89  22.0  30.5   2.8   .58   6.7
  1 1983 228  18455.54  21.1  31.5   2.8   .58    .0
  1 1983 229  11510.89  21.5  30.5   3.1   .58   5.7
  1 1983 230  10237.08  22.0  26.5   2.8   .58  51.5
  1 1983 231  11630.04  19.5  30.5   2.4   .58    .8
  1 1983 232  18134.13  21.0  32.0   2.9   .58   2.1
  1 1983 233  18023.10  21.2  33.0   2.8   .58    .2
  1 1983 234  12678.76  22.5  30.5   3.0   .58   3.3
  1 1983 235  13377.49  22.5  32.5   2.9   .58   1.5
  1 1983 236  11981.03  22.0  29.6   2.9   .58   7.5
  1 1983 237  16523.34  21.6  32.0   2.9   .58  12.4
  1 1983 238  12562.02  22.0  31.6   2.9   .58   5.1
  1 1983 239  13610.21  21.0  32.0   2.6   .58  24.3
  1 1983 240  11042.46  21.3  31.5   2.7   .58   7.4
  1 1983 241  15357.81  21.5  32.5   2.9   .58    .1
  1 1983 242  17574.50  21.0  32.8   3.0   .58    .0
  1 1983 243  11850.11  22.0  32.3   2.7   .58   4.3
  1 1983 244  19323.31  21.7  32.6   2.8   .58    .0
  1 1983 245  14646.41  21.9  32.9   2.8   .53    .0
  1 1983 246  10200.32  22.0  29.0   2.9   .53   9.5
  1 1983 247  13117.33  21.0  32.5   2.8   .53    .0
  1 1983 248  11591.48  21.5  32.0   2.8   .53   9.8
  1 1983 249  19770.85  22.3  32.0   3.1   .53    .0
  1 1983 250  16606.73  20.7  32.0   2.9   .53    .0
  1 1983 251  11570.38  20.5  31.5   2.7   .53    .0
  1 1983 252  19865.64  21.0  33.0   2.7   .53  54.7
  1 1983 253  12489.23  20.5  30.5   2.7   .53  23.1
  1 1983 254  14000.05  20.2  30.5   2.9   .53   7.5
  1 1983 255  10132.00  21.0  31.0   2.7   .53    .0
  1 1983 256  14914.38  20.5  32.5   2.6   .53  25.2
  1 1983 257  17590.50  20.5  33.0   2.7   .53    .0
  1 1983 258  18862.48  21.0  33.5   2.8   .53  26.4
  1 1983 259  14176.89  22.0  32.5   2.9   .53    .0
  1 1983 260  17548.86  21.8  33.6   2.8   .53    .7
  1 1983 261  10415.53  21.0  30.5   2.8   .53    .4
  1 1983 262  12385.33  21.5  31.0   2.9   .53   4.3
  1 1983 263  17616.43  20.0  32.0   2.5   .53    .0
  1 1983 264  14336.40  21.0  32.0   2.7   .53  10.0
  1 1983 265  13504.60  21.5  31.5   2.8   .53    .0
  1 1983 266  14185.78  22.0  32.0   2.9   .53   4.5
  1 1983 267  18818.39  21.0  33.0   2.9   .53    .0
  1 1983 268  10896.12  22.5  28.5   2.9   .53  11.3
  1 1983 269  18656.99  20.2  32.7   2.9   .53   4.3
  1 1983 270  10514.36  22.0  31.7   2.8   .53   9.2
  1 1983 271  15943.33  21.0  32.0   2.9   .53    .0
  1 1983 272  10479.30  21.5  28.2   3.0   .53    .1
  1 1983 273  13121.11  21.8  32.2   3.0   .54    .0
  1 1983 274  13099.71  21.8  31.5   2.9   .54  17.1
  1 1983 275  14693.46  20.5  31.5   2.8   .54    .2
  1 1983 276  16974.69  21.6  33.0   2.9   .54    .0
  1 1983 277  10384.04  22.0  32.0   3.0   .54    .0
  1 1983 278  10478.75  22.1  28.0   3.1   .54   3.8
  1 1983 279   9768.80  20.5  25.8   2.8   .54   9.7
  1 1983 280  14795.60  20.5  31.5   2.8   .54    .0
  1 1983 281  19235.76  20.0  32.0   2.7   .54  33.8
  1 1983 282  13138.71  20.7  30.8   2.8   .54  18.7
  1 1983 283  17681.82  20.5  32.0   2.7   .54  28.4
  1 1983 284  15367.23  20.5  31.0   2.8   .54    .0
  1 1983 285  10211.54  21.0  29.5   2.7   .54    .1
  1 1983 286  17580.26  21.0  32.2   2.8   .54    .0
  1 1983 287  11527.63  21.5  31.5   2.9   .54   6.2
  1 1983 288  17736.56  20.4  32.0   2.8   .54  13.1
  1 1983 289  16908.03  21.7  32.0   2.8   .54    .2
  1 1983 290  20714.03  21.0  32.0   2.9   .54   7.0
  1 1983 291  19430.90  20.0  31.5   2.7   .54    .0
  1 1983 292  18489.37  19.5  32.0   2.5   .54    .2
  1 1983 293  14515.82  20.4  31.5   2.6   .54   2.6
  1 1983 294  15604.84  19.7  32.0   2.7   .54  10.8
  1 1983 295  17249.50  20.0  32.3   2.6   .54    .0
  1 1983 296  15869.45  20.1  32.0   2.8   .54    .0
  1 1983 297  18511.01  20.0  32.0   2.7   .54    .0
  1 1983 298  18469.40  22.2  27.0   2.8   .54  28.1
  1 1983 299  18427.57  20.4  33.0   2.7   .54    .0
  1 1983 300  14169.65  22.0  32.8   2.9   .54  46.2
  1 1983 301  11865.67  21.0  26.5   3.0   .54  36.5
  1 1983 302   9570.48  20.7  26.5   2.7   .54  53.0
  1 1983 303   9434.96  21.7  29.5   2.7   .54  14.9
  1 1983 304  13813.12  21.0  29.5   2.7   .54   2.3
  1 1983 305  18173.86  19.5  32.5   2.5   .54    .1
  1 1983 306  12539.72  20.5  31.0   2.8   .54   5.8
  1 1983 307   9116.44  21.5  28.5   2.9   .54  47.1
  1 1983 308   9528.97  21.1  29.5   2.8   .53  17.6
  1 1983 309  14299.28  21.0  31.0   2.8   .53    .7
  1 1983 310  14808.62  21.5  31.5   2.9   .53   4.7
  1 1983 311   9562.84  22.0  27.5   2.9   .53  16.3
  1 1983 312  17121.40  19.4  32.5   2.6   .53    .0
  1 1983 313  14162.58  20.5  33.5   2.7   .53    .1
  1 1983 314  14129.04  22.0  32.0   2.9   .53    .3
  1 1983 315  16465.04  20.6  33.5   2.9   .53    .0
  1 1983 316  14707.83  19.5  32.0   2.5   .53    .0
  1 1983 317  16283.19  19.0  32.5   2.7   .53    .5
  1 1983 318  10036.92  21.5  31.0   2.9   .53    .0
  1 1983 319  15783.42  21.0  32.0   2.9   .53    .0
  1 1983 320  16388.81  19.5  32.6   2.8   .53  39.1
  1 1983 321  14330.79  21.0  31.0   2.7   .53    .0
  1 1983 322  15256.31  19.5  31.7   2.7   .53    .0
  1 1983 323  11193.31  21.0  31.2   2.7   .53    .0
  1 1983 324  12016.16  21.7  34.0   2.9   .53    .0
  1 1983 325   9031.18  22.5  28.3   3.0   .53   5.0
  1 1983 326   9222.65  21.0  29.8   2.6   .53   2.7
  1 1983 327  11836.97  21.5  32.0   2.8   .53   1.8
  1 1983 328   8658.38  20.5  27.5   2.7   .53    .9
  1 1983 329  13366.40  19.0  31.0   2.8   .53   1.0
  1 1983 330  10196.56  19.0  29.9   2.4   .53    .4
  1 1983 331   9026.10  21.5  30.5   2.9   .53    .0
  1 1983 332   8591.42  21.0  27.3   2.8   .53   7.7
  1 1983 333  11394.80  20.0  32.0   2.7   .53   5.5
  1 1983 334   8561.36  20.0  25.9   2.8   .53   4.4
  1 1983 335  15627.52  17.5  30.2   2.7   .53    .5
  1 1983 336  12069.52  19.2  31.5   2.4   .55    .0
  1 1983 337  17765.37  20.0  33.2   2.3   .55    .5
  1 1983 338   9961.28  21.5  31.0   2.6   .55   2.8
  1 1983 339  10777.37  21.8  31.6   2.8   .55    .2
  1 1983 340  12835.06  21.0  30.5   2.5   .55   5.5
  1 1983 341  17579.24  19.0  31.5   2.3   .55    .0
  1 1983 342  17768.58  17.8  31.0   1.9   .55    .4
  1 1983 343  12382.33  20.5  30.6   2.6   .55    .3
  1 1983 344  10513.95  20.8  31.0   2.5   .55   6.5
  1 1983 345   9783.43  21.5  30.0   2.6   .55   9.9
  1 1983 346  12558.80  19.8  31.0   2.5   .55   1.6
  1 1983 347  12962.88  21.0  31.0   2.5   .55   9.0
  1 1983 348  13058.75  22.0  30.5   2.8   .55    .0
  1 1983 349  14493.60  20.0  31.5   2.5   .55   1.0
  1 1983 350  11298.65  21.5  31.0   2.6   .55   2.3
  1 1983 351   8620.76  21.5  26.5   2.5   .55  24.5
  1 1983 352  14069.71  21.0  31.0   2.6   .55    .0
  1 1983 353  10365.85  21.5  30.0   2.6   .55   2.6
  1 1983 354  12422.17  21.0  30.5   2.6   .55    .2
  1 1983 355  11291.53  21.0  31.0   2.5   .55  13.3
  1 1983 356   9338.83  22.0  28.5   2.7   .55  23.0
  1 1983 357   8723.73  22.0  29.5   2.8   .55   8.0
  1 1983 358   9241.09  20.0  29.0   2.5   .55  14.4
  1 1983 359   8524.31  21.8  28.5   2.6   .55   1.1
  1 1983 360  14604.85  21.4  31.0   2.5   .55    .0
  1 1983 361   8842.90  19.8  30.5   2.6   .55    .0
  1 1983 362  15962.66  21.8  32.8   2.6   .55    .0
  1 1983 363  13395.04  21.4  32.0   2.6   .55   9.1
  1 1983 364   8450.55  22.5  27.8   2.9   .55  12.0
  1 1983 365   9491.84  19.4  27.0   2.5   .55  66.6
