*---------------------------------------------------------              
* Station name: Los Diamantes                                           
* Author: Atlantic Zone Project, AUW-MAG-CATIE, Costa Rica              
* Source: IMN, San Jose, Costa Rica                                     
*                                                                       
* Comments: Wind speed data still lacking                               
*           Check unit (and conversion factor)of VP, SR                 
*           No solar radiation data Jan-Aug                             
*                                                                       
* Longitude:  83  46 W, latitude:  10  13 N, altitude: 249 m.           
* Column  Daily value                                                   
*    1    station number                                                
*    2    year                                                          
*    3    month                                                         
*    4    day                                                           
*    5    julian date                                                   
*    6    irradiation            (1000 * MJ m-2 d-1)                    
*    7    minimum temperature    (degrees Celcius)                      
*    8    maximum temperature    (degrees Celcius)                      
*    9    vapor pressure at 0700 (mbar)                                 
*   10    vapor pressure at 1300 (mbar)                                 
*   11    vapor pressure at 1800 (mbar)                                 
*   12    mean wind speed        (kilometer per hour)                   
*   13    precipitation          (mm d-1)                               
*   14    sunshine hours         (hours)                                
* Missing value: -99                                                    
*---------------------------------------------------------              
*  data converted with WDC for CABO-format
*-------------------------------------------
  83.77  10.22   249.  .00  .00
  3 1983   1  14830.23  18.2  27.4   2.2   .42   6.5
  3 1983   2  10079.84  20.0  28.2   2.4   .42    .4
  3 1983   3  15866.90  17.5  28.3   2.2   .42   3.2
  3 1983   4  13497.98  21.0  28.2   2.6   .42   7.2
  3 1983   5   9615.10  20.2  26.8   2.5   .42   2.6
  3 1983   6  17061.01  20.5  28.5   2.4   .42   4.2
  3 1983   7   9643.61  20.2  27.5   2.5   .42  17.0
  3 1983   8  12942.48  22.0  27.2   2.7   .42   5.2
  3 1983   9  13721.82  21.3  27.5   2.6   .42   1.0
  3 1983  10  19063.25  20.9  29.7   2.7   .42   1.2
  3 1983  11  14402.01  22.0  28.0   2.7   .42   4.7
  3 1983  12  12522.08  18.8  27.5   2.4   .42    .5
  3 1983  13   9110.42  18.5  23.5   2.3   .42 100.8
  3 1983  14   9128.91  19.6  23.2   2.4   .42  40.9
  3 1983  15   9147.99  20.0  22.7   2.3   .42  59.3
  3 1983  16   9167.64  19.2  21.0   2.2   .42  41.6
  3 1983  17   9187.86  18.7  23.9   2.1   .42    .3
  3 1983  18  11389.96  19.0  26.3   2.3   .42   5.7
  3 1983  19  11672.35  20.2  28.2   2.4   .42    .0
  3 1983  20  16206.38  19.3  28.7   2.4   .42    .0
  3 1983  21  20758.19  18.7  30.2   2.4   .42    .0
  3 1983  22  17700.31  19.0  29.4   2.3   .42    .0
  3 1983  23  12299.30  21.8  28.3   2.6   .42   2.1
  3 1983  24  15833.42  22.0  29.5   2.7   .42    .2
  3 1983  25  15090.15  21.7  29.2   2.6   .42    .1
  3 1983  26  14995.88  20.0  29.5   2.4   .42    .0
  3 1983  27  18819.46  18.2  30.4   2.2   .42    .0
  3 1983  28   9441.58  19.5  25.5   2.3   .44   2.7
  3 1983  29  15106.09  18.5  28.5   2.3   .44    .0
  3 1983  30  16326.42  20.7  28.9   2.4   .44    .2
  3 1983  31  14391.38  17.9  28.4   2.3   .44    .0
  3 1983  32  16803.56  18.0  28.9   2.2   .44    .2
  3 1983  33  17242.26  19.8  30.1   2.4   .44    .0
  3 1983  34  19671.09  20.8  29.8   2.5   .44    .0
  3 1983  35  13210.86  18.7  27.5   2.1   .44   5.0
  3 1983  36  13777.95  19.4  27.8   2.3   .44   5.6
  3 1983  37  15548.05  19.5  28.5   2.5   .44    .1
  3 1983  38  20133.08  18.6  30.7   2.4   .44    .5
  3 1983  39  17905.12  18.9  29.2   2.4   .44    .5
  3 1983  40  16741.54  19.5  29.2   2.4   .44    .0
  3 1983  41  18263.64  18.8  30.3   2.4   .44    .9
  3 1983  42   9815.07  21.7  27.0   2.5   .44    .7
  3 1983  43  11598.85  21.2  28.7   2.5   .44  40.6
  3 1983  44  12983.74  21.4  28.5   2.6   .44  22.6
  3 1983  45   9897.24  20.0  23.7   2.3   .44   4.2
  3 1983  46  11283.95  21.0  27.4   2.5   .44    .0
  3 1983  47  18941.98  20.0  29.8   2.5   .44    .0
  3 1983  48  17212.72  20.5  29.0   2.5   .44    .8
  3 1983  49  18758.32  21.6  28.2   2.6   .44    .0
  3 1983  50  21679.72  18.4  29.0   2.3   .44    .0
  3 1983  51  12393.33  19.5  24.2   2.4   .44    .5
  3 1983  52  17651.02  20.8  29.5   2.4   .44   2.5
  3 1983  53  10663.54  22.5  27.5   2.8   .44   9.3
  3 1983  54  14142.03  21.8  28.3   2.6   .44  41.5
  3 1983  55  12100.58  22.0  27.3   2.6   .44   6.2
  3 1983  56  10328.54  21.7  24.5   2.7   .43   1.7
  3 1983  57  21457.02  19.9  31.0   2.6   .43    .0
  3 1983  58  18720.72  22.5  32.3   3.0   .43  69.8
  3 1983  59  21405.32  21.0  31.2   2.7   .43  92.0
  3 1983  60  10289.77  23.2  26.5   2.9   .43 151.0
  3 1983  61  10313.93  22.0  24.5   2.6   .43  51.0
  3 1983  62  10337.75  22.0  25.5   2.7   .43  15.0
  3 1983  63  18908.43  20.9  29.5   2.6   .43    .1
  3 1983  64  16839.10  21.0  29.8   2.5   .43    .0
  3 1983  65  20945.94  19.2  30.5   2.4   .43    .0
  3 1983  66  18449.83  21.7  30.3   2.2   .43    .0
  3 1983  67  12987.36  21.5  30.4   2.6   .43   8.6
  3 1983  68  18514.00  20.6  30.6   2.7   .43    .8
  3 1983  69  20239.89  19.7  30.0   2.5   .43    .0
  3 1983  70  20979.06  19.2  29.7   2.5   .43  57.8
  3 1983  71  10534.56  20.2  24.0   2.4   .43  28.6
  3 1983  72  10554.26  20.2  25.0   2.4   .43   2.3
  3 1983  73  17525.33  19.7  28.8   2.4   .43    .0
  3 1983  74  19113.09  20.2  30.0   2.7   .43    .0
  3 1983  75  17007.13  21.2  30.4   2.9   .43    .0
  3 1983  76  11908.75  23.7  30.0   2.8   .43    .1
  3 1983  77  10787.97  23.5  28.5   3.0   .43    .0
  3 1983  78  16077.49  23.5  31.0   2.8   .43    .0
  3 1983  79  19377.73  20.2  31.7   2.7   .43    .0
  3 1983  80  18543.20  23.2  32.0   3.0   .43    .6
  3 1983  81  13851.09  24.7  29.0   3.0   .43    .7
  3 1983  82  21154.54  22.3  30.0   2.8   .43   1.0
  3 1983  83  14884.16  22.5  30.0   2.7   .43    .0
  3 1983  84  15614.92  22.0  29.2   2.7   .43    .0
  3 1983  85  21639.82  18.0  30.0   2.2   .43    .0
  3 1983  86  12924.82  21.8  28.5   2.5   .43   2.3
  3 1983  87  10789.69  22.4  24.8   2.8   .43  19.4
  3 1983  88  11947.01  21.5  28.5   2.6   .43  13.9
  3 1983  89  10812.10  20.9  27.4   2.6   .43    .0
  3 1983  90  16124.26  19.4  28.7   2.5   .43   3.4
  3 1983  91  20004.21  21.0  30.0   2.4   .39   5.9
  3 1983  92  17291.20  22.8  28.9   2.8   .39   5.0
  3 1983  93  14863.65  20.8  30.8   2.8   .39    .0
  3 1983  94  12005.32  21.5  29.0   2.7   .39  25.7
  3 1983  95  16169.22  22.2  29.5   2.7   .39   2.0
  3 1983  96  20618.29  22.0  30.5   2.7   .39   5.7
  3 1983  97  16325.03  22.4  29.0   2.7   .39    .1
  3 1983  98  20771.01  19.5  30.2   2.5   .39   6.2
  3 1983  99  15331.91  22.5  30.2   2.7   .39   5.7
  3 1983 100  11469.93  22.0  28.7   2.7   .39    .3
  3 1983 101  24928.85  17.7  30.7   2.1   .39    .0
  3 1983 102  18632.28  18.0  28.0   2.2   .39  27.2
  3 1983 103  20492.02  19.0  29.5   2.5   .39    .0
  3 1983 104  22635.19  20.0  30.5   2.5   .39    .0
  3 1983 105  23203.64  20.3  31.0   2.6   .39    .0
  3 1983 106  22770.90  20.5  31.4   2.6   .39    .0
  3 1983 107  24335.92  18.0  31.5   2.4   .39    .0
  3 1983 108  12632.43  19.0  28.0   2.5   .39   2.1
  3 1983 109  11776.89  21.2  27.5   2.5   .39   1.0
  3 1983 110  20039.08  19.4  31.0   2.7   .39    .0
  3 1983 111  19178.50  22.7  31.2   2.8   .39    .0
  3 1983 112  21163.41  22.6  31.6   2.8   .39    .0
  3 1983 113  19449.04  23.0  31.2   2.7   .39    .0
  3 1983 114  20861.20  20.8  32.5   2.8   .39    .0
  3 1983 115  19006.59  21.7  31.0   2.9   .39    .0
  3 1983 116  15027.83  20.4  30.8   2.6   .39    .0
  3 1983 117  20404.77  21.2  31.0   2.6   .39    .5
  3 1983 118  17421.45  21.7  30.0   2.7   .39   5.9
  3 1983 119  19957.45  20.7  29.6   2.7   .37   1.4
  3 1983 120  22346.85  20.2  30.3   2.6   .37    .2
  3 1983 121  22049.81  19.8  30.2   2.5   .37    .0
  3 1983 122  24008.46  18.0  31.9   2.2   .37    .0
  3 1983 123  20188.49  22.5  32.0   2.6   .37   9.2
  3 1983 124  20877.90  21.2  32.0   2.9   .37    .0
  3 1983 125  18895.22  21.9  31.8   2.9   .37  96.9
  3 1983 126  10879.70  22.3  23.9   2.7   .37  45.5
  3 1983 127  17185.28  21.0  29.5   2.9   .37  23.0
  3 1983 128  14091.28  22.7  29.0   2.9   .37  75.9
  3 1983 129  14082.27  22.9  30.2   2.8   .37  12.2
  3 1983 130  12954.87  22.9  28.5   2.9   .37 107.1
  3 1983 131  12109.01  22.6  27.5   2.8   .37  45.2
  3 1983 132  22003.60  21.4  30.0   2.8   .37   3.4
  3 1983 133  15716.19  22.6  30.0   2.9   .37  11.9
  3 1983 134  12782.35  22.2  28.7   2.8   .37   6.0
  3 1983 135  11383.93  23.0  28.4   3.0   .37  51.5
  3 1983 136  21928.80  21.2  31.8   2.6   .37    .0
  3 1983 137  10953.82  22.8  26.7   2.8   .37   6.5
  3 1983 138  10808.64  22.2  26.5   2.9   .37  14.6
  3 1983 139  11355.62  23.0  28.2   2.9   .37  84.4
  3 1983 140  13283.64  22.9  29.5   2.8   .37  15.4
  3 1983 141  10788.97  22.3  25.7   2.7   .37  22.8
  3 1983 142  24437.45  19.8  30.7   2.6   .37    .0
  3 1983 143  23865.30  19.7  30.6   2.8   .37    .0
  3 1983 144  22468.72  20.0  31.0   2.4   .37    .0
  3 1983 145  13925.33  20.8  29.3   2.6   .37    .6
  3 1983 146  13366.28  21.4  29.5   2.8   .37    .0
  3 1983 147  22688.54  20.0  31.5   2.6   .37    .7
  3 1983 148  17187.09  20.5  31.0   2.7   .37    .0
  3 1983 149  15120.43  20.5  30.5   2.7   .37    .0
  3 1983 150  17710.17  21.5  31.9   2.9   .37    .9
  3 1983 151  19475.21  22.8  31.7   2.9   .37  28.5
  3 1983 152  22739.96  20.7  31.8   2.8   .37    .0
  3 1983 153  19448.74  22.4  32.2   2.9   .37  11.0
  3 1983 154  12208.81  21.7  29.0   2.7   .33  14.7
  3 1983 155  16017.51  22.8  30.2   2.8   .33   1.1
  3 1983 156  15599.89  21.4  30.0   2.8   .33    .0
  3 1983 157  22938.40  21.2  31.0   2.8   .33    .0
  3 1983 158  17622.68  21.8  31.5   2.8   .33  22.4
  3 1983 159  15303.74  22.0  31.0   2.9   .33   1.5
  3 1983 160  19913.35  21.8  31.5   3.0   .33   1.6
  3 1983 161  11896.98  20.8  28.5   2.6   .33   2.5
  3 1983 162  16639.66  21.5  30.2   2.6   .33    .0
  3 1983 163  21920.06  22.8  33.0   2.9   .33   5.6
  3 1983 164  21233.84  20.2  32.2   2.7   .33  16.4
  3 1983 165  18788.12  21.9  31.7   2.9   .33  18.2
  3 1983 166  22166.81  21.0  32.9   2.9   .33    .7
  3 1983 167  20671.33  21.2  32.2   2.7   .33    .0
  3 1983 168  20124.62  22.3  31.8   2.6   .33   2.0
  3 1983 169  10651.32  22.3  28.0   2.9   .33    .0
  3 1983 170  19845.45  21.8  32.0   2.8   .33    .0
  3 1983 171  20382.98  22.5  31.7   2.9   .33    .1
  3 1983 172  17000.47  23.5  30.3   3.0   .33    .2
  3 1983 173  16863.59  22.0  30.8   2.8   .33    .0
  3 1983 174  10779.79  22.0  28.0   2.7   .33  19.8
  3 1983 175  14699.11  19.5  30.0   2.5   .33   8.4
  3 1983 176  19024.42  22.3  31.8   3.0   .33    .0
  3 1983 177  23756.29  20.6  32.5   2.7   .33    .0
  3 1983 178  10644.10  22.2  26.2   2.8   .33  25.2
  3 1983 179  17405.39  21.0  29.8   2.9   .33  24.6
  3 1983 180  11186.39  21.8  26.5   2.7   .33   4.7
  3 1983 181  17139.54  20.2  30.2   2.8   .33  15.1
  3 1983 182  11324.32  22.0  29.0   2.6   .38  39.8
  3 1983 183  16063.36  21.8  28.5   2.9   .38   1.6
  3 1983 184  16879.43  21.6  29.7   2.8   .38   9.0
  3 1983 185  13091.24  21.2  29.0   2.7   .38   7.7
  3 1983 186  11739.44  20.5  27.8   2.7   .38  11.0
  3 1983 187  11471.27  22.2  28.0   2.8   .38  43.1
  3 1983 188  17035.50  20.9  29.7   2.8   .38  21.6
  3 1983 189  10799.12  21.8  27.2   2.6   .38   6.0
  3 1983 190  12567.50  20.4  29.3   2.7   .38   5.1
  3 1983 191  20180.46  20.4  31.8   2.7   .38    .4
  3 1983 192  12576.54  20.8  28.0   2.8   .38   4.4
  3 1983 193  17070.79  20.8  29.8   2.5   .38   4.4
  3 1983 194  18576.43  22.5  29.0   2.8   .38  17.7
  3 1983 195  18858.46  21.7  30.8   2.8   .38    .0
  3 1983 196  18595.90  22.4  31.8   2.8   .38    .0
  3 1983 197  15058.75  22.5  29.5   2.8   .38  42.8
  3 1983 198  13564.48  21.0  28.5   2.7   .38    .0
  3 1983 199  16440.99  20.6  30.0   2.8   .38   5.3
  3 1983 200  12620.68  22.9  29.4   2.9   .38  20.9
  3 1983 201  13585.07  22.8  28.8   3.0   .38   8.2
  3 1983 202  17565.37  22.7  30.0   2.8   .38  15.1
  3 1983 203  11816.74  23.0  28.7   2.6   .38  19.0
  3 1983 204  18273.26  20.5  30.0   2.5   .38   6.6
  3 1983 205  10729.14  22.0  27.0   2.7   .38  12.0
  3 1983 206  19809.19  20.8  29.5   2.8   .38    .0
  3 1983 207  17207.39  21.5  29.9   2.9   .38   5.1
  3 1983 208  21626.69  21.9  30.2   3.0   .38  30.5
  3 1983 209  21090.17  22.3  29.4   2.8   .38  38.4
  3 1983 210  10752.60  21.0  26.5   2.8   .34    .2
  3 1983 211  14211.21  20.5  28.2   2.5   .34   1.0
  3 1983 212  12282.90  21.3  28.6   2.8   .34   7.2
  3 1983 213  14918.93  22.2  29.3   2.8   .34    .0
  3 1983 214  18529.90  21.9  30.7   2.6   .34  61.1
  3 1983 215  14935.44  20.8  30.0   2.6   .34    .4
  3 1983 216  10778.56  21.0  28.9   2.6   .34   9.4
  3 1983 217  17035.84  22.2  29.8   2.8   .34  36.7
  3 1983 218  12594.45  21.5  28.0   2.6   .34   9.1
  3 1983 219  21371.04  21.4  31.0   2.8   .34  16.7
  3 1983 220  23195.94  22.4  30.5   2.8   .34    .0
  3 1983 221  18886.49  22.0  30.2   2.9   .34   5.8
  3 1983 222  17779.90  22.5  30.0   2.8   .34  14.4
  3 1983 223  15692.81  22.7  29.5   2.9   .34   1.2
  3 1983 224  17238.07  20.0  29.7   2.6   .34    .2
  3 1983 225  23964.96  20.2  30.2   2.5   .34   3.4
  3 1983 226  21456.24  21.5  30.8   2.7   .34  56.7
  3 1983 227  14876.58  22.4  29.0   2.7   .34  16.6
  3 1983 228  19652.39  20.5  30.5   2.7   .34    .0
  3 1983 229  13059.80  21.3  29.2   2.7   .34    .0
  3 1983 230  11516.28  22.4  26.3   2.8   .34  18.5
  3 1983 231  13626.94  19.0  29.2   2.5   .34    .0
  3 1983 232  18836.65  21.8  31.0   2.8   .34  20.4
  3 1983 233  21377.01  20.5  31.4   2.8   .34    .2
  3 1983 234  11658.81  21.9  27.5   2.7   .34  18.6
  3 1983 235  13068.56  22.0  29.2   2.7   .34   2.3
  3 1983 236  14197.36  22.3  29.0   2.7   .34   2.7
  3 1983 237  21962.60  21.4  31.0   2.6   .34  21.8
  3 1983 238  12078.23  22.0  28.4   2.6   .34   5.0
  3 1983 239  14478.84  20.8  29.4   2.6   .34  41.7
  3 1983 240  12498.04  20.6  28.5   2.7   .34  15.8
  3 1983 241  12778.23  21.2  29.0   2.7   .34  21.2
  3 1983 242  18010.86  21.0  30.4   2.8   .34   3.1
  3 1983 243  13054.63  21.4  29.0   2.9   .34  59.2
  3 1983 244  18289.73  21.0  30.9   2.7   .34    .0
  3 1983 245  14603.99  20.8  31.0   2.7   .33   3.0
  3 1983 246  11057.47  21.5  28.5   2.7   .33   7.4
  3 1983 247  11759.87  21.0  30.0   2.6   .33   4.0
  3 1983 248  12977.00  22.2  29.0   2.8   .33   9.7
  3 1983 249  21391.00  21.8  30.5   2.9   .33    .0
  3 1983 250  20511.00  20.5  30.3   2.5   .33    .6
  3 1983 251  14609.00  20.2  29.7   2.5   .33    .0
  3 1983 252  15697.00  21.6  31.2   2.8   .33  22.8
  3 1983 253  15823.00  20.2  30.5   2.6   .33   4.7
  3 1983 254  12307.00  21.6  29.5   2.7   .33  97.4
  3 1983 255  10799.00  20.5  28.3   2.7   .33  29.4
  3 1983 256  17163.00  20.0  30.0   2.5   .33   1.0
  3 1983 257  20027.40  20.5  30.8   2.5   .33    .0
  3 1983 258  16074.00  20.3  30.6   2.6   .33  43.9
  3 1983 259  12977.00  21.4  30.0   2.7   .33  14.0
  3 1983 260  14609.00  20.7  29.6   2.8   .33    .0
  3 1983 261  13981.00  20.5  30.0   2.6   .33    .0
  3 1983 262  11344.00  21.4  29.2   2.7   .33   7.7
  3 1983 263  20344.00  20.0  30.8   2.5   .33    .2
  3 1983 264  14399.00  20.0  28.5   2.7   .33   6.3
  3 1983 265  15781.00  21.0  30.0   2.6   .33    .1
  3 1983 266  10591.00  21.6  29.0   2.6   .33  33.2
  3 1983 267  13144.00  20.8  29.8   2.8   .33   3.2
  3 1983 268   6614.00  21.5  27.2   2.6   .33  23.8
  3 1983 269  12349.00  19.8  30.2   2.6   .33  25.8
  3 1983 270  15949.00  21.3  28.8   2.8   .33   6.7
  3 1983 271  17330.00  21.4  30.5   2.7   .33    .0
  3 1983 272   8665.00  21.7  27.3   2.8   .33    .0
  3 1983 273  11972.00  20.7  29.7   2.7   .24  22.2
  3 1983 274  10298.00  21.5  29.9   2.8   .24  47.6
  3 1983 275  15112.00  20.7  29.3   2.6   .24   7.4
  3 1983 276  11386.00  21.7  29.8   2.8   .24    .1
  3 1983 277  12349.00  21.0  29.8   2.6   .24   6.9
  3 1983 278   5986.00  22.0  26.3   2.8   .24   1.0
  3 1983 279   6405.00  21.0  26.2   2.6   .24   4.2
  3 1983 280  14232.00  20.3  29.9   2.5   .24    .6
  3 1983 281  15321.00  20.0  30.0   2.6   .24  40.3
  3 1983 282   8372.00  20.6  27.6   2.7   .24  69.2
  3 1983 283  11553.00  20.3  28.0   2.5   .24  17.2
  3 1983 284  12516.00  20.0  29.0   2.7   .24   2.3
  3 1983 285  10214.00  21.0  27.7   2.6   .24   1.3
  3 1983 286  12767.00  21.8  29.2   2.8   .24   2.3
  3 1983 287  10501.00  20.6  28.4   2.7   .24   2.6
  3 1983 288  12265.00  20.2  30.4   2.8   .24  52.5
  3 1983 289  14191.00  21.4  29.7   2.6   .24    .0
  3 1983 290  16995.00  20.3  30.3   2.6   .24    .4
  3 1983 291  15697.00  19.5  30.2   2.7   .24    .0
  3 1983 292  12893.00  19.0  30.0   2.4   .24  60.1
  3 1983 293  12642.00  19.7  29.6   2.5   .24  80.0
  3 1983 294  12474.00  19.9  29.4   2.6   .24   5.1
  3 1983 295  13269.00  19.5  30.0   2.6   .24  34.3
  3 1983 296  12599.00  20.4  29.6   2.5   .24  77.4
  3 1983 297  11428.00  20.4  30.0   2.8   .24    .0
  3 1983 298   6739.00  21.5  27.0   2.9   .24  10.3
  3 1983 299  14442.00  19.5  30.0   2.5   .24  50.1
  3 1983 300  12181.00  21.2  29.2   2.8   .24  42.8
  3 1983 301   4353.00  22.0  24.9   2.7   .24  17.9
  3 1983 302   3432.00  21.2  24.7   2.7   .24  46.2
  3 1983 303   6949.00  21.2  26.7   2.6   .24  12.3
  3 1983 304   6614.00  20.8  27.5   2.6   .24   1.7
  3 1983 305  14191.00  18.7  29.6   2.6   .24  20.8
  3 1983 306  11135.00  19.3  28.5   2.5   .24  19.1
  3 1983 307   6901.00  21.5  26.5   2.6   .24  17.3
  3 1983 308   7033.00  21.2  25.6   2.6   .37  38.1
  3 1983 309   7199.00  21.3  26.2   2.7   .37  32.2
  3 1983 310  10256.00  20.5  29.0   2.8   .37   1.1
  3 1983 311   5358.00  21.8  26.0   2.8   .37  13.9
  3 1983 312  14484.00  19.4  29.5   2.6   .37   7.9
  3 1983 313  12642.00  20.0  29.4   2.7   .37    .0
  3 1983 314  12977.00  21.0  30.0   2.6   .37   9.7
  3 1983 315  14191.00  21.2  30.3   2.8   .37  17.0
  3 1983 316  13814.00  19.2  30.0   2.6   .37  24.5
  3 1983 317  13018.00  19.4  29.4   2.6   .37  27.8
  3 1983 318   8539.00  21.0  27.2   2.7   .37   1.0
  3 1983 319  12516.00  21.0  29.4   2.7   .37   2.1
  3 1983 320  14358.00  19.4  29.8   2.5   .37   3.9
  3 1983 321  15028.00  20.5  29.2   2.1   .37    .0
  3 1983 322  14484.00  18.6  28.2   2.4   .37    .0
  3 1983 323  13772.00  21.0  28.9   2.6   .37    .0
  3 1983 324  13521.00  21.0  30.2   2.7   .37    .0
  3 1983 325   5274.00  22.4  27.5   2.7   .37   5.6
  3 1983 326  10507.00  20.5  28.5   2.6   .37   1.1
  3 1983 327  10256.00  20.8  29.5   2.7   .37   5.4
  3 1983 328   5818.00  20.5  28.1   2.6   .37    .6
  3 1983 329  11595.00  19.6  27.8   2.6   .37    .1
  3 1983 330  14525.00  18.5  28.8   2.3   .37    .3
  3 1983 331  10256.00  21.6  27.3   2.7   .37    .0
  3 1983 332   7325.00  21.0  26.4   2.5   .37    .4
  3 1983 333  10758.00  20.5  29.3   2.6   .37  24.9
  3 1983 334   3223.00  21.4  29.2   2.6   .37   2.1
  3 1983 335  12265.00  21.1  27.9   2.7   .37  16.3
  3 1983 336  11438.00  17.7  28.0   2.2   .37    .0
  3 1983 337  14735.00  18.2  30.2   2.4   .37    .0
  3 1983 338  10507.00  19.5  28.5   2.5   .37    .5
  3 1983 339  10507.00  20.6  28.7   2.7   .37   2.9
  3 1983 340  11763.00  19.0  28.4   2.3   .37   1.5
  3 1983 341  16828.00  18.0  29.2   2.1   .37    .0
  3 1983 342  14860.00  15.7  29.2   2.0   .37    .0
  3 1983 343  13186.00  18.0  28.3   2.3   .37    .0
  3 1983 344  10088.00  18.6  28.4   2.4   .37   7.1
  3 1983 345   8205.00  20.0  27.0   2.4   .37   1.3
  3 1983 346  11302.00  18.5  28.4   2.3   .37   2.2
  3 1983 347  13856.00  18.9  28.8   2.5   .37   7.2
  3 1983 348   8498.00  20.6  27.3   2.5   .37   4.1
  3 1983 349  11930.00  18.0  29.0   2.4   .37    .6
  3 1983 350   9753.00  19.9  28.4   2.4   .37  25.7
  3 1983 351   5274.00  20.2  26.2   2.4   .37  14.9
  3 1983 352  15327.00  19.0  28.8   2.5   .37    .0
  3 1983 353   8959.00  19.5  27.0   2.4   .37   1.2
  3 1983 354  10005.00  19.4  28.0   2.4   .37    .5
  3 1983 355   8665.00  19.7  27.0   2.3   .37   7.0
  3 1983 356   4521.00  21.8  25.0   2.5   .37  10.4
  3 1983 357   9293.00  21.0  27.5   2.6   .37  13.7
  3 1983 358  11302.00  19.7  28.8   2.5   .37    .5
  3 1983 359   9293.00  20.4  28.0   2.7   .37    .0
  3 1983 360  16827.00  18.9  28.7   2.3   .37    .0
  3 1983 361  10799.00  19.0  27.8   2.3   .37    .0
  3 1983 362  14399.00  18.5  29.5   2.4   .37    .0
  3 1983 363   9753.00  19.4  28.8   2.5   .37   4.9
  3 1983 364   6237.00  21.8  26.5   2.7   .37  28.7
  3 1983 365   7660.00  18.9  25.2   2.3   .37  42.8
