*---------------------------------------------------------              
* Station name: Los Diamantes                                           
* Author: Atlantic Zone Project, AUW-MAG-CATIE, Costa Rica              
* Source: IMN, San Jose, Costa Rica                                     
*                                                                       
* Comments: Wind speed data still lacking                               
*           Check unit of vapor pressure                                
*           No solar radiation data for Jan-May, Oct-Dec                
*                                                                       
* Longitude:  83  46 W, latitude:  10  13 N, altitude: 249 m.           
* Column  Daily value                                                   
*    1    station number                                                
*    2    year                                                          
*    3    month                                                         
*    4    day                                                           
*    5    julian date                                                   
*    6    irradiation            (cal cm-2 d-1)                         
*    7    minimum temperature    (degrees Celcius)                      
*    8    maximum temperature    (degrees Celcius)                      
*    9    vapor pressure at 0700 (mbar)                                 
*   10    vapor pressure at 1300 (mbar)                                 
*   11    vapor pressure at 1800 (mbar)                                 
*   12    mean wind speed        (kilometer per hour)                   
*   13    precipitation          (mm d-1)                               
*   14    sunshine hours         (hours)                                
* Missing value: -99                                                    
*---------------------------------------------------------              
*  data converted with WDC for CABO-format
*-------------------------------------------
  83.77  10.22   249.  .00  .00
  3 1982   1  20468.93  18.2  30.3   1.7   .42    .0
  3 1982   2  19235.51  17.8  29.7   1.6   .42    .0
  3 1982   3  18503.33  18.5  30.0   1.7   .42    .0
  3 1982   4  15760.17  20.3  29.0   1.9   .42    .0
  3 1982   5  13641.27  19.4  28.3   1.7   .42   2.4
  3 1982   6  17186.98  19.5  28.9   1.7   .42   3.0
  3 1982   7  18724.50  19.7  28.5   1.7   .42    .4
  3 1982   8  21403.78  18.7  29.0   1.6   .42    .2
  3 1982   9  14733.50  18.8  27.7   1.7   .42   7.3
  3 1982  10  16783.73  18.2  29.0   1.7   .42   1.0
  3 1982  11  13894.71  20.0  27.5   1.8   .42   3.1
  3 1982  12  18873.06  20.3  30.0   1.9   .42    .0
  3 1982  13  13435.90  18.3  28.5   1.7   .42    .3
  3 1982  14  16392.22  20.5  29.6   1.9   .42  10.5
  3 1982  15  16423.44  21.9  28.9   2.0   .42   5.7
  3 1982  16  19907.77  17.4  29.0   1.6   .42   1.0
  3 1982  17  16744.79  17.4  29.0   1.8   .42    .0
  3 1982  18  16394.21  20.5  28.0   1.7   .42   2.2
  3 1982  19  17971.29  20.5  27.0   1.8   .42  17.4
  3 1982  20  12342.67  21.2  29.0   1.8   .42  12.7
  3 1982  21   9273.96  20.5  24.2   1.8   .42  11.7
  3 1982  22  16795.30  17.0  28.0   1.5   .42    .0
  3 1982  23  20719.46  18.0  29.0   1.7   .42    .0
  3 1982  24  20376.40  17.3  28.5   1.6   .42    .0
  3 1982  25  16650.89  18.0  28.2   1.7   .42    .0
  3 1982  26  19818.00  19.7  29.0   1.9   .42    .0
  3 1982  27  21823.18  18.8  28.2   1.7   .42    .0
  3 1982  28  21219.72  18.3  28.5   1.6   .44    .0
  3 1982  29  17204.37  18.7  28.3   1.6   .44    .0
  3 1982  30  20794.69  16.2  29.0   1.4   .44    .0
  3 1982  31  12811.00  17.5  28.5   1.6   .44    .0
  3 1982  32  19311.16  18.5  29.2   1.8   .44    .0
  3 1982  33  22268.18  19.0  30.0   1.7   .44    .0
  3 1982  34  19140.91  16.4  29.5   1.6   .44    .0
  3 1982  35  18789.68  18.5  30.0   1.6   .44    .0
  3 1982  36  17771.37  16.2  29.6   1.8   .44    .0
  3 1982  37  13947.26  15.5  29.3   1.8   .44   2.5
  3 1982  38  21068.88  19.5  29.2   1.9   .44   2.1
  3 1982  39  20986.43  21.1  29.2   1.6   .44    .2
  3 1982  40  21171.96  18.2  29.0   1.6   .44    .2
  3 1982  41  20147.19  20.0  29.8   1.8   .44    .1
  3 1982  42  17904.43  18.7  29.0   1.6   .44   2.2
  3 1982  43  19029.60  19.0  29.5   1.7   .44   5.0
  3 1982  44  22325.32  18.8  28.0   1.7   .44  14.6
  3 1982  45  14102.83  21.0  28.5   1.7   .44  11.1
  3 1982  46  19032.58  20.2  29.2   1.8   .44    .0
  3 1982  47  13902.01  17.2  30.4   1.6   .44    .0
  3 1982  48  20897.88  17.2  30.4   1.6   .44    .1
  3 1982  49  19305.35  20.0  29.5   1.8   .44    .0
  3 1982  50  20583.53  18.0  30.2   1.7   .44    .0
  3 1982  51  24062.66  17.7  30.2   1.5   .44    .0
  3 1982  52  22190.04  16.0  29.4   1.4   .44    .0
  3 1982  53  24443.74  16.5  30.0   1.4   .44    .0
  3 1982  54  20630.58  17.0  29.0   1.5   .44    .0
  3 1982  55  16802.86  16.5  27.5   1.4   .44    .0
  3 1982  56  10189.99  18.4  23.5   1.7   .43   9.3
  3 1982  57  14378.95  19.7  28.6   1.7   .43   8.9
  3 1982  58  10240.47  20.8  25.3   1.9   .43  14.1
  3 1982  59  18759.56  17.0  29.0   1.5   .43    .1
  3 1982  60  16845.11  19.2  27.7   1.8   .43   3.1
  3 1982  61  11431.49  20.7  26.0   1.8   .43  20.1
  3 1982  62  12156.57  20.6  27.6   1.8   .43  11.2
  3 1982  63  11061.80  18.0  27.4   1.6   .43    .0
  3 1982  64  20066.50  17.2  29.8   1.6   .43    .0
  3 1982  65  20524.38  18.0  30.2   1.7   .43    .0
  3 1982  66  18027.70  18.8  29.5   1.8   .43    .0
  3 1982  67  23695.45  18.7  29.6   1.6   .43    .0
  3 1982  68  18090.78  17.0  27.8   1.6   .43    .0
  3 1982  69  21793.61  19.5  29.6   1.7   .43   5.7
  3 1982  70  11504.30  20.3  27.2   1.7   .43   1.6
  3 1982  71  16622.25  18.5  28.5   1.6   .43    .0
  3 1982  72  23876.65  18.0  29.8   1.6   .43   2.4
  3 1982  73  11282.87  20.5  26.5   1.7   .43   2.8
  3 1982  74  16840.87  18.5  28.0   1.7   .43    .7
  3 1982  75  20276.51  18.8  28.2   1.5   .43    .0
  3 1982  76  20729.67  18.6  29.5   1.8   .43   2.5
  3 1982  77  18477.13  19.7  28.2   1.7   .43    .7
  3 1982  78  20637.61  16.5  29.5   1.5   .43    .4
  3 1982  79  17095.99  19.6  28.5   1.7   .43   1.8
  3 1982  80  18685.91  17.4  28.9   1.6   .43    .0
  3 1982  81  21276.55  17.4  28.8   1.5   .43   7.2
  3 1982  82  17010.99  21.3  28.5   1.6   .43    .2
  3 1982  83  23604.54  19.0  30.3   1.6   .43    .0
  3 1982  84  23910.44  18.4  31.0   1.6   .43    .0
  3 1982  85  22641.44  17.3  31.0   1.7   .43  16.0
  3 1982  86  23660.54  21.5  29.5   2.0   .43  16.5
  3 1982  87  20669.84  18.5  30.0   1.6   .43    .0
  3 1982  88  21113.81  20.5  29.0   1.8   .43   6.2
  3 1982  89  13390.86  21.0  27.0   1.8   .43   5.0
  3 1982  90  25008.30  18.5  29.0   1.7   .43    .0
  3 1982  91  25736.63  16.4  30.2   1.6   .39    .0
  3 1982  92  24027.36  17.2  30.4   1.5   .39    .0
  3 1982  93  16583.59  20.9  28.5   1.8   .39    .0
  3 1982  94  18311.71  19.7  28.6   1.6   .39    .0
  3 1982  95  18462.32  18.7  30.4   1.6   .39    .0
  3 1982  96  16462.48  20.0  29.5   1.8   .39    .0
  3 1982  97  11166.86  21.3  27.5   1.8   .39   6.4
  3 1982  98  22060.30  19.4  29.0   1.6   .39    .0
  3 1982  99  18482.76  21.4  30.2   1.9   .39   5.4
  3 1982 100  16767.57  19.7  30.5   2.0   .39    .0
  3 1982 101  20062.34  20.0  30.2   1.9   .39   1.2
  3 1982 102  16343.00  19.8  30.0   2.0   .39    .0
  3 1982 103  17917.64  18.2  30.0   1.7   .39  11.8
  3 1982 104  11913.46  21.0  26.0   1.9   .39  26.7
  3 1982 105  18774.17  19.4  28.7   1.9   .39   5.2
  3 1982 106  13488.24  20.5  28.2   1.9   .39    .7
  3 1982 107  19054.96  20.6  29.6   1.9   .39    .0
  3 1982 108  20905.68  19.0  29.8   1.9   .39    .0
  3 1982 109  25746.85  18.2  30.0   1.7   .39    .0
  3 1982 110  25167.42  18.3  30.2   1.9   .39    .0
  3 1982 111  20174.96  18.5  29.0   1.7   .39   4.1
  3 1982 112  14904.55  19.0  28.7   1.8   .39  29.1
  3 1982 113  14189.99  21.0  28.2   1.9   .39  23.2
  3 1982 114  11061.69  21.7  27.0   1.8   .39  18.0
  3 1982 115  19290.40  20.0  28.2   1.9   .39   3.3
  3 1982 116  11483.31  21.0  26.3   1.9   .39   2.0
  3 1982 117  11197.22  21.5  27.6   2.0   .39    .0
  3 1982 118  17704.50  19.6  28.5   2.0   .39   2.0
  3 1982 119  14018.98  21.3  29.0   2.0   .37    .0
  3 1982 120  20934.29  21.2  31.5   2.2   .37    .0
  3 1982 121  13865.00  22.4  29.4   2.0   .37   8.0
  3 1982 122  22316.75  20.0  31.4   2.0   .37   2.9
  3 1982 123  19625.16  21.0  31.0   2.0   .37   4.1
  3 1982 124  15672.51  19.8  30.8   2.0   .37   4.3
  3 1982 125  22408.67  19.6  31.6   1.8   .37    .0
  3 1982 126  14810.57  20.2  30.0   1.9   .37    .0
  3 1982 127  18166.93  19.8  29.8   1.9   .37   5.4
  3 1982 128  19834.71  21.4  30.0   2.0   .37    .0
  3 1982 129  14921.85  20.0  30.0   1.9   .37    .0
  3 1982 130  16029.92  21.0  30.0   1.9   .37   5.9
  3 1982 131  15320.27  20.2  29.8   2.1   .37    .0
  3 1982 132  22840.38  21.0  31.0   2.1   .37   6.2
  3 1982 133  16691.34  21.8  30.0   2.0   .37   5.7
  3 1982 134  19600.78  21.3  30.0   2.0   .37    .0
  3 1982 135  20835.63  20.5  31.4   2.0   .37  34.5
  3 1982 136  20679.23  20.0  31.5   2.0   .37    .0
  3 1982 137  19829.69  19.5  31.2   2.1   .37    .4
  3 1982 138  16626.97  20.7  31.0   2.0   .37  17.6
  3 1982 139  12324.27  21.0  28.5   2.0   .37  10.8
  3 1982 140  13283.64  21.4  29.6   2.1   .37   1.5
  3 1982 141  11617.44  21.2  29.0   2.0   .37  85.4
  3 1982 142  19058.19  20.8  30.8   2.0   .37    .2
  3 1982 143  12567.04  21.0  30.2   2.1   .37   7.7
  3 1982 144  12696.30  21.2  27.8   1.9   .37   6.0
  3 1982 145  10900.37  21.4  28.3   2.0   .37   5.4
  3 1982 146  11717.97  21.5  29.2   2.0   .37   5.9
  3 1982 147  17611.28  20.8  31.6   2.0   .37   6.4
  3 1982 148  16775.82  21.8  30.5   2.1   .37   7.7
  3 1982 149  14983.47  22.4  30.4   2.1   .37  66.8
  3 1982 150  19352.17  21.0  31.5   2.1   .37  51.9
  3 1982 151  15647.31  21.8  31.0   2.2   .37  32.5
  3 1982 152  18915.41  21.2  31.0   2.0   .37    .0
  3 1982 153  15606.32  22.0  31.8   2.2   .37    .0
  3 1982 154  16192.08  21.2  31.4   2.0   .33    .5
  3 1982 155  16736.00  21.9  32.5   2.2   .33    .0
  3 1982 156  15397.12  20.6  32.0   2.1   .33   4.0
  3 1982 157   8242.48  21.6  28.4   2.1   .33   1.8
  3 1982 158   8116.96  21.5  29.8   2.1   .33   9.2
  3 1982 159  13807.20  19.0  30.0   2.0   .33   5.9
  3 1982 160   8493.52  20.4  28.2   1.9   .33  33.8
  3 1982 161   9748.72  20.8  27.7   2.0   .33   9.5
  3 1982 162  13263.28  20.0  29.7   2.0   .33  10.7
  3 1982 163  13807.20  19.8  30.6   2.0   .33   6.5
  3 1982 164  11547.84  21.0  30.0   1.9   .33    .0
  3 1982 165  18284.08  21.0  32.0   2.2   .33   1.8
  3 1982 166  18744.32  23.0  31.0   2.1   .33    .9
  3 1982 167  11045.76  22.4  31.0   2.1   .33 110.2
  3 1982 168  17656.48  21.2  30.9   2.1   .33    .0
  3 1982 169  15104.24  22.3  32.8   2.3   .33    .0
  3 1982 170  16484.96  21.0  32.0   2.2   .33    .0
  3 1982 171  11338.64  22.0  29.5   2.2   .33   1.3
  3 1982 172  10585.52  20.4  29.2   2.0   .33  71.0
  3 1982 173  14016.40  20.6  30.3   2.0   .33  14.4
  3 1982 174   6443.36  21.4  27.0   1.9   .33    .0
  3 1982 175  15438.96  21.2  28.3   1.9   .33   8.0
  3 1982 176   5564.72  21.0  26.8   2.1   .33   1.9
  3 1982 177  15606.32  21.6  29.4   2.0   .33   6.8
  3 1982 178   8660.88  21.8  27.4   2.1   .33   4.2
  3 1982 179  14351.12  21.5  29.5   2.1   .33  21.1
  3 1982 180   7489.36  21.9  26.5   2.1   .33  67.9
  3 1982 181   9330.32  21.9  27.0   2.1   .33  42.1
  3 1982 182   5815.76  21.8  27.5   2.1   .38   9.4
  3 1982 183   2803.28  22.2  25.4   2.1   .38  84.8
  3 1982 184  12761.20  20.6  30.0   2.0   .38  38.4
  3 1982 185  17991.20  21.0  30.8   2.0   .38  10.5
  3 1982 186   4100.32  21.8  25.0   1.9   .38  56.8
  3 1982 187   7154.64  19.9  25.7   1.8   .38   4.1
  3 1982 188  20155.16  21.3  30.0   1.9   .38   4.6
  3 1982 189   5983.12  21.5  26.0   2.0   .38  18.4
  3 1982 190   9121.12  21.6  26.0   2.0   .38   5.6
  3 1982 191  14338.17  20.5  28.0   1.9   .38    .0
  3 1982 192  17198.92  21.2  29.5   2.0   .38  19.7
  3 1982 193  10676.82  22.0  25.0   2.0   .38  67.0
  3 1982 194  13267.16  21.0  28.6   2.0   .38  11.0
  3 1982 195  19267.16  22.2  29.5   2.1   .38  53.1
  3 1982 196  21595.24  20.3  31.5   2.0   .38   7.8
  3 1982 197   8242.48  22.0  29.0   2.1   .38  10.5
  3 1982 198  11338.64  22.0  28.3   2.1   .38   6.6
  3 1982 199  14895.04  21.5  29.6   2.0   .38   8.7
  3 1982 200   8368.00  21.0  27.8   2.0   .38  25.0
  3 1982 201  13179.60  19.0  28.4   1.9   .38  22.2
  3 1982 202  12761.20  20.5  30.0   2.0   .38   3.9
  3 1982 203   6234.16  21.9  27.2   2.0   .38   1.9
  3 1982 204   7405.68  20.0  28.6   1.9   .38   4.4
  3 1982 205  14225.60  21.4  29.2   2.0   .38    .2
  3 1982 206   6652.56  21.5  27.5   2.0   .38  80.2
  3 1982 207   2050.16  21.5  24.6   1.9   .38 204.4
  3 1982 208   9330.32  20.7  27.2   1.9   .38  14.4
  3 1982 209   9623.20  20.6  29.0   2.0   .38  31.5
  3 1982 210  16484.96  20.7  30.5   1.9   .34  66.7
  3 1982 211  10836.56  22.3  29.2   2.1   .34    .6
  3 1982 212  16903.36  20.5  30.6   2.0   .34   2.9
  3 1982 213  11338.64  21.5  29.0   1.9   .34  49.1
  3 1982 214  13807.20  21.3  28.7   1.9   .34   9.1
  3 1982 215  16736.00  20.5  31.0   2.0   .34    .4
  3 1982 216   9330.32  21.5  29.0   1.9   .34  54.9
  3 1982 217  14351.12  22.0  29.3   2.0   .34  26.4
  3 1982 218  10836.56  20.7  27.4   2.1   .34  10.8
  3 1982 219  10711.04  21.3  27.5   2.0   .34  11.7
  3 1982 220  12008.08  20.5  28.3   1.9   .34  19.1
  3 1982 221  12133.60  20.3  28.3   2.0   .34   3.0
  3 1982 222  14560.32  20.0  28.3   2.0   .34  25.2
  3 1982 223  12928.56  21.5  29.5   1.9   .34  21.4
  3 1982 224  11547.84  22.0  28.8   2.1   .34   8.5
  3 1982 225  19079.04  21.6  30.0   2.0   .34    .1
  3 1982 226  10711.04  20.2  26.7   1.8   .34    .2
  3 1982 227  14811.36  21.3  30.8   2.0   .34    .4
  3 1982 228  10041.60  22.0  28.0   2.0   .34  10.4
  3 1982 229   8786.40  21.5  26.7   2.0   .34  11.7
  3 1982 230  14141.92  21.6  31.0   2.0   .34    .1
  3 1982 231  10920.24  22.0  28.5   2.0   .34   2.9
  3 1982 232  13514.32  23.0  29.3   2.3   .34  76.8
  3 1982 233   5230.00  22.0  25.4   2.0   .34  16.4
  3 1982 234  11547.84  20.0  27.0   2.0   .34  44.0
  3 1982 235  28827.76  21.5  30.0   2.1   .34  29.2
  3 1982 236  22593.60  22.3  29.2   2.1   .34  26.9
  3 1982 237  25396.88  23.0  30.0   2.1   .34  29.6
  3 1982 238  21212.88  21.7  30.5   2.1   .34  44.7
  3 1982 239  29246.16  21.7  30.0   2.2   .34    .7
  3 1982 240  30292.16  20.3  30.2   1.9   .34    .6
  3 1982 241   9957.92  21.7  26.6   2.0   .34  13.8
  3 1982 242  12552.00  20.3  27.5   2.2   .34  24.0
  3 1982 243  30836.08  20.7  30.3   2.0   .34   1.6
  3 1982 244   5690.24  22.2  25.2   2.0   .34  60.6
  3 1982 245  27865.44  19.7  29.2   2.0   .33   1.8
  3 1982 246  14141.92  20.5  28.8   1.9   .33  14.5
  3 1982 247  22175.20  22.4  30.2   2.1   .33   7.7
  3 1982 248  14351.12  22.0  26.7   2.0   .33  11.3
  3 1982 249  24769.28  20.7  31.0   2.1   .33   4.9
  3 1982 250  15282.44  20.8  29.5   2.0   .33    .3
  3 1982 251  32467.84  21.8  30.8   2.1   .33    .0
  3 1982 252  15606.32  22.3  28.0   2.0   .33  13.0
  3 1982 253  21547.60  19.8  29.0   1.9   .33    .8
  3 1982 254  28409.36  21.8  28.8   2.1   .33    .2
  3 1982 255  23639.60  19.8  30.7   1.9   .33    .0
  3 1982 256  17865.68  20.2  29.3   2.1   .33  18.5
  3 1982 257  14476.64  21.3  29.0   1.9   .33  75.1
  3 1982 258  21338.40  20.2  29.5   2.0   .33   4.1
  3 1982 259  19497.44  21.0  30.1   2.0   .33  61.3
  3 1982 260  14434.80  20.4  27.5   2.0   .33   1.2
  3 1982 261  19622.96  20.0  29.5   2.0   .33    .7
  3 1982 262  21129.20  20.4  29.0   2.1   .33  45.7
  3 1982 263  16903.36  21.2  28.0   2.1   .33   3.9
  3 1982 264  27823.60  20.2  30.5   2.0   .33   2.3
  3 1982 265  18953.52  21.7  29.7   2.0   .33  10.7
  3 1982 266  17468.22  21.2  29.5   2.0   .33   3.0
  3 1982 267  12091.76  20.3  27.4   1.8   .33   6.0
  3 1982 268  17698.32  19.7  27.7   1.9   .33    .3
  3 1982 269  23555.92  20.0  30.5   2.0   .33    .6
  3 1982 270  22928.32  20.8  30.5   2.0   .33    .7
  3 1982 271  22258.88  21.0  29.0   2.0   .33   5.0
  3 1982 272  32342.32  19.8  31.7   2.1   .33    .9
  3 1982 273  22468.08  21.5  31.0   2.1   .24    .0
  3 1982 274  15599.22  20.5  29.5   1.9   .24   6.9
  3 1982 275  15713.94  21.0  30.5   2.0   .24   7.6
  3 1982 276  19879.16  21.2  31.2   2.0   .24    .7
  3 1982 277  16219.59  21.0  29.3   1.9   .24  85.8
  3 1982 278  17446.06  19.7  29.3   1.9   .24 116.1
  3 1982 279  16580.81  20.2  29.5   2.1   .24  13.3
  3 1982 280  15022.01  21.4  28.2   2.0   .24   6.9
  3 1982 281  21102.20  19.0  30.2   1.9   .24  37.5
  3 1982 282  11083.31  20.5  27.5   1.9   .24   1.1
  3 1982 283  12443.96  19.8  29.0   1.9   .24   1.3
  3 1982 284  13109.04  20.0  28.5   2.0   .24    .0
  3 1982 285  13219.54  20.5  28.3   2.0   .24  18.2
  3 1982 286  15396.45  21.0  29.0   1.9   .24  29.1
  3 1982 287  17978.84  20.0  30.2   2.0   .24    .3
  3 1982 288  18354.34  21.2  25.5   1.9   .24   6.7
  3 1982 289  11870.41  18.9  27.2   1.8   .24  10.7
  3 1982 290  10610.62  20.5  28.0   1.9   .24   6.6
  3 1982 291  16325.89  19.4  29.5   2.0   .24  10.2
  3 1982 292  11514.24  20.3  28.5   2.0   .24    .0
  3 1982 293  12712.37  20.4  28.8   2.0   .24   6.1
  3 1982 294   9962.85  22.0  26.0   2.0   .24  32.3
  3 1982 295  14551.91  21.0  29.3   1.9   .24   2.8
  3 1982 296  12079.36  21.7  27.7   2.0   .24  18.0
  3 1982 297  10021.35  20.7  26.2   1.9   .24 119.4
  3 1982 298   9860.33  20.7  22.6   1.9   .24 165.4
  3 1982 299   9834.46  21.0  23.7   1.9   .24  45.5
  3 1982 300  13169.73  21.8  27.8   2.0   .24  22.4
  3 1982 301  14479.12  20.7  28.7   2.0   .24  23.0
  3 1982 302  16720.69  20.5  29.2   2.0   .24   1.1
  3 1982 303  21359.18  19.0  29.9   1.9   .24   2.7
  3 1982 304  15707.51  21.0  29.5   2.0   .24    .0
  3 1982 305  16069.05  21.2  29.2   1.9   .24   5.1
  3 1982 306  16429.05  19.9  29.6   2.0   .24  38.9
  3 1982 307  12411.67  20.3  27.7   1.9   .24  14.9
  3 1982 308  17938.53  19.8  29.6   1.9   .37  15.4
  3 1982 309  17367.98  20.5  29.6   1.9   .37   8.3
  3 1982 310  10868.45  21.4  26.6   1.9   .37   3.9
  3 1982 311  13076.80  21.4  26.8   2.0   .37   1.8
  3 1982 312  12388.26  22.0  26.4   1.9   .37   4.6
  3 1982 313  10654.44  21.8  26.6   2.0   .37  48.3
  3 1982 314   9450.67  22.0  24.0   2.0   .37  97.7
  3 1982 315   9426.32  21.4  24.6   1.9   .37  29.1
  3 1982 316  17217.03  21.8  28.3   2.1   .37   5.1
  3 1982 317  11198.39  20.3  27.2   2.0   .37  12.6
  3 1982 318  11560.67  19.8  27.2   1.8   .37   4.8
  3 1982 319   9331.92  19.8  24.4   1.8   .37  17.9
  3 1982 320  15384.05  21.6  29.7   2.0   .37  14.4
  3 1982 321  16124.47  19.9  29.0   1.9   .37    .0
  3 1982 322  14415.90  19.8  29.0   1.9   .37   9.2
  3 1982 323  16827.42  18.8  28.6   1.8   .37    .0
  3 1982 324  16664.58  20.3  28.6   1.9   .37    .0
  3 1982 325  18936.69  21.4  29.9   2.0   .37  20.3
  3 1982 326  18132.72  20.5  29.0   1.9   .37    .0
  3 1982 327  15800.26  18.5  29.0   1.7   .37   3.2
  3 1982 328  16662.54  17.4  27.9   1.6   .37    .1
  3 1982 329  17013.81  17.7  28.8   1.7   .37    .0
  3 1982 330   9106.17  18.7  24.6   1.8   .37    .2
  3 1982 331  12006.68  19.0  28.1   2.1   .37  24.7
  3 1982 332  19713.26  18.3  27.5   1.7   .37    .1
  3 1982 333  18543.63  17.5  27.2   1.6   .37    .0
  3 1982 334  21547.32  16.8  28.8   1.7   .37    .0
  3 1982 335  21390.05  17.0  29.5   1.6   .37    .0
  3 1982 336  15941.83  18.7  30.5   1.8   .37    .3
  3 1982 337  13402.74  19.5  29.5   1.9   .37    .2
  3 1982 338  15396.52  18.6  29.0   1.8   .37  53.2
  3 1982 339  15251.94  18.5  29.0   2.0   .37    .0
  3 1982 340  16488.87  19.2  28.5   1.8   .37    .5
  3 1982 341  15844.35  21.5  29.6   2.0   .37   1.8
  3 1982 342  15076.92  21.6  29.5   2.0   .37   6.5
  3 1982 343  11058.32  21.2  27.2   2.1   .37  25.7
  3 1982 344  13174.08  20.5  28.5   1.9   .37    .0
  3 1982 345  12913.63  19.5  28.5   1.9   .37   5.1
  3 1982 346  12904.33  20.5  28.9   1.9   .37  19.2
  3 1982 347   9276.29  20.5  28.3   1.9   .37  27.2
  3 1982 348  12888.98  21.0  27.0   1.9   .37   7.4
  3 1982 349  14005.38  20.2  28.5   1.9   .37   4.0
  3 1982 350  11880.58  21.8  26.2   2.0   .37  42.5
  3 1982 351  11503.05  20.2  27.4   1.9   .37    .4
  3 1982 352  10254.30  19.5  28.0   1.9   .37   6.9
  3 1982 353  11872.94  20.2  27.3   1.7   .37  11.8
  3 1982 354   8881.78  19.0  21.0   1.6   .37  25.8
  3 1982 355   8882.21  19.8  21.0   1.7   .37  20.5
  3 1982 356  18355.79  18.0  28.3   1.6   .37    .0
  3 1982 357  14495.31  19.4  29.0   1.9   .37    .0
  3 1982 358  11881.16  19.5  29.0   1.9   .37   3.3
  3 1982 359  13757.05  19.5  28.5   2.1   .37  16.2
  3 1982 360  14886.83  19.5  27.5   1.9   .37    .7
  3 1982 361   8902.07  19.5  26.0   1.9   .37  11.7
  3 1982 362   8908.24  18.2  25.5   1.8   .37    .4
  3 1982 363  12665.50  18.0  27.5   1.7   .37    .0
  3 1982 364  20932.48  17.7  29.0   1.5   .37    .0
  3 1982 365  21326.09  17.0  28.6   1.6   .37    .0
