*---------------------------------------------------------              
* Station name: Los Diamantes                                           
* Author: Atlantic Zone Project, AUW-MAG-CATIE, Costa Rica              
* Source: IMN, San Jose, Costa Rica                                     
*                                                                       
* Comments: Wind speed data still lacking                               
*           Solar radiation data missing                                
*           Check unit (and conversion factor)of VP, SR                 
*                                                                       
* Longitude:  83  46 W, latitude:  10  13 N, altitude: 249 m.           
* Column  Daily value                                                   
*    1    station number                                                
*    2    year                                                          
*    3    month                                                         
*    4    day                                                           
*    5    julian date                                                   
*    6    irradiation            (MJ m-2 d-1)                           
*    7    minimum temperature    (degrees Celcius)                      
*    8    maximum temperature    (degrees Celcius)                      
*    9    vapor pressure at 0700 (mbar)                                 
*   10    vapor pressure at 1300 (mbar)                                 
*   11    vapor pressure at 1800 (mbar)                                 
*   12    mean wind speed        (kilometer per hour)                   
*   13    precipitation          (mm d-1)                               
*   14    sunshine hours         (hours)                                
* Missing value: -99                                                    
*---------------------------------------------------------              
*  data converted with WDC for CABO-format
*-------------------------------------------
  83.77  10.22   249.  .00  .00
  3 1987   1  16459.19  19.4  28.6   2.3   .42    .0
  3 1987   2  11208.62  17.4  24.7   2.4   .42  26.5
  3 1987   3  17373.43  20.5  27.7   2.5   .42    .3
  3 1987   4  18650.74  16.5  28.6   2.0   .42    .6
  3 1987   5   8986.01  17.3  21.5   2.3   .42  57.5
  3 1987   6   9251.07  19.0  23.4   2.2   .42   1.3
  3 1987   7  12922.82  18.9  25.7   2.2   .42    .0
  3 1987   8  17994.00  16.7  28.0   1.9   .42    .0
  3 1987   9  12204.30  17.7  27.5   2.1   .42    .2
  3 1987  10  17670.21  17.6  27.8   2.1   .42    .0
  3 1987  11  11485.01  20.7  27.7   2.5   .42   5.3
  3 1987  12  17475.85  17.5  28.2   2.3   .42  12.2
  3 1987  13  14835.31  19.9  28.1   2.5   .42    .0
  3 1987  14  20469.87  17.8  27.7   2.3   .42    .8
  3 1987  15  15147.04  18.5  27.5   2.2   .42    .0
  3 1987  16  10318.37  17.2  27.5   2.1   .42    .0
  3 1987  17  18537.96  17.0  30.0   2.1   .42    .0
  3 1987  18  18318.92  19.0  29.4   2.2   .42   1.4
  3 1987  19  16942.89  20.5  29.4   2.5   .42    .0
  3 1987  20  15562.43  20.7  29.0   2.6   .42  44.4
  3 1987  21  14048.30  20.9  29.0   2.6   .42    .0
  3 1987  22  22225.34  17.5  29.8   2.1   .42    .0
  3 1987  23   9708.48  19.5  24.5   2.3   .42  37.4
  3 1987  24  10511.64  19.2  24.7   2.2   .42   3.8
  3 1987  25  11578.49  21.0  27.2   2.5   .42   1.3
  3 1987  26  11477.04  20.5  27.3   2.5   .42   6.6
  3 1987  27   9416.53  19.2  20.9   2.4   .42  56.0
  3 1987  28   9441.58  19.6  21.3   2.3   .44  82.8
  3 1987  29  19827.22  20.3  28.3   2.3   .44    .1
  3 1987  30  15537.91  18.2  26.5   2.4   .44   5.6
  3 1987  31  20449.50  18.5  28.4   2.1   .44    .0
  3 1987  32  13108.14  20.0  27.5   2.2   .44    .0
  3 1987  33  18564.87  17.5  28.0   2.0   .44    .5
  3 1987  34  17152.75  18.0  28.5   2.2   .44    .0
  3 1987  35  10288.63  21.3  26.5   2.5   .44   4.0
  3 1987  36  13112.38  22.0  28.5   2.7   .44   2.9
  3 1987  37  18883.04  21.2  28.2   2.4   .44   1.3
  3 1987  38  14919.37  22.0  27.8   2.4   .44    .0
  3 1987  39   9866.90  17.9  22.3   2.0   .44  20.0
  3 1987  40   9760.27  17.7  22.6   2.0   .44  17.0
  3 1987  41   9787.66  18.7  21.3   2.2   .44  10.8
  3 1987  42   9815.07  19.0  24.7   2.1   .44    .5
  3 1987  43  10112.69  20.4  23.0   2.3   .44  19.9
  3 1987  44   9869.88  21.5  24.3   2.5   .44   5.9
  3 1987  45  12067.87  20.0  26.7   2.3   .44    .2
  3 1987  46  20799.81  19.2  28.6   1.2   .44    .0
  3 1987  47  18260.90  18.5  29.7   2.4   .44    .0
  3 1987  48  18168.13  20.5  29.8   2.3   .44    .0
  3 1987  49  17527.51  19.4  28.9   2.4   .44   1.9
  3 1987  50  20035.44  21.2  28.0   2.6   .44    .4
  3 1987  51  16649.20  21.0  28.0   2.6   .44    .0
  3 1987  52  13387.10  18.5  28.0   2.2   .44    .6
  3 1987  53  11076.95  22.0  26.2   2.6   .44   9.6
  3 1987  54  10414.56  21.4  25.7   2.7   .44   7.0
  3 1987  55  15558.14  21.2  27.5   2.5   .44    .0
  3 1987  56  19195.50  20.4  29.0   2.4   .43   2.6
  3 1987  57  12713.52  20.7  26.6   2.5   .43  17.6
  3 1987  58  11491.66  20.9  27.0   2.6   .43  17.8
  3 1987  59  16670.80  22.0  27.2   2.6   .43   2.5
  3 1987  60  13218.75  20.0  27.5   2.7   .43    .0
  3 1987  61  16041.43  20.4  28.5   2.6   .43   1.0
  3 1987  62  13835.49  21.5  28.7   2.6   .43   4.5
  3 1987  63  10641.45  18.8  27.5   2.5   .43    .0
  3 1987  64  11787.52  19.8  28.2   2.3   .43    .0
  3 1987  65  10688.05  19.5  27.0   2.3   .43   3.1
  3 1987  66  11977.15  21.0  28.4   2.5   .43   3.2
  3 1987  67  12141.99  21.5  27.5   2.5   .43   2.4
  3 1987  68  11319.17  21.7  27.8   2.6   .43    .0
  3 1987  69  22217.36  17.4  30.4   2.3   .43    .0
  3 1987  70  23948.76  18.8  29.3   2.5   .43    .0
  3 1987  71  10534.56  19.3  27.2   2.4   .43    .0
  3 1987  72  22317.65  19.3  28.8   2.4   .43    .0
  3 1987  73  17383.46  15.0  25.7   1.8   .43    .0
  3 1987  74  14142.60  18.7  27.5   2.0   .43    .3
  3 1987  75  20276.51  19.5  27.5   2.3   .43    .0
  3 1987  76  22436.95  18.3  31.0   2.2   .43    .0
  3 1987  77  20470.61  20.0  31.2   2.5   .43    .0
  3 1987  78  16932.51  21.7  29.9   2.5   .43    .0
  3 1987  79  18094.25  20.6  30.5   2.4   .43   1.0
  3 1987  80  19256.73  22.4  30.5   2.5   .43    .0
  3 1987  81  11423.54  23.5  27.8   2.8   .43    .5
  3 1987  82  19297.09  20.5  32.0   2.8   .43    .0
  3 1987  83  14026.41  22.4  30.8   2.9   .43    .0
  3 1987  84  14613.73  21.8  31.8   2.8   .43    .0
  3 1987  85  15487.03  23.2  29.1   2.8   .43    .4
  3 1987  86  21083.97  22.0  31.1   2.7   .43    .0
  3 1987  87  19953.89  22.0  30.5   2.7   .43    .0
  3 1987  88  11947.01  21.4  27.2   2.7   .43   8.5
  3 1987  89  17688.80  21.6  29.4   2.6   .43   1.0
  3 1987  90  24435.14  19.8  32.0   2.5   .43  42.5
  3 1987  91  10832.35  18.0  26.4   2.0   .39  26.8
  3 1987  92  10841.67  17.5  23.2   2.0   .39   7.1
  3 1987  93  11423.77  21.3  26.0   2.4   .39  13.9
  3 1987  94  11718.67  22.0  27.3   2.7   .39  37.9
  3 1987  95  10866.43  21.0  24.9   2.4   .39  21.4
  3 1987  96  15172.74  20.7  28.5   2.5   .39    .8
  3 1987  97  10880.29  22.2  24.2   2.6   .39  70.3
  3 1987  98  19195.21  21.7  29.5   2.7   .39   4.7
  3 1987  99  10892.08  21.5  27.1   2.6   .39   3.7
  3 1987 100  10897.21  20.6  24.7   2.4   .39  17.0
  3 1987 101  16770.28  20.3  28.5   2.8   .39   9.3
  3 1987 102  11907.53  20.0  28.0   2.5   .39  45.7
  3 1987 103  20492.02  22.4  29.7   3.0   .39    .9
  3 1987 104  15058.50  23.5  28.8   3.0   .39  34.4
  3 1987 105  12344.30  22.7  28.0   2.9   .39  12.1
  3 1987 106  24484.62  19.0  29.9   2.5   .39    .1
  3 1987 107  24050.46  17.3  30.8   2.3   .39    .0
  3 1987 108  26326.08  17.7  30.1   2.5   .39    .0
  3 1987 109  25461.75  18.7  30.7   2.6   .39    .0
  3 1987 110  18187.18  23.5  30.3   2.5   .39  48.5
  3 1987 111  11206.75  22.6  29.4   2.8   .39   5.8
  3 1987 112  10921.64  21.7  25.2   2.5   .39  18.1
  3 1987 113  10920.85  21.0  27.3   2.4   .39   6.8
  3 1987 114  10919.67  19.5  24.5   2.2   .39    .3
  3 1987 115  11343.82  21.3  28.0   2.3   .39   2.3
  3 1987 116  10916.19  20.6  25.2   2.1   .39   1.6
  3 1987 117  10913.91  20.6  25.2   2.3   .39   1.6
  3 1987 118  14732.47  19.8  28.5   2.5   .39    .0
  3 1987 119  10908.35  19.4  27.2   2.3   .37    .0
  3 1987 120  10905.10  20.2  26.5   2.2   .37    .6
  3 1987 121  11042.65  19.5  27.5   2.6   .37    .0
  3 1987 122  19497.23  19.5  31.2   2.4   .37    .0
  3 1987 123  19765.99  20.5  30.7   2.7   .37   3.0
  3 1987 124  18345.55  21.0  30.5   2.8   .37  28.9
  3 1987 125  14960.16  22.0  28.5   2.8   .37   2.8
  3 1987 126  19302.99  19.9  29.9   2.7   .37    .0
  3 1987 127  21532.61  20.2  30.3   2.5   .37    .0
  3 1987 128  23476.89  20.0  31.0   2.4   .37    .0
  3 1987 129  12123.25  20.8  27.2   2.6   .37   4.5
  3 1987 130  13933.29  21.5  29.2   2.7   .37  10.8
  3 1987 131  11131.68  22.4  27.0   2.9   .37  15.9
  3 1987 132  20190.57  22.8  29.5   2.8   .37   2.5
  3 1987 133  19338.19  21.2  29.7   2.7   .37   4.6
  3 1987 134  12086.60  22.2  27.2   2.8   .37  24.4
  3 1987 135  10827.95  22.6  25.0   2.8   .37  49.1
  3 1987 136  10821.58  21.0  26.5   2.7   .37    .0
  3 1987 137  22742.09  21.5  30.2   2.5   .37    .0
  3 1987 138  22306.77  20.6  30.0   2.5   .37    .0
  3 1987 139  16198.88  21.0  30.7   2.5   .37   3.9
  3 1987 140  11210.23  21.7  28.0   2.8   .37  10.0
  3 1987 141  10927.05  22.4  27.1   2.8   .37  32.6
  3 1987 142  10782.41  21.4  26.5   2.7   .37  69.5
  3 1987 143  12291.48  20.5  28.5   2.5   .37    .0
  3 1987 144  17788.97  21.0  30.6   2.4   .37  18.0
  3 1987 145  14887.81  18.9  29.5   2.6   .37   9.6
  3 1987 146  21470.48  21.5  31.0   2.5   .37    .0
  3 1987 147  18434.62  21.2  31.4   2.5   .37    .0
  3 1987 148  24864.14  20.2  31.7   2.3   .37    .0
  3 1987 149  24981.56  19.2  31.4   2.2   .37   1.6
  3 1987 150  11689.49  22.5  29.6   2.8   .37   5.0
  3 1987 151  19201.78  22.3  31.6   2.8   .37    .0
  3 1987 152  18095.86  22.2  31.5   2.9   .37    .7
  3 1987 153  13307.33  22.7  30.3   2.9   .37  41.7
  3 1987 154  13572.45  22.0  29.7   2.8   .33  46.5
  3 1987 155  10703.48  21.9  26.0   2.8   .33   1.7
  3 1987 156  14646.81  22.0  29.6   2.7   .33  55.4
  3 1987 157  14911.11  21.0  29.2   2.7   .33  39.7
  3 1987 158  12999.97  21.6  29.5   2.9   .33   1.6
  3 1987 159  17613.58  21.2  28.4   2.9   .33    .0
  3 1987 160  11766.03  21.5  31.0   2.8   .33  10.0
  3 1987 161  12846.95  23.6  30.0   2.9   .33    .7
  3 1987 162  11892.42  22.2  30.2   2.9   .33    .3
  3 1987 163  15684.00  22.5  29.8   3.1   .33  57.5
  3 1987 164  11342.14  22.0  28.0   2.6   .33  13.7
  3 1987 165  12015.90  21.5  30.0   2.8   .33    .9
  3 1987 166  12012.45  21.5  28.7   2.7   .33  19.2
  3 1987 167  14039.47  20.8  29.8   2.7   .33   6.9
  3 1987 168  11465.27  22.2  28.0   2.6   .33  70.0
  3 1987 169  14032.97  21.0  29.0   2.6   .33    .0
  3 1987 170  19845.45  20.7  31.5   2.5   .33   1.8
  3 1987 171  13216.83  22.5  30.2   2.9   .33    .0
  3 1987 172  15378.18  21.3  30.7   2.7   .33    .1
  3 1987 173  16998.76  22.1  31.7   2.8   .33   5.2
  3 1987 174  18078.95  21.3  31.0   2.8   .33  23.5
  3 1987 175  10644.09  22.0  28.5   2.9   .33   1.6
  3 1987 176  12401.05  20.4  30.9   2.5   .33    .5
  3 1987 177  10643.83  22.8  30.0   2.6   .33   9.3
  3 1987 178  10644.10  22.0  27.7   2.8   .33    .0
  3 1987 179  15377.16  21.0  29.5   2.8   .33    .0
  3 1987 180  11727.36  21.5  28.4   2.8   .33  14.6
  3 1987 181  10646.48  22.2  26.6   2.9   .33  10.3
  3 1987 182  11324.32  19.0  28.1   2.5   .38   8.5
  3 1987 183  21477.40  22.0  30.7   2.7   .38  13.0
  3 1987 184  19587.39  21.0  30.7   2.7   .38   5.1
  3 1987 185  11872.18  22.5  27.9   3.0   .38   1.8
  3 1987 186  12145.96  21.5  29.0   2.9   .38    .0
  3 1987 187  10793.41  22.7  27.5   2.8   .38   1.1
  3 1987 188  12695.09  20.7  29.0   2.7   .38  13.8
  3 1987 189  10663.41  21.5  26.5   2.8   .38  35.0
  3 1987 190  12567.50  20.6  30.0   2.7   .38    .7
  3 1987 191  11077.36  22.4  27.5   2.9   .38  26.2
  3 1987 192  12712.49  22.0  29.9   2.7   .38  54.2
  3 1987 193  12989.53  21.8  29.5   2.8   .38   2.0
  3 1987 194  13811.70  21.6  29.0   2.9   .38   4.9
  3 1987 195  10684.51  23.0  27.0   2.9   .38  28.7
  3 1987 196  14233.23  22.2  29.5   2.7   .38   1.2
  3 1987 197  10829.17  22.2  27.2   2.8   .38   3.9
  3 1987 198  11106.66  22.5  28.6   2.7   .38   5.3
  3 1987 199  10701.41  22.0  26.7   2.7   .38  29.2
  3 1987 200  13714.84  21.4  28.2   2.7   .38  88.1
  3 1987 201  14406.39  21.9  28.3   2.8   .38   7.3
  3 1987 202  10715.06  21.0  25.4   2.6   .38  27.0
  3 1987 203  20455.79  20.5  30.0   2.7   .38    .4
  3 1987 204  11822.43  22.7  29.4   2.8   .38   7.6
  3 1987 205  12102.91  22.0  29.2   2.8   .38    .3
  3 1987 206  14446.50  22.0  29.5   2.6   .38   2.4
  3 1987 207  12527.84  20.8  28.0   2.5   .38   1.8
  3 1987 208  11983.18  22.0  27.7   2.8   .38    .0
  3 1987 209  21779.65  20.8  30.5   2.4   .38    .0
  3 1987 210  15721.62  21.5  29.0   2.6   .34  53.6
  3 1987 211  20290.32  20.2  30.2   2.7   .34  35.0
  3 1987 212  10761.65  21.8  26.0   2.7   .34  32.5
  3 1987 213  10766.05  21.5  26.6   2.7   .34   2.7
  3 1987 214  11463.16  22.0  28.0   2.7   .34   3.4
  3 1987 215  13409.77  21.5  28.6   2.7   .34  11.1
  3 1987 216  19941.41  21.0  29.7   2.5   .34  76.7
  3 1987 217  20787.87  19.4  30.6   2.6   .34  12.1
  3 1987 218  13429.03  22.5  28.6   2.8   .34    .0
  3 1987 219  21788.73  20.0  31.0   2.6   .34   3.0
  3 1987 220  11489.92  20.6  28.0   2.7   .34    .4
  3 1987 221  12749.11  21.5  28.0   2.8   .34   3.1
  3 1987 222  13312.29  21.5  28.0   2.8   .34   8.2
  3 1987 223  12059.62  22.3  29.1   2.8   .34   5.8
  3 1987 224  21573.75  19.7  30.4   2.7   .34   8.6
  3 1987 225  11366.62  20.7  26.9   2.6   .34    .0
  3 1987 226  12629.95  20.6  29.0   2.7   .34   4.3
  3 1987 227  20485.20  20.6  30.5   2.7   .34  22.5
  3 1987 228  12074.67  23.2  26.7   2.8   .34  37.2
  3 1987 229  13761.99  22.8  29.0   2.7   .34  14.5
  3 1987 230  12078.46  21.7  28.0   2.8   .34   1.9
  3 1987 231  14189.53  20.8  29.0   2.8   .34   1.5
  3 1987 232  14332.76  22.3  29.5   2.8   .34    .0
  3 1987 233  18278.48  22.7  30.1   2.8   .34  33.6
  3 1987 234  15886.83  22.0  30.5   2.8   .34   4.2
  3 1987 235  10812.21  22.3  27.4   2.7   .34   3.6
  3 1987 236  15749.51  21.4  29.0   2.7   .34    .8
  3 1987 237  15326.96  22.0  29.3   2.7   .34   6.2
  3 1987 238  10806.90  22.4  25.5   2.8   .34  65.9
  3 1987 239  13772.21  21.0  29.2   2.5   .34  30.6
  3 1987 240  12073.86  21.0  27.6   2.7   .34   9.5
  3 1987 241  11929.52  19.0  28.0   2.4   .34   2.4
  3 1987 242  13907.18  20.5  29.5   2.5   .34  10.8
  3 1987 243  12771.52  20.0  29.0   2.5   .34  14.0
  3 1987 244  10785.00  21.8  25.5   2.7   .34   6.4
  3 1987 245  10779.79  21.7  26.0   2.7   .33  10.3
  3 1987 246  14740.87  20.6  29.0   2.7   .33  32.6
  3 1987 247  21253.50  20.0  29.0   2.7   .33  84.5
  3 1987 248  15296.33  22.5  30.5   2.7   .33   2.6
  3 1987 249  23651.88  19.5  30.6   2.7   .33    .0
  3 1987 250  20101.61  22.5  30.5   2.8   .33    .0
  3 1987 251  19951.99  21.5  30.2   2.8   .33    .0
  3 1987 252  17533.66  21.5  31.0   2.7   .33  14.5
  3 1987 253  15681.67  21.3  29.8   2.8   .33   5.8
  3 1987 254  18647.56  20.5  30.0   2.6   .33   1.0
  3 1987 255  18636.28  20.5  30.0   2.7   .33   6.2
  3 1987 256  10832.77  22.5  26.4   2.8   .33  14.3
  3 1987 257  15920.25  21.5  29.0   2.8   .33  12.7
  3 1987 258  14774.52  20.6  28.4   2.7   .33   5.5
  3 1987 259  13062.69  20.5  30.0   2.7   .33   6.0
  3 1987 260  17859.56  21.0  29.9   2.8   .33    .0
  3 1987 261  20530.34  21.0  31.0   2.6   .33   9.0
  3 1987 262  21077.46  22.0  31.2   3.0   .33    .0
  3 1987 263  18091.16  21.0  31.2   2.8   .33  29.5
  3 1987 264  11153.94  21.0  27.6   2.7   .33    .1
  3 1987 265  13114.09  22.0  29.4   2.7   .33    .5
  3 1987 266  20711.43  22.0  30.5   2.7   .33   7.8
  3 1987 267  16883.71  22.0  29.5   2.7   .33    .4
  3 1987 268  14046.48  21.0  30.0   2.6   .33   2.0
  3 1987 269  11635.13  20.5  28.7   2.6   .33  10.7
  3 1987 270  17379.95  22.5  30.0   2.9   .33    .0
  3 1987 271  10615.01  22.0  28.0   2.5   .33   9.8
  3 1987 272  13683.31  20.9  29.5   2.7   .33    .0
  3 1987 273  18006.47  22.0  30.5   2.7   .24  39.9
  3 1987 274  20079.73  20.0  30.9   2.6   .24   3.0
  3 1987 275  18231.48  21.0  30.2   2.7   .24  21.2
  3 1987 276  16386.52  21.4  30.3   2.7   .24   1.4
  3 1987 277  16359.13  20.5  29.7   2.6   .24   5.2
  3 1987 278  20651.59  21.0  30.2   2.8   .24    .7
  3 1987 279  14075.30  21.2  30.2   2.8   .24  45.4
  3 1987 280  10434.55  21.7  28.2   2.8   .24  74.6
  3 1987 281  15132.64  21.9  31.5   2.8   .24  22.8
  3 1987 282  18292.31  21.5  31.5   2.8   .24   4.8
  3 1987 283  16320.21  20.8  30.5   2.7   .24   2.1
  3 1987 284  16426.67  21.4  31.0   2.8   .24   9.7
  3 1987 285  19430.78  20.7  30.8   2.8   .24    .0
  3 1987 286  16912.42  20.2  30.0   2.7   .24  48.7
  3 1987 287  11236.51  21.0  28.2   2.4   .24   2.3
  3 1987 288  12447.12  21.1  29.4   2.3   .24   7.3
  3 1987 289  14750.60  21.2  29.3   2.4   .24   9.0
  3 1987 290  10062.93  21.3  25.9   2.5   .24  18.7
  3 1987 291  13045.36  21.5  28.4   2.4   .24  22.9
  3 1987 292  10013.26  22.3  23.4   2.7   .24  46.0
  3 1987 293  12439.95  21.0  29.0   2.7   .24  13.5
  3 1987 294  11322.53  22.0  28.4   2.7   .24  76.0
  3 1987 295  10073.13  21.2  25.4   2.7   .24  44.6
  3 1987 296  10860.12  22.0  28.0   2.7   .24   7.2
  3 1987 297   9886.13  22.0  25.7   2.7   .24   4.1
  3 1987 298  11479.90  21.0  27.7   2.7   .24  32.3
  3 1987 299  15896.27  19.4  30.0   2.5   .24   1.3
  3 1987 300  17472.07  20.4  30.4   2.6   .24    .2
  3 1987 301  10721.87  20.0  26.0   2.6   .24 172.9
  3 1987 302  12033.30  20.5  28.5   2.5   .24   5.7
  3 1987 303  13740.44  20.7  29.0   2.5   .24  11.6
  3 1987 304  10104.80  21.3  28.2   2.5   .24    .0
  3 1987 305  14404.89  21.5  28.3   2.3   .24    .0
  3 1987 306  18687.79  19.5  28.5   2.5   .24    .0
  3 1987 307  16654.92  19.2  29.2   2.5   .24    .4
  3 1987 308  13703.77  20.2  28.3   2.6   .37   2.4
  3 1987 309  19877.33  18.5  30.2   2.3   .37   2.2
  3 1987 310  11791.10  21.0  29.9   2.3   .37   2.6
  3 1987 311  10314.41  21.0  26.7   2.3   .37   1.4
  3 1987 312  13963.63  21.5  28.8   2.5   .37    .7
  3 1987 313  19956.77  20.8  30.8   2.7   .37    .0
  3 1987 314  18865.33  20.7  29.3   2.6   .37   4.0
  3 1987 315  18952.95  20.8  30.5   2.7   .37    .1
  3 1987 316  13309.64  21.0  28.1   2.6   .37   8.7
  3 1987 317  12108.34  22.0  27.7   2.7   .37    .5
  3 1987 318  11301.18  22.5  28.9   2.8   .37   7.1
  3 1987 319  11274.36  21.5  27.7   2.7   .37   4.0
  3 1987 320  14479.28  21.0  29.3   2.7   .37   1.3
  3 1987 321  20897.94  20.5  30.3   2.7   .37    .1
  3 1987 322  18150.41  21.4  30.4   2.7   .37  10.3
  3 1987 323  17984.32  20.1  30.0   2.8   .37  13.1
  3 1987 324   9222.22  21.4  26.0   2.6   .37  16.3
  3 1987 325   9201.60  22.1  25.1   2.9   .37 108.8
  3 1987 326  15063.72  22.0  29.0   2.7   .37   3.9
  3 1987 327  18991.81  18.8  29.6   2.4   .37   3.0
  3 1987 328  10544.73  21.6  26.5   2.6   .37  19.4
  3 1987 329  11414.71  21.8  27.5   2.7   .37  12.0
  3 1987 330  12155.52  20.5  29.2   2.7   .37    .1
  3 1987 331  16954.46  19.7  30.3   2.5   .37    .8
  3 1987 332  13505.82  19.7  29.0   2.5   .37    .7
  3 1987 333  15634.01  21.5  29.6   2.6   .37    .6
  3 1987 334  11693.20  21.0  28.5   2.4   .37    .0
  3 1987 335  16595.54  19.9  29.3   2.5   .37    .0
  3 1987 336  18210.11  20.7  29.7   2.8   .37    .0
  3 1987 337  11137.14  19.0  27.0   2.2   .37   1.1
  3 1987 338   9235.98  21.5  26.0   2.7   .37   6.3
  3 1987 339   9725.90  19.0  25.9   2.4   .37   6.3
  3 1987 340   8960.89  21.0  23.2   2.5   .37  12.7
  3 1987 341  11269.12  21.2  28.9   2.5   .37    .0
  3 1987 342  13574.05  19.5  29.3   2.6   .37  10.5
  3 1987 343  16439.28  21.5  26.7   2.6   .37   1.8
  3 1987 344   9047.56  19.6  28.2   2.5   .37   2.2
  3 1987 345  12163.85  20.7  27.8   2.3   .37  11.3
  3 1987 346  12030.12  21.2  25.1   2.5   .37   1.0
  3 1987 347   8901.83  19.5  28.4   2.6   .37   3.9
  3 1987 348  15259.49  20.5  30.0   2.7   .37    .0
  3 1987 349  14379.52  20.5  30.5   2.5   .37   2.4
  3 1987 350  18613.13  21.5  29.7   2.8   .37   6.8
  3 1987 351  18732.57  19.3  30.0   2.6   .37  11.4
  3 1987 352  21346.03  20.2  27.0   2.5   .37  33.0
  3 1987 353  10252.95  22.2  27.3   2.6   .37  19.6
  3 1987 354  10127.91  22.3  27.3   2.8   .37  89.6
  3 1987 355   8882.21  23.7  28.2   3.0   .37  37.0
  3 1987 356  11251.54  22.9  24.7   3.0   .37 135.3
  3 1987 357  11254.11  22.6  28.2   2.7   .37   6.1
  3 1987 358  19487.65  22.5  29.0   2.4   .37    .0
  3 1987 359  20742.54  19.5  29.5   2.3   .37    .0
  3 1987 360  15510.80  17.5  29.4   2.1   .37    .9
  3 1987 361  17642.04  20.8  29.7   2.3   .37   7.0
  3 1987 362  18277.88  19.4  28.7   2.4   .37   5.8
  3 1987 363  15040.67  21.0  27.8   2.5   .37   9.2
  3 1987 364  11675.17  20.9  28.5   2.5   .37   2.9
  3 1987 365  13188.28  20.5  28.0   2.6   .37   1.8
