*---------------------------------------------------------              
* Station name: Los Diamantes                                           
* Author: Atlantic Zone Project, AUW-MAG-CATIE, Costa Rica              
* Source: IMN, San Jose, Costa Rica                                     
*                                                                       
* Comments: Wind speed data lacking                                     
*           Check unit (and conversion factor) of SR, VP                
*           No data for Temp and VP for Nov-Dec                         
*                                                                       
* Longitude:  83 46 W, latitude:  10 13 N, altitude:249 m.              
* Column  Daily value                                                   
*    1    station number                                                
*    2    year                                                          
*    3    month                                                         
*    4    day                                                           
*    5    julian date                                                   
*    6    irradiation            (cal cm-2 d-1)                         
*    7    minimum temperature    (degrees Celcius)                      
*    8    maximum temperature    (degrees Celcius)                      
*    9    vapor pressure at 0700 (mbar)                                 
*   10    vapor pressure at 1300 (mbar)                                 
*   11    vapor pressure at 1800 (mbar)                                 
*   12    mean wind speed        (kilometer per hour)                   
*   13    precipitation          (mm d-1)                               
*   14    sunshine hours         (hours)                                
* Missing value: -99                                                    
*---------------------------------------------------------              
*  data converted with WDC for CABO-format
*-------------------------------------------
  83.77  10.22   249.  .00  .00
  3 1974   1  10041.60  17.0  27.0   2.0   .42   3.5
  3 1974   2  13179.60  18.5  28.2   1.9   .42   7.6
  3 1974   3  14141.92  18.1  27.7   1.7   .42  19.8
  3 1974   4   9957.92  20.0  25.7   1.8   .42   9.1
  3 1974   5   8451.68  20.4  27.0   1.8   .42  11.9
  3 1974   6  13472.48  19.0  27.7   1.7   .42    .2
  3 1974   7  12635.68  17.5  26.5   1.5   .42   1.7
  3 1974   8   9665.04  19.2  27.2   1.9   .42  14.7
  3 1974   9   8242.48  21.5  25.5   2.0   .42  61.1
  3 1974  10   7405.68  20.8  24.6   1.8   .42  16.6
  3 1974  11   7698.56  18.7  26.1   1.7   .42   7.0
  3 1974  12   8786.40  19.5  25.4   1.8   .42  10.3
  3 1974  13   7280.16  19.9  25.7   1.7   .42  59.5
  3 1974  14  15229.76  19.5  26.0   1.6   .42   5.7
  3 1974  15  12552.00  18.0  27.3   1.7   .42  11.1
  3 1974  16  11547.84  19.0  27.0   1.7   .42   7.6
  3 1974  17  16819.68  17.0  28.0   1.7   .42    .0
  3 1974  18  17447.28  17.4  27.5   1.7   .42    .0
  3 1974  19  17698.32  13.5  27.6   1.1   .42    .0
  3 1974  20  17154.40  15.5  26.4   1.4   .42    .0
  3 1974  21  16359.44  15.5  26.4   1.5   .42   3.2
  3 1974  22  14978.72  17.0  27.0   1.2   .42   5.5
  3 1974  23  13807.20  17.2  27.5   1.7   .42   3.1
  3 1974  24   9623.20  19.5  26.2   1.8   .42  11.2
  3 1974  25  14769.52  16.0  26.8   1.5   .42    .0
  3 1974  26  16945.20  17.9  28.7   1.6   .42    .1
  3 1974  27  14978.72  18.4  27.6   1.7   .42   2.4
  3 1974  28  10083.44  18.9  27.0   1.8   .44   5.4
  3 1974  29  13723.52  20.0  27.1   1.8   .44  16.0
  3 1974  30  15438.96  17.5  27.1   1.7   .44    .0
  3 1974  31  14811.36  17.0  27.5   1.6   .44    .0
  3 1974  32  13681.68  17.0  26.0   1.6   .44    .0
  3 1974  33  15313.44  19.0  28.5   1.5   .44    .0
  3 1974  34  17154.40  19.3  28.1   2.0   .44    .0
  3 1974  35  18200.40  11.5  28.1   1.5   .44    .0
  3 1974  36   6861.76  18.2  23.4   1.6   .44  16.8
  3 1974  37  15606.32  16.2  27.0   1.6   .44    .5
  3 1974  38  14644.00  16.0  27.0   1.6   .44    .0
  3 1974  39  14560.32  16.7  28.6   1.5   .44    .0
  3 1974  40  18869.84  16.4  27.1   1.5   .44    .0
  3 1974  41   9288.48  16.5  28.5   1.5   .44  17.3
  3 1974  42  16526.80  17.1  28.5   1.6   .44    .1
  3 1974  43  10376.32  15.2  25.5   1.3   .44  15.6
  3 1974  44   4100.32  17.5  27.7   1.6   .44  21.1
  3 1974  45  17321.76  17.0  27.7   1.6   .44    .0
  3 1974  46  15648.16  16.7  27.7   2.0   .44    .0
  3 1974  47  16484.96  16.5  27.7   1.4   .44    .0
  3 1974  48   9121.12  17.0  27.7   1.5   .44   7.7
  3 1974  49  10376.32  18.7  27.7   1.6   .44   7.7
  3 1974  50   9079.28  18.7  27.7   1.6   .44   2.2
  3 1974  51  13095.92  19.7  27.7   1.7   .44    .7
  3 1974  52  14267.44  18.5  27.7   1.9   .44    .0
  3 1974  53  17112.56  17.1  27.7   1.6   .44   3.3
  3 1974  54  16526.80  19.9  27.7   1.6   .44    .0
  3 1974  55  17028.88  17.1  27.7   1.7   .44    .0
  3 1974  56  13263.28  18.5  28.4   1.7   .43   8.2
  3 1974  57   8116.96  19.0  28.4   1.7   .43  16.9
  3 1974  58   7824.08  19.5  28.4   1.6   .43  31.2
  3 1974  59   6527.04  17.4  28.4   1.5   .43   7.4
  3 1974  60  10836.56  17.5  28.4   1.7   .43  23.2
  3 1974  61  16945.20  19.5  28.4   1.7   .43   4.3
  3 1974  62  19706.64  18.1  28.4   1.7   .43    .2
  3 1974  63  14141.92  20.5  28.4   1.7   .43  13.6
  3 1974  64  14225.60  19.0  28.4   1.7   .43   3.0
  3 1974  65  14685.84  20.4  28.4   1.8   .43    .0
  3 1974  66  19371.92  17.0  28.4   2.1   .43    .0
  3 1974  67  14016.40  19.0  28.4   1.8   .43  14.0
  3 1974  68  16736.00  19.2  28.4   1.7   .43    .0
  3 1974  69  16484.96  17.0  28.4   1.6   .43    .7
  3 1974  70   9874.24  19.0  28.4   1.7   .43  15.3
  3 1974  71  14225.60  20.0  28.4   1.8   .43    .0
  3 1974  72  15104.24  20.0  28.4   1.8   .43   4.1
  3 1974  73  19204.56  20.4  28.4   1.8   .43  17.7
  3 1974  74  15229.76  20.5  28.4   1.8   .43  12.8
  3 1974  75  14895.04  19.6  28.4   1.8   .43   6.9
  3 1974  76  11171.28  20.5  28.4   1.8   .43  15.6
  3 1974  77  18409.60  16.9  28.4   1.8   .43    .0
  3 1974  78  17154.40  16.6  28.4   1.6   .43    .0
  3 1974  79  19413.76  17.2  28.4   1.7   .43    .0
  3 1974  80  15773.68  18.5  28.4   1.8   .43   1.7
  3 1974  81  12426.48  18.5  28.4   1.9   .43    .0
  3 1974  82  10250.80  18.3  28.4   1.9   .43   4.3
  3 1974  83  15982.88  18.3  28.4   1.9   .43   7.1
  3 1974  84  12300.96  17.9  28.4   1.7   .43   2.6
  3 1974  85  19497.44  19.5  28.4   1.9   .43    .1
  3 1974  86  13388.80  18.2  28.4   1.8   .43   2.5
  3 1974  87  12719.36  17.6  28.4   1.6   .43   1.1
  3 1974  88  19915.84  16.0  28.4   1.6   .43    .0
  3 1974  89  16359.44  18.2  28.4   1.9   .43    .8
  3 1974  90  15397.12  18.0  28.4   1.6   .43  29.4
  3 1974  91  13472.48  18.1  28.8   1.8   .39    .0
  3 1974  92  17363.60  17.5  28.8   1.8   .39    .0
  3 1974  93  21129.20  20.0  28.8   2.0   .39    .0
  3 1974  94  20166.88  17.7  28.8   1.9   .39    .2
  3 1974  95  19162.72  20.2  30.2   1.8   .39    .0
  3 1974  96  16945.20  19.5  29.5   1.7   .39   2.6
  3 1974  97  21212.88  17.0  29.5   1.5   .39   3.6
  3 1974  98  20752.64  19.4  30.1   1.8   .39    .0
  3 1974  99  19790.32  17.6  30.0   1.4   .39    .0
  3 1974 100  22928.32  18.1  30.6   1.7   .39    .0
  3 1974 101  19706.64  19.5  28.0   1.6   .39    .1
  3 1974 102  16903.36  19.8  29.8   1.8   .39    .7
  3 1974 103  14225.60  18.2  29.5   1.7   .39   8.6
  3 1974 104  14685.84  21.3  29.5   1.9   .39   4.0
  3 1974 105  14225.60  20.2  28.5   1.9   .39  16.4
  3 1974 106  12008.08  20.5  27.2   1.6   .39   4.5
  3 1974 107  14895.04  19.9  28.5   1.8   .39   2.7
  3 1974 108  10167.12  20.2  26.5   1.8   .39   7.4
  3 1974 109   9665.04  20.6  28.6   1.9   .39  61.5
  3 1974 110  15648.16  19.6  29.2   2.0   .39    .0
  3 1974 111  14434.80  20.5  28.5   1.8   .39 134.6
  3 1974 112   9204.80  22.0  28.0   2.0   .39  20.8
  3 1974 113  14685.84  19.5  28.4   1.8   .39   2.2
  3 1974 114  21547.60  17.5  29.2   1.5   .39    .0
  3 1974 115  16275.76  18.0  28.9   1.6   .39   5.6
  3 1974 116   4937.12  20.5  24.9   1.8   .39  49.0
  3 1974 117  17782.00  18.6  29.0   1.9   .39    .0
  3 1974 118  18325.92  18.5  29.0   2.0   .39   8.4
  3 1974 119  16192.08  17.4  28.6   1.6   .37   2.9
  3 1974 120   9121.12  20.2  26.2   1.8   .37   8.6
  3 1974 121  12133.60  19.5  27.8   1.8   .37  11.6
  3 1974 122  15020.56  19.5  29.5   1.9   .37   8.1
  3 1974 123  10836.56  20.0  28.2   1.9   .37  23.6
  3 1974 124  14685.84  19.2  29.5   1.9   .37    .0
  3 1974 125  13263.28  20.5  28.7   2.1   .37    .0
  3 1974 126  18325.92  20.5  30.5   1.9   .37    .3
  3 1974 127  20585.28  19.7  30.5   2.1   .37    .0
  3 1974 128  20166.88  19.5  30.9   2.0   .37    .0
  3 1974 129  15104.24  20.7  31.5   2.0   .37   1.4
  3 1974 130  16066.56  20.2  31.5   1.9   .37    .0
  3 1974 131  17363.60  20.2  31.5   2.0   .37   1.5
  3 1974 132  23258.50  20.0  30.5   2.0   .37    .0
  3 1974 133  11171.28  21.5  28.8   2.1   .37  26.1
  3 1974 134  15564.48  20.3  29.8   1.9   .37  14.0
  3 1974 135  11464.16  21.5  29.3   2.0   .37   9.5
  3 1974 136  17865.68  19.5  30.6   1.9   .37  39.1
  3 1974 137  13263.28  20.2  29.2   2.0   .37  62.0
  3 1974 138  11673.36  19.9  28.5   1.9   .37  44.7
  3 1974 139  16819.68  19.1  30.0   2.0   .37    .8
  3 1974 140  15941.04  19.2  31.0   1.9   .37   3.6
  3 1974 141  19622.96  20.5  30.5   2.0   .37    .0
  3 1974 142  11003.92  22.4  28.0   2.0   .37  15.6
  3 1974 143  18828.00  19.6  30.5   2.0   .37  27.1
  3 1974 144   9288.48  21.0  27.7   2.0   .37   2.4
  3 1974 145   8995.60  20.2  27.1   1.9   .37  30.8
  3 1974 146  16610.48  19.5  29.5   1.9   .37    .0
  3 1974 147  10167.12  19.5  27.0   1.8   .37    .2
  3 1974 148  13388.80  19.5  29.9   2.0   .37    .0
  3 1974 149   7196.48  21.4  27.9   2.0   .37  21.7
  3 1974 150   6527.04  20.9  24.7   1.9   .37   7.0
  3 1974 151  14058.24  20.5  29.2   1.9   .37   3.3
  3 1974 152  16066.56  19.7  29.0   2.0   .37   8.8
  3 1974 153  11589.68  20.2  29.1   2.0   .37  53.6
  3 1974 154  12091.76  19.0  27.2   1.9   .33    .2
  3 1974 155  11254.96  21.2  28.2   2.0   .33  29.0
  3 1974 156  13849.04  20.5  28.2   1.9   .33   2.3
  3 1974 157  14560.32  20.6  29.2   1.9   .33   5.8
  3 1974 158  10083.44  21.5  27.1   2.0   .33    .1
  3 1974 159  15438.96  21.0  29.5   2.0   .33   2.6
  3 1974 160   9665.04  20.2  29.5   2.0   .33  15.9
  3 1974 161  13054.08  19.1  28.5   1.8   .33  17.1
  3 1974 162  11798.88  19.5  27.6   2.0   .33  23.1
  3 1974 163  12008.08  20.7  27.5   1.9   .33   6.9
  3 1974 164  10292.64  20.0  27.5   1.9   .33  49.2
  3 1974 165  10083.44  20.5  26.3   1.9   .33    .1
  3 1974 166   7824.08  21.6  27.5   2.0   .33   8.8
  3 1974 167  10501.84  22.3  27.5   2.1   .33   2.9
  3 1974 168  10711.04  20.3  27.1   1.9   .33   2.0
  3 1974 169  14267.44  18.2  29.5   1.9   .33    .0
  3 1974 170   8451.68  18.2  27.5   1.9   .33    .0
  3 1974 171  11798.88  20.8  29.5   2.0   .33  44.9
  3 1974 172  13054.08  21.0  28.0   2.0   .33    .1
  3 1974 173   8911.92  22.4  26.5   2.0   .33  18.4
  3 1974 174  20250.56  19.5  31.0   2.1   .33    .0
  3 1974 175  17154.40  20.0  30.7   2.0   .33   6.4
  3 1974 176  16694.16  19.6  30.7   2.0   .33   2.1
  3 1974 177  14644.00  20.5  28.2   2.0   .33  18.2
  3 1974 178  15731.84  20.0  28.5   1.8   .33  35.0
  3 1974 179  15229.76  20.2  28.1   1.8   .33  46.7
  3 1974 180  12300.96  20.4  28.5   1.9   .33    .6
  3 1974 181  12426.48  20.0  28.0   1.9   .33  23.1
  3 1974 182  12635.68  19.5  28.5   2.0   .38  34.2
  3 1974 183  15773.68  19.5  29.5   1.6   .38    .1
  3 1974 184  14351.12  21.0  28.7   2.0   .38   3.3
  3 1974 185   9204.80  22.4  26.2   2.0   .38  47.5
  3 1974 186   4309.52  21.0  26.0   1.9   .38  91.6
  3 1974 187  17154.40  20.3  28.5   1.9   .38   7.3
  3 1974 188  16484.96  19.5  29.7   2.0   .38  79.2
  3 1974 189   7196.48  22.1  26.5   2.1   .38  48.6
  3 1974 190  17698.32  19.5  29.6   2.0   .38   5.4
  3 1974 191   8786.40  21.6  27.5   2.0   .38  48.2
  3 1974 192  12844.88  21.0  30.5   2.0   .38   2.7
  3 1974 193  12635.68  21.9  29.8   2.1   .38  58.6
  3 1974 194  10418.16  20.6  25.5   2.0   .38   3.2
  3 1974 195  11464.16  19.3  27.5   1.8   .38    .0
  3 1974 196  15941.04  19.4  28.0   1.9   .38   7.2
  3 1974 197  17572.80  19.0  29.2   2.0   .38  14.7
  3 1974 198  20041.36  18.0  29.5   1.9   .38    .0
  3 1974 199   9539.52  18.0  27.5   1.8   .38   7.6
  3 1974 200  12300.96  18.2  27.6   1.8   .38    .0
  3 1974 201  15982.88  19.2  29.2   1.9   .38    .0
  3 1974 202  15313.44  19.0  28.9   1.8   .38   5.4
  3 1974 203  12217.28  19.0  28.5   1.9   .38  17.6
  3 1974 204  19497.44  21.0  29.8   2.0   .38   1.3
  3 1974 205  19371.92  18.9  29.2   1.8   .38   1.5
  3 1974 206  11757.04  20.7  28.5   2.0   .38   5.1
  3 1974 207   6861.76  20.5  27.0   2.0   .38  36.7
  3 1974 208   8870.08  20.1  26.5   1.9   .38  16.1
  3 1974 209  10376.32  21.1  27.5   1.9   .38  43.1
  3 1974 210   5020.80  20.5  25.0   1.8   .34  11.3
  3 1974 211  16694.16  18.7  29.5   1.8   .34    .0
  3 1974 212  11045.76  21.1  28.5   1.9   .34   1.0
  3 1974 213   9874.24  19.5  28.2   1.8   .34  18.9
  3 1974 214   9414.00  21.0  25.5   2.0   .34  13.5
  3 1974 215  16903.36  20.0  28.5   1.9   .34    .0
  3 1974 216   8786.40  20.2  27.0   1.9   .34  16.6
  3 1974 217   5773.92  20.5  26.0   2.1   .34  55.8
  3 1974 218  14351.12  21.2  28.5   2.0   .34   3.4
  3 1974 219  14769.52  19.5  28.7   1.8   .34   3.4
  3 1974 220   6401.52  21.5  25.0   2.0   .34  18.3
  3 1974 221  20668.96  21.8  29.5   1.7   .34   3.2
  3 1974 222   4811.60  20.6  24.8   1.8   .34    .4
  3 1974 223  10627.36  20.2  27.5   1.9   .34  25.2
  3 1974 224  12342.80  20.4  26.2   1.8   .34  16.7
  3 1974 225  13179.60  20.6  29.0   1.9   .34  51.7
  3 1974 226  13598.00  19.0  29.3   2.0   .34   1.8
  3 1974 227  16819.68  21.5  29.5   1.9   .34   5.5
  3 1974 228  12970.40  17.0  29.5   2.2   .34  23.4
  3 1974 229  12638.37  22.0  29.3   2.2   .34  72.1
  3 1974 230  10292.64  22.0  27.0   2.1   .34  76.4
  3 1974 231   9623.20  22.1  28.2   2.2   .34  26.7
  3 1974 232  11338.64  21.6  29.2   2.1   .34  79.9
  3 1974 233  11003.92  21.6  28.0   2.0   .34  31.5
  3 1974 234  14685.84  21.6  28.2   2.0   .34   1.8
  3 1974 235  11380.48  20.5  29.0   1.9   .34  17.8
  3 1974 236  12342.80  21.2  28.1   2.1   .34   9.8
  3 1974 237  15104.24  20.4  28.4   2.0   .34  20.9
  3 1974 238  14685.84  19.2  29.7   2.0   .34  14.0
  3 1974 239  11673.36  20.4  28.5   2.0   .34    .9
  3 1974 240  14267.44  20.5  29.5   1.9   .34  13.6
  3 1974 241  18744.32  19.0  29.5   1.9   .34    .0
  3 1974 242  15438.96  19.1  29.9   1.8   .34    .9
  3 1974 243  18451.44  19.6  30.5   2.1   .34   7.6
  3 1974 244  15020.56  19.5  30.5   1.9   .34    .6
  3 1974 245  11171.28  19.5  29.5   1.9   .33   9.7
  3 1974 246  12217.28  19.9  27.5   1.9   .33    .0
  3 1974 247  15982.88  19.6  29.5   1.9   .33    .0
  3 1974 248  13723.52  21.0  29.7   2.0   .33    .0
  3 1974 249  16736.00  20.2  30.2   1.9   .33    .3
  3 1974 250  16359.44  20.7  30.0   2.0   .33    .0
  3 1974 251  16401.28  21.2  29.6   1.9   .33   9.8
  3 1974 252  15229.76  21.2  29.5   1.9   .33  18.7
  3 1974 253  17238.08  21.4  30.0   2.1   .33  36.9
  3 1974 254  11464.16  20.0  28.7   2.0   .33   1.2
  3 1974 255  13263.28  20.0  30.0   1.9   .33  19.7
  3 1974 256   7698.56  21.2  30.0   1.9   .33  14.8
  3 1974 257  15773.68  19.0  28.5   1.8   .33   2.2
  3 1974 258  19581.12  20.3  28.7   1.8   .33  16.9
  3 1974 259  20125.04  19.0  30.6   1.8   .33    .0
  3 1974 260  17154.40  20.5  31.5   1.9   .33    .0
  3 1974 261   7489.36  21.0  27.4   1.9   .33   4.6
  3 1974 262  12510.16  18.9  28.9   1.9   .33    .3
  3 1974 263  15020.56  21.1  31.3   1.9   .33    .8
  3 1974 264   9539.52  20.4  28.5   2.0   .33   1.4
  3 1974 265  19288.24  16.5  31.0   1.8   .33    .0
  3 1974 266  11338.64  18.0  29.2   1.9   .33  59.0
  3 1974 267  13932.72  18.5  29.9   1.8   .33  32.8
  3 1974 268  12217.28  20.0  29.2   1.9   .33    .2
  3 1974 269  14895.04  20.2  30.5   2.0   .33    .6
  3 1974 270  17321.76  19.5  29.5   1.9   .33    .0
  3 1974 271  17215.75  20.9  28.5   1.8   .33    .0
  3 1974 272   9832.40  21.0  29.0   2.0   .33  37.0
  3 1974 273  14685.84  19.1  29.1   1.9   .24  30.6
  3 1974 274   8326.16  19.5  26.6   1.8   .24   4.6
  3 1974 275  12510.16  20.5  28.9   2.0   .24   5.8
  3 1974 276  14434.80  20.9  29.5   2.1   .24  41.4
  3 1974 277  17489.12  19.7  29.8   2.0   .24    .0
  3 1974 278  18869.84  18.4  30.0   1.8   .24    .0
  3 1974 279  15564.48  18.5  30.5   1.8   .24   4.0
  3 1974 280  12552.00  19.0  27.2   1.8   .24  29.4
  3 1974 281  10292.64  20.5  26.8   1.9   .24  12.6
  3 1974 282   7489.36  20.6  28.5   1.9   .24   2.1
  3 1974 283   5439.20  20.4  24.5   1.8   .24   2.8
  3 1974 284  14434.80  19.2  29.2   1.9   .24   6.4
  3 1974 285  17991.20  20.0  30.0   2.0   .24    .0
  3 1974 286   3765.60  20.5  29.5   1.9   .24  18.6
  3 1974 287  17363.60  17.5  30.0   1.9   .24    .0
  3 1974 288  13263.28  17.5  30.0   1.8   .24  14.4
  3 1974 289  10920.24  17.6  30.2   1.8   .24  53.8
  3 1974 290  10063.20  17.3  30.1   2.0   .24  16.2
  3 1974 291  14351.12  17.4  30.0   2.0   .24  12.3
  3 1974 292   8242.48  17.5  30.0   2.0   .24  56.8
  3 1974 293   7824.08  17.3  25.0   2.0   .24   1.0
  3 1974 294  10167.12  17.4  28.2   1.9   .24   1.5
  3 1974 295   7363.84  21.0  26.5   2.0   .24  10.3
  3 1974 296   9957.92  20.0  26.4   1.9   .24    .5
  3 1974 297  10585.52  21.2  27.5   1.9   .24  32.1
  3 1974 298   9330.32  21.0  27.4   2.0   .24  43.4
  3 1974 299  13849.04  21.0  28.0   1.9   .24   1.0
  3 1974 300  14476.64  20.0  29.0   1.9   .24    .0
  3 1974 301  15397.12  18.9  29.9   1.9   .24    .6
  3 1974 302  14141.92  19.7  28.6   1.9   .24  47.8
  3 1974 303   6736.24  20.1  26.1   1.9   .24   2.4
  3 1974 304  10292.64  20.5  28.0   1.9   .24  13.4
  3 1974 305  13054.08  20.4  28.8   5.7   .24   6.0
  3 1974 306   7238.32  20.4  28.8   5.7   .24  14.7
  3 1974 307   8660.88  20.4  28.8   5.7   .24    .0
  3 1974 308  13179.60  20.3  28.0   5.5   .37    .0
  3 1974 309  14560.32  20.3  28.0   5.5   .37    .0
  3 1974 310  13388.80  20.3  28.0   5.5   .37    .0
  3 1974 311  11296.80  20.3  28.0   5.5   .37    .0
  3 1974 312   9500.49  20.3  28.0   5.5   .37  20.8
  3 1974 313   8911.92  20.3  28.0   5.5   .37   4.2
  3 1974 314  11422.32  20.3  28.0   5.5   .37  10.2
  3 1974 315   5606.56  20.3  28.0   5.5   .37    .2
  3 1974 316   7824.08  20.3  28.0   5.5   .37   1.3
  3 1974 317  10460.00  20.3  28.0   5.5   .37    .0
  3 1974 318  13054.08  20.3  28.0   5.5   .37    .0
  3 1974 319   9748.72  20.3  28.0   5.5   .37    .0
  3 1974 320  12091.76  20.3  28.0   5.5   .37   2.3
  3 1974 321  12342.80  20.3  28.0   5.5   .37    .0
  3 1974 322   9037.44  20.3  28.0   5.5   .37    .0
  3 1974 323  15146.08  20.3  28.0   5.5   .37    .0
  3 1974 324   7949.60  20.3  28.0   5.5   .37    .0
  3 1974 325  11380.48  20.3  28.0   5.5   .37    .0
  3 1974 326   7824.08  20.3  28.0   5.5   .37   6.6
  3 1974 327  10711.04  20.3  28.0   5.5   .37    .7
  3 1974 328   9455.84  20.3  28.0   5.5   .37    .0
  3 1974 329   4267.68  20.3  28.0   5.5   .37    .0
  3 1974 330   9106.62  20.3  28.0   5.5   .37    .0
  3 1974 331   2217.52  20.3  28.0   5.5   .37  69.2
  3 1974 332   2050.16  20.3  28.0   5.5   .37  32.3
  3 1974 333  10669.20  20.3  28.0   5.5   .37    .0
  3 1974 334  11087.60  20.3  28.0   5.5   .37    .0
  3 1974 335   5815.76  20.3  28.0   5.5   .37  10.3
  3 1974 336   5690.24  19.2  27.5   5.3   .37  94.3
  3 1974 337   3514.56  19.2  27.5   5.3   .37 119.1
  3 1974 338   3681.92  19.2  27.5   5.3   .37  77.3
  3 1974 339   2719.60  19.2  27.5   5.3   .37  49.1
  3 1974 340   5564.72  19.2  27.5   5.3   .37   4.3
  3 1974 341   7824.08  19.2  27.5   5.3   .37   6.4
  3 1974 342   9665.04  19.2  27.5   5.3   .37   3.0
  3 1974 343  13598.00  19.2  27.5   5.3   .37    .0
  3 1974 344  11882.56  19.2  27.5   5.3   .37    .1
  3 1974 345  15397.12  19.2  27.5   5.3   .37    .1
  3 1974 346  10334.48  19.2  27.5   5.3   .37   3.0
  3 1974 347  11171.28  19.2  27.5   5.3   .37    .2
  3 1974 348  20500.48  19.2  27.5   5.3   .37    .6
  3 1974 349  10418.16  19.2  27.5   5.3   .37   1.1
  3 1974 350   9665.04  19.2  27.5   5.3   .37    .4
  3 1974 351  13556.16  19.2  27.5   5.3   .37   2.8
  3 1974 352  12970.40  19.2  27.5   5.3   .37    .6
  3 1974 353  12844.88  19.2  27.5   5.3   .37    .0
  3 1974 354  13890.88  19.2  27.5   5.3   .37    .0
  3 1974 355  12719.36  19.2  27.5   5.3   .37    .0
  3 1974 356  11213.12  19.2  27.5   5.3   .37   4.4
  3 1974 357  11631.52  19.2  27.5   5.3   .37   4.3
  3 1974 358  10711.04  19.2  27.5   5.3   .37   1.7
  3 1974 359   7363.84  19.2  27.5   5.3   .37   8.4
  3 1974 360  14392.96  19.2  27.5   5.3   .37    .3
  3 1974 361  12259.12  19.2  27.5   5.3   .37    .4
  3 1974 362  13430.64  19.2  27.5   5.3   .37    .0
  3 1974 363  14853.20  19.2  27.5   5.3   .37   2.1
  3 1974 364  12342.80  19.2  27.5   5.3   .37    .0
  3 1974 365  12552.00  19.2  27.5   5.3   .37    .2
