*---------------------------------------------------------              
* Station name: Los Diamantes                                           
* Author: Atlantic Zone Project, AUW-MAG-CATIE, Costa Rica              
* Source: IMN, San Jose, Costa Rica                                     
*                                                                       
* Comments: Wind speed data still lacking                               
*           Check unit of vapor pressure                                
*                                                                       
*                                                                       
* Longitude:  83  46 W, latitude:  10  13 N, altitude: 249 m.           
* Column  Daily value                                                   
*    1    station number                                                
*    2    year                                                          
*    3    month                                                         
*    4    day                                                           
*    5    julian date                                                   
*    6    irradiation            (cal cm-2 d-1)                         
*    7    minimum temperature    (degrees Celcius)                      
*    8    maximum temperature    (degrees Celcius)                      
*    9    vapor pressure at 0700 (mbar)                                 
*   10    vapor pressure at 1300 (mbar)                                 
*   11    vapor pressure at 1800 (mbar)                                 
*   12    mean wind speed        (kilometer per hour)                   
*   13    precipitation          (mm d-1)                               
*   14    sunshine hours         (hours)                                
* Missing value: -99                                                    
*---------------------------------------------------------              
*  data converted with WDC for CABO-format, low radiation levels
*-------------------------------------------
  83.77  10.22   249.  .00  .00
  3 1981   1   8940.93  18.4  21.5   1.7   .42  39.1
  3 1981   2   4184.00  19.4  24.0   1.7   .42  20.2
  3 1981   3   1799.12  19.0  21.8   1.7   .42  30.2
  3 1981   4   4811.60  19.3  23.5   1.7   .42  13.6
  3 1981   5  10083.44  20.0  26.2   1.8   .42  19.8
  3 1981   6  19580.35  18.8  28.5   1.7   .42   5.8
  3 1981   7   7573.04  20.1  25.5   1.8   .42   4.2
  3 1981   8   7907.76  18.3  26.0   1.7   .42    .2
  3 1981   9   4895.28  19.8  24.2   1.9   .42   2.5
  3 1981  10  12217.28  17.3  27.0   1.6   .42   1.5
  3 1981  11   3221.68  17.6  23.5   1.8   .42  10.8
  3 1981  12   2384.88  18.5  22.0   1.6   .42  18.8
  3 1981  13   8995.60  17.5  24.2   1.5   .42   6.2
  3 1981  14   6108.64  18.2  24.5   2.1   .42   6.2
  3 1981  15   6527.04  20.0  24.5   1.7   .42   6.8
  3 1981  16   5271.84  20.0  25.5   1.7   .42  57.6
  3 1981  17   9187.86  21.0  23.0   1.8   .42  75.4
  3 1981  18   3849.28  20.0  23.2   1.9   .42  65.8
  3 1981  19   9229.91  18.3  21.0   1.5   .42  23.2
  3 1981  20   5062.64  18.3  24.5   1.8   .42    .5
  3 1981  21   7363.84  21.0  26.7   1.9   .42   4.6
  3 1981  22  15941.04  16.4  29.0   1.5   .42    .0
  3 1981  23  12217.28  16.8  29.0   1.3   .42    .0
  3 1981  24  12844.88  17.1  29.0   1.5   .42    .0
  3 1981  25   2970.64  20.4  29.0   1.8   .42   7.0
  3 1981  26   7949.60  20.3  27.1   1.7   .42   3.6
  3 1981  27  15480.80  17.2  28.2   1.6   .42    .0
  3 1981  28  15606.32  17.2  28.0   1.5   .44    .2
  3 1981  29   8116.96  18.4  26.5   1.6   .44  11.8
  3 1981  30  21057.52  19.6  28.5   1.7   .44    .2
  3 1981  31  13514.32  18.8  28.0   1.7   .44   4.4
  3 1981  32  11254.96  19.0  28.0   1.7   .44    .0
  3 1981  33  12510.16  20.0  27.5   1.7   .44   4.5
  3 1981  34   6987.28  20.8  25.5   1.9   .44  20.7
  3 1981  35  12008.08  20.4  26.2   1.8   .44   8.0
  3 1981  36  12217.28  19.6  27.3   1.7   .44   5.0
  3 1981  37  12552.00  19.2  27.5   1.7   .44   1.6
  3 1981  38  16066.56  18.6  29.0   1.7   .44    .0
  3 1981  39  12928.56  20.4  27.5   1.7   .44    .0
  3 1981  40  14769.52  20.2  28.2   1.8   .44   5.5
  3 1981  41  14434.80  19.4  28.5   1.7   .44   2.0
  3 1981  42  14267.44  20.2  29.5   1.9   .44   5.6
  3 1981  43  11338.64  20.2  27.2   1.8   .44  68.1
  3 1981  44  16275.76  20.3  28.0   1.8   .44    .8
  3 1981  45  18200.40  19.8  28.8   1.6   .44    .1
  3 1981  46  14978.72  17.2  28.5   1.5   .44    .0
  3 1981  47  16275.76  17.0  29.5   1.5   .44    .0
  3 1981  48  13807.20  18.4  29.5   1.7   .44    .0
  3 1981  49  15731.84  18.5  29.0   1.7   .44    .0
  3 1981  50  15606.32  17.8  28.5   1.5   .44    .0
  3 1981  51  16819.68  18.8  30.0   1.8   .44    .2
  3 1981  52  17447.28  20.3  29.5   1.9   .44    .0
  3 1981  53  10112.33  21.0  24.5   1.9   .44  24.8
  3 1981  54   1506.24  19.6  23.0   1.7   .44  19.0
  3 1981  55   6024.96  18.8  23.0   1.4   .44   7.1
  3 1981  56   2259.36  19.0  21.5   1.7   .43  26.4
  3 1981  57  13305.12  20.0  29.0   1.7   .43   3.7
  3 1981  58   7573.04  21.1  29.0   2.0   .43  78.4
  3 1981  59   2677.76  22.0  28.6   2.0   .43 102.3
  3 1981  60  11338.64  22.2  27.6   2.1   .43   3.6
  3 1981  61  12635.68  21.8  27.4   2.0   .43   4.8
  3 1981  62  11966.24  22.6  28.0   2.0   .43  17.8
  3 1981  63   8242.48  22.2  28.5   2.0   .43   5.4
  3 1981  64  12761.20  20.6  29.0   1.9   .43   8.9
  3 1981  65  13305.12  19.6  31.0   1.9   .43    .0
  3 1981  66   9204.80  20.6  28.5   1.9   .43   9.0
  3 1981  67  17028.88  21.0  30.5   1.9   .43    .0
  3 1981  68   8911.92  22.0  30.2   2.1   .43  15.7
  3 1981  69  17572.80  18.0  29.6   1.6   .43    .0
  3 1981  70  15020.56  18.2  29.5   1.6   .43    .7
  3 1981  71  10794.72  18.3  27.0   1.8   .43  25.8
  3 1981  72  15522.64  17.8  29.0   1.6   .43    .0
  3 1981  73  17698.32  17.8  29.5   1.8   .43    .5
  3 1981  74   9288.48  19.4  29.5   2.0   .43   5.3
  3 1981  75  24560.08  18.2  29.3   1.8   .43    .0
  3 1981  76  23221.20  16.3  30.0   1.5   .43    .0
  3 1981  77  13263.28  17.3  29.5   1.6   .43    .0
  3 1981  78  19288.24  18.4  31.5   1.9   .43    .0
  3 1981  79   5146.32  21.0  28.0   2.0   .43  31.9
  3 1981  80   6317.84  20.0  26.0   1.7   .43    .3
  3 1981  81  15397.12  18.6  31.0   1.8   .43    .0
  3 1981  82  19079.04  22.2  32.0   2.1   .43    .0
  3 1981  83   3514.56  19.0  24.0   1.6   .43  19.0
  3 1981  84   5648.40  20.0  24.0   1.7   .43  20.5
  3 1981  85   9623.20  19.7  25.5   1.7   .43   7.0
  3 1981  86   8577.20  20.0  25.5   1.7   .43  10.3
  3 1981  87  20543.44  17.3  29.0   1.7   .43    .1
  3 1981  88  17991.20  19.0  29.0   1.7   .43    .1
  3 1981  89  15857.36  20.4  29.5   1.8   .43   7.8
  3 1981  90  15941.04  19.4  30.0   2.0   .43  23.6
  3 1981  91  12426.48  21.8  29.0   2.0   .39   2.4
  3 1981  92  13179.60  20.2  29.5   1.7   .39   3.3
  3 1981  93  13807.20  20.2  29.0   2.0   .39    .5
  3 1981  94  19790.32  18.3  29.5   1.8   .39    .1
  3 1981  95  21547.60  17.3  29.5   1.6   .39    .0
  3 1981  96   9581.36  19.0  28.0   1.7   .39  39.1
  3 1981  97  12844.88  21.0  29.0   1.9   .39   2.3
  3 1981  98  14351.12  20.6  29.5   1.8   .39    .1
  3 1981  99   7489.36  20.0  28.0   1.8   .39  10.9
  3 1981 100  13388.80  21.5  28.0   1.9   .39   9.1
  3 1981 101  11547.84  22.0  28.0   1.9   .39  14.5
  3 1981 102   5230.00  21.5  25.4   1.9   .39  12.9
  3 1981 103   8368.00  21.8  25.5   2.0   .39  42.5
  3 1981 104   9581.36  21.0  27.5   1.8   .39  23.9
  3 1981 105   5941.28  20.2  25.6   1.6   .39  43.4
  3 1981 106  12510.16  19.4  28.0   1.7   .39   1.8
  3 1981 107   8116.96  20.5  27.6   1.9   .39   4.1
  3 1981 108   4435.04  21.6  26.5   1.9   .39  62.2
  3 1981 109  11776.89  21.5  27.0   2.0   .39  28.2
  3 1981 110  14910.74  20.6  28.5   1.9   .39    .0
  3 1981 111  14225.60  20.5  29.0   2.0   .39   2.7
  3 1981 112  16024.72  20.0  30.5   1.7   .39    .0
  3 1981 113  15146.08  21.0  31.0   2.0   .39    .0
  3 1981 114  13137.76  21.6  29.5   1.9   .39    .7
  3 1981 115  10962.08  22.4  28.2   2.0   .39  13.5
  3 1981 116   6108.64  22.5  27.5   2.1   .39   5.8
  3 1981 117  20263.12  20.6  30.0   1.5   .39  14.6
  3 1981 118  11296.80  22.2  28.5   2.0   .39   1.6
  3 1981 119  13472.48  22.5  31.0   2.0   .37  11.3
  3 1981 120   7740.40  23.0  29.0   2.1   .37   5.5
  3 1981 121  14006.12  22.5  29.0   2.1   .37  39.9
  3 1981 122   7531.20  21.8  29.0   2.0   .37  18.0
  3 1981 123  10208.96  20.5  29.0   2.2   .37  11.0
  3 1981 124  13137.76  19.6  29.5   1.9   .37  21.5
  3 1981 125  16443.12  20.6  31.0   2.0   .37  48.4
  3 1981 126   9455.84  22.6  30.0   2.0   .37  21.8
  3 1981 127  11966.24  21.3  30.0   2.0   .37    .0
  3 1981 128   8368.00  22.4  29.0   2.1   .37  66.7
  3 1981 129  17580.52  21.7  29.5   2.0   .37  39.6
  3 1981 130  10585.52  21.0  30.0   2.1   .37   1.3
  3 1981 131  18112.66  21.0  28.9   1.9   .37    .3
  3 1981 132  13890.88  21.0  29.5   1.9   .37    .6
  3 1981 133   8995.60  21.8  27.5   2.0   .37    .7
  3 1981 134   9037.44  22.3  29.3   2.1   .37   8.3
  3 1981 135  21252.62  21.0  31.0   2.0   .37    .2
  3 1981 136  12091.76  21.0  31.0   2.0   .37    .0
  3 1981 137  10292.64  22.5  30.5   2.1   .37   6.0
  3 1981 138  23276.49  22.0  31.0   2.0   .37    .2
  3 1981 139  13890.88  21.6  30.8   1.9   .37    .0
  3 1981 140   9372.16  22.6  30.0   2.2   .37   5.2
  3 1981 141  13826.68  22.2  29.0   2.2   .37   8.5
  3 1981 142  12713.42  23.0  29.5   2.1   .37    .6
  3 1981 143  14141.92  21.6  31.5   2.0   .37    .3
  3 1981 144  17070.72  21.0  31.5   1.9   .37    .2
  3 1981 145  18409.60  21.0  31.0   2.2   .37    .0
  3 1981 146  13765.36  22.0  31.5   2.0   .37    .0
  3 1981 147  17028.88  22.0  31.0   2.1   .37    .0
  3 1981 148  12635.68  22.2  30.6   2.0   .37    .0
  3 1981 149  14392.96  22.2  31.5   1.9   .37   9.6
  3 1981 150   8368.00  22.5  29.0   2.2   .37  10.0
  3 1981 151  11589.68  21.5  30.0   2.0   .37   9.1
  3 1981 152   4937.12  22.6  26.5   2.0   .37   6.6
  3 1981 153  14769.52  22.6  30.2   2.0   .37  29.1
  3 1981 154  12510.16  22.6  30.0   2.0   .33   4.7
  3 1981 155  11966.24  22.2  28.6   2.1   .33    .0
  3 1981 156  10167.12  23.5  30.0   2.1   .33  27.0
  3 1981 157   9330.32  22.5  30.0   2.2   .33  39.9
  3 1981 158  16806.91  21.6  31.0   2.0   .33  24.1
  3 1981 159  16694.16  22.0  31.5   2.1   .33  95.3
  3 1981 160  13807.20  21.0  30.5   2.0   .33  40.6
  3 1981 161  12008.08  20.1  29.1   2.1   .33    .1
  3 1981 162   9455.84  22.4  29.5   2.1   .33  56.6
  3 1981 163  13263.28  22.0  29.4   2.1   .33  23.9
  3 1981 164   7363.84  21.5  26.5   2.1   .33    .6
  3 1981 165  12761.20  21.6  29.5   2.0   .33   1.0
  3 1981 166  10836.56  21.6  29.0   2.1   .33   5.6
  3 1981 167   7196.48  21.0  26.6   1.9   .33    .0
  3 1981 168  15564.48  21.5  31.0   2.0   .33    .3
  3 1981 169  11129.44  21.0  29.0   1.9   .33   8.1
  3 1981 170   3640.08  21.5  25.6   1.9   .33    .2
  3 1981 171  11380.48  21.0  29.4   2.1   .33  13.0
  3 1981 172  19028.34  21.0  30.8   2.1   .33    .3
  3 1981 173  16192.08  21.0  31.4   2.0   .33    .7
  3 1981 174   9079.28  21.6  28.5   2.0   .33   1.3
  3 1981 175   6778.08  21.6  28.0   1.9   .33   6.5
  3 1981 176  15857.36  22.0  29.0   1.9   .33    .0
  3 1981 177  15239.95  20.5  29.2   2.0   .33  15.7
  3 1981 178  17539.03  20.5  29.0   1.9   .33   6.3
  3 1981 179  17270.17  21.6  29.5   2.2   .33   8.9
  3 1981 180  17907.52  20.3  30.0   2.0   .33  11.4
  3 1981 181   7698.56  22.2  25.5   1.9   .33   7.1
  3 1981 182   8911.92  20.2  28.2   1.7   .38   4.8
  3 1981 183  16740.11  22.0  29.9   2.0   .38  25.3
  3 1981 184  11924.40  21.5  29.5   2.0   .38    .0
  3 1981 185  12593.84  20.0  30.0   1.8   .38   5.7
  3 1981 186   8158.80  21.5  28.2   2.1   .38  36.0
  3 1981 187  17154.40  20.2  30.0   1.9   .38    .0
  3 1981 188  12635.68  20.5  29.5   1.9   .38    .0
  3 1981 189  13472.48  22.0  30.5   2.0   .38    .0
  3 1981 190   6527.04  22.2  26.2   2.0   .38  47.9
  3 1981 191  13930.57  21.6  29.5   1.9   .38  54.3
  3 1981 192  10836.56  17.2  30.0   1.9   .38 109.5
  3 1981 193  18839.33  19.5  29.0   2.0   .38  23.6
  3 1981 194   7280.16  19.3  27.4   1.9   .38    .6
  3 1981 195  11213.12  20.2  28.0   1.8   .38  13.6
  3 1981 196  21049.90  20.1  29.0   2.0   .38    .0
  3 1981 197   8284.32  20.6  27.5   1.9   .38    .0
  3 1981 198  14895.04  22.0  30.5   2.0   .38   8.2
  3 1981 199   7656.72  21.5  28.0   2.0   .38    .7
  3 1981 200  14476.64  22.0  30.5   2.0   .38    .0
  3 1981 201   7656.72  22.2  28.0   1.9   .38   3.1
  3 1981 202   6861.76  20.3  30.0   1.8   .38   7.4
  3 1981 203   9414.00  22.0  28.5   1.9   .38  99.8
  3 1981 204  23626.07  19.5  30.5   1.9   .38    .0
  3 1981 205  11338.64  22.8  30.0   2.0   .38   7.2
  3 1981 206   8870.08  21.6  29.5   2.0   .38    .2
  3 1981 207   9414.00  20.0  29.5   2.0   .38   2.2
  3 1981 208  12342.80  20.2  30.2   2.0   .38   3.6
  3 1981 209  10167.12  20.5  30.0   2.0   .38   7.1
  3 1981 210   6359.68  22.6  26.5   2.0   .34  13.0
  3 1981 211   8409.84  22.0  27.4   2.0   .34   8.3
  3 1981 212  18229.61  21.5  29.2   2.0   .34  31.1
  3 1981 213  16441.66  22.3  29.5   2.0   .34   1.4
  3 1981 214   4225.84  21.5  29.5   2.1   .34    .2
  3 1981 215  14241.96  21.0  28.0   1.8   .34   8.0
  3 1981 216  14249.34  21.0  29.0   1.9   .34  27.8
  3 1981 217  15785.17  21.0  28.5   2.0   .34   5.0
  3 1981 218  10292.64  21.2  27.2   1.9   .34 142.6
  3 1981 219  16776.54  21.1  29.7   1.9   .34  66.6
  3 1981 220  11629.28  22.0  28.0   2.1   .34  18.3
  3 1981 221  10796.30  21.0  27.6   2.0   .34    .7
  3 1981 222  10167.12  19.5  29.5   1.7   .34   5.6
  3 1981 223  17090.19  21.5  29.5   2.0   .34  19.0
  3 1981 224   4476.88  21.3  25.0   1.9   .34    .2
  3 1981 225  12970.40  21.0  28.2   1.9   .34    .0
  3 1981 226   8870.08  22.1  28.5   2.0   .34  12.1
  3 1981 227  13137.76  20.2  30.0   1.9   .34  20.1
  3 1981 228  18033.04  19.5  31.0   2.0   .34    .0
  3 1981 229  24294.84  19.2  30.5   2.0   .34    .0
  3 1981 230  14392.96  20.8  30.5   2.0   .34    .0
  3 1981 231   8870.08  20.3  28.5   1.9   .34  19.8
  3 1981 232  14769.52  19.6  30.0   1.8   .34    .0
  3 1981 233  19999.52  21.0  31.5   1.9   .34    .0
  3 1981 234  20396.73  20.8  30.0   1.8   .34  68.0
  3 1981 235  17299.21  21.0  29.6   2.0   .34  50.8
  3 1981 236  10711.04  21.2  29.0   2.0   .34   3.6
  3 1981 237  14518.48  19.5  29.8   1.9   .34  16.9
  3 1981 238  21542.52  21.3  30.0   2.0   .34  21.5
  3 1981 239  10292.64  21.6  29.6   2.1   .34  13.8
  3 1981 240  12426.48  20.5  28.0   1.8   .34   1.3
  3 1981 241   8368.00  21.0  30.0   1.9   .34  19.5
  3 1981 242  14518.48  19.5  29.6   1.8   .34   6.6
  3 1981 243  13890.88  20.0  29.5   1.9   .34   4.7
  3 1981 244  11966.24  20.5  29.5   1.9   .34  10.3
  3 1981 245  11171.28  21.2  30.2   1.9   .33   1.5
  3 1981 246  20124.30  21.0  30.6   2.0   .33    .4
  3 1981 247  19694.84  20.5  28.2   1.9   .33  93.2
  3 1981 248  11798.88  20.0  29.0   2.0   .33  12.4
  3 1981 249   2677.76  20.0  28.5   2.1   .33   1.1
  3 1981 250  14978.72  19.8  30.2   1.7   .33   3.4
  3 1981 251  11422.32  20.4  30.0   1.9   .33  30.6
  3 1981 252  11798.88  21.0  30.4   1.9   .33  12.7
  3 1981 253   8535.36  19.5  29.5   2.0   .33   7.9
  3 1981 254  22332.11  19.5  30.0   2.0   .33    .0
  3 1981 255   9121.12  20.5  28.0   1.8   .33   1.4
  3 1981 256  19615.77  20.0  28.5   1.9   .33   1.3
  3 1981 257  10292.64  20.6  29.0   2.0   .33   7.5
  3 1981 258   7280.16  21.5  29.2   2.1   .33  46.0
  3 1981 259  17698.32  20.0  30.4   1.9   .33    .0
  3 1981 260  16736.00  20.7  27.3   2.0   .33    .0
  3 1981 261  15773.68  21.0  30.1   1.9   .33    .0
  3 1981 262   9957.92  21.5  30.0   2.2   .33    .0
  3 1981 263  11798.88  22.0  29.0   2.1   .33   3.9
  3 1981 264  14518.48  20.5  30.5   2.0   .33    .6
  3 1981 265  10208.96  21.0  30.4   2.0   .33  10.7
  3 1981 266  13514.32  19.0  31.0   1.9   .33    .2
  3 1981 267  12886.72  20.0  30.0   2.1   .33  18.7
  3 1981 268  13137.76  20.0  30.1   1.9   .33  90.1
  3 1981 269   8660.88  18.5  27.5   1.7   .33    .9
  3 1981 270  13472.48  20.5  30.0   2.1   .33   1.0
  3 1981 271  13514.32  20.5  30.0   2.1   .33    .0
  3 1981 272  15899.20  23.0  30.0   2.0   .33   6.5
  3 1981 273  14016.40  23.0  32.5   2.1   .24  34.5
  3 1981 274  12798.89  22.5  32.5   2.0   .24   4.4
  3 1981 275  17392.30  23.6  30.0   2.0   .24   7.5
  3 1981 276   9916.08  20.0  30.0   2.0   .24    .1
  3 1981 277   4937.12  18.5  27.0   1.9   .24  14.0
  3 1981 278  14434.80  18.3  30.0   2.0   .24    .0
  3 1981 279  10501.84  17.0  29.5   2.0   .24   4.0
  3 1981 280  11673.36  20.0  29.0   1.9   .24    .0
  3 1981 281  14434.80  19.5  30.0   2.0   .24  12.4
  3 1981 282   9204.80  20.4  29.5   1.9   .24   2.9
  3 1981 283  11171.28  20.0  30.0   2.0   .24  39.3
  3 1981 284   8075.12  20.0  27.0   2.1   .24    .2
  3 1981 285  12259.12  20.2  30.0   2.0   .24   3.2
  3 1981 286  11296.80  20.0  29.0   2.1   .24   7.2
  3 1981 287  21556.40  19.0  31.0   1.9   .24   3.7
  3 1981 288  13932.72  21.5  30.5   2.1   .24   6.3
  3 1981 289  22802.80  19.0  31.0   1.9   .24   3.4
  3 1981 290   9204.80  21.5  28.0   2.0   .24  37.1
  3 1981 291  15642.45  21.0  29.0   2.0   .24  32.4
  3 1981 292   9957.92  20.5  29.0   1.9   .24   6.2
  3 1981 293  10208.96  20.4  29.0   2.0   .24  34.9
  3 1981 294   7698.56  20.2  26.5   1.9   .24   5.4
  3 1981 295  11673.36  21.9  28.0   2.0   .24  14.6
  3 1981 296   6778.08  21.0  25.9   2.1   .24   9.4
  3 1981 297  15146.08  20.7  30.0   2.0   .24   6.5
  3 1981 298   8075.12  20.5  28.0   2.0   .24    .0
  3 1981 299   8744.56  20.6  28.0   2.0   .24    .4
  3 1981 300  10083.44  19.5  30.0   2.1   .24  23.9
  3 1981 301  11966.24  19.4  29.5   2.0   .24  83.4
  3 1981 302   7405.68  21.2  29.6   2.2   .24  11.6
  3 1981 303   9162.96  19.8  30.0   1.9   .24  63.3
  3 1981 304  11840.72  19.0  29.8   1.9   .24   4.3
  3 1981 305  14769.52  20.2  30.5   1.9   .24   7.2
  3 1981 306  14058.24  19.0  30.0   2.0   .24    .7
  3 1981 307  14351.12  18.9  35.0   2.0   .24  38.9
  3 1981 308  11798.88  22.0  30.0   2.0   .37  31.7
  3 1981 309  14351.12  21.0  30.0   2.1   .37  24.5
  3 1981 310   9957.92  21.8  29.0   2.0   .37   7.3
  3 1981 311   4727.92  21.7  29.4   2.0   .37  84.0
  3 1981 312  14434.80  20.5  26.0   1.8   .37  42.2
  3 1981 313   6317.84  21.0  26.0   1.9   .37  11.8
  3 1981 314  12133.60  21.7  25.5   2.0   .37  29.1
  3 1981 315   2133.84  21.0  24.0   1.8   .37 178.5
  3 1981 316   2803.28  20.6  25.0   1.8   .37  30.7
  3 1981 317   2343.04  20.5  23.5   1.7   .37  27.2
  3 1981 318   4309.52  20.0  22.5   1.8   .37  50.3
  3 1981 319   3514.56  20.3  23.6   1.8   .37  10.5
  3 1981 320   2468.56  20.4  23.5   1.8   .37   8.4
  3 1981 321   3723.76  21.0  23.0   1.9   .37  30.6
  3 1981 322   9665.04  21.0  25.4   1.9   .37  53.2
  3 1981 323   6652.56  21.5  26.8   1.9   .37    .8
  3 1981 324  10627.36  20.0  29.7   1.9   .37  16.2
  3 1981 325   7614.88  20.2  26.6   1.9   .37  10.7
  3 1981 326   9181.46  21.0  23.8   1.8   .37  97.0
  3 1981 327   3765.60  20.9  23.8   1.9   .37  78.4
  3 1981 328   9142.73  20.7  24.0   1.9   .37  97.4
  3 1981 329   9124.17  20.6  24.0   2.0   .37  42.9
  3 1981 330   4309.52  20.2  24.2   1.9   .37  12.4
  3 1981 331  15051.46  18.6  28.0   1.8   .37    .6
  3 1981 332  18446.44  19.9  29.0   1.9   .37    .0
  3 1981 333  17531.59  19.5  28.9   1.9   .37    .6
  3 1981 334  19904.97  20.2  30.0   1.9   .37    .0
  3 1981 335  18361.94  20.0  29.5   1.9   .37   4.0
  3 1981 336  11757.04  21.5  28.0   2.1   .37   4.6
  3 1981 337  17430.47  21.4  29.5   2.1   .37   6.3
  3 1981 338  13133.46  22.5  29.5   2.1   .37  13.4
  3 1981 339  15503.12  21.0  29.0   2.0   .37  50.0
  3 1981 340   2552.24  21.0  29.0   1.9   .37  64.9
  3 1981 341   2050.16  19.7  22.0   1.7   .37  76.8
  3 1981 342   7280.16  19.5  26.7   1.9   .37   1.2
  3 1981 343  14061.65  21.2  27.5   2.0   .37  44.9
  3 1981 344   2343.04  21.2  23.4   1.9   .37  41.3
  3 1981 345   8914.83  19.2  28.8   1.6   .37  37.3
  3 1981 346   8907.93  19.4  23.5   1.8   .37  18.1
  3 1981 347   4476.88  20.5  28.5   1.9   .37  14.4
  3 1981 348   5271.84  21.2  28.6   1.9   .37   9.5
  3 1981 349   7405.68  21.5  28.5   2.0   .37   5.2
  3 1981 350   7280.16  21.7  28.7   1.9   .37  86.9
  3 1981 351  17984.69  18.2  29.2   1.8   .37   2.4
  3 1981 352  13369.96  20.4  28.0   1.9   .37   9.6
  3 1981 353  12510.16  19.5  29.0   1.9   .37    .0
  3 1981 354  13514.32  19.4  27.5   1.7   .37    .2
  3 1981 355   3514.56  20.8  23.5   1.8   .37  50.2
  3 1981 356   8911.92  20.4  27.0   1.9   .37    .0
  3 1981 357  16066.56  16.4  29.0   2.0   .37    .0
  3 1981 358  15229.76  18.5  29.7   1.7   .37   1.5
  3 1981 359  13305.12  21.3  29.0   2.0   .37    .5
  3 1981 360  12635.68  19.2  30.0   1.8   .37    .8
  3 1981 361  19639.75  18.5  29.2   1.7   .37    .0
  3 1981 362  11254.96  19.3  29.7   1.7   .37    .0
  3 1981 363  12635.68  19.5  30.5   1.8   .37   6.0
  3 1981 364  10543.68  19.8  28.5   2.0   .37    .9
  3 1981 365   9874.24  18.5  29.7   1.5   .37    .4
