*---------------------------------------------------------              
* Station name: Los Diamantes                                           
* Author: Atlantic Zone Project, AUW-MAG-CATIE, Costa Rica              
* Source: IMN, San Jose, Costa Rica                                     
*                                                                       
* Comments: Wind speed data lacking                                     
*           Solar radiation data still lacking                          
*           Check unit (and conversion factor) of VP                    
*                                                                       
* Longitude:  83 46 W, latitude:  10 13 N, altitude:249 m.              
* Column  Daily value                                                   
*    1    station number                                                
*    2    year                                                          
*    3    month                                                         
*    4    day                                                           
*    5    julian date                                                   
*    6    irradiation            (cal cm-2 d-1)                         
*    7    minimum temperature    (degrees Celcius)                      
*    8    maximum temperature    (degrees Celcius)                      
*    9    vapor pressure at 0700 (mbar)                                 
*   10    vapor pressure at 1300 (mbar)                                 
*   11    vapor pressure at 1800 (mbar)                                 
*   12    mean wind speed        (kilometer per hour)                   
*   13    precipitation          (mm d-1)                               
*   14    sunshine hours         (hours)                                
* Missing value: -99                                                    
*---------------------------------------------------------              
*  data converted with WDC for CABO-format
*-------------------------------------------
  83.77  10.22   249.  .00  .00
  3 1973   1   9192.02  16.5  26.8   1.8   .42    .9
  3 1973   2  10331.21  18.4  25.7   1.8   .42   4.6
  3 1973   3  14109.94  16.6  26.4   1.6   .42    .0
  3 1973   4  16514.97  17.5  28.3   1.8   .42   5.4
  3 1973   5  12132.04  18.5  27.5   1.9   .42  17.5
  3 1973   6  15172.20  17.2  28.2   1.7   .42    .2
  3 1973   7   9896.35  18.5  26.8   1.9   .42   2.8
  3 1973   8  10417.23  18.3  28.0   1.8   .42   1.0
  3 1973   9  13975.38  18.5  27.5   1.7   .42    .7
  3 1973  10  16784.46  18.0  29.5   1.7   .42    .0
  3 1973  11  17827.07  18.4  29.2   1.8   .42    .0
  3 1973  12   9855.15  17.9  28.0   1.8   .42  51.7
  3 1973  13   9110.88  17.0  23.5   1.5   .42  43.6
  3 1973  14   9129.36  17.1  22.0   1.6   .42  62.5
  3 1973  15  18977.01  18.5  27.5   1.7   .42   5.1
  3 1973  16  16584.14  16.5  27.5   1.6   .42    .0
  3 1973  17  19435.33  18.0  28.0   1.7   .42   5.3
  3 1973  18   9209.06  17.8  27.0   1.7   .42    .0
  3 1973  19  15529.49  20.2  28.7   1.7   .42    .3
  3 1973  20  18911.74  17.8  29.5   1.6   .42   1.7
  3 1973  21  18952.42  17.0  29.4   1.6   .42    .0
  3 1973  22  17701.01  16.5  29.2   1.5   .42   1.2
  3 1973  23  18388.44  17.5  28.8   1.6   .42   1.5
  3 1973  24   9343.87  19.5  25.6   1.8   .42  19.3
  3 1973  25  11839.11  19.5  26.8   1.8   .42   3.2
  3 1973  26  19427.74  18.0  29.2   1.9   .42    .6
  3 1973  27  15424.55  17.8  28.5   1.6   .42    .2
  3 1973  28  10488.97  20.0  27.0   1.8   .44   4.2
  3 1973  29  19434.49  18.9  28.9   1.7   .44  16.9
  3 1973  30   9493.01  18.2  24.0   1.6   .44  50.3
  3 1973  31  18738.09  17.5  28.0   1.7   .44    .4
  3 1973  32   9677.09  19.8  26.5   1.8   .44    .3
  3 1973  33  15258.89  17.5  28.9   2.0   .44   1.3
  3 1973  34  10393.38  19.9  26.2   2.1   .44  15.8
  3 1973  35  21314.13  19.1  28.4   1.9   .44   5.2
  3 1973  36  13245.97  16.5  28.0   1.6   .44   1.3
  3 1973  37   9678.86  16.2  29.0   1.9   .44   2.0
  3 1973  38  11042.92  19.9  25.7   1.9   .44   2.5
  3 1973  39  12144.83  18.4  27.1   1.8   .44   4.9
  3 1973  40  14056.91  19.5  28.1   1.8   .44    .0
  3 1973  41  20282.36  18.7  29.7   1.9   .44   6.1
  3 1973  42   9815.42  18.5  25.2   1.7   .44  64.0
  3 1973  43   9842.83  16.3  21.0   1.7   .44  16.5
  3 1973  44  13254.93  19.2  26.1   1.7   .44   4.9
  3 1973  45  19665.62  18.4  28.0   1.8   .44   1.2
  3 1973  46  21616.06  18.5  29.2   1.6   .44    .1
  3 1973  47  15128.39  17.2  28.0   2.1   .44   6.6
  3 1973  48  18714.60  17.4  27.7   1.8   .44    .0
  3 1973  49  21767.55  17.2  29.0   1.6   .44   1.6
  3 1973  50  17980.58  15.9  27.5   1.7   .44   1.3
  3 1973  51  23651.40  15.9  28.8   1.5   .44    .0
  3 1973  52  10361.39  15.2  25.2   1.7   .44    .5
  3 1973  53  12593.11  15.4  27.2   1.6   .44    .3
  3 1973  54  13866.28  18.1  27.1   1.7   .44    .0
  3 1973  55  18462.94  18.7  28.4   1.8   .44    .0
  3 1973  56  18364.66  16.9  28.8   1.7   .43    .0
  3 1973  57  21318.72  15.6  30.0   1.7   .43    .0
  3 1973  58  10518.78  14.0  27.2   1.6   .43    .5
  3 1973  59  16531.92  17.8  29.0   1.8   .43    .6
  3 1973  60  14334.88  16.4  27.8   1.6   .43   4.8
  3 1973  61  11152.36  17.0  28.0   1.9   .43    .6
  3 1973  62  18173.06  16.8  29.8   1.7   .43    .0
  3 1973  63  22551.96  14.8  29.8   1.5   .43    .0
  3 1973  64  19365.26  16.3  28.8   1.6   .43   2.7
  3 1973  65  13217.66  14.4  28.5   1.7   .43    .0
  3 1973  66  15073.06  17.8  28.5   1.8   .43    .7
  3 1973  67  20737.00  17.9  29.5   1.5   .43    .1
  3 1973  68  19925.10  18.5  29.8   1.7   .43    .0
  3 1973  69  15155.22  21.0  29.5   1.9   .43    .0
  3 1973  70  19989.48  19.2  29.8   1.7   .43    .0
  3 1973  71  12233.66  21.6  28.2   1.7   .43    .2
  3 1973  72  14239.40  19.6  29.4   1.7   .43   4.3
  3 1973  73  20788.74  18.5  30.0   1.6   .43    .0
  3 1973  74  11302.49  20.1  28.6   1.8   .43   1.7
  3 1973  75  12885.05  19.3  28.6   1.7   .43   1.0
  3 1973  76  21583.59  19.5  30.9   1.8   .43    .0
  3 1973  77  19331.72  17.6  29.5   1.5   .43    .0
  3 1973  78  12230.04  19.6  28.5   1.9   .43   5.0
  3 1973  79  18522.29  20.3  29.6   1.9   .43    .6
  3 1973  80  19114.23  20.3  30.3   1.9   .43    .0
  3 1973  81  16992.81  19.8  30.5   1.9   .43    .0
  3 1973  82  17154.05  21.5  30.2   2.0   .43    .0
  3 1973  83  15027.25  22.2  30.1   2.0   .43    .0
  3 1973  84  13469.64  22.5  28.8   1.9   .43    .0
  3 1973  85  21067.65  22.2  31.6   2.1   .43    .0
  3 1973  86  17934.96  21.8  31.0   2.0   .43    .0
  3 1973  87  13510.41  21.1  28.5   2.0   .43  11.5
  3 1973  88  20254.56  19.5  30.5   1.5   .43    .0
  3 1973  89  17688.91  20.8  30.2   1.9   .43   3.6
  3 1973  90  14548.14  21.6  28.5   1.9   .43    .0
  3 1973  91  21007.50  21.4  28.3   1.8   .39    .0
  3 1973  92  13851.51  21.1  30.5   1.8   .39    .0
  3 1973  93  20166.88  21.5  31.0   1.7   .39    .0
  3 1973  94  16305.18  22.1  31.0   2.1   .39    .0
  3 1973  95  18319.06  20.5  29.7   1.9   .39   3.1
  3 1973  96  13023.21  21.6  28.4   1.9   .39    .6
  3 1973  97  15178.79  21.5  29.1   1.9   .39   1.2
  3 1973  98  21344.07  20.5  32.2   2.0   .39    .0
  3 1973  99  19628.54  20.6  31.0   2.0   .39    .0
  3 1973 100  11326.74  22.5  28.0   2.0   .39  19.1
  3 1973 101  11474.35  18.0  28.0   1.7   .39    .0
  3 1973 102  11192.10  18.0  27.9   1.7   .39    .0
  3 1973 103  17917.62  18.1  28.9   1.9   .39    .8
  3 1973 104  10912.72  18.0  24.9   1.9   .39  25.7
  3 1973 105  16345.08  19.8  28.5   1.8   .39   9.4
  3 1973 106  11917.28  20.4  28.1   1.9   .39    .0
  3 1973 107  18055.80  18.2  29.0   1.7   .39    .0
  3 1973 108  12061.80  19.9  27.1   1.8   .39   1.7
  3 1973 109  13059.78  21.6  29.1   2.0   .39   5.7
  3 1973 110  17617.29  20.0  29.4   2.0   .39    .2
  3 1973 111  16900.77  22.0  30.0   1.9   .39   8.7
  3 1973 112  17891.64  20.0  29.5   1.9   .39    .0
  3 1973 113  20159.62  19.5  30.0   1.8   .39   7.1
  3 1973 114  18730.76  20.5  30.5   1.9   .39    .0
  3 1973 115  19857.90  20.0  30.4   1.9   .39    .0
  3 1973 116  17437.98  22.5  31.0   2.1   .39    .0
  3 1973 117  17996.51  22.5  31.5   2.1   .39   1.8
  3 1973 118  18978.08  22.6  31.0   2.2   .39   6.9
  3 1973 119  22219.56  23.4  29.5   2.1   .37    .0
  3 1973 120  11469.99  23.7  27.2   2.1   .37  55.7
  3 1973 121  24448.63  20.5  30.0   2.0   .37    .0
  3 1973 122  25699.97  20.5  30.4   2.0   .37   2.8
  3 1973 123  25258.24  19.6  30.0   1.8   .37    .9
  3 1973 124  13562.06  21.0  25.1   1.9   .37  10.8
  3 1973 125  12851.92  21.5  28.0   1.9   .37  11.7
  3 1973 126  24497.12  22.3  30.7   2.0   .37  18.1
  3 1973 127  15221.77  20.5  29.4   2.0   .37   4.8
  3 1973 128  15772.08  21.5  28.6   2.0   .37  15.8
  3 1973 129  15901.15  21.9  30.5   2.0   .37   3.4
  3 1973 130  14631.96  21.5  28.9   2.0   .37  61.6
  3 1973 131  22440.61  21.5  29.7   2.1   .37   6.4
  3 1973 132  24374.20  19.9  29.6   2.0   .37    .0
  3 1973 133  14322.89  21.9  27.9   2.0   .37   4.9
  3 1973 134  19600.52  21.2  30.5   2.0   .37   4.7
  3 1973 135  14858.58  22.5  27.5   2.0   .37  44.2
  3 1973 136  13875.83  21.6  29.2   2.2   .37  29.9
  3 1973 137  12895.18  21.0  27.2   1.9   .37   4.3
  3 1973 138  11916.66  20.5  28.9   1.9   .37  20.5
  3 1973 139  14261.33  20.5  28.5   1.9   .37  47.6
  3 1973 140  13006.94  20.5  28.9   1.9   .37  11.7
  3 1973 141  11341.05  21.2  26.0   2.0   .37   2.5
  3 1973 142  16575.17  20.9  29.9   1.9   .37    .9
  3 1973 143  17113.61  19.6  30.0   1.9   .37    .1
  3 1973 144  21504.90  20.5  31.6   2.1   .37    .0
  3 1973 145  23274.85  20.3  31.0   1.9   .37   5.5
  3 1973 146  19959.20  21.5  30.0   2.0   .37   5.8
  3 1973 147  18159.85  20.5  30.5   2.0   .37  34.7
  3 1973 148  13622.47  21.5  28.7   2.2   .37  19.1
  3 1973 149  17311.47  22.0  29.7   2.0   .37 100.8
  3 1973 150  13468.04  21.0  27.5   1.9   .37   3.7
  3 1973 151  11272.30  21.5  28.2   2.0   .37  64.3
  3 1973 152  11368.47  21.1  26.0   2.0   .37    .6
  3 1973 153  11464.63  21.5  27.1   2.0   .37    .0
  3 1973 154  11560.80  20.9  28.0   2.0   .33    .0
  3 1973 155  11657.00  21.0  28.0   1.9   .33   7.1
  3 1973 156  13148.81  18.9  26.5   2.0   .33    .0
  3 1973 157  16815.54  19.4  29.9   1.9   .33  29.3
  3 1973 158  12863.71  21.5  28.0   1.8   .33   4.7
  3 1973 159  20738.27  20.3  30.4   2.0   .33    .0
  3 1973 160  12716.25  20.0  27.6   1.9   .33  17.3
  3 1973 161  21396.25  22.2  29.5   2.0   .33    .0
  3 1973 162  10671.42  19.9  25.5   1.9   .33   8.2
  3 1973 163  19343.91  19.4  30.2   1.9   .33    .0
  3 1973 164  17303.90  20.1  30.2   2.0   .33  80.7
  3 1973 165  17839.64  20.3  29.1   1.9   .33  18.3
  3 1973 166  16209.23  21.0  28.6   2.0   .33   4.2
  3 1973 167  16745.99  21.6  30.0   2.1   .33    .1
  3 1973 168  13088.58  21.9  29.9   2.1   .33  50.9
  3 1973 169  14032.64  21.8  28.2   2.0   .33  15.6
  3 1973 170  10649.15  21.0  24.0   1.9   .33  22.5
  3 1973 171  19976.95  20.6  30.3   1.9   .33    .0
  3 1973 172  11592.52  22.5  29.2   2.1   .33   3.6
  3 1973 173  10645.13  21.5  27.5   2.0   .33  12.5
  3 1973 174  12131.17  20.6  27.7   1.9   .33   2.9
  3 1973 175  16726.26  21.0  28.7   2.0   .33   1.7
  3 1973 176  16455.82  19.2  27.5   1.9   .33  30.6
  3 1973 177  18619.07  20.0  29.5   1.9   .33  19.2
  3 1973 178  18755.40  21.0  30.9   1.9   .33  31.3
  3 1973 179  20650.14  20.1  30.5   1.9   .33    .0
  3 1973 180  21734.77  20.4  31.2   2.0   .33   1.9
  3 1973 181  18627.16  21.5  30.2   2.1   .33   2.5
  3 1973 182  20119.01  20.4  30.5   2.0   .38   8.1
  3 1973 183  17957.90  20.7  26.3   2.1   .38   8.5
  3 1973 184  10650.83  19.8  28.5   2.0   .38   1.8
  3 1973 185  16477.16  20.1  28.5   1.9   .38   8.3
  3 1973 186  11061.62  21.0  26.5   2.0   .38   1.7
  3 1973 187  10657.57  20.4  27.1   1.9   .38    .0
  3 1973 188  13101.70  21.9  27.7   2.0   .38   8.7
  3 1973 189  11341.68  21.0  28.4   2.0   .38   8.5
  3 1973 190  15554.47  21.0  29.2   1.9   .38  15.7
  3 1973 191  12164.01  20.5  28.0   2.1   .38   2.7
  3 1973 192  11352.69  21.4  27.5   1.9   .38   6.9
  3 1973 193  19519.18  20.0  30.5   1.9   .38    .0
  3 1973 194  14219.81  21.5  29.4   2.0   .38  35.9
  3 1973 195  10820.48  21.2  25.5   1.8   .38  36.5
  3 1973 196  15187.26  20.5  28.6   1.9   .38   9.7
  3 1973 197  14239.83  20.9  27.6   1.9   .38   1.6
  3 1973 198  11379.50  20.0  27.7   1.9   .38   2.1
  3 1973 199  11111.13  21.6  26.5   2.0   .38   3.8
  3 1973 200  10705.65  21.4  26.2   1.9   .38   6.0
  3 1973 201  10710.20  21.0  25.5   2.0   .38  31.1
  3 1973 202  11810.86  21.5  27.0   1.9   .38  22.2
  3 1973 203  11130.87  20.5  29.4   1.9   .38   7.4
  3 1973 204  17998.46  20.5  29.7   1.9   .38    .4
  3 1973 205  19520.99  21.5  30.3   2.0   .38   1.4
  3 1973 206  14721.25  19.9  29.5   1.8   .38   7.6
  3 1973 207  17757.65  19.9  29.2   2.0   .38  36.8
  3 1973 208  23417.31  20.0  30.2   1.9   .38   7.8
  3 1973 209  13229.87  21.2  29.1   2.0   .38  13.2
  3 1973 210  18757.99  20.0  29.5   2.0   .34   6.1
  3 1973 211  19875.57  19.8  30.0   1.9   .34  10.9
  3 1973 212  14495.40  19.2  28.0   1.9   .34  18.2
  3 1973 213  10765.85  19.7  23.6   1.9   .34   8.5
  3 1973 214  16312.66  18.9  29.7   1.8   .34   5.6
  3 1973 215  24089.21  18.4  28.4   1.8   .34    .0
  3 1973 216  18275.22  19.2  28.9   1.7   .34   4.0
  3 1973 217  19675.94  20.0  29.5   1.9   .34   2.7
  3 1973 218  15376.18  21.4  28.5   2.0   .34  13.2
  3 1973 219  13991.81  20.5  27.9   1.9   .34   8.1
  3 1973 220  23753.15  19.5  31.0   1.9   .34    .2
  3 1973 221  15259.68  20.2  30.5   1.9   .34   1.0
  3 1973 222  19315.46  21.2  29.8   2.1   .34   6.3
  3 1973 223  19605.29  20.0  29.8   2.0   .34    .0
  3 1973 224  15140.00  20.0  27.5   1.9   .34    .0
  3 1973 225  26624.43  19.5  30.7   1.9   .34    .0
  3 1973 226  23837.77  21.5  30.1   2.0   .34   2.8
  3 1973 227  16418.81  20.0  30.5   1.8   .34    .7
  3 1973 228  13197.17  19.1  30.5   1.7   .34   4.7
  3 1973 229  19800.69  20.1  30.5   2.0   .34   2.7
  3 1973 230  24727.32  20.5  31.0   2.0   .34   2.2
  3 1973 231  17705.61  20.5  30.5   1.9   .34    .0
  3 1973 232  16866.10  22.2  30.6   2.1   .34  17.0
  3 1973 233  17996.70  22.0  30.1   2.0   .34  86.2
  3 1973 234  20396.65  20.0  31.2   2.0   .34  22.8
  3 1973 235  19555.49  20.5  31.0   2.0   .34   6.0
  3 1973 236  20405.92  21.5  30.5   2.1   .34   5.6
  3 1973 237  16174.00  20.5  29.7   1.9   .34   8.6
  3 1973 238  18999.83  20.1  29.0   2.0   .34  15.5
  3 1973 239  19001.29  20.0  29.4   1.9   .34  53.1
  3 1973 240  13346.35  21.1  29.0   1.9   .34   5.7
  3 1973 241  10797.87  21.6  24.3   2.0   .34  20.2
  3 1973 242  13482.64  21.5  29.5   2.0   .34  10.5
  3 1973 243  10789.72  21.0  28.0   2.0   .34    .0
  3 1973 244  16873.75  20.7  29.2   2.0   .34    .2
  3 1973 245  10779.78  20.9  28.8   1.9   .33   1.6
  3 1973 246  11340.80  20.0  28.6   1.9   .33    .1
  3 1973 247  19694.88  20.4  30.5   1.9   .33    .9
  3 1973 248  18697.57  20.5  30.6   1.8   .33  41.4
  3 1973 249  21100.78  21.4  31.4   2.1   .33    .0
  3 1973 250  20810.38  21.0  31.0   2.0   .33    .2
  3 1973 251  22361.71  20.0  31.5   1.8   .33   2.2
  3 1973 252  16966.77  21.9  30.5   2.2   .33    .0
  3 1973 253  17524.24  20.9  30.5   1.9   .33    .0
  3 1973 254  11278.53  21.6  27.3   1.9   .33  30.6
  3 1973 255  10701.67  20.6  27.1   1.9   .33    .1
  3 1973 256  18057.61  20.6  29.5   1.9   .33    .2
  3 1973 257  16911.75  20.5  29.6   2.1   .33    .4
  3 1973 258  16615.23  20.0  29.4   1.8   .33    .1
  3 1973 259  12921.25  19.5  29.4   1.8   .33    .0
  3 1973 260  10927.14  20.4  27.3   1.9   .33    .0
  3 1973 261  15863.70  21.0  28.2   1.9   .33   1.7
  3 1973 262  15847.69  21.0  29.2   2.0   .33  16.1
  3 1973 263  17384.96  19.5  29.5   2.0   .33  43.8
  3 1973 264  19908.07  19.9  30.0   2.0   .33    .0
  3 1973 265  13819.76  20.0  30.0   1.9   .33    .1
  3 1973 266  17891.46  21.4  30.4   2.0   .33  17.4
  3 1973 267  20547.54  20.6  30.7   2.0   .33  10.7
  3 1973 268  11230.64  20.2  28.5   1.9   .33   4.6
  3 1973 269  18669.60  20.5  30.2   1.8   .33    .0
  3 1973 270  15271.71  20.2  28.5   1.9   .33   3.0
  3 1973 271  20164.95  19.7  30.5   1.9   .33  12.2
  3 1973 272  10596.83  21.1  32.1   2.0   .33    .0
  3 1973 273  18146.91  20.1  30.2   2.0   .24   7.3
  3 1973 274  15459.45  19.4  28.9   1.8   .24  30.1
  3 1973 275  12777.01  21.2  27.0   2.0   .24  38.8
  3 1973 276  15548.56  20.0  29.0   1.7   .24   1.3
  3 1973 277  11614.95  20.0  29.4   2.0   .24  14.6
  3 1973 278  13683.29  20.0  27.5   1.9   .24   2.5
  3 1973 279  10734.83  20.2  27.2   1.9   .24    .0
  3 1973 280  17524.60  20.4  30.2   2.0   .24   1.5
  3 1973 281  15965.92  20.6  29.7   1.9   .24    .1
  3 1973 282  12331.28  21.6  28.6   1.9   .24  27.9
  3 1973 283  17704.95  20.0  30.2   1.8   .24  74.9
  3 1973 284  10621.06  21.1  27.4   2.0   .24  87.1
  3 1973 285  11977.57  20.6  28.9   1.9   .24    .0
  3 1973 286  14983.35  15.6  28.4   1.9   .24   7.9
  3 1973 287  13851.21  20.7  29.7   2.1   .24  42.9
  3 1973 288  10661.49  20.0  28.0   2.0   .24    .2
  3 1973 289  16671.13  21.0  29.5   2.0   .24    .0
  3 1973 290  19784.89  20.3  30.6   2.1   .24  70.8
  3 1973 291  19333.53  20.5  29.5   2.1   .24   5.8
  3 1973 292  19428.94  20.5  29.4   1.9   .24  58.2
  3 1973 293  14211.08  20.7  29.3   1.9   .24   7.9
  3 1973 294  16625.71  19.2  29.5   2.0   .24  32.2
  3 1973 295  14009.42  20.1  28.9   2.0   .24   4.8
  3 1973 296  19395.32  19.5  29.7   2.0   .24   1.9
  3 1973 297  19351.97  19.5  29.8   2.0   .24  76.9
  3 1973 298  12425.03  19.7  28.2   2.0   .24   7.0
  3 1973 299  12663.70  21.1  28.4   2.0   .24    .0
  3 1973 300  20027.16  19.6  30.1   1.9   .24   3.4
  3 1973 301   9782.89  22.5  27.2   2.0   .24   4.3
  3 1973 302  11765.84  21.9  28.0   2.1   .24   7.0
  3 1973 303  22028.14  19.1  30.0   1.9   .24    .0
  3 1973 304  20243.65  20.3  29.7   1.8   .24    .0
  3 1973 305  19930.53  20.4  30.2   1.9   .24    .0
  3 1973 306  22275.91  19.0  30.2   1.9   .24    .5
  3 1973 307  19838.00  20.5  29.2   1.9   .24   1.7
  3 1973 308  16880.41  20.0  29.9   2.0   .37  13.6
  3 1973 309  13934.63  22.5  28.1   2.1   .37  18.8
  3 1973 310  19304.71  20.5  29.2   2.0   .37   2.5
  3 1973 311  15971.31  19.6  29.4   1.8   .37   3.0
  3 1973 312   9763.06  21.9  25.7   2.1   .37  51.4
  3 1973 313  14585.54  19.4  28.2   2.0   .37   5.5
  3 1973 314   9843.35  20.5  26.0   2.0   .37  12.1
  3 1973 315  15038.46  19.6  27.6   1.8   .37  19.4
  3 1973 316  14091.66  19.5  28.5   1.8   .37    .2
  3 1973 317  11068.85  21.0  27.0   2.0   .37    .6
  3 1973 318  12080.13  17.2  27.0   1.9   .37    .1
  3 1973 319  11145.34  21.5  27.0   2.0   .37  10.0
  3 1973 320   9309.58  21.9  23.8   2.0   .37   8.5
  3 1973 321   9416.24  20.5  25.4   1.9   .37  39.6
  3 1973 322   9909.17  15.5  26.5   1.9   .37 140.3
  3 1973 323   9243.74  21.3  24.7   1.9   .37  49.6
  3 1973 324  12045.71  21.5  27.7   2.0   .37  25.5
  3 1973 325  15991.20  21.0  30.2   2.0   .37  53.9
  3 1973 326  15703.75  20.0  28.5   1.9   .37  11.0
  3 1973 327   9417.61  21.2  25.5   1.9   .37  71.3
  3 1973 328  12584.55  21.2  27.6   2.0   .37  14.2
  3 1973 329  14214.88  18.3  28.5   1.8   .37   8.5
  3 1973 330  15840.83  17.9  28.9   2.0   .37   1.9
  3 1973 331  15686.47  20.1  29.3   1.9   .37  16.6
  3 1973 332  10339.26  22.0  26.5   2.0   .37  35.0
  3 1973 333   9056.19  20.2  23.0   1.8   .37  38.7
  3 1973 334  20790.18  21.0  28.2   1.6   .37    .0
  3 1973 335  20886.24  17.0  28.5   2.2   .37    .0
  3 1973 336  19093.03  17.7  28.2   1.9   .37    .1
  3 1973 337  17557.10  17.5  28.0   1.6   .37    .0
  3 1973 338  19923.48  16.1  28.4   1.8   .37    .0
  3 1973 339  20276.48  17.1  28.6   1.7   .37    .0
  3 1973 340  20002.78  18.5  28.5   1.7   .37    .0
  3 1973 341  13463.36  18.1  26.7   1.6   .37   7.5
  3 1973 342  12572.74  19.0  26.7   1.8   .37   7.0
  3 1973 343   8931.44  20.0  24.4   1.7   .37  43.3
  3 1973 344   8922.99  19.3  24.1   2.2   .37 130.5
  3 1973 345   8915.31  18.5  24.8   1.6   .37  29.2
  3 1973 346   8908.41  19.4  20.5   1.7   .37  63.0
  3 1973 347   8902.31  19.4  20.5   1.7   .37  30.2
  3 1973 348   8897.00  19.1  24.0   1.7   .37  24.0
  3 1973 349  19119.58  17.0  28.2   1.8   .37    .0
  3 1973 350  16743.74  18.7  28.6   1.7   .37    .0
  3 1973 351   8885.95  18.4  23.0   1.6   .37  46.6
  3 1973 352   8883.90  17.0  20.4   1.4   .37  41.3
  3 1973 353   8882.67  16.7  24.2   1.8   .37   2.1
  3 1973 354  18103.93  17.1  28.4   1.7   .37    .0
  3 1973 355  10502.80  18.4  24.5   1.7   .37  91.9
  3 1973 356   8883.94  18.5  21.5   1.6   .37  82.1
  3 1973 357  11504.01  20.0  28.5   1.7   .37    .7
  3 1973 358  20112.03  16.7  27.2   1.4   .37    .0
  3 1973 359  15878.38  16.2  27.9   1.5   .37    .0
  3 1973 360   9396.38  18.3  25.7   1.8   .37  18.9
  3 1973 361  14895.89  20.2  27.0   1.9   .37  20.0
  3 1973 362  18278.70  15.5  28.0   1.0   .37  16.9
  3 1973 363   9790.80  18.7  25.5   1.8   .37    .0
  3 1973 364  11550.65  16.7  26.5   1.5   .37    .0
  3 1973 365  17570.96  17.7  28.5   1.6   .37    .5
