*---------------------------------------------------------              
* Station name: Los Diamantes                                           
* Author: Atlantic Zone Project, AUW-MAG-CATIE, Costa Rica              
* Source: IMN, San Jose, Costa Rica                                     
*                                                                       
* Comments: Wind speed data still lacking                               
*           Check unit (and conversion factor)of VP, SR                 
*           Some solar radiation data missing                           
*                                                                       
* Longitude:  83  46 W, latitude:  10  13 N, altitude: 249 m.           
* Column  Daily value                                                   
*    1    station number                                                
*    2    year                                                          
*    3    month                                                         
*    4    day                                                           
*    5    julian date                                                   
*    6    irradiation            (1000 * MJ m-2 d-1)                    
*    7    minimum temperature    (degrees Celcius)                      
*    8    maximum temperature    (degrees Celcius)                      
*    9    vapor pressure at 0700 (mbar)                                 
*   10    vapor pressure at 1300 (mbar)                                 
*   11    vapor pressure at 1800 (mbar)                                 
*   12    mean wind speed        (kilometer per hour)                   
*   13    precipitation          (mm d-1)                               
*   14    sunshine hours         (hours)                                
* Missing value: -99                                                    
*---------------------------------------------------------              
*  data converted with WDC for CABO-format, very low radiation
*-------------------------------------------
  83.77  10.22   249.  .00  .00
  3 1984   1   5014.00  20.0  22.5   2.3   .42  81.7
  3 1984   2   1875.00  19.7  21.1   2.3   .42  44.9
  3 1984   3   1812.00  19.8  21.5   2.4   .42 102.6
  3 1984   4   5196.00  19.6  24.6   2.4   .42  12.5
  3 1984   5   3623.00  20.0  23.5   2.3   .42  18.5
  3 1984   6   3084.00  18.5  23.2   2.2   .42  31.6
  3 1984   7   3084.00  19.2  23.0   2.3   .42  30.7
  3 1984   8   3986.00  19.0  24.5   2.2   .42   3.6
  3 1984   9  10392.00  19.4  28.0   2.2   .42    .1
  3 1984  10  10819.00  16.5  29.3   2.1   .42    .0
  3 1984  11  10574.00  16.2  28.2   2.1   .42  14.5
  3 1984  12   9254.00  19.8  27.5   2.4   .42   5.3
  3 1984  13  12147.00  17.0  29.0   2.2   .42   7.5
  3 1984  14   8280.00  16.7  26.8   2.1   .42    .0
  3 1984  15  10511.00  17.0  29.0   2.1   .42    .0
  3 1984  16   8644.00  17.0  27.7   2.2   .42   1.3
  3 1984  17   8763.00  18.8  28.0   2.3   .42    .0
  3 1984  18   9364.00  17.7  28.6   2.2   .42   7.1
  3 1984  19   4951.00  21.3  27.5   2.6   .42  19.2
  3 1984  20  10410.81  18.5  27.6   2.3   .42   1.3
  3 1984  21   6826.00  18.0  26.4   2.2   .42   3.7
  3 1984  22  10693.00  17.8  27.3   2.2   .42   6.4
  3 1984  23  12203.00  19.5  28.0   2.5   .42    .0
  3 1984  24  12329.00  15.7  28.5   1.9   .42    .0
  3 1984  25  10693.00  16.5  28.7   2.1   .42    .0
  3 1984  26   8035.00  17.2  27.4   2.0   .42    .7
  3 1984  27   9483.00  18.2  28.0   2.2   .42    .0
  3 1984  28  11784.00  17.5  28.8   2.1   .44    .0
  3 1984  29  10778.38  17.5  28.7   2.0   .44   1.7
  3 1984  30   8154.00  19.8  27.5   2.2   .44   4.2
  3 1984  31   9518.54  16.7  26.0   2.0   .44    .0
  3 1984  32  12073.00  17.9  29.0   2.2   .44    .2
  3 1984  33  12492.00  15.7  28.3   1.9   .44    .0
  3 1984  34   8273.00  18.0  27.8   2.3   .44   9.6
  3 1984  35  19985.14  19.3  29.4   2.6   .44   2.5
  3 1984  36  15375.31  19.4  28.1   2.2   .44    .0
  3 1984  37   7966.00  17.7  27.7   2.0   .44   7.6
  3 1984  38   7300.00  19.9  26.0   2.4   .44   7.3
  3 1984  39  17503.21  20.0  28.4   2.4   .44    .9
  3 1984  40   6696.80  16.0  29.0   2.0   .44    .0
  3 1984  41  19339.96  17.9  27.4   2.2   .44    .0
  3 1984  42  16421.38  17.0  27.4   2.1   .44   2.8
  3 1984  43   5792.00  20.9  27.3   2.4   .44    .0
  3 1984  44   8755.00  17.5  28.0   2.2   .44    .0
  3 1984  45  11046.00  17.7  29.5   2.2   .44    .0
  3 1984  46  11347.00  18.5  29.5   2.3   .44    .0
  3 1984  47  13400.00  17.7  29.7   2.2   .44    .0
  3 1984  48  11772.00  18.5  29.2   2.3   .44    .2
  3 1984  49  12618.00  17.2  30.0   2.1   .44   6.2
  3 1984  50  11591.00  20.0  30.0   2.5   .44   3.0
  3 1984  51  11347.00  18.5  28.7   2.4   .44   1.0
  3 1984  52   7846.00  20.0  29.4   2.6   .44  46.9
  3 1984  53   7790.00  21.2  27.7   2.6   .44  12.8
  3 1984  54   5010.00  19.8  25.3   2.4   .44  37.6
  3 1984  55   6882.00  17.9  28.2   2.3   .44  26.2
  3 1984  56   4891.00  19.7  28.5   2.4   .43  24.7
  3 1984  57   5555.00  20.6  25.7   2.5   .43  11.1
  3 1984  58   7182.00  20.8  28.3   2.5   .43  10.5
  3 1984  59   4772.00  21.3  27.5   2.6   .43  64.0
  3 1984  60   3619.00  16.8  22.8   1.9   .43  54.9
  3 1984  61   3838.00  17.8  22.5   2.1   .43  13.9
  3 1984  62  12588.00  18.0  27.8   2.4   .43    .0
  3 1984  63  12234.00  16.5  28.4   2.1   .43   2.2
  3 1984  64  10610.00  17.0  28.8   2.1   .43    .5
  3 1984  65   4018.00  21.0  25.7   2.4   .43   2.2
  3 1984  66   6835.00  20.0  27.4   2.4   .43    .3
  3 1984  67   5580.00  19.4  26.8   2.4   .43   3.4
  3 1984  68   7377.00  20.6  26.0   2.3   .43   1.3
  3 1984  69  10249.00  17.7  28.0   2.3   .43   6.5
  3 1984  70  12588.00  19.0  28.8   2.3   .43    .2
  3 1984  71  14392.00  18.8  29.0   2.1   .43    .0
  3 1984  72   9534.00  17.4  27.7   2.1   .43    .0
  3 1984  73  12831.00  17.0  29.4   2.1   .43   2.0
  3 1984  74  11992.00  18.4  27.8   2.2   .43   3.5
  3 1984  75   7675.00  20.0  27.8   2.3   .43   5.4
  3 1984  76  14087.00  16.3  30.0   2.1   .43    .1
  3 1984  77  15349.00  17.8  29.6   2.4   .43    .0
  3 1984  78  13670.00  16.4  29.0   2.0   .43    .0
  3 1984  79  11332.00  17.7  29.5   2.2   .43    .0
  3 1984  80  11214.00  18.0  29.7   2.3   .43    .0
  3 1984  81  11034.00  18.5  29.5   2.3   .43    .1
  3 1984  82   9354.00  18.3  29.6   2.4   .43    .1
  3 1984  83   9771.00  18.8  30.0   2.3   .43    .0
  3 1984  84  12650.00  18.5  30.4   2.3   .43    .0
  3 1984  85  11332.00  17.7  30.0   2.5   .43    .0
  3 1984  86  10014.00  20.5  29.8   2.5   .43    .0
  3 1984  87  13788.00  17.8  29.7   2.3   .43    .0
  3 1984  88  10972.00  20.6  31.2   2.6   .43    .1
  3 1984  89  11574.00  20.9  31.6   2.7   .43    .0
  3 1984  90  11332.00  17.8  30.0   2.4   .43   2.2
  3 1984  91   4976.00  21.0  26.7   2.8   .39  47.0
  3 1984  92  12508.00  19.0  28.8   2.5   .39    .0
  3 1984  93  15839.00  19.2  29.4   2.4   .39    .8
  3 1984  94  15280.00  17.8  29.5   2.3   .39    .1
  3 1984  95   8502.00  19.6  29.0   2.3   .39    .7
  3 1984  96  10639.00  22.0  29.5   2.7   .39   2.2
  3 1984  97  14197.00  17.9  30.4   2.1   .39    .0
  3 1984  98  15105.00  18.7  30.5   2.1   .39    .0
  3 1984  99  11720.00  20.0  30.1   2.2   .39    .2
  3 1984 100  13179.00  19.8  30.5   2.4   .39    .3
  3 1984 101  13674.00  21.9  30.2   2.6   .39    .0
  3 1984 102  12446.00  19.4  31.4   2.5   .39    .0
  3 1984 103  13179.00  21.2  32.8   2.7   .39    .0
  3 1984 104  10108.00  21.7  31.2   2.8   .39    .0
  3 1984 105  10639.00  20.8  31.5   2.6   .39   2.5
  3 1984 106  12243.00  21.5  31.2   2.7   .39    .0
  3 1984 107  11657.00  21.8  31.0   2.6   .39    .0
  3 1984 108   6108.00  19.8  26.0   2.1   .39  57.8
  3 1984 109   8740.00  20.4  28.0   2.4   .39   6.5
  3 1984 110   9236.00  20.8  29.0   2.5   .39   1.1
  3 1984 111  13618.00  17.4  29.5   2.2   .39    .0
  3 1984 112  12621.00  18.0  30.0   2.3   .39    .0
  3 1984 113  11720.00  18.8  29.2   2.2   .39   2.1
  3 1984 114   9354.00  20.6  29.4   2.6   .39    .0
  3 1984 115  11630.00  20.9  30.5   2.5   .39    .0
  3 1984 116  13618.00  18.4  30.5   2.3   .39    .0
  3 1984 117   7308.00  20.5  29.0   2.6   .39  16.7
  3 1984 118  12362.00  19.9  29.8   2.6   .39    .0
  3 1984 119  12886.00  17.8  30.8   2.2   .37    .0
  3 1984 120  13088.00  19.0  30.4   2.5   .37    .0
  3 1984 121  14024.00  18.5  30.7   2.1   .37    .0
  3 1984 122  11483.00  18.6  29.8   2.4   .37   5.8
  3 1984 123  13266.00  20.0  28.9   2.5   .37   1.8
  3 1984 124  12524.00  18.8  30.5   2.5   .37    .0
  3 1984 125  13353.00  20.8  31.0   2.5   .37    .0
  3 1984 126  11542.00  19.0  30.0   2.6   .37   6.2
  3 1984 127   7831.00  21.4  29.4   2.6   .37  53.9
  3 1984 128   4530.00  22.7  26.9   2.8   .37  60.5
  3 1984 129   6750.00  22.7  27.5   3.0   .37  25.7
  3 1984 130  10023.00  21.2  29.0   2.7   .37    .0
  3 1984 131  14669.00  17.7  31.0   2.3   .37    .0
  3 1984 132   9321.00  19.5  29.0   2.4   .37   1.0
  3 1984 133   7393.00  21.3  28.4   2.5   .37  10.5
  3 1984 134   9847.00  20.0  28.3   2.5   .37  10.7
  3 1984 135  12770.00  18.3  29.3   2.5   .37    .6
  3 1984 136  20262.71  17.7  29.4   2.1   .37    .0
  3 1984 137  10840.00  19.6  29.8   2.6   .37  26.9
  3 1984 138  10110.00  19.4  29.2   2.6   .37  19.8
  3 1984 139   2338.00  21.4  25.3   2.6   .37  34.0
  3 1984 140   5669.00  21.4  28.0   2.6   .37  24.4
  3 1984 141  14113.00  21.3  29.9   2.6   .37  15.9
  3 1984 142   7743.00  21.5  28.0   2.7   .37   5.1
  3 1984 143  10198.00  22.2  29.7   2.8   .37  19.5
  3 1984 144   7269.00  20.7  28.7   2.8   .37   7.0
  3 1984 145   3302.00  20.6  25.3   2.6   .37  45.1
  3 1984 146  10753.00  19.4  29.2   2.6   .37   3.2
  3 1984 147  10315.00  19.8  28.7   2.7   .37   5.8
  3 1984 148   8825.00  19.6  29.5   2.5   .37  20.7
  3 1984 149  12156.00  20.0  30.4   2.7   .37  14.5
  3 1984 150  12097.00  20.4  30.2   2.7   .37   5.0
  3 1984 151   8736.00  22.7  28.8   2.8   .37   2.6
  3 1984 152   8736.00  22.0  29.7   2.6   .37    .2
  3 1984 153  12419.00  20.3  31.0   2.4   .37   5.5
  3 1984 154  14669.00  21.0  32.2   2.8   .33  70.2
  3 1984 155  12944.00  20.5  30.4   2.5   .33   3.5
  3 1984 156  14201.00  19.8  31.4   2.7   .33   1.4
  3 1984 157   9321.00  20.4  30.0   2.5   .33    .6
  3 1984 158   9476.00  20.4  29.0   2.5   .33   6.0
  3 1984 159   7393.00  21.2  29.0   2.8   .33   5.3
  3 1984 160   9964.00  19.3  30.4   2.5   .33 103.6
  3 1984 161  11483.00  19.0  30.2   2.7   .33  17.5
  3 1984 162  10461.00  22.0  29.5   2.8   .33  17.2
  3 1984 163  10753.00  22.3  30.4   2.7   .33    .0
  3 1984 164   4266.00  21.2  27.5   2.8   .33   7.5
  3 1984 165  11435.00  20.8  30.5   2.6   .33  29.6
  3 1984 166   5056.00  21.7  27.4   2.8   .33    .4
  3 1984 167   7189.00  21.5  27.5   2.8   .33   1.0
  3 1984 168   8620.00  22.5  30.5   2.9   .33   9.0
  3 1984 169   6866.00  21.8  29.0   2.7   .33   6.6
  3 1984 170   3624.00  21.8  26.4   2.8   .33    .0
  3 1984 171   8269.00  20.7  29.3   2.8   .33    .9
  3 1984 172   6224.00  22.0  28.5   2.7   .33  10.8
  3 1984 173   6837.00  20.5  27.4   2.6   .33  30.4
  3 1984 174  10139.00  21.5  29.0   2.8   .33    .0
  3 1984 175   6370.00  21.0  28.0   2.6   .33   5.0
  3 1984 176   5699.00  21.0  28.7   2.5   .33  25.8
  3 1984 177   5406.00  19.0  28.5   2.4   .33   3.3
  3 1984 178  13412.00  20.4  30.9   2.8   .33    .0
  3 1984 179   8094.00  19.5  28.0   2.5   .33    .0
  3 1984 180  10929.00  20.6  29.8   2.5   .33   8.1
  3 1984 181   2777.00  22.0  25.4   2.6   .33  48.8
  3 1984 182   7364.00  20.5  28.5   2.7   .38  38.4
  3 1984 183  11483.00  18.5  27.7   2.5   .38  25.4
  3 1984 184   9526.00  21.7  27.3   2.7   .38   5.8
  3 1984 185   9438.00  18.4  29.5   2.5   .38  15.3
  3 1984 186   8153.00  20.7  28.6   2.6   .38  16.7
  3 1984 187   6779.00  20.3  27.3   2.5   .38  45.5
  3 1984 188   7831.00  20.7  28.0   2.6   .38   1.4
  3 1984 189   8825.00  21.3  30.0   2.7   .38  36.4
  3 1984 190   9760.00  19.2  29.7   2.6   .38   3.5
  3 1984 191   8620.00  20.5  29.0   2.6   .38   1.5
  3 1984 192  12009.00  20.5  30.4   2.5   .38   1.4
  3 1984 193  13529.00  20.8  30.0   2.6   .38    .0
  3 1984 194  14814.00  18.0  30.5   2.3   .38    .0
  3 1984 195  13587.00  19.6  30.0   2.6   .38    .0
  3 1984 196   4822.00  21.4  25.7   2.5   .38   5.8
  3 1984 197   9700.00  18.5  28.7   2.2   .38    .0
  3 1984 198  13703.00  18.8  30.3   2.5   .38    .9
  3 1984 199   6400.00  20.6  27.0   2.4   .38   2.1
  3 1984 200  12418.00  18.2  30.5   2.3   .38   5.5
  3 1984 201   7276.00  21.6  28.5   2.6   .38  16.9
  3 1984 202   9087.00  20.3  28.0   2.5   .38   9.0
  3 1984 203   7714.00  21.0  28.5   2.5   .38   1.5
  3 1984 204   8503.00  19.0  28.4   2.4   .38   1.8
  3 1984 205   9438.00  20.2  28.0   2.4   .38    .3
  3 1984 206   7977.00  21.0  27.5   2.5   .38   1.2
  3 1984 207  12243.00  20.0  29.5   2.6   .38    .0
  3 1984 208  13412.00  20.0  30.4   2.6   .38    .0
  3 1984 209  10929.00  19.7  30.8   2.5   .38  42.2
  3 1984 210  10753.00  20.4  30.2   2.1   .34   1.3
  3 1984 211   7189.00  20.0  28.5   2.4   .34    .0
  3 1984 212  13942.45  22.3  30.2   2.7   .34   7.6
  3 1984 213   9847.00  20.4  29.5   2.7   .34  28.1
  3 1984 214  11367.00  19.3  29.2   2.6   .34    .0
  3 1984 215   8328.00  20.0  28.2   2.6   .34   1.1
  3 1984 216   7801.00  20.0  28.0   2.5   .34    .1
  3 1984 217  10139.00  19.5  28.7   2.5   .34   2.2
  3 1984 218   6750.00  20.7  28.0   2.7   .34   4.0
  3 1984 219   7890.00  20.6  28.2   2.7   .34  28.5
  3 1984 220   3127.00  23.0  26.6   2.8   .34  53.6
  3 1984 221   7053.00  22.0  27.0   2.6   .34  33.6
  3 1984 222   2660.00  21.6  25.3   2.7   .34  22.5
  3 1984 223   5844.00  21.4  28.0   2.6   .34   3.1
  3 1984 224   8182.00  20.2  28.7   2.5   .34  94.4
  3 1984 225   9321.00  20.0  28.0   2.5   .34  12.1
  3 1984 226   5961.00  21.7  26.5   2.6   .34   2.5
  3 1984 227   9876.00  21.0  28.0   2.6   .34   5.0
  3 1984 228   4909.00  21.5  27.0   2.5   .34   7.0
  3 1984 229  14604.62  19.4  30.5   2.4   .34    .0
  3 1984 230   7305.00  20.9  29.3   2.5   .34 107.8
  3 1984 231   9321.00  19.8  29.7   2.6   .34  15.5
  3 1984 232  11016.00  19.2  30.0   2.5   .34   9.4
  3 1984 233   7189.00  19.7  30.0   2.7   .34   4.0
  3 1984 234  11940.68  21.8  28.4   2.7   .34   1.1
  3 1984 235   8094.00  20.3  29.0   2.5   .34   1.8
  3 1984 236   5406.00  20.5  27.0   2.5   .34  46.0
  3 1984 237  11746.00  19.2  29.9   2.4   .34  38.6
  3 1984 238   9087.00  20.9  29.0   2.6   .34  10.5
  3 1984 239  20555.93  21.8  29.7   2.8   .34   2.2
  3 1984 240   7656.00  21.4  27.0   2.6   .34   5.8
  3 1984 241   6866.00  21.5  29.2   2.6   .34  71.8
  3 1984 242   7189.00  19.5  29.7   2.5   .34   4.2
  3 1984 243  10900.00  20.4  30.2   2.6   .34   5.4
  3 1984 244  10192.00  21.0  28.2   2.6   .34    .0
  3 1984 245   5318.00  21.5  27.5   2.6   .33   2.1
  3 1984 246  10577.00  20.2  30.0   2.7   .33    .0
  3 1984 247  10577.00  20.0  29.8   2.6   .33    .5
  3 1984 248   5669.00  22.2  27.7   2.7   .33   2.3
  3 1984 249  12185.00  19.8  30.5   2.6   .33  13.0
  3 1984 250   5961.00  21.2  27.3   2.6   .33   2.7
  3 1984 251   7539.00  20.8  28.8   2.5   .33   5.0
  3 1984 252   7217.00  19.6  27.4   2.6   .33   6.6
  3 1984 253  12886.00  20.7  28.4   2.6   .33    .1
  3 1984 254   8826.00  21.4  28.3   2.5   .33  21.6
  3 1984 255  10227.00  19.8  28.6   2.6   .33    .6
  3 1984 256   7039.00  19.3  29.5   2.7   .33    .0
  3 1984 257  11804.00  20.3  31.0   2.6   .33  23.6
  3 1984 258   9760.00  19.5  28.0   2.6   .33    .3
  3 1984 259   8912.00  20.0  29.6   2.6   .33   9.4
  3 1984 260   8094.00  19.5  28.7   2.7   .33  26.6
  3 1984 261   9497.00  19.9  29.7   2.6   .33   8.6
  3 1984 262  11396.00  19.9  30.5   2.6   .33  50.3
  3 1984 263  13266.00  19.7  30.6   2.6   .33  21.4
  3 1984 264  13324.00  20.0  30.5   2.6   .33    .0
  3 1984 265  11746.00  20.0  30.6   2.4   .33  16.6
  3 1984 266  10139.00  19.9  29.0   2.6   .33    .2
  3 1984 267  12938.30  19.4  28.8   2.6   .33   8.3
  3 1984 268  10227.00  20.4  29.3   2.6   .33  39.5
  3 1984 269   9059.00  20.7  28.7   2.6   .33   3.4
  3 1984 270  23424.18  18.8  29.0   2.5   .33    .0
  3 1984 271  13703.00  19.6  30.0   2.4   .33    .7
  3 1984 272  12710.00  19.8  30.3   2.5   .33  19.7
  3 1984 273  11542.00  21.8  29.8   2.7   .24    .5
  3 1984 274   8006.00  20.6  29.0   2.6   .24  19.3
  3 1984 275  18307.00  20.3  30.0   2.8   .24  10.8
  3 1984 276  21136.51  21.2  30.7   2.7   .24   5.0
  3 1984 277   6610.00  21.9  28.5   2.8   .24   6.5
  3 1984 278   2575.00  21.0  23.8   2.5   .24   9.4
  3 1984 279   6493.00  21.7  27.4   2.7   .24    .6
  3 1984 280   9371.00  20.8  28.5   2.6   .24  29.7
  3 1984 281   6932.00  20.2  27.7   2.5   .24    .9
  3 1984 282   6932.00  21.2  28.0   2.6   .24  17.4
  3 1984 283   7224.00  18.4  27.2   2.5   .24   5.9
  3 1984 284   3714.00  20.2  23.5   2.6   .24  22.8
  3 1984 285   5966.00  20.7  27.5   2.7   .24  27.9
  3 1984 286   3744.00  21.0  26.2   2.6   .24   1.5
  3 1984 287   6668.00  19.2  26.7   2.5   .24    .1
  3 1984 288   4300.00  19.5  26.0   2.5   .24  12.7
  3 1984 289   4709.00  21.8  27.9   2.6   .24   1.1
  3 1984 290   9359.00  21.3  30.0   2.8   .24   8.5
  3 1984 291   5850.00  21.2  28.2   2.7   .24   1.2
  3 1984 292  12050.00  19.2  29.5   2.7   .24    .0
  3 1984 293  11815.00  19.4  29.5   2.5   .24    .0
  3 1984 294  10557.00  19.2  30.0   2.5   .24   3.0
  3 1984 295   7810.00  21.3  29.3   2.5   .24   1.5
  3 1984 296  10120.00  20.3  30.1   2.8   .24  61.0
  3 1984 297   5323.00  21.7  27.8   2.6   .24  14.9
  3 1984 298   6873.00  20.3  27.3   2.6   .24  12.0
  3 1984 299   5089.00  21.5  26.6   2.7   .24    .2
  3 1984 300   8160.00  21.2  28.2   2.6   .24  21.1
  3 1984 301   1961.00  20.6  23.1   2.5   .24   6.1
  3 1984 302   7692.00  20.3  28.0   2.5   .24  26.4
  3 1984 303   4768.00  21.9  28.0   2.8   .24  37.0
  3 1984 304  10557.00  20.7  29.1   2.8   .24    .0
  3 1984 305   6844.00  20.5  27.0   2.6   .24    .7
  3 1984 306   7758.00  20.5  27.5   2.5   .24   1.3
  3 1984 307   7758.00  20.0  28.7   2.5   .24    .1
  3 1984 308   6030.00  19.9  28.2   2.5   .37  43.4
  3 1984 309  10129.00  19.2  29.7   2.6   .37    .0
  3 1984 310   9514.00  18.8  29.8   2.5   .37    .0
  3 1984 311   9133.00  20.7  29.6   2.4   .37    .0
  3 1984 312   6060.00  20.8  26.5   2.5   .37  10.7
  3 1984 313   5328.00  19.8  26.8   2.2   .37   4.7
  3 1984 314   5738.00  19.5  26.2   2.1   .37    .0
  3 1984 315   7026.00  19.6  28.0   2.3   .37    .0
  3 1984 316  10100.00  19.8  28.8   2.0   .37   1.7
  3 1984 317   7816.00  20.2  26.2   2.6   .37  19.7
  3 1984 318   4947.00  20.0  26.2   2.4   .37  52.9
  3 1984 319   1933.00  19.8  22.3   2.4   .37  83.5
  3 1984 320   3426.00  20.4  23.5   2.5   .37  49.2
  3 1984 321   9514.00  20.8  27.7   2.6   .37    .4
  3 1984 322   8782.00  21.4  28.1   2.6   .37   7.5
  3 1984 323   6528.00  19.8  26.5   2.6   .37  10.1
  3 1984 324   6879.00  21.3  28.4   2.8   .37    .1
  3 1984 325   8197.00  19.8  27.7   2.6   .37   3.0
  3 1984 326   8782.00  20.7  29.0   2.6   .37    .0
  3 1984 327   3630.00  21.4  25.7   2.6   .37  15.7
  3 1984 328   3513.00  19.5  24.0   2.4   .37  42.8
  3 1984 329   2723.00  18.4  21.5   2.0   .37   2.7
  3 1984 330   4216.00  20.0  24.1   2.4   .37  21.3
  3 1984 331   5182.00  20.7  26.0   2.6   .37    .9
  3 1984 332  10334.00  18.8  28.7   2.5   .37    .0
  3 1984 333  10802.00  18.5  29.1   2.5   .37    .0
  3 1984 334   9046.00  18.7  28.6   2.2   .37    .0
  3 1984 335   8402.00  20.7  27.7   2.5   .37    .0
  3 1984 336   5410.00  18.2  28.0   2.5   .37   1.6
  3 1984 337   5896.00  18.2  27.9   2.7   .37  48.7
  3 1984 338   4057.00  22.8  26.7   2.9   .37  13.8
  3 1984 339   9982.00  18.2  28.7   2.2   .37   1.1
  3 1984 340   9165.00  20.0  28.7   2.5   .37   4.1
  3 1984 341   7706.00  21.8  28.5   2.6   .37  19.2
  3 1984 342   6801.00  20.3  26.5   2.5   .37  63.0
  3 1984 343   5809.00  20.9  27.0   2.5   .37  25.3
  3 1984 344   7472.00  20.4  28.3   2.4   .37   4.1
  3 1984 345   8318.00  19.0  27.7   2.4   .37   6.6
  3 1984 346  20272.69  18.4  29.0   2.3   .37    .0
  3 1984 347  19012.35  16.0  28.5   1.8   .37    .0
  3 1984 348   6422.00  18.0  28.5   2.2   .37    .0
  3 1984 349   9048.00  17.2  28.2   2.2   .37  20.6
  3 1984 350   9748.00  21.0  29.0   2.4   .37   2.1
  3 1984 351   5458.00  21.0  26.0   2.5   .37   7.8
  3 1984 352  10945.00  17.8  28.2   2.3   .37    .0
  3 1984 353  10566.00  16.7  28.5   2.2   .37   4.1
  3 1984 354   4729.00  20.0  27.2   2.4   .37  14.4
  3 1984 355   4729.00  18.6  24.0   2.3   .37   4.0
  3 1984 356   8960.00  18.7  27.5   2.2   .37    .0
  3 1984 357   8901.00  16.4  27.3   2.1   .37    .5
  3 1984 358   7676.00  19.2  26.6   2.2   .37  18.6
  3 1984 359   5722.00  19.7  25.1   2.3   .37   2.7
  3 1984 360   8406.00  19.8  28.0   2.1   .37   2.8
  3 1984 361   7910.00  16.7  28.0   2.1   .37   4.6
  3 1984 362   8668.00  20.2  27.5   2.4   .37  15.5
  3 1984 363  10539.00  20.4  27.6   2.5   .37  31.0
  3 1984 364   8113.00  21.5  27.5   2.4   .37   7.6
  3 1984 365   4729.00  21.0  25.0   2.5   .37  26.5
  3 1984 366  11353.00  19.8  27.5   2.2   .37   2.2
