*---------------------------------------------------------              
* Station name: Los Diamantes                                           
* Author: Atlantic Zone Project, AUW-MAG-CATIE, Costa Rica              
* Source: IMN, San Jose, Costa Rica                                     
*                                                                       
* Comments: Wind speed data still lacking                               
*           SR data missing                                             
*           Check unit (and conversion factor)of VP, SR                 
*                                                                       
* Longitude:  83  46 W, latitude:  10  13 N, altitude: 249 m.           
* Column  Daily value                                                   
*    1    station number                                                
*    2    year                                                          
*    3    month                                                         
*    4    day                                                           
*    5    julian date                                                   
*    6    irradiation            (MJ m-2 d-1)                           
*    7    minimum temperature    (degrees Celcius)                      
*    8    maximum temperature    (degrees Celcius)                      
*    9    vapor pressure at 0700 (mbar)                                 
*   10    vapor pressure at 1300 (mbar)                                 
*   11    vapor pressure at 1800 (mbar)                                 
*   12    mean wind speed        (kilometer per hour)                   
*   13    precipitation          (mm d-1)                               
*   14    sunshine hours         (hours)                                
* Missing value: -99                                                    
*---------------------------------------------------------              
*  data converted with WDC for CABO-format
*-------------------------------------------
  83.77  10.22   249.  .00  .00
  3 1990   1  12205.00  19.5  27.9   2.3   .42   5.7
  3 1990   2  11334.04  19.0  27.2   2.4   .42  20.1
  3 1990   3  11096.21  19.5  26.0   2.3   .42   2.4
  3 1990   4  11110.12  19.0  27.6   2.4   .42    .3
  3 1990   5  12005.64  21.0  27.8   2.6   .42  43.9
  3 1990   6  13030.08  21.0  27.2   2.6   .42  36.6
  3 1990   7   9012.99  21.1  24.3   2.7   .42  18.8
  3 1990   8  18372.87  17.5  28.0   2.1   .42    .2
  3 1990   9  15871.64  19.2  27.2   2.2   .42    .0
  3 1990  10  11084.96  18.3  26.5   2.2   .42    .0
  3 1990  11  15416.62  18.0  27.6   2.4   .42    .0
  3 1990  12  13411.22  20.0  27.5   2.4   .42    .0
  3 1990  13  17888.59  19.0  28.0   2.3   .42    .0
  3 1990  14  17793.91  18.0  29.0   2.2   .42   1.5
  3 1990  15  13232.45  19.2  27.0   2.4   .42   3.0
  3 1990  16  21697.79  17.6  28.7   2.0   .42  11.4
  3 1990  17   9187.86  21.0  25.5   2.5   .42  56.6
  3 1990  18  10235.13  21.0  26.0   2.4   .42  17.2
  3 1990  19  15400.29  19.2  28.0   2.4   .42  21.4
  3 1990  20  19554.94  19.5  29.0   2.5   .42    .0
  3 1990  21  15983.84  19.5  28.5   2.7   .42  20.5
  3 1990  22   9296.69  21.0  24.8   2.5   .42  25.4
  3 1990  23  11781.13  21.8  26.9   2.6   .42  10.4
  3 1990  24  16482.42  20.2  27.6   2.3   .42    .5
  3 1990  25  15090.15  20.8  28.5   2.5   .42   7.4
  3 1990  26  14474.57  20.7  27.6   2.6   .42  47.0
  3 1990  27  12420.24  19.5  28.2   2.4   .42  43.9
  3 1990  28  17686.28  22.5  27.7   2.8   .44   4.7
  3 1990  29  20614.08  21.2  28.2   2.4   .44   2.4
  3 1990  30  13040.94  21.2  28.6   2.4   .44   3.7
  3 1990  31   9913.63  21.0  27.0   2.5   .44    .3
  3 1990  32  11524.40  19.5  28.7   2.5   .44    .9
  3 1990  33  19622.96  20.5  29.4   2.5   .44   5.9
  3 1990  34   9597.71  21.5  26.4   2.6   .44   4.3
  3 1990  35   9757.31  21.2  27.0   2.4   .44  15.1
  3 1990  36   9784.53  19.7  27.0   2.1   .44    .0
  3 1990  37  18482.84  17.2  28.5   2.0   .44   1.4
  3 1990  38  12513.05  19.5  27.2   2.3   .44    .9
  3 1990  39  18976.88  16.0  28.2   1.8   .44    .0
  3 1990  40  18486.86  19.0  29.0   2.2   .44    .0
  3 1990  41  20281.73  18.6  29.2   2.2   .44    .8
  3 1990  42  13320.46  21.5  27.9   2.5   .44   2.6
  3 1990  43  22272.12  18.2  29.6   2.1   .44    .0
  3 1990  44  16232.99  17.8  27.0   2.2   .44    .0
  3 1990  45  18579.74  20.5  28.2   2.3   .44    .0
  3 1990  46  18352.87  18.7  28.5   2.1   .44   2.0
  3 1990  47   9951.76  20.5  25.0   2.4   .44   1.5
  3 1990  48  16393.80  16.5  27.0   2.0   .44   1.0
  3 1990  49  22861.02  17.5  28.7   2.2   .44    .0
  3 1990  50  21816.74  16.5  29.0   1.9   .44    .0
  3 1990  51  20218.64  16.0  29.0   1.9   .44    .0
  3 1990  52  16550.65  17.2  28.0   2.0   .44  19.4
  3 1990  53  15624.41  17.5  27.0   2.2   .44   1.5
  3 1990  54  10828.73  20.0  25.8   2.5   .44   5.3
  3 1990  55  23441.38  18.8  29.4   2.4   .44    .0
  3 1990  56  18502.77  17.0  27.1   2.2   .43    .0
  3 1990  57  14240.16  19.0  27.2   2.1   .43   2.3
  3 1990  58  22891.34  16.0  28.5   2.0   .43   2.7
  3 1990  59  22797.82  17.7  28.4   2.2   .43    .0
  3 1990  60  24655.73  17.2  29.5   2.2   .43    .0
  3 1990  61  21210.15  15.5  29.4   1.8   .43    .0
  3 1990  62  19571.78  16.5  28.6   3.7   .43    .7
  3 1990  63  12462.99  20.5  28.5   2.5   .43  32.0
  3 1990  64  21189.07  19.6  28.5   2.4   .43    .2
  3 1990  65  17995.04  19.5  28.5   2.1   .43  39.7
  3 1990  66  10429.33  20.6  24.6   2.4   .43  11.1
  3 1990  67  16509.76  19.7  27.3   2.2   .43   7.3
  3 1990  68  11601.33  18.3  26.0   2.2   .43   7.1
  3 1990  69  11341.27  20.7  26.0   2.5   .43   3.5
  3 1990  70  13908.34  21.2  27.4   2.5   .43  40.0
  3 1990  71  13224.47  22.0  27.0   2.6   .43 102.5
  3 1990  72  10554.26  22.0  24.6   2.7   .43  31.4
  3 1990  73  18518.45  21.0  29.0   2.6   .43  48.8
  3 1990  74  14142.60  21.4  28.7   2.7   .43  49.7
  3 1990  75  10894.82  22.7  29.0   2.9   .43  48.5
  3 1990  76  16603.76  22.8  25.8   2.8   .43  11.3
  3 1990  77  12496.67  21.5  27.9   2.6   .43    .2
  3 1990  78  13084.91  21.0  28.0   2.5   .43   8.0
  3 1990  79  10963.82  20.0  25.7   2.4   .43  22.2
  3 1990  80  18685.91  20.0  27.5   2.4   .43    .0
  3 1990  81  23846.90  17.5  28.7   2.2   .43   1.1
  3 1990  82  20583.01  18.0  28.0   2.2   .43  11.4
  3 1990  83  15170.07  20.0  28.4   2.4   .43    .0
  3 1990  84  15185.84  18.0  28.0   2.1   .43   2.0
  3 1990  85  18062.62  20.8  28.5   2.5   .43  14.7
  3 1990  86  15358.25  20.9  28.2   2.6   .43    .0
  3 1990  87  25395.14  16.6  29.0   1.9   .43    .2
  3 1990  88  17389.80  18.5  28.0   2.2   .43    .0
  3 1990  89  18405.13  17.7  29.3   2.4   .43   1.5
  3 1990  90  18560.21  20.3  29.4   2.5   .43    .0
  3 1990  91  21294.01  -9.0  -9.0   2.6   .39    .2
  3 1990  92  17291.20  22.0  29.0   2.7   .39    .0
  3 1990  93  20596.78  19.3  21.8   2.4   .39    .0
  3 1990  94  23328.14  17.5  31.1   2.3   .39    .0
  3 1990  95  23478.48  16.8  29.5   2.1   .39    .0
  3 1990  96  23484.37  17.4  29.7   2.1   .39    .0
  3 1990  97  15608.62  21.0  29.0   2.5   .39  12.3
  3 1990  98  11602.72  22.0  28.4   2.7   .39  68.8
  3 1990  99  18769.20  23.0  28.0   2.9   .39   1.3
  3 1990 100  19631.17  18.2  28.3   2.4   .39   3.2
  3 1990 101  13907.63  18.0  26.5   2.3   .39   7.9
  3 1990 102  18775.36  21.0  28.3   2.5   .39    .8
  3 1990 103  12339.82  21.1  27.2   2.5   .39   2.4
  3 1990 104  10912.76  20.0  26.4   2.3   .39   4.8
  3 1990 105  10915.44  21.2  26.8   2.5   .39   3.8
  3 1990 106  15773.20  20.7  28.2   2.6   .39    .0
  3 1990 107  11062.14  19.4  27.0   2.5   .39   6.8
  3 1990 108  16483.77  20.5  28.2   2.6   .39    .0
  3 1990 109  23751.14  19.5  29.2   2.1   .39    .0
  3 1990 110  24312.70  18.0  30.0   2.3   .39    .0
  3 1990 111  21740.84  18.5  29.0   2.3   .39  26.5
  3 1990 112  20736.67  19.8  29.2   2.5   .39  10.5
  3 1990 113  13905.72  21.0  28.0   2.5   .39    .0
  3 1990 114  19725.02  21.0  28.9   2.4   .39    .0
  3 1990 115  16594.24  20.2  29.0   2.5   .39    .0
  3 1990 116  16587.42  21.0  30.0   2.5   .39   6.0
  3 1990 117  13605.35  21.5  28.0   2.6   .39    .3
  3 1990 118  21384.15  21.0  30.6   2.5   .39    .0
  3 1990 119  15998.47  21.0  29.0   2.7   .37    .0
  3 1990 120  17826.65  21.0  29.8   2.7   .37    .0
  3 1990 121  11042.65  21.7  27.4   2.6   .37  51.7
  3 1990 122  13294.28  20.8  28.0   2.8   .37    .6
  3 1990 123  12020.23  20.4  27.6   2.6   .37   1.7
  3 1990 124  20737.21  20.5  22.2   2.5   .37   8.0
  3 1990 125  19176.30  18.3  30.6   2.5   .37   2.2
  3 1990 126  14389.41  19.5  29.0   2.5   .37   4.2
  3 1990 127  11575.81  22.0  28.5   2.7   .37  11.4
  3 1990 128  12410.27  22.0  28.6   2.8   .37  70.4
  3 1990 129  14222.20  22.5  29.4   2.7   .37    .3
  3 1990 130  10858.24  21.6  26.5   2.8   .37  12.3
  3 1990 131  18950.38  21.6  28.2   2.5   .37   4.5
  3 1990 132  18377.54  23.5  28.5   2.9   .37  22.0
  3 1990 133  15716.19  22.0  28.5   2.8   .37  74.2
  3 1990 134  10834.23  22.0  26.2   2.7   .37  34.1
  3 1990 135  10827.95  20.8  25.0   2.6   .37  21.9
  3 1990 136  17069.39  20.0  29.3   2.6   .37    .2
  3 1990 137  14282.27  22.2  29.9   2.7   .37  57.7
  3 1990 138  10808.64  20.7  26.7   2.7   .37   2.1
  3 1990 139  19243.22  21.5  30.5   2.8   .37  10.3
  3 1990 140  15080.60  22.0  29.6   3.0   .37  72.3
  3 1990 141  10788.97  22.0  26.0   2.8   .37  86.0
  3 1990 142  14506.51  21.2  29.6   2.9   .37    .0
  3 1990 143  11189.21  22.6  28.8   2.8   .37  33.5
  3 1990 144  12558.66  21.5  30.8   2.9   .37    .0
  3 1990 145  13375.33  21.6  29.1   2.7   .37    .0
  3 1990 146  14877.23  23.0  31.5   2.9   .37   7.9
  3 1990 147  15690.15  21.2  29.6   3.0   .37  44.0
  3 1990 148  13622.75  20.2  30.3   2.7   .37    .0
  3 1990 149  15257.39  21.8  31.4   2.8   .37    .0
  3 1990 150  17983.83  23.4  31.5   3.1   .37   1.2
  3 1990 151  19201.78  22.0  30.2   2.8   .37    .0
  3 1990 152  10719.94  21.9  26.6   2.8   .37  19.3
  3 1990 153  16309.80  20.5  28.5   2.5   .37  11.4
  3 1990 154  13027.00  22.5  27.7   2.9   .33   9.8
  3 1990 155  15744.99  21.5  29.8   2.7   .33   1.9
  3 1990 156  17778.36  20.8  29.4   2.7   .33  40.4
  3 1990 157  10965.49  22.0  28.4   2.8   .33  35.0
  3 1990 158  13815.75  22.3  29.2   2.8   .33  48.6
  3 1990 159  10955.81  22.7  28.0   2.7   .33  34.1
  3 1990 160  10679.72  21.2  27.2   2.7   .33   9.3
  3 1990 161  10675.60  22.0  27.5   2.7   .33  23.6
  3 1990 162  16639.66  20.0  29.8   2.7   .33  49.8
  3 1990 163  12701.54  22.2  28.5   2.8   .33  39.7
  3 1990 164  13239.18  22.0  28.6   2.9   .33  13.1
  3 1990 165  10661.45  21.6  25.6   2.7   .33  10.2
  3 1990 166  14314.10  18.8  29.0   2.6   .33   8.2
  3 1990 167  13768.78  20.8  28.7   2.7   .33  87.8
  3 1990 168  11871.18  21.0  29.9   2.8   .33   2.1
  3 1990 169  20796.27  20.5  30.7   2.7   .33    .5
  3 1990 170  19034.04  22.2  30.4   2.7   .33   2.9
  3 1990 171  18084.41  22.5  31.0   2.9   .33   3.8
  3 1990 172  10646.49  21.5  29.5   2.6   .33   1.2
  3 1990 173  10645.42  22.4  27.0   2.9   .33    .7
  3 1990 174  14023.86  21.3  29.8   2.7   .33  12.8
  3 1990 175  11184.76  21.2  27.7   2.7   .33  76.8
  3 1990 176  12941.73  20.8  28.3   2.7   .33   8.5
  3 1990 177  15239.95  21.0  29.3   2.5   .33    .0
  3 1990 178  11860.85  21.9  28.3   2.7   .33  34.2
  3 1990 179  12267.22  21.0  28.2   2.6   .33    .0
  3 1990 180  10645.43  22.5  28.2   2.8   .33   6.6
  3 1990 181  11458.11  22.0  27.9   2.8   .33   3.4
  3 1990 182  13895.19  22.0  28.0   2.7   .38    .9
  3 1990 183  11867.48  21.7  28.4   2.7   .38  10.6
  3 1990 184  13359.07  22.0  29.3   2.8   .38  42.3
  3 1990 185  16748.41  20.5  29.6   2.5   .38  20.7
  3 1990 186  15533.67  21.4  29.0   2.7   .38   1.4
  3 1990 187  13504.82  21.0  28.0   2.6   .38   1.4
  3 1990 188  12423.81  22.5  28.0   2.8   .38   9.1
  3 1990 189  12291.93  22.5  28.7   2.7   .38   4.0
  3 1990 190  12024.35  21.8  26.8   2.7   .38   4.3
  3 1990 191  13115.37  19.5  28.4   2.4   .38   2.6
  3 1990 192  18830.35  20.0  29.5   2.7   .38    .6
  3 1990 193  12853.49  20.6  27.5   2.5   .38   6.3
  3 1990 194  11769.67  19.5  27.7   2.3   .38    .9
  3 1990 195  12864.23  20.5  27.5   2.7   .38   9.4
  3 1990 196  10688.56  21.0  25.5   2.5   .38   8.8
  3 1990 197  16696.00  20.5  28.5   2.4   .38  24.8
  3 1990 198  12608.66  22.0  28.7   2.7   .38   4.7
  3 1990 199  19447.43  20.4  27.0   2.5   .38  34.5
  3 1990 200  12073.59  18.8  29.3   2.6   .38   2.0
  3 1990 201  15912.15  20.5  29.5   2.5   .38    .0
  3 1990 202  15373.27  20.5  28.5   2.6   .38  25.3
  3 1990 203  10719.72  22.0  26.5   2.6   .38  31.0
  3 1990 204  12371.44  21.5  27.6   2.7   .38  29.4
  3 1990 205  12515.04  20.8  27.5   2.6   .38  28.3
  3 1990 206  19809.19  20.6  28.6   2.7   .38   9.3
  3 1990 207  16932.12  21.5  29.0   2.8   .38  16.7
  3 1990 208  20937.86  20.5  30.4   2.5   .38    .0
  3 1990 209  18332.25  21.0  29.8   2.5   .38    .0
  3 1990 210  23313.19  21.5  30.8   2.7   .34    .0
  3 1990 211  23606.20  21.0  30.4   2.6   .34    .1
  3 1990 212  12144.61  21.8  27.8   2.7   .34   1.1
  3 1990 213  13257.78  20.8  29.0   2.5   .34   2.1
  3 1990 214  16867.14  22.0  28.9   2.8   .34  59.8
  3 1990 215  12854.98  20.5  27.9   2.6   .34   3.0
  3 1990 216  17858.95  20.5  29.9   2.6   .34  11.3
  3 1990 217  24539.90  19.4  30.6   2.5   .34    .6
  3 1990 218  13985.41  20.5  28.5   2.5   .34  43.1
  3 1990 219  14409.67  22.4  28.5   2.7   .34  18.8
  3 1990 220  15810.00  22.2  29.3   2.8   .34    .2
  3 1990 221  13028.08  21.4  29.4   2.7   .34   5.2
  3 1990 222  11357.71  22.0  28.0   2.8   .34  21.9
  3 1990 223  11221.20  21.5  27.5   2.5   .34   7.6
  3 1990 224  12622.66  20.5  28.4   2.7   .34  39.1
  3 1990 225  10806.70  21.5  27.0   2.6   .34    .4
  3 1990 226  13610.65  21.0  28.7   2.5   .34  12.1
  3 1990 227  10950.55  21.5  27.0   2.5   .34   6.8
  3 1990 228  22318.63  21.8  30.9   2.7   .34    .1
  3 1990 229  12638.49  21.5  29.5   2.7   .34  70.0
  3 1990 230  12219.00  22.5  26.0   2.9   .34  29.5
  3 1990 231  10813.99  22.5  27.2   2.8   .34  29.4
  3 1990 232  17851.43  21.3  26.5   2.6   .34  79.2
  3 1990 233  13912.36  21.6  27.8   2.7   .34   6.0
  3 1990 234  12786.28  22.5  29.0   2.8   .34  78.8
  3 1990 235  11376.30  20.5  25.7   2.4   .34    .4
  3 1990 236  10810.84  21.2  26.1   2.6   .34    .0
  3 1990 237  13491.57  21.3  28.2   2.6   .34   1.2
  3 1990 238  13067.03  20.8  27.7   2.5   .34   1.6
  3 1990 239  22393.19  19.6  30.0   2.5   .34    .0
  3 1990 240  14477.53  21.0  28.7   2.5   .34    .0
  3 1990 241  17870.49  22.0  31.2   2.8   .34   8.2
  3 1990 242  15322.24  21.7  30.0   2.9   .34  11.5
  3 1990 243  13337.74  21.7  28.6   2.7   .34    .0
  3 1990 244  19564.12  20.0  30.7   2.5   .34    .0
  3 1990 245  17578.37  21.0  29.2   2.7   .33   8.9
  3 1990 246  19557.63  21.5  30.0   2.7   .33   1.8
  3 1990 247  14168.70  20.5  28.5   2.6   .33    .0
  3 1990 248  14871.18  21.0  29.5   2.6   .33   1.7
  3 1990 249  14864.53  21.5  29.2   2.7   .33   3.6
  3 1990 250  10746.75  21.4  25.9   2.5   .33  12.2
  3 1990 251  17542.36  19.5  30.0   2.3   .33    .4
  3 1990 252  23203.23  21.0  30.7   2.7   .33    .0
  3 1990 253  19083.18  21.7  30.7   2.7   .33    .0
  3 1990 254  15388.16  21.8  30.9   2.6   .33    .0
  3 1990 255  19628.12  20.8  31.0   2.7   .33   2.7
  3 1990 256  15082.61  21.5  29.5   2.8   .33   2.1
  3 1990 257  17053.26  20.6  30.0   2.5   .33  12.5
  3 1990 258  17606.19  20.5  29.8   2.5   .33  42.3
  3 1990 259  18441.02  20.0  30.0   2.7   .33    .4
  3 1990 260  21820.99  20.5  32.0   2.5   .33    .0
  3 1990 261  12610.95  22.0  28.4   2.7   .33  12.2
  3 1990 262  19381.27  23.0  30.5   2.7   .33  11.4
  3 1990 263  12864.03  22.5  28.0   2.7   .33    .0
  3 1990 264  18495.94  21.5  31.0   2.7   .33  32.3
  3 1990 265  10574.22  21.0  26.0   2.5   .33   7.5
  3 1990 266  16904.19  19.3  28.4   2.6   .33   4.3
  3 1990 267  17306.43  20.0  29.9   2.6   .33  15.6
  3 1990 268  20664.04  20.0  30.4   2.5   .33    .0
  3 1990 269  12338.55  21.4  28.2   2.6   .33    .0
  3 1990 270  17239.39  20.5  30.0   2.7   .33    .0
  3 1990 271  13564.17  21.0  29.5   2.6   .33  20.1
  3 1990 272  17892.38  21.0  30.2   2.7   .33  23.9
  3 1990 273  11699.17  20.5  26.5   2.8   .24    .0
  3 1990 274  18819.59  21.2  30.2   2.6   .24   2.4
  3 1990 275  15853.80  19.8  30.0   2.7   .24    .0
  3 1990 276  18621.81  21.5  29.9   2.6   .24    .0
  3 1990 277  13289.22  21.0  29.2   2.6   .24  36.8
  3 1990 278  14101.15  20.7  29.5   2.6   .24  14.2
  3 1990 279  16580.81  19.5  28.7   2.5   .24  54.3
  3 1990 280  15439.05  19.6  29.2   2.5   .24   8.7
  3 1990 281  17492.70  20.0  29.7   2.5   .24   5.9
  3 1990 282  16628.70  21.5  30.0   2.6   .24   5.9
  3 1990 283  15212.71  21.8  29.3   2.7   .24  14.9
  3 1990 284  17394.32  20.9  30.0   2.5   .24   9.2
  3 1990 285  16256.15  20.7  30.3   2.6   .24   3.6
  3 1990 286  19255.28  20.5  31.0   2.5   .24    .0
  3 1990 287  18529.23  20.5  29.8   2.5   .24   3.2
  3 1990 288  17530.08  21.5  29.9   2.6   .24  11.5
  3 1990 289  13241.93  21.4  28.9   2.5   .24  21.0
  3 1990 290  16635.20  20.2  28.5   2.5   .24    .0
  3 1990 291  17556.10  20.5  30.0   2.6   .24  16.7
  3 1990 292  20247.16  20.0  30.4   2.6   .24   7.2
  3 1990 293  18569.46  21.5  31.7   2.8   .24   4.4
  3 1990 294  14993.65  21.0  29.4   2.7   .24    .0
  3 1990 295  20387.90  22.0  30.5   2.6   .24   7.0
  3 1990 296  20207.62  21.0  30.6   2.6   .24  21.5
  3 1990 297  14213.13  20.5  29.5   2.4   .24    .0
  3 1990 298  19847.66  20.2  31.2   2.4   .24    .0
  3 1990 299  16435.10  20.0  28.8   2.3   .24  44.4
  3 1990 300   9808.53  20.7  25.6   2.2   .24   5.1
  3 1990 301   9782.56  21.2  25.6   2.4   .24    .0
  3 1990 302  18863.49  19.5  29.0   2.2   .24    .0
  3 1990 303  12671.14  21.5  28.0   2.2   .24   2.1
  3 1990 304   9838.00  21.7  27.7   2.4   .24   1.3
  3 1990 305  13938.93  21.8  29.9   1.6   .24    .3
  3 1990 306  14568.91  21.0  29.2   2.6   .24   9.8
  3 1990 307  15196.30  22.5  27.5   2.8   .24  19.2
  3 1990 308  15821.15  21.5  28.2   2.7   .37   9.8
  3 1990 309  16443.49  21.8  28.8   2.8   .37  22.3
  3 1990 310  17063.35  19.7  29.9   2.7   .37    .0
  3 1990 311  20706.27  21.0  30.5   2.7   .37    .0
  3 1990 312  15801.54  20.0  29.0   2.6   .37  74.1
  3 1990 313  13012.78  22.2  29.2   2.8   .37   1.0
  3 1990 314  18211.54  21.5  30.2   2.8   .37   3.8
  3 1990 315  11122.84  23.0  27.5   2.8   .37   3.0
  3 1990 316  13960.87  20.8  27.3   2.5   .37   6.2
  3 1990 317  11198.39  21.8  27.7   2.7   .37  45.7
  3 1990 318  10003.74  22.4  26.8   2.7   .37  17.7
  3 1990 319  12439.83  21.0  27.1   2.7   .37  45.5
  3 1990 320   9309.17  21.6  24.4   2.7   .37  20.1
  3 1990 321  10060.88  21.0  27.0   2.6   .37   2.8
  3 1990 322  12226.70  20.5  28.3   2.6   .37    .0
  3 1990 323  18884.13  19.5  29.3   2.7   .37   3.6
  3 1990 324  13584.98  20.5  29.5   2.7   .37   9.3
  3 1990 325  20345.72  21.4  29.6   2.7   .37   3.5
  3 1990 326  21585.35  19.5  28.6   2.4   .37    .0
  3 1990 327  11204.43  19.0  28.0   2.3   .37  11.9
  3 1990 328  10034.91  21.0  24.5   2.7   .37  75.6
  3 1990 329  16250.30  20.2  28.3   2.2   .37  16.3
  3 1990 330  19397.72  20.5  29.5   2.5   .37  11.0
  3 1990 331  11752.94  20.7  28.0   2.7   .37  35.6
  3 1990 332  10592.13  20.8  28.2   2.4   .37   2.5
  3 1990 333  16646.05  19.5  28.4   2.5   .37    .0
  3 1990 334  20031.30  19.0  29.9   2.4   .37    .0
  3 1990 335  19118.97  19.5  30.0   2.4   .37   3.7
  3 1990 336  11657.31  20.5  28.4   2.7   .37    .0
  3 1990 337  13906.21  19.5  29.4   2.4   .37    .5
  3 1990 338   9361.70  20.4  23.2   2.2   .37  59.5
  3 1990 339   8972.35  21.0  23.5   2.5   .37  48.7
  3 1990 340  13477.68  19.0  27.7   2.3   .37    .7
  3 1990 341   8950.17  20.8  27.6   2.5   .37    .0
  3 1990 342  16705.04  20.2  29.9   2.5   .37  32.1
  3 1990 343   8930.97  20.0  23.6   2.3   .37  39.2
  3 1990 344   8922.51  18.5  20.7   2.2   .37  50.0
  3 1990 345   8914.83  19.0  24.0   2.3   .37  23.7
  3 1990 346  11655.46  20.0  -9.0   2.5   .37    .0
  3 1990 347  14019.50  18.5  27.2   2.3   .37    .9
  3 1990 348  12514.68  20.5  27.5   2.6   .37  28.6
  3 1990 349  10762.76  22.5  27.0   2.8   .37  30.8
  3 1990 350  15246.85  23.0  28.2   2.9   .37  76.7
  3 1990 351  18483.27  21.7  28.8   2.7   .37    .0
  3 1990 352   9506.55  20.3  25.5   2.6   .37  10.7
  3 1990 353  11623.71  20.0  26.0   2.5   .37   8.2
  3 1990 354  18601.56  19.0  28.0   2.4   .37    .3
  3 1990 355  20596.45  17.5  -9.0   2.1   .37    .0
  3 1990 356  20723.88  17.5  28.1   2.1   .37    .0
  3 1990 357  11254.11  16.0  27.5   2.0   .37    .0
  3 1990 358  21233.40  15.4  29.0   1.9   .37    .9
  3 1990 359  12759.13  20.5  29.0   2.4   .37    .4
  3 1990 360  15386.01  19.0  27.2   2.4   .37    .5
  3 1990 361  20638.61  16.2  29.1   1.9   .37    .0
  3 1990 362  20776.44  16.5  28.8   2.3   .37    .0
  3 1990 363  19165.97  18.4  28.9   2.4   .37    .5
  3 1990 364  18305.40  19.0  28.5   2.4   .37    .3
  3 1990 365  18070.96  18.0  29.2   2.1   .37  14.4
