*---------------------------------------------------------              
* Station name: Los Diamantes                                           
* Author: Atlantic Zone Project, AUW-MAG-CATIE, Costa Rica              
* Source: IMN, San Jose, Costa Rica                                     
*                                                                       
* Comments: Wind speed data lacking                                     
*           Check unit (and conversion factor) of SR, VP                
*                                                                       
*                                                                       
* Longitude:  83 46 W, latitude:  10 13 N, altitude:249 m.              
* Column  Daily value                                                   
*    1    station number                                                
*    2    year                                                          
*    3    month                                                         
*    4    day                                                           
*    5    julian date                                                   
*    6    irradiation            (cal cm-2 d-1)                         
*    7    minimum temperature    (degrees Celcius)                      
*    8    maximum temperature    (degrees Celcius)                      
*    9    vapor pressure at 0700 (mbar)                                 
*   10    vapor pressure at 1300 (mbar)                                 
*   11    vapor pressure at 1800 (mbar)                                 
*   12    mean wind speed        (kilometer per hour)                   
*   13    precipitation          (mm d-1)                               
*   14    sunshine hours         (hours)                                
* Missing value: -99                                                    
*---------------------------------------------------------              
*  data converted with WDC for CABO-format
*-------------------------------------------
  83.77  10.22   249.  .00  .00
  3 1978   1  15606.32  17.5  28.5   1.8   .42    .0
  3 1978   2  14644.00  16.5  28.2   1.7   .42    .0
  3 1978   3  16945.20  14.0  29.5   1.3   .42    .0
  3 1978   4  16903.36  15.0  29.0   1.5   .42    .0
  3 1978   5  12761.20  16.0  28.5   1.5   .42    .0
  3 1978   6  11547.84  14.5  29.0   1.3   .42    .2
  3 1978   7  13095.92  16.0  27.0   1.6   .42    .0
  3 1978   8  12970.40  16.2  29.5   1.6   .42    .0
  3 1978   9  17572.80  18.0  30.2   1.7   .42    .0
  3 1978  10   8577.20  16.5  24.5   1.4   .42  21.0
  3 1978  11   6527.04  18.5  25.0   1.6   .42  11.7
  3 1978  12   8870.08  19.0  25.5   1.7   .42   7.1
  3 1978  13  16150.24  17.5  29.0   1.6   .42    .0
  3 1978  14  16150.24  17.0  29.0   1.6   .42   4.5
  3 1978  15   2677.76  17.0  29.0   1.4   .42  83.3
  3 1978  16  11045.76  18.0  27.5   1.6   .42  11.7
  3 1978  17  15187.92  17.2  27.5   1.6   .42    .0
  3 1978  18  18961.25  17.0  28.5   1.6   .42    .5
  3 1978  19  11547.84  18.0  28.6   1.6   .42    .5
  3 1978  20  11003.92  18.3  28.5   1.9   .42   2.6
  3 1978  21  18451.44  16.0  28.5   1.5   .42    .0
  3 1978  22  14685.84  16.0  28.2   1.5   .42    .0
  3 1978  23  10794.72  17.5  29.0   1.7   .42   1.5
  3 1978  24  15522.64  19.0  28.5   1.6   .42    .0
  3 1978  25  15731.84  18.0  29.5   1.7   .42    .0
  3 1978  26  11798.88  17.1  30.0   1.6   .42   8.7
  3 1978  27  12844.88  17.9  29.5   1.9   .42   1.3
  3 1978  28  10836.56  18.3  28.0   1.8   .44   6.6
  3 1978  29  19413.76  16.5  29.0   1.6   .44    .4
  3 1978  30  12133.60  19.9  29.0   1.8   .44   7.9
  3 1978  31  17112.56  17.0  29.0   1.8   .44    .0
  3 1978  32   9874.24  17.0  27.0   1.8   .44   8.1
  3 1978  33   6527.04  20.1  27.0   1.7   .44 127.7
  3 1978  34   4937.12  19.2  26.5   2.0   .44  64.7
  3 1978  35  16484.96  17.3  29.0   1.7   .44    .0
  3 1978  36  13158.68  16.0  29.0   1.5   .44    .8
  3 1978  37   9832.40  19.0  26.5   1.6   .44   6.6
  3 1978  38   9079.28  18.1  26.5   2.2   .44   2.5
  3 1978  39  12217.28  17.0  28.5   1.7   .44   3.5
  3 1978  40  15399.49  17.5  35.0   1.7   .44    .0
  3 1978  41  16526.80  18.9  30.0   1.9   .44   3.7
  3 1978  42   8660.88  19.8  25.5   1.8   .44  37.8
  3 1978  43   9832.40  18.0  26.0   1.7   .44   6.0
  3 1978  44  16150.24  17.5  28.5   1.8   .44    .0
  3 1978  45  12761.20  18.9  28.5   1.9   .44    .0
  3 1978  46   9748.72  18.9  25.5   1.7   .44   7.9
  3 1978  47  12008.08  19.1  27.5   1.8   .44   2.0
  3 1978  48   9121.12  17.9  26.0   1.8   .44    .0
  3 1978  49  15229.76  18.0  29.5   1.6   .44   1.7
  3 1978  50  16747.34  21.2  29.6   2.0   .44   1.4
  3 1978  51  12119.10  20.5  29.5   1.9   .44   4.7
  3 1978  52  20127.36  19.5  30.5   1.9   .44    .0
  3 1978  53  15073.60  17.2  28.0   1.8   .44  50.0
  3 1978  54   5690.24  16.0  22.5   1.5   .44  50.3
  3 1978  55  10164.63  17.0  21.5   1.6   .44  40.5
  3 1978  56  10467.36  19.0  26.0   1.8   .43   1.0
  3 1978  57  11798.88  18.5  27.0   2.0   .43   1.2
  3 1978  58  18721.15  17.0  28.5   1.7   .43    .0
  3 1978  59  15557.15  20.0  29.0   1.9   .43    .0
  3 1978  60  13916.44  19.1  30.0   1.7   .43    .0
  3 1978  61  14924.19  19.1  30.5   1.8   .43    .0
  3 1978  62  20971.30  19.1  30.5   1.9   .43   2.0
  3 1978  63  20870.51  19.1  31.0   2.0   .43    .0
  3 1978  64  13191.01  19.1  31.0   2.2   .43   2.9
  3 1978  65  22211.03  19.1  31.0   1.9   .43    .0
  3 1978  66  20560.86  19.1  31.0   1.7   .43    .0
  3 1978  67  11296.83  19.1  31.0   1.7   .43    .0
  3 1978  68  18937.56  19.1  30.5   1.7   .43   1.2
  3 1978  69  24336.48  19.1  31.0   1.7   .43  38.5
  3 1978  70  11504.50  19.1  26.0   1.9   .43  19.5
  3 1978  71  20020.35  19.1  29.0   1.9   .43  37.7
  3 1978  72  15940.16  19.1  29.0   1.9   .43    .0
  3 1978  73  15397.45  19.1  28.5   1.7   .43   5.9
  3 1978  74  17125.14  19.1  28.0   1.9   .43   7.9
  3 1978  75  11179.27  19.1  28.0   1.9   .43    .0
  3 1978  76  12620.29  19.1  28.5   1.9   .43  20.1
  3 1978  77  18334.97  19.1  29.0   1.7   .43    .0
  3 1978  78  14937.64  19.1  29.0   1.6   .43    .0
  3 1978  79  23228.44  19.1  29.5   1.6   .43    .0
  3 1978  80  20826.73  19.1  30.0   1.6   .43    .0
  3 1978  81  17849.60  19.1  27.5   2.0   .43    .0
  3 1978  82  14867.93  19.1  28.5   2.2   .43  23.8
  3 1978  83  11167.38  19.1  28.5   2.1   .43  11.1
  3 1978  84  11324.23  19.1  28.0   2.0   .43   3.5
  3 1978  85  15916.43  19.1  29.0   1.7   .43  36.4
  3 1978  86  12495.48  19.1  28.6   1.9   .43  31.0
  3 1978  87  11505.72  19.1  28.5   1.9   .43  10.0
  3 1978  88  13379.41  19.1  28.3   1.9   .43  62.7
  3 1978  89  10812.16  19.1  28.5   2.0   .43  49.1
  3 1978  90  10965.84  19.1  28.5   1.8   .43    .0
  3 1978  91  19001.14  20.0  27.5   1.6   .39    .0
  3 1978  92  17291.28  20.0  29.0   1.8   .39   1.0
  3 1978  93  17586.96  20.0  29.5   1.6   .39   7.2
  3 1978  94  16878.50  20.0  29.5   1.8   .39   6.4
  3 1978  95  22045.37  20.0  27.6   1.9   .39  17.4
  3 1978  96  18755.39  20.0  28.5   1.9   .39    .6
  3 1978  97  26211.60  20.0  29.5   1.6   .39    .0
  3 1978  98  25784.98  20.0  30.0   1.6   .39    .0
  3 1978  99  22492.96  20.0  30.5   1.6   .39    .0
  3 1978 100  15765.32  20.0  29.0   1.7   .39    .0
  3 1978 101  18201.61  20.0  29.0   1.9   .39    .0
  3 1978 102  21493.88  20.0  30.0   1.9   .39   4.7
  3 1978 103   6652.56  20.0  30.0   2.0   .39  13.9
  3 1978 104  12719.36  20.0  29.5   2.0   .39  24.4
  3 1978 105  14267.44  20.0  28.3   1.9   .39  11.5
  3 1978 106  11003.92  20.0  28.5   1.9   .39   4.7
  3 1978 107  19832.16  20.0  30.0   1.7   .39    .0
  3 1978 108  20459.76  20.0  30.3   1.8   .39    .0
  3 1978 109  22593.60  20.0  30.5   2.0   .39    .0
  3 1978 110  21212.88  20.0  31.0   1.9   .39    .0
  3 1978 111  22468.08  20.0  31.5   1.8   .39    .0
  3 1978 112  20459.76  20.0  31.2   1.9   .39    .0
  3 1978 113  15941.04  20.0  30.5   1.9   .39  11.9
  3 1978 114  20041.36  20.0  31.5   2.0   .39    .0
  3 1978 115   9204.80  20.0  31.5   2.1   .39    .0
  3 1978 116  24385.22  20.0  31.5   1.8   .39    .0
  3 1978 117  22529.45  20.0  31.0   2.0   .39    .2
  3 1978 118  25346.69  20.0  31.5   1.6   .39    .0
  3 1978 119  10908.22  20.8  29.0   1.9   .37   1.2
  3 1978 120  23759.24  20.8  31.5   2.0   .37    .3
  3 1978 121  23037.46  19.5  32.5   1.9   .37    .0
  3 1978 122  20342.90  21.0  32.5   1.9   .37    .0
  3 1978 123  15822.52  20.4  32.0   2.1   .37  40.7
  3 1978 124  19611.53  19.9  32.5   2.0   .37    .1
  3 1978 125  23532.76  21.5  31.6   2.0   .37    .0
  3 1978 126  25479.83  20.0  32.0   1.6   .37  12.2
  3 1978 127  15081.53  21.0  30.0   2.2   .37    .5
  3 1978 128  18153.49  20.9  30.5   2.0   .37    .1
  3 1978 129  13242.49  19.1  30.5   2.0   .37    .0
  3 1978 130  11547.84  20.0  29.8   2.1   .37  19.6
  3 1978 131  24395.28  19.0  30.5   2.0   .37    .1
  3 1978 132  25071.52  18.0  30.5   1.8   .37    .0
  3 1978 133  18084.17  17.0  30.3   1.8   .37    .0
  3 1978 134  22383.53  18.5  31.0   2.0   .37  30.1
  3 1978 135  11383.72  20.5  31.0   2.0   .37  23.7
  3 1978 136  14847.70  18.5  30.2   2.0   .37  29.4
  3 1978 137  16500.98  21.0  30.3   2.1   .37  29.0
  3 1978 138  14058.24  20.4  30.2   1.9   .37  34.4
  3 1978 139  18966.17  20.3  31.0   2.2   .37  11.6
  3 1978 140  10627.36  21.2  29.5   2.1   .37  11.8
  3 1978 141  19625.65  20.0  31.0   2.1   .37  16.2
  3 1978 142  18092.38  22.0  31.3   2.2   .37  19.1
  3 1978 143   6945.44  20.6  27.4   2.1   .37   5.5
  3 1978 144  15606.32  19.5  29.0   1.8   .37  18.6
  3 1978 145  16150.24  21.0  29.0   2.1   .37  81.4
  3 1978 146  13054.08  21.9  28.0   2.0   .37  31.3
  3 1978 147  12928.56  21.7  29.5   2.1   .37  31.3
  3 1978 148  15648.16  21.5  30.2   2.0   .37    .4
  3 1978 149  15257.08  22.5  30.0   2.0   .37    .3
  3 1978 150  19497.44  21.1  31.9   2.0   .37   5.4
  3 1978 151  19204.56  20.1  31.5   1.9   .37   9.5
  3 1978 152  16736.00  19.8  29.0   2.0   .37   5.5
  3 1978 153  14476.64  20.1  29.5   2.0   .37   3.5
  3 1978 154  17447.28  20.0  30.0   1.9   .33  22.5
  3 1978 155  10585.52  21.0  30.0   2.2   .33  66.2
  3 1978 156  20166.88  19.5  31.0   1.9   .33   3.9
  3 1978 157  17782.00  19.8  31.0   2.1   .33  92.9
  3 1978 158  20376.08  20.1  30.5   2.0   .33    .2
  3 1978 159  18116.72  22.0  30.5   2.2   .33  10.5
  3 1978 160  10501.84  21.0  30.5   2.0   .33 151.3
  3 1978 161   9957.92  20.3  26.5   1.9   .33  65.4
  3 1978 162   7196.48  20.3  26.5   1.9   .33   2.5
  3 1978 163  11673.36  19.8  27.2   1.8   .33    .9
  3 1978 164   8451.68  20.2  25.5   1.9   .33   6.5
  3 1978 165  16150.24  19.4  30.0   2.0   .33  14.3
  3 1978 166  10836.56  20.0  27.0   1.9   .33    .0
  3 1978 167  22928.32  20.0  30.0   1.9   .33    .0
  3 1978 168  22049.68  19.9  30.2   2.1   .33    .0
  3 1978 169  19915.84  19.5  30.5   1.9   .33   7.5
  3 1978 170  10167.12  21.1  28.7   2.0   .33   5.8
  3 1978 171  14058.24  20.0  28.5   1.9   .33    .0
  3 1978 172  11464.16  19.9  29.0   2.0   .33   3.7
  3 1978 173  12342.80  19.0  29.5   1.8   .33    .0
  3 1978 174  10292.64  21.7  27.5   2.1   .33   7.0
  3 1978 175  11966.24  21.0  28.6   2.0   .33   8.5
  3 1978 176   9204.80  20.9  28.0   2.2   .33  36.9
  3 1978 177  11673.36  20.0  28.5   2.1   .33   6.6
  3 1978 178  19413.76  23.0  30.0   2.1   .33   6.1
  3 1978 179  12133.60  22.0  30.0   1.9   .33   5.2
  3 1978 180   7573.04  20.9  30.0   2.0   .33  19.6
  3 1978 181  12510.16  20.3  28.5   1.9   .33    .0
  3 1978 182  14300.79  21.2  28.5   1.9   .38   2.0
  3 1978 183  18576.96  21.5  31.0   2.0   .38  12.9
  3 1978 184   8786.40  20.1  27.0   1.9   .38  57.9
  3 1978 185  11871.89  20.2  28.5   1.9   .38  16.0
  3 1978 186  10083.44  19.5  26.1   1.9   .38  38.4
  3 1978 187  18325.92  19.0  28.5   1.8   .38    .0
  3 1978 188  14476.64  20.0  27.5   1.9   .38    .0
  3 1978 189  11547.84  20.8  27.5   1.9   .38   6.4
  3 1978 190  10501.84  21.9  27.5   1.9   .38    .5
  3 1978 191   6192.32  22.0  27.5   2.0   .38  40.3
  3 1978 192   7489.36  20.3  27.5   1.9   .38  15.8
  3 1978 193  17656.48  20.3  28.5   1.9   .38    .0
  3 1978 194  15522.64  20.0  28.4   1.8   .38  15.6
  3 1978 195  19706.64  21.3  29.6   2.0   .38    .0
  3 1978 196  20752.64  19.5  30.5   2.0   .38   1.4
  3 1978 197   9455.84  21.5  30.5   2.0   .38  68.4
  3 1978 198  20041.36  20.0  30.5   2.0   .38  33.3
  3 1978 199  17807.24  20.5  30.5   1.8   .38  19.2
  3 1978 200  14476.64  21.5  29.0   2.0   .38  30.4
  3 1978 201  18409.60  21.2  30.5   1.8   .38    .0
  3 1978 202  18869.84  21.0  30.2   1.9   .38   2.8
  3 1978 203  14267.44  21.6  29.5   2.1   .38  19.6
  3 1978 204  15313.44  21.9  29.5   2.0   .38  13.5
  3 1978 205  21087.36  22.0  30.3   2.0   .38   3.5
  3 1978 206   8242.48  22.0  27.3   2.0   .38  27.1
  3 1978 207  11673.36  21.9  28.5   2.1   .38  19.2
  3 1978 208  15731.84  21.0  29.7   2.0   .38  38.0
  3 1978 209  18284.08  20.2  29.6   2.0   .38  27.2
  3 1978 210   7740.40  23.0  28.0   2.0   .34  12.0
  3 1978 211  11254.96  20.9  28.0   2.2   .34  70.5
  3 1978 212  10761.45  21.5  28.5   2.1   .34    .0
  3 1978 213  14058.24  22.0  29.0   2.1   .34  32.4
  3 1978 214  12928.56  22.0  29.0   2.0   .34   4.7
  3 1978 215  12844.88  22.7  29.0   2.0   .34  19.3
  3 1978 216  14225.60  21.9  29.0   2.1   .34   4.7
  3 1978 217   8870.08  21.8  26.5   2.0   .34  16.1
  3 1978 218  10836.56  22.6  29.6   2.1   .34   2.6
  3 1978 219  12552.00  21.5  29.0   2.0   .34   1.5
  3 1978 220  13440.75  20.5  29.5   2.0   .34  21.0
  3 1978 221  18618.80  20.7  29.6   1.9   .34  10.0
  3 1978 222   6945.44  20.5  29.5   2.0   .34  40.5
  3 1978 223  20459.76  20.0  30.5   2.0   .34   5.3
  3 1978 224  13095.92  20.8  29.0   2.0   .34   9.8
  3 1978 225  12217.28  20.0  29.5   1.7   .34   2.2
  3 1978 226  14351.12  21.5  28.0   2.0   .34  61.5
  3 1978 227  11338.64  20.2  29.0   2.0   .34  10.9
  3 1978 228  18325.92  21.2  30.2   2.0   .34   2.2
  3 1978 229  15397.12  20.1  29.5   1.9   .34    .9
  3 1978 230  14560.32  20.0  29.6   2.0   .34   5.0
  3 1978 231  15104.24  20.0  30.2   2.0   .34    .0
  3 1978 232   9414.00  20.8  30.1   1.9   .34  24.6
  3 1978 233  19832.16  22.1  29.6   2.1   .34    .0
  3 1978 234  15731.84  20.3  30.1   1.8   .34    .0
  3 1978 235   9455.84  21.0  29.0   1.9   .34   2.3
  3 1978 236  14560.32  21.2  30.0   1.9   .34    .0
  3 1978 237  13263.28  21.0  31.5   2.0   .34   4.3
  3 1978 238  14225.60  21.4  31.0   2.0   .34   5.1
  3 1978 239  14644.00  22.9  31.0   2.2   .34   2.3
  3 1978 240   5564.72  19.9  26.0   1.9   .34  44.3
  3 1978 241  13681.68  19.2  29.1   1.9   .34    .0
  3 1978 242  10920.24  20.4  28.5   1.9   .34  13.7
  3 1978 243  12970.40  20.0  29.5   1.9   .34  42.8
  3 1978 244  14560.32  20.7  29.5   2.1   .34   3.2
  3 1978 245  12008.08  21.0  28.0   1.9   .33   4.0
  3 1978 246  16066.56  20.3  30.5   2.1   .33   5.0
  3 1978 247   8870.08  22.1  27.0   2.1   .33   2.2
  3 1978 248  15773.68  20.3  29.5   2.2   .33  90.9
  3 1978 249  16526.80  21.0  31.0   1.9   .33  46.9
  3 1978 250  19706.64  20.0  31.0   1.9   .33    .0
  3 1978 251  13514.32  20.8  29.5   1.8   .33  71.8
  3 1978 252  15104.24  22.1  30.5   2.1   .33    .8
  3 1978 253  14560.32  21.6  28.5   2.0   .33   6.1
  3 1978 254  17782.00  21.0  30.4   1.8   .33    .0
  3 1978 255  18828.00  20.5  31.5   1.9   .33    .0
  3 1978 256  15313.44  21.0  31.0   2.0   .33   2.8
  3 1978 257  12510.16  21.4  27.5   1.9   .33   3.1
  3 1978 258  14811.36  21.0  29.0   2.0   .33    .0
  3 1978 259  11882.56  21.2  28.0   1.9   .33  16.2
  3 1978 260  18828.00  21.0  31.0   1.9   .33  51.5
  3 1978 261  14351.12  21.1  30.5   2.0   .33  15.2
  3 1978 262  11129.44  20.7  28.5   2.0   .33    .7
  3 1978 263  20668.96  19.5  31.0   2.0   .33  11.3
  3 1978 264  17447.28  22.1  30.5   2.0   .33   7.2
  3 1978 265  14016.40  22.0  30.2   2.0   .33    .0
  3 1978 266  15941.04  20.2  30.5   1.9   .33   7.2
  3 1978 267  11882.56  21.1  28.5   2.0   .33  58.2
  3 1978 268  13054.08  20.0  28.2   1.8   .33   2.0
  3 1978 269  11673.36  21.7  29.0   2.0   .33  12.5
  3 1978 270  11673.36  22.0  29.0   2.1   .33   2.5
  3 1978 271  17572.80  22.1  29.5   2.0   .33    .0
  3 1978 272  12552.00  21.9  29.5   2.0   .33  37.9
  3 1978 273   9288.48  21.7  29.6   2.1   .24   4.1
  3 1978 274  13514.32  19.9  29.5   2.0   .24   1.1
  3 1978 275  10794.72  20.7  29.0   1.9   .24 105.5
  3 1978 276   9665.04  20.2  29.4   1.8   .24   4.1
  3 1978 277   6987.28  21.3  26.1   2.0   .24    .0
  3 1978 278   9455.84  21.5  27.5   2.0   .24  18.5
  3 1978 279   9623.20  21.0  28.2   2.0   .24    .0
  3 1978 280   6192.32  20.0  26.5   2.1   .24    .0
  3 1978 281  12133.60  19.8  29.0   2.0   .24   3.0
  3 1978 282   6945.44  20.0  27.6   1.9   .24   5.8
  3 1978 283  13681.68  18.2  29.2   1.9   .24    .0
  3 1978 284  11589.68  18.3  30.2   1.7   .24   4.0
  3 1978 285  17636.80  19.5  28.5   1.9   .24    .0
  3 1978 286  12635.68  20.1  30.8   2.1   .24  11.2
  3 1978 287  11882.56  20.0  29.6   2.0   .24    .0
  3 1978 288  15187.92  19.9  30.5   2.1   .24    .2
  3 1978 289   9957.92  20.0  30.0   2.1   .24  69.4
  3 1978 290  10083.44  19.4  30.0   2.0   .24  21.2
  3 1978 291  14895.04  19.0  30.4   2.0   .24   3.5
  3 1978 292  16736.00  18.4  30.2   1.7   .24    .0
  3 1978 293  17028.88  19.5  30.2   1.9   .24  49.5
  3 1978 294   5355.52  21.2  26.7   1.8   .24   2.2
  3 1978 295   9414.00  21.1  29.0   2.0   .24   1.4
  3 1978 296   9079.28  21.1  29.2   1.9   .24   1.6
  3 1978 297  10167.12  21.0  28.2   2.0   .24   9.7
  3 1978 298  12217.28  20.0  27.2   1.9   .24  13.4
  3 1978 299  15229.76  20.0  30.0   1.8   .24    .0
  3 1978 300  22178.38  20.8  30.5   1.8   .24    .0
  3 1978 301   3849.28  21.1  26.0   1.9   .24   7.8
  3 1978 302  11757.04  18.4  27.5   2.0   .24  10.0
  3 1978 303  12426.48  20.3  28.5   1.9   .24   8.8
  3 1978 304   9079.28  21.8  27.5   2.0   .24   4.4
  3 1978 305  12719.36  21.8  29.0   2.0   .24   7.2
  3 1978 306   9121.12  21.0  28.0   2.0   .24  11.5
  3 1978 307  11380.48  20.0  27.5   2.0   .24    .4
  3 1978 308   4686.08  21.3  24.0   1.9   .37  22.3
  3 1978 309   8995.60  20.8  26.0   1.8   .37   3.3
  3 1978 310   8702.72  19.5  28.5   1.9   .37    .1
  3 1978 311  10250.80  21.2  28.3   2.0   .37  58.4
  3 1978 312  11966.24  18.0  28.0   2.0   .37   6.9
  3 1978 313   7154.64  20.6  27.0   2.0   .37  46.7
  3 1978 314   7573.04  20.4  28.5   2.0   .37   5.9
  3 1978 315   9414.00  17.8  29.5   1.7   .37    .0
  3 1978 316  19431.92  19.3  29.5   1.7   .37    .0
  3 1978 317  10376.32  21.5  27.5   1.9   .37   9.7
  3 1978 318  13849.04  19.5  29.0   1.9   .37  13.7
  3 1978 319  13681.68  19.0  29.4   1.9   .37    .0
  3 1978 320  16359.44  19.1  29.5   1.8   .37    .0
  3 1978 321  14978.72  19.8  29.5   1.8   .37    .0
  3 1978 322   5899.44  20.8  26.0   1.9   .37  19.2
  3 1978 323   4100.32  17.5  24.2   1.7   .37  41.4
  3 1978 324  11338.64  19.0  28.0   1.8   .37    .0
  3 1978 325  12342.80  22.0  29.5   2.0   .37    .0
  3 1978 326  10836.56  21.0  29.0   1.9   .37    .0
  3 1978 327  12928.56  21.0  30.3   2.0   .37    .0
  3 1978 328  14351.12  21.7  29.9   2.1   .37   8.6
  3 1978 329   7196.48  21.8  27.0   2.0   .37  12.0
  3 1978 330  11003.92  21.0  28.5   1.9   .37   4.4
  3 1978 331   8158.80  21.8  28.5   1.9   .37  45.9
  3 1978 332   1422.56  22.8  28.5   2.2   .37 107.8
  3 1978 333  13598.00  22.0  29.5   2.1   .37  13.9
  3 1978 334  11045.76  21.0  29.6   2.1   .37  26.3
  3 1978 335  14978.72  22.0  29.0   2.0   .37   8.3
  3 1978 336  14895.04  20.2  29.0   1.9   .37    .1
  3 1978 337  13054.08  20.4  29.5   2.0   .37   5.3
  3 1978 338  11464.16  20.0  29.5   1.9   .37   3.0
  3 1978 339  13388.80  19.3  29.5   1.8   .37    .0
  3 1978 340  13681.68  19.8  30.0   1.9   .37   3.4
  3 1978 341  13472.48  20.0  29.7   1.9   .37   3.2
  3 1978 342  10418.16  20.0  28.6   1.8   .37   8.2
  3 1978 343   8368.00  21.2  32.0   1.9   .37 132.0
  3 1978 344  10250.80  20.5  28.5   1.9   .37  30.2
  3 1978 345   9414.00  20.8  28.6   1.9   .37 171.4
  3 1978 346  11380.48  19.6  28.6   1.9   .37  41.1
  3 1978 347   8911.92  21.7  27.0   1.8   .37  13.4
  3 1978 348  12552.00  19.8  28.5   1.8   .37   6.6
  3 1978 349  14644.00  18.2  29.0   1.8   .37    .6
  3 1978 350  11589.68  15.5  27.5   1.8   .37   1.2
  3 1978 351   9121.12  21.5  28.0   1.9   .37  63.4
  3 1978 352   5773.92  17.3  28.5   1.9   .37  44.7
  3 1978 353  13054.08  18.4  28.5   1.8   .37   2.7
  3 1978 354  11589.68  15.6  28.5   1.8   .37    .6
  3 1978 355  15313.44  16.0  28.9   1.7   .37    .0
  3 1978 356  14895.04  14.5  29.2   1.6   .37    .0
  3 1978 357  13681.68  14.0  28.5   1.6   .37    .0
  3 1978 358  14141.92  16.5  29.0   1.5   .37    .0
  3 1978 359  14267.44  16.8  29.5   1.6   .37    .0
  3 1978 360  14225.60  16.2  29.7   1.6   .37    .0
  3 1978 361  12008.08  17.2  29.7   1.7   .37  41.1
  3 1978 362  14476.64  19.0  29.0   1.9   .37    .0
  3 1978 363  15941.04  16.9  28.5   1.6   .37    .6
  3 1978 364  11966.24  17.4  28.5   1.6   .37    .0
  3 1978 365  12091.76  18.6  28.7   1.8   .37    .0
