*---------------------------------------------------------              
* Station name: Los Diamantes                                           
* Author: Atlantic Zone Project, AUW-MAG-CATIE, Costa Rica              
* Source: IMN, San Jose, Costa Rica                                     
*                                                                       
* Comments: Wind speed data lacking                                     
*           Solar radiation data still lacking                          
*           Check unit (and conversion factor) of VP                    
*                                                                       
* Longitude:  83 46 W, latitude:  10 13 N, altitude:249 m.              
* Column  Daily value                                                   
*    1    station number                                                
*    2    year                                                          
*    3    month                                                         
*    4    day                                                           
*    5    julian date                                                   
*    6    irradiation            (cal cm-2 d-1)                         
*    7    minimum temperature    (degrees Celcius)                      
*    8    maximum temperature    (degrees Celcius)                      
*    9    vapor pressure at 0700 (mbar)                                 
*   10    vapor pressure at 1300 (mbar)                                 
*   11    vapor pressure at 1800 (mbar)                                 
*   12    mean wind speed        (kilometer per hour)                   
*   13    precipitation          (mm d-1)                               
*   14    sunshine hours         (hours)                                
* Missing value: -99                                                    
*---------------------------------------------------------              
*  data converted with WDC for CABO-format
*-------------------------------------------
  83.77  10.22   249.  .00  .00
  3 1972   1  13953.76  19.5  27.3   1.9   .42   5.8
  3 1972   2  14093.94  20.4  28.5   1.9   .42   6.8
  3 1972   3  13733.29  19.0  28.0   1.7   .42  21.0
  3 1972   4  10482.26  21.2  27.6   2.0   .42  54.0
  3 1972   5   9112.30  21.6  25.9   2.0   .42  35.3
  3 1972   6   8999.61  20.0  22.5   1.8   .42 141.8
  3 1972   7   9770.22  19.5  26.1   1.7   .42 101.4
  3 1972   8   9028.01  19.5  22.0   1.7   .42  86.1
  3 1972   9   9043.26  19.0  22.9   1.8   .42  36.8
  3 1972  10  10072.34  20.5  25.0   1.9   .42   8.7
  3 1972  11  13007.52  20.1  28.3   1.6   .42    .0
  3 1972  12  10744.32  20.4  27.6   1.9   .42  18.2
  3 1972  13  10510.34  20.7  25.8   1.9   .42  17.0
  3 1972  14   9129.36  18.5  25.0   1.8   .42  13.8
  3 1972  15   9276.08  18.8  25.0   1.7   .42  12.9
  3 1972  16   9168.09  18.4  25.9   1.6   .42    .0
  3 1972  17  11109.62  19.6  25.2   1.7   .42    .0
  3 1972  18  20501.07  16.5  28.5   1.6   .42    .0
  3 1972  19  19386.11  18.4  28.2   1.7   .42    .4
  3 1972  20  15691.87  17.3  28.0   1.7   .42    .0
  3 1972  21  19855.71  19.1  28.7   1.8   .42   1.1
  3 1972  22  18735.33  18.0  28.5   1.7   .42   3.4
  3 1972  23  17092.99  16.7  28.3   1.6   .42   4.3
  3 1972  24  18819.53  19.0  27.5   1.7   .42   4.3
  3 1972  25  11578.97  17.9  27.4   1.6   .42   6.8
  3 1972  26  14084.15  17.0  27.7   1.5   .42    .0
  3 1972  27   9678.14  18.9  25.9   1.8   .42   7.0
  3 1972  28  15200.37  16.5  27.0   1.6   .44    .8
  3 1972  29  21926.28  18.0  28.2   1.6   .44   1.5
  3 1972  30  16589.87  17.0  28.5   1.6   .44    .6
  3 1972  31  17421.06  16.4  28.3   1.6   .44    .1
  3 1972  32  19179.85  17.4  28.6   1.6   .44    .5
  3 1972  33  17507.39  19.5  29.0   1.8   .44  16.0
  3 1972  34  15165.12  20.1  28.3   1.8   .44  22.4
  3 1972  35  16133.66  21.9  28.0   1.8   .44   4.7
  3 1972  36   9651.79  16.9  23.2   1.6   .44   6.8
  3 1972  37  15948.80  17.4  27.0   1.7   .44  12.0
  3 1972  38  20133.73  18.9  28.2   1.7   .44   5.0
  3 1972  39  17101.86  19.9  27.9   1.7   .44    .1
  3 1972  40  20098.55  19.0  29.2   1.6   .44    .0
  3 1972  41  14362.47  20.1  28.0   1.8   .44   3.3
  3 1972  42  19522.89  17.0  29.2   1.6   .44    .0
  3 1972  43  22813.20  18.9  28.9   1.7   .44    .0
  3 1972  44  22325.97  17.5  28.9   1.6   .44   1.1
  3 1972  45  22921.64  17.0  28.9   1.4   .44    .0
  3 1972  46  19576.90  17.7  28.2   1.6   .44    .0
  3 1972  47  17852.76  17.9  28.2   1.7   .44    .0
  3 1972  48  20079.51  17.1  29.8   1.5   .44    .0
  3 1972  49  21630.79  16.5  29.6   1.6   .44    .0
  3 1972  50  22365.42  15.6  29.2   1.6   .44   4.3
  3 1972  51  10059.77  17.2  22.7   1.5   .44  76.7
  3 1972  52  10086.29  17.0  21.7   1.4   .44  88.3
  3 1972  53  11904.09  17.4  25.2   1.6   .44  57.4
  3 1972  54  21735.54  17.4  28.0   1.7   .44    .2
  3 1972  55  23580.24  15.2  28.5   1.5   .44    .0
  3 1972  56  20442.90  14.9  29.0   1.3   .43  10.2
  3 1972  57  12575.04  17.4  26.9   1.6   .43   2.2
  3 1972  58  10240.73  19.6  25.8   1.9   .43  11.9
  3 1972  59  14164.62  19.7  27.6   1.8   .43  14.7
  3 1972  60  17961.30  17.2  27.0   1.6   .43   1.3
  3 1972  61  17578.45  18.0  27.8   1.7   .43    .0
  3 1972  62  14955.08  18.6  28.7   1.9   .43   4.5
  3 1972  63  18068.09  19.4  29.5   1.8   .43    .7
  3 1972  64  11787.77  16.5  27.2   1.6   .43   8.3
  3 1972  65  10407.23  16.4  26.3   1.8   .43    .6
  3 1972  66  12962.37  18.5  27.6   1.8   .43   7.4
  3 1972  67  23554.96  14.9  29.3   1.4   .43    .2
  3 1972  68  11178.31  18.0  26.7   1.6   .43    .1
  3 1972  69  22641.48  17.5  28.9   1.7   .43    .0
  3 1972  70  17443.99  18.8  27.9   1.6   .43  22.7
  3 1972  71  15489.91  18.0  26.5   1.8   .43   4.5
  3 1972  72  10554.44  19.5  24.0   1.7   .43  23.8
  3 1972  73  12701.81  18.8  25.9   1.7   .43   9.8
  3 1972  74  11018.46  18.5  25.1   1.8   .43   8.2
  3 1972  75  18002.41  17.6  28.1   1.6   .43   2.6
  3 1972  76  20160.84  15.9  29.4   1.6   .43    .0
  3 1972  77  24173.10  15.4  30.0   1.5   .43    .0
  3 1972  78  20067.84  16.3  29.4   1.5   .43    .0
  3 1972  79  21944.94  17.5  29.6   1.6   .43    .0
  3 1972  80  14832.99  20.2  28.4   1.9   .43   9.4
  3 1972  81  10852.46  20.5  26.6   1.9   .43  21.3
  3 1972  82  10867.23  20.5  26.6   1.9   .43    .0
  3 1972  83  14312.46  16.7  27.0   1.6   .43   1.8
  3 1972  84  17760.47  17.5  28.3   1.8   .43    .0
  3 1972  85  22355.45  17.6  29.6   1.6   .43    .2
  3 1972  86  21513.57  17.0  29.6   1.5   .43    .0
  3 1972  87  12221.68  18.9  27.5   1.8   .43    .7
  3 1972  88  20541.03  16.4  30.0   1.6   .43    .0
  3 1972  89  13390.94  19.0  29.4   1.9   .43    .0
  3 1972  90  18273.73  18.0  30.7   1.9   .43    .0
  3 1972  91  22870.55  16.7  31.0   1.8   .39    .0
  3 1972  92  20014.43  18.7  31.0   2.1   .39    .0
  3 1972  93  22173.48  19.0  30.6   2.0   .39   5.9
  3 1972  94  10858.73  19.0  25.4   1.9   .39  50.7
  3 1972  95  16455.91  22.0  27.7   2.1   .39   1.6
  3 1972  96  14312.95  20.5  27.0   1.9   .39   7.8
  3 1972  97  11883.28  18.9  27.0   1.8   .39   4.5
  3 1972  98  11172.95  20.5  27.4   1.8   .39  10.6
  3 1972  99  15475.14  20.2  28.7   1.9   .39    .0
  3 1972 100  16338.04  22.1  28.3   2.0   .39   1.4
  3 1972 101  11331.22  21.9  27.1   1.9   .39  86.3
  3 1972 102  12479.82  19.5  27.5   1.9   .39  10.8
  3 1972 103  16773.45  17.6  28.0   1.7   .39    .0
  3 1972 104  18203.51  19.7  29.7   1.7   .39   2.0
  3 1972 105  22917.84  18.8  29.5   1.7   .39    .4
  3 1972 106  20914.33  19.4  30.2   1.8   .39   1.1
  3 1972 107  20910.38  20.9  30.4   1.9   .39   4.9
  3 1972 108  18765.99  21.1  30.2   1.9   .39   4.2
  3 1972 109  11064.07  21.1  25.1   2.0   .39   7.2
  3 1972 110  18329.55  20.2  28.2   1.8   .39  16.6
  3 1972 111  21313.70  19.2  29.0   1.9   .39  28.7
  3 1972 112  17322.66  20.6  29.0   2.0   .39  58.7
  3 1972 113  17032.62  19.0  27.0   1.9   .39  16.8
  3 1972 114  17594.59  18.0  28.2   1.8   .39    .0
  3 1972 115  22554.05  16.5  28.8   1.5   .39    .0
  3 1972 116  17863.32  18.2  28.5   1.8   .39  26.3
  3 1972 117  17713.20  17.4  28.8   1.9   .39    .0
  3 1972 118  24356.02  17.0  29.1   1.8   .39   1.8
  3 1972 119  19391.73  17.0  28.7   1.5   .37  21.6
  3 1972 120  14718.87  20.0  28.2   1.9   .37   1.7
  3 1972 121  19650.65  20.4  29.4   2.0   .37    .2
  3 1972 122  19074.12  21.1  29.0   2.0   .37  21.0
  3 1972 123  22723.27  19.6  30.1   2.0   .37    .0
  3 1972 124  21721.81  18.3  31.0   1.9   .37  31.3
  3 1972 125  22267.92  22.4  29.8   2.1   .37  25.1
  3 1972 126  21408.59  20.2  29.8   2.0   .37   6.0
  3 1972 127  12557.29  20.5  27.8   2.0   .37  12.8
  3 1972 128  19134.07  20.5  29.0   2.0   .37   6.4
  3 1972 129  11003.63  21.0  26.5   2.0   .37   6.5
  3 1972 130  19524.06  21.5  29.2   2.1   .37    .0
  3 1972 131  12388.05  21.0  29.3   2.0   .37   8.7
  3 1972 132  18377.30  18.0  29.0   2.1   .37  16.1
  3 1972 133  11118.83  20.5  27.8   2.0   .37   1.4
  3 1972 134  15286.85  20.9  29.9   2.1   .37  43.5
  3 1972 135  10966.73  20.4  26.5   2.1   .37  37.8
  3 1972 136  16513.77  17.4  28.1   2.1   .37   8.6
  3 1972 137  21354.94  20.5  29.5   2.1   .37    .0
  3 1972 138  17042.30  19.7  29.6   2.1   .37    .0
  3 1972 139  13154.30  21.5  29.2   2.1   .37  13.6
  3 1972 140  16462.60  17.8  30.8   2.1   .37   3.9
  3 1972 141  14792.96  20.6  29.5   2.1   .37  12.9
  3 1972 142  14644.17  21.0  27.5   2.0   .37  26.5
  3 1972 143  18629.21  20.0  29.7   1.9   .37    .0
  3 1972 144  21504.90  20.0  30.2   2.0   .37  40.5
  3 1972 145  17499.97  20.4  30.5   2.0   .37    .0
  3 1972 146  15289.02  21.5  30.4   2.0   .37  34.9
  3 1972 147  15552.63  20.6  29.5   2.0   .37  39.9
  3 1972 148  16090.07  20.6  29.7   2.0   .37  22.4
  3 1972 149  15941.88  18.5  29.5   1.9   .37    .7
  3 1972 150  14289.03  19.5  28.5   2.0   .37  44.1
  3 1972 151  11545.72  19.4  28.1   2.0   .37    .0
  3 1972 152  14817.37  19.6  30.0   2.0   .37   1.6
  3 1972 153  14125.88  21.5  30.0   2.1   .37  47.8
  3 1972 154  16981.22  20.0  29.5   2.0   .33  26.3
  3 1972 155  11384.49  16.5  28.0   1.9   .33  63.9
  3 1972 156  10834.21  18.5  25.5   2.0   .33   7.2
  3 1972 157  13278.13  20.0  28.0   2.0   .33   8.5
  3 1972 158  12727.75  20.9  28.4   2.1   .33    .0
  3 1972 159  12585.98  19.0  28.7   2.1   .33  15.4
  3 1972 160  13395.18  20.4  29.7   2.0   .33  13.3
  3 1972 161  14068.01  19.0  28.6   1.9   .33   7.3
  3 1972 162  14876.07  18.5  29.8   2.0   .33  13.1
  3 1972 163  11616.71  20.0  29.2   2.0   .33  27.0
  3 1972 164  14864.87  19.9  29.1   2.0   .33  14.0
  3 1972 165  15401.67  19.0  30.9   2.0   .33  14.5
  3 1972 166  20677.10  19.1  30.4   2.0   .33    .0
  3 1972 167  19723.53  18.5  30.8   1.9   .33    .0
  3 1972 168  23506.74  19.0  32.9   2.0   .33    .0
  3 1972 169  21201.66  20.0  31.9   1.9   .33    .0
  3 1972 170  23496.36  20.0  32.0   2.0   .33    .0
  3 1972 171  11999.63  21.5  29.0   2.2   .33   1.9
  3 1972 172  13079.61  19.5  28.8   2.0   .33    .0
  3 1972 173  21594.38  18.9  30.4   1.9   .33    .0
  3 1972 174  17267.56  19.6  29.8   2.1   .33    .3
  3 1972 175  10643.80  21.0  26.7   1.9   .33  11.6
  3 1972 176  20916.40  18.9  30.5   1.8   .33    .8
  3 1972 177  10643.54  21.1  26.4   2.0   .33   4.6
  3 1972 178  14564.42  18.6  28.9   1.9   .33   8.2
  3 1972 179  13889.47  18.4  28.3   1.9   .33   1.7
  3 1972 180  15784.24  19.0  29.3   2.0   .33  12.8
  3 1972 181  14298.50  20.0  29.2   2.1   .33  37.7
  3 1972 182  21201.46  23.0  30.2   2.1   .38   8.9
  3 1972 183  16333.71  21.5  29.3   2.1   .38  60.9
  3 1972 184  13764.95  19.4  28.5   2.0   .38  45.7
  3 1972 185  10652.85  21.0  24.9   2.0   .38  29.9
  3 1972 186  12010.16  19.0  28.4   1.9   .38  13.1
  3 1972 187  14182.36  20.5  28.0   2.0   .38   9.5
  3 1972 188  10795.88  19.5  26.2   2.0   .38  16.6
  3 1972 189  14327.26  19.0  27.5   2.0   .38    .2
  3 1972 190  20985.86  19.5  29.6   1.9   .38    .2
  3 1972 191  12435.74  21.2  28.2   2.0   .38  28.6
  3 1972 192  10672.94  19.0  24.8   2.1   .38  16.8
  3 1972 193  12581.12  19.0  28.1   1.9   .38  16.7
  3 1972 194  15172.75  20.1  28.2   2.1   .38   9.6
  3 1972 195  18176.96  20.9  29.3   2.0   .38  29.4
  3 1972 196  12733.29  20.0  27.4   2.0   .38  15.3
  3 1972 197  20106.61  18.9  29.4   2.1   .38  31.7
  3 1972 198  13973.84  21.5  28.0   2.1   .38  24.5
  3 1972 199  14527.51  20.0  29.0   2.1   .38   7.1
  3 1972 200  21100.10  20.0  30.2   2.1   .38  14.3
  3 1972 201  14132.35  21.0  29.2   2.1   .38  20.3
  3 1972 202  14002.94  19.5  27.9   2.0   .38  14.1
  3 1972 203  18124.32  19.2  30.2   1.9   .38    .0
  3 1972 204  18684.71  19.3  29.5   1.9   .38   1.8
  3 1972 205  10866.29  19.0  27.4   2.0   .38   7.3
  3 1972 206  21183.93  19.5  30.2   2.0   .38   5.4
  3 1972 207  19684.51  22.4  30.2   2.1   .38   1.3
  3 1972 208  10743.08  20.0  25.6   2.0   .38   1.4
  3 1972 209  10747.76  20.0  25.8   2.0   .38  15.2
  3 1972 210  10890.42  20.2  26.5   2.1   .34  22.6
  3 1972 211  10756.96  20.5  24.7   2.0   .34  55.0
  3 1972 212  15878.35  19.9  29.4   1.9   .34  20.5
  3 1972 213  14226.57  18.5  28.5   2.2   .34   3.5
  3 1972 214  20746.67  19.6  29.7   2.2   .34    .2
  3 1972 215  16876.99  20.6  29.2   2.1   .34  16.0
  3 1972 216  14110.31  22.2  26.8   2.1   .34  38.1
  3 1972 217  20092.83  16.5  28.7   2.0   .34  16.3
  3 1972 218  16349.85  19.9  27.5   1.9   .34   6.4
  3 1972 219  19143.20  18.0  27.6   2.1   .34  37.5
  3 1972 220  23753.15  19.9  29.0   2.0   .34    .3
  3 1972 221  13167.40  20.0  28.4   1.9   .34  18.9
  3 1972 222  15406.31  19.2  27.6   2.0   .34  17.1
  3 1972 223  15692.65  17.4  29.4   1.8   .34   1.0
  3 1972 224  13881.26  20.0  28.2   2.0   .34   9.1
  3 1972 225  15285.96  20.1  27.4   2.0   .34   7.5
  3 1972 226  12489.72  20.6  26.7   2.0   .34   5.4
  3 1972 227  13053.65  16.6  27.7   1.8   .34   1.5
  3 1972 228  10811.60  18.9  27.2   1.8   .34  31.6
  3 1972 229  13902.31  18.4  28.5   1.8   .34    .0
  3 1972 230  15591.95  18.9  28.5   2.0   .34    .0
  3 1972 231  17283.66  20.1  29.7   2.0   .34    .0
  3 1972 232  14473.41  20.5  27.4   1.9   .34   5.5
  3 1972 233  12363.00  20.3  26.7   2.0   .34  23.4
  3 1972 234  10813.13  19.9  25.4   1.9   .34    .5
  3 1972 235  18568.34  20.0  28.8   2.0   .34   5.2
  3 1972 236  12221.82  19.5  26.7   1.9   .34   9.0
  3 1972 237  13350.32  19.2  27.2   1.9   .34  15.0
  3 1972 238  10948.10  20.1  25.3   1.9   .34  72.2
  3 1972 239  20273.24  19.9  29.4   1.9   .34    .0
  3 1972 240  17022.55  19.9  28.5   2.0   .34    .6
  3 1972 241  10797.87  20.0  27.4   1.9   .34    .1
  3 1972 242  15180.71  20.5  28.0   2.0   .34   8.2
  3 1972 243  19707.72  19.8  29.2   2.0   .34   6.7
  3 1972 244  12767.37  21.0  28.2   2.0   .34  61.3
  3 1972 245  19561.30  19.0  29.4   1.8   .33    .0
  3 1972 246  10915.79  20.5  29.4   2.1   .33  50.3
  3 1972 247  18136.22  19.0  29.6   2.0   .33   3.9
  3 1972 248  16146.66  18.5  29.3   2.0   .33  10.7
  3 1972 249  21667.71  19.5  30.9   2.0   .33    .0
  3 1972 250  23361.72  20.0  30.2   2.0   .33    .1
  3 1972 251  18534.63  19.0  30.0   1.8   .33    .0
  3 1972 252  10730.20  21.4  25.9   2.1   .33  32.5
  3 1972 253  10862.91  20.6  25.5   2.1   .33  21.2
  3 1972 254  12553.96  20.2  28.4   1.9   .33  22.0
  3 1972 255  15802.56  19.5  27.5   2.0   .33   1.5
  3 1972 256  19190.91  18.8  29.2   1.9   .33   5.1
  3 1972 257  13229.45  16.0  29.5   2.1   .33  21.7
  3 1972 258  11235.01  21.9  29.0   2.1   .33  35.4
  3 1972 259  13062.79  19.2  27.4   1.9   .33  22.9
  3 1972 260  10644.18  20.0  25.6   2.0   .33   4.2
  3 1972 261  19540.60  18.2  29.8   2.0   .33  13.6
  3 1972 262  24470.07  18.5  30.2   1.9   .33   6.5
  3 1972 263  22329.60  19.5  29.8   2.0   .33    .3
  3 1972 264  16095.84  19.6  29.3   2.0   .33   8.7
  3 1972 265  11844.29  20.9  29.0   2.0   .33   1.3
  3 1972 266  16622.36  20.5  29.8   2.0   .33  40.6
  3 1972 267  20970.27  19.5  29.5   1.9   .33  53.3
  3 1972 268  11653.04  21.0  26.7   2.0   .33  49.0
  3 1972 269  12620.09  18.5  29.2   2.0   .33    .1
  3 1972 270  13866.06  20.1  29.0   2.0   .33  18.3
  3 1972 271  11036.48  18.5  27.7   1.9   .33  33.7
  3 1972 272  13683.52  17.3  28.1   2.0   .33  38.5
  3 1972 273  11278.86  20.9  27.0   2.0   .24  30.6
  3 1972 274  13919.25  16.5  29.4   2.0   .24   4.0
  3 1972 275  20329.77  19.2  29.9   2.0   .24  13.9
  3 1972 276  16666.22  20.5  29.9   1.9   .24  41.2
  3 1972 277  19848.00  20.0  30.0   2.0   .24    .0
  3 1972 278  11174.58  21.0  27.1   2.0   .24    .0
  3 1972 279  10317.23  20.0  25.9   1.9   .24  12.4
  3 1972 280  15578.37  19.9  29.7   2.0   .24    .3
  3 1972 281  19714.31  19.0  31.0   1.9   .24    .0
  3 1972 282  22867.71  18.5  31.5   1.8   .24    .0
  3 1972 283  10229.20  20.0  25.2   1.8   .24  11.0
  3 1972 284  21680.05  18.5  30.0   1.9   .24  28.8
  3 1972 285  15980.44  20.0  30.0   2.0   .24   1.6
  3 1972 286  11813.54  20.6  27.3   1.9   .24   1.8
  3 1972 287  18667.25  18.0  29.0   1.8   .24    .7
  3 1972 288  20140.71  18.7  29.5   1.8   .24  15.6
  3 1972 289  17082.59  19.9  29.3   1.9   .24  40.7
  3 1972 290  18278.72  20.0  29.5   2.0   .24   2.8
  3 1972 291  14275.93  20.0  29.5   2.0   .24   1.4
  3 1972 292  17655.02  20.0  30.2   2.0   .24  66.0
  3 1972 293  11078.15  20.1  27.6   1.9   .24    .3
  3 1972 294   9963.15  20.0  24.6   2.0   .24  30.3
  3 1972 295   9937.71  19.1  24.0   1.9   .24   8.3
  3 1972 296  21291.96  17.2  29.4   1.8   .24    .8
  3 1972 297  17999.75  19.8  30.0   1.9   .24   5.8
  3 1972 298  12829.93  20.6  27.2   2.0   .24    .0
  3 1972 299  15627.33  19.0  28.2   1.9   .24    .7
  3 1972 300  17203.68  20.7  29.0   1.9   .24    .0
  3 1972 301  17700.15  20.5  30.1   2.0   .24  45.6
  3 1972 302  17122.98  20.0  30.0   2.0   .24  12.3
  3 1972 303  10399.25  20.0  25.4   2.0   .24  35.0
  3 1972 304  15841.41  17.0  28.2   1.6   .24    .1
  3 1972 305  16602.12  18.9  28.2   1.9   .24   9.1
  3 1972 306  16695.33  18.0  29.4   1.7   .24   7.9
  3 1972 307  19705.40  19.0  29.0   1.9   .24   9.3
  3 1972 308  16880.41  19.5  29.2   2.0   .37   5.9
  3 1972 309  19349.69  19.3  29.1   2.0   .37   3.4
  3 1972 310  18250.23  19.0  29.2   2.0   .37   5.3
  3 1972 311  19391.51  19.0  29.5   1.9   .37    .0
  3 1972 312  16327.25  19.0  29.5   1.9   .37  31.0
  3 1972 313   9475.66  20.0  25.1   1.9   .37  29.4
  3 1972 314   9843.35  21.0  27.2   2.0   .37  60.8
  3 1972 315  11253.80  20.0  27.5   2.0   .37   1.1
  3 1972 316  17738.67  19.5  29.7   1.9   .37  20.7
  3 1972 317  10938.86  21.4  27.8   2.1   .37   1.9
  3 1972 318  13377.61  20.8  28.5   2.0   .37  28.0
  3 1972 319  17490.86  20.0  29.7   2.0   .37  25.0
  3 1972 320  13575.06  20.0  28.7   2.0   .37   1.1
  3 1972 321  13931.82  20.8  28.8   2.1   .37    .9
  3 1972 322  20597.95  19.0  29.2   1.9   .37   1.2
  3 1972 323  21198.73  18.0  29.7   1.8   .37    .0
  3 1972 324  17563.49  18.0  30.0   1.7   .37    .0
  3 1972 325  14197.84  20.0  28.9   2.0   .37   4.1
  3 1972 326  15192.23  19.2  29.1   1.9   .37    .0
  3 1972 327  18098.91  19.0  28.5   1.8   .37    .1
  3 1972 328  13859.14  19.0  28.0   1.8   .37   6.8
  3 1972 329  19305.14  19.5  29.7   2.0   .37    .0
  3 1972 330  13807.86  20.0  28.7   1.8   .37    .0
  3 1972 331  12134.10  20.9  28.2   2.0   .37   5.6
  3 1972 332  14519.92  20.2  29.0   2.0   .37  21.2
  3 1972 333  15002.14  21.2  28.7   2.2   .37   2.5
  3 1972 334  18516.07  21.8  29.2   2.0   .37   6.5
  3 1972 335  10287.46  21.0  28.8   1.9   .37    .0
  3 1972 336  15438.46  17.6  29.7   2.1   .37   6.0
  3 1972 337  19822.78  16.5  29.5   1.9   .37   6.6
  3 1972 338  13762.72  20.0  29.3   2.0   .37   6.6
  3 1972 339  15629.42  18.0  28.2   1.9   .37   1.2
  3 1972 340  19249.96  16.5  29.4   1.6   .37   9.7
  3 1972 341  10329.53  19.5  27.2   2.0   .37  72.3
  3 1972 342   9817.37  18.4  27.5   2.0   .37  36.7
  3 1972 343  18066.89  19.7  29.5   1.7   .37    .2
  3 1972 344  14925.42  17.0  28.2   1.6   .37  11.1
  3 1972 345  15038.69  19.7  28.5   1.7   .37  10.7
  3 1972 346  14028.98  18.0  28.5   2.3   .37  12.0
  3 1972 347  10525.04  16.4  27.2   1.9   .37   3.2
  3 1972 348  14761.13  21.1  28.4   2.0   .37  16.6
  3 1972 349  14879.08  21.9  27.6   2.1   .37  11.2
  3 1972 350  12255.21  17.0  28.2   1.8   .37    .1
  3 1972 351  17736.20  18.5  29.8   1.8   .37  11.6
  3 1972 352   9257.79  19.0  25.7   2.0   .37    .8
  3 1972 353   9755.00  19.9  25.6   2.0   .37  27.6
  3 1972 354   8882.26  19.0  24.3   1.9   .37   8.5
  3 1972 355  11873.67  20.0  28.3   2.0   .37  26.2
  3 1972 356  14243.48  20.1  27.9   2.0   .37    .0
  3 1972 357  14246.67  17.4  29.8   2.1   .37 177.2
  3 1972 358   8888.92  17.5  23.7   1.8   .37 229.7
  3 1972 359  10264.84  17.5  26.6   1.9   .37  70.3
  3 1972 360  13639.54  16.2  27.7   1.6   .37    .1
  3 1972 361  21138.96  17.0  28.9   1.8   .37   2.6
  3 1972 362   8908.72  19.0  23.1   1.7   .37  37.9
  3 1972 363   8915.70  18.6  24.4   1.8   .37  31.3
  3 1972 364  10049.41  17.2  26.5   1.8   .37    .1
  3 1972 365  19323.79  16.7  28.2   1.6   .37    .0
  3 1972 366  14705.61  17.0  27.7   1.6   .37    .0
