*---------------------------------------------------------              
* Station name: Los Diamantes                                           
* Author: Atlantic Zone Project, AUW-MAG-CATIE, Costa Rica              
* Source: IMN, San Jose, Costa Rica                                     
*                                                                       
* Comments: Wind speed data still lacking                               
*           Check unit (and conversion factor)of VP, SR                 
*           Some solar radiation data missing                           
*                                                                       
* Longitude:  83  46 W, latitude:  10  13 N, altitude: 249 m.           
* Column  Daily value                                                   
*    1    station number                                                
*    2    year                                                          
*    3    month                                                         
*    4    day                                                           
*    5    julian date                                                   
*    6    irradiation            (1000 * MJ m-2 d-1)                    
*    7    minimum temperature    (degrees Celcius)                      
*    8    maximum temperature    (degrees Celcius)                      
*    9    vapor pressure at 0700 (mbar)                                 
*   10    vapor pressure at 1300 (mbar)                                 
*   11    vapor pressure at 1800 (mbar)                                 
*   12    mean wind speed        (kilometer per hour)                   
*   13    precipitation          (mm d-1)                               
*   14    sunshine hours         (hours)                                
* Missing value: -99                                                    
*---------------------------------------------------------              
*  data converted with WDC for CABO-format
*-------------------------------------------
  83.77  10.22   249.  .00  .00
  3 1985   1  14600.00  15.5  27.4   2.0   .42    .0
  3 1985   2  14845.81  17.3  27.8   2.1   .42    .0
  3 1985   3  16243.53  18.2  27.5   2.1   .42    .0
  3 1985   4   9200.00  18.0  26.7   2.2   .42  15.7
  3 1985   5  10500.00  19.2  23.0   2.3   .42  39.6
  3 1985   6   7500.00  17.4  21.5   2.0   .42  16.7
  3 1985   7  10900.00  19.2  24.8   2.2   .42   5.2
  3 1985   8  20300.00  19.0  27.0   2.3   .42    .0
  3 1985   9  20900.00  16.2  28.0   2.0   .42   1.1
  3 1985  10  16500.00  18.8  26.9   2.3   .42    .0
  3 1985  11  16500.00  16.8  27.6   1.9   .42    .0
  3 1985  12  18100.00  17.4  28.4   2.1   .42   1.3
  3 1985  13   9700.00  19.4  25.7   2.2   .42   2.1
  3 1985  14  11000.00  16.4  26.1   2.1   .42    .0
  3 1985  15  18600.00  16.7  28.0   2.1   .42    .2
  3 1985  16  16800.00  20.0  28.0   2.1   .42    .0
  3 1985  17  16100.00  16.0  27.2   2.0   .42    .0
  3 1985  18  18200.00  17.4  28.0   2.1   .42    .0
  3 1985  19  15700.00  16.4  28.4   1.9   .42    .0
  3 1985  20  10100.00  19.8  26.0   2.1   .42    .7
  3 1985  21  14400.00  17.2  28.5   2.1   .42    .0
  3 1985  22  16700.00  16.7  27.4   2.0   .42    .2
  3 1985  23  15300.00  18.3  27.2   2.3   .42   4.4
  3 1985  24  19000.00  18.3  28.0   2.2   .42    .0
  3 1985  25  18300.00  18.0  28.2   2.2   .42    .2
  3 1985  26  17200.00  17.6  28.0   2.0   .42    .0
  3 1985  27  18300.00  16.3  27.7   2.0   .42   3.5
  3 1985  28  10200.00  20.0  25.7   2.4   .44   3.6
  3 1985  29  17860.08  17.9  27.8   2.3   .44    .0
  3 1985  30  15800.75  15.5  27.4   1.9   .44   1.1
  3 1985  31  16600.00  19.4  28.3   2.3   .44    .0
  3 1985  32  12000.00  16.6  27.0   2.0   .44   2.6
  3 1985  33  21800.00  20.5  28.5   2.5   .44    .0
  3 1985  34  22800.00  16.0  29.0   2.0   .44  11.4
  3 1985  35  20700.00  18.0  27.5   2.2   .44   2.3
  3 1985  36  20000.00  17.0  28.5   2.2   .44    .0
  3 1985  37  19300.00  19.8  25.5   2.3   .44   3.0
  3 1985  38  17100.00  17.8  26.5   2.2   .44    .0
  3 1985  39  10200.00  21.0  27.5   2.5   .44  29.7
  3 1985  40  10700.00  20.6  26.0   2.4   .44  28.1
  3 1985  41  19900.00  19.5  27.3   2.2   .44    .0
  3 1985  42  18100.00  18.5  29.0   2.1   .44  22.2
  3 1985  43  12600.00  21.3  27.5   2.6   .44  40.6
  3 1985  44   8200.00  20.4  24.2   2.4   .44  79.1
  3 1985  45  22000.00  20.7  26.8   2.5   .44  14.3
  3 1985  46  16400.00  18.7  27.1   2.2   .44  28.5
  3 1985  47  14400.00  19.5  24.5   2.3   .44    .5
  3 1985  48  19700.00  18.8  26.1   2.3   .44    .0
  3 1985  49  15000.00  15.6  26.0   1.9   .44   3.0
  3 1985  50  25900.00  17.9  27.5   2.3   .44   1.5
  3 1985  51  23300.00  18.4  28.2   2.5   .44   8.8
  3 1985  52  22200.00  20.8  28.3   2.4   .44   2.5
  3 1985  53  13100.00  20.5  25.5   2.3   .44  13.7
  3 1985  54  12100.00  20.5  26.0   2.4   .44   9.9
  3 1985  55  19900.00  21.0  27.4   2.4   .44    .0
  3 1985  56  17600.00  18.0  27.0   2.2   .43   1.5
  3 1985  57  11500.00  18.0  27.4   2.1   .43   7.5
  3 1985  58  22900.00  17.4  28.0   2.2   .43    .0
  3 1985  59  24300.00  17.4  28.0   2.2   .43    .0
  3 1985  60  17000.00  16.7  27.4   2.0   .43   1.1
  3 1985  61  14100.00  17.5  27.0   2.3   .43  13.3
  3 1985  62  18000.00  20.8  26.5   2.3   .43    .5
  3 1985  63  24400.00  19.3  28.4   2.4   .43   2.4
  3 1985  64  22200.00  20.4  28.0   2.4   .43   5.3
  3 1985  65  19300.00  19.4  27.7   2.1   .43    .6
  3 1985  66  16800.00  17.8  27.6   2.3   .43   1.1
  3 1985  67  25700.00  17.0  28.2   2.1   .43    .0
  3 1985  68  16600.00  20.5  27.5   2.4   .43  29.3
  3 1985  69  15200.00  21.0  26.4   2.5   .43  11.7
  3 1985  70  15800.00  18.0  25.2   2.3   .43   1.0
  3 1985  71  24400.00  14.7  28.4   1.9   .43    .0
  3 1985  72  21500.00  16.3  28.8   2.0   .43    .8
  3 1985  73  21400.00  18.0  27.5   2.2   .43   6.8
  3 1985  74  14300.00  19.9  27.0   2.4   .43    .1
  3 1985  75  17900.00  16.8  28.2   2.2   .43    .0
  3 1985  76  19700.00  16.8  28.7   2.2   .43    .0
  3 1985  77  18400.00  17.4  28.5   2.2   .43    .2
  3 1985  78  23000.00  18.6  29.0   2.2   .43    .0
  3 1985  79  26200.00  17.3  29.5   2.1   .43    .0
  3 1985  80  20300.00  16.7  29.0   2.2   .43    .0
  3 1985  81  22400.00  18.2  29.0   2.4   .43    .0
  3 1985  82  24500.00  18.9  29.2   2.4   .43    .0
  3 1985  83  17800.00  17.7  28.7   2.3   .43    .0
  3 1985  84  21300.00  20.0  29.0   2.3   .43    .6
  3 1985  85  14700.00  20.0  28.1   2.4   .43   1.1
  3 1985  86  26600.00  17.5  29.6   2.0   .43   3.5
  3 1985  87  25700.00  15.5  29.5   2.0   .43    .0
  3 1985  88  25500.00  16.4  30.0   2.0   .43    .0
  3 1985  89  21000.00  16.7  29.8   2.2   .43    .0
  3 1985  90  16200.00  21.2  28.0   2.4   .43    .8
  3 1985  91  21100.00  19.4  29.5   2.3   .39    .0
  3 1985  92  20400.00  20.5  29.8   2.5   .39    .0
  3 1985  93  22300.00  16.7  30.0   2.1   .39    .0
  3 1985  94  25500.00  15.5  29.2   1.8   .39    .0
  3 1985  95  26200.00  15.6  29.2   1.8   .39    .0
  3 1985  96  14500.00  18.0  27.0   2.3   .39   2.3
  3 1985  97  20900.00  17.8  29.5   2.3   .39    .0
  3 1985  98  24400.00  17.4  30.0   2.2   .39  13.8
  3 1985  99  12100.00  20.5  27.2   2.6   .39  13.9
  3 1985 100  26200.00  16.2  29.0   2.2   .39    .0
  3 1985 101  20500.00  16.4  29.5   1.9   .39    .0
  3 1985 102  21900.00  20.5  29.0   2.5   .39    .9
  3 1985 103  15500.00  22.0  27.3   2.7   .39   7.7
  3 1985 104  22500.00  20.0  28.6   2.4   .39    .0
  3 1985 105  22100.00  17.2  28.9   2.2   .39    .0
  3 1985 106  14900.00  20.4  28.5   2.5   .39  54.2
  3 1985 107  12900.00  21.0  27.0   2.5   .39  14.1
  3 1985 108  22100.00  18.3  28.5   2.3   .39   3.0
  3 1985 109  21200.00  20.3  29.0   2.5   .39    .0
  3 1985 110  20600.00  19.2  29.1   2.1   .39    .2
  3 1985 111  21900.00  20.7  29.0   2.6   .39    .0
  3 1985 112  22100.00  17.4  30.0   2.3   .39    .0
  3 1985 113  26200.00  17.4  30.3   2.3   .39    .0
  3 1985 114  26000.00  17.0  29.9   2.3   .39    .0
  3 1985 115  20200.00  17.7  30.0   2.2   .39    .0
  3 1985 116  20300.00  18.0  30.5   2.3   .39    .0
  3 1985 117  22600.00  19.8  30.6   2.5   .39    .0
  3 1985 118  23600.00  19.5  30.5   2.4   .39    .0
  3 1985 119  25700.00  19.4  30.4   2.4   .37    .0
  3 1985 120  19000.00  17.8  29.8   2.2   .37   2.9
  3 1985 121  21900.00  17.8  29.5   2.5   .37    .0
  3 1985 122  24700.00  20.8  29.5   2.4   .37    .0
  3 1985 123  21900.00  18.8  30.5   2.5   .37    .0
  3 1985 124  22100.00  18.5  29.7   2.0   .37    .6
  3 1985 125  16900.00  20.0  30.4   2.2   .37    .0
  3 1985 126  20800.00  20.0  30.0   2.4   .37    .0
  3 1985 127  11600.00  21.0  29.0   2.5   .37   1.3
  3 1985 128   8900.00  21.8  27.4   2.6   .37   3.4
  3 1985 129  15600.00  20.0  29.0   2.6   .37    .7
  3 1985 130  13374.19  21.0  29.3   2.6   .37   4.1
  3 1985 131  18252.28  20.0  32.0   2.4   .37  14.2
  3 1985 132  14900.00  19.9  28.8   2.8   .37  10.7
  3 1985 133  13800.00  20.2  29.4   2.7   .37   5.2
  3 1985 134  15300.00  20.4  29.0   2.7   .37    .0
  3 1985 135  14200.00  20.0  29.5   2.6   .37   5.4
  3 1985 136  14800.00  19.6  28.9   2.7   .37   5.9
  3 1985 137  22800.00  18.4  30.8   2.5   .37    .0
  3 1985 138  22800.00  18.3  31.6   2.4   .37    .0
  3 1985 139  20700.00  18.4  31.5   2.3   .37  13.6
  3 1985 140  19918.56  22.0  30.0   2.7   .37   8.1
  3 1985 141  17830.94  22.3  29.0   2.8   .37   2.5
  3 1985 142  17540.96  20.8  29.0   2.8   .37   3.3
  3 1985 143  24000.00  19.9  30.5   2.5   .37   4.3
  3 1985 144  13500.00  21.5  29.0   2.6   .37    .0
  3 1985 145  16200.00  19.8  28.2   2.4   .37    .4
  3 1985 146  21900.00  21.0  30.5   2.6   .37    .0
  3 1985 147  20400.00  20.5  30.7   2.7   .37  15.1
  3 1985 148  16400.00  20.3  31.0   2.7   .37   3.6
  3 1985 149  15400.00  20.2  30.0   2.7   .37   8.2
  3 1985 150  16300.00  22.0  29.7   2.8   .37    .0
  3 1985 151  12500.00  22.0  30.0   2.7   .37  52.3
  3 1985 152   7900.00  21.9  26.8   2.8   .37   8.8
  3 1985 153  17000.00  20.5  29.5   2.6   .37  58.5
  3 1985 154  11600.00  21.5  27.8   2.7   .33  12.5
  3 1985 155  17800.00  21.3  27.7   2.7   .33   1.0
  3 1985 156   7300.00  22.0  25.3   2.7   .33  31.7
  3 1985 157  14100.00  20.6  28.3   2.6   .33   5.7
  3 1985 158  18000.00  20.7  29.2   2.7   .33    .0
  3 1985 159  18000.00  21.4  29.7   2.5   .33    .3
  3 1985 160  15500.00  20.7  28.5   2.6   .33   9.2
  3 1985 161   7800.00  22.4  28.5   2.7   .33   9.4
  3 1985 162  15700.00  22.5  29.3   2.8   .33   7.0
  3 1985 163  15600.00  20.3  29.5   2.5   .33   9.4
  3 1985 164  21300.00  19.5  30.2   2.7   .33  13.5
  3 1985 165  16800.00  22.0  29.4   2.6   .33    .0
  3 1985 166  18500.00  20.0  29.7   2.5   .33    .0
  3 1985 167  11800.00  19.6  28.0   2.5   .33    .6
  3 1985 168  11500.00  21.7  28.4   2.8   .33  51.2
  3 1985 169  12200.00  21.9  28.2   2.7   .33    .0
  3 1985 170  18900.00  20.5  29.2   2.8   .33 130.0
  3 1985 171   1800.00  22.4  27.0   2.8   .33 115.7
  3 1985 172  13100.00  22.1  28.0   2.9   .33   6.3
  3 1985 173   8000.00  20.4  28.5   2.6   .33  12.5
  3 1985 174  10500.00  20.4  28.7   2.5   .33  11.0
  3 1985 175   8100.00  21.6  27.0   2.7   .33  27.3
  3 1985 176  12400.00  21.4  27.8   2.7   .33   5.9
  3 1985 177  15400.00  21.4  28.7   2.8   .33   5.3
  3 1985 178  14100.00  21.5  29.0   2.7   .33   1.0
  3 1985 179  20600.00  21.5  29.2   2.7   .33  72.1
  3 1985 180   6800.00  22.0  26.8   2.7   .33  17.6
  3 1985 181  16000.00  20.5  27.5   2.7   .33   5.2
  3 1985 182  12700.00  22.4  27.0   2.7   .38  29.6
  3 1985 183  23000.00  19.0  29.5   2.6   .38    .0
  3 1985 184  17100.00  20.5  29.4   2.7   .38   2.2
  3 1985 185   5100.00  21.5  25.0   2.6   .38  17.7
  3 1985 186  16900.00  20.2  29.2   2.6   .38    .0
  3 1985 187   9700.00  21.5  25.7   2.7   .38   3.8
  3 1985 188  20800.00  21.5  29.8   2.7   .38  15.5
  3 1985 189   7800.00  20.4  26.2   2.3   .38  12.3
  3 1985 190  14700.00  18.5  27.6   2.1   .38   1.5
  3 1985 191  13600.00  19.0  28.4   2.4   .38  21.2
  3 1985 192  23500.00  21.5  29.2   2.7   .38    .0
  3 1985 193  20300.00  20.8  29.8   2.5   .38    .0
  3 1985 194  11400.00  21.0  29.3   2.7   .38   1.7
  3 1985 195  11000.00  21.5  27.0   2.7   .38    .9
  3 1985 196  10200.00  19.6  26.2   2.6   .38   4.2
  3 1985 197  21200.00  18.5  29.5   2.3   .38  10.0
  3 1985 198  15900.00  21.0  29.3   2.7   .38   6.9
  3 1985 199  15700.00  19.9  28.0   2.7   .38   9.7
  3 1985 200   6500.00  21.8  24.8   2.6   .38    .6
  3 1985 201   9200.00  19.8  26.8   2.4   .38   7.3
  3 1985 202  12900.00  20.0  27.7   2.4   .38    .0
  3 1985 203  14100.00  19.4  28.3   2.4   .38    .0
  3 1985 204  20200.00  19.4  30.3   2.5   .38   5.1
  3 1985 205  10800.00  21.6  26.8   2.6   .38  22.7
  3 1985 206  10900.00  21.0  27.0   2.5   .38   6.8
  3 1985 207  18800.00  20.9  29.5   2.7   .38    .5
  3 1985 208  22800.00  19.5  28.7   2.5   .38  23.3
  3 1985 209  13900.00  21.0  27.5   2.5   .38  33.0
  3 1985 210  10500.00  20.5  27.2   2.7   .34   4.3
  3 1985 211  10200.00  20.5  26.6   2.6   .34   2.7
  3 1985 212  20300.00  19.6  29.4   2.5   .34  39.3
  3 1985 213  13400.00  20.2  28.6   2.4   .34   2.5
  3 1985 214   8700.00  20.0  27.0   2.7   .34  85.4
  3 1985 215   9700.00  20.0  25.8   2.5   .34    .0
  3 1985 216  16300.00  20.0  27.2   2.6   .34    .0
  3 1985 217  17600.00  20.1  29.9   2.5   .34  20.3
  3 1985 218   3500.00  20.7  26.0   2.7   .34 144.2
  3 1985 219  13100.00  19.5  27.7   2.4   .34    .0
  3 1985 220  19200.00  19.0  28.6   2.5   .34   6.6
  3 1985 221  11600.00  21.3  26.8   2.6   .34   4.3
  3 1985 222   8900.00  20.7  26.9   2.7   .34  40.0
  3 1985 223  19800.00  19.4  29.2   2.7   .34    .0
  3 1985 224  19900.00  19.0  29.4   2.5   .34   1.0
  3 1985 225  13800.00  19.9  27.9   2.5   .34  22.9
  3 1985 226  22600.00  22.0  29.3   2.7   .34   2.4
  3 1985 227  13900.00  21.8  28.0   2.6   .34   5.3
  3 1985 228   6600.00  20.3  26.3   2.6   .34    .7
  3 1985 229   6600.00  20.3  24.9   2.6   .34  30.7
  3 1985 230   9300.00  20.5  24.0   2.5   .34  24.4
  3 1985 231   7500.00  19.9  24.8   2.5   .34    .5
  3 1985 232  17900.00  19.9  29.0   2.5   .34  36.2
  3 1985 233  15900.00  21.0  28.8   2.6   .34   1.0
  3 1985 234  16700.00  21.9  29.0   2.7   .34  21.2
  3 1985 235  14700.00  21.1  28.0   2.6   .34   1.0
  3 1985 236  14500.00  19.5  29.9   2.4   .34  10.3
  3 1985 237  17900.00  20.1  29.9   2.6   .34  17.6
  3 1985 238  19800.00  19.7  29.0   2.7   .34   1.8
  3 1985 239  18300.00  19.5  29.5   2.6   .34    .8
  3 1985 240  10400.00  20.9  26.9   2.6   .34   1.1
  3 1985 241  20200.00  19.2  29.9   2.3   .34    .0
  3 1985 242  13300.00  23.0  28.0   2.9   .34    .5
  3 1985 243  21000.00  20.7  29.1   2.7   .34  56.4
  3 1985 244  15000.00  21.5  28.0   2.5   .34   1.7
  3 1985 245  20100.00  20.3  30.0   2.7   .33   7.3
  3 1985 246  12500.00  21.8  28.3   2.9   .33   4.2
  3 1985 247  21900.00  20.7  30.0   2.5   .33    .5
  3 1985 248  12100.00  22.0  27.3   2.7   .33  14.8
  3 1985 249  10754.31  22.0  22.8   2.6   .33  52.9
  3 1985 250  14300.00  18.4  27.9   2.4   .33   3.1
  3 1985 251  14100.00  20.2  28.4   2.4   .33  79.7
  3 1985 252  13700.00  19.5  26.5   2.5   .33   8.0
  3 1985 253  18900.00  20.5  27.7   2.8   .33    .0
  3 1985 254  22500.00  18.8  30.0   2.4   .33    .0
  3 1985 255  13600.00  19.7  29.0   2.5   .33   8.9
  3 1985 256  16400.00  19.9  28.5   2.6   .33   2.5
  3 1985 257  23100.00  19.6  30.1   2.8   .33    .0
  3 1985 258  20400.00  19.5  30.2   2.5   .33    .0
  3 1985 259  12100.00  20.0  30.0   2.5   .33  16.0
  3 1985 260  23800.00  20.7  30.5   2.5   .33    .0
  3 1985 261  18000.00  21.4  30.0   2.7   .33    .0
  3 1985 262  22400.00  20.5  31.2   2.6   .33  27.4
  3 1985 263  19800.00  21.4  28.0   2.9   .33    .0
  3 1985 264  20000.00  20.0  29.7   2.4   .33    .5
  3 1985 265  14300.00  21.0  29.7   2.7   .33  46.4
  3 1985 266  16500.00  20.2  29.4   2.7   .33  13.1
  3 1985 267  22500.00  21.2  30.3   2.8   .33    .0
  3 1985 268  22000.00  19.0  31.4   2.3   .33    .0
  3 1985 269  21200.00  20.0  31.2   2.5   .33    .0
  3 1985 270  23300.00  18.2  31.2   2.5   .33   2.1
  3 1985 271  20200.00  18.3  31.2   2.7   .33    .0
  3 1985 272  17300.00  19.0  29.5   2.5   .33    .0
  3 1985 273  13400.00  19.9  28.9   2.6   .24    .6
  3 1985 274  15000.00  21.7  30.6   2.7   .24   7.6
  3 1985 275  16900.00  19.9  28.8   2.7   .24    .0
  3 1985 276  16400.00  20.5  30.0   2.6   .24   7.7
  3 1985 277   7200.00  20.5  27.7   2.7   .24  52.2
  3 1985 278   4300.00  20.5  25.0   2.6   .24   1.0
  3 1985 279  14200.00  20.8  29.7   2.6   .24  10.5
  3 1985 280  18500.00  19.0  29.8   2.6   .24  16.3
  3 1985 281  22000.00  21.7  30.5   2.8   .24    .0
  3 1985 282  21300.00  18.9  30.0   2.5   .24    .0
  3 1985 283  10800.00  21.0  27.2   2.6   .24   1.9
  3 1985 284  12500.00  21.0  28.5   2.9   .24    .0
  3 1985 285   7900.00  22.0  27.3   2.7   .24  13.8
  3 1985 286  13200.00  18.2  25.8   2.5   .24    .0
  3 1985 287  11000.00  19.3  28.0   2.5   .24  70.9
  3 1985 288  15300.00  19.2  28.7   2.6   .24   9.3
  3 1985 289  13400.00  19.6  27.5   2.6   .24  20.3
  3 1985 290  11700.00  20.8  26.7   2.7   .24    .7
  3 1985 291  13700.00  19.9  28.5   2.8   .24  25.4
  3 1985 292  14600.00  19.5  28.0   2.7   .24  10.7
  3 1985 293  14600.00  20.0  28.4   2.5   .24   2.1
  3 1985 294  14900.00  19.0  28.2   2.5   .24  18.5
  3 1985 295  16700.00  18.0  29.8   2.5   .24    .7
  3 1985 296  17800.00  18.5  31.0   2.6   .24  21.7
  3 1985 297  19600.00  18.7  30.0   2.6   .24  13.3
  3 1985 298  17283.35  19.5  29.5   2.6   .24    .5
  3 1985 299  16300.00  19.9  29.7   2.7   .24  42.0
  3 1985 300  14400.00  21.0  29.0   2.8   .24    .0
  3 1985 301  19200.00  19.5  30.0   2.4   .24    .0
  3 1985 302  15300.00  19.9  28.6   2.5   .24    .1
  3 1985 303   9700.00  21.4  28.3   2.7   .24   9.4
  3 1985 304   9800.00  20.7  27.0   2.5   .24   2.4
  3 1985 305  15100.00  20.0  28.8   2.5   .24    .0
  3 1985 306  15700.00  21.5  29.6   2.7   .24    .0
  3 1985 307  13700.00  19.5  29.8   2.5   .24  18.2
  3 1985 308  15500.00  21.0  29.4   2.7   .37  68.3
  3 1985 309   2400.00  20.7  23.3   2.4   .37  61.1
  3 1985 310   8000.00  20.4  22.0   2.4   .37  86.9
  3 1985 311  10445.95  20.6  26.2   2.6   .37    .9
  3 1985 312   8500.00  20.4  25.8   2.6   .37   1.8
  3 1985 313  17600.00  21.3  29.0   2.7   .37   4.7
  3 1985 314  17400.00  20.5  29.4   2.6   .37  12.0
  3 1985 315  19500.00  19.9  28.6   2.6   .37    .0
  3 1985 316  15100.00  18.3  28.5   2.3   .37   7.8
  3 1985 317  15500.00  18.8  27.0   2.4   .37   3.0
  3 1985 318  11600.00  21.7  27.4   2.7   .37   6.1
  3 1985 319  15200.00  20.3  28.5   2.7   .37   5.3
  3 1985 320  13500.00  19.7  27.5   2.5   .37    .0
  3 1985 321  16300.00  18.4  28.7   2.5   .37  11.1
  3 1985 322  10000.00  19.8  27.7   2.3   .37   3.8
  3 1985 323  16300.00  18.0  30.1   2.0   .37    .0
  3 1985 324  13400.00  20.2  29.4   2.4   .37  14.7
  3 1985 325  12500.00  19.0  28.2   2.5   .37   8.9
  3 1985 326  10800.00  18.7  27.5   2.4   .37  17.4
  3 1985 327   9700.00  20.5  26.0   2.5   .37   7.5
  3 1985 328  18700.00  19.7  28.6   2.4   .37    .0
  3 1985 329  15500.00  18.0  27.5   2.3   .37    .1
  3 1985 330  18000.00  19.7  29.0   2.4   .37    .0
  3 1985 331  16500.00  17.7  28.4   2.2   .37    .0
  3 1985 332  13900.00  18.2  28.7   2.4   .37    .0
  3 1985 333  14900.00  18.4  28.4   2.5   .37   6.5
  3 1985 334  10900.00  20.6  28.1   2.7   .37    .0
  3 1985 335   6200.00  19.7  25.5   2.5   .37  35.9
  3 1985 336  10500.00  20.6  26.5   2.5   .37   5.7
  3 1985 337  12300.00  19.4  28.0   2.4   .37  31.7
  3 1985 338   7900.00  21.6  26.2   2.7   .37  16.0
  3 1985 339   7800.00  21.0  26.5   2.6   .37    .0
  3 1985 340   4400.00  20.0  25.0   2.4   .37  10.5
  3 1985 341  14000.00  19.6  28.0   2.4   .37    .2
  3 1985 342  14300.00  20.0  28.4   2.4   .37  31.1
  3 1985 343   3900.00  21.7  24.5   2.6   .37  46.1
  3 1985 344  11500.00  21.0  26.0   2.5   .37    .0
  3 1985 345  17000.00  19.9  28.2   2.4   .37   2.7
  3 1985 346  11400.00  19.4  27.3   2.4   .37    .0
  3 1985 347  17100.00  20.4  28.6   2.4   .37   8.0
  3 1985 348  14400.00  20.5  27.0   2.5   .37   2.4
  3 1985 349  14300.00  19.5  27.6   2.3   .37   1.0
  3 1985 350  18000.00  20.5  28.0   2.3   .37    .0
  3 1985 351  17400.00  19.0  28.0   2.1   .37    .0
  3 1985 352  18800.00  17.1  28.0   2.2   .37    .8
  3 1985 353  17800.00  18.8  28.0   2.1   .37    .0
  3 1985 354  14800.00  20.1  28.0   2.4   .37  10.4
  3 1985 355  15000.00  18.2  28.0   2.4   .37   5.0
  3 1985 356  15700.00  19.3  27.8   2.4   .37    .9
  3 1985 357  17800.00  17.7  28.2   2.2   .37    .0
  3 1985 358  17800.00  18.7  28.8   2.0   .37   5.2
  3 1985 359  18800.00  21.0  28.3   2.3   .37    .0
  3 1985 360  11400.00  19.7  26.2   2.3   .37   9.6
  3 1985 361  13100.00  17.5  26.5   2.4   .37   3.4
  3 1985 362  15700.00  17.6  26.7   2.3   .37   1.4
  3 1985 363  17600.00  18.0  28.2   2.3   .37    .0
  3 1985 364  14800.00  15.5  26.7   2.0   .37    .0
  3 1985 365  20300.00  15.9  27.5   1.9   .37    .0
