*---------------------------------------------------------              
* Station name: Los Diamantes                                           
* Author: Atlantic Zone Project, AUW-MAG-CATIE, Costa Rica              
* Source: IMN, San Jose, Costa Rica                                     
*                                                                       
* Comments: Wind speed data still lacking                               
*           SR data missing                                             
*           Check unit (and conversion factor)of VP, SR                 
*                                                                       
* Longitude:  83  46 W, latitude:  10  13 N, altitude: 249 m.           
* Column  Daily value                                                   
*    1    station number                                                
*    2    year                                                          
*    3    month                                                         
*    4    day                                                           
*    5    julian date                                                   
*    6    irradiation            (MJ m-2 d-1)                           
*    7    minimum temperature    (degrees Celcius)                      
*    8    maximum temperature    (degrees Celcius)                      
*    9    vapor pressure at 0700 (mbar)                                 
*   10    vapor pressure at 1300 (mbar)                                 
*   11    vapor pressure at 1800 (mbar)                                 
*   12    mean wind speed        (kilometer per hour)                   
*   13    precipitation          (mm d-1)                               
*   14    sunshine hours         (hours)                                
* Missing value: -99                                                    
*---------------------------------------------------------              
*  data converted with WDC for CABO-format
*-------------------------------------------
  83.77  10.22   249.  .00  .00
  3 1989   1  12574.75  19.5  27.3   2.6   .42    .8
  3 1989   2  13591.61  20.4  28.2   2.6   .42  16.7
  3 1989   3  12100.57  20.2  26.9   2.4   .42   4.4
  3 1989   4   8973.61  19.5  23.7   2.5   .42  18.6
  3 1989   5  18548.17  20.0  27.3   2.4   .42   3.9
  3 1989   6  10888.64  20.5  26.1   2.3   .42   1.3
  3 1989   7  11157.09  19.0  26.5   2.3   .42    .9
  3 1989   8  17109.98  19.7  27.7   2.1   .42   6.5
  3 1989   9  20297.75  19.5  27.9   2.3   .42   1.9
  3 1989  10  19696.44  20.0  27.8   2.2   .42   1.3
  3 1989  11  20870.14  19.3  28.4   2.3   .42   6.2
  3 1989  12  17094.79  19.0  27.3   2.3   .42   4.0
  3 1989  13  16616.39  18.5  28.0   2.2   .42    .2
  3 1989  14  14735.67  20.8  28.0   2.4   .42   6.7
  3 1989  15  12849.53  20.0  27.0   2.4   .42  28.4
  3 1989  16  11469.10  21.2  25.5   2.5   .42  20.5
  3 1989  17  14823.54  18.0  27.0   2.3   .42   2.8
  3 1989  18  17035.78  19.5  27.4   2.4   .42   4.5
  3 1989  19  16300.14  19.2  27.9   2.4   .42   2.8
  3 1989  20  15691.22  20.3  28.4   2.2   .42    .0
  3 1989  21  15338.66  17.8  28.1   2.0   .42    .3
  3 1989  22  20156.75  20.0  28.7   2.4   .42    .0
  3 1989  23  12558.38  20.7  26.8   2.5   .42    .2
  3 1989  24  17261.21  18.0  27.5   2.2   .42   1.0
  3 1989  25  18731.88  18.5  28.2   2.1   .42    .6
  3 1989  26  18123.74  16.0  27.5   1.9   .42    .0
  3 1989  27  14379.19  17.5  27.8   2.2   .42    .1
  3 1989  28  13367.63  17.6  27.6   2.1   .44    .2
  3 1989  29  13663.52  19.6  27.8   2.0   .44    .3
  3 1989  30  15012.23  18.2  28.2   2.2   .44    .0
  3 1989  31  15576.66  16.5  28.1   1.9   .44    .0
  3 1989  32  16011.68  18.5  28.6   2.2   .44    .0
  3 1989  33  17506.78  16.0  28.5   1.9   .44    .4
  3 1989  34  15694.76  17.2  27.8   2.0   .44    .0
  3 1989  35  14937.64  17.0  27.2   1.9   .44    .2
  3 1989  36  19102.50  16.0  28.4   1.8   .44    .2
  3 1989  37  12079.67  16.5  27.5   2.1   .44   1.3
  3 1989  38  22138.36  17.0  31.4   2.1   .44   7.5
  3 1989  39  10938.67  20.6  31.5   2.4   .44  31.1
  3 1989  40  21440.47  20.2  27.9   2.3   .44    .0
  3 1989  41  12074.83  16.0  26.7   1.9   .44   2.5
  3 1989  42  19522.30  17.9  27.9   2.3   .44   1.5
  3 1989  43  12949.89  18.5  27.0   2.1   .44    .0
  3 1989  44  21377.63  16.5  28.0   1.9   .44   1.3
  3 1989  45  15323.80  19.0  27.0   2.0   .44   1.5
  3 1989  46  18896.64  19.0  27.0   2.2   .44    .1
  3 1989  47  14855.52  18.5  27.5   2.0   .44    .0
  3 1989  48  19942.47  16.5  28.0   2.0   .44    .0
  3 1989  49  22861.02  16.0  28.6   1.9   .44    .0
  3 1989  50  18802.23  17.0  28.2   2.0   .44    .0
  3 1989  51  17198.35  19.5  27.9   2.3   .44    .0
  3 1989  52  13937.28  18.5  27.8   2.3   .44    .0
  3 1989  53  16726.83  18.3  28.5   2.1   .44  10.0
  3 1989  54  10138.46  18.6  24.7   2.2   .44  67.9
  3 1989  55  10164.35  18.3  20.5   1.8   .44  55.1
  3 1989  56  10189.99  18.0  21.5   2.3   .43  23.5
  3 1989  57  10215.37  16.6  20.2   1.9   .43  42.0
  3 1989  58  10240.47  18.5  23.6   2.3   .43   5.4
  3 1989  59  16253.05  20.5  28.0   2.6   .43    .0
  3 1989  60  17124.06  19.7  28.6   2.5   .43    .0
  3 1989  61  10453.62  19.6  26.2   2.5   .43   5.1
  3 1989  62  11596.93  21.6  26.0   2.5   .43   6.2
  3 1989  63  22131.16  21.4  28.4   2.6   .43   3.4
  3 1989  64  23013.25  18.0  29.4   2.0   .43    .0
  3 1989  65  19400.23  17.0  28.0   2.1   .43    .0
  3 1989  66  12399.28  20.5  29.0   2.4   .43  49.2
  3 1989  67  10451.24  19.2  28.8   2.2   .43  57.3
  3 1989  68  10472.72  18.0  28.4   2.0   .43  50.1
  3 1989  69  10493.78  17.0  21.4   1.7   .43   9.9
  3 1989  70  10514.40  17.8  22.0   2.0   .43   5.9
  3 1989  71  10534.56  17.5  22.9   1.9   .43   1.0
  3 1989  72  13814.00  18.4  24.9   2.0   .43    .0
  3 1989  73  18802.20  17.0  29.2   1.8   .43    .0
  3 1989  74  17692.95  17.8  28.4   2.2   .43    .0
  3 1989  75  22266.56  16.5  28.4   2.2   .43    .0
  3 1989  76  20587.40  16.8  28.4   2.1   .43    .0
  3 1989  77  22036.92  16.2  28.4   1.8   .43  16.5
  3 1989  78  23630.19  17.5  28.4   2.0   .43    .0
  3 1989  79  20518.61  18.0  28.4   2.2   .43    .6
  3 1989  80  22538.98  16.8  28.4   2.1   .43    .5
  3 1989  81  20134.17  18.0  28.4   2.1   .43    .0
  3 1989  82  19868.61  17.5  28.4   2.1   .43    .0
  3 1989  83  25034.11  16.5  28.4   2.0   .43    .0
  3 1989  84  22623.20  16.4  28.4   2.0   .43    .0
  3 1989  85  15630.12  19.5  28.4   2.3   .43   1.5
  3 1989  86  24233.11  17.2  28.4   2.2   .43    .5
  3 1989  87  15371.79  18.5  28.4   2.3   .43    .0
  3 1989  88  18965.34  17.5  28.4   2.3   .43    .0
  3 1989  89  21986.74  19.7  28.4   2.5   .43    .0
  3 1989  90  20136.41  17.7  28.9   2.1   .43    .0
  3 1989  91  22727.11  17.5  29.3   2.0   .39    .0
  3 1989  92  16001.29  16.5  28.8   2.2   .39    .0
  3 1989  93  13860.35  19.5  28.2   2.2   .39    .0
  3 1989  94  21751.55  17.0  29.5   2.1   .39    .0
  3 1989  95  11439.70  20.0  29.5   2.3   .39  21.9
  3 1989  96  13453.09  20.7  29.4   2.5   .39  34.2
  3 1989  97  12169.84  21.3  27.0   2.6   .39  36.7
  3 1989  98  15757.10  21.4  28.7   2.5   .39  16.2
  3 1989  99  12610.72  20.5  26.4   2.6   .39   3.4
  3 1989 100  22208.40  20.7  28.0   2.6   .39    .2
  3 1989 101  11044.97  18.3  26.6   2.2   .39  14.1
  3 1989 102  13624.48  20.5  27.6   2.5   .39  27.9
  3 1989 103  17774.62  17.5  28.6   2.4   .39  38.2
  3 1989 104  15773.28  21.5  27.5   2.7   .39   4.6
  3 1989 105  13773.16  18.5  28.5   2.3   .39  12.7
  3 1989 106  11774.52  21.5  27.5   2.5   .39   5.9
  3 1989 107  16200.38  18.2  27.8   2.5   .39  18.0
  3 1989 108  12204.50  22.0  26.4   2.6   .39   7.8
  3 1989 109  21327.78  18.5  28.5   2.5   .39   1.1
  3 1989 110  14910.74  18.5  28.0   2.5   .39  10.9
  3 1989 111  17897.32  18.6  28.6   2.2   .39   2.5
  3 1989 112  16327.02  20.5  27.8   2.4   .39   2.0
  3 1989 113  19164.76  18.5  28.5   2.4   .39    .9
  3 1989 114  15748.41  18.0  28.1   2.7   .39  26.0
  3 1989 115  10918.11  22.0  27.2   2.7   .39   3.9
  3 1989 116  11625.09  22.4  27.0   2.7   .39  23.5
  3 1989 117  19696.50  21.7  29.0   2.7   .39    .0
  3 1989 118  25488.38  18.5  29.5   2.2   .39    .0
  3 1989 119  22502.51  18.5  29.2   2.2   .37    .0
  3 1989 120  19380.47  21.0  28.8   2.5   .37   5.0
  3 1989 121  19086.35  20.7  30.5   2.6   .37    .0
  3 1989 122  15972.83  19.5  28.5   2.3   .37   3.0
  3 1989 123  11175.23  20.7  27.0   2.5   .37    .0
  3 1989 124  16235.26  19.5  28.8   2.4   .37    .0
  3 1989 125  11025.10  19.0  27.2   2.4   .37    .0
  3 1989 126  22251.14  19.0  29.5   2.3   .37    .0
  3 1989 127  22654.50  19.5  29.9   2.3   .37   7.3
  3 1989 128  25157.90  18.0  29.3   2.4   .37    .0
  3 1989 129  21358.63  19.4  30.0   2.4   .37    .0
  3 1989 130  23298.23  18.7  30.6   2.4   .37    .0
  3 1989 131  17135.32  22.0  31.0   2.5   .37   9.6
  3 1989 132  16285.58  21.5  30.3   2.7   .37    .8
  3 1989 133  10979.73  22.3  29.0   2.8   .37   1.4
  3 1989 134  13478.11  21.0  29.4   2.8   .37   6.9
  3 1989 135  22642.58  20.5  31.0   2.5   .37    .0
  3 1989 136  22067.64  20.5  30.4   2.5   .37    .0
  3 1989 137  21771.29  21.0  30.5   2.5   .37   8.9
  3 1989 138  13163.68  23.0  28.0   2.9   .37  12.6
  3 1989 139  16890.78  20.0  30.3   2.5   .37   2.0
  3 1989 140  15357.05  20.5  28.6   2.8   .37  25.1
  3 1989 141  13550.53  22.0  28.0   2.7   .37  32.8
  3 1989 142  14368.58  22.5  28.5   2.5   .37  16.9
  3 1989 143  11878.13  22.0  29.5   3.0   .37   1.5
  3 1989 144  10906.98  22.1  27.5   2.7   .37  41.2
  3 1989 145  15987.80  20.4  28.7   2.6   .37  44.0
  3 1989 146  11717.97  19.3  27.2   2.4   .37   4.0
  3 1989 147  10750.11  21.5  26.9   2.6   .37  35.2
  3 1989 148  13074.39  19.7  27.5   2.5   .37   3.6
  3 1989 149  14298.66  20.3  28.0   2.4   .37  35.6
  3 1989 150  12920.99  20.4  28.5   2.5   .37  10.0
  3 1989 151  17014.41  20.0  28.4   2.5   .37   3.3
  3 1989 152  10719.94  22.2  26.2   2.7   .37  23.1
  3 1989 153  10850.77  20.7  25.9   2.5   .37  10.3
  3 1989 154  10708.80  22.5  25.5   2.7   .33  26.5
  3 1989 155  16835.05  21.0  30.0   3.6   .33    .0
  3 1989 156  10698.34  21.5  26.1   2.7   .33   4.9
  3 1989 157  11509.72  21.5  29.0   2.6   .33   3.1
  3 1989 158  16127.10  20.5  28.8   2.6   .33  15.0
  3 1989 159  15167.87  20.0  28.5   2.5   .33  11.1
  3 1989 160  10679.72  20.8  29.5   2.6   .33   3.3
  3 1989 161  10675.60  21.7  28.5   2.7   .33  79.5
  3 1989 162  10942.97  22.0  27.5   2.9   .33  23.5
  3 1989 163  17039.67  21.5  30.2   2.8   .33    .8
  3 1989 164  10664.63  22.2  28.0   2.7   .33  49.4
  3 1989 165  14860.23  21.8  29.8   2.7   .33   1.3
  3 1989 166  10658.53  21.7  28.2   2.7   .33    .3
  3 1989 167  11061.90  21.4  28.2   2.7   .33  36.1
  3 1989 168  11465.27  21.5  26.2   2.6   .33   3.4
  3 1989 169  11192.38  21.4  26.5   2.8   .33  22.2
  3 1989 170  11055.14  21.5  28.6   2.5   .33  34.0
  3 1989 171  11864.72  20.4  26.0   2.7   .33    .0
  3 1989 172  11187.25  21.8  28.0   2.7   .33  13.4
  3 1989 173  10645.42  22.2  27.0   2.7   .33   6.6
  3 1989 174  10644.62  20.0  28.0   2.5   .33  28.2
  3 1989 175  11184.76  21.2  29.0   2.4   .33   8.7
  3 1989 176  11860.36  20.0  26.0   3.0   .33  35.0
  3 1989 177  16862.11  19.5  29.4   2.5   .33   5.5
  3 1989 178  18755.79  20.2  30.5   2.6   .33    .0
  3 1989 179  18487.11  20.9  30.4   2.5   .33    .0
  3 1989 180  15784.58  19.9  29.5   2.7   .33  16.9
  3 1989 181  11728.66  21.5  29.0   2.5   .33   5.1
  3 1989 182  12933.00  20.5  29.8   2.7   .38    .0
  3 1989 183  12933.00  20.4  27.5   2.5   .38  19.5
  3 1989 184  12933.00  18.4  28.6   2.3   .38    .0
  3 1989 185  12933.00  20.6  28.2   2.7   .38   5.7
  3 1989 186  12933.00  22.0  25.4   2.6   .38   4.4
  3 1989 187  12933.00  21.3  24.9   2.6   .38  25.3
  3 1989 188  12933.00  20.5  23.9   2.5   .38  38.3
  3 1989 189  12933.00  19.0  26.0   2.1   .38   7.9
  3 1989 190  12933.00  18.5  29.5   2.1   .38  33.4
  3 1989 191  12933.00  20.5  29.5   2.5   .38    .0
  3 1989 192  12933.00  19.5  29.3   2.7   .38  26.8
  3 1989 193  12933.00  20.0  27.0   2.5   .38  17.1
  3 1989 194  12933.00  21.0  29.0   2.5   .38  14.1
  3 1989 195  12933.00  20.5  29.5   2.6   .38  19.4
  3 1989 196  12933.00  21.0  28.0   2.9   .38  25.3
  3 1989 197  12933.00  24.0  28.6   3.1   .38   4.9
  3 1989 198  12933.00  22.3  27.2   2.7   .38  25.4
  3 1989 199  12933.00  22.0  26.0   2.6   .38  11.9
  3 1989 200  12933.00  22.3  24.5   2.7   .38  24.1
  3 1989 201  12933.00  21.3  26.7   2.7   .38    .2
  3 1989 202  12933.00  21.0  27.0   2.7   .38  10.8
  3 1989 203  12933.00  21.2  27.7   2.6   .38  13.8
  3 1989 204  12933.00  21.0  27.0   2.7   .38   6.9
  3 1989 205  12933.00  21.5  29.0   2.6   .38  17.3
  3 1989 206  12933.00  21.2  29.5   2.7   .38  39.9
  3 1989 207  12933.00  19.5  29.5   2.5   .38  13.0
  3 1989 208  12933.00  21.0  28.0   2.6   .38  48.4
  3 1989 209  12933.00  19.5  29.0   2.4   .38   9.8
  3 1989 210  12324.00  20.4  30.2   2.7   .34    .0
  3 1989 211  12324.00  21.7  30.6   2.7   .34  12.5
  3 1989 212  12324.00  21.3  30.1   2.6   .34 102.0
  3 1989 213  12150.34  20.8  28.0   2.5   .34  12.2
  3 1989 214  14788.69  20.5  30.0   2.7   .34   2.5
  3 1989 215  14103.26  20.2  29.6   2.6   .34 120.3
  3 1989 216  19802.58  20.8  30.0   2.9   .34  66.9
  3 1989 217  14395.53  21.7  29.5   2.7   .34  24.6
  3 1989 218  16210.95  21.0  29.5   2.7   .34  28.1
  3 1989 219  10928.99  21.5  26.8   2.7   .34   2.0
  3 1989 220  19712.01  20.6  30.0   2.6   .34  23.4
  3 1989 221  16933.69  20.5  29.0   2.9   .34    .3
  3 1989 222  11078.48  21.8  28.7   2.7   .34  11.3
  3 1989 223  14574.91  20.4  29.0   2.5   .34  10.3
  3 1989 224  10804.47  21.0  27.0   2.6   .34   7.1
  3 1989 225  14166.25  21.0  29.0   2.4   .34   1.5
  3 1989 226  24118.14  20.4  31.0   2.7   .34    .0
  3 1989 227  17400.46  21.0  30.5   2.6   .34  30.5
  3 1989 228  11373.03  21.1  28.9   2.6   .34    .2
  3 1989 229  17132.50  21.3  30.2   2.5   .34  13.6
  3 1989 230  13483.90  19.5  28.0   2.5   .34    .3
  3 1989 231  13205.00  21.0  27.9   2.5   .34  30.8
  3 1989 232  18555.16  19.4  30.0   2.4   .34  35.2
  3 1989 233  25602.29  20.5  30.4   2.7   .34    .0
  3 1989 234  18141.78  21.4  29.4   2.6   .34    .0
  3 1989 235  23081.11  20.0  31.5   2.5   .34    .0
  3 1989 236  16172.83  21.3  30.4   2.7   .34  15.3
  3 1989 237  15044.59  20.6  29.2   2.6   .34  28.4
  3 1989 238  18717.36  20.2  30.2   2.6   .34    .2
  3 1989 239  10804.33  20.6  26.1   2.4   .34  17.8
  3 1989 240  21122.96  18.8  30.4   2.3   .34  11.0
  3 1989 241  17021.78  21.0  29.7   2.6   .34  17.6
  3 1989 242  19708.93  21.2  29.5   2.7   .34  27.7
  3 1989 243  14328.63  20.7  29.2   2.6   .34   9.5
  3 1989 244  19422.52  20.5  28.6   2.6   .34   3.8
  3 1989 245  11346.34  20.5  27.5   2.8   .33    .3
  3 1989 246  19699.30  21.5  30.9   2.8   .33    .8
  3 1989 247  18419.58  20.0  29.7   2.4   .33   2.2
  3 1989 248  15154.61  21.0  28.0   2.7   .33  32.1
  3 1989 249  10754.31  20.8  25.0   2.6   .33   4.6
  3 1989 250  14857.22  20.5  29.2   2.6   .33   2.6
  3 1989 251  14707.50  21.0  28.7   2.9   .33    .0
  3 1989 252  18242.35  20.4  31.3   2.7   .33    .0
  3 1989 253  13414.00  21.4  28.9   2.8   .33  16.4
  3 1989 254  23465.81  22.0  30.6   2.8   .33    .0
  3 1989 255  14668.95  21.0  29.5   2.5   .33    .0
  3 1989 256  17349.19  21.2  30.2   2.6   .33    .0
  3 1989 257  14079.12  21.1  28.5   2.7   .33  37.8
  3 1989 258  12226.02  21.2  27.3   2.8   .33   2.6
  3 1989 259  17167.20  21.2  30.2   2.7   .33  13.0
  3 1989 260  11351.50  19.9  27.8   2.6   .33    .0
  3 1989 261  12610.95  21.0  28.6   2.7   .33    .1
  3 1989 262  16130.24  21.0  29.6   2.6   .33  16.8
  3 1989 263  13994.22  20.6  29.2   2.7   .33    .0
  3 1989 264  19343.09  21.0  30.2   2.7   .33  12.1
  3 1989 265  18334.93  21.8  30.3   2.6   .33    .1
  3 1989 266  17468.22  20.7  29.5   2.5   .33    .5
  3 1989 267  14206.47  21.6  27.6   2.6   .33    .2
  3 1989 268  13624.08  21.0  29.0   2.8   .33  21.0
  3 1989 269  13886.08  20.2  28.8   2.6   .33  27.1
  3 1989 270  14006.43  20.0  28.3   2.6   .33  42.3
  3 1989 271  13283.29  20.0  28.9   2.5   .33   1.3
  3 1989 272  10877.27  20.7  26.8   2.7   .33    .1
  3 1989 273  19548.26  19.5  29.9   2.6   .24   5.1
  3 1989 274  21899.94  20.1  30.4   2.6   .24    .0
  3 1989 275  20609.17  19.6  31.0   2.6   .24    .0
  3 1989 276  15687.99  20.3  29.8   2.6   .24    .0
  3 1989 277  20684.90  20.0  31.3   2.4   .24    .0
  3 1989 278  20094.11  19.5  30.5   2.6   .24  25.1
  3 1989 279  17972.76  19.5  30.0   2.7   .24   1.9
  3 1989 280  21138.62  20.2  30.8   2.5   .24    .0
  3 1989 281  12078.45  20.5  29.0   2.5   .24   1.3
  3 1989 282  15103.71  20.0  29.0   2.7   .24    .1
  3 1989 283  17981.46  21.0  30.0   2.5   .24  30.6
  3 1989 284  12003.16  20.0  27.8   2.6   .24   9.6
  3 1989 285  12529.41  19.5  28.0   2.5   .24  28.3
  3 1989 286  15120.82  20.5  28.3   2.5   .24  10.0
  3 1989 287  19079.63  19.5  29.2   2.5   .24  32.8
  3 1989 288  15469.42  20.0  29.4   2.4   .24    .5
  3 1989 289  15436.36  20.7  29.3   2.6   .24   9.0
  3 1989 290  18141.35  21.3  29.7   2.8   .24    .4
  3 1989 291  21520.08  21.5  30.0   2.7   .24    .0
  3 1989 292  17245.22  19.0  29.9   2.5   .24   1.2
  3 1989 293  14210.70  19.5  26.7   2.5   .24  41.9
  3 1989 294  11866.40  21.5  28.4   2.5   .24   6.5
  3 1989 295  21473.67  20.0  29.8   2.5   .24   3.3
  3 1989 296  19665.74  19.0  29.0   2.5   .24    .0
  3 1989 297  12860.94  20.2  28.4   2.4   .24   6.0
  3 1989 298  11479.90  21.7  26.8   2.5   .24   1.5
  3 1989 299  13336.84  21.0  29.0   2.6   .24  52.1
  3 1989 300  10077.43  21.5  25.3   2.7   .24   2.8
  3 1989 301  12332.12  21.7  27.4   2.5   .24   6.3
  3 1989 302   9756.57  21.0  24.0   2.7   .24 122.0
  3 1989 303   9730.58  21.7  24.5   2.6   .24  85.0
  3 1989 304   9704.61  21.5  26.1   2.6   .24 126.5
  3 1989 305   9678.68  20.6  27.7   2.1   .24  30.2
  3 1989 306  12974.50  20.8  27.0   2.5   .24  57.6
  3 1989 307  10290.04  21.5  27.4   2.7   .24   6.4
  3 1989 308  14894.80  21.2  27.6   2.5   .37    .0
  3 1989 309  13934.14  22.2  28.8   2.9   .37  22.2
  3 1989 310  14295.42  21.3  28.3   2.7   .37   7.3
  3 1989 311  13734.52  20.0  28.9   2.7   .37    .0
  3 1989 312  16064.10  19.5  29.6   2.7   .37    .0
  3 1989 313  17205.38  20.0  29.0   2.5   .37   1.3
  3 1989 314  12065.85  21.0  28.4   2.7   .37    .0
  3 1989 315  13863.38  20.0  28.4   2.5   .37   7.2
  3 1989 316  15393.58  19.2  28.5   2.4   .37  54.2
  3 1989 317  14578.22  20.6  29.1   2.7   .37  20.9
  3 1989 318  14934.00  19.6  28.5   2.6   .37   3.7
  3 1989 319  14511.77  19.6  28.5   2.6   .37   3.5
  3 1989 320  11506.46  21.6  27.9   2.7   .37   1.9
  3 1989 321   9286.80  21.5  26.4   2.6   .37  16.8
  3 1989 322   9264.84  22.2  24.2   2.7   .37  19.8
  3 1989 323  13870.90  19.0  28.1   2.7   .37   5.9
  3 1989 324  18076.06  21.2  29.8   2.9   .37   1.8
  3 1989 325  20986.19  20.4  30.0   2.5   .37    .6
  3 1989 326  16981.85  20.4  29.2   2.4   .37   5.3
  3 1989 327  16310.91  20.0  29.7   2.5   .37   4.5
  3 1989 328  11182.00  21.5  28.3   2.8   .37  33.1
  3 1989 329   9124.17  22.0  27.0   2.6   .37   7.2
  3 1989 330  14823.70  20.6  29.5   2.6   .37  30.4
  3 1989 331  10230.55  21.5  28.0   2.7   .37   2.0
  3 1989 332  16292.84  21.0  29.8   2.7   .37    .8
  3 1989 333  17025.57  20.0  30.0   2.5   .37    .8
  3 1989 334   9166.50  21.2  26.8   2.7   .37   7.1
  3 1989 335  11495.00  21.0  25.5   2.6   .37  16.4
  3 1989 336  11885.00  20.6  28.5   2.5   .37    .0
  3 1989 337  11885.00  19.5  30.2   2.5   .37   9.6
  3 1989 338  11885.00  20.0  30.0   2.7   .37 119.9
  3 1989 339  11885.00  21.5  26.1   2.6   .37  59.7
  3 1989 340  11885.00  21.0  28.0   2.6   .37   1.2
  3 1989 341  11885.00  21.4  28.9   2.5   .37   2.5
  3 1989 342  11885.00  20.0  29.0   2.6   .37    .0
  3 1989 343  11885.00  21.4  30.3   2.7   .37  19.3
  3 1989 344  11885.00  20.9  24.7   2.5   .37  41.9
  3 1989 345  11885.00  20.9  27.6   2.5   .37   2.5
  3 1989 346  11885.00  19.0  28.0   2.3   .37   3.4
  3 1989 347  11885.00  20.0  29.0   2.4   .37    .0
  3 1989 348  11885.00  17.2  28.5   2.0   .37    .0
  3 1989 349  11885.00  19.5  27.5   2.2   .37    .0
  3 1989 350  11885.00  18.6  28.3   2.4   .37   8.6
  3 1989 351  11885.00  19.5  28.5   2.4   .37    .0
  3 1989 352  11885.00  20.5  25.8   2.5   .37   4.3
  3 1989 353  11885.00  19.0  28.0   2.4   .37    .0
  3 1989 354  11885.00  18.6  28.0   2.3   .37   3.9
  3 1989 355  11885.00  21.2  28.2   2.6   .37   7.8
  3 1989 356  11885.00  19.0  27.5   2.3   .37    .7
  3 1989 357  11885.00  19.0  29.0   2.0   .37  48.0
  3 1989 358  11885.00  19.6  24.4   2.2   .37  19.8
  3 1989 359  11885.00  15.5  20.7   1.7   .37  32.6
  3 1989 360  11885.00  18.0  20.7   2.1   .37  87.0
  3 1989 361  11885.00  19.0  20.8   2.2   .37  20.9
  3 1989 362  11885.00  19.0  27.0   2.3   .37  14.1
  3 1989 363  11885.00  16.5  27.8   2.1   .37    .0
  3 1989 364  11885.00  16.5  27.6   2.0   .37    .0
  3 1989 365  11885.00  16.7  28.2   2.0   .37    .0
