*---------------------------------------------------------              
* Station name: Los Diamantes                                           
* Author: Atlantic Zone Project, AUW-MAG-CATIE, Costa Rica              
* Source: IMN, San Jose, Costa Rica                                     
*                                                                       
* Comments: Check unit (and conversion factor)of VP, SR                 
*                                                                       
*                                                                       
*                                                                       
* Longitude:  83  46 W, latitude:  10  13 N, altitude: 249 m.           
* Column  Daily value                                                   
*    1    station number                                                
*    2    year                                                          
*    3    month                                                         
*    4    day                                                           
*    5    julian date                                                   
*    6    irradiation            (1000 * MJ m-2 d-1)                    
*    7    minimum temperature    (degrees Celcius)                      
*    8    maximum temperature    (degrees Celcius)                      
*    9    vapor pressure at 0700 (mbar)                                 
*   10    vapor pressure at 1300 (mbar)                                 
*   11    vapor pressure at 1800 (mbar)                                 
*   12    mean wind speed        (kilometer per hour)                   
*   13    precipitation          (mm d-1)                               
*   14    sunshine hours         (hours)                                
* Missing value: -99                                                    
*---------------------------------------------------------              
*  data converted with WDC for CABO-format
*-------------------------------------------
  83.77  10.22   249.  .00  .00
  3 1986   1  13200.00  16.1  26.5   2.0   .92  16.0
  3 1986   2   8900.00  20.0  24.7   2.5  1.00  13.3
  3 1986   3  10200.00  19.3  25.3   2.4   .94   7.1
  3 1986   4  10100.00  20.0  26.5   2.4  1.06   3.2
  3 1986   5  17800.00  19.0  28.2   2.4  1.14    .0
  3 1986   6  11500.00  15.9  24.5   2.1  1.06    .4
  3 1986   7  18000.00  17.8  27.7   2.2  1.44    .1
  3 1986   8  16600.00  12.0  26.6   2.1  1.11   6.5
  3 1986   9   9600.00  20.5  24.2   2.3  1.08   8.6
  3 1986  10  15500.00  20.0  27.5   2.2  1.11    .0
  3 1986  11  19700.00  15.3  28.3   1.9   .97    .0
  3 1986  12  15400.00  12.0  26.8   1.9  1.17  18.5
  3 1986  13   4300.00  19.5  22.7   2.2  1.08  95.5
  3 1986  14   2700.00  18.7  22.0   2.2   .86  51.6
  3 1986  15   2000.00  19.0  22.0   2.3   .69  38.0
  3 1986  16  17600.00  19.5  27.4   2.4  1.72    .4
  3 1986  17  19300.00  17.4  28.1   2.2  1.53    .1
  3 1986  18  19700.00  17.3  28.1   2.2  1.19    .1
  3 1986  19  16200.00  17.0  27.4   2.2  1.17    .6
  3 1986  20  19900.00  15.7  28.4   2.0  1.28    .0
  3 1986  21  20400.00  16.1  28.5   2.1  1.61    .0
  3 1986  22  12800.00  16.7  26.6   2.0  1.25   3.2
  3 1986  23   9000.00  19.8  24.7   2.3   .89   2.3
  3 1986  24  16900.00  17.0  27.8   1.9  1.36    .0
  3 1986  25  20400.00  16.1  28.0   1.9  1.39    .0
  3 1986  26  20000.00  16.4  28.8   1.9  1.28    .0
  3 1986  27  18500.00  15.7  27.8   1.9  1.94  38.8
  3 1986  28   5500.00  17.0  21.3   1.9   .94  34.0
  3 1986  29   8100.00  18.4  24.0   2.2   .83   8.0
  3 1986  30  12100.00  19.8  26.2   2.4  1.14  18.1
  3 1986  31   9000.00  20.2  24.4   2.3   .94   2.7
  3 1986  32  22400.00  16.5  27.7   2.0  1.39    .0
  3 1986  33  23200.00  15.8  29.0   2.0  1.86    .3
  3 1986  34  15000.00  19.8  26.5   2.4  1.44   5.1
  3 1986  35  20000.00  20.3  27.0   2.4   .83    .6
  3 1986  36  18800.00  17.2  28.0   2.2  1.25    .0
  3 1986  37  22300.00  15.4  28.3   2.0  1.28    .2
  3 1986  38  16900.00  18.5  27.8   2.1  1.25    .0
  3 1986  39  17400.00  16.4  28.0   1.8  1.11    .0
  3 1986  40  17600.00  16.4  28.0   2.0  1.28    .0
  3 1986  41  20200.00  17.5  29.4   2.1  1.31    .0
  3 1986  42  17500.00  18.0  28.7   2.3  1.42   1.4
  3 1986  43  13100.00  19.5  26.5   2.5  1.31   7.7
  3 1986  44  18500.00  17.5  28.0   2.2  1.22    .0
  3 1986  45  16600.00  16.8  28.4   2.1  1.14   4.4
  3 1986  46  18700.00  20.0  27.2   2.3  1.42    .0
  3 1986  47  14400.00  16.1  26.2   2.0  1.03    .0
  3 1986  48  16700.00  17.9  28.0   2.2  1.33   7.0
  3 1986  49  16900.00  19.4  28.0   2.3  1.19    .0
  3 1986  50  20900.00  16.7  28.9   2.2  1.08    .1
  3 1986  51  18600.00  17.3  28.2   2.0  1.06   1.4
  3 1986  52  20800.00  16.8  28.6   2.1  1.22   4.4
  3 1986  53  14800.00  17.7  27.0   2.3  1.17   8.5
  3 1986  54  11100.00  20.5  26.1   2.4   .92   1.8
  3 1986  55  15300.00  16.7  27.1   2.1  1.25   8.4
  3 1986  56  23500.00  17.2  29.4   2.1  1.08    .0
  3 1986  57  18200.00  14.2  25.2   1.8  1.28    .0
  3 1986  58  14900.00  18.6  26.6   2.2  1.03    .2
  3 1986  59  20900.00  17.5  29.4   2.2  1.17    .1
  3 1986  60  16800.00  16.8  29.5   2.1  1.33  22.6
  3 1986  61  12000.00  17.0  24.2   1.8  1.22  15.0
  3 1986  62   7700.00  18.2  22.0   2.1   .89    .3
  3 1986  63  14000.00  18.3  24.6   2.1   .75  16.4
  3 1986  64   9400.00  20.7  25.8   2.5   .86  13.8
  3 1986  65   8900.00  20.3  24.6   2.4   .86   9.5
  3 1986  66  17500.00  18.5  27.0   2.4  1.11   3.7
  3 1986  67  18200.00  16.5  27.5   2.2  1.28    .0
  3 1986  68  24300.00  16.0  29.0   2.1  1.75    .0
  3 1986  69  19000.00  17.0  27.8   2.0  1.22    .0
  3 1986  70  19700.00  15.8  29.4   2.0  1.08    .0
  3 1986  71  17100.00  18.9  28.8   2.3  1.14    .0
  3 1986  72  16100.00  21.0  28.6   2.5  1.22    .0
  3 1986  73  19200.00  18.0  30.2   2.3  1.22    .0
  3 1986  74  14300.00  21.5  28.5   2.5  1.22   3.0
  3 1986  75  15200.00  22.0  28.5   2.7  1.33    .0
  3 1986  76  22200.00  16.7  29.0   2.3  1.39    .0
  3 1986  77  10300.00  17.3  25.5   2.2  1.08  11.9
  3 1986  78  17600.00  19.4  28.5   2.5  1.36   7.5
  3 1986  79  16500.00  21.2  30.0   2.7  1.03  18.2
  3 1986  80  12900.00  21.7  26.9   2.7  1.28  66.6
  3 1986  81   6400.00  22.4  24.0   2.7  1.64  53.9
  3 1986  82   5000.00  17.4  18.8   2.0  1.19  25.3
  3 1986  83   7900.00  17.3  25.0   2.1  1.14  34.2
  3 1986  84  17400.00  19.8  27.5   2.3  1.36   2.1
  3 1986  85  13300.00  17.0  25.5   2.2  1.06    .0
  3 1986  86  23300.00  17.0  27.0   2.2  1.39    .0
  3 1986  87  16000.00  19.0  26.0   2.3  1.03    .8
  3 1986  88  17100.00  20.0  25.3   2.4  1.22   1.9
  3 1986  89  22900.00  18.5  27.0   2.3  1.42   5.4
  3 1986  90  14700.00  20.0  28.0   2.2   .92    .0
  3 1986  91  12500.00  19.0  26.0   2.4  1.00   1.5
  3 1986  92   8600.00  20.3  22.4   2.5  1.03  10.7
  3 1986  93   7800.00  20.5  26.4   2.4   .67   4.8
  3 1986  94  17700.00  18.7  29.5   2.3  1.08    .0
  3 1986  95  22300.00  18.7  29.8   2.2  1.64    .0
  3 1986  96  14700.00  18.8  28.6   2.4  1.11  23.6
  3 1986  97   7900.00  20.6  24.6   2.5   .83   6.4
  3 1986  98  20100.00  17.4  28.2   2.2  1.03    .4
  3 1986  99  14700.00  18.2  28.0   2.3   .92   2.5
  3 1986 100  14700.00  18.0  28.0   2.5  1.06   6.8
  3 1986 101  15900.00  21.2  28.0   2.5  1.06    .6
  3 1986 102  15500.00  19.0  28.2   2.5  1.19   3.5
  3 1986 103  17900.00  21.0  28.7   2.8  1.11   9.0
  3 1986 104  19400.00  22.7  29.9   2.9  1.28   6.3
  3 1986 105  13300.00  21.2  28.7   2.8  1.03  21.4
  3 1986 106   8100.00  21.7  25.2   2.7   .86  10.7
  3 1986 107   5100.00  21.2  24.9   2.5   .67  13.4
  3 1986 108  17900.00  18.8  27.4   2.4   .94    .8
  3 1986 109  18600.00  17.9  29.0   2.4  1.11   5.1
  3 1986 110  13100.00  20.9  28.0   2.6   .86  14.1
  3 1986 111  19300.00  20.5  29.0   2.7  1.19    .0
  3 1986 112  12700.00  18.5  27.5   2.4  1.11   9.1
  3 1986 113  10600.00  19.0  26.6   2.4   .83  15.6
  3 1986 114  13400.00  20.5  28.2   2.5  1.08  49.1
  3 1986 115  21600.00  21.2  28.5   2.5  1.58   5.6
  3 1986 116  24800.00  18.5  29.6   2.4  1.25   2.1
  3 1986 117  24700.00  19.4  28.8   2.6  1.44    .0
  3 1986 118  23800.00  17.8  29.5   2.1  1.33   2.6
  3 1986 119  14000.00  21.5  28.0   2.7  1.03    .2
  3 1986 120  17000.00  18.5  28.6   2.4  1.17   1.2
  3 1986 121  13900.00  21.0  27.0   2.6  1.00    .0
  3 1986 122   7900.00  20.7  24.5   2.7   .89  14.7
  3 1986 123  15200.00  19.0  29.2   2.5   .94  50.6
  3 1986 124   5700.00  21.5  24.5   2.6   .36  28.7
  3 1986 125  22800.00  20.7  28.0   2.7   .89  12.4
  3 1986 126  21500.00  21.4  29.0   2.7  1.17  11.9
  3 1986 127  10900.00  22.5  27.2   2.8   .89  12.6
  3 1986 128  23400.00  18.5  29.5   2.5  1.25    .0
  3 1986 129  21600.00  19.7  29.7   2.6  1.28    .0
  3 1986 130  19100.00  21.0  29.5   2.8  1.36    .0
  3 1986 131  10300.00  23.5  28.9   2.9  1.00    .0
  3 1986 132  22800.00  19.7  30.1   2.7  1.17    .0
  3 1986 133  20000.00  19.8  30.0   2.6  1.06   3.6
  3 1986 134  21000.00  20.5  31.0   2.8  1.22    .0
  3 1986 135  18400.00  19.8  29.5   2.6  1.33    .0
  3 1986 136  20900.00  18.2  31.0   2.5  1.03    .0
  3 1986 137  19300.00  19.0  30.5   2.5  1.25   1.0
  3 1986 138  21200.00  20.0  30.3   2.8  1.28    .0
  3 1986 139  21000.00  18.0  30.8   2.6  1.22   1.2
  3 1986 140  20500.00  22.0  30.5   2.7  1.08    .5
  3 1986 141   8200.00  20.9  27.0   2.6   .75  20.5
  3 1986 142  15700.00  20.7  29.0   2.7   .94   1.0
  3 1986 143  12400.00  21.0  29.5   2.6   .89  10.0
  3 1986 144  10400.00  21.2  27.8   2.7   .67   7.8
  3 1986 145  15900.00  20.8  29.7   2.6   .86   4.7
  3 1986 146  16200.00  22.0  29.8   2.8   .94   2.8
  3 1986 147  11600.00  22.0  29.0   2.7  1.11   6.4
  3 1986 148  14300.00  20.9  28.7   2.6  1.14   1.5
  3 1986 149  16900.00  19.5  30.0   2.4  1.03    .3
  3 1986 150  21700.00  19.7  30.9   2.6  1.08    .0
  3 1986 151  18100.00  20.0  30.5   2.6   .94   9.9
  3 1986 152  20800.00  19.0  31.2   2.5  1.03    .6
  3 1986 153  15300.00  20.3  30.8   2.7   .69    .1
  3 1986 154  20200.00  20.0  32.5   2.6   .83   1.3
  3 1986 155  13600.00  22.3  30.5   2.7   .83   2.6
  3 1986 156  13400.00  20.0  28.7   2.5   .78   1.0
  3 1986 157  13200.00  20.4  30.0   2.7   .97  34.8
  3 1986 158  21300.00  19.0  30.0   2.5  1.00    .0
  3 1986 159  18200.00  22.5  29.8   2.7  1.00  14.2
  3 1986 160  17500.00  20.5  29.0   2.7  1.03  18.9
  3 1986 161  12700.00  23.0  27.6   2.8   .97   3.7
  3 1986 162  10300.00  22.7  26.5   2.8   .86   4.6
  3 1986 163  16400.00  21.4  29.7   2.7  1.06   9.3
  3 1986 164   9100.00  21.7  25.6   2.7   .72  11.7
  3 1986 165  20500.00  20.5  28.0   2.7  1.28  29.1
  3 1986 166   8500.00  20.0  27.1   2.5   .58   5.1
  3 1986 167  18700.00  20.8  29.7   2.7  1.06  13.8
  3 1986 168  17900.00  21.5  29.5   2.7  1.00   1.5
  3 1986 169  13300.00  22.5  29.0   2.8   .78  20.3
  3 1986 170  14600.00  21.3  28.8   2.7  1.03  10.0
  3 1986 171  16800.00  21.3  29.0   2.8  1.28  38.3
  3 1986 172  13800.00  22.0  29.5   2.9   .86   4.1
  3 1986 173  11700.00  23.0  28.5   3.0   .75   6.2
  3 1986 174   6400.00  21.5  26.0   2.8   .75  63.0
  3 1986 175  13347.44  20.5  28.4   2.6  1.08    .3
  3 1986 176  13700.00  19.8  29.0   2.4   .89  30.6
  3 1986 177   9300.00  21.3  27.0   2.7   .89  12.7
  3 1986 178   8600.00  22.3  28.5   2.7   .81  31.5
  3 1986 179  16600.00  22.2  28.4   2.8  1.14  28.5
  3 1986 180  12000.00  21.0  28.5   2.6   .83  39.1
  3 1986 181   5200.00  21.8  25.5   2.9   .75  42.4
  3 1986 182   5800.00  21.0  24.2   2.6   .97  12.9
  3 1986 183  10300.00  21.2  26.5   2.7   .92  37.7
  3 1986 184  15900.00  20.3  29.5   2.5   .89  28.2
  3 1986 185  21900.00  20.9  30.8   2.7   .83   5.8
  3 1986 186  15900.00  21.6  30.2   2.7   .94   2.7
  3 1986 187   9700.00  20.7  26.2   2.7   .86  17.0
  3 1986 188   5600.00  20.2  24.4   2.5   .64   1.0
  3 1986 189  12900.00  20.9  27.7   2.6   .86    .5
  3 1986 190  17300.00  22.7  27.6   2.7  1.03  26.9
  3 1986 191  13200.00  19.8  29.0   2.6   .89  16.2
  3 1986 192  16500.00  21.0  29.5   2.6   .94  24.0
  3 1986 193   7800.00  21.4  26.0   2.8   .81   1.9
  3 1986 194  12500.00  21.4  28.2   2.7  1.00  10.1
  3 1986 195  20700.00  20.5  29.2   2.7  1.53  12.7
  3 1986 196  18000.00  21.5  27.2   2.8  1.14  53.5
  3 1986 197  12300.00  20.7  26.2   2.5   .97   1.0
  3 1986 198  14600.00  20.4  26.9   2.5  1.14   1.7
  3 1986 199  17100.00  21.3  27.6   2.6  1.17  13.8
  3 1986 200  10900.00  21.5  26.9   2.6   .97   6.8
  3 1986 201  21300.00  21.5  29.2   2.8  1.44    .0
  3 1986 202  20200.00  21.0  28.2   2.6  1.14    .4
  3 1986 203  15500.00  21.9  28.2   2.7  1.22    .7
  3 1986 204   9900.00  20.5  27.6   2.4  1.03  34.4
  3 1986 205  10200.00  21.6  27.2   2.7   .78   4.4
  3 1986 206  19500.00  20.5  27.4   2.6  1.33    .0
  3 1986 207  14900.00  20.0  28.7   2.4  1.11   4.3
  3 1986 208  20000.00  22.6  29.5   2.7  1.58   7.6
  3 1986 209   6600.00  22.0  25.4   2.7   .81  15.5
  3 1986 210  13400.00  21.4  26.8   2.5   .83   1.7
  3 1986 211  20200.00  20.9  29.0   2.6  1.42    .7
  3 1986 212  14300.00  21.4  28.1   2.8  1.67  92.0
  3 1986 213  16100.00  22.2  28.0   2.9  1.78  19.6
  3 1986 214  14800.00  22.8  28.0   2.9  1.17   1.3
  3 1986 215  15700.00  21.5  28.5   2.6   .83  10.8
  3 1986 216  10300.00  21.5  28.0   2.7  1.06  44.7
  3 1986 217   5700.00  21.4  23.0   2.5   .72  13.4
  3 1986 218  10200.00  20.9  27.4   2.5   .69    .8
  3 1986 219  16900.00  20.8  30.0   2.7  1.06  56.3
  3 1986 220  15600.00  22.3  28.4   2.9  1.17  44.5
  3 1986 221  22800.00  22.5  30.1   2.9  1.39   8.8
  3 1986 222  18200.00  23.0  29.3   3.0   .97   5.3
  3 1986 223  14200.00  21.7  29.8   2.9   .89   3.1
  3 1986 224   7800.00  22.5  27.8   2.8   .72  17.8
  3 1986 225   5000.00  21.8  24.0   2.7   .64  60.3
  3 1986 226  16300.00  21.5  28.8   2.6   .78    .9
  3 1986 227  11300.00  19.5  26.0   2.6   .72    .0
  3 1986 228  19800.00  21.5  29.0   2.7  1.28    .0
  3 1986 229   6600.00  20.5  25.5   2.6   .75  26.2
  3 1986 230  17100.00  20.0  28.6   2.6   .97  21.4
  3 1986 231  14000.00  22.2  27.8   2.8  1.00  11.2
  3 1986 232   8100.00  22.3  26.7   2.7   .69  14.3
  3 1986 233  14600.00  21.7  29.5   2.6   .83   6.4
  3 1986 234  17600.00  21.6  30.5   2.6   .94 126.6
  3 1986 235   9200.00  20.0  26.5   2.5   .75  14.5
  3 1986 236  20200.00  19.4  29.5   2.5  1.08    .3
  3 1986 237  14400.00  20.0  28.0   2.6   .72   1.3
  3 1986 238  20700.00  19.5  30.0   2.8  1.14   2.3
  3 1986 239  26000.00  21.4  30.6   2.7  1.47   3.2
  3 1986 240   9600.00  21.5  26.3   2.6   .69   1.6
  3 1986 241  14200.00  21.7  28.5   2.8   .81    .6
  3 1986 242  16400.00  20.0  30.4   2.6   .81   2.6
  3 1986 243  16400.00  20.6  29.4   2.6   .86   7.2
  3 1986 244  16000.00  19.5  28.5   2.7   .92  15.8
  3 1986 245  15200.00  20.2  27.5   2.6   .86  24.6
  3 1986 246  21200.00  20.0  29.9   2.5  1.03   6.9
  3 1986 247  22100.00  20.8  29.8   2.8  1.14    .0
  3 1986 248  22300.00  19.7  30.5   2.6  1.17   1.9
  3 1986 249  17500.00  22.0  29.9   2.9  1.17  20.4
  3 1986 250  15500.00  22.8  29.2   3.0  1.06  27.1
  3 1986 251  15100.00  22.7  29.0   2.8   .83   4.4
  3 1986 252  18500.00  21.2  29.5   2.8   .97   3.5
  3 1986 253  19200.00  21.5  30.0   2.8  1.06    .0
  3 1986 254  10900.00  21.0  28.2   2.8   .75  55.1
  3 1986 255  11800.00  20.9  28.3   2.7   .94  83.5
  3 1986 256  10800.00  20.8  28.4   2.7   .69  10.6
  3 1986 257   9900.00  20.0  25.5   2.5   .69   3.8
  3 1986 258  13700.00  20.4  27.3   2.6   .89  40.0
  3 1986 259   9700.00  21.0  26.2   2.6   .67   6.4
  3 1986 260  18000.00  20.5  27.5   2.6   .92    .0
  3 1986 261  22000.00  21.2  30.4   2.7  1.28    .4
  3 1986 262   8700.00  21.7  27.0   2.6   .67  20.7
  3 1986 263  12500.00  22.5  28.5   2.8   .97   2.7
  3 1986 264  11400.00  22.0  27.5   2.8   .75   5.8
  3 1986 265  17000.00  20.9  29.0   2.6   .97  62.9
  3 1986 266  14700.00  20.6  28.7   2.7   .94  84.1
  3 1986 267  15200.00  21.9  28.4   2.7   .86    .0
  3 1986 268  15500.00  22.0  29.6   2.6   .86    .3
  3 1986 269  11600.00  20.9  29.0   2.8   .81  37.8
  3 1986 270  18000.00  20.2  29.5   2.7   .83   4.4
  3 1986 271  10300.00  21.0  27.3   2.6   .69   7.6
  3 1986 272  15600.00  21.4  29.0   2.9   .83    .0
  3 1986 273  19200.00  20.4  31.0   2.7   .89  20.9
  3 1986 274  17300.00  21.4  29.6   2.6   .36  64.6
  3 1986 275  15800.00  20.5  29.0   2.5   .36   7.1
  3 1986 276  19300.00  20.2  30.0   2.5   .36    .0
  3 1986 277  15500.00  20.5  28.8   2.7   .36  32.9
  3 1986 278  11500.00  21.5  27.2   2.7   .36   8.7
  3 1986 279  11300.00  21.0  26.8   2.7   .36  27.9
  3 1986 280  13600.00  21.2  27.5   2.8   .36  26.7
  3 1986 281  11200.00  20.9  27.7   2.7   .36   4.3
  3 1986 282  13800.00  21.5  28.9   2.7   .36  24.8
  3 1986 283  10500.00  21.4  26.0   2.7   .36   6.8
  3 1986 284  15200.00  20.5  28.2   2.6  1.00   9.8
  3 1986 285  16400.00  21.4  29.3   2.6   .83  38.9
  3 1986 286   6800.00  21.5  25.5   2.8   .86   8.9
  3 1986 287   9500.00  20.8  27.2   2.5   .67   7.5
  3 1986 288   7500.00  20.6  25.7   2.6   .61  15.7
  3 1986 289  16000.00  20.3  29.2   2.7   .83   8.9
  3 1986 290  17300.00  20.0  29.8   2.6   .83    .0
  3 1986 291  22100.00  19.0  30.2   2.7   .97    .0
  3 1986 292  11900.00  20.3  27.2   2.5   .94  17.5
  3 1986 293   3700.00  21.6  24.5   2.6   .58  11.3
  3 1986 294  14500.00  20.3  28.2   2.7   .83   2.8
  3 1986 295  16300.00  19.6  30.0   2.6   .89    .0
  3 1986 296  11600.00  19.5  28.0   2.5   .69    .4
  3 1986 297  15800.00  19.8  29.8   2.6   .81    .0
  3 1986 298  19700.00  20.2  30.4   2.6   .86   3.3
  3 1986 299  17300.00  20.5  30.0   2.7   .81    .3
  3 1986 300  14400.00  19.7  29.5   2.7   .72   9.8
  3 1986 301  14900.00  20.0  29.0   2.6   .75  15.5
  3 1986 302  17300.00  20.8  29.0   2.8   .92  13.7
  3 1986 303  14900.00  20.0  28.8   2.4   .94   4.2
  3 1986 304   8600.00  21.5  27.5   2.6   .75    .5
  3 1986 305  18000.00  20.5  30.0   2.6   .24   1.7
  3 1986 306  20400.00  21.0  29.4   2.5   .24    .0
  3 1986 307  18700.00  19.2  29.5   2.6   .24    .0
  3 1986 308  15100.00  20.3  28.4   2.7   .37   3.9
  3 1986 309  18400.00  19.6  29.0   2.5   .37    .0
  3 1986 310  20500.00  17.7  29.7   2.2   .37    .0
  3 1986 311  19900.00  19.5  29.5   2.5   .37    .0
  3 1986 312  20300.00  21.0  29.4   2.5   .37    .4
  3 1986 313   9200.00  19.5  29.2   2.6   .37  11.2
  3 1986 314  16800.00  21.0  29.0   2.5   .37   2.6
  3 1986 315  15100.00  20.4  29.3   2.6   .37  70.2
  3 1986 316   5300.00  22.2  25.4   2.7   .37  18.1
  3 1986 317   8200.00  21.4  27.4   2.8   .37   3.8
  3 1986 318  11000.00  21.7  28.5   2.7   .37  15.3
  3 1986 319  11100.00  22.0  27.4   2.8   .37  10.6
  3 1986 320  10800.00  22.5  27.5   2.7   .37   7.7
  3 1986 321   7600.00  22.0  27.7   2.7   .37  26.7
  3 1986 322  11700.00  21.4  28.7   2.7   .37   4.1
  3 1986 323  14800.00  21.5  28.6   2.7   .37   1.1
  3 1986 324  13300.00  20.8  28.8   2.6   .37   4.4
  3 1986 325   6000.00  21.8  26.0   2.7   .37  25.1
  3 1986 326  13700.00  19.9  28.0   2.7   .37   2.6
  3 1986 327  14800.00  20.6  28.0   2.7   .37   2.5
  3 1986 328  12600.00  20.0  27.4   2.5   .37    .0
  3 1986 329  20200.00  18.0  28.5   2.1   .37    .0
  3 1986 330  17200.00  18.0  28.8   2.3   .37  14.1
  3 1986 331  14400.00  21.0  27.8   2.6   .37    .9
  3 1986 332  16600.00  21.0  29.2   2.5   .37   2.0
  3 1986 333  17900.00  20.5  29.0   2.6   .37    .0
  3 1986 334  14000.00  18.0  28.2   2.2   .37    .0
  3 1986 335  19623.65  18.0  29.0   2.2   .37    .0
  3 1986 336  14800.00  17.5  28.4   2.2   .37   7.0
  3 1986 337  16200.00  20.5  29.1   2.4   .37    .0
  3 1986 338  18500.00  19.8  28.9   2.3   .37    .3
  3 1986 339  15600.00  21.0  29.3   2.6   .37  31.4
  3 1986 340   8400.00  21.0  25.5   2.5   .37  66.3
  3 1986 341  12500.00  21.0  26.7   2.5   .37    .0
  3 1986 342  13200.00  20.0  28.5   2.4   .37   7.7
  3 1986 343  11500.00  21.7  28.4   2.7   .37   2.2
  3 1986 344  18300.00  18.0  28.2   2.4   .37    .0
  3 1986 345  11900.00  17.8  28.6   2.3   .37    .9
  3 1986 346  10300.00  21.0  28.0   2.5   .37  12.8
  3 1986 347  19100.00  20.4  28.5   2.5   .37    .2
  3 1986 348  13800.00  19.0  27.0   2.1   .37    .3
  3 1986 349  13800.00  19.4  26.7   2.3   .37    .7
  3 1986 350  19300.00  19.5  27.7   2.5   .37   9.0
  3 1986 351  11700.00  19.7  27.6   2.4   .37   7.1
  3 1986 352  18500.00  20.3  28.0   2.3   .37   1.0
  3 1986 353  25300.00  18.9  28.5   2.5   .37    .0
  3 1986 354  17200.00  18.0  28.0   2.2   .37    .0
  3 1986 355  15800.00  20.3  28.5   2.4   .37    .0
  3 1986 356  11300.00  19.9  28.0   2.5   .37    .0
  3 1986 357  11600.00  18.0  28.0   2.3   .37    .8
  3 1986 358  10400.00  21.5  28.8   2.6   .37    .0
  3 1986 359  14400.00  19.0  28.6   2.2   .37  13.6
  3 1986 360  14100.00  21.3  27.4   2.5   .37    .0
  3 1986 361  16400.00  18.0  28.3   2.1   .37    .0
  3 1986 362  18300.00  16.5  29.1   2.1   .37    .0
  3 1986 363  16400.00  18.2  28.9   2.1   .37    .1
  3 1986 364  15000.00  17.3  28.2   2.1   .37    .0
  3 1986 365  14400.00  17.5  29.6   2.2   .37   2.6
