*---------------------------------------------------------              
* Station name: Los Diamantes                                           
* Author: Atlantic Zone Project, AUW-MAG-CATIE, Costa Rica              
* Source: IMN, San Jose, Costa Rica                                     
*                                                                       
* Comments: Wind speed data still lacking                               
*           Check unit (and conversion factor)of VP, SR                 
*           SR data missing                                             
*                                                                       
* Longitude:  83  46 W, latitude:  10  13 N, altitude: 249 m.           
* Column  Daily value                                                   
*    1    station number                                                
*    2    year                                                          
*    3    month                                                         
*    4    day                                                           
*    5    julian date                                                   
*    6    irradiation            (MJ m-2 d-1)                           
*    7    minimum temperature    (degrees Celcius)                      
*    8    maximum temperature    (degrees Celcius)                      
*    9    vapor pressure at 0700 (mbar)                                 
*   10    vapor pressure at 1300 (mbar)                                 
*   11    vapor pressure at 1800 (mbar)                                 
*   12    mean wind speed        (kilometer per hour)                   
*   13    precipitation          (mm d-1)                               
*   14    sunshine hours         (hours)                                
* Missing value: -99                                                    
*---------------------------------------------------------              
*  data converted with WDC for CABO-format
*-------------------------------------------
  83.77  10.22   249.  .00  .00
  3 1991   1  19965.31  20.5  28.6   2.4   .42   2.1
  3 1991   2  13590.60  19.0  27.5   2.4   .42    .0
  3 1991   3  20886.08  18.0  28.5   2.3   .42    .0
  3 1991   4  15884.34  17.6  28.0   2.2   .42    .6
  3 1991   5  16407.65  19.0  28.3   2.4   .42   2.2
  3 1991   6  15296.11  19.0  28.5   2.5   .42   8.0
  3 1991   7  12921.97  19.0  27.5   2.4   .42    .0
  3 1991   8  11047.72  20.0  27.5   2.3   .42   1.0
  3 1991   9  10812.85  18.0  27.0   2.3   .42   1.8
  3 1991  10  20453.80  19.5  27.2   2.5   .42    .0
  3 1991  11   9075.31  18.5  28.8   2.3   .42    .0
  3 1991  12  21029.79  17.5  29.2   2.2   .42    .0
  3 1991  13  19158.60  17.0  29.0   2.0   .42   4.3
  3 1991  14  10402.89  19.0  27.2   2.3   .42    .0
  3 1991  15   9403.21  19.5  26.4   2.4   .42   4.8
  3 1991  16  10062.46  19.8  27.0   2.5   .42   1.2
  3 1991  17  17255.37  17.0  28.5   2.1   .42    .0
  3 1991  18  17418.93  17.2  29.0   2.1   .42    .4
  3 1991  19   9229.91  20.2  25.7   2.3   .42    .0
  3 1991  20  21612.90  17.4  29.0   2.1   .42    .0
  3 1991  21  18175.53  16.0  28.8   1.9   .42   5.2
  3 1991  22  13949.99  20.5  27.2   2.2   .42    .0
  3 1991  23  21882.60  17.6  29.2   2.1   .42    .0
  3 1991  24  13366.36  17.5  27.5   2.1   .42   2.2
  3 1991  25   9757.54  19.3  25.7   2.3   .42   4.4
  3 1991  26  18512.74  19.2  28.5   2.4   .42    .0
  3 1991  27  13333.56  18.0  27.0   2.1   .42    .0
  3 1991  28  16637.77  18.7  29.0   2.3   .44   1.8
  3 1991  29  13924.83  21.0  27.4   2.7   .44  10.7
  3 1991  30  13828.51  19.3  27.0   2.4   .44   4.6
  3 1991  31  10308.56  19.0  27.2   2.4   .44   9.0
  3 1991  32   9676.66  20.7  24.5   2.4   .44  44.6
  3 1991  33  10364.50  20.0  26.4   2.3   .44   7.2
  3 1991  34   9862.74  19.4  25.4   2.5   .44  15.5
  3 1991  35  10952.48  19.0  25.5   2.3   .44   1.8
  3 1991  36  22028.32  18.4  28.9   2.5   .44    .3
  3 1991  37  22882.14  17.0  28.5   2.3   .44    .0
  3 1991  38  15319.21  16.0  27.8   1.8   .44    .4
  3 1991  39  12545.70  19.5  25.7   2.2   .44   3.7
  3 1991  40  17142.70  16.2  27.9   1.7   .44    .0
  3 1991  41  15033.55  17.1  26.4   1.7   .44  15.8
  3 1991  42   9815.07  19.3  23.5   2.3   .44  33.1
  3 1991  43   9842.49  19.0  24.0   2.2   .44   1.7
  3 1991  44  10275.95  19.6  23.0   2.2   .44   1.4
  3 1991  45  19256.02  19.0  28.5   2.2   .44    .0
  3 1991  46  18622.86  19.4  30.5   2.4   .44  12.4
  3 1991  47  17850.54  21.0  28.2   2.7   .44   1.6
  3 1991  48  15164.28  18.2  28.1   2.1   .44   2.0
  3 1991  49  22448.05  20.0  29.0   2.3   .44    .0
  3 1991  50  23321.10  16.5  29.4   2.2   .44    .0
  3 1991  51  17745.82  16.2  28.0   1.8   .44    .2
  3 1991  52  10498.54  19.5  27.0   2.3   .44   6.5
  3 1991  53  18378.66  17.5  27.8   2.2   .44    .0
  3 1991  54  21318.42  20.0  29.6   2.4   .44   1.0
  3 1991  55  20949.59  21.7  29.4   2.7   .44   1.4
  3 1991  56  11159.61  22.5  28.0   2.7   .43   1.9
  3 1991  57  11186.66  22.5  27.0   2.9   .43  18.5
  3 1991  58  12325.33  22.5  27.8   2.8   .43  38.8
  3 1991  59  10404.50  21.0  26.3   2.6   .43  34.3
  3 1991  60  14612.56  22.0  28.4   2.8   .43   6.4
  3 1991  61  14503.87  19.5  28.3   2.4   .43  12.3
  3 1991  62  21248.32  19.2  30.0   2.3   .43    .2
  3 1991  63  21147.98  19.5  31.6   2.6   .43  37.2
  3 1991  64  10384.31  20.0  24.0   2.3   .43   8.2
  3 1991  65  12514.34  19.0  25.9   2.2   .43    .5
  3 1991  66  13524.29  17.2  27.5   2.2   .43   2.0
  3 1991  67  19748.34  18.5  28.9   2.4   .43    .0
  3 1991  68  19781.65  19.5  29.9   2.4   .43    .0
  3 1991  69  21932.37  19.9  30.0   2.3   .43    .0
  3 1991  70  23945.83  18.0  28.8   2.2   .43    .0
  3 1991  71  13931.60  17.2  25.0   2.0   .43   1.6
  3 1991  72  19764.55  18.0  29.5   2.3   .43    .0
  3 1991  73  19935.15  20.0  30.1   2.4   .43    .0
  3 1991  74  20389.08  20.8  30.8   2.7   .43    .0
  3 1991  75  22264.03  22.6  31.0   2.8   .43    .4
  3 1991  76  19589.54  22.5  29.0   2.7   .43    .5
  3 1991  77  17051.81  20.0  29.3   2.5   .43   5.5
  3 1991  78  20777.91  21.8  27.7   2.9   .43    .0
  3 1991  79  25364.11  19.7  29.5   2.5   .43    .0
  3 1991  80  24391.19  16.5  29.8   2.0   .43    .0
  3 1991  81  23844.04  17.7  30.5   2.2   .43   1.3
  3 1991  82  11724.19  18.5  26.5   2.2   .43   2.4
  3 1991  83  23030.04  19.0  29.3   2.4   .43    .0
  3 1991  84  13039.95  20.0  26.0   2.5   .43    .4
  3 1991  85  12338.75  20.0  28.0   2.4   .43   4.1
  3 1991  86  12208.79  20.5  27.0   2.4   .43    .0
  3 1991  87  24103.52  16.5  30.0   2.1   .43    .0
  3 1991  88  20395.57  20.5  29.5   2.3   .43    .1
  3 1991  89  17973.77  22.0  29.4   2.6   .43    .1
  3 1991  90  17412.45  20.0  29.9   2.6   .43    .0
  3 1991  91  16420.24  19.5  28.6   2.5   .39   4.1
  3 1991  92  19439.17  17.5  28.4   2.2   .39    .0
  3 1991  93  23747.19  17.1  30.2   2.7   .39    .0
  3 1991  94  25618.16  17.0  30.0   2.2   .39    .0
  3 1991  95  17457.66  19.8  29.5   2.4   .39    .2
  3 1991  96  10873.62  20.5  25.2   2.5   .39  45.0
  3 1991  97  10880.29  22.5  25.0   2.8   .39  32.6
  3 1991  98  11602.56  20.5  28.0   2.6   .39   5.2
  3 1991  99  10892.08  21.3  25.3   2.7   .39   9.7
  3 1991 100  13760.18  21.5  28.3   2.6   .39   9.3
  3 1991 101  12905.26  21.0  28.0   2.7   .39   1.0
  3 1991 102  10905.97  20.5  27.8   2.5   .39   3.6
  3 1991 103  14627.34  20.5  28.3   2.4   .39   6.7
  3 1991 104  11198.61  22.0  28.0   2.6   .39   6.6
  3 1991 105  22058.13  19.0  29.7   2.5   .39    .0
  3 1991 106  22768.32  23.3  29.5   2.2   .39   7.9
  3 1991 107  16056.53  21.5  28.8   2.6   .39   7.1
  3 1991 108  17480.84  20.5  29.6   2.7   .39    .0
  3 1991 109  22465.67  20.5  29.8   2.8   .39    .0
  3 1991 110  24737.06  21.5  30.5   2.5   .39    .0
  3 1991 111  23161.71  19.5  30.8   2.5   .39    .0
  3 1991 112  22441.13  19.6  30.7   2.5   .39    .0
  3 1991 113  17884.02  21.0  30.9   2.6   .39    .0
  3 1991 114  18161.21  23.0  29.9   2.7   .39   8.7
  3 1991 115  18437.35  22.2  29.8   3.1   .39   7.3
  3 1991 116  18003.68  23.0  28.8   3.0   .39   3.8
  3 1991 117  13604.77  21.8  28.9   2.8   .39   4.2
  3 1991 118  16854.05  22.0  30.0   2.8   .39    .0
  3 1991 119  12887.41  21.0  29.7   2.9   .37    .7
  3 1991 120  14153.28  21.0  28.4   2.7   .37    .8
  3 1991 121  13441.10  19.8  29.6   2.5   .37  12.7
  3 1991 122  15267.00  20.5  29.6   2.5   .37  11.0
  3 1991 123  11456.78  22.3  28.5   2.7   .37  13.0
  3 1991 124  10889.19  21.5  26.4   2.7   .37  37.0
  3 1991 125  10884.56  21.0  26.4   2.6   .37   5.5
  3 1991 126  11020.06  21.0  25.5   2.5   .37  26.2
  3 1991 127  16062.25  21.0  28.5   2.6   .37   4.1
  3 1991 128  13530.36  22.2  28.6   2.9   .37  46.7
  3 1991 129  10863.88  22.7  26.4   2.8   .37  83.6
  3 1991 130  11137.73  22.5  27.7   2.8   .37  68.9
  3 1991 131  10992.03  22.8  27.4   3.1   .37  19.1
  3 1991 132  11683.09  22.0  27.0   2.7   .37  12.8
  3 1991 133  11118.97  21.5  26.9   2.8   .37    .8
  3 1991 134  19737.99  20.5  30.2   2.8   .37   2.7
  3 1991 135  13190.36  22.5  28.7   2.9   .37  11.9
  3 1991 136  10821.58  22.8  28.0   2.9   .37  93.6
  3 1991 137  12756.31  21.6  29.5   2.8   .37   5.5
  3 1991 138  10947.14  21.8  28.2   2.7   .37    .7
  3 1991 139  12323.94  21.0  29.0   2.8   .37    .0
  3 1991 140  14250.48  21.7  29.4   2.7   .37   7.6
  3 1991 141  11341.17  21.8  29.2   2.8   .37   1.3
  3 1991 142  17125.79  21.6  31.0   2.7   .37    .4
  3 1991 143  14632.96  20.6  30.5   2.7   .37  24.7
  3 1991 144  20126.81  21.0  30.3   3.0   .37   5.9
  3 1991 145  16948.94  23.0  29.5   2.9   .37   2.9
  3 1991 146  23665.42  20.0  31.2   2.6   .37  35.7
  3 1991 147  18158.56  22.5  30.0   2.8   .37  24.5
  3 1991 148  11155.04  22.0  27.7   2.8   .37    .4
  3 1991 149  11148.49  22.0  27.5   3.1   .37    .0
  3 1991 150  17571.85  21.6  30.4   2.8   .37  17.4
  3 1991 151  15646.24  21.0  30.6   2.8   .37   1.4
  3 1991 152  18913.63  20.5  30.7   2.9   .37   4.8
  3 1991 153  17945.93  20.8  30.2   2.9   .37    .8
  3 1991 154  15207.85  22.4  29.3   3.0   .33  44.4
  3 1991 155  14654.08  21.2  30.0   2.8   .33 142.9
  3 1991 156  12059.58  22.5  27.7   2.7   .33  30.8
  3 1991 157  13549.93  21.5  28.8   2.8   .33   2.5
  3 1991 158  16125.92  21.0  30.2   2.8   .33  16.8
  3 1991 159  16932.86  22.0  29.2   2.8   .33  12.3
  3 1991 160  19775.59  24.0  29.9   3.0   .33   4.9
  3 1991 161  17595.28  22.6  30.9   2.8   .33   3.6
  3 1991 162  17723.21  22.5  30.2   3.0   .33   9.6
  3 1991 163  10803.58  22.5  30.1   2.8   .33  31.9
  3 1991 164  10664.63  23.0  27.4   2.9   .33   6.5
  3 1991 165  10661.45  21.5  28.3   2.7   .33  17.5
  3 1991 166  11199.98  20.0  28.4   2.7   .33   3.0
  3 1991 167  14174.05  21.0  28.4   2.8   .33    .2
  3 1991 168  17417.10  20.0  30.6   2.8   .33    .0
  3 1991 169  13085.58  21.0  28.8   2.7   .33  18.2
  3 1991 170  16598.50  21.0  29.8   2.7   .33  19.6
  3 1991 171  11864.46  22.0  29.0   2.5   .33  41.8
  3 1991 172  10646.49  22.0  27.4   2.8   .33   6.2
  3 1991 173  12402.34  20.2  29.0   2.5   .33   4.0
  3 1991 174  10644.62  21.0  27.8   2.7   .33    .0
  3 1991 175  15644.19  21.8  30.0   2.7   .33  16.1
  3 1991 176  10914.11  21.5  28.8   2.8   .33   3.0
  3 1991 177  10643.83  23.2  28.3   2.8   .33  20.3
  3 1991 178  11049.60  21.2  26.5   2.6   .33   2.8
  3 1991 179  19026.15  20.5  29.3   2.8   .33    .0
  3 1991 180  14296.14  22.0  29.0   2.8   .33    .0
  3 1991 181  10781.72  21.0  29.0   2.7   .33  36.3
  3 1991 182  11188.89  20.3  30.0   2.6   .38    .0
  3 1991 183  21204.40  21.2  30.5   2.6   .38    .0
  3 1991 184  16471.96  21.2  30.0   2.7   .38   5.4
  3 1991 185  10653.13  23.0  28.5   2.8   .38   7.3
  3 1991 186  10655.38  21.7  27.7   2.7   .38   1.2
  3 1991 187  12284.34  21.7  29.0   2.7   .38    .0
  3 1991 188  11067.35  20.5  28.2   2.7   .38  29.9
  3 1991 189  13648.37  22.0  28.8   2.6   .38  21.2
  3 1991 190  10666.49  22.5  25.5   2.8   .38  21.0
  3 1991 191  11756.46  21.0  28.8   2.7   .38  75.8
  3 1991 192  15838.27  22.0  29.5   2.9   .38   4.0
  3 1991 193  11356.88  21.5  27.0   2.8   .38   3.1
  3 1991 194  11633.33  22.2  28.0   2.9   .38  17.8
  3 1991 195  13817.17  21.4  29.2   2.8   .38   2.8
  3 1991 196  10688.56  21.0  26.2   2.5   .38  51.0
  3 1991 197  11101.96  22.2  27.8   2.7   .38  46.4
  3 1991 198  15065.54  21.0  29.7   2.8   .38    .0
  3 1991 199  10701.41  22.0  26.8   2.6   .38  35.5
  3 1991 200  13303.96  22.7  28.0   2.8   .38  28.9
  3 1991 201  10710.44  21.8  25.3   2.6   .38  19.3
  3 1991 202  11810.87  21.4  27.4   2.6   .38   1.1
  3 1991 203  16340.74  22.0  30.8   2.8   .38  46.1
  3 1991 204  10724.42  21.8  27.0   2.6   .38  82.1
  3 1991 205  15811.00  22.5  28.8   2.8   .38  47.0
  3 1991 206  11008.82  22.8  27.5   2.9   .38  10.2
  3 1991 207  10738.59  22.5  25.7   2.8   .38  14.0
  3 1991 208  11156.50  21.5  27.5   2.6   .38  16.9
  3 1991 209  13091.69  20.5  28.4   2.5   .38   1.0
  3 1991 210  19584.50  20.5  29.6   2.6   .34    .0
  3 1991 211  16558.69  20.2  28.4   2.6   .34   4.4
  3 1991 212  11038.18  21.9  26.8   2.6   .34  35.0
  3 1991 213  11734.84  21.5  28.0   2.7   .34  40.5
  3 1991 214  13956.61  21.0  29.0   2.7   .34  26.3
  3 1991 215  13547.87  21.0  29.0   2.8   .34    .0
  3 1991 216  14248.58  20.5  29.1   2.5   .34   1.4
  3 1991 217  18007.02  20.6  30.1   2.6   .34   2.3
  3 1991 218  10786.20  20.8  25.1   2.5   .34  12.9
  3 1991 219  10789.76  21.5  26.2   2.7   .34  67.4
  3 1991 220  12047.08  21.0  29.1   2.5   .34  13.5
  3 1991 221  11633.04  20.5  27.7   2.4   .34   1.3
  3 1991 222  11497.17  21.7  26.5   2.6   .34   8.5
  3 1991 223  17927.06  21.9  30.0   2.7   .34  92.7
  3 1991 224  10804.47  21.5  26.4   2.7   .34  26.6
  3 1991 225  10806.70  21.5  24.4   2.5   .34  20.8
  3 1991 226  18092.26  19.5  29.3   2.7   .34    .4
  3 1991 227  17399.02  21.4  29.4   2.8   .34   2.8
  3 1991 228  14038.56  21.7  29.4   2.7   .34  37.5
  3 1991 229  12778.50  22.8  28.7   3.0   .34   2.2
  3 1991 230  11094.59  21.5  29.0   2.8   .34   9.5
  3 1991 231  17422.98  22.5  28.4   2.9   .34    .0
  3 1991 232  17005.60  21.0  30.2   2.6   .34   1.4
  3 1991 233  11095.45  21.5  29.0   2.6   .34  24.6
  3 1991 234  10813.21  22.7  25.7   2.8   .34  38.8
  3 1991 235  16310.87  21.5  29.5   2.6   .34   2.1
  3 1991 236  10810.84  21.6  28.8   2.7   .34   1.0
  3 1991 237  13349.83  21.0  29.5   2.5   .34   6.7
  3 1991 238  10806.90  22.6  26.5   2.9   .34  29.2
  3 1991 239  13065.08  22.5  28.4   2.9   .34   6.2
  3 1991 240  14476.73  20.0  30.0   2.7   .34   5.3
  3 1991 241  12919.22  20.5  29.4   2.7   .34  19.9
  3 1991 242  13906.50  20.7  28.8   2.6   .34  39.3
  3 1991 243  11072.80  20.2  27.7   2.5   .34    .9
  3 1991 244  22535.14  20.9  30.5   2.7   .34    .1
  3 1991 245  22108.28  23.6  30.9   2.9   .33    .0
  3 1991 246  19697.35  22.5  30.4   3.0   .33  11.2
  3 1991 247  18842.91  20.5  30.4   2.8   .33    .2
  3 1991 248  11611.51  21.4  28.8   2.8   .33   3.6
  3 1991 249  10754.31  21.6  25.5   2.7   .33  10.4
  3 1991 250  13439.23  19.8  28.4   2.4   .33  13.5
  3 1991 251  13998.08  20.3  29.3   2.6   .33  36.5
  3 1991 252  16256.80  22.0  29.7   2.7   .33   4.8
  3 1991 253  10721.15  22.0  25.7   2.7   .33   4.7
  3 1991 254  12836.86  21.5  28.7   2.7   .33  36.3
  3 1991 255  18209.58  22.5  30.0   2.9   .33   4.0
  3 1991 256  16922.85  21.7  30.0   2.9   .33    .7
  3 1991 257  13512.00  21.2  29.4   2.8   .33  15.5
  3 1991 258  16755.37  21.0  29.0   2.7   .33  55.9
  3 1991 259  10656.59  21.5  27.0   2.5   .33  42.2
  3 1991 260  11775.69  21.0  28.3   2.6   .33   2.2
  3 1991 261  15155.49  20.6  29.2   2.4   .33   2.9
  3 1991 262  13161.35  22.0  28.5   2.7   .33   8.1
  3 1991 263  16112.13  21.0  29.5   2.6   .33   2.2
  3 1991 264  12847.76  22.0  29.0   2.8   .33   6.0
  3 1991 265  11279.59  20.7  28.0   2.7   .33   2.9
  3 1991 266  10840.75  21.5  28.3   2.8   .33    .0
  3 1991 267  15050.93  21.0  28.3   2.6   .33   1.3
  3 1991 268  15875.70  21.0  30.2   2.6   .33    .0
  3 1991 269  19089.54  20.5  30.5   2.6   .33  15.0
  3 1991 270  19064.85  21.6  30.6   2.8   .33   8.2
  3 1991 271  14265.52  21.5  29.4   2.6   .33  33.5
  3 1991 272  11438.26  20.5  28.2   2.6   .33   5.8
  3 1991 273  10998.24  22.0  28.2   2.7   .24  21.1
  3 1991 274  14338.22  21.5  29.4   2.8   .24    .2
  3 1991 275  18789.11  20.3  30.6   2.7   .24    .0
  3 1991 276  14709.11  22.0  28.9   2.8   .24  54.4
  3 1991 277  17613.42  21.0  29.5   2.8   .24  12.4
  3 1991 278  12149.56  22.0  28.9   2.8   .24  19.3
  3 1991 279  16857.78  20.5  29.5   2.5   .24    .0
  3 1991 280  18634.56  20.2  30.0   2.6   .24    .3
  3 1991 281  20128.26  19.0  31.2   2.3   .24    .0
  3 1991 282  20231.03  19.7  31.2   2.6   .24    .0
  3 1991 283  15765.25  21.2  29.5   2.5   .24  62.3
  3 1991 284  14628.66  19.5  29.0   2.4   .24  23.0
  3 1991 285  14874.85  20.7  30.0   2.6   .24  34.9
  3 1991 286  15946.45  20.0  30.0   2.6   .24  42.2
  3 1991 287  14537.92  19.5  29.0   2.6   .24  19.1
  3 1991 288  11347.83  19.6  28.3   2.6   .24    .0
  3 1991 289  13104.12  21.2  28.0   2.6   .24    .9
  3 1991 290  14580.38  22.0  28.9   2.8   .24   1.2
  3 1991 291  15367.91  20.0  28.5   2.5   .24    .8
  3 1991 292  15879.42  21.0  28.5   2.5   .24    .0
  3 1991 293  13937.42  20.7  27.5   2.6   .24   1.5
  3 1991 294  20430.08  21.5  30.0   2.6   .24    .0
  3 1991 295  15907.82  20.5  29.0   2.6   .24    .0
  3 1991 296  10859.92  21.5  27.2   2.7   .24   4.4
  3 1991 297  12454.73  22.0  28.0   2.7   .24  16.1
  3 1991 298  12828.89  20.6  29.5   2.5   .24   1.5
  3 1991 299  14682.86  21.0  29.0   2.6   .24   1.4
  3 1991 300  15722.96  20.3  29.2   2.7   .24  13.9
  3 1991 301  18234.53  20.0  29.5   2.7   .24   1.8
  3 1991 302  16317.48  20.3  29.0   2.5   .24  29.3
  3 1991 303  18683.99  20.0  29.0   2.5   .24   2.3
  3 1991 304  17173.26  21.5  29.6   2.7   .24    .0
  3 1991 305  14337.31  20.4  28.5   2.7   .24  17.2
  3 1991 306   9652.81  21.5  25.0   2.5   .24  37.8
  3 1991 307   9759.60  21.0  25.5   2.6   .24  18.3
  3 1991 308  10130.58  20.5  25.5   2.5   .37  15.5
  3 1991 309  16838.12  19.5  28.5   2.5   .37    .0
  3 1991 310  20224.38  19.5  29.7   2.5   .37    .0
  3 1991 311  19520.22  19.2  29.7   2.4   .37    .1
  3 1991 312  18162.70  19.7  29.3   2.5   .37    .0
  3 1991 313  15238.84  19.0  28.2   2.2   .37  19.1
  3 1991 314   9450.67  20.0  27.9   2.3   .37  55.7
  3 1991 315   9426.32  19.2  22.0   2.3   .37  64.3
  3 1991 316   9402.25  20.2  23.5   2.3   .37  40.1
  3 1991 317  10158.27  20.7  25.8   2.6   .37    .2
  3 1991 318  15192.21  21.2  28.5   2.6   .37    .7
  3 1991 319  17229.48  20.0  28.1   2.6   .37    .0
  3 1991 320  21197.83  19.5  29.7   2.5   .37    .0
  3 1991 321  19605.57  19.8  28.7   2.5   .37    .0
  3 1991 322  19307.21  19.0  29.4   2.3   .37    .0
  3 1991 323  19010.54  19.0  28.9   2.5   .37    .0
  3 1991 324  17176.11  19.5  30.1   2.3   .37    .6
  3 1991 325   9201.60  21.5  24.9   2.6   .37  45.2
  3 1991 326   9181.46  21.2  24.4   2.6   .37  35.4
  3 1991 327  11076.35  20.2  27.3   2.5   .37   4.6
  3 1991 328   9142.73  20.7  27.3   2.5   .37 179.6
  3 1991 329   9124.17  21.0  24.0   2.6   .37  60.8
  3 1991 330   9106.17  21.0  24.5   2.6   .37  19.1
  3 1991 331  10737.66  20.4  24.9   2.5   .37  87.9
  3 1991 332   9451.90  21.5  26.2   2.6   .37  24.4
  3 1991 333  12470.64  20.0  27.3   2.7   .37   1.8
  3 1991 334  11440.01  22.0  28.4   2.8   .37   2.2
  3 1991 335   9025.25  21.0  29.2   2.7   .37   7.8
  3 1991 336  15562.36  20.5  29.4   2.7   .37    .0
  3 1991 337  12898.42  20.5  28.7   2.7   .37   6.2
  3 1991 338   9613.02  21.5  25.2   2.4   .37  20.3
  3 1991 339  13367.11  20.5  28.0   2.6   .37    .0
  3 1991 340   9964.41  19.5  26.7   2.4   .37   5.1
  3 1991 341  16594.78  17.5  28.3   2.3   .37   7.4
  3 1991 342  11694.86  21.5  28.0   2.5   .37  33.8
  3 1991 343  10056.97  22.0  26.5   2.7   .37  49.3
  3 1991 344  11047.83  20.5  27.5   2.5   .37   4.1
  3 1991 345  19534.33  20.5  28.5   2.6   .37   1.2
  3 1991 346   9407.37  20.2  25.4   2.4   .37   6.3
  3 1991 347  12396.06  18.8  28.0   2.3   .37    .0
  3 1991 348  13886.00  18.5  26.5   2.3   .37   1.0
  3 1991 349  13380.82  18.4  28.0   2.3   .37    .4
  3 1991 350  14996.17  19.2  27.9   2.3   .37   1.0
  3 1991 351   9010.09  19.0  26.7   2.2   .37    .6
  3 1991 352  17605.35  17.5  28.4   2.2   .37    .0
  3 1991 353   9878.89  18.5  27.7   2.2   .37    .0
  3 1991 354  18474.86  17.7  28.7   2.2   .37   3.8
  3 1991 355  16856.13  20.8  27.8   2.5   .37    .0
  3 1991 356  12870.94  18.5  26.9   2.1   .37   8.7
  3 1991 357  16737.51  19.8  27.5   2.4   .37   1.1
  3 1991 358  12753.19  17.5  25.5   2.2   .37    .9
  3 1991 359   9141.59  16.6  23.3   1.9   .37    .8
  3 1991 360  12639.72  19.0  27.0   2.2   .37    .7
  3 1991 361  11897.98  20.0  28.2   2.4   .37    .0
  3 1991 362  15777.81  20.7  28.5   2.7   .37  13.3
  3 1991 363   8915.22  21.5  28.5   2.6   .37  34.5
  3 1991 364  13175.43  18.0  27.4   2.3   .37   5.3
  3 1991 365  19946.52  17.2  28.0   2.1   .37    .0
