*---------------------------------------------------------              
* Station name: Los Diamantes                                           
* Author: Atlantic Zone Project, AUW-MAG-CATIE, Costa Rica              
* Source: IMN, San Jose, Costa Rica                                     
*                                                                       
* Comments: Wind speed data still lacking                               
*           Check unit of vapor pressure                                
*                                                                       
*                                                                       
* Longitude:  83  46 W, latitude:  10  13 N, altitude: 249 m.           
* Column  Daily value                                                   
*    1    station number                                                
*    2    year                                                          
*    3    month                                                         
*    4    day                                                           
*    5    julian date                                                   
*    6    irradiation            (cal cm-2 d-1)                         
*    7    minimum temperature    (degrees Celcius)                      
*    8    maximum temperature    (degrees Celcius)                      
*    9    vapor pressure at 0700 (mbar)                                 
*   10    vapor pressure at 1300 (mbar)                                 
*   11    vapor pressure at 1800 (mbar)                                 
*   12    mean wind speed        (kilometer per hour)                   
*   13    precipitation          (mm d-1)                               
*   14    sunshine hours         (hours)                                
* Missing value: -99                                                    
*---------------------------------------------------------              
*  data converted with WDC for CABO-format
*-------------------------------------------
  83.77  10.22   249.  .00  .00
  3 1979   1  10083.44  18.4  27.5   1.7   .42    .0
  3 1979   2  13681.68  11.0  29.0   1.6   .42   1.4
  3 1979   3  10376.32  12.6  29.0   1.7   .42  21.7
  3 1979   4   9665.04  19.2  26.5   1.8   .42   4.9
  3 1979   5  14476.64  16.2  28.2   1.5   .42    .8
  3 1979   6  16401.28  14.3  28.3   1.4   .42    .0
  3 1979   7  16359.44  12.6  28.3   1.4   .42    .0
  3 1979   8  15731.84  12.0  28.6   1.5   .42    .1
  3 1979   9   7405.68  11.0  28.5   1.7   .42  12.9
  3 1979  10  13388.80  14.0  29.0   1.5   .42    .0
  3 1979  11  11882.56  16.8  28.5   1.4   .42    .0
  3 1979  12   9539.52  18.0  27.0   1.6   .42   3.3
  3 1979  13  11882.56  18.2  28.3   1.5   .42    .0
  3 1979  14   5899.44  20.5  26.2   1.8   .42   2.8
  3 1979  15   8577.20  19.0  25.8   1.7   .42   1.7
  3 1979  16  15020.56  16.1  28.5   1.5   .42   1.5
  3 1979  17  18284.08  20.0  27.2   1.8   .42  32.0
  3 1979  18  11547.84  20.5  28.5   1.8   .42   7.7
  3 1979  19  12970.40  18.0  28.0   1.7   .42   1.2
  3 1979  20  15648.16  15.8  29.0   1.4   .42    .0
  3 1979  21  13932.72  16.2  29.5   1.6   .42    .0
  3 1979  22  12342.80  17.0  28.0   1.5   .42    .0
  3 1979  23  10711.04  17.2  28.0   1.5   .42    .2
  3 1979  24   8158.80  17.5  29.5   1.5   .42    .0
  3 1979  25  14811.36  17.4  29.5   1.5   .42   1.3
  3 1979  26  15313.44  18.4  29.3   1.6   .42   1.5
  3 1979  27  13472.48  21.9  29.6   1.9   .42    .6
  3 1979  28  15731.84  18.0  30.5   1.8   .44    .0
  3 1979  29  14434.80  19.2  29.0   1.8   .44    .0
  3 1979  30  12217.28  15.0  28.0   1.5   .44    .1
  3 1979  31  14351.12  20.8  29.0   1.8   .44    .6
  3 1979  32   8911.92  21.6  28.0   1.9   .44   8.8
  3 1979  33  13472.48  21.6  28.5   1.6   .44  17.0
  3 1979  34  13263.28  20.0  28.5   1.6   .44    .0
  3 1979  35  13179.60  16.4  27.5   1.5   .44   4.6
  3 1979  36   8995.60  19.8  27.5   1.8   .44    .6
  3 1979  37   9414.00  19.4  27.4   1.6   .44    .8
  3 1979  38   7740.40  20.0  26.5   1.9   .44  13.7
  3 1979  39  16359.44  20.8  29.0   1.8   .44    .5
  3 1979  40  15313.44  17.4  28.5   1.5   .44   2.1
  3 1979  41   9288.48  19.3  27.5   1.6   .44   6.3
  3 1979  42  10292.64  13.4  27.5   1.7   .44    .6
  3 1979  43  14058.24  19.8  27.5   1.7   .44    .2
  3 1979  44  10836.56  19.2  26.5   1.6   .44   1.1
  3 1979  45  13807.20  18.0  28.6   1.8   .44   2.1
  3 1979  46  17238.08  17.3  33.0   1.5   .44   2.3
  3 1979  47  14685.84  18.5  29.0   1.7   .44    .2
  3 1979  48  14016.40  18.0  28.5   1.6   .44  10.5
  3 1979  49  12217.28  15.0  29.0   1.8   .44   1.3
  3 1979  50  15648.16  17.4  29.0   1.7   .44    .5
  3 1979  51   8033.28  19.0  29.0   1.9   .44  27.5
  3 1979  52   7363.84  20.0  24.5   1.7   .44    .5
  3 1979  53   7740.40  18.2  26.0   1.5   .44   1.6
  3 1979  54  14644.00  20.6  29.0   1.7   .44   9.0
  3 1979  55   9204.80  20.6  27.0   1.9   .44  10.8
  3 1979  56   7740.40  19.3  27.0   1.9   .43    .3
  3 1979  57  13305.12  19.6  29.5   1.6   .43    .2
  3 1979  58   5815.76  20.1  25.5   1.7   .43  16.4
  3 1979  59  12510.16  19.8  28.5   1.7   .43   2.2
  3 1979  60  16275.76  18.4  29.5   1.6   .43   9.2
  3 1979  61  19037.20  19.0  29.5   1.8   .43   2.0
  3 1979  62  18116.72  16.4  29.6   2.2   .43    .1
  3 1979  63  14895.04  19.0  29.5   1.8   .43   1.0
  3 1979  64  12635.68  19.4  27.5   1.8   .43    .0
  3 1979  65   9079.28  20.0  27.0   1.7   .43   1.0
  3 1979  66  16401.28  19.0  29.0   1.7   .43    .0
  3 1979  67  16819.68  17.1  29.6   1.5   .43    .0
  3 1979  68  15397.12  17.2  28.5   1.5   .43    .0
  3 1979  69  16610.48  15.0  28.0   1.7   .43    .0
  3 1979  70   5983.12  18.4  24.0   1.8   .43  15.2
  3 1979  71  15606.32  20.1  29.0   1.9   .43    .7
  3 1979  72   9414.00  20.1  26.5   1.8   .43  10.1
  3 1979  73  16903.36  19.8  28.3   1.7   .43   1.6
  3 1979  74   7363.84  19.0  25.0   1.6   .43   7.8
  3 1979  75  15857.36  17.2  28.5   1.6   .43   7.8
  3 1979  76  19162.72  20.2  28.5   1.9   .43   4.7
  3 1979  77  20376.08  15.4  29.0   1.7   .43    .0
  3 1979  78  20961.84  17.0  29.5   1.5   .43    .0
  3 1979  79  17489.12  14.4  29.5   1.6   .43    .0
  3 1979  80  14267.44  16.2  30.0   1.7   .43    .0
  3 1979  81  15229.76  18.0  30.0   1.6   .43    .0
  3 1979  82  15020.56  17.4  30.0   1.9   .43    .0
  3 1979  83  15773.68  19.5  31.5   1.9   .43    .0
  3 1979  84  15397.12  19.6  31.5   1.8   .43   1.0
  3 1979  85  17991.20  22.0  30.2   1.9   .43    .0
  3 1979  86  20334.24  21.8  28.2   2.0   .43   5.3
  3 1979  87  15857.36  21.0  27.9   1.9   .43    .2
  3 1979  88  19999.52  19.0  29.3   1.8   .43    .0
  3 1979  89  19413.76  18.0  29.3   1.6   .43    .0
  3 1979  90  16610.48  19.1  28.6   1.8   .43   3.5
  3 1979  91   9455.84  17.2  28.0   1.9   .39   7.8
  3 1979  92   4225.84  19.4  27.5   1.9   .39  48.6
  3 1979  93  10041.60  20.3  28.5   1.9   .39   5.4
  3 1979  94  13890.88  20.0  28.5   2.1   .39   1.2
  3 1979  95  10208.96  21.3  28.5   1.9   .39  25.3
  3 1979  96   4476.88  22.1  28.2   1.9   .39 127.8
  3 1979  97   4727.92  20.4  25.0   2.0   .39  44.9
  3 1979  98   9246.64  20.2  27.0   1.9   .39  21.3
  3 1979  99   8158.80  20.8  26.5   1.8   .39    .9
  3 1979 100  13765.36  20.4  29.0   1.9   .39   2.2
  3 1979 101  10083.44  22.0  27.0   2.0   .39   7.0
  3 1979 102   8535.36  24.0  28.4   2.1   .39  26.1
  3 1979 103   7280.16  23.2  27.5   2.2   .39  25.6
  3 1979 104   8619.04  22.1  27.8   2.1   .39  16.6
  3 1979 105  15941.04  21.4  29.5   2.1   .39    .1
  3 1979 106   6527.04  22.0  28.0   2.0   .39   8.5
  3 1979 107  10543.68  20.3  29.0   1.6   .39   3.3
  3 1979 108  13849.04  21.5  31.0   1.9   .39  14.2
  3 1979 109  13598.00  22.0  29.6   2.1   .39  19.7
  3 1979 110  13263.28  22.0  29.0   2.1   .39  14.3
  3 1979 111  11213.12  22.0  29.0   2.0   .39  67.6
  3 1979 112   7991.44  21.0  28.2   2.0   .39  65.4
  3 1979 113  12049.92  19.0  29.0   2.0   .39   1.5
  3 1979 114  10585.52  22.3  29.9   2.3   .39   6.9
  3 1979 115  10208.96  21.6  29.0   2.0   .39   3.2
  3 1979 116  12049.92  21.4  30.0   1.9   .39    .7
  3 1979 117  14644.00  21.0  32.5   2.0   .39  18.8
  3 1979 118  13514.32  20.6  31.0   2.0   .39  12.7
  3 1979 119  10836.56  21.2  30.0   2.1   .37  24.8
  3 1979 120  15648.16  19.6  31.5   1.9   .37   1.3
  3 1979 121  13514.32  18.0  31.0   2.0   .37    .7
  3 1979 122  10794.72  21.0  31.0   2.2   .37  13.9
  3 1979 123  12217.28  22.1  30.0   2.2   .37  26.2
  3 1979 124  11924.40  21.6  30.1   2.1   .37  12.5
  3 1979 125  14392.96  21.1  30.2   1.9   .37   2.5
  3 1979 126  13974.56  22.4  31.0   2.2   .37  20.3
  3 1979 127  10460.00  23.1  29.5   2.2   .37  71.9
  3 1979 128  10167.12  23.0  29.5   2.1   .37  63.2
  3 1979 129  13849.04  20.8  30.1   2.1   .37    .1
  3 1979 130  12091.76  21.0  29.5   1.9   .37    .0
  3 1979 131  11045.76  22.8  29.5   2.2   .37  31.3
  3 1979 132  10334.48  21.6  28.5   2.0   .37  13.0
  3 1979 133  15397.12  22.2  30.1   2.2   .37   1.2
  3 1979 134  14476.64  21.6  30.8   2.0   .37  21.1
  3 1979 135   8116.96  21.0  29.5   2.1   .37   4.3
  3 1979 136   7029.12  21.0  27.5   2.0   .37  13.8
  3 1979 137  13849.04  20.6  29.5   1.9   .37   1.0
  3 1979 138  13012.24  20.4  30.5   1.9   .37    .0
  3 1979 139  14225.60  19.6  30.1   1.8   .37   8.8
  3 1979 140  14518.48  19.2  30.5   2.1   .37    .0
  3 1979 141  12635.68  19.3  30.0   1.8   .37    .0
  3 1979 142  13095.92  19.2  30.5   1.9   .37   4.4
  3 1979 143  18828.00  20.0  31.0   1.9   .37    .0
  3 1979 144  15522.64  20.0  31.5   2.0   .37    .0
  3 1979 145  10794.72  20.3  30.0   2.0   .37   8.8
  3 1979 146  23256.16  20.2  30.6   1.7   .37    .0
  3 1979 147  21727.97  21.2  31.0   2.1   .37    .0
  3 1979 148   4058.48  22.2  31.0   2.0   .37   3.1
  3 1979 149  15257.39  20.6  29.5   2.0   .37   8.7
  3 1979 150   3305.36  21.4  29.5   2.1   .37   1.0
  3 1979 151   6778.08  21.0  28.0   2.1   .37   8.2
  3 1979 152  13998.13  21.0  29.8   2.0   .37  49.9
  3 1979 153  14560.32  20.8  30.0   1.9   .37    .9
  3 1979 154  15617.92  21.0  30.0   2.1   .33  23.6
  3 1979 155  10711.04  22.1  29.2   2.0   .33    .2
  3 1979 156  17233.74  20.1  30.0   2.0   .33  71.3
  3 1979 157  14230.83  20.0  30.0   2.0   .33    .2
  3 1979 158   8326.16  21.1  28.0   1.9   .33   7.3
  3 1979 159   8158.80  21.8  28.0   2.1   .33  80.0
  3 1979 160  19234.41  19.4  30.1   1.9   .33   2.6
  3 1979 161  16359.44  21.0  31.0   2.2   .33    .1
  3 1979 162  17112.56  21.8  32.0   2.0   .33    .1
  3 1979 163  17865.68  21.8  32.1   2.0   .33    .4
  3 1979 164  14434.80  21.4  30.5   2.0   .33    .1
  3 1979 165  11464.16  22.1  29.5   2.1   .33   5.1
  3 1979 166   5146.32  22.6  26.3   2.0   .33    .4
  3 1979 167  11966.24  21.4  29.0   1.9   .33  40.4
  3 1979 168   9204.80  20.8  29.5   2.0   .33   5.3
  3 1979 169  15397.12  21.0  30.0   1.9   .33   1.7
  3 1979 170   9874.24  21.8  29.5   1.9   .33   4.2
  3 1979 171   3640.08  21.6  29.5   2.1   .33  14.4
  3 1979 172  13755.88  20.5  28.0   2.0   .33   5.5
  3 1979 173   5983.12  21.9  27.0   2.0   .33  33.2
  3 1979 174  15240.39  20.3  29.5   1.9   .33  11.2
  3 1979 175  13617.77  20.2  29.5   1.9   .33   1.1
  3 1979 176  13347.24  22.8  29.6   2.1   .33    .6
  3 1979 177  13598.00  19.0  30.5   2.1   .33   8.9
  3 1979 178   6736.24  22.8  30.5   2.1   .33  20.1
  3 1979 179  19298.40  22.4  31.0   2.2   .33   7.3
  3 1979 180   9330.32  22.5  28.5   2.2   .33  15.2
  3 1979 181  16192.64  21.2  30.0   2.0   .33    .0
  3 1979 182  14165.81  21.2  30.2   2.2   .38   9.1
  3 1979 183  13807.20  22.8  30.5   2.2   .38    .0
  3 1979 184  17014.82  22.0  30.5   2.0   .38    .7
  3 1979 185  18509.26  22.0  31.1   2.2   .38  33.1
  3 1979 186  11798.88  21.6  29.0   2.0   .38    .4
  3 1979 187  18249.79  22.4  30.5   2.1   .38  76.2
  3 1979 188  11129.44  21.6  29.0   2.0   .38    .1
  3 1979 189  19620.25  21.6  30.0   2.3   .38    .0
  3 1979 190  10501.84  22.2  30.0   2.1   .38    .0
  3 1979 191  17191.38  21.2  31.0   2.0   .38   6.8
  3 1979 192  20053.92  22.2  31.5   2.1   .38   4.8
  3 1979 193  10794.72  21.6  29.0   2.2   .38    .0
  3 1979 194  10836.56  20.0  29.0   1.8   .38  10.3
  3 1979 195  12217.28  20.6  29.5   1.8   .38    .2
  3 1979 196   5815.76  21.0  29.2   1.9   .38   2.0
  3 1979 197   5481.04  21.6  29.5   1.9   .38  57.1
  3 1979 198  10833.57  20.4  25.5   1.8   .38   3.6
  3 1979 199  18490.84  20.1  29.0   1.8   .38  12.0
  3 1979 200  14434.80  20.0  28.6   1.8   .38    .0
  3 1979 201  20840.08  21.8  30.5   1.9   .38    .0
  3 1979 202  18935.43  20.6  32.5   2.1   .38   6.8
  3 1979 203  20376.08  20.1  32.5   1.9   .38    .1
  3 1979 204  13263.28  21.0  30.5   2.0   .38    .0
  3 1979 205  14016.40  22.1  30.0   2.1   .38    .9
  3 1979 206  16694.16  20.6  30.5   1.9   .38  14.6
  3 1979 207   9874.24  20.3  29.9   2.0   .38   1.3
  3 1979 208  15313.44  19.7  31.0   1.8   .38   5.0
  3 1979 209  16819.68  21.3  31.0   2.0   .38    .2
  3 1979 210  16819.68  21.4  31.0   2.1   .34  25.0
  3 1979 211  11171.28  22.3  27.0   2.1   .34  17.6
  3 1979 212  13305.12  21.6  29.0   1.9   .34   1.4
  3 1979 213  16275.76  21.9  31.0   2.0   .34    .0
  3 1979 214  11338.64  21.2  30.5   2.0   .34    .3
  3 1979 215  10208.96  20.2  28.2   1.9   .34   1.8
  3 1979 216  11422.32  20.0  30.0   2.0   .34  27.9
  3 1979 217   2426.72  22.2  29.0   2.2   .34  16.5
  3 1979 218   2677.76  22.0  30.0   2.0   .34  56.3
  3 1979 219  18725.72  20.8  30.5   1.9   .34  19.9
  3 1979 220   4435.04  22.2  26.4   2.0   .34  28.1
  3 1979 221   6903.60  22.2  29.5   2.1   .34  25.7
  3 1979 222  13870.74  22.0  29.2   2.1   .34  18.8
  3 1979 223   4602.40  23.2  26.4   2.1   .34  44.6
  3 1979 224   9957.92  22.2  29.5   2.1   .34  35.0
  3 1979 225  17245.85  22.8  30.5   2.1   .34   9.9
  3 1979 226   6234.16  22.0  30.5   2.0   .34  24.4
  3 1979 227  15297.23  21.2  27.5   1.9   .34   3.7
  3 1979 228   9706.88  20.2  27.8   1.8   .34  18.4
  3 1979 229   9162.96  20.1  28.5   2.0   .34  85.9
  3 1979 230  10334.48  20.3  29.0   2.0   .34   3.3
  3 1979 231   5481.04  21.4  27.5   2.0   .34  19.2
  3 1979 232  10543.68  21.0  28.5   2.0   .34  15.3
  3 1979 233  10920.24  20.3  30.0   2.0   .34   8.8
  3 1979 234  19692.06  20.7  29.6   2.0   .34    .1
  3 1979 235  15324.91  20.0  29.0   1.8   .34    .9
  3 1979 236   9121.12  21.0  29.1   2.0   .34  47.8
  3 1979 237  19844.84  20.0  30.0   1.8   .34    .0
  3 1979 238  24226.43  21.0  31.0   2.0   .34    .0
  3 1979 239  23523.81  21.6  31.0   1.9   .34   2.3
  3 1979 240  14016.40  20.0  30.5   1.9   .34  90.8
  3 1979 241   8242.48  20.5  29.5   1.9   .34  11.4
  3 1979 242  11171.28  17.8  30.0   2.0   .34    .2
  3 1979 243  18999.95  21.6  31.0   2.1   .34    .0
  3 1979 244   9121.12  21.2  29.0   1.9   .34   4.1
  3 1979 245  10794.72  21.8  29.5   2.1   .33   3.2
  3 1979 246  17715.93  20.8  31.2   2.0   .33    .1
  3 1979 247  17286.01  21.4  31.5   2.1   .33    .0
  3 1979 248  16855.21  21.2  31.6   2.1   .33    .0
  3 1979 249  19399.94  20.0  31.5   2.0   .33    .0
  3 1979 250  13581.56  21.8  29.7   2.0   .33   3.6
  3 1979 251  18534.56  19.8  31.5   1.9   .33    .5
  3 1979 252  17675.40  21.2  31.0   2.0   .33  20.1
  3 1979 253  16106.86  20.2  31.0   2.0   .33    .6
  3 1979 254  17088.72  21.6  30.5   2.0   .33   3.6
  3 1979 255  11126.69  21.6  30.5   2.0   .33  18.8
  3 1979 256  11824.40  21.3  29.2   2.0   .33  17.6
  3 1979 257  17761.39  21.0  31.5   2.0   .33  29.8
  3 1979 258  13500.27  21.0  28.0   2.0   .33    .0
  3 1979 259  18157.95  21.4  29.8   2.1   .33  46.6
  3 1979 260  18284.00  21.0  30.0   2.1   .33  10.2
  3 1979 261  16004.98  20.3  29.7   2.0   .33    .0
  3 1979 262  19381.27  21.6  31.8   1.9   .33  12.8
  3 1979 263  16678.42  22.2  31.2   2.1   .33   9.0
  3 1979 264  11012.75  21.2  27.0   2.0   .33    .1
  3 1979 265  20592.59  20.0  30.5   1.8   .33    .0
  3 1979 266  15776.12  21.0  31.0   2.1   .33   6.9
  3 1979 267  20124.57  18.5  30.0   1.6   .33    .0
  3 1979 268  21931.23  19.8  31.5   1.9   .33   4.2
  3 1979 269  14730.19  21.6  31.1   2.0   .33  24.6
  3 1979 270  18504.46  21.8  30.2   1.9   .33  43.5
  3 1979 271  14687.66  22.0  29.5   2.1   .33  28.4
  3 1979 272  15086.34  22.0  28.0   2.0   .33  37.3
  3 1979 273  16184.36  21.4  29.5   2.1   .24  11.4
  3 1979 274  10250.80  22.2  31.0   2.0   .24   6.5
  3 1979 275  13305.12  21.8  29.0   1.9   .24   1.5
  3 1979 276   8200.64  21.6  27.2   2.0   .24   4.0
  3 1979 277   5564.72  20.0  31.0   1.9   .24    .5
  3 1979 278  14978.72  22.7  26.6   2.0   .24   7.5
  3 1979 279   5983.12  21.8  27.6   2.0   .24    .1
  3 1979 280   8535.36  20.8  29.0   2.0   .24  37.5
  3 1979 281  11798.88  21.6  30.0   2.1   .24  70.3
  3 1979 282   8535.36  21.6  28.5   2.1   .24  11.7
  3 1979 283   5313.68  21.0  31.0   2.0   .24   3.2
  3 1979 284  13765.36  21.6  29.5   1.9   .24    .3
  3 1979 285  11003.92  22.0  29.3   2.0   .24   8.5
  3 1979 286  11924.40  21.6  30.5   2.0   .24   1.0
  3 1979 287  11798.88  23.2  31.0   2.3   .24  49.8
  3 1979 288  14225.60  20.2  31.2   2.1   .24  14.6
  3 1979 289  13932.72  20.8  31.0   2.1   .24    .0
  3 1979 290  14351.12  20.2  31.0   2.1   .24   6.3
  3 1979 291  10752.88  21.4  31.0   2.1   .24    .0
  3 1979 292  15397.12  20.6  31.0   2.1   .24   7.0
  3 1979 293  13263.28  22.1  31.1   2.0   .24   9.4
  3 1979 294  11045.76  20.0  30.0   2.0   .24   8.3
  3 1979 295  12259.12  21.6  30.5   1.9   .24   2.8
  3 1979 296  15564.48  21.0  30.0   1.9   .24  45.1
  3 1979 297  11589.68  20.6  29.5   1.9   .24   2.7
  3 1979 298  13179.60  21.4  29.3   2.0   .24    .3
  3 1979 299   7154.64  22.0  29.0   2.0   .24  23.0
  3 1979 300  10460.00  20.4  28.0   1.7   .24    .0
  3 1979 301   8786.40  19.2  30.5   1.9   .24    .0
  3 1979 302  10426.20  21.6  29.0   2.2   .24    .0
  3 1979 303   7656.72  21.2  30.5   1.8   .24  22.2
  3 1979 304  10250.80  20.2  31.0   2.0   .24    .0
  3 1979 305  19929.90  22.2  31.1   2.0   .24   2.2
  3 1979 306  11715.20  22.2  29.0   2.1   .24  33.1
  3 1979 307   9497.68  21.8  28.4   2.0   .24  34.0
  3 1979 308   9581.36  21.6  28.0   2.0   .37  55.3
  3 1979 309   7656.72  21.6  27.0   2.0   .37    .0
  3 1979 310   7363.84  22.2  29.5   1.8   .37    .0
  3 1979 311  13346.96  19.6  27.0   1.9   .37  31.5
  3 1979 312   7280.16  21.6  29.0   1.8   .37   1.0
  3 1979 313   9623.20  21.0  29.5   1.9   .37  21.2
  3 1979 314   9999.76  20.4  30.0   1.9   .37  13.0
  3 1979 315  10543.68  21.2  30.8   2.1   .37    .0
  3 1979 316  12008.08  22.2  26.0   2.0   .37   7.0
  3 1979 317   2886.96  21.8  25.0   2.0   .37  73.0
  3 1979 318   1799.12  21.2  26.6   2.0   .37   2.2
  3 1979 319   6987.28  20.6  26.0   2.0   .37  72.2
  3 1979 320   5732.08  20.4  26.0   2.0   .37  38.1
  3 1979 321   5020.80  20.3  26.0   1.8   .37    .1
  3 1979 322  10041.60  20.4  28.5   2.0   .37    .0
  3 1979 323   8116.96  18.4  29.0   1.9   .37   8.7
  3 1979 324   9350.54  21.6  27.5   2.0   .37   1.1
  3 1979 325   5732.08  21.0  27.4   2.0   .37  24.0
  3 1979 326   7531.20  21.0  28.0   1.9   .37    .9
  3 1979 327   9330.32  22.1  27.7   2.0   .37  63.7
  3 1979 328   4435.04  21.0  26.6   1.8   .37    .0
  3 1979 329  10014.94  16.2  28.5   1.6   .37    .0
  3 1979 330   7489.36  18.6  29.4   1.7   .37    .0
  3 1979 331  13639.84  18.0  29.4   1.7   .37    .0
  3 1979 332  15532.74  20.0  29.6   1.8   .37   1.8
  3 1979 333  10543.68  22.8  27.0   2.0   .37  14.1
  3 1979 334   4853.44  22.0  24.5   1.9   .37  65.7
  3 1979 335  10167.12  18.5  27.0   1.7   .37   7.8
  3 1979 336   2468.56  20.9  23.1   1.9   .37   6.2
  3 1979 337  13221.44  23.0  30.0   2.1   .37  10.3
  3 1979 338  16526.80  20.0  29.5   2.0   .37    .0
  3 1979 339  12886.72  18.2  29.5   1.5   .37    .0
  3 1979 340  10208.96  20.2  29.6   1.9   .37   5.3
  3 1979 341  10418.16  20.8  29.3   2.0   .37    .4
  3 1979 342   2259.36  22.1  26.5   2.1   .37  78.1
  3 1979 343   8930.97  20.7  23.6   2.1   .37  46.6
  3 1979 344  15424.91  20.4  28.5   1.9   .37    .0
  3 1979 345  15522.64  20.0  30.1   1.8   .37    .0
  3 1979 346  17572.80  22.2  29.5   1.8   .37    .0
  3 1979 347  20260.57  19.6  30.1   1.7   .37    .0
  3 1979 348  23263.04  20.8  29.0   1.9   .37   7.5
  3 1979 349   4727.92  21.6  24.5   2.0   .37  21.0
  3 1979 350   2761.44  19.3  23.6   1.8   .37  18.5
  3 1979 351   4937.12  20.4  24.5   1.9   .37   8.2
  3 1979 352   8368.00  18.4  27.5   1.7   .37    .0
  3 1979 353   3932.96  17.3  22.5   1.7   .37  13.5
  3 1979 354   7154.64  19.2  23.5   1.6   .37   3.5
  3 1979 355   9204.80  18.0  27.1   1.7   .37   1.8
  3 1979 356  12719.36  20.4  28.5   1.8   .37   4.7
  3 1979 357  10836.56  18.4  28.5   1.7   .37    .0
  3 1979 358  13054.08  20.0  29.2   1.6   .37   3.0
  3 1979 359  18746.69  19.4  29.0   2.0   .37   3.5
  3 1979 360  10208.96  19.3  25.0   1.8   .37   4.5
  3 1979 361  14141.92  17.2  27.2   1.6   .37    .0
  3 1979 362  10836.56  16.2  27.8   1.6   .37    .3
  3 1979 363  10292.64  20.4  28.5   1.9   .37   1.7
  3 1979 364   5481.04  21.2  27.5   2.0   .37  29.9
  3 1979 365   8931.57  21.0  23.8   1.9   .37  64.7
