*---------------------------------------------------------              
* Station name: Los Diamantes                                           
* Author: Atlantic Zone Project, AUW-MAG-CATIE, Costa Rica              
* Source: IMN, San Jose, Costa Rica                                     
*                                                                       
* Comments: Wind speed data still lacking                               
*           SR data missing                                             
*           Check unit (and conversion factor)of VP, SR                 
*                                                                       
* Longitude:  83  46 W, latitude:  10  13 N, altitude: 249 m.           
* Column  Daily value                                                   
*    1    station number                                                
*    2    year                                                          
*    3    month                                                         
*    4    day                                                           
*    5    julian date                                                   
*    6    irradiation            (MJ m-2 d-1)                           
*    7    minimum temperature    (degrees Celcius)                      
*    8    maximum temperature    (degrees Celcius)                      
*    9    vapor pressure at 0700 (mbar)                                 
*   10    vapor pressure at 1300 (mbar)                                 
*   11    vapor pressure at 1800 (mbar)                                 
*   12    mean wind speed        (kilometer per hour)                   
*   13    precipitation          (mm d-1)                               
*   14    sunshine hours         (hours)                                
* Missing value: -99                                                    
*---------------------------------------------------------              
*  data converted with WDC for CABO-format
*-------------------------------------------
  83.77  10.22   249.  .00  .00
  3 1988   1  16083.28  21.1  29.0   2.2   .42  11.5
  3 1988   2  16852.53  22.5  28.8   3.1   .42   1.2
  3 1988   3  16620.16  19.8  28.9   2.5   .42   1.0
  3 1988   4  17645.33  20.2  28.8   2.3   .42   1.9
  3 1988   5   9615.10  20.7  26.8   2.4   .42   1.6
  3 1988   6  10762.67  19.7  28.2   2.4   .42    .1
  3 1988   7  12670.57  19.4  27.8   2.2   .42    .3
  3 1988   8  19509.46  19.5  30.0   2.3   .42    .0
  3 1988   9  18400.85  19.5  29.7   2.4   .42    .0
  3 1988  10  16403.82  19.5  29.6   2.3   .42   4.3
  3 1988  11  13767.88  20.3  28.0   2.5   .42   6.9
  3 1988  12  17475.85  18.5  29.0   2.2   .42    .0
  3 1988  13  21577.96  16.3  29.3   1.9   .42    .0
  3 1988  14  15500.23  20.0  29.1   2.2   .42    .0
  3 1988  15  21273.74  18.0  28.8   2.1   .42    .0
  3 1988  16  20930.64  16.6  29.0   1.9   .42    .0
  3 1988  17  20459.21  18.2  28.5   2.1   .42    .0
  3 1988  18  18447.23  18.7  28.5   2.2   .42    .0
  3 1988  19  21570.68  19.5  29.5   2.2   .42    .0
  3 1988  20  20198.89  16.9  28.7   1.9   .42    .0
  3 1988  21  14693.48  19.0  27.2   2.2   .42   2.8
  3 1988  22  20803.18  20.0  28.5   2.4   .42    .0
  3 1988  23  15537.82  17.0  27.5   2.0   .42    .2
  3 1988  24  14275.83  19.5  27.2   2.2   .42    .0
  3 1988  25  13789.54  17.2  27.0   2.1   .42   4.9
  3 1988  26  12649.99  17.8  26.7   2.4   .42  81.1
  3 1988  27  10200.10  19.1  24.4   2.2   .42 123.3
  3 1988  28   9441.58  20.5  21.8   2.4   .44 238.8
  3 1988  29   9466.95  18.8  22.4   2.2   .44  86.2
  3 1988  30  17903.46  19.8  27.9   2.4   .44    .0
  3 1988  31  17815.53  17.5  28.7   2.0   .44    .9
  3 1988  32  14295.96  21.0  28.7   2.5   .44   1.9
  3 1988  33  14067.99  20.2  28.5   2.6   .44  39.4
  3 1988  34  16092.39  23.0  27.2   2.8   .44  25.8
  3 1988  35  11882.57  21.5  26.6   2.6   .44   6.1
  3 1988  36  21897.89  18.5  28.2   2.3   .44    .0
  3 1988  37  20617.23  17.8  28.0   2.1   .44    .4
  3 1988  38  14117.26  18.5  26.0   2.2   .44   6.3
  3 1988  39   9732.93  20.0  25.0   2.4   .44  19.6
  3 1988  40  11505.59  21.0  26.0   2.5   .44  22.0
  3 1988  41  12612.99  21.4  25.8   2.7   .44  25.9
  3 1988  42  17365.14  20.8  28.5   2.4   .44   3.7
  3 1988  43  13760.52  21.5  26.5   2.5   .44   2.6
  3 1988  44  12983.74  18.5  26.5   2.2   .44   8.4
  3 1988  45  15595.13  18.6  27.5   2.3   .44    .0
  3 1988  46  15905.94  20.0  28.4   2.6   .44   7.3
  3 1988  47  10360.41  20.2  27.1   2.5   .44  10.1
  3 1988  48  18987.06  20.4  27.9   2.5   .44    .3
  3 1988  49  12741.03  18.2  27.4   2.1   .44    .3
  3 1988  50  19624.37  18.7  29.0   2.3   .44    .2
  3 1988  51  16649.20  20.0  28.9   2.5   .44   1.2
  3 1988  52  11323.91  21.4  27.4   2.6   .44   9.9
  3 1988  53  18518.26  18.9  28.0   2.3   .44   2.9
  3 1988  54  11104.83  18.2  25.8   2.0   .44   2.1
  3 1988  55  13068.70  20.8  27.5   2.6   .44    .3
  3 1988  56  12683.83  18.0  28.4   2.5   .43    .1
  3 1988  57  16321.95  19.2  30.0   2.4   .43    .0
  3 1988  58  10657.53  19.5  28.6   2.4   .43  34.8
  3 1988  59  10265.28  19.6  25.4   2.2   .43   5.3
  3 1988  60  13358.22  20.0  26.0   2.3   .43    .0
  3 1988  61  15622.34  17.4  25.5   1.9   .43   4.8
  3 1988  62  10897.39  19.5  25.7   2.1   .43   6.0
  3 1988  63  15965.95  17.8  28.3   2.2   .43    .0
  3 1988  64  17260.06  18.2  28.6   2.3   .43  15.9
  3 1988  65  10407.02  21.8  25.5   2.6   .43  10.9
  3 1988  66  10429.33  20.4  25.7   2.4   .43  16.8
  3 1988  67  10451.24  20.5  24.2   2.4   .43  14.4
  3 1988  68  12024.55  18.3  26.6   2.3   .43    .0
  3 1988  69  20239.89  16.9  29.0   2.0   .43    .0
  3 1988  70  21544.71  19.2  29.1   2.3   .43    .0
  3 1988  71  23134.67  16.8  30.0   2.1   .43    .0
  3 1988  72  20616.92  15.6  29.0   1.9   .43    .0
  3 1988  73  13978.48  21.5  28.5   2.5   .43    .0
  3 1988  74  16982.88  21.7  30.0   2.5   .43    .2
  3 1988  75  19992.21  20.0  30.0   2.5   .43    .2
  3 1988  76  14327.39  19.6  27.2   2.5   .43   9.8
  3 1988  77  15344.51  20.5  27.6   2.5   .43   3.2
  3 1988  78  14794.95  20.9  27.5   2.6   .43    .2
  3 1988  79  12960.34  19.0  28.2   2.2   .43  12.6
  3 1988  80  10837.04  19.0  23.1   2.0   .43  28.5
  3 1988  81  10709.55  19.5  24.5   2.4   .43  47.7
  3 1988  82  11724.41  21.6  26.4   2.8   .43  46.8
  3 1988  83  22603.84  18.3  28.1   2.5   .43  25.6
  3 1988  84  11038.08  20.6  24.5   2.6   .43  15.5
  3 1988  85  18491.88  21.2  27.0   2.4   .43   2.3
  3 1988  86  13497.39  20.0  26.7   2.5   .43    .0
  3 1988  87  24965.56  19.3  28.8   2.4   .43    .0
  3 1988  88  25840.44  17.3  29.5   2.2   .43    .0
  3 1988  89  23705.91  17.5  29.9   2.1   .43    .0
  3 1988  90  21855.90  20.0  29.6   2.5   .43   3.2
  3 1988  91  19287.66  20.5  29.5   2.5   .39   3.7
  3 1988  92  15428.00  19.5  28.0   2.6   .39    .4
  3 1988  93  23750.00  18.2  29.5   2.1   .39    .3
  3 1988  94  21751.55  18.5  30.0   2.4   .39    .8
  3 1988  95  13302.85  20.0  28.1   2.5   .39    .0
  3 1988  96  24057.58  17.8  30.6   2.1   .39    .0
  3 1988  97  17041.44  20.8  30.2   2.5   .39   6.5
  3 1988  98  13178.52  20.7  28.5   2.5   .39    .2
  3 1988  99  17909.88  20.8  29.0   2.3   .39    .0
  3 1988 100  12758.55  21.0  29.6   2.4   .39    .0
  3 1988 101  13764.49  22.0  29.2   2.5   .39    .0
  3 1988 102  17344.56  20.7  30.0   2.5   .39    .4
  3 1988 103  11052.63  20.6  28.5   2.5   .39   4.6
  3 1988 104  11341.63  20.5  26.0   2.5   .39  68.2
  3 1988 105  10915.44  21.0  23.5   2.6   .39  28.4
  3 1988 106  11060.47  21.2  27.1   2.6   .39    .0
  3 1988 107  17199.48  18.6  29.0   2.5   .39    .0
  3 1988 108  24899.66  18.8  29.5   2.4   .39    .0
  3 1988 109  23180.94  20.0  30.4   2.4   .39    .0
  3 1988 110  21890.98  19.5  30.9   2.5   .39    .0
  3 1988 111  25014.96  19.7  31.5   2.6   .39    .0
  3 1988 112  22443.63  16.7  31.2   2.0   .39    .0
  3 1988 113  22291.77  17.4  31.5   2.3   .39    .0
  3 1988 114  21997.37  23.0  29.5   2.6   .39    .0
  3 1988 115  19999.92  20.0  30.0   2.3   .39    .0
  3 1988 116  20415.50  19.5  30.6   2.4   .39    .0
  3 1988 117  23804.48  20.5  30.7   2.5   .39    .0
  3 1988 118  16572.30  20.0  29.5   2.6   .39    .3
  3 1988 119  21936.94  21.0  30.5   2.4   .37  30.0
  3 1988 120  18674.19  22.8  29.7   2.8   .37   7.0
  3 1988 121  20074.17  20.4  30.5   2.7   .37    .0
  3 1988 122  16113.80  22.2  30.7   2.7   .37  49.0
  3 1988 123  23709.29  20.3  32.4   2.7   .37    .0
  3 1988 124  19893.10  19.9  31.5   2.6   .37    .0
  3 1988 125  15241.24  21.0  30.3   2.5   .37    .0
  3 1988 126  23374.24  22.5  31.7   2.8   .37  12.6
  3 1988 127  10874.63  21.5  33.1   2.5   .37   8.8
  3 1988 128  10869.35  21.5  26.4   2.7   .37  22.3
  3 1988 129  22338.13  19.0  29.0   2.5   .37    .0
  3 1988 130  17148.12  21.5  29.9   2.6   .37    .0
  3 1988 131  16856.09  22.0  29.3   2.7   .37   7.0
  3 1988 132  10846.49  22.2  25.7   2.5   .37  40.6
  3 1988 133  14741.03  21.0  29.1   2.9   .37  12.8
  3 1988 134  10973.38  21.6  25.6   2.6   .37  17.0
  3 1988 135  18750.70  19.0  30.5   2.4   .37    .8
  3 1988 136  15680.98  20.4  29.4   2.7   .37    .0
  3 1988 137  18997.58  20.9  31.2   2.6   .37   5.4
  3 1988 138  19397.61  20.2  30.8   2.6   .37   2.8
  3 1988 139  20211.88  21.0  31.5   2.6   .37    .4
  3 1988 140  20333.25  22.5  32.2   2.8   .37   1.9
  3 1988 141  22111.35  21.4  31.5   2.7   .37    .0
  3 1988 142  20023.70  21.5  31.2   2.8   .37    .6
  3 1988 143  18216.17  21.0  30.0   2.9   .37  15.2
  3 1988 144  12283.38  22.5  28.8   2.8   .37  28.0
  3 1988 145  12000.35  22.4  28.1   3.1   .37  13.6
  3 1988 146  11717.97  22.5  28.5   3.0   .37  16.3
  3 1988 147  10750.11  22.0  26.4   2.7   .37    .0
  3 1988 148  12800.21  22.0  28.0   2.6   .37  31.3
  3 1988 149  14846.51  21.5  28.6   2.8   .37  82.4
  3 1988 150  12236.82  21.0  28.4   2.7   .37   6.5
  3 1988 151  22072.71  20.5  31.8   2.7   .37    .6
  3 1988 152  21647.23  20.1  31.8   2.7   .37    .0
  3 1988 153  20949.97  21.0  31.2   2.8   .37    .0
  3 1988 154  18481.57  20.5  30.9   2.6   .33  15.9
  3 1988 155  23511.65  21.3  31.0   2.6   .33    .0
  3 1988 156  24041.45  22.5  31.7   2.7   .33   6.5
  3 1988 157  19945.17  23.0  31.0   2.9   .33   3.3
  3 1988 158  21157.69  22.4  31.0   2.9   .33    .0
  3 1988 159  15847.23  20.6  30.0   2.6   .33    .0
  3 1988 160  17469.16  21.2  30.0   2.6   .33   6.6
  3 1988 161  17461.07  20.7  29.5   2.5   .33    .1
  3 1988 162  13655.68  20.6  28.0   2.8   .33   7.1
  3 1988 163  17039.67  20.8  29.9   2.7   .33   4.1
  3 1988 164  15949.23  21.2  30.0   2.6   .33  85.0
  3 1988 165  17975.45  20.2  28.5   2.6   .33  16.1
  3 1988 166  15126.45  21.2  29.5   2.6   .33   7.0
  3 1988 167  15934.29  21.2  28.5   2.7   .33  31.7
  3 1988 168  24048.39  19.2  30.3   2.5   .33    .0
  3 1988 169  20525.74  19.6  30.5   2.4   .33    .3
  3 1988 170  17005.50  22.2  29.2   2.6   .33   3.9
  3 1988 171  11999.93  21.2  28.2   2.7   .33  37.7
  3 1988 172  14567.03  20.6  27.9   2.5   .33   5.8
  3 1988 173  24163.17  20.0  31.2   2.5   .33   4.4
  3 1988 174  22404.38  21.0  30.3   2.6   .33   9.1
  3 1988 175  14023.27  22.5  30.3   2.9   .33    .5
  3 1988 176  13212.07  22.0  28.2   2.6   .33  28.4
  3 1988 177  10914.19  22.2  27.2   2.7   .33   7.9
  3 1988 178  22000.46  19.8  28.4   2.5   .33    .7
  3 1988 179  18757.54  20.0  29.5   2.5   .33  12.5
  3 1988 180  18083.68  21.2  30.0   2.6   .33    .0
  3 1988 181  17951.18  21.4  30.0   2.7   .33   2.7
  3 1988 182  15789.51  21.6  29.8   2.6   .38   7.1
  3 1988 183  17281.52  20.3  30.5   2.5   .38   5.0
  3 1988 184  10651.11  20.0  27.5   2.8   .38    .2
  3 1988 185  21895.53  20.0  29.5   2.5   .38    .0
  3 1988 186  11061.90  20.8  26.6   2.5   .38   3.6
  3 1988 187  12420.26  20.6  28.0   2.4   .38    .8
  3 1988 188  19883.89  21.0  29.9   2.5   .38   8.0
  3 1988 189  20298.80  19.8  29.4   2.4   .38    .0
  3 1988 190  16097.94  20.0  28.4   2.4   .38   1.1
  3 1988 191  19772.86  20.0  31.5   2.5   .38    .0
  3 1988 192  11352.97  21.5  28.0   2.7   .38  55.0
  3 1988 193  16118.49  20.2  29.0   2.6   .38  32.9
  3 1988 194  15717.59  20.0  29.5   2.4   .38   4.7
  3 1988 195  14771.48  22.5  29.5   2.8   .38   8.0
  3 1988 196  13415.23  21.2  29.3   2.7   .38  19.9
  3 1988 197  14376.56  20.5  30.0   2.6   .38  47.6
  3 1988 198  17251.22  19.5  30.4   2.6   .38  19.2
  3 1988 199  21907.25  19.5  30.2   2.6   .38   2.7
  3 1988 200  14945.77  21.5  28.8   2.7   .38   2.3
  3 1988 201  12900.63  21.5  28.0   2.5   .38   7.2
  3 1988 202  20168.49  20.0  30.5   2.6   .38  28.8
  3 1988 203  10719.72  21.5  26.0   2.5   .38  12.6
  3 1988 204  11547.93  21.5  24.3   2.7   .38  21.2
  3 1988 205  10729.14  20.0  26.3   2.4   .38  23.6
  3 1988 206  10733.87  22.0  26.3   2.7   .38  14.8
  3 1988 207  10738.59  22.5  26.8   2.7   .38   9.1
  3 1988 208  15289.52  21.2  29.6   2.7   .38   4.4
  3 1988 209  11437.45  21.5  27.0   2.8   .38    .1
  3 1988 210  15583.60  21.0  28.2   2.7   .34   3.6
  3 1988 211  16559.95  21.5  29.5   2.5   .34    .0
  3 1988 212  11038.24  20.3  26.5   2.3   .34   1.7
  3 1988 213  19625.54  20.2  29.0   2.5   .34    .9
  3 1988 214  20192.66  21.0  29.8   2.5   .34   3.2
  3 1988 215  18264.18  20.7  30.9   2.6   .34    .2
  3 1988 216  16331.81  20.5  29.5   2.7   .34  48.2
  3 1988 217  10782.46  21.0  24.3   2.6   .34  19.6
  3 1988 218  16628.24  21.5  28.7   2.8   .34  82.7
  3 1988 219  18308.04  21.3  29.5   2.7   .34    .0
  3 1988 220  14973.85  21.4  27.7   2.8   .34  52.5
  3 1988 221  10935.79  21.3  26.7   2.7   .34   1.6
  3 1988 222  12614.22  21.3  28.5   2.6   .34  15.4
  3 1988 223  11081.46  21.0  28.5   2.6   .34    .0
  3 1988 224  12762.52  21.0  28.9   2.8   .34  55.8
  3 1988 225  21025.35  19.7  30.0   2.4   .34   5.6
  3 1988 226  17533.45  20.7  30.0   2.2   .34   2.5
  3 1988 227  19223.26  20.0  29.9   2.8   .34   8.2
  3 1988 228  20634.69  20.5  30.1   2.7   .34    .0
  3 1988 229  14323.74  21.4  29.1   2.8   .34    .0
  3 1988 230  20932.75  20.8  30.9   2.5   .34    .3
  3 1988 231  18408.95  21.7  31.0   2.7   .34   3.4
  3 1988 232  18132.92  20.0  30.1   2.5   .34   1.6
  3 1988 233  20813.64  20.4  30.9   2.8   .34  50.1
  3 1988 234  18705.52  20.5  30.4   2.7   .34   8.3
  3 1988 235  21529.87  20.0  30.6   2.5   .34    .8
  3 1988 236  16172.83  21.0  29.3   2.5   .34  92.4
  3 1988 237  17868.27  19.8  28.5   2.4   .34  18.7
  3 1988 238  15468.42  20.6  28.5   2.7   .34   7.0
  3 1988 239  13206.89  21.0  28.4   2.7   .34   8.8
  3 1988 240  16739.80  22.6  29.4   2.8   .34    .0
  3 1988 241  14617.10  20.9  28.0   2.6   .34    .1
  3 1988 242  19567.43  20.5  30.1   2.7   .34    .6
  3 1988 243  14753.29  20.5  29.4   2.5   .34   6.6
  3 1988 244  19847.32  20.0  30.8   2.6   .34   7.0
  3 1988 245  13612.53  21.0  29.0   2.6   .33  11.0
  3 1988 246  17574.26  21.0  29.7   2.6   .33  18.6
  3 1988 247  16010.75  21.2  29.9   2.6   .33    .0
  3 1988 248  16430.06  21.3  30.3   2.6   .33    .0
  3 1988 249  14297.60  21.5  29.8   2.6   .33   3.4
  3 1988 250  11597.19  21.8  28.6   2.7   .33   9.2
  3 1988 251  19385.02  22.4  31.0   2.9   .33    .0
  3 1988 252  17108.44  21.0  29.5   2.7   .33  17.5
  3 1988 253  12280.17  19.5  29.0   2.5   .33  16.9
  3 1988 254  13829.32  23.0  28.8   2.7   .33  22.2
  3 1988 255  15802.47  20.7  29.4   2.5   .33  19.5
  3 1988 256  17207.53  21.2  29.5   2.8   .33   7.8
  3 1988 257  12096.36  22.0  27.7   2.8   .33   3.8
  3 1988 258  10668.60  22.0  26.7   2.7   .33    .3
  3 1988 259  12638.08  20.4  29.2   2.7   .33    .0
  3 1988 260  22386.91  21.6  30.2   2.7   .33   8.9
  3 1988 261  14873.64  21.0  28.4   2.7   .33  56.3
  3 1988 262  13161.90  19.5  27.8   2.5   .33  12.4
  3 1988 263  12298.93  20.7  27.7   2.5   .33   1.8
  3 1988 264  18354.75  21.0  30.0   2.7   .33   5.3
  3 1988 265  19887.07  20.5  29.3   2.5   .33    .0
  3 1988 266  20006.38  19.8  30.0   2.5   .33  30.8
  3 1988 267  21392.74  22.0  30.0   2.7   .33   7.9
  3 1988 268  19819.24  22.5  30.0   2.6   .33   2.2
  3 1988 269  13323.34  21.8  28.2   2.8   .33  16.6
  3 1988 270  11054.59  21.5  27.2   2.7   .33   3.1
  3 1988 271  10474.57  21.4  25.9   2.6   .33    .0
  3 1988 272  22662.67  20.5  30.4   2.5   .33    .6
  3 1988 273  16184.36  21.0  29.2   2.6   .24   2.7
  3 1988 274  15879.25  21.5  29.1   2.6   .24   7.2
  3 1988 275  13056.52  20.5  29.1   2.6   .24   4.9
  3 1988 276  20717.39  20.5  30.3   2.5   .24  10.6
  3 1988 277  15800.96  21.5  28.2   2.6   .24  15.5
  3 1988 278  17724.80  21.9  29.4   2.7   .24    .3
  3 1988 279  11291.39  21.6  27.0   2.7   .24  42.8
  3 1988 280  15856.09  21.0  28.2   2.5   .24  14.9
  3 1988 281  10690.18  21.6  27.6   2.7   .24    .0
  3 1988 282  14410.54  21.5  28.2   2.7   .24    .0
  3 1988 283  12443.96  20.5  28.9   2.6   .24  20.2
  3 1988 284  12279.63  22.3  28.4   2.8   .24  25.3
  3 1988 285  17084.31  21.0  29.0   2.8   .24  11.9
  3 1988 286  13467.04  19.8  27.0   2.6   .24   5.0
  3 1988 287  12199.70  20.7  28.5   2.6   .24    .3
  3 1988 288  17667.46  21.5  28.6   2.6   .24    .0
  3 1988 289  22293.95  18.7  31.0   2.1   .24  14.8
  3 1988 290  10062.93  21.0  25.7   2.5   .24  27.3
  3 1988 291  10858.33  21.5  27.8   2.5   .24   2.9
  3 1988 292  10559.07  21.8  26.0   2.6   .24  72.6
  3 1988 293   9988.14  21.2  22.6   2.5   .24  91.5
  3 1988 294  15129.62  21.3  28.9   2.2   .24    .4
  3 1988 295   9937.40  21.5  26.1   2.3   .24   1.0
  3 1988 296   9911.82  22.5  26.1   2.6   .24  18.9
  3 1988 297  12320.07  20.5  27.8   2.5   .24  14.2
  3 1988 298  16068.67  22.5  30.0   2.7   .24   2.0
  3 1988 299  16569.81  20.3  30.0   2.5   .24    .0
  3 1988 300  15455.35  20.7  29.5   2.6   .24    .0
  3 1988 301  20517.55  19.5  29.8   2.4   .24   6.1
  3 1988 302  18461.71  21.2  30.0   2.9   .24    .0
  3 1988 303  22562.13  18.5  30.0   2.3   .24    .0
  3 1988 304  17041.48  19.2  29.0   2.3   .24  21.6
  3 1988 305  14604.59  19.2  27.5   2.6   .24    .5
  3 1988 306  14568.91  20.2  28.3   2.5   .24   1.3
  3 1988 307  11218.25  20.5  26.8   2.6   .24  54.7
  3 1988 308  17012.18  22.0  28.6   2.6   .37    .0
  3 1988 309  18424.55  17.0  30.3   2.5   .37    .2
  3 1988 310  12318.32  21.2  30.3   2.6   .37   1.0
  3 1988 311  10972.12  21.0  30.5   2.7   .37   7.8
  3 1988 312  10287.79  22.0  27.5   2.7   .37   1.2
  3 1988 313  10130.36  22.5  27.0   2.7   .37  10.0
  3 1988 314  13242.69  22.0  27.0   2.7   .37   1.7
  3 1988 315  18039.43  21.4  28.8   2.7   .37    .0
  3 1988 316  14742.35  20.2  29.0   2.4   .37   7.7
  3 1988 317  10808.41  22.2  27.1   2.6   .37  19.6
  3 1988 318   9355.03  20.2  22.1   2.4   .37  40.3
  3 1988 319  14382.28  19.2  28.6   2.4   .37   1.4
  3 1988 320   9309.17  19.5  24.5   2.4   .37   5.2
  3 1988 321   9286.80  20.0  26.5   2.6   .37    .0
  3 1988 322  15832.44  20.0  28.8   2.4   .37   8.4
  3 1988 323  20426.66  20.4  29.5   2.5   .37    .0
  3 1988 324  17691.11  20.7  29.5   2.5   .37    .0
  3 1988 325  16887.20  20.5  30.2   2.5   .37  38.2
  3 1988 326  15958.85  21.0  29.4   2.7   .37  33.4
  3 1988 327  12225.72  21.0  27.6   2.5   .37   7.6
  3 1988 328   9397.64  19.2  25.5   2.4   .37   8.7
  3 1988 329  16377.55  19.5  27.9   2.3   .37   3.7
  3 1988 330  16475.43  19.9  28.0   2.5   .37    .0
  3 1988 331  19491.78  16.5  28.4   1.9   .37    .1
  3 1988 332  16926.25  20.9  29.0   2.6   .37    .0
  3 1988 333   9182.24  20.7  26.5   2.6   .37   3.3
  3 1988 334   9040.17  21.8  24.8   2.6   .37  59.8
  3 1988 335   9025.25  20.0  22.7   2.2   .37  32.7
  3 1988 336  12665.43  18.9  26.2   2.4   .37   8.1
  3 1988 337   8997.41  20.5  21.6   2.4   .37  14.8
  3 1988 338   9110.25  19.5  25.0   2.3   .37   1.9
  3 1988 339  12614.51  19.5  26.2   2.3   .37    .5
  3 1988 340  11470.22  20.5  26.8   2.5   .37  17.4
  3 1988 341  10329.01  20.5  27.0   2.4   .37   9.8
  3 1988 342   9315.91  19.2  26.2   2.4   .37   2.2
  3 1988 343  13185.68  18.5  27.2   2.4   .37    .9
  3 1988 344  12173.71  18.5  27.2   2.4   .37    .7
  3 1988 345  18411.98  18.0  28.8   2.2   .37    .0
  3 1988 346  14777.64  18.0  27.8   2.1   .37   5.9
  3 1988 347   9650.76  20.8  25.0   2.5   .37   8.3
  3 1988 348   8896.53  19.2  23.0   2.4   .37 157.6
  3 1988 349  15876.12  20.5  28.0   2.6   .37    .0
  3 1988 350  15496.21  19.0  27.8   2.3   .37  13.5
  3 1988 351   8885.47  20.8  23.8   2.4   .37  43.1
  3 1988 352  12123.69  20.2  26.9   2.4   .37  31.4
  3 1988 353   8882.19  20.0  24.3   2.3   .37  59.1
  3 1988 354   9878.68  20.4  25.1   2.4   .37  12.3
  3 1988 355  15611.66  18.5  26.6   2.3   .37  11.4
  3 1988 356  18854.34  20.0  28.3   2.3   .37    .0
  3 1988 357  14619.97  18.7  26.7   2.3   .37   1.1
  3 1988 358  12379.94  20.2  27.0   2.4   .37  18.2
  3 1988 359  17624.02  20.4  27.3   2.4   .37    .6
  3 1988 360  10893.42  21.0  26.9   2.5   .37   3.5
  3 1988 361  18016.62  18.7  27.7   2.3   .37    .0
  3 1988 362  17778.16  19.0  27.8   2.3   .37   2.5
  3 1988 363  17415.84  18.0  28.0   2.0   .37    .2
  3 1988 364   8923.00  19.0  25.0   2.4   .37  11.0
  3 1988 365  12562.29  21.0  28.0   2.5   .37  15.1
  3 1988 366  15957.97  20.0  27.5   2.5   .37    .3
