*---------------------------------------------------------              
* Station name: Los Diamantes                                           
* Author: Atlantic Zone Project, AUW-MAG-CATIE, Costa Rica              
* Source: IMN, San Jose, Costa Rica                                     
*                                                                       
* Comments: Wind speed data still lacking                               
*           Check unit of vapor pressure                                
*                                                                       
*                                                                       
* Longitude:  83  46 W, latitude:  10  13 N, altitude: 249 m.           
* Column  Daily value                                                   
*    1    station number                                                
*    2    year                                                          
*    3    month                                                         
*    4    day                                                           
*    5    julian date                                                   
*    6    irradiation            (cal cm-2 d-1)                         
*    7    minimum temperature    (degrees Celcius)                      
*    8    maximum temperature    (degrees Celcius)                      
*    9    vapor pressure at 0700 (mbar)                                 
*   10    vapor pressure at 1300 (mbar)                                 
*   11    vapor pressure at 1800 (mbar)                                 
*   12    mean wind speed        (kilometer per hour)                   
*   13    precipitation          (mm d-1)                               
*   14    sunshine hours         (hours)                                
* Missing value: -99                                                    
*---------------------------------------------------------              
*  data converted with WDC for CABO-format
*-------------------------------------------
  83.77  10.22   249.  .00  .00
  3 1980   1   9943.36  20.4  25.5   1.8   .42  16.5
  3 1980   2   2468.56  19.3  23.0   1.8   .42  69.8
  3 1980   3   9330.32  20.1  28.0   1.9   .42   8.0
  3 1980   4  18273.71  19.0  29.5   2.0   .42   5.8
  3 1980   5   6610.72  21.0  27.0   1.6   .42  24.9
  3 1980   6  10167.12  22.0  28.0   1.8   .42  20.8
  3 1980   7  15731.84  20.6  29.2   1.9   .42   1.0
  3 1980   8   9911.56  19.0  26.0   1.7   .42   8.9
  3 1980   9  20803.59  21.0  29.0   1.9   .42   1.2
  3 1980  10  17416.93  20.0  30.5   1.8   .42    .3
  3 1980  11  17319.01  18.2  27.6   1.6   .42    .0
  3 1980  12  14978.72  17.2  28.0   1.6   .42    .0
  3 1980  13  12217.28  20.0  27.5   1.7   .42    .0
  3 1980  14  20597.29  18.2  29.0   1.9   .42    .0
  3 1980  15  12217.28  17.0  28.0   1.6   .42    .0
  3 1980  16   7489.36  20.8  25.5   1.7   .42    .0
  3 1980  17  12970.40  18.0  28.5   1.5   .42    .0
  3 1980  18  11464.16  21.0  27.5   1.8   .42    .0
  3 1980  19  18228.39  18.0  28.4   1.6   .42    .2
  3 1980  20  10711.04  21.0  28.0   1.9   .42   4.5
  3 1980  21   9539.52  18.2  27.2   1.7   .42  10.6
  3 1980  22  14080.29  20.8  26.6   1.8   .42   3.1
  3 1980  23  10836.56  20.8  28.5   1.7   .42    .0
  3 1980  24  11673.36  18.8  28.5   1.6   .42    .0
  3 1980  25  11003.92  19.1  29.0   1.7   .42    .0
  3 1980  26  12928.56  20.8  30.0   1.9   .42   5.0
  3 1980  27   8075.12  22.0  28.0   2.0   .42  10.1
  3 1980  28  16770.20  21.0  28.2   1.9   .44    .7
  3 1980  29   4686.08  21.4  25.5   2.0   .44  20.6
  3 1980  30   2803.28  21.2  25.0   1.9   .44  34.9
  3 1980  31  17552.14  17.7  26.5   1.6   .44    .0
  3 1980  32  22874.59  16.2  28.6   1.4   .44    .0
  3 1980  33  15787.38  17.4  27.5   1.7   .44    .5
  3 1980  34  10711.04  19.2  26.5   1.6   .44   4.8
  3 1980  35   3514.56  19.6  29.5   1.7   .44  79.0
  3 1980  36    669.44  19.0  21.3   1.6   .44  11.0
  3 1980  37   6443.36  18.4  22.5   1.6   .44  31.8
  3 1980  38   1046.00  18.6  20.9   1.6   .44  58.4
  3 1980  39  19378.79  20.2  26.4   1.8   .44  10.0
  3 1980  40  15936.01  19.4  27.2   1.7   .44    .6
  3 1980  41  10836.56  19.6  27.4   1.8   .44    .6
  3 1980  42   5230.00  21.0  25.0   1.8   .44  21.2
  3 1980  43  20785.96  21.6  28.6   1.8   .44    .4
  3 1980  44  11589.68  16.8  25.0   1.5   .44   1.9
  3 1980  45  10575.56  21.6  24.0   1.8   .44   6.5
  3 1980  46  12099.60  18.2  27.0   1.7   .44   4.3
  3 1980  47  20031.70  16.7  28.5   1.5   .44    .4
  3 1980  48  17622.18  19.2  28.5   1.7   .44    .0
  3 1980  49  13054.08  19.8  29.5   1.7   .44    .0
  3 1980  50  20309.49  20.2  30.0   1.8   .44    .0
  3 1980  51  20218.64  20.3  30.0   1.8   .44    .0
  3 1980  52  12928.56  18.4  27.5   1.7   .44   9.2
  3 1980  53  17278.04  20.0  28.0   1.8   .44    .2
  3 1980  54  22563.34  18.2  28.0   1.6   .44    .0
  3 1980  55  24686.10  17.2  29.0   1.6   .44    .0
  3 1980  56  18200.40  17.3  29.5   1.5   .43    .0
  3 1980  57  19079.04  17.2  29.4   1.6   .43   4.8
  3 1980  58  14978.72  19.2  28.5   1.8   .43   1.5
  3 1980  59  15522.64  18.2  28.5   1.7   .43    .4
  3 1980  60  13598.00  19.6  28.0   1.7   .43    .3
  3 1980  61  16066.56  18.0  29.5   1.5   .43    .1
  3 1980  62  22929.61  19.4  30.0   1.8   .43    .0
  3 1980  63  12970.40  17.0  26.0   1.7   .43    .2
  3 1980  64  12761.20  18.3  27.5   1.7   .43    .0
  3 1980  65  21505.76  16.2  29.0   1.5   .43    .0
  3 1980  66  21264.04  17.4  29.1   1.7   .43    .0
  3 1980  67  15187.92  20.4  28.5   1.7   .43    .3
  3 1980  68  21338.40  17.8  29.0   1.6   .43    .0
  3 1980  69  19790.32  18.0  30.0   1.8   .43    .0
  3 1980  70  19079.04  17.3  29.0   1.7   .43   2.0
  3 1980  71  13305.12  19.6  27.5   1.8   .43    .3
  3 1980  72  20125.04  18.2  29.3   1.7   .43    .0
  3 1980  73  19037.20  20.4  30.2   1.9   .43    .0
  3 1980  74  13598.00  19.2  29.5   1.9   .43   3.3
  3 1980  75  11673.36  19.0  27.5   1.8   .43    .0
  3 1980  76  15397.12  20.4  28.0   2.0   .43  17.4
  3 1980  77  13095.92  17.0  26.0   1.5   .43    .8
  3 1980  78  11798.88  21.0  27.4   1.9   .43  11.2
  3 1980  79  17698.32  18.9  28.0   1.7   .43    .5
  3 1980  80  14141.92  17.2  26.0   1.6   .43    .0
  3 1980  81  18242.24  17.8  29.2   1.6   .43    .0
  3 1980  82  18618.80  20.0  29.0   1.8   .43    .0
  3 1980  83  20459.48  18.0  29.0   1.6   .43   1.0
  3 1980  84  18409.60  21.8  29.8   1.8   .43    .2
  3 1980  85  16819.68  19.1  29.0   1.6   .43    .9
  3 1980  86  13305.12  22.2  30.0   1.9   .43    .8
  3 1980  87  15187.92  20.0  29.6   2.1   .43    .9
  3 1980  88  14058.24  22.3  30.0   2.1   .43   6.4
  3 1980  89   8995.60  23.0  29.0   2.2   .43  12.4
  3 1980  90   9414.00  23.0  29.5   2.1   .43    .0
  3 1980  91  10836.56  23.6  29.5   2.2   .39    .0
  3 1980  92   9414.00  21.0  29.0   2.0   .39  23.1
  3 1980  93  10836.56  22.8  29.0   2.1   .39   3.6
  3 1980  94  10376.32  22.0  28.6   1.9   .39  12.5
  3 1980  95  12552.00  22.6  27.5   2.0   .39   1.5
  3 1980  96  13514.32  21.8  27.5   1.9   .39   5.6
  3 1980  97  15522.64  18.4  29.0   1.8   .39    .0
  3 1980  98  12761.20  18.6  28.2   1.6   .39    .1
  3 1980  99  12844.88  22.1  28.0   1.9   .39    .1
  3 1980 100  19706.64  20.3  28.0   1.8   .39   1.1
  3 1980 101  19162.72  18.1  30.0   1.5   .39    .0
  3 1980 102  15941.04  17.5  30.1   1.7   .39    .0
  3 1980 103  15397.12  17.6  29.7   1.6   .39    .0
  3 1980 104  18632.41  18.0  30.0   1.9   .39    .0
  3 1980 105  14811.36  19.4  31.0   2.0   .39    .0
  3 1980 106  15731.84  18.8  30.5   1.7   .39    .0
  3 1980 107  15522.64  18.8  29.0   1.9   .39   1.9
  3 1980 108  15522.64  18.8  30.2   1.9   .39    .1
  3 1980 109   8368.00  20.2  26.2   2.0   .39  23.4
  3 1980 110   5983.12  22.2  26.0   1.9   .39  55.8
  3 1980 111   3430.88  22.2  24.5   2.1   .39  37.3
  3 1980 112  14762.31  22.2  28.0   2.0   .39  30.9
  3 1980 113   5648.40  20.4  25.0   1.8   .39  34.8
  3 1980 114  14470.21  20.6  28.3   1.8   .39   2.4
  3 1980 115  13472.37  21.3  28.2   1.9   .39    .0
  3 1980 116   8577.20  20.2  28.5   1.8   .39    .0
  3 1980 117  20752.64  21.2  31.2   2.0   .39    .0
  3 1980 118   8326.16  22.0  27.7   2.2   .39   2.5
  3 1980 119   7698.56  23.4  29.5   2.2   .37  18.5
  3 1980 120  11966.24  20.2  29.2   2.0   .37   2.5
  3 1980 121  16066.56  19.2  31.0   1.8   .37    .0
  3 1980 122  19162.72  19.2  31.5   1.9   .37    .0
  3 1980 123  16150.24  22.3  31.0   2.2   .37    .0
  3 1980 124  13932.72  22.1  31.5   2.2   .37    .0
  3 1980 125  12300.96  21.4  29.8   2.0   .37    .0
  3 1980 126  14434.80  19.6  30.0   1.9   .37    .0
  3 1980 127   8870.08  21.6  29.5   2.0   .37   6.3
  3 1980 128  13598.00  19.6  29.0   1.9   .37   3.0
  3 1980 129  16275.76  22.0  31.0   2.0   .37    .0
  3 1980 130  10920.24  21.2  30.0   2.0   .37   2.0
  3 1980 131  18869.84  23.0  32.2   2.2   .37    .6
  3 1980 132  18116.72  21.0  32.0   2.1   .37    .3
  3 1980 133  14560.32  22.7  30.5   2.2   .37  13.2
  3 1980 134   7614.88  22.8  27.5   2.1   .37  11.9
  3 1980 135  12510.16  22.0  30.5   2.1   .37  94.7
  3 1980 136  13807.20  22.2  29.5   2.0   .37  47.3
  3 1980 137  13807.20  22.0  30.1   2.5   .37    .9
  3 1980 138  19581.12  21.3  30.4   2.4   .37    .4
  3 1980 139  14978.72  20.2  30.5   2.3   .37    .0
  3 1980 140   9079.28  22.8  29.0   2.1   .37  22.0
  3 1980 141   4518.72  22.6  26.5   2.1   .37  13.5
  3 1980 142  18409.60  21.0  30.4   2.0   .37    .0
  3 1980 143  11464.16  22.6  29.7   2.2   .37    .6
  3 1980 144   7698.56  22.1  27.0   2.2   .37    .1
  3 1980 145  13095.92  20.8  31.0   2.3   .37  10.8
  3 1980 146  18200.40  21.4  31.5   2.2   .37    .0
  3 1980 147  14769.52  21.7  31.3   2.2   .37    .4
  3 1980 148  15313.44  21.6  30.5   2.4   .37  18.8
  3 1980 149  12008.08  21.3  29.5   2.3   .37  21.8
  3 1980 150   8451.68  21.3  27.6   2.1   .37    .1
  3 1980 151  11547.84  21.6  29.5   2.0   .37   4.6
  3 1980 152   4727.92  22.0  25.0   2.0   .37    .7
  3 1980 153  13305.12  19.6  29.5   2.0   .37   5.1
  3 1980 154  13179.60  21.0  30.0   2.0   .33   8.5
  3 1980 155  18284.08  21.8  31.5   2.1   .33    .8
  3 1980 156  15438.96  21.6  30.5   2.1   .33    .0
  3 1980 157   6024.96  21.5  30.5   2.0   .33    .3
  3 1980 158   8660.88  19.8  28.0   2.0   .33   1.2
  3 1980 159   6317.84  22.2  27.0   2.0   .33  29.4
  3 1980 160   9874.24  21.2  29.0   2.2   .33   6.7
  3 1980 161   8702.72  22.5  28.5   2.0   .33  33.2
  3 1980 162  11673.36  21.8  29.6   2.0   .33  57.3
  3 1980 163  12635.68  20.8  29.5   2.0   .33  41.1
  3 1980 164  12510.16  22.0  29.6   2.0   .33  17.1
  3 1980 165  15857.36  21.3  30.5   2.0   .33   4.5
  3 1980 166  17238.08  21.5  29.8   2.0   .33    .0
  3 1980 167  12091.76  23.2  30.0   2.3   .33  47.8
  3 1980 168  11129.44  22.6  30.5   2.2   .33    .2
  3 1980 169  13179.60  22.3  29.8   2.2   .33   7.2
  3 1980 170  10920.24  23.3  29.5   2.1   .33  30.3
  3 1980 171  11757.04  22.4  29.0   2.0   .33    .0
  3 1980 172  11254.96  21.8  28.4   2.0   .33  37.8
  3 1980 173   8660.88  20.2  27.5   1.9   .33   3.1
  3 1980 174  13388.80  19.3  28.5   2.0   .33   2.0
  3 1980 175   5815.76  22.0  25.8   2.1   .33  32.0
  3 1980 176   9832.40  18.8  28.0   1.8   .33    .0
  3 1980 177   8493.52  22.0  28.0   2.0   .33  56.3
  3 1980 178   7280.16  22.4  28.5   2.1   .33  30.6
  3 1980 179  10418.16  23.0  28.3   2.2   .33  46.1
  3 1980 180   4518.72  23.1  27.5   2.2   .33  48.0
  3 1980 181   8116.96  23.2  29.0   2.2   .33  53.8
  3 1980 182  11547.84  21.8  28.5   2.1   .38   6.2
  3 1980 183  11547.84  21.3  28.5   2.0   .38   2.0
  3 1980 184  10920.24  21.1  28.5   2.0   .38    .1
  3 1980 185  14978.72  21.8  28.0   1.9   .38  12.5
  3 1980 186  13598.00  21.8  28.0   2.0   .38   9.5
  3 1980 187   9079.28  21.9  30.0   2.0   .38   3.1
  3 1980 188  15438.96  22.4  30.1   2.2   .38  31.7
  3 1980 189  13598.00  22.2  29.2   2.2   .38   3.1
  3 1980 190  12803.04  20.8  29.0   2.1   .38  15.1
  3 1980 191  10418.16  22.2  29.5   2.0   .38    .1
  3 1980 192  16150.24  21.8  30.5   2.0   .38   3.6
  3 1980 193  20166.88  20.2  27.0   2.0   .38    .0
  3 1980 194   8870.08  20.6  27.1   1.9   .38   2.4
  3 1980 195   6401.52  20.0  30.5   2.0   .38  79.4
  3 1980 196  16066.56  21.0  29.0   2.0   .38  12.0
  3 1980 197  13054.08  20.0  29.0   2.1   .38    .1
  3 1980 198  15857.36  22.8  29.6   2.0   .38   9.5
  3 1980 199  13095.92  21.5  30.5   2.1   .38    .0
  3 1980 200  17991.20  23.0  27.5   2.0   .38  70.3
  3 1980 201   7489.36  21.6  29.5   2.0   .38    .5
  3 1980 202  10250.80  21.2  29.5   1.9   .38    .1
  3 1980 203   9832.40  22.0  30.0   2.0   .38  22.7
  3 1980 204  11129.44  19.7  29.0   1.9   .38  64.3
  3 1980 205  12510.16  20.0  29.5   1.8   .38   1.5
  3 1980 206  13472.48  20.2  30.5   2.0   .38   2.0
  3 1980 207  17028.88  21.3  30.0   1.9   .38    .0
  3 1980 208  17321.76  20.6  29.5   2.0   .38  18.1
  3 1980 209  14016.40  20.4  30.2   1.8   .38  51.3
  3 1980 210  16484.96  22.0  26.5   2.0   .34  15.7
  3 1980 211   8326.16  22.0  26.6   2.1   .34   5.6
  3 1980 212  11003.92  20.8  28.6   1.9   .34   2.8
  3 1980 213  13807.20  22.2  29.0   1.9   .34  19.8
  3 1980 214  11171.28  21.0  29.0   2.0   .34  30.1
  3 1980 215  13849.04  21.0  28.6   1.9   .34  11.3
  3 1980 216  17238.08  20.0  30.0   2.0   .34    .8
  3 1980 217  14978.72  21.1  28.0   2.0   .34   6.8
  3 1980 218  17572.80  20.2  30.5   2.0   .34    .0
  3 1980 219  17656.48  20.8  31.2   2.0   .34    .0
  3 1980 220  18618.80  20.3  31.7   2.1   .34    .0
  3 1980 221  14225.60  21.0  31.0   1.9   .34    .0
  3 1980 222  11254.96  22.1  31.0   1.9   .34    .0
  3 1980 223  14434.80  21.0  31.0   1.9   .34   3.4
  3 1980 224  16150.24  20.0  30.0   2.0   .34    .8
  3 1980 225  14685.84  22.8  31.0   2.2   .34    .6
  3 1980 226   8702.72  22.0  28.5   2.2   .34  79.0
  3 1980 227  10920.24  21.3  28.0   2.0   .34    .1
  3 1980 228  14895.04  21.6  30.5   2.0   .34   4.8
  3 1980 229  12133.60  21.6  29.5   1.8   .34    .8
  3 1980 230  12928.56  21.0  28.0   2.0   .34  10.5
  3 1980 231   2217.52  21.7  25.1   2.0   .34   2.2
  3 1980 232  10711.04  21.0  27.5   2.0   .34   7.7
  3 1980 233  11547.84  20.0  29.0   1.7   .34  19.5
  3 1980 234  11882.56  20.0  29.0   1.9   .34  25.5
  3 1980 235   9204.80  20.6  27.6   1.9   .34  30.7
  3 1980 236  17489.12  20.2  30.0   2.0   .34    .0
  3 1980 237   9832.40  21.0  28.5   1.9   .34   1.1
  3 1980 238  18284.08  22.6  30.6   2.2   .34   4.8
  3 1980 239  15397.12  23.8  30.0   2.2   .34   4.2
  3 1980 240   7907.76  22.6  27.0   1.9   .34  47.1
  3 1980 241  13472.48  22.2  28.6   2.1   .34   1.3
  3 1980 242   7280.16  21.8  27.2   2.0   .34  32.9
  3 1980 243  12719.36  21.0  29.5   2.0   .34  14.4
  3 1980 244  15397.12  20.6  29.5   1.9   .34   1.7
  3 1980 245  14141.92  21.0  30.0   1.9   .33  10.3
  3 1980 246  10920.24  21.3  30.0   2.0   .33   3.6
  3 1980 247  11798.88  20.4  30.0   1.8   .33  11.6
  3 1980 248  14978.72  20.8  30.1   2.0   .33   2.9
  3 1980 249  18200.40  20.6  30.0   1.9   .33    .7
  3 1980 250  16275.76  22.1  30.1   2.1   .33    .3
  3 1980 251  11464.16  21.4  30.2   2.0   .33  31.3
  3 1980 252   7070.96  22.0  27.2   2.0   .33   9.1
  3 1980 253  12635.68  21.3  30.5   2.1   .33   4.5
  3 1980 254   9748.72  21.6  29.5   2.1   .33  26.8
  3 1980 255  15773.68  20.8  31.0   2.0   .33   1.6
  3 1980 256  12844.88  21.6  30.2   2.0   .33   1.0
  3 1980 257  14895.04  21.0  31.0   2.1   .33   1.2
  3 1980 258  15648.16  21.4  31.0   2.2   .33    .0
  3 1980 259  14560.32  20.2  31.0   2.1   .33  18.2
  3 1980 260  13305.12  20.0  30.4   1.9   .33    .0
  3 1980 261  10376.32  21.2  29.0   2.1   .33  56.3
  3 1980 262   4309.52  20.6  26.0   2.0   .33    .6
  3 1980 263  15104.24  20.0  30.5   1.9   .33    .0
  3 1980 264   8033.28  21.1  28.0   1.9   .33  11.1
  3 1980 265   9079.28  21.4  29.0   2.0   .33  12.3
  3 1980 266   9874.24  21.6  28.0   1.9   .33  10.9
  3 1980 267  15229.76  20.3  30.6   1.9   .33  63.5
  3 1980 268  14769.52  21.0  30.4   1.9   .33  56.5
  3 1980 269  15187.92  21.8  30.5   2.0   .33    .9
  3 1980 270   9623.20  22.3  29.6   2.2   .33   9.2
  3 1980 271   9204.80  21.6  27.6   1.9   .33  57.3
  3 1980 272  13472.48  21.0  29.5   2.0   .33   2.5
  3 1980 273   9288.48  22.1  27.0   2.0   .24  18.1
  3 1980 274  14267.44  21.2  30.2   2.0   .24  34.5
  3 1980 275  11966.24  20.2  29.5   1.9   .24   1.6
  3 1980 276  12635.68  20.2  29.0   2.0   .24  19.8
  3 1980 277  10292.64  21.1  29.0   2.0   .24    .3
  3 1980 278   9414.00  21.0  28.0   2.0   .24    .0
  3 1980 279   7907.76  21.4  29.0   2.1   .24  31.2
  3 1980 280  11338.64  21.0  29.0   2.1   .24  18.9
  3 1980 281   9079.28  21.9  29.5   2.0   .24   4.7
  3 1980 282   8995.60  22.0  28.5   2.1   .24   2.3
  3 1980 283  11045.76  21.8  29.5   2.0   .24    .3
  3 1980 284   6652.56  21.3  27.0   2.0   .24    .0
  3 1980 285  11882.56  20.8  30.5   1.9   .24    .0
  3 1980 286  13598.00  21.0  30.5   2.1   .24    .0
  3 1980 287   9539.52  21.8  28.2   2.0   .24   2.7
  3 1980 288   9957.92  21.0  27.0   1.9   .24  11.0
  3 1980 289   7698.56  21.7  27.0   2.0   .24    .0
  3 1980 290  12970.40  20.2  30.0   2.0   .24    .4
  3 1980 291  14769.52  21.6  30.5   2.1   .24    .1
  3 1980 292  17572.80  20.2  30.5   1.9   .24    .0
  3 1980 293  11757.04  20.4  31.0   2.1   .24   4.3
  3 1980 294  10250.80  19.8  29.0   1.8   .24    .0
  3 1980 295   9665.04  20.0  29.0   2.0   .24   2.8
  3 1980 296  11547.84  20.4  28.6   2.0   .24  14.4
  3 1980 297  12300.96  21.2  29.5   2.2   .24   8.2
  3 1980 298   8451.68  20.3  29.0   2.0   .24  34.9
  3 1980 299  13388.80  21.8  29.0   2.1   .24  46.1
  3 1980 300  11464.16  20.4  29.0   2.2   .24    .2
  3 1980 301   8911.92  21.3  28.5   1.9   .24   9.0
  3 1980 302   8242.48  21.6  29.5   2.1   .24  12.4
  3 1980 303  13179.60  20.0  28.5   2.0   .24  12.6
  3 1980 304  10041.60  22.2  29.0   2.1   .24  16.0
  3 1980 305   9623.20  22.1  29.0   1.9   .24  15.8
  3 1980 306   9330.32  20.2  27.6   1.8   .24   6.3
  3 1980 307   9455.84  21.0  27.6   2.0   .24  16.0
  3 1980 308  11966.24  21.2  28.6   1.9   .37  23.2
  3 1980 309   8368.00  21.0  28.6   1.9   .37    .6
  3 1980 310   6150.48  21.0  28.0   2.0   .37    .2
  3 1980 311   8870.08  22.5  28.0   2.0   .37    .1
  3 1980 312  13701.06  21.8  29.0   1.8   .37    .4
  3 1980 313   8326.16  21.0  26.5   2.0   .37    .2
  3 1980 314  10460.00  21.2  28.1   2.0   .37  20.2
  3 1980 315  13054.08  21.0  29.5   2.0   .37   5.9
  3 1980 316   6945.44  21.0  29.5   2.0   .37  24.1
  3 1980 317  10158.44  21.0  27.5   2.0   .37  38.4
  3 1980 318   6276.00  21.0  26.4   1.9   .37   5.5
  3 1980 319   7363.84  21.2  27.3   2.0   .37   1.7
  3 1980 320   9288.48  21.6  28.5   2.0   .37  97.4
  3 1980 321  11547.84  20.0  29.0   2.0   .37  72.4
  3 1980 322  11715.20  20.2  30.1   2.0   .37    .1
  3 1980 323  11129.44  21.0  29.0   1.8   .37    .0
  3 1980 324  11589.68  20.8  29.0   1.9   .37    .0
  3 1980 325   9832.40  20.8  29.5   1.9   .37  10.7
  3 1980 326   7196.48  20.0  26.6   1.9   .37   1.7
  3 1980 327   9455.84  19.1  27.5   1.8   .37   1.8
  3 1980 328   3598.24  20.2  28.0   1.9   .37   3.8
  3 1980 329   7907.76  22.0  26.2   2.0   .37  27.7
  3 1980 330   6778.08  20.6  26.3   1.9   .37  16.1
  3 1980 331   6987.28  21.0  26.5   2.0   .37  10.8
  3 1980 332   4267.68  21.0  26.5   2.0   .37  13.0
  3 1980 333   7238.32  20.6  24.5   2.0   .37   7.8
  3 1980 334   2133.84  20.3  27.0   1.9   .37  34.8
  3 1980 335   9025.25  21.0  24.0   2.0   .37  54.0
  3 1980 336  10627.36  20.3  27.2   1.9   .37  17.4
  3 1980 337  11798.88  19.3  28.2   1.9   .37    .2
  3 1980 338  12635.68  19.2  28.0   1.7   .37    .0
  3 1980 339  12886.72  17.8  28.0   1.6   .37   2.6
  3 1980 340  14685.84  19.0  28.5   1.7   .37   1.0
  3 1980 341   8702.72  18.8  27.0   1.8   .37   1.0
  3 1980 342  19836.02  18.3  28.5   1.8   .37    .0
  3 1980 343  14685.84  20.2  28.5   2.0   .37   7.6
  3 1980 344   9330.32  18.8  27.3   1.7   .37  14.5
  3 1980 345  11164.16  21.0  27.5   1.9   .37    .8
  3 1980 346   8368.00  21.0  27.0   2.0   .37  26.9
  3 1980 347   1924.64  21.4  23.0   1.9   .37 189.0
  3 1980 348   3514.56  20.4  23.0   1.9   .37 100.0
  3 1980 349   1046.00  21.0  23.0   1.9   .37  98.5
  3 1980 350   8888.34  21.2  24.4   2.0   .37  30.8
  3 1980 351   8885.47  20.4  23.0   1.9   .37  45.9
  3 1980 352   2677.76  21.0  23.0   1.9   .37  37.2
  3 1980 353   2008.32  19.2  22.1   1.6   .37  25.0
  3 1980 354   2343.04  19.2  23.8   1.9   .37  61.4
  3 1980 355  12870.03  19.4  26.5   1.8   .37   1.5
  3 1980 356   7196.48  19.4  26.5   1.9   .37  13.4
  3 1980 357  11380.48  19.0  27.5   1.8   .37   5.1
  3 1980 358  12133.60  16.8  27.0   1.6   .37    .0
  3 1980 359  12217.28  17.4  28.0   1.7   .37    .0
  3 1980 360  13054.08  16.4  28.0   1.5   .37    .0
  3 1980 361   9623.20  19.4  28.0   1.8   .37  14.7
  3 1980 362   4267.68  20.6  26.0   1.6   .37   7.4
  3 1980 363   8786.40  18.4  26.0   1.5   .37   6.4
  3 1980 364   6736.24  18.0  26.0   1.4   .37   2.9
  3 1980 365   4267.68  18.6  26.0   1.7   .37  18.8
  3 1980 366   8940.93  18.0  20.0   1.6   .37  13.6
