*---------------------------------------------------------              
* Station name: La Lola                                                 
* Author: Atlantic Zone Project, AUW-MAG-CATIE, Costa Rica              
* Source: IMN, San Jose, Costa Rica                                     
*                                                                       
* Comments: Wind speed data lacking                                     
*           No data of SR and VP at 1800 hr.                            
*                                                                       
*                                                                       
* Longitude:  83 23 W, latitude:  10  6 N, altitude:  40 m.             
* Column  Daily value                                                   
*    1    station number                                                
*    2    year                                                          
*    3    month                                                         
*    4    day                                                           
*    5    julian date                                                   
*    6    irradiation            (1000 * MJ m-2 d-1)                    
*    7    minimum temperature    (degrees Celcius)                      
*    8    maximum temperature    (degrees Celcius)                      
*    9    vapor pressure at 0700 (mbar)                                 
*   10    vapor pressure at 1300 (mbar)                                 
*   11    vapor pressure at 1800 (mbar)                                 
*   12    mean wind speed        (kilometer per hour)                   
*   13    precipitation          (mm d-1)                               
*   14    sunshine hours         (hours)                                
* Missing value: -99                                                    
*---------------------------------------------------------              
*  data converted with WDC for CABO-format
*-------------------------------------------
  83.38  10.10    40.  .00  .00
  4 1989   1  10229.95  21.0  30.0   2.7   .62   4.2
  4 1989   2   8857.85  21.0  29.5   2.7   .62  33.2
  4 1989   3   7377.35  20.5  27.8   2.7   .62   1.6
  4 1989   4   7919.67  19.6  26.8   2.5   .62  18.1
  4 1989   5  14226.15  20.6  30.2   2.6   .62   6.9
  4 1989   6   6766.17  21.3  27.5   2.7   .62   2.8
  4 1989   7   9343.74  19.0  27.5   2.6   .62   1.0
  4 1989   8  11821.40  19.5  30.0   2.6   .62   4.9
  4 1989   9  14735.42  19.0  30.5   2.6   .62   9.0
  4 1989  10  14865.89  20.0  30.0   2.6   .62   8.2
  4 1989  11  16395.92  19.0  30.5   2.7   .62    .0
  4 1989  12  16315.57  19.5  30.0   2.5   .62    .0
  4 1989  13  14077.97  20.0  30.0   2.6   .62    .0
  4 1989  14  12806.60  21.0  30.0   2.6   .62   9.2
  4 1989  15   7310.02  21.5  28.0   2.7   .62  74.2
  4 1989  16  10578.39  21.5  28.0   2.7   .62  15.5
  4 1989  17  11143.01  20.0  29.0   2.6   .62   6.6
  4 1989  18  13015.95  20.5  29.5   2.4   .62    .0
  4 1989  19  12606.87  20.0  30.2   2.6   .62   2.5
  4 1989  20  10340.04  20.0  29.5   2.5   .62    .0
  4 1989  21  13864.70  19.0  30.0   2.5   .62   3.2
  4 1989  22  16306.95  20.0  30.5   2.8   .62   3.7
  4 1989  23  11508.92  20.5  29.5   2.5   .62    .0
  4 1989  24  14727.46  19.0  30.3   2.5   .62  12.0
  4 1989  25  12665.25  19.5  29.0   2.5   .62    .9
  4 1989  26  12363.26  17.0  29.0   2.2   .62    .0
  4 1989  27  12503.28  18.5  30.0   2.3   .62   3.3
  4 1989  28  11201.48  19.0  29.5   2.4   .61    .1
  4 1989  29   9116.04  20.2  28.5   2.3   .61    .1
  4 1989  30  14153.99  19.0  30.0   2.4   .61    .5
  4 1989  31  13406.38  17.5  30.0   2.3   .61    .0
  4 1989  32  11760.46  18.3  30.0   2.4   .61    .0
  4 1989  33  15602.83  17.0  30.0   2.1   .61    .9
  4 1989  34  11594.63  19.5  29.0   2.3   .61    .6
  4 1989  35  13651.14  19.0  30.0   2.3   .61    .0
  4 1989  36  10073.15  17.0  30.0   2.1   .61   3.6
  4 1989  37  11456.55  20.0  29.0   2.3   .61   1.1
  4 1989  38  18173.12  19.0  29.0   2.4   .61   8.4
  4 1989  39   7198.48  19.0  28.0   2.5   .61  42.2
  4 1989  40  15869.44  21.0  30.0   2.6   .61    .7
  4 1989  41   8949.65  17.5  27.5   2.2   .61   5.8
  4 1989  42  16746.13  18.5  30.0   2.4   .61   6.6
  4 1989  43  11516.97  18.0  29.0   2.2   .61   5.4
  4 1989  44  13841.41  17.3  29.5   2.1   .61   1.4
  4 1989  45  10539.45  17.5  28.8   2.3   .61   3.0
  4 1989  46  17019.86  19.5  29.5   2.5   .61    .6
  4 1989  47  12324.62  19.0  29.4   2.3   .61    .0
  4 1989  48  16404.13  17.0  29.5   2.1   .61    .0
  4 1989  49  19455.91  17.0  31.0   2.1   .61    .0
  4 1989  50  18801.97  17.0  31.0   2.0   .61    .0
  4 1989  51  15584.61  20.5  29.0   2.8   .61    .0
  4 1989  52  17951.33  19.0  30.5   2.6   .61    .0
  4 1989  53  11915.68  20.8  29.5   2.7   .61    .0
  4 1989  54   7495.88  18.0  22.5   2.4   .61  86.6
  4 1989  55   7514.85  17.5  21.8   2.0   .61  26.8
  4 1989  56   7533.64  18.0  21.8   2.1   .65  11.5
  4 1989  57   7552.22  18.0  23.0   2.1   .65  12.7
  4 1989  58   8984.67  21.0  27.0   2.4   .65   1.7
  4 1989  59  16323.14  17.0  30.0   2.5   .65    .0
  4 1989  60  14818.17  19.0  30.5   2.7   .65   2.8
  4 1989  61   7624.37  21.0  28.0   2.7   .65  16.8
  4 1989  62   9064.83  22.0  28.0   2.7   .65    .0
  4 1989  63  14547.10  21.5  29.0   2.8   .65    .0
  4 1989  64  17903.97  18.5  31.0   2.6   .65    .0
  4 1989  65  13290.03  18.0  29.0   2.6   .65    .0
  4 1989  66  11405.76  19.5  29.5   2.6   .65  44.9
  4 1989  67   7724.78  20.3  23.0   2.5   .65  27.4
  4 1989  68   7740.48  18.8  23.0   2.3   .65  36.6
  4 1989  69   7755.86  17.0  24.0   2.2   .65   1.6
  4 1989  70   7770.91  18.0  24.5   2.1   .65   7.1
  4 1989  71   8265.55  17.8  26.0   2.1   .65    .9
  4 1989  72  14886.47  17.0  27.5   2.4   .65    .0
  4 1989  73  17913.54  18.0  27.5   2.0   .65    .0
  4 1989  74  17816.67  19.3  29.5   2.4   .65    .0
  4 1989  75  19043.80  17.5  29.5   2.4   .65    .0
  4 1989  76  18584.26  17.5  30.0   2.1   .65    .0
  4 1989  77  19208.99  18.0  30.2   2.3   .65    .0
  4 1989  78  19712.99  17.0  30.3   2.5   .65    .5
  4 1989  79  20820.97  19.0  30.0   2.3   .65   8.3
  4 1989  80  19752.77  18.2  29.8   2.5   .65    .4
  4 1989  81  18077.18  19.0  30.5   2.5   .65    .0
  4 1989  82  20151.84  20.5  30.5   2.5   .65    .0
  4 1989  83  20653.01  17.0  31.0   2.4   .65    .0
  4 1989  84  16911.99  18.5  30.5   2.4   .65    .0
  4 1989  85  14864.14  20.0  30.0   2.6   .65  18.1
  4 1989  86  13299.08  17.5  30.5   2.6   .65   3.3
  4 1989  87  11732.26  20.0  31.0   2.4   .65    .0
  4 1989  88  17323.99  20.0  31.0   2.4   .65   3.1
  4 1989  89  19761.61  21.5  31.0   2.6   .65    .0
  4 1989  90  15643.37  20.0  30.5   2.5   .65    .0
  4 1989  91  14680.05  19.5  31.0   2.3   .64    .0
  4 1989  92  13472.96  18.0  31.0   2.5   .64    .0
  4 1989  93  14329.43  17.0  29.5   2.4   .64    .0
  4 1989  94  14335.20  18.0  31.0   3.0   .64    .9
  4 1989  95  16040.16  18.5  31.5   2.6   .64  17.4
  4 1989  96  12766.41  21.0  30.0   2.8   .64  16.7
  4 1989  97   8400.49  21.5  27.0   2.7   .64  38.1
  4 1989  98  11802.89  20.0  29.0   2.5   .64  31.0
  4 1989  99   8408.68  21.0  26.5   2.6   .64  14.0
  4 1989 100  14719.48  20.8  29.5   2.9   .64    .0
  4 1989 101   8294.05  21.0  29.0   2.4   .64   4.2
  4 1989 102  13387.51  20.0  30.0   2.9   .64    .8
  4 1989 103  10843.51  19.0  30.5   2.6   .64  32.7
  4 1989 104  13750.75  19.5  30.0   3.0   .64   1.0
  4 1989 105  11449.97  18.5  30.0   2.3   .64  15.8
  4 1989 106   8304.32  18.0  28.0   2.7   .64   1.4
  4 1989 107  13383.18  16.5  29.0   2.7   .64  21.9
  4 1989 108   8789.26  21.5  28.5   2.5   .64  10.6
  4 1989 109  16275.63  19.5  30.0   2.7   .64    .4
  4 1989 110  12770.85  19.5  29.8   2.6   .64    .5
  4 1989 111  13731.92  20.5  30.0   2.7   .64    .5
  4 1989 112   9992.11  21.0  22.0   2.5   .64   6.6
  4 1989 113  14323.93  20.0  30.0   2.5   .64    .0
  4 1989 114  16362.76  19.0  30.5   3.0   .64  10.6
  4 1989 115   8061.24  22.5  26.4   2.9   .64   4.4
  4 1989 116  10341.30  22.4  29.9   2.8   .64  10.4
  4 1989 117  18975.81  22.5  31.0   2.9   .64    .0
  4 1989 118  18364.28  20.5  31.0   2.8   .64    .0
  4 1989 119  19908.95  19.2  31.2   2.7   .59    .0
  4 1989 120  15229.05  21.2  30.2   2.8   .59    .0
  4 1989 121  17489.98  21.2  31.5   2.7   .59    .0
  4 1989 122  12582.18  29.5  29.5   2.7   .59  73.7
  4 1989 123   8519.02  21.5  29.5   2.7   .59   4.4
  4 1989 124   9349.18  20.0  29.5   2.8   .59   4.1
  4 1989 125   8749.12  19.5  28.2   2.5   .59    .0
  4 1989 126  18731.70  20.0  31.2   2.7   .59    .0
  4 1989 127  19547.52  20.2  31.0   2.8   .59    .9
  4 1989 128  19530.82  19.5  31.5   2.8   .59    .0
  4 1989 129  19395.40  19.5  31.5   2.7   .59    .0
  4 1989 130  20562.11  20.0  32.5   2.7   .59    .0
  4 1989 131  18297.12  21.5  33.0   2.8   .59   1.7
  4 1989 132  12139.61  20.5  31.2   2.9   .59    .0
  4 1989 133   9888.89  22.0  31.0   2.9   .59    .0
  4 1989 134  12592.34  21.2  32.5   3.0   .59    .0
  4 1989 135  18114.52  21.5  31.5   2.9   .59    .0
  4 1989 136  18686.15  21.5  32.5   2.9   .59    .0
  4 1989 137  17729.75  21.5  32.5   2.9   .59  10.5
  4 1989 138   9619.64  24.0  32.5   3.1   .59   2.2
  4 1989 139  12190.82  21.5  32.2   2.9   .59   7.8
  4 1989 140  10659.58  21.0  30.0   3.1   .59   2.7
  4 1989 141   7962.49  23.0  29.5   2.8   .59  37.9
  4 1989 142   8074.33  23.0  30.0   3.1   .59  17.9
  4 1989 143   9002.65  22.0  29.0   3.0   .59   7.0
  4 1989 144  10162.12  22.5  30.5   2.8   .59   6.6
  4 1989 145  11086.38  21.0  30.2   2.9   .59  16.5
  4 1989 146   8519.56  20.2  29.2   2.7   .59   8.7
  4 1989 147   9443.76  21.0  28.0   2.9   .59  13.2
  4 1989 148   7928.54  21.2  28.5   2.7   .59   2.7
  4 1989 149   8735.70  20.5  29.5   2.7   .59   2.4
  4 1989 150  13133.14  20.0  31.0   2.7   .59    .0
  4 1989 151  13008.22  20.5  30.5   2.8   .59  11.4
  4 1989 152   7910.58  23.0  30.5   2.8   .59  22.0
  4 1989 153   7906.35  21.0  30.2   2.8   .59  16.8
  4 1989 154   7902.24  20.2  26.2   2.7   .51   9.7
  4 1989 155  17127.88  21.0  32.0   2.8   .51   7.8
  4 1989 156   7894.39  22.0  26.5   2.9   .51  21.4
  4 1989 157   7890.68  22.0  28.0   2.8   .51   4.6
  4 1989 158  13412.83  21.5  31.5   2.9   .51   2.1
  4 1989 159  15936.74  21.5  31.5   3.0   .51    .5
  4 1989 160  12364.35  20.0  31.5   2.9   .51  75.6
  4 1989 161   8566.79  23.2  30.0   3.1   .51  61.9
  4 1989 162   7874.46  23.0  29.0   2.8   .51  19.2
  4 1989 163  13725.63  23.0  31.5   3.0   .51   1.9
  4 1989 164  10622.65  23.5  29.5   2.9   .51   7.5
  4 1989 165  10389.73  22.5  31.0   3.1   .51    .0
  4 1989 166   7864.62  22.0  27.5   2.8   .51  30.5
  4 1989 167   8893.97  22.0  29.0   2.8   .51    .3
  4 1989 168   8204.51  21.5  26.2   2.8   .51   1.9
  4 1989 169   9462.62  22.0  29.6   2.7   .51  16.2
  4 1989 170  13468.39  21.5  31.5   2.7   .51  23.2
  4 1989 171   8543.53  21.0  28.5   2.9   .51   3.4
  4 1989 172  10373.85  23.0  29.5   3.0   .51  15.2
  4 1989 173   7854.87  22.0  26.8   2.9   .51  15.1
  4 1989 174  11173.19  20.0  30.0   2.7   .51  15.1
  4 1989 175  15864.94  22.0  30.2   3.0   .51   1.7
  4 1989 176  10943.77  21.2  29.5   2.7   .51   1.0
  4 1989 177  18612.44  20.5  31.5   2.5   .51    .0
  4 1989 178  20101.91  21.5  32.0   2.7   .51    .0
  4 1989 179  19646.25  21.5  32.0   2.9   .51    .0
  4 1989 180  13236.77  21.0  30.5   3.0   .51  14.7
  4 1989 181  12208.03  20.0  30.4   2.9   .51   2.5
  4 1989 182  19427.78  20.0  31.2   3.4   .52    .3
  4 1989 183   9003.95  21.0  27.5   2.7   .52  31.5
  4 1989 184  18635.52  18.5  31.0   2.7   .52    .0
  4 1989 185  11301.39  21.0  31.0   2.9   .52   8.0
  4 1989 186   7862.53  20.5  31.5   2.9   .52   5.6
  4 1989 187  12570.70  20.5  31.0   2.7   .52   6.4
  4 1989 188   7866.43  18.5  25.2   2.9   .52  62.8
  4 1989 189   7868.62  20.2  27.5   2.4   .52  16.0
  4 1989 190  14309.37  19.0  31.5   2.8   .52   2.2
  4 1989 191  13510.42  21.0  32.0   2.8   .52    .0
  4 1989 192  14897.96  21.0  32.0   2.8   .52  11.4
  4 1989 193   7878.77  19.0  27.0   2.7   .52  11.0
  4 1989 194  11916.05  21.0  30.0   2.7   .52    .0
  4 1989 195  13767.56  20.0  31.0   2.7   .52  30.2
  4 1989 196   8003.09  19.2  29.0   3.1   .52  16.2
  4 1989 197  12511.93  19.0  30.5   3.3   .52  19.1
  4 1989 198  10090.84  23.6  30.5   3.1   .52  61.7
  4 1989 199   7897.39  23.0  27.5   2.9   .52  10.7
  4 1989 200   7900.78  22.5  25.5   2.9   .52  25.8
  4 1989 201   7904.23  22.0  28.0   2.8   .52   3.5
  4 1989 202   7907.73  22.0  28.7   2.8   .52  15.0
  4 1989 203  11278.65  21.0  31.2   2.8   .52   8.3
  4 1989 204   7914.84  22.2  27.8   2.7   .52   5.2
  4 1989 205   9430.71  21.5  30.2   2.8   .52   7.7
  4 1989 206  12579.56  20.2  30.0   2.9   .52    .0
  4 1989 207  18531.55  20.0  31.0   2.6   .52    .0
  4 1989 208   8745.83  19.0  30.0   2.5   .52  24.2
  4 1989 209  15289.43  20.0  30.2   2.6   .52    .0
  4 1989 210  19858.63  19.0  32.0   2.8   .53    .0
  4 1989 211   8173.78  22.2  27.0   2.8   .53  40.8
  4 1989 212   7943.22  23.0  28.0   2.6   .53  22.8
  4 1989 213  10056.70  22.0  29.0   2.7   .53    .0
  4 1989 214  13347.65  19.0  28.0   2.7   .53   2.4
  4 1989 215  11006.98  19.0  30.2   2.8   .53    .3
  4 1989 216  19007.94  19.0  32.0   2.9   .53   7.7
  4 1989 217  10901.35  22.2  30.0   2.9   .53   2.0
  4 1989 218  13616.43  22.0  30.0   2.9   .53   8.3
  4 1989 219  10323.08  21.0  31.0   2.7   .53   1.6
  4 1989 220  18943.55  22.0  28.0   2.8   .53  27.8
  4 1989 221  15766.70  20.0  29.0   2.7   .53    .0
  4 1989 222   9391.19  20.0  31.0   2.8   .53   5.2
  4 1989 223  11643.24  19.0  31.2   2.7   .53   3.0
  4 1989 224   9397.87  19.2  29.2   2.8   .53   4.8
  4 1989 225  12720.50  22.2  30.0   2.8   .53   1.1
  4 1989 226  18777.72  19.5  31.0   2.7   .53    .3
  4 1989 227  14631.63  21.0  30.0   2.9   .53    .8
  4 1989 228   9884.05  20.0  30.5   2.8   .53    .0
  4 1989 229  17142.37  21.0  32.2   2.8   .53   8.0
  4 1989 230  12864.69  20.0  30.2   2.6   .53    .0
  4 1989 231   9890.58  21.0  30.0   2.8   .53   9.5
  4 1989 232  15137.61  20.2  31.5   2.7   .53    .0
  4 1989 233  19437.21  21.5  32.0   2.8   .53    .0
  4 1989 234  13117.58  22.0  35.5   2.8   .53    .0
  4 1989 235  19212.28  21.5  32.5   2.8   .53    .0
  4 1989 236  13002.98  23.0  31.5   3.0   .53    .0
  4 1989 237  15874.90  21.5  31.2   3.0   .53  26.5
  4 1989 238  20185.32  20.0  32.0   2.7   .53    .0
  4 1989 239   7978.68  21.2  26.5   2.7   .53   9.6
  4 1989 240  20073.65  19.5  32.0   3.0   .53    .6
  4 1989 241  14444.79  21.5  32.5   3.1   .53    .4
  4 1989 242  14204.93  21.5  32.0   2.8   .53    .0
  4 1989 243  13124.94  22.0  31.5   2.8   .53    .3
  4 1989 244  18641.11  21.0  32.0   2.7   .53    .0
  4 1989 245   8801.50  21.2  29.2   2.7   .56    .0
  4 1989 246  17438.86  21.0  33.0   2.7   .56    .0
  4 1989 247  17796.53  20.0  31.5   2.6   .56   1.4
  4 1989 248  13591.31  22.0  30.5   2.8   .56   1.2
  4 1989 249   7943.46  22.0  26.0   2.7   .56   7.2
  4 1989 250  10940.12  21.5  31.0   2.8   .56    .0
  4 1989 251  15137.47  22.0  31.2   2.7   .56    .0
  4 1989 252  15251.34  21.2  33.2   2.9   .56    .0
  4 1989 253  13563.34  22.2  33.0   3.0   .56    .0
  4 1989 254  20279.61  22.0  32.0   2.9   .56    .0
  4 1989 255   7905.60  22.0  30.0   2.8   .56   5.7
  4 1989 256  10418.54  21.5  30.5   2.8   .56    .0
  4 1989 257  10649.99  22.0  30.2   3.0   .56   5.2
  4 1989 258   8841.45  22.0  28.0   2.9   .56    .0
  4 1989 259  14948.52  21.2  32.0   2.8   .56    .0
  4 1989 260   7983.89  21.0  30.5   2.7   .56    .0
  4 1989 261  10730.44  22.0  32.5   2.9   .56    .3
  4 1989 262  13354.25  21.5  30.2   2.8   .56   1.1
  4 1989 263  12263.88  22.0  32.5   2.7   .56   7.5
  4 1989 264  13207.99  21.0  32.0   2.8   .56  24.8
  4 1989 265  16900.43  20.5  32.0   2.9   .56    .0
  4 1989 266  16644.24  20.2  33.0   2.8   .56    .0
  4 1989 267  13760.71  20.0  31.0   2.7   .56    .0
  4 1989 268  12073.89  22.5  31.5   2.8   .56   4.2
  4 1989 269  14561.79  21.0  31.4   2.7   .56    .0
  4 1989 270  11922.83  20.0  30.0   2.8   .56  36.5
  4 1989 271  12739.24  21.5  31.5   2.6   .56   6.8
  4 1989 272   8203.07  21.0  31.2   2.8   .56    .0
  4 1989 273  16503.82  20.0  31.5   2.8   .57    .0
  4 1989 274  17904.78  22.0  32.0   3.0   .57    .0
  4 1989 275  15390.38  20.5  32.5   2.8   .57    .0
  4 1989 276  13117.61  20.0  32.5   2.9   .57    .0
  4 1989 277  17590.45  20.0  33.0   2.7   .57    .0
  4 1989 278  16027.77  21.0  32.0   3.0   .57  11.8
  4 1989 279  16827.70  22.0  32.2   3.1   .57    .0
  4 1989 280  19038.74  20.2  32.0   2.7   .57    .0
  4 1989 281  11594.69  21.2  31.5   2.6   .57    .0
  4 1989 282  11337.98  20.5  30.0   2.6   .57    .0
  4 1989 283  11785.55  22.0  31.0   2.7   .57   1.1
  4 1989 284   9653.69  21.5  29.2   2.7   .57   8.2
  4 1989 285   9633.60  20.2  30.0   2.7   .57  69.1
  4 1989 286  14402.66  20.5  31.0   2.8   .57  13.4
  4 1989 287  13674.74  20.0  32.0   2.8   .57  12.7
  4 1989 288  10270.33  21.0  30.0   2.7   .57   1.0
  4 1989 289  14782.08  21.5  31.5   2.8   .57    .0
  4 1989 290  15216.24  21.5  30.5   2.8   .57   1.9
  4 1989 291  17849.98  21.5  32.0   2.8   .57    .0
  4 1989 292  15731.72  20.0  32.5   2.6   .57    .5
  4 1989 293  10040.84  20.5  32.2   2.8   .57   3.7
  4 1989 294  10593.91  19.2  29.2   2.9   .57   2.6
  4 1989 295  18278.11  21.0  31.5   2.7   .57    .0
  4 1989 296  14908.91  20.0  30.5   2.3   .57    .0
  4 1989 297  18544.29  20.5  30.0   2.6   .57    .0
  4 1989 298  13241.15  20.5  30.0   2.7   .57  11.3
  4 1989 299  11497.91  22.0  31.0   2.7   .57   5.0
  4 1989 300  11470.83  21.5  31.0   2.8   .57    .0
  4 1989 301  11443.67  20.2  29.2   2.7   .57   2.0
  4 1989 302   7783.05  21.2  24.5   2.7   .57 119.3
  4 1989 303   7196.27  22.5  26.6   2.9   .57  32.6
  4 1989 304   7177.22  22.5  28.0   2.9   .57  67.0
  4 1989 305   7158.20  21.5  28.0   2.6   .57  84.5
  4 1989 306   9842.88  21.0  29.0   2.8   .57  18.0
  4 1989 307   9481.30  22.0  29.2   3.1   .57  36.5
  4 1989 308   8560.12  22.2  28.2   2.9   .55    .0
  4 1989 309  10330.17  23.2  30.0   3.0   .55   2.0
  4 1989 310  11422.64  22.0  31.0   2.9   .55    .4
  4 1989 311  13514.64  21.5  31.5   2.7   .55    .0
  4 1989 312  15264.45  20.5  30.5   2.8   .55    .0
  4 1989 313  13008.04  21.0  30.5   2.7   .55  13.8
  4 1989 314  16858.82  20.6  31.2   3.0   .55    .0
  4 1989 315  16489.65  20.2  31.4   2.6   .55    .0
  4 1989 316  10489.51  20.0  29.2   2.8   .55   8.2
  4 1989 317  15094.91  22.0  31.5   2.7   .55    .5
  4 1989 318  12861.70  20.5  30.5   2.8   .55    .0
  4 1989 319  15578.77  21.5  30.5   2.7   .55    .0
  4 1989 320   8969.47  21.0  30.5   2.8   .55   7.6
  4 1989 321   6870.53  20.0  30.2   2.7   .55  20.1
  4 1989 322   6854.40  19.2  29.7   2.8   .55  24.5
  4 1989 323  11961.99  21.0  30.5   2.8   .55   7.5
  4 1989 324  14222.62  22.5  30.5   3.2   .55    .0
  4 1989 325  16693.13  21.5  31.5   2.7   .55    .0
  4 1989 326  14601.15  21.5  31.5   2.7   .55    .0
  4 1989 327  14790.32  21.0  32.0   2.8   .55   2.5
  4 1989 328  10007.38  20.0  31.2   2.9   .55   3.5
  4 1989 329   6751.06  22.0  27.2   2.7   .55   3.3
  4 1989 330  16004.65  20.0  31.0   2.7   .55    .0
  4 1989 331  12319.90  20.5  31.0   2.9   .55    .4
  4 1989 332  14663.13  20.0  30.5   3.2   .55    .0
  4 1989 333  14962.04  19.0  32.5   2.8   .55   5.4
  4 1989 334   6689.34  22.5  32.0   2.9   .55   7.8
  4 1989 335   8711.52  21.5  29.0   2.7   .55  25.7
  4 1989 336  15645.47  21.2  30.0   2.8   .57    .0
  4 1989 337  11781.94  20.2  31.5   2.8   .57    .0
  4 1989 338  14859.05  21.0  32.5   2.6   .57  71.4
  4 1989 339  10154.62  21.6  28.5   2.8   .57  32.8
  4 1989 340  10355.54  21.0  30.5   2.8   .57    .0
  4 1989 341  12789.40  20.0  30.2   2.9   .57    .0
  4 1989 342  13307.83  19.0  31.0   3.0   .57    .0
  4 1989 343  13614.10  20.0  31.2   2.9   .57   8.0
  4 1989 344   6602.89  21.2  24.5   2.6   .57   6.9
  4 1989 345   9140.96  21.5  30.5   2.7   .57    .0
  4 1989 346  15701.69  20.0  29.5   2.5   .57    .0
  4 1989 347  14527.85  22.0  30.5   2.6   .57    .0
  4 1989 348  11874.83  22.0  30.5   2.2   .57    .0
  4 1989 349   8484.54  22.0  30.2   2.5   .57    .0
  4 1989 350  10173.19  19.0  30.4   2.6   .57  18.4
  4 1989 351  14716.25  17.2  30.0   2.7   .57    .0
  4 1989 352  10908.06  20.0  30.5   2.5   .57    .0
  4 1989 353  11329.54  20.0  30.5   2.5   .57    .0
  4 1989 354   7418.53  20.0  30.5   2.6   .57   5.0
  4 1989 355  12598.14  20.0  30.0   2.7   .57   2.1
  4 1989 356  13128.42  19.5  30.2   2.6   .57    .0
  4 1989 357  16620.53  19.0  31.2   2.6   .57  70.6
  4 1989 358   6577.90  20.2  30.8   2.4   .57  64.8
  4 1989 359   6580.64  17.2  22.2   2.1   .57  10.2
  4 1989 360   6583.99  18.2  22.0   2.0   .57  20.3
  4 1989 361   6587.93  18.4  25.2   2.4   .57   8.6
  4 1989 362   6592.48  18.0  23.2   2.3   .57   5.0
  4 1989 363  15397.93  17.0  29.2   2.2   .57    .0
  4 1989 364  12863.45  17.2  29.0   2.3   .57    .0
  4 1989 365  17122.13  17.0  30.2   2.3   .57    .1
