*---------------------------------------------------------              
* Station name: La Lola                                                 
* Author: Atlantic Zone Project, AUW-MAG-CATIE, Costa Rica              
* Source: IMN, San Jose, Costa Rica                                     
*                                                                       
* Comments: Wind speed data lacking                                     
*                                                                       
*                                                                       
*                                                                       
* Longitude:  83 23 W, latitude:  10  6 N, altitude:  40 m.             
* Column  Daily value                                                   
*    1    station number                                                
*    2    year                                                          
*    3    month                                                         
*    4    day                                                           
*    5    julian date                                                   
*    6    irradiation            (cal cm-2 d-1)                         
*    7    minimum temperature    (degrees Celcius)                      
*    8    maximum temperature    (degrees Celcius)                      
*    9    vapor pressure at 0700 (mbar)                                 
*   10    vapor pressure at 1300 (mbar)                                 
*   11    vapor pressure at 1800 (mbar)                                 
*   12    mean wind speed        (kilometer per hour)                   
*   13    precipitation          (mm d-1)                               
*   14    sunshine hours         (hours)                                
* Missing value: -99                                                    
*---------------------------------------------------------              
*  data converted with WDC for CABO-format
*-------------------------------------------
  83.38  10.10    40.  .00  .00
  4 1979   1   5773.92  18.0  29.1   1.9   .62    .5
  4 1979   2  10669.20  20.0  31.2   1.7   .62  14.0
  4 1979   3   5648.40  22.0  27.5   2.0   .62  43.7
  4 1979   4   7154.64  20.6  31.5   1.8   .62   2.8
  4 1979   5   6652.56  22.0  32.0   1.9   .62    .0
  4 1979   6  10543.68  19.0  30.0   1.6   .62    .0
  4 1979   7  11296.80  17.6  30.6   1.5   .62    .0
  4 1979   8  10669.20  20.0  31.0   1.7   .62  12.7
  4 1979   9   5397.36  20.8  30.5   1.7   .62    .6
  4 1979  10  11924.40  20.0  31.0   1.7   .62    .0
  4 1979  11   9162.96  19.6  31.0   1.7   .62    .0
  4 1979  12   6652.56  21.0  29.5   1.8   .62    .5
  4 1979  13   9288.48  23.4  31.0   1.9   .62    .0
  4 1979  14   3514.56  23.8  27.0   2.0   .62  16.0
  4 1979  15   6778.08  21.0  30.0   1.8   .62    .8
  4 1979  16   9539.52  20.0  31.0   1.7   .62   7.6
  4 1979  17   8409.84  22.8  30.1   2.0   .62  28.9
  4 1979  18  10041.60  22.4  31.5   2.0   .62    .0
  4 1979  19   5522.88  21.0  30.5   1.6   .62    .0
  4 1979  20  16784.00  19.4  31.5   1.6   .62    .0
  4 1979  21   8660.88  20.6  31.0   1.8   .62    .0
  4 1979  22   9790.56  21.0  30.5   1.8   .62    .0
  4 1979  23  10669.20  19.2  31.0   1.6   .62    .0
  4 1979  24   9539.52  20.0  31.0   1.8   .62    .0
  4 1979  25   8409.84  21.4  30.4   1.8   .62   3.3
  4 1979  26   8158.80  21.4  31.5   1.8   .62    .0
  4 1979  27   9037.44  22.6  32.0   2.0   .62    .0
  4 1979  28   7029.12  20.8  31.0   1.8   .61    .0
  4 1979  29  11840.72  23.0  31.0   2.1   .61    .0
  4 1979  30   7907.76  20.4  32.0   1.8   .61    .0
  4 1979  31  15528.15  21.6  31.0   1.9   .61    .0
  4 1979  32   4644.24  20.0  30.5   2.0   .61  16.5
  4 1979  33   9288.48  21.0  30.5   2.0   .61    .6
  4 1979  34   9037.44  19.0  31.5   1.8   .61    .0
  4 1979  35   8535.36  21.0  31.5   1.8   .61   4.3
  4 1979  36   7280.16  17.0  30.2   2.0   .61   3.8
  4 1979  37   5397.36  21.0  31.0   2.0   .61   4.3
  4 1979  38   5020.80  21.0  30.0   2.0   .61   4.3
  4 1979  39  10167.12  21.0  32.0   2.1   .61    .0
  4 1979  40   9162.96  19.0  30.0   1.7   .61   9.1
  4 1979  41   6652.56  20.0  29.6   1.8   .61   1.4
  4 1979  42   6652.56  20.0  29.0   1.9   .61   1.9
  4 1979  43  10041.60  20.0  30.0   1.9   .61    .0
  4 1979  44  10794.72  19.5  29.5   1.8   .61   3.0
  4 1979  45   8284.32  19.5  31.5   2.0   .61    .0
  4 1979  46   9037.44  18.0  31.0   1.7   .61    .0
  4 1979  47   9665.04  18.0  31.5   2.0   .61    .0
  4 1979  48   6276.00  18.5  31.0   1.8   .61    .8
  4 1979  49   7531.20  18.0  31.0   1.9   .61   1.0
  4 1979  50  10167.12  18.0  31.5   1.9   .61  10.9
  4 1979  51   5020.80  21.0  28.0   2.0   .61  15.0
  4 1979  52   5648.40  20.0  28.0   2.0   .61   2.0
  4 1979  53   3263.52  19.0  28.0   1.9   .61   5.8
  4 1979  54   6778.08  20.5  30.5   2.1   .61   1.0
  4 1979  55   6778.08  21.0  30.5   2.0   .61   2.6
  4 1979  56   4518.72  20.0  28.5   2.0   .65   3.5
  4 1979  57   6276.00  20.0  29.0   2.0   .65    .2
  4 1979  58   4769.76  18.5  26.5   1.7   .65   7.1
  4 1979  59   8911.92  19.0  30.2   1.8   .65    .0
  4 1979  60   9288.48  18.5  31.5   1.9   .65   7.4
  4 1979  61  12300.96  20.0  31.2   2.0   .65    .0
  4 1979  62  10669.20  19.0  32.0   1.9   .65    .0
  4 1979  63  10543.68  20.0  31.0   1.9   .65    .0
  4 1979  64   6903.60  18.5  30.5   1.9   .65    .0
  4 1979  65   5397.36  20.0  28.5   1.8   .65   1.1
  4 1979  66   8284.32  20.0  30.0   2.0   .65    .0
  4 1979  67  12175.44  18.0  31.5   1.9   .65    .0
  4 1979  68  10292.64  17.5  31.0   1.8   .65    .0
  4 1979  69  10041.60  17.5  33.0   1.8   .65  11.9
  4 1979  70   3012.48  18.0  26.0   1.9   .65  15.0
  4 1979  71   9665.04  20.5  30.5   2.0   .65   6.4
  4 1979  72   4267.68  21.0  27.5   1.9   .65  11.9
  4 1979  73   8911.92  21.0  30.5   2.0   .65    .0
  4 1979  74   4518.72  21.0  30.0   1.9   .65   3.3
  4 1979  75   9414.00  20.0  31.6   1.8   .65   3.0
  4 1979  76  12803.04  18.0  32.0   2.1   .65    .0
  4 1979  77  13430.64  18.0  32.0   1.9   .65    .0
  4 1979  78  13179.60  17.5  31.6   1.8   .65    .0
  4 1979  79  14183.76  18.5  32.0   1.9   .65    .0
  4 1979  80  10292.64  18.0  32.0   2.0   .65    .0
  4 1979  81  11045.76  18.0  31.5   1.8   .65    .0
  4 1979  82   8786.40  18.0  32.0   2.0   .65    .0
  4 1979  83  11296.80  20.5  33.0   2.1   .65    .0
  4 1979  84  11296.80  20.5  33.0   2.1   .65    .0
  4 1979  85  11673.36  22.0  33.0   2.3   .65   3.0
  4 1979  86  11924.40  21.5  32.0   2.2   .65   1.0
  4 1979  87   9539.52  21.0  33.0   2.0   .65    .5
  4 1979  88  11924.40  18.5  33.0   1.9   .65    .0
  4 1979  89  11547.84  20.5  32.0   1.9   .65    .7
  4 1979  90  16736.01  20.0  33.0   2.0   .65  14.1
  4 1979  91   5020.80  20.0  29.8   2.0   .64  21.8
  4 1979  92   1882.80  20.5  29.0   2.0   .64  34.5
  4 1979  93   6024.96  21.0  30.0   2.0   .64  22.1
  4 1979  94   6401.52  22.0  30.0   2.1   .64  28.0
  4 1979  95   6903.60  22.0  30.6   2.1   .64 115.1
  4 1979  96   2886.96  22.0  27.5   2.1   .64 105.7
  4 1979  97   4016.64  22.0  28.5   2.0   .64  14.7
  4 1979  98   5899.44  22.0  27.5   2.1   .64  16.5
  4 1979  99   9665.04  20.5  28.5   1.9   .64   2.5
  4 1979 100   6024.96  21.0  31.0   2.0   .64   5.6
  4 1979 101   4644.24  22.0  30.0   2.2   .64   7.4
  4 1979 102   4644.24  21.0  29.0   2.3   .64  35.3
  4 1979 103   3765.60  22.5  29.5   2.4   .64   6.1
  4 1979 104   4644.24  22.5  29.0   2.1   .64   4.3
  4 1979 105   9790.56  22.0  29.0   2.1   .64   3.6
  4 1979 106  10920.24  22.0  29.5   2.1   .64   4.1
  4 1979 107   5773.92  20.5  30.0   2.0   .64  27.4
  4 1979 108  10167.12  21.0  31.8   2.2   .64  21.6
  4 1979 109   7531.20  22.0  30.0   2.2   .64  14.5
  4 1979 110   7531.20  21.5  28.0   2.0   .64  36.1
  4 1979 111   6276.00  20.0  30.5   2.0   .64   3.6
  4 1979 112   4142.16  22.0  28.5   2.0   .64  45.5
  4 1979 113   9665.04  19.5  30.0   2.0   .64    .0
  4 1979 114   8033.28  22.0  30.8   2.3   .64   7.8
  4 1979 115   7029.12  20.5  29.8   2.1   .64   1.2
  4 1979 116   7280.16  21.5  30.0   2.0   .64    .5
  4 1979 117  10167.12  20.5  32.0   2.0   .64    .1
  4 1979 118  10794.72  22.5  33.0   2.3   .64   3.8
  4 1979 119  10669.20  22.5  32.0   2.3   .59   7.6
  4 1979 120   4393.20  21.0  33.0   2.1   .59    .0
  4 1979 121   8116.96  22.0  32.0   2.0   .59    .1
  4 1979 122   8911.92  21.0  32.0   2.2   .59   6.9
  4 1979 123  11171.28  22.0  32.0   2.2   .59    .2
  4 1979 124   5020.80  21.5  30.0   2.4   .59  22.2
  4 1979 125  11547.84  22.0  33.0   2.1   .59  10.7
  4 1979 126   9162.96  22.0  32.5   2.3   .59  18.3
  4 1979 127   6024.96  22.0  31.0   2.3   .59  12.7
  4 1979 128   6401.52  18.5  31.0   2.3   .59    .0
  4 1979 129   6401.52  19.0  31.5   2.2   .59    .0
  4 1979 130   7280.16  19.0  30.5   2.3   .59  13.7
  4 1979 131   7154.64  21.0  30.5   2.1   .59   1.0
  4 1979 132   6527.04  21.0  30.5   2.1   .59    .8
  4 1979 133   9162.96  22.0  32.0   2.0   .59    .3
  4 1979 134   5773.92  22.0  32.0   2.1   .59  70.7
  4 1979 135   7280.16  21.5  30.5   2.1   .59   6.3
  4 1979 136   4644.24  20.5  29.6   2.1   .59    .0
  4 1979 137   9288.48  20.0  32.5   2.0   .59    .0
  4 1979 138   8409.84  20.0  31.5   2.1   .59    .0
  4 1979 139  11673.36  19.0  32.5   2.0   .59    .0
  4 1979 140   7154.64  20.0  31.5   2.1   .59    .0
  4 1979 141  11924.40  20.0  32.0   1.8   .59    .0
  4 1979 142   9162.96  19.0  31.6   2.0   .59   2.5
  4 1979 143   9539.52  18.5  31.1   2.2   .59    .0
  4 1979 144   9790.56  21.0  32.1   2.2   .59    .0
  4 1979 145   8535.36  21.0  32.0   2.0   .59    .0
  4 1979 146  10543.68  20.0  32.0   2.2   .59    .0
  4 1979 147   8409.84  22.0  33.0   2.0   .59   6.6
  4 1979 148   2510.40  22.0  27.0   2.0   .59   8.7
  4 1979 149   7154.64  21.0  30.2   2.2   .59  32.7
  4 1979 150   4267.68  21.5  30.0   2.1   .59    .0
  4 1979 151   4518.72  22.0  30.5   2.3   .59  16.0
  4 1979 152   8158.80  20.5  31.6   2.1   .59  87.9
  4 1979 153   9539.52  20.0  32.0   2.0   .59    .0
  4 1979 154   6401.52  21.0  31.0   2.2   .51    .7
  4 1979 155   6903.60  21.0  31.5   2.1   .51    .0
  4 1979 156   7531.20  21.0  30.5   2.0   .51  56.4
  4 1979 157   6527.04  20.5  31.0   2.2   .51  32.8
  4 1979 158   8535.36  20.5  30.0   2.0   .51   2.9
  4 1979 159   9162.96  20.5  31.5   2.2   .51   7.6
  4 1979 160   9539.52  20.5  31.0   2.1   .51    .5
  4 1979 161  11171.28  20.5  32.0   2.3   .51    .0
  4 1979 162   4895.28  20.5  33.0   2.2   .51    .0
  4 1979 163  11045.76  21.5  34.0   2.2   .51    .0
  4 1979 164   9539.52  22.0  33.0   2.4   .51    .0
  4 1979 165   6778.08  22.0  30.4   2.3   .51   8.1
  4 1979 166   2510.40  22.0  28.0   2.1   .51  23.9
  4 1979 167   8409.84  21.0  31.0   2.1   .51    .0
  4 1979 168   3263.52  21.0  28.0   2.3   .51   7.6
  4 1979 169   5773.92  20.0  31.5   2.0   .51   8.1
  4 1979 170   5522.88  20.0  32.0   2.0   .51  32.5
  4 1979 171   2886.96  21.0  26.4   2.2   .51  15.2
  4 1979 172   8158.80  20.5  30.5   2.0   .51  93.9
  4 1979 173   3263.52  21.6  28.0   1.9   .51  69.1
  4 1979 174   6527.04  20.5  30.0   2.2   .51    .0
  4 1979 175   6150.48  20.0  31.0   1.9   .51   5.1
  4 1979 176   8033.28  20.0  31.0   2.2   .51   3.8
  4 1979 177   5899.44  20.0  30.0   1.9   .51  47.9
  4 1979 178   8033.28  20.0  31.0   2.2   .51  34.7
  4 1979 179   8911.92  23.0  33.0   2.5   .51    .0
  4 1979 180   4016.64  22.0  31.0   2.3   .51   2.9
  4 1979 181  10543.68  20.5  32.0   1.9   .51    .0
  4 1979 182   8409.84  22.0  31.8   2.2   .52    .0
  4 1979 183   6527.04  22.0  32.0   2.3   .52    .0
  4 1979 184   7907.76  21.0  32.0   2.2   .52   1.6
  4 1979 185   8033.28  23.0  32.0   2.3   .52    .0
  4 1979 186   4518.72  22.0  30.5   2.2   .52   2.6
  4 1979 187   7405.68  21.5  32.0   2.3   .52    .0
  4 1979 188   6652.56  22.0  32.0   2.1   .52    .0
  4 1979 189   8158.80  22.0  33.0   2.0   .52   1.0
  4 1979 190   5397.36  22.0  31.2   2.0   .52    .0
  4 1979 191   8284.32  21.0  33.0   2.2   .52    .7
  4 1979 192   9790.56  22.0  33.0   2.2   .52    .0
  4 1979 193   4142.16  22.0  32.0   2.1   .52    .0
  4 1979 194   4142.16  20.0  28.0   2.0   .52   1.0
  4 1979 195   4644.24  20.0  31.0   2.0   .52    .8
  4 1979 196   4016.64  22.0  30.5   2.2   .52   8.6
  4 1979 197   2510.40  20.0  28.0   1.8   .52  30.0
  4 1979 198   3891.12  18.0  27.5   1.8   .52  22.9
  4 1979 199   9539.52  18.0  31.5   2.0   .52    .5
  4 1979 200   6150.48  19.0  30.5   2.1   .52    .0
  4 1979 201   8911.92  20.0  31.5   2.2   .52    .0
  4 1979 202  11422.32  21.5  32.0   2.2   .52    .0
  4 1979 203  11296.80  20.0  32.8   2.1   .52    .0
  4 1979 204   7405.68  20.0  32.0   2.3   .52    .0
  4 1979 205   5271.84  21.0  31.0   2.1   .52    .0
  4 1979 206   9790.56  20.0  33.0   2.1   .52    .1
  4 1979 207   7907.76  21.0  32.0   2.3   .52    .0
  4 1979 208  10418.16  19.5  33.0   1.9   .52    .5
  4 1979 209   7907.76  21.0  32.5   2.2   .52  30.0
  4 1979 210   9414.00  22.0  33.0   2.2   .53  16.5
  4 1979 211   5522.88  21.5  30.0   2.1   .53  34.9
  4 1979 212   7280.16  22.0  31.2   2.0   .53   1.7
  4 1979 213   9037.44  20.5  31.5   2.0   .53    .0
  4 1979 214   7280.16  20.5  31.5   2.0   .53    .0
  4 1979 215   7531.20  20.5  30.5   2.2   .53  12.8
  4 1979 216   7782.24  20.5  31.6   2.1   .53  23.4
  4 1979 217  18080.16  20.5  30.0   2.0   .53  55.2
  4 1979 218   2384.88  20.0  24.2   2.0   .53  11.2
  4 1979 219   5522.88  20.0  30.0   2.0   .53    .0
  4 1979 220   5020.80  17.5  25.6   1.9   .53  11.5
  4 1979 221   5648.40  20.5  31.0   2.2   .53   8.8
  4 1979 222   5648.40  17.5  31.0   2.2   .53  17.4
  4 1979 223   3891.12  21.0  29.5   2.3   .53  80.9
  4 1979 224   6276.00  20.5  31.0   2.2   .53  54.1
  4 1979 225   8786.40  22.0  32.0   2.3   .53   4.5
  4 1979 226   3389.04  21.0  26.2   1.9   .53    .0
  4 1979 227   6150.48  20.5  30.5   2.0   .53  19.2
  4 1979 228   2510.40  21.0  30.0   2.0   .53  55.7
  4 1979 229   8660.88  21.0  31.2   2.3   .53  32.2
  4 1979 230   9539.52  21.0  30.0   2.1   .53   2.1
  4 1979 231   4267.68  21.0  30.5   2.0   .53   6.0
  4 1979 232   6276.00  20.0  30.5   2.1   .53    .0
  4 1979 233   9539.52  20.0  31.0   2.2   .53    .0
  4 1979 234   6401.52  20.5  31.0   2.0   .53    .0
  4 1979 235   6903.60  19.5  31.5   1.9   .53   1.3
  4 1979 236   7907.76  19.5  31.0   2.1   .53   3.8
  4 1979 237   9916.08  19.5  31.2   1.5   .53    .0
  4 1979 238  11171.28  20.0  32.0   2.1   .53    .0
  4 1979 239   9414.00  20.5  32.1   2.3   .53    .0
  4 1979 240   8409.84  19.0  32.0   2.2   .53   7.6
  4 1979 241   7280.16  19.0  32.0   2.1   .53  42.8
  4 1979 242   9916.08  19.0  32.0   2.1   .53    .0
  4 1979 243  16482.55  19.0  32.5   2.2   .53    .0
  4 1979 244   6652.56  22.0  32.0   1.9   .53   4.8
  4 1979 245   7405.68  22.0  31.0   2.0   .56    .0
  4 1979 246   9037.44  20.0  32.5   2.1   .56    .0
  4 1979 247   8158.80  20.0  32.5   2.1   .56    .0
  4 1979 248   9790.56  20.5  33.2   2.2   .56    .0
  4 1979 249  10920.24  20.0  34.0   2.3   .56    .0
  4 1979 250   6903.60  20.5  33.4   2.1   .56    .0
  4 1979 251  10041.60  20.0  33.0   2.1   .56    .0
  4 1979 252   7154.64  20.5  33.0   1.9   .56  37.6
  4 1979 253   9288.48  20.0  33.0   2.2   .56   8.6
  4 1979 254   7656.72  20.0  32.0   2.1   .56  13.5
  4 1979 255   5899.44  21.0  33.0   2.1   .56    .0
  4 1979 256  15579.63  21.0  32.0   2.2   .56   6.3
  4 1979 257  12449.94  20.5  33.2   2.1   .56   1.6
  4 1979 258  10760.85  20.0  31.0   2.1   .56    .0
  4 1979 259  15787.98  21.5  32.0   2.3   .56    .0
  4 1979 260  14577.17  21.0  32.0   2.2   .56   8.4
  4 1979 261   9539.52  19.5  32.0   1.9   .56    .0
  4 1979 262   7907.76  21.0  32.8   2.0   .56    .0
  4 1979 263  10794.72  20.5  33.0   2.1   .56   3.0
  4 1979 264   4769.76  20.5  29.8   2.1   .56    .0
  4 1979 265   5020.80  20.0  32.0   2.0   .56    .0
  4 1979 266   7280.16  20.0  32.0   2.1   .56  12.2
  4 1979 267  10041.60  17.5  32.0   1.9   .56    .0
  4 1979 268   9539.52  20.0  33.0   1.9   .56    .0
  4 1979 269   5397.36  20.0  31.8   2.2   .56   1.5
  4 1979 270   8786.40  20.0  32.6   2.2   .56  64.3
  4 1979 271   6652.56  20.0  31.0   2.2   .56   3.3
  4 1979 272   5020.80  20.0  31.5   2.2   .56    .5
  4 1979 273   6778.08  19.5  31.4   2.1   .57    .0
  4 1979 274   7405.68  19.5  32.0   2.1   .57  19.1
  4 1979 275   6527.04  21.5  30.0   2.1   .57   3.0
  4 1979 276   4142.16  20.5  27.5   2.2   .57  10.6
  4 1979 277   9539.52  19.5  32.0   2.2   .57    .4
  4 1979 278   3891.12  21.5  31.0   2.2   .57  10.1
  4 1979 279   6150.48  21.5  30.5   2.2   .57    .0
  4 1979 280   7154.64  21.5  32.5   2.2   .57    .8
  4 1979 281   6401.52  18.0  32.5   2.3   .57    .0
  4 1979 282   3891.12  22.9  30.8   2.3   .57  14.5
  4 1979 283  10543.68  20.5  30.5   2.1   .57    .3
  4 1979 284   5397.36  21.0  28.5   2.2   .57  32.0
  4 1979 285   9539.52  21.0  32.8   2.2   .57    .0
  4 1979 286   6527.04  20.5  29.5   2.1   .57  17.8
  4 1979 287   7656.72  20.5  32.8   2.3   .57    .0
  4 1979 288   9037.44  21.0  32.0   1.9   .57    .0
  4 1979 289   8660.88  20.5  33.5   2.1   .57    .0
  4 1979 290   7405.68  21.0  33.0   2.2   .57    .0
  4 1979 291   9162.96  20.5  33.0   2.1   .57    .0
  4 1979 292   8409.84  20.0  32.0   2.2   .57    .8
  4 1979 293   6150.48  21.5  31.0   2.2   .57   5.8
  4 1979 294   5020.80  20.5  28.6   2.1   .57   3.7
  4 1979 295   7154.64  21.0  30.8   2.2   .57  39.0
  4 1979 296   8535.36  20.0  32.5   2.2   .57   2.5
  4 1979 297   8660.88  20.0  28.5   2.1   .57    .2
  4 1979 298   6527.04  21.5  32.0   2.2   .57   6.4
  4 1979 299   6903.60  20.5  32.0   2.0   .57    .0
  4 1979 300   5899.44  20.0  31.8   2.1   .57    .0
  4 1979 301   8284.32  20.0  31.8   2.1   .57    .0
  4 1979 302   4644.24  21.0  31.0   2.2   .57    .0
  4 1979 303   6903.60  19.0  32.0   2.0   .57   3.1
  4 1979 304   7907.76  20.0  32.5   2.1   .57    .0
  4 1979 305   8158.80  22.6  35.0   2.2   .57    .0
  4 1979 306   6150.48  22.6  32.8   2.2   .57    .2
  4 1979 307   6401.52  23.1  32.6   2.1   .57  47.0
  4 1979 308   3514.56  22.6  29.0   2.0   .55  10.7
  4 1979 309   5271.84  22.1  30.5   2.1   .55    .0
  4 1979 310   8158.80  21.6  33.0   1.9   .55    .9
  4 1979 311   6903.60  21.4  31.5   1.9   .55   4.6
  4 1979 312   4518.72  22.9  30.0   2.1   .55    .3
  4 1979 313   7029.12  22.0  31.8   2.1   .55   1.3
  4 1979 314   7405.68  22.0  34.0   2.2   .55    .0
  4 1979 315   6903.60  22.9  34.0   2.2   .55    .0
  4 1979 316   3263.52  22.4  28.0   2.1   .55   7.4
  4 1979 317   2761.44  21.9  26.0   2.1   .55  12.5
  4 1979 318   3891.12  21.4  28.0   2.1   .55    .2
  4 1979 319   5773.92  20.9  28.5   2.0   .55  92.2
  4 1979 320   4518.72  20.9  28.0   2.1   .55  12.7
  4 1979 321   4142.16  20.9  27.0   1.9   .55   1.5
  4 1979 322   4895.28  20.6  30.0   2.0   .55    .6
  4 1979 323   8535.36  21.3  30.0   2.0   .55   7.6
  4 1979 324   3138.00  21.9  27.5   2.1   .55    .8
  4 1979 325   5522.88  20.9  30.0   2.0   .55  20.3
  4 1979 326   5271.84  21.1  30.4   2.0   .55   4.3
  4 1979 327   2384.88  21.1  26.5   2.0   .55  49.8
  4 1979 328   4518.72  18.5  27.0   2.0   .55    .0
  4 1979 329   8786.40  17.0  31.0   1.7   .55    .0
  4 1979 330   9037.44  17.1  31.5   1.9   .55    .0
  4 1979 331   6903.60  17.3  31.0   1.9   .55    .0
  4 1979 332   5773.92  18.9  31.0   2.0   .55    .1
  4 1979 333   3138.00  20.9  27.5   1.9   .55  16.3
  4 1979 334   1757.28  20.2  23.0   1.9   .55  37.9
  4 1979 335   5397.36  19.0  31.5   2.0   .55  38.4
  4 1979 336   1882.80  21.0  32.0   2.0   .57  66.0
  4 1979 337   6024.96  20.0  30.5   2.1   .57   5.8
  4 1979 338   7782.24  19.0  31.0   2.0   .57    .0
  4 1979 339   7782.24  20.0  32.0   1.8   .57    .0
  4 1979 340   6150.48  19.5  31.5   2.2   .57    .0
  4 1979 341   5146.32  20.0  30.5   2.2   .57   5.9
  4 1979 342   1506.24  20.0  31.5   2.2   .57  49.8
  4 1979 343   6609.11  22.0  30.0   2.2   .57  42.7
  4 1979 344   5397.36  20.0  28.8   2.0   .57    .2
  4 1979 345   8660.88  19.5  30.8   2.0   .57    .0
  4 1979 346   9414.00  18.0  31.0   1.9   .57    .0
  4 1979 347   9288.48  19.5  31.5   2.0   .57    .0
  4 1979 348   8660.88  20.0  31.0   2.0   .57   3.3
  4 1979 349   2761.44  20.5  32.0   2.0   .57  11.7
  4 1979 350   3012.48  19.0  28.5   1.8   .57  42.2
  4 1979 351   2259.36  19.0  28.5   1.8   .57  15.2
  4 1979 352   6276.00  18.5  27.5   1.8   .57    .2
  4 1979 353   3263.52  18.5  30.0   1.8   .57   2.6
  4 1979 354   4518.72  20.0  29.5   1.7   .57    .4
  4 1979 355   6987.28  20.0  30.5   1.7   .57    .4
  4 1979 356   6024.96  20.5  30.0   1.9   .57    .0
  4 1979 357   7531.20  20.5  31.5   2.1   .57    .0
  4 1979 358   7656.72  19.0  32.5   1.8   .57   6.4
  4 1979 359   8786.40  19.5  32.0   1.9   .57   2.5
  4 1979 360   5648.40  19.5  31.0   2.0   .57   2.0
  4 1979 361   7656.72  19.5  31.5   2.0   .57    .0
  4 1979 362   5773.92  16.0  31.5   1.8   .57   3.8
  4 1979 363   5522.88  19.0  32.0   1.9   .57   1.7
  4 1979 364   5020.80  19.5  30.0   1.9   .57  46.5
  4 1979 365   3138.00  20.5  30.0   1.9   .57  42.0
