*---------------------------------------------------------              
* Station name: La Lola                                                 
* Author: Atlantic Zone Project, AUW-MAG-CATIE, Costa Rica              
* Source: IMN, San Jose, Costa Rica                                     
*                                                                       
* Comments: Wind speed data lacking                                     
*                                                                       
*                                                                       
*                                                                       
* Longitude:  83 23 W, latitude:  10  6 N, altitude:  40 m.             
* Column  Daily value                                                   
*    1    station number                                                
*    2    year                                                          
*    3    month                                                         
*    4    day                                                           
*    5    julian date                                                   
*    6    irradiation            (cal cm-2 d-1)                         
*    7    minimum temperature    (degrees Celcius)                      
*    8    maximum temperature    (degrees Celcius)                      
*    9    vapor pressure at 0700 (mbar)                                 
*   10    vapor pressure at 1300 (mbar)                                 
*   11    vapor pressure at 1800 (mbar)                                 
*   12    mean wind speed        (kilometer per hour)                   
*   13    precipitation          (mm d-1)                               
*   14    sunshine hours         (hours)                                
* Missing value: -99                                                    
*---------------------------------------------------------              
*  data converted with WDC for CABO-format
*-------------------------------------------
  83.38  10.10    40.  .00  .00
  4 1977   1   8033.28  17.0  30.5   1.9   .62    .5
  4 1977   2  10543.68  18.0  31.0   1.8   .62    .7
  4 1977   3   8535.36  19.0  30.5   1.9   .62    .0
  4 1977   4   6527.04  17.0  30.0   1.8   .62   6.6
  4 1977   5   3891.12  19.0  26.0   1.8   .62  15.8
  4 1977   6   8284.32  19.0  29.0   1.9   .62    .0
  4 1977   7   7907.76  18.5  29.0   1.8   .62    .0
  4 1977   8  10669.20  17.5  30.5   1.8   .62    .0
  4 1977   9   8284.32  16.5  29.6   1.8   .62    .0
  4 1977  10  11422.32  17.0  30.5   1.8   .62  11.2
  4 1977  11   9037.44  20.0  30.0   1.9   .62    .0
  4 1977  12   7029.12  17.0  30.0   1.7   .62   1.8
  4 1977  13   8786.40  17.5  30.0   1.7   .62   3.3
  4 1977  14   9037.44  20.5  30.5   1.9   .62  29.2
  4 1977  15   4644.24  22.0  27.6   2.0   .62   1.5
  4 1977  16   9916.08  21.0  31.2   1.7   .62    .2
  4 1977  17   3263.52  21.0  27.0   1.9   .62   5.6
  4 1977  18  10794.72  20.5  29.5   1.8   .62   8.1
  4 1977  19   1757.28  20.0  22.8   1.8   .62  37.4
  4 1977  20   3765.60  18.5  24.0   1.6   .62   7.9
  4 1977  21   3451.80  18.0  26.5   1.8   .62  24.7
  4 1977  22   3138.00  16.5  22.0   1.8   .62  19.5
  4 1977  23   2635.92  20.5  23.0   1.8   .62  15.8
  4 1977  24   8660.88  21.0  29.5   1.9   .62    .0
  4 1977  25  16304.88  19.5  29.0   1.8   .62    .0
  4 1977  26  10669.20  18.5  30.0   1.7   .62    .0
  4 1977  27  10418.16  17.0  30.0   1.6   .62  11.4
  4 1977  28  11798.88  21.3  29.5   1.9   .61    .0
  4 1977  29   8535.36  17.0  30.0   1.5   .61    .5
  4 1977  30  11422.32  20.0  31.5   1.8   .61   1.0
  4 1977  31   5899.44  19.0  28.5   1.9   .61    .0
  4 1977  32   7405.68  18.0  30.0   1.8   .61    .0
  4 1977  33   7531.20  16.5  30.0   1.6   .61   2.0
  4 1977  34   6778.08  20.5  29.5   1.9   .61    .8
  4 1977  35   5899.44  19.5  30.0   1.9   .61    .0
  4 1977  36   9790.56  19.0  31.0   1.7   .61    .0
  4 1977  37   2384.88  19.0  30.0   1.6   .61   6.3
  4 1977  38   6527.04  18.5  30.0   1.9   .61    .6
  4 1977  39   8033.28  19.0  29.5   1.9   .61   2.0
  4 1977  40   7280.16  21.0  31.0   1.9   .61   1.3
  4 1977  41   8409.84  18.5  30.0   1.8   .61    .3
  4 1977  42   6401.52  18.0  29.5   1.6   .61    .5
  4 1977  43   5397.36  21.5  29.0   1.9   .61    .6
  4 1977  44   6150.48  17.5  29.0   1.5   .61    .0
  4 1977  45   6778.08  20.5  29.5   1.9   .61   2.5
  4 1977  46   5271.84  20.5  29.5   1.9   .61    .0
  4 1977  47   7029.12  20.5  30.0   1.9   .61   8.9
  4 1977  48   9665.04  20.0  31.0   1.8   .61   2.5
  4 1977  49  10669.20  18.0  31.0   1.8   .61   2.3
  4 1977  50  11673.36  19.0  31.5   1.7   .61    .0
  4 1977  51  10794.72  17.5  31.5   1.6   .61    .0
  4 1977  52   7280.16  17.5  28.0   1.7   .61    .1
  4 1977  53   8660.88  21.0  30.0   1.9   .61    .0
  4 1977  54   8660.88  17.2  30.0   1.5   .61    .0
  4 1977  55  11798.88  20.0  32.0   1.8   .61  16.9
  4 1977  56   7029.12  18.0  31.0   2.0   .65    .1
  4 1977  57   7782.24  21.5  30.5   1.9   .65    .0
  4 1977  58  10041.60  19.5  31.5   1.8   .65   9.6
  4 1977  59   4895.28  21.0  31.0   2.2   .65   2.0
  4 1977  60   3640.08  19.0  28.2   2.0   .65  16.5
  4 1977  61   4644.24  21.0  25.3   1.9   .65   5.1
  4 1977  62   6903.60  18.5  28.4   1.8   .65    .5
  4 1977  63   9288.48  19.5  30.4   1.9   .65    .0
  4 1977  64   8660.88  19.5  31.0   1.8   .65   2.5
  4 1977  65   4142.16  22.5  28.5   2.1   .65   9.6
  4 1977  66   6652.56  22.0  30.0   2.2   .65  53.6
  4 1977  67   1882.80  21.5  23.0   2.0   .65  25.5
  4 1977  68   4142.16  18.0  29.8   1.8   .65   4.8
  4 1977  69   5397.36  21.8  30.0   2.0   .65    .6
  4 1977  70   6652.56  22.0  30.5   2.1   .65    .8
  4 1977  71   5648.40  22.0  30.5   2.1   .65   2.0
  4 1977  72   3263.52  22.5  28.2   2.1   .65   1.3
  4 1977  73   8284.32  21.5  29.5   2.1   .65  11.9
  4 1977  74   7280.16  21.5  29.0   1.9   .65    .0
  4 1977  75  10418.16  17.0  30.0   1.7   .65    .0
  4 1977  76  12552.00  16.0  30.5   1.8   .65    .0
  4 1977  77   8158.80  19.0  31.0   1.8   .65    .5
  4 1977  78  13916.64  19.0  29.5   2.0   .65  15.2
  4 1977  79  10334.48  21.0  30.0   2.0   .65    .0
  4 1977  80   7280.16  21.5  30.0   2.1   .65  13.2
  4 1977  81   8535.36  22.0  31.0   2.1   .65  61.0
  4 1977  82   5648.40  22.0  30.0   2.0   .65    .0
  4 1977  83   5648.40  22.0  26.5   2.0   .65   1.0
  4 1977  84   5899.44  20.0  28.0   1.9   .65    .0
  4 1977  85   7907.76  19.8  30.0   1.9   .65    .0
  4 1977  86   9414.00  18.8  30.0   1.9   .65    .1
  4 1977  87  11673.36  19.0  31.0   2.0   .65   4.3
  4 1977  88   7405.68  22.0  30.0   2.1   .65  27.7
  4 1977  89   2259.36  22.0  25.0   2.0   .65    .0
  4 1977  90   2635.92  21.5  24.5   2.0   .65  15.8
  4 1977  91   6276.00  21.0  29.3   2.0   .64    .0
  4 1977  92  13054.08  20.0  30.6   2.0   .64    .0
  4 1977  93  11422.32  20.5  30.0   2.0   .64   1.3
  4 1977  94   9790.56  29.0  30.5   2.3   .64    .2
  4 1977  95   6652.56  19.5  30.5   2.1   .64   2.5
  4 1977  96   9539.52  19.0  30.0   1.8   .64   6.4
  4 1977  97   5397.36  19.5  29.0   1.8   .64   8.2
  4 1977  98   9288.48  20.5  30.0   1.8   .64  18.5
  4 1977  99   4393.20  20.0  28.5   1.9   .64   5.1
  4 1977 100   9037.44  18.0  31.0   2.1   .64    .0
  4 1977 101   8786.40  18.5  30.5   2.0   .64    .0
  4 1977 102   9790.56  18.0  30.5   1.9   .64    .0
  4 1977 103   9539.52  20.5  31.0   2.0   .64    .1
  4 1977 104   5522.88  21.5  28.5   2.1   .64  10.4
  4 1977 105  12902.42  21.5  29.5   1.9   .64   4.6
  4 1977 106   9151.13  22.0  31.0   1.9   .64    .8
  4 1977 107   7154.64  22.5  31.0   1.9   .64   7.4
  4 1977 108   6150.48  23.0  30.0   2.4   .64   5.6
  4 1977 109  10041.60  20.5  31.5   2.0   .64    .5
  4 1977 110   5522.88  20.0  30.0   2.0   .64  10.9
  4 1977 111   5020.80  22.0  32.5   2.2   .64   3.8
  4 1977 112   9414.00  23.0  29.5   2.3   .64   1.5
  4 1977 113  11296.80  20.5  31.5   2.1   .64    .0
  4 1977 114  14058.24  19.0  31.5   2.0   .64    .0
  4 1977 115   9916.08  19.0  31.0   1.9   .64   2.5
  4 1977 116  10920.24  20.5  31.5   2.0   .64    .0
  4 1977 117  10418.16  20.5  31.0   2.0   .64    .4
  4 1977 118   9162.96  19.5  30.0   2.0   .64    .0
  4 1977 119  12928.56  19.0  31.0   2.0   .59    .0
  4 1977 120   9414.00  20.5  31.5   1.9   .59   5.8
  4 1977 121   9288.48  21.5  31.5   2.2   .59    .0
  4 1977 122  12552.00  19.0  31.0   2.0   .59    .0
  4 1977 123  10418.16  19.0  31.0   1.8   .59    .0
  4 1977 124   3640.08  22.0  28.0   2.1   .59    .0
  4 1977 125   9162.96  20.5  32.0   2.1   .59    .0
  4 1977 126   9162.96  21.0  32.5   1.9   .59    .0
  4 1977 127  11045.76  20.5  32.5   2.1   .59    .5
  4 1977 128   8033.28  22.5  29.8   2.2   .59  31.0
  4 1977 129   7029.12  22.0  31.0   2.3   .59   5.1
  4 1977 130   6778.08  20.5  30.6   2.2   .59   1.3
  4 1977 131  13179.60  21.5  33.5   2.1   .59    .0
  4 1977 132  12803.04  21.5  33.0   2.1   .59    .0
  4 1977 133   9790.56  21.0  32.5   2.1   .59    .3
  4 1977 134  10589.10  21.0  32.5   2.0   .59   1.2
  4 1977 135   9539.52  20.5  32.0   2.3   .59    .0
  4 1977 136  12426.48  22.0  32.5   2.2   .59    .0
  4 1977 137   9539.52  20.5  33.0   2.0   .59  15.3
  4 1977 138  10041.60  21.0  32.0   2.0   .59  20.0
  4 1977 139  12300.96  22.0  32.0   2.2   .59   5.6
  4 1977 140   8033.28  21.5  32.0   2.3   .59   8.1
  4 1977 141  12300.96  20.5  33.0   2.2   .59   8.9
  4 1977 142  10292.64  21.5  33.0   2.1   .59    .0
  4 1977 143   9665.04  20.5  31.5   2.1   .59    .5
  4 1977 144  10920.24  22.0  32.0   2.2   .59    .0
  4 1977 145  13179.60  20.5  33.0   2.1   .59    .0
  4 1977 146  11296.80  21.0  33.0   2.2   .59    .0
  4 1977 147   8033.28  22.0  32.2   2.1   .59  34.8
  4 1977 148  10041.60  21.0  32.8   2.1   .59   3.8
  4 1977 149   9539.52  22.5  32.8   2.1   .59   4.6
  4 1977 150   7405.68  21.5  31.5   2.1   .59    .7
  4 1977 151   7907.76  21.0  32.8   2.0   .59  76.9
  4 1977 152  11547.84  20.5  32.5   2.0   .59   8.9
  4 1977 153  10794.72  21.0  31.5   2.1   .59    .0
  4 1977 154  10920.24  21.5  32.0   2.2   .51    .0
  4 1977 155   7531.20  21.0  31.0   2.3   .51    .0
  4 1977 156   6276.00  22.0  32.0   2.2   .51   7.6
  4 1977 157   5899.44  20.5  32.0   2.0   .51    .5
  4 1977 158   9916.08  22.0  31.5   2.2   .51    .0
  4 1977 159  10543.68  21.0  32.5   2.3   .51  19.8
  4 1977 160   9790.56  20.5  30.5   2.1   .51    .0
  4 1977 161   9539.52  21.0  31.5   2.3   .51    .0
  4 1977 162   5899.44  22.0  30.0   2.2   .51   3.0
  4 1977 163   8158.80  22.5  30.0   2.1   .51    .0
  4 1977 164  11422.32  20.5  31.5   2.0   .51    .0
  4 1977 165   8535.36  21.0  31.0   2.3   .51  46.0
  4 1977 166   9162.96  21.0  31.5   2.2   .51   1.8
  4 1977 167   8284.32  22.0  31.0   2.0   .51 125.7
  4 1977 168   4267.68  21.0  28.5   1.9   .51  12.1
  4 1977 169   7280.16  22.5  31.0   2.0   .51   2.3
  4 1977 170   3765.60  21.0  28.5   2.0   .51   2.4
  4 1977 171   8429.05  22.0  30.0   2.2   .51   9.6
  4 1977 172   7782.24  20.5  31.5   2.2   .51   5.3
  4 1977 173   3640.08  22.0  27.0   2.1   .51  26.4
  4 1977 174   5334.60  22.0  28.0   2.0   .51  15.5
  4 1977 175   7029.12  20.5  31.5   1.7   .51  92.0
  4 1977 176   5773.92  22.0  30.0   2.0   .51   1.1
  4 1977 177   8033.28  22.0  31.5   2.0   .51   4.6
  4 1977 178   6150.48  22.0  29.5   2.2   .51 106.2
  4 1977 179   3012.48  22.0  27.0   2.0   .51   3.6
  4 1977 180   7280.16  22.0  31.0   2.1   .51   2.5
  4 1977 181   4895.28  21.0  29.0   1.9   .51  27.8
  4 1977 182   4016.64  21.6  26.9   2.0   .52    .0
  4 1977 183  13179.60  20.5  31.5   1.9   .52    .0
  4 1977 184  12300.96  22.0  31.3   2.2   .52  23.6
  4 1977 185   7280.16  22.5  31.0   2.1   .52    .0
  4 1977 186   2635.92  22.0  25.7   2.1   .52  22.3
  4 1977 187  11171.28  21.5  29.0   2.5   .52  11.2
  4 1977 188   5899.44  21.0  31.2   1.8   .52    .0
  4 1977 189  11422.32  18.5  31.7   1.9   .52   4.1
  4 1977 190   4518.72  21.5  29.0   2.0   .52  27.5
  4 1977 191   6652.56  22.0  29.6   2.0   .52 187.2
  4 1977 192   1255.20  21.5  23.7   2.0   .52  65.3
  4 1977 193   6401.52  21.0  23.7   2.0   .52  43.7
  4 1977 194   6401.52  22.0  28.5   2.1   .52  42.2
  4 1977 195   7154.64  22.0  30.4   2.2   .52  65.8
  4 1977 196   7405.68  22.0  30.4   2.0   .52  64.5
  4 1977 197   2761.44  22.0  26.5   1.8   .52  10.2
  4 1977 198   3765.60  21.0  27.0   1.8   .52  53.6
  4 1977 199   3640.08  22.0  27.3   2.2   .52  40.2
  4 1977 200  11422.32  19.5  31.6   2.1   .52  23.6
  4 1977 201   7907.76  22.0  31.3   2.0   .52  16.5
  4 1977 202  12677.52  22.0  31.5   2.1   .52  44.4
  4 1977 203   4393.20  22.5  28.5   2.3   .52  11.1
  4 1977 204   9288.48  22.5  30.6   2.2   .52   1.8
  4 1977 205   8911.92  21.5  31.7   2.2   .52  45.0
  4 1977 206   5146.32  21.0  31.7   2.1   .52   4.3
  4 1977 207   9539.52  20.5  31.7   2.0   .52    .0
  4 1977 208  14434.80  20.0  31.7   2.0   .52    .0
  4 1977 209  11045.76  19.0  31.5   1.9   .52   5.2
  4 1977 210   4518.72  19.0  30.0   2.0   .53  70.4
  4 1977 211   5648.40  23.0  29.2   2.3   .53  39.9
  4 1977 212   5899.44  22.0  29.2   2.1   .53   1.3
  4 1977 213   2510.40  21.5  28.5   2.2   .53  37.8
  4 1977 214   9414.00  19.0  30.0   2.0   .53  16.0
  4 1977 215   8657.84  22.0  28.0   2.0   .53  10.7
  4 1977 216  13364.50  21.0  31.5   1.9   .53    .3
  4 1977 217  12902.00  19.5  31.5   1.9   .53   5.1
  4 1977 218   7836.03  22.0  26.5   2.0   .53  30.2
  4 1977 219  14685.78  20.5  30.5   2.0   .53    .0
  4 1977 220  11036.07  21.5  30.0   2.3   .53  48.0
  4 1977 221   6652.56  20.0  29.0   2.0   .53   5.6
  4 1977 222  11045.76  21.5  31.5   2.1   .53   2.5
  4 1977 223  13054.08  20.5  32.0   2.0   .53    .0
  4 1977 224  10418.16  21.5  31.0   2.2   .53    .0
  4 1977 225  11422.32  20.0  31.0   2.0   .53    .0
  4 1977 226   3891.12  19.0  30.0   1.7   .53   3.8
  4 1977 227   6527.04  19.0  30.0   1.8   .53  20.3
  4 1977 228   1129.68  22.0  27.0   2.1   .53  36.3
  4 1977 229   9665.04  22.5  31.0   2.2   .53  23.1
  4 1977 230   9037.44  21.5  30.5   2.1   .53   3.0
  4 1977 231  13464.45  21.5  30.5   2.0   .53   3.6
  4 1977 232  12928.56  20.0  31.5   2.0   .53   4.2
  4 1977 233   5522.88  20.0  28.5   1.9   .53    .0
  4 1977 234   7280.16  20.0  31.5   2.1   .53  41.9
  4 1977 235  12049.92  22.0  32.0   2.2   .53   1.0
  4 1977 236  13179.60  20.5  32.5   2.1   .53    .0
  4 1977 237   9162.96  21.5  32.0   2.2   .53   1.0
  4 1977 238   8535.36  22.0  31.5   2.2   .53   4.1
  4 1977 239   2635.92  22.0  28.0   2.2   .53  37.6
  4 1977 240   7656.72  19.5  30.5   2.2   .53   3.0
  4 1977 241   8911.92  22.0  31.0   2.2   .53   1.0
  4 1977 242  10009.42  19.0  29.0   2.2   .53  24.1
  4 1977 243   6652.56  21.5  30.0   2.2   .53   7.9
  4 1977 244   5773.92  21.0  30.0   2.1   .53    .2
  4 1977 245  11673.36  20.5  32.0   2.0   .56    .0
  4 1977 246  11171.28  20.5  32.5   2.1   .56    .0
  4 1977 247  10167.12  20.5  31.0   2.2   .56    .0
  4 1977 248  12049.92  20.0  32.5   1.9   .56    .0
  4 1977 249   2008.32  20.5  28.5   2.0   .56  11.1
  4 1977 250   2761.44  20.0  28.5   2.0   .56  29.2
  4 1977 251   5522.88  22.0  31.5   2.1   .56  50.8
  4 1977 252   1882.80  22.0  25.0   2.1   .56 100.5
  4 1977 253   2635.92  22.0  26.5   2.0   .56  19.0
  4 1977 254   4895.28  21.0  27.5   2.1   .56   5.3
  4 1977 255   7656.72  21.0  30.9   2.2   .56   4.9
  4 1977 256   6150.48  20.0  29.8   2.0   .56    .8
  4 1977 257   8786.40  22.0  31.0   2.2   .56    .0
  4 1977 258   9539.52  20.5  31.5   2.1   .56   2.0
  4 1977 259   3389.04  21.5  27.5   2.0   .56   2.1
  4 1977 260  10669.20  21.0  31.6   2.1   .56  19.6
  4 1977 261   6652.56  21.0  30.0   2.0   .56   5.8
  4 1977 262   7782.24  21.0  31.0   2.1   .56   4.3
  4 1977 263   8535.36  20.5  31.0   2.1   .56    .0
  4 1977 264  11547.84  22.0  32.5   2.3   .56    .0
  4 1977 265   4769.76  20.5  28.5   2.1   .56   1.5
  4 1977 266   5271.84  20.5  29.0   2.0   .56    .0
  4 1977 267   6652.56  21.5  31.0   2.2   .56  93.4
  4 1977 268   7531.20  20.5  30.0   2.0   .56   1.5
  4 1977 269   5397.36  21.5  29.8   2.1   .56   3.8
  4 1977 270   5020.80  22.0  30.5   2.2   .56  17.7
  4 1977 271   3389.04  21.0  28.5   2.2   .56   7.7
  4 1977 272   6903.60  22.0  31.0   2.1   .56  13.7
  4 1977 273   9414.00  20.5  31.0   2.1   .57    .0
  4 1977 274   5773.92  21.5  30.0   2.1   .57    .0
  4 1977 275   7907.76  20.5  31.0   2.1   .57  21.8
  4 1977 276   9539.52  22.0  27.0   2.1   .57   1.4
  4 1977 277  11171.28  20.0  32.0   2.0   .57    .2
  4 1977 278  10543.68  21.0  31.6   2.0   .57   7.6
  4 1977 279  11422.32  21.0  31.0   2.0   .57   3.6
  4 1977 280  10041.60  21.5  31.0   2.0   .57    .0
  4 1977 281   7656.72  21.5  31.0   2.1   .57    .0
  4 1977 282   9037.44  20.5  31.5   2.0   .57    .0
  4 1977 283   8409.84  20.5  30.5   2.1   .57    .0
  4 1977 284   6276.00  20.5  30.0   2.0   .57    .8
  4 1977 285   4895.28  20.5  29.5   2.0   .57   5.3
  4 1977 286   4769.76  20.5  27.0   2.1   .57  24.9
  4 1977 287   8660.88  20.5  30.0   2.1   .57  34.8
  4 1977 288   5899.44  21.5  27.0   2.1   .57  19.3
  4 1977 289   7154.64  21.5  28.0   1.9   .57  66.0
  4 1977 290   2761.44  22.0  24.2   2.1   .57  17.2
  4 1977 291   6150.48  22.0  29.5   2.1   .57   6.6
  4 1977 292   3012.48  22.0  27.0   2.1   .57  21.6
  4 1977 293   3389.04  22.0  28.0   2.2   .57  33.8
  4 1977 294  10418.16  20.5  31.0   2.1   .57    .6
  4 1977 295   5648.40  21.5  30.0   2.2   .57  14.0
  4 1977 296   8535.36  21.5  30.0   2.2   .57    .6
  4 1977 297   6652.56  22.0  28.5   2.1   .57   2.5
  4 1977 298   8284.32  20.5  31.0   2.1   .57    .0
  4 1977 299  11547.84  20.5  31.5   2.1   .57    .0
  4 1977 300  10669.20  22.0  30.5   2.2   .57    .0
  4 1977 301  10292.64  21.0  31.5   2.1   .57    .0
  4 1977 302   7280.16  22.0  31.0   2.1   .57    .9
  4 1977 303   7531.20  20.5  31.5   2.2   .57    .0
  4 1977 304   8911.92  21.5  32.5   1.9   .57    .0
  4 1977 305   9790.56  20.0  32.5   2.1   .57    .0
  4 1977 306   8158.80  21.0  32.5   2.2   .57    .0
  4 1977 307   9790.56  20.5  32.0   2.2   .57    .0
  4 1977 308   9162.96  20.5  31.5   2.2   .55  18.1
  4 1977 309   5648.40  21.0  30.0   2.1   .55   4.3
  4 1977 310   2761.44  22.0  25.0   2.1   .55  18.3
  4 1977 311   7280.16  20.5  30.0   2.1   .55    .3
  4 1977 312   9288.48  19.5  31.5   2.0   .55    .0
  4 1977 313  10794.72  19.5  32.0   2.1   .55    .0
  4 1977 314   8158.80  19.5  30.5   2.0   .55   2.5
  4 1977 315   9790.56  20.5  31.5   2.2   .55    .0
  4 1977 316   5271.84  20.5  27.5   2.0   .55  69.8
  4 1977 317   2008.32  21.0  25.0   2.0   .55  15.5
  4 1977 318   5146.32  21.0  27.0   1.9   .55  14.5
  4 1977 319   8409.84  21.5  30.5   2.0   .55    .0
  4 1977 320   7531.20  20.5  30.5   2.0   .55   2.5
  4 1977 321   8158.80  20.5  31.5   2.1   .55  14.7
  4 1977 322   3012.48  22.0  27.0   2.1   .55   5.1
  4 1977 323   8660.88  20.0  32.5   2.1   .55    .8
  4 1977 324  10167.12  21.5  31.5   2.1   .55   5.8
  4 1977 325  11171.28  21.0  31.0   2.2   .55    .0
  4 1977 326  13082.93  20.0  30.5   2.0   .55    .0
  4 1977 327   9665.04  20.5  31.5   2.1   .55    .0
  4 1977 328   8158.80  19.5  31.0   2.0   .55    .0
  4 1977 329   6401.52  19.5  28.0   2.1   .55   1.8
  4 1977 330   7276.61  21.0  30.0   2.1   .55  40.2
  4 1977 331   7531.20  20.0  30.5   1.9   .55    .0
  4 1977 332   4142.16  21.5  29.0   2.1   .55  65.8
  4 1977 333   6527.04  22.0  29.0   2.1   .55  65.5
  4 1977 334   6024.96  23.0  30.5   2.1   .55    .0
  4 1977 335   4016.64  21.0  28.0   2.1   .55    .8
  4 1977 336   7531.20  20.5  30.0   2.2   .57   7.6
  4 1977 337   5522.88  21.5  30.0   2.0   .57   1.1
  4 1977 338   9539.52  20.5  30.2   1.9   .57    .0
  4 1977 339   6903.60  18.5  30.0   2.0   .57    .0
  4 1977 340   8660.88  19.5  30.5   2.0   .57    .0
  4 1977 341  11832.58  20.0  31.0   1.9   .57    .0
  4 1977 342   6652.56  20.0  30.5   2.0   .57  48.5
  4 1977 343   7154.64  21.0  30.4   2.0   .57  23.6
  4 1977 344   5271.84  22.0  28.5   2.2   .57   2.5
  4 1977 345   6527.04  20.5  30.5   1.9   .57   4.8
  4 1977 346   5522.88  21.0  30.0   2.0   .57   2.5
  4 1977 347   7531.20  22.0  31.0   2.1   .57   2.8
  4 1977 348   5899.44  22.5  30.4   2.0   .57    .2
  4 1977 349   5522.88  19.5  31.0   1.9   .57  15.0
  4 1977 350   6401.52  22.0  30.5   2.1   .57    .8
  4 1977 351   8409.84  20.0  30.5   2.0   .57    .0
  4 1977 352   6024.96  21.5  30.5   2.0   .57    .0
  4 1977 353   5271.84  19.0  30.5   1.9   .57    .2
  4 1977 354   9414.00  19.5  31.0   2.0   .57    .0
  4 1977 355   8158.80  18.0  31.5   1.8   .57   1.9
  4 1977 356   6778.08  20.0  28.0   1.9   .57   9.4
  4 1977 357   6024.96  20.0  29.0   1.9   .57   1.8
  4 1977 358   5271.84  20.5  30.5   2.0   .57   1.1
  4 1977 359   8953.76  20.0  31.0   1.9   .57    .0
  4 1977 360   6401.52  20.0  31.0   2.0   .57    .0
  4 1977 361   7782.24  19.5  31.0   2.0   .57   3.0
  4 1977 362   7531.20  19.5  31.0   2.0   .57  30.0
  4 1977 363   2886.96  21.5  25.0   2.0   .57  15.5
  4 1977 364   7656.72  20.0  30.0   2.0   .57    .0
  4 1977 365   8786.40  18.5  31.0   1.9   .57   1.0
