*---------------------------------------------------------              
* Station name: La Lola                                                 
* Author: Atlantic Zone Project, AUW-MAG-CATIE, Costa Rica              
* Source: IMN, San Jose, Costa Rica                                     
*                                                                       
* Comments: Wind speed data lacking                                     
*           Check unit (and conversion factor) of SR                    
*                                                                       
*                                                                       
* Longitude:  83 23 W, latitude:  10  6 N, altitude:  40 m.             
* Column  Daily value                                                   
*    1    station number                                                
*    2    year                                                          
*    3    month                                                         
*    4    day                                                           
*    5    julian date                                                   
*    6    irradiation            (1000 * MJ m-2 d-1)                    
*    7    minimum temperature    (degrees Celcius)                      
*    8    maximum temperature    (degrees Celcius)                      
*    9    vapor pressure at 0700 (mbar)                                 
*   10    vapor pressure at 1300 (mbar)                                 
*   11    vapor pressure at 1800 (mbar)                                 
*   12    mean wind speed        (kilometer per hour)                   
*   13    precipitation          (mm d-1)                               
*   14    sunshine hours         (hours)                                
* Missing value: -99                                                    
*---------------------------------------------------------              
*  data converted with WDC for CABO-format
*-------------------------------------------
  83.38  10.10    40.  .00  .00
  4 1986   1  10172.00  17.0  28.5   2.3   .62  15.5
  4 1986   2   9293.00  20.5  28.0   2.6   .62  24.2
  4 1986   3   9796.00  20.5  28.0   2.5   .62   8.0
  4 1986   4   8624.00  21.0  28.0   2.6   .62   7.1
  4 1986   5   7451.00  19.5  30.0   2.1   .62    .0
  4 1986   6  12237.00  18.0  25.0   2.4   .62    .9
  4 1986   7  17079.00  18.0  30.0   2.4   .62    .1
  4 1986   8  15530.00  18.0  31.0   2.4   .62   4.8
  4 1986   9   9168.00  18.0  31.5   2.5   .62   2.1
  4 1986  10  14484.00  18.5  30.0   2.5   .62    .0
  4 1986  11  17163.00  16.5  30.0   2.2   .62    .0
  4 1986  12  13396.00  18.0  30.0   2.4   .62  14.0
  4 1986  13   5945.00  19.5  25.0   2.5   .62 207.4
  4 1986  14   3098.00  19.5  24.0   2.3   .62  62.0
  4 1986  15   2386.00  20.0  25.0   2.5   .62  75.8
  4 1986  16  14233.00  20.0  30.0   2.5   .62   5.7
  4 1986  17  15112.00  18.5  30.0   2.5   .62    .0
  4 1986  18  14610.00  19.0  30.5   2.4   .62    .0
  4 1986  19   9251.00  18.0  29.0   2.4   .62   6.7
  4 1986  20  14526.00  16.5  30.0   2.0   .62    .0
  4 1986  21  17582.00  16.0  30.0   2.2   .62    .0
  4 1986  22   8749.00  18.0  30.0   2.3   .62   6.4
  4 1986  23   6279.00  18.0  29.5   2.4   .62   2.6
  4 1986  24  12475.00  17.5  30.0   2.4   .62    .0
  4 1986  25  17330.00  18.0  30.0   2.3   .62    .0
  4 1986  26  14191.00  18.0  30.0   2.5   .62    .0
  4 1986  27  17330.00  17.0  30.0   2.2   .62  27.1
  4 1986  28   5568.00  18.5  25.0   2.1   .61  10.1
  4 1986  29   7114.38  20.5  26.5   2.4   .61   4.6
  4 1986  30   8205.00  20.5  29.0   2.5   .61   4.4
  4 1986  31   6572.00  21.0  25.5   2.5   .61   2.8
  4 1986  32  16911.00  19.0  30.0   2.4   .61    .0
  4 1986  33  20930.00  18.0  31.5   2.0   .61   4.4
  4 1986  34  11428.00  21.5  30.5   2.6   .61   1.5
  4 1986  35  11553.00  20.9  30.5   2.6   .61    .3
  4 1986  36  19758.00  19.0  30.5   2.4   .61    .0
  4 1986  37  19130.00  17.8  30.0   2.3   .61    .9
  4 1986  38  11218.00  20.0  30.0   2.5   .61    .0
  4 1986  39  18042.00  18.0  30.0   2.2   .61    .0
  4 1986  40  17456.00  19.0  31.0   2.2   .61    .0
  4 1986  41  19423.00  19.0  33.0   2.3   .61    .0
  4 1986  42  12935.00  21.8  33.0   2.6   .61    .0
  4 1986  43  10674.00  22.0  29.5   2.6   .61   3.2
  4 1986  44  15656.00  20.7  32.1   2.4   .61    .0
  4 1986  45  14818.00  19.6  32.0   2.2   .61   5.6
  4 1986  46  16367.00  22.5  31.0   2.6   .61    .0
  4 1986  47  14065.00  19.3  31.0   2.6   .61    .0
  4 1986  48  10884.00  21.0  31.0   2.4   .61   3.6
  4 1986  49  16242.00  23.6  32.2   2.8   .61    .0
  4 1986  50  16702.00  20.9  33.0   2.6   .61    .0
  4 1986  51  18251.00  20.7  33.0   2.5   .61    .0
  4 1986  52  14567.00  20.4  31.0   2.4   .61   8.2
  4 1986  53  10423.00  20.2  30.0   2.4   .61  11.0
  4 1986  54  12935.00  23.5  29.5   2.0   .61    .0
  4 1986  55  13772.00  20.0  30.0   2.5   .61   8.0
  4 1986  56  18962.00  21.0  33.0   2.6   .65    .0
  4 1986  57  17539.00  18.0  29.0   2.2   .65    .0
  4 1986  58  12935.00  23.0  32.5   2.3   .65    .3
  4 1986  59  19339.00  20.7  33.0   2.4   .65    .0
  4 1986  60  16473.27  20.7  31.0   2.6   .65  22.9
  4 1986  61  11177.00  18.5  26.5   2.2   .65  10.1
  4 1986  62   6823.00  19.0  27.0   2.3   .65   3.2
  4 1986  63  11428.00  20.5  30.0   2.3   .65   4.0
  4 1986  64   8707.00  20.5  28.0   2.7   .65   7.7
  4 1986  65  11846.00  21.5  27.0   2.5   .65  13.0
  4 1986  66  12809.00  19.3  30.0   2.7   .65    .0
  4 1986  67  21683.00  18.1  31.0   2.4   .65    .0
  4 1986  68  15823.00  20.0  31.0   2.4   .65    .0
  4 1986  69  10423.00  17.5  30.5   2.3   .65    .0
  4 1986  70  19297.00  17.5  31.0   2.3   .65    .0
  4 1986  71  15070.00  20.0  30.5   2.5   .65    .0
  4 1986  72  16808.23  21.5  31.5   2.6   .65    .0
  4 1986  73  18921.00  19.5  32.0   2.6   .65    .0
  4 1986  74  11470.00  23.0  31.0   2.7   .65    .8
  4 1986  75  12684.00  22.0  31.0   2.7   .65    .0
  4 1986  76  19507.00  18.5  32.0   2.6   .65    .0
  4 1986  77   7242.00  20.5  29.0   2.5   .65   2.6
  4 1986  78  16744.00  20.0  30.4   2.7   .65  30.8
  4 1986  79   9824.11  23.0  30.4   2.9   .65  43.8
  4 1986  80  10172.00  22.0  29.0   2.9   .65  25.2
  4 1986  81  10884.00  22.5  29.0   2.9   .65  30.9
  4 1986  82   3935.00  19.0  22.0   2.1   .65  30.5
  4 1986  83   6405.00  15.5  26.5   2.2   .65  12.1
  4 1986  84  17163.00  19.0  30.0   2.4   .65    .0
  4 1986  85  12642.00  20.0  29.0   2.3   .65    .0
  4 1986  86  23442.00  18.5  31.0   2.3   .65   1.6
  4 1986  87  12432.00  21.0  29.5   2.5   .65    .6
  4 1986  88  17330.00  20.5  30.5   2.6   .65    .8
  4 1986  89  19381.00  20.0  31.5   2.4   .65   3.5
  4 1986  90  11763.00  21.0  30.0   2.6   .65    .0
  4 1986  91  14818.00  20.5  30.0   2.6   .64    .0
  4 1986  92  11846.00  23.1  28.0   2.6   .64   3.6
  4 1986  93   9125.00  23.0  28.5   2.6   .64    .0
  4 1986  94  17246.00  21.9  33.0   2.4   .64    .0
  4 1986  95  20302.00  23.0  33.9   2.6   .64    .8
  4 1986  96  10095.48  21.0  31.0   2.6   .64   7.9
  4 1986  97   7744.00  21.5  28.0   2.6   .64   2.8
  4 1986  98  17121.00  22.0  30.0   2.4   .64    .0
  4 1986  99  18418.00  22.0  32.9   2.4   .64    .0
  4 1986 100  12683.00  22.2  32.1   2.6   .64    .0
  4 1986 101  12139.00  22.5  33.1   2.5   .64    .3
  4 1986 102  13856.00  22.1  34.2   2.7   .64   1.3
  4 1986 103  12349.00  23.0  32.0   2.8   .64  39.7
  4 1986 104  13688.00  24.0  31.0   3.0   .64    .1
  4 1986 105  12893.00  23.1  32.2   2.7   .64  82.6
  4 1986 106   6111.00  22.0  26.8   2.8   .64  14.1
  4 1986 107   3307.00  20.8  25.0   2.7   .64  11.2
  4 1986 108  19674.00  19.0  31.0   2.5   .64    .0
  4 1986 109  17749.00  20.0  32.0   2.4   .64    .0
  4 1986 110  12432.00  20.8  30.0   2.5   .64   2.4
  4 1986 111  18167.00  21.0  31.0   2.8   .64    .0
  4 1986 112   7995.00  20.0  28.0   2.8   .64   2.0
  4 1986 113   5986.00  20.5  27.0   2.6   .64  10.3
  4 1986 114   9795.00  21.5  27.5   2.7   .64  40.4
  4 1986 115  19172.00  22.0  31.0   2.5   .64    .0
  4 1986 116  20428.00  19.5  32.0   2.7   .64   1.8
  4 1986 117  21474.00  21.5  31.5   2.5   .64    .0
  4 1986 118  21725.00  19.5  32.0   2.7   .64   6.3
  4 1986 119  15111.00  22.5  30.0   3.0   .59   3.5
  4 1986 120  13102.00  20.0  31.5   2.5   .59   5.8
  4 1986 121   8163.00  20.0  32.0   2.6   .59    .0
  4 1986 122   4144.00  19.5  26.0   2.8   .59  20.3
  4 1986 123  14777.00  19.5  32.0   2.6   .59  15.6
  4 1986 124   4521.00  19.5  27.0   2.7   .59  11.3
  4 1986 125   8456.00  21.5  28.0   2.8   .59    .2
  4 1986 126  14274.00  20.5  31.0   2.9   .59  20.6
  4 1986 127  10800.00  24.0  30.0   2.9   .59   1.2
  4 1986 128  22186.00  20.0  31.5   2.6   .59    .0
  4 1986 129  18000.00  19.5  31.5   2.9   .59    .0
  4 1986 130  13563.00  22.0  31.0   3.0   .59    .0
  4 1986 131   7493.00  23.0  30.0   3.1   .59    .0
  4 1986 132  17832.00  21.0  32.9   2.9   .59    .0
  4 1986 133  15823.00  21.0  31.5   2.8   .59    .0
  4 1986 134  18753.00  21.0  32.9   2.8   .59    .0
  4 1986 135  15995.83  21.5  32.0   2.9   .59    .0
  4 1986 136  20721.00  20.5  33.0   2.7   .59    .0
  4 1986 137  17456.00  21.0  33.0   2.8   .59  13.3
  4 1986 138  20511.00  23.5  32.0   3.0   .59    .0
  4 1986 139  19842.00  22.5  33.0   2.9   .59    .7
  4 1986 140  15949.00  23.5  31.5   2.9   .59    .0
  4 1986 141   5567.00  22.0  27.0   2.7   .59  34.2
  4 1986 142  15111.00  21.0  30.5   2.9   .59    .2
  4 1986 143  10046.00  22.0  32.0   2.8   .59  30.0
  4 1986 144   9837.00  22.5  30.0   2.7   .59  21.8
  4 1986 145  16911.00  21.0  32.0   2.8   .59   1.4
  4 1986 146  13981.00  21.5  31.0   3.1   .59  12.4
  4 1986 147  11051.00  22.8  31.0   3.1   .59   1.9
  4 1986 148  12767.00  22.0  31.0   2.8   .59  32.1
  4 1986 149  16116.00  18.5  31.1   2.7   .59   3.5
  4 1986 150  18795.00  19.5  32.0   2.7   .59    .0
  4 1986 151  15572.00  21.0  32.0   2.4   .59    .0
  4 1986 152  10423.00  21.0  32.5   2.7   .59    .0
  4 1986 153  17288.00  21.0  32.5   2.7   .59    .0
  4 1986 154  17581.00  22.0  34.0   3.0   .51    .0
  4 1986 155  12809.00  23.5  33.0   2.9   .51    .2
  4 1986 156  12935.00  21.0  31.0   2.6   .51   2.9
  4 1986 157  15237.00  21.0  31.5   2.8   .51   4.6
  4 1986 158  15279.00  20.5  32.0   2.7   .51   5.5
  4 1986 159  13939.00  20.5  32.0   2.8   .51    .2
  4 1986 160   9753.00  22.0  30.5   2.9   .51   4.3
  4 1986 161   6530.00  21.8  30.0   2.9   .51  21.8
  4 1986 162  10465.00  22.0  30.0   2.8   .51   4.0
  4 1986 163  11553.00  21.2  31.0   2.8   .51   7.6
  4 1986 164   6530.00  22.0  31.0   2.8   .51   7.2
  4 1986 165   8623.00  22.0  30.0   2.9   .51  18.8
  4 1986 166   9705.00  21.0  28.8   2.5   .51  18.5
  4 1986 167  13395.00  21.0  31.0   2.8   .51   2.5
  4 1986 168  10632.00  22.5  31.5   2.9   .51    .0
  4 1986 169  10381.00  21.5  31.0   3.0   .51   1.0
  4 1986 170  12391.00  21.0  31.0   2.9   .51   8.8
  4 1986 171   8372.00  22.0  30.0   3.0   .51  78.1
  4 1986 172  10758.00  21.5  31.0   3.0   .51    .4
  4 1986 173  12139.00  23.0  31.0   3.0   .51  11.3
  4 1986 174   5023.00  23.0  26.8   2.9   .51  18.9
  4 1986 175  11470.00  20.0  29.0   2.8   .51    .2
  4 1986 176  10423.00  21.0  31.0   2.7   .51   2.3
  4 1986 177   8665.00  21.0  29.0   2.8   .51  26.3
  4 1986 178   8288.00  22.0  28.6   2.9   .51  23.4
  4 1986 179  11553.00  21.5  30.0   2.9   .51  42.5
  4 1986 180   9502.00  20.0  30.0   2.4   .51   4.5
  4 1986 181   4270.00  22.0  25.4   3.0   .51   4.9
  4 1986 182   3474.00  22.5  26.5   2.8   .52  43.7
  4 1986 183   5651.00  22.5  29.0   2.9   .52  20.4
  4 1986 184  14609.00  21.5  32.0   2.7   .52   1.2
  4 1986 185  15237.00  22.5  33.0   2.8   .52    .3
  4 1986 186  13646.00  23.0  32.0   2.7   .52  10.3
  4 1986 187   3851.00  22.5  26.5   3.0   .52  24.9
  4 1986 188   2009.00  22.0  30.0   2.6   .52   9.5
  4 1986 189  12516.00  21.0  30.0   2.7   .52    .0
  4 1986 190  12893.00  21.0  28.0   2.7   .52  11.9
  4 1986 191  10130.00  20.0  31.0   2.7   .52   3.0
  4 1986 192  12809.00  22.0  32.0   2.7   .52   1.1
  4 1986 193   4563.00  22.0  30.0   2.9   .52  32.2
  4 1986 194  11218.00  22.0  30.5   2.8   .52  18.0
  4 1986 195  16200.00  22.5  31.0   2.9   .52  17.2
  4 1986 196  10967.00  22.5  29.0   2.9   .52  57.5
  4 1986 197   9460.00  21.5  27.5   2.7   .52    .1
  4 1986 198   6781.00  21.5  27.5   2.7   .52  13.6
  4 1986 199  13144.00  22.0  30.0   2.8   .52  24.9
  4 1986 200   6112.00  22.0  29.5   2.9   .52   9.3
  4 1986 201  18837.00  21.0  31.5   3.0   .52   4.2
  4 1986 202  11009.00  21.5  31.0   2.9   .52   8.6
  4 1986 203   7326.00  22.5  28.0   2.8   .52  11.1
  4 1986 204   5567.00  20.0  28.0   2.6   .52   1.8
  4 1986 205   7367.00  18.5  28.6   2.7   .52  11.0
  4 1986 206   8288.00  19.0  29.0   2.7   .52    .1
  4 1986 207  13772.00  19.5  30.0   2.7   .52   3.4
  4 1986 208  15614.00  18.0  31.5   2.8   .52   4.2
  4 1986 209   5777.00  22.5  27.0   2.7   .52  23.1
  4 1986 210  10967.00  22.5  29.0   2.8   .53   7.7
  4 1986 211  16200.00  21.0  24.8   2.4   .53  29.3
  4 1986 212  12223.00  21.0  24.7   2.5   .53   9.6
  4 1986 213  14693.00  23.0  30.0   3.0   .53   9.5
  4 1986 214  11972.00  22.5  30.5   3.0   .53    .0
  4 1986 215   8121.00  20.5  29.0   2.6   .53  25.8
  4 1986 216   6949.00  18.5  30.0   2.6   .53  89.9
  4 1986 217   7959.21  22.0  28.0   2.8   .53  12.7
  4 1986 218   8498.00  21.5  29.0   2.6   .53    .0
  4 1986 219  16702.00  17.5  30.0   2.8   .53   7.1
  4 1986 220  10381.00  18.5  30.0   2.9   .53  16.5
  4 1986 221  14986.00  18.0  30.0   3.1   .53   9.8
  4 1986 222   9670.00  18.0  30.0   3.1   .53    .0
  4 1986 223  12600.00  21.0  32.0   2.9   .53  11.3
  4 1986 224   7116.00  23.5  30.5   2.9   .53   4.8
  4 1986 225   3056.00  22.5  26.5   2.8   .53   6.4
  4 1986 226   9753.00  22.5  29.0   2.7   .53   3.6
  4 1986 227   6949.00  21.0  28.0   2.7   .53    .2
  4 1986 228  16284.00  21.5  31.0   2.8   .53    .0
  4 1986 229   1716.00  21.0  30.0   2.7   .53  24.2
  4 1986 230  14442.00  20.0  31.5   2.7   .53  50.7
  4 1986 231  10005.00  18.5  31.0   2.9   .53  32.9
  4 1986 232   6991.00  18.0  29.0   2.9   .53  25.3
  4 1986 233  16744.00  22.0  30.5   2.7   .53    .0
  4 1986 234  13605.00  20.5  29.5   2.9   .53  35.4
  4 1986 235   5735.00  19.0  30.0   2.7   .53   1.7
  4 1986 236  17581.00  21.6  30.5   2.6   .53    .0
  4 1986 237  13563.00  19.5  31.0   2.9   .53    .0
  4 1986 238  13772.00  21.0  32.0   3.0   .53   6.5
  4 1986 239  19339.00  22.0  32.0   3.1   .53   3.9
  4 1986 240   7828.00  23.0  29.0   2.8   .53  12.2
  4 1986 241   8539.00  23.0  29.0   2.8   .53    .0
  4 1986 242  15572.00  21.0  31.0   2.9   .53    .0
  4 1986 243   6991.00  21.0  28.5   2.5   .53  28.9
  4 1986 244  11563.86  20.5  31.0   2.8   .53   3.6
  4 1986 245   8201.56  20.5  29.0   2.8   .56  12.8
  4 1986 246   8437.64  20.0  30.5   2.7   .56    .0
  4 1986 247  11914.55  20.0  30.8   2.7   .56    .0
  4 1986 248   9509.29  19.5  32.0   2.7   .56   3.5
  4 1986 249   9504.42  23.0  32.0   2.9   .56  14.3
  4 1986 250   8178.22  23.5  31.0   3.0   .56  24.2
  4 1986 251  10454.10  23.5  31.0   2.9   .56   2.1
  4 1986 252  10327.86  21.5  31.6   3.0   .56    .4
  4 1986 253   8399.98  22.0  31.5   2.8   .56    .0
  4 1986 254  12115.13  22.0  29.5   2.8   .56  23.9
  4 1986 255  11266.95  21.5  29.5   2.8   .56  23.1
  4 1986 256   8258.09  21.5  29.0   2.9   .56    .9
  4 1986 257   7890.06  20.5  27.0   2.5   .56   3.6
  4 1986 258   9441.26  21.5  28.5   2.8   .56   2.0
  4 1986 259   7873.06  20.5  30.0   2.9   .56    .3
  4 1986 260  11100.71  21.5  30.5   2.9   .56  11.9
  4 1986 261  12767.50  20.5  31.0   2.8   .56   6.4
  4 1986 262   8084.35  20.5  30.0   2.6   .56  19.6
  4 1986 263   8313.50  21.0  30.0   2.7   .56  18.9
  4 1986 264   7824.15  19.0  28.5   2.9   .56    .0
  4 1986 265  13313.40  21.0  30.0   2.7   .56   5.5
  4 1986 266   9474.91  20.5  30.0   2.8   .56    .0
  4 1986 267   9223.35  23.0  30.0   3.0   .56    .0
  4 1986 268   9448.97  22.0  31.0   2.9   .56   2.9
  4 1986 269  13727.25  21.0  31.0   3.0   .56   2.6
  4 1986 270   7753.69  21.0  31.0   2.7   .56    .0
  4 1986 271   8573.83  20.5  29.0   2.7   .56   4.5
  4 1986 272  13910.28  21.5  32.0   2.9   .56    .7
  4 1986 273  13890.59  20.2  30.5   2.5   .57    .0
  4 1986 274  12809.00  20.5  30.0   2.8   .57  79.7
  4 1986 275   9209.00  22.0  31.0   2.9   .57   1.2
  4 1986 276  12893.00  21.0  32.0   2.9   .57    .0
  4 1986 277   9460.00  21.0  30.0   2.8   .57  30.0
  4 1986 278  11763.00  21.5  30.0   2.8   .57  10.0
  4 1986 279   9125.00  22.0  29.0   2.8   .57   5.9
  4 1986 280  10256.00  22.5  31.0   2.9   .57   2.7
  4 1986 281  13521.00  22.0  30.0   2.9   .57   3.4
  4 1986 282   8665.00  22.0  30.0   2.9   .57   5.9
  4 1986 283   9167.00  22.0  27.5   2.7   .57  15.4
  4 1986 284  12014.00  21.0  26.0   2.7   .57  35.5
  4 1986 285  14693.00  21.0  30.0   2.7   .57  17.5
  4 1986 286   4981.00  21.0  30.0   2.8   .57   3.5
  4 1986 287   7200.00  21.5  29.0   2.9   .57   5.3
  4 1986 288   4102.00  19.0  30.0   2.7   .57   7.9
  4 1986 289   9753.00  19.0  31.0   2.9   .57   2.7
  4 1986 290  17791.00  21.0  30.0   2.8   .57    .0
  4 1986 291  11344.00  21.0  31.0   2.7   .57    .0
  4 1986 292  11553.00  19.0  30.0   2.8   .57  28.0
  4 1986 293   2888.00  21.0  25.0   2.8   .57  39.9
  4 1986 294  14274.00  20.0  30.0   2.8   .57   3.2
  4 1986 295  14358.00  20.0  31.5   3.0   .57    .0
  4 1986 296  11679.00  21.5  31.5   2.9   .57    .0
  4 1986 297  15279.00  20.5  32.5   3.0   .57    .0
  4 1986 298  12391.00  20.0  32.0   2.9   .57    .6
  4 1986 299  11846.00  21.0  31.0   2.8   .57    .0
  4 1986 300   8581.00  20.5  31.0   2.9   .57    .0
  4 1986 301   8832.00  20.5  31.0   2.9   .57   7.9
  4 1986 302  13018.00  21.0  31.0   2.9   .57    .0
  4 1986 303  14149.00  22.0  30.0   2.9   .57    .2
  4 1986 304  11135.00  18.5  30.0   2.7   .57    .7
  4 1986 305  14860.00  22.0  31.8   2.9   .57  13.9
  4 1986 306  12725.00  21.5  32.0   2.9   .57    .3
  4 1986 307  13981.00  21.0  31.0   2.7   .57    .0
  4 1986 308  12893.00  21.0  30.5   2.7   .55   2.8
  4 1986 309  13270.00  20.0  32.0   2.7   .55    .0
  4 1986 310  15781.00  18.5  31.5   2.8   .55    .5
  4 1986 311  12725.00  20.5  31.0   2.8   .55    .0
  4 1986 312  10465.00  21.5  30.0   2.8   .55    .0
  4 1986 313  12474.00  21.0  30.0   2.7   .55   4.6
  4 1986 314  10842.00  21.0  31.0   2.9   .55    .0
  4 1986 315   9628.00  19.0  28.0   2.7   .55  89.3
  4 1986 316    586.00  22.0  29.0   2.9   .55  76.1
  4 1986 317   5233.00  18.5  27.0   2.7   .55   5.9
  4 1986 318  12391.00  19.0  32.0   2.9   .55   4.1
  4 1986 319   8079.00  23.0  28.0   2.9   .55   4.9
  4 1986 320   8581.00  22.5  29.0   2.9   .55  11.2
  4 1986 321  13939.00  23.0  28.0   2.8   .55   3.3
  4 1986 322  12014.00  23.0  30.5   2.8   .55   8.2
  4 1986 323   7995.00  22.0  28.5   2.8   .55   3.5
  4 1986 324  13981.00  20.0  30.0   2.9   .55   2.5
  4 1986 325   7995.00  22.5  27.5   2.9   .55  18.3
  4 1986 326  12432.00  20.5  28.5   2.7   .55    .0
  4 1986 327  14316.00  21.0  30.0   2.9   .55   3.8
  4 1986 328   9000.00  20.5  29.0   2.7   .55  14.9
  4 1986 329  18711.00  20.5  31.5   2.6   .55    .0
  4 1986 330  16786.00  18.5  31.5   2.5   .55   2.5
  4 1986 331  12684.00  20.5  30.5   2.8   .55    .0
  4 1986 332  11177.00  21.5  30.5   2.7   .55    .2
  4 1986 333  16702.00  19.0  30.0   2.8   .55    .0
  4 1986 334  18293.00  18.5  31.0   2.5   .55    .0
  4 1986 335  12391.00  19.5  30.0   2.4   .55   3.5
  4 1986 336  12391.00  18.5  30.0   2.5   .57    .3
  4 1986 337  12391.00  18.0  31.0   2.5   .57    .3
  4 1986 338  11093.00  18.0  30.0   2.7   .57    .0
  4 1986 339  12139.00  21.5  31.5   2.8   .57  23.6
  4 1986 340  12181.00  19.5  30.0   2.7   .57  41.1
  4 1986 341   6949.00  20.0  29.0   2.6   .57    .0
  4 1986 342  12056.00  18.5  30.0   2.5   .57   8.4
  4 1986 343   9753.00  18.5  29.5   2.9   .57    .0
  4 1986 344  11930.00  19.5  29.5   2.4   .57    .0
  4 1986 345  13898.00  18.5  30.0   2.5   .57   9.0
  4 1986 346  12767.00  20.0  29.5   2.7   .57  16.2
  4 1986 347  18042.00  17.5  30.0   2.7   .57   1.3
  4 1986 348  10842.00  18.0  30.5   2.3   .57   1.2
  4 1986 349  11093.00  18.5  28.5   2.5   .57   4.1
  4 1986 350  14191.00  20.5  29.5   2.5   .57   2.4
  4 1986 351  13144.00  18.5  29.5   2.0   .57  23.9
  4 1986 352  17330.00  20.3  30.0   2.3   .57    .0
  4 1986 353  15991.00  20.5  30.0   2.4   .57    .0
  4 1986 354  12098.00  20.0  30.0   2.5   .57    .9
  4 1986 355  14567.00  19.0  30.0   2.4   .57    .0
  4 1986 356  12391.00  18.5  29.5   2.1   .57    .0
  4 1986 357  13060.00  19.5  29.0   2.5   .57    .0
  4 1986 358  11763.00  19.0  29.5   2.9   .57    .0
  4 1986 359  12391.00  19.0  30.0   2.6   .57  13.0
  4 1986 360  12265.00  19.0  29.5   2.6   .57    .0
  4 1986 361  12391.00  18.0  30.0   2.5   .57    .0
  4 1986 362  12391.00  19.0  30.0   2.4   .57    .0
  4 1986 363   8832.00  19.0  30.0   2.2   .57    .0
  4 1986 364  10507.00  18.0  30.0   2.3   .57    .0
  4 1986 365  10884.00  18.0  30.0   2.6   .57    .0
