*---------------------------------------------------------              
* Station name: La Lola                                                 
* Author: Atlantic Zone Project, AUW-MAG-CATIE, Costa Rica              
* Source: IMN, San Jose, Costa Rica                                     
*                                                                       
* Comments: Wind speed data lacking                                     
*           Check unit (and conversion factor) of SR                    
*           No data (except RF) for May                                 
*                                                                       
* Longitude:  83 23 W, latitude:  10  6 N, altitude:  40 m.             
* Column  Daily value                                                   
*    1    station number                                                
*    2    year                                                          
*    3    month                                                         
*    4    day                                                           
*    5    julian date                                                   
*    6    irradiation            (1000 * MJ m-2 d-1)                    
*    7    minimum temperature    (degrees Celcius)                      
*    8    maximum temperature    (degrees Celcius)                      
*    9    vapor pressure at 0700 (mbar)                                 
*   10    vapor pressure at 1300 (mbar)                                 
*   11    vapor pressure at 1800 (mbar)                                 
*   12    mean wind speed        (kilometer per hour)                   
*   13    precipitation          (mm d-1)                               
*   14    sunshine hours         (hours)                                
* Missing value: -99                                                    
*---------------------------------------------------------              
*  data converted with WDC for CABO-format
*-------------------------------------------
  83.38  10.10    40.  .00  .00
  4 1985   1  16535.00  20.5  30.0   2.3   .62    .0
  4 1985   2  17163.00  16.5  30.0   2.3   .62   1.3
  4 1985   3  15991.00  17.5  30.5   2.6   .62    .3
  4 1985   4   7158.00  18.0  29.0   2.4   .62   1.3
  4 1985   5   8874.00  18.0  29.0   2.3   .62  35.4
  4 1985   6   6279.00  18.0  25.0   2.1   .62  13.8
  4 1985   7  10967.00  19.0  29.8   2.4   .62   4.5
  4 1985   8  16577.00  17.0  30.0   2.5   .62    .0
  4 1985   9  20218.00  15.5  30.0   2.3   .62   3.0
  4 1985  10  16870.00  16.0  29.0   2.4   .62    .6
  4 1985  11  12809.00  16.5  30.0   2.4   .62    .0
  4 1985  12  15572.00  14.5  30.5   2.4   .62    .0
  4 1985  13  10339.00  18.0  27.5   2.3   .62    .6
  4 1985  14  13939.00  16.5  27.5   2.3   .62    .0
  4 1985  15  20386.00  15.5  30.0   2.2   .62   1.0
  4 1985  16  19256.00  19.0  30.0   2.4   .62    .0
  4 1985  17  15907.00  16.0  30.0   2.2   .62   4.5
  4 1985  18  16032.00  16.0  30.0   2.2   .62    .0
  4 1985  19  14358.00  16.0  30.0   2.3   .62    .0
  4 1985  20  10632.00  16.0  30.0   2.6   .62    .0
  4 1985  21  14902.00  19.0  30.0   2.4   .62    .0
  4 1985  22  15656.00  16.5  30.0   2.3   .62   3.4
  4 1985  23  13563.00  16.5  30.0   2.5   .62   1.5
  4 1985  24  19130.00  19.0  31.0   2.5   .62    .0
  4 1985  25  20344.00  17.0  31.0   2.3   .62    .0
  4 1985  26  10591.00  18.0  31.0   2.5   .62    .0
  4 1985  27  16911.00  15.0  30.0   2.1   .62   2.8
  4 1985  28   9795.00  19.0  27.0   2.4   .61   1.8
  4 1985  29  14818.00  17.0  30.5   2.3   .61    .0
  4 1985  30  14944.00  15.5  29.0   2.8   .61   4.3
  4 1985  31  18544.00  20.0  30.5   2.4   .61    .0
  4 1985  32  13060.00  18.0  29.6   2.4   .61   3.1
  4 1985  33  20888.00  20.8  30.0   2.4   .61    .0
  4 1985  34  19297.00  18.0  30.0   2.4   .61    .7
  4 1985  35  19632.00  18.0  30.0   2.4   .61    .9
  4 1985  36  17079.00  19.0  30.0   2.4   .61   2.6
  4 1985  37   7074.00  20.0  27.0   2.4   .61   4.2
  4 1985  38   7326.00  21.0  29.0   2.4   .61    .7
  4 1985  39  11218.00  20.5  30.0   2.6   .61  21.2
  4 1985  40   8916.00  20.0  28.6   2.5   .61  21.6
  4 1985  41  16116.00  20.0  29.0   2.3   .61    .0
  4 1985  42  14902.00  19.0  30.0   2.4   .61  10.3
  4 1985  43   7702.00  21.0  27.0   2.7   .61  94.9
  4 1985  44   7535.00  21.0  26.5   2.6   .61  24.8
  4 1985  45  13981.00  19.5  29.0   2.7   .61   8.2
  4 1985  46  12558.00  19.0  28.6   2.3   .61   4.3
  4 1985  47  11218.00  21.0  27.5   2.5   .61   6.5
  4 1985  48  13060.00  20.0  29.0   2.5   .61    .3
  4 1985  49  12558.00  16.5  30.0   2.2   .61    .0
  4 1985  50  17330.00  20.0  30.0   2.3   .61   4.6
  4 1985  51  16116.00  20.0  30.0   2.5   .61   2.0
  4 1985  52  17456.00  21.0  30.0   2.7   .61  12.1
  4 1985  53  12474.00  20.0  29.0   2.6   .61  16.0
  4 1985  54   7535.00  21.5  29.0   2.6   .61   3.7
  4 1985  55  16284.00  22.0  29.8   2.6   .61   1.4
  4 1985  56  17372.00  21.5  29.5   2.5   .65   1.4
  4 1985  57  16535.00  18.0  29.5   2.3   .65   2.2
  4 1985  58  20093.00  19.0  30.2   2.3   .65    .0
  4 1985  59  19758.00  19.0  30.0   2.3   .65    .0
  4 1985  60  11512.00  16.5  28.0   2.1   .65   3.2
  4 1985  61   9753.00  17.5  29.0   2.5   .65  13.0
  4 1985  62  11177.00  19.5  27.0   2.6   .65   5.3
  4 1985  63  13939.00  18.5  31.0   2.5   .65   6.5
  4 1985  64  16952.52  20.0  30.5   2.5   .65   2.4
  4 1985  65  14693.00  17.5  30.0   2.4   .65   6.1
  4 1985  66  11846.00  20.0  27.0   2.4   .65   2.3
  4 1985  67  18628.00  17.0  30.0   2.3   .65   5.9
  4 1985  68  10590.00  17.0  31.0   2.5   .65  21.8
  4 1985  69  13102.00  22.0  29.5   2.7   .65    .1
  4 1985  70  10800.00  18.5  27.0   2.4   .65    .1
  4 1985  71  21181.00  15.0  30.0   2.3   .65    .0
  4 1985  72  19046.00  16.5  30.5   2.3   .65    .2
  4 1985  73  10884.00  18.5  29.5   2.5   .65   2.8
  4 1985  74  15655.00  19.5  30.0   2.3   .65    .0
  4 1985  75  18586.00  17.0  29.5   2.4   .65    .0
  4 1985  76  21642.00  17.5  30.0   2.7   .65    .0
  4 1985  77  16116.00  18.5  30.0   2.4   .65    .0
  4 1985  78  21683.00  18.5  30.0   2.5   .65    .0
  4 1985  79  14023.00  18.0  31.0   2.5   .65    .0
  4 1985  80  19214.00  18.5  31.0   2.6   .65    .0
  4 1985  81  20846.00  18.0  30.5   2.6   .65    .0
  4 1985  82  17790.00  19.0  30.0   2.6   .65    .0
  4 1985  83  16995.00  19.0  31.0   2.7   .65    .0
  4 1985  84  17163.00  18.0  31.0   2.5   .65    .3
  4 1985  85  13018.00  19.5  30.0   2.4   .65   2.1
  4 1985  86  24028.00  18.0  31.0   2.6   .65    .0
  4 1985  87  24404.00  16.5  32.0   2.3   .65    .0
  4 1985  88  23735.00  16.5  32.0   2.4   .65    .0
  4 1985  89  18460.00  16.5  31.5   2.4   .65    .0
  4 1985  90   9837.00  21.0  28.0   2.5   .65    .0
  4 1985  91  13688.00  20.0  30.5   2.5   .64    .0
  4 1985  92  13898.00  21.5  31.0   2.7   .64    .0
  4 1985  93  17498.00  18.0  31.0   2.5   .64    .0
  4 1985  94  23232.00  16.5  31.0   2.4   .64    .0
  4 1985  95  21014.00  22.0  31.0   2.2   .64    .0
  4 1985  96  12725.00  17.5  31.0   2.6   .64   3.8
  4 1985  97  16828.00  19.0  31.0   2.2   .64    .0
  4 1985  98  21223.00  18.5  31.6   2.4   .64  36.1
  4 1985  99   6740.00  20.5  28.5   2.6   .64  12.3
  4 1985 100  25786.00  17.0  31.0   2.6   .64    .0
  4 1985 101  21893.00  18.0  31.5   2.4   .64    .9
  4 1985 102  16786.00  21.5  31.0   2.9   .64   3.5
  4 1985 103   7995.00  20.5  32.7   3.0   .64  12.1
  4 1985 104  17204.00  23.0  31.0   2.6   .64    .1
  4 1985 105  18125.00  15.5  31.0   2.4   .64    .0
  4 1985 106  14316.00  16.5  30.0   2.6   .64  31.8
  4 1985 107  12767.00  16.5  31.0   2.7   .64    .3
  4 1985 108  14107.00  16.0  31.0   2.6   .64    .8
  4 1985 109  18628.00  16.5  31.0   2.7   .64    .1
  4 1985 110  18000.00  15.5  32.5   2.4   .64   2.2
  4 1985 111  16786.00  26.0  32.0   2.5   .64    .0
  4 1985 112  19758.00  16.0  31.0   2.6   .64    .0
  4 1985 113  20428.00  18.0  31.5   2.6   .64    .0
  4 1985 114  20344.00  18.0  31.0   2.5   .64    .0
  4 1985 115  17372.00  18.0  31.0   2.6   .64    .0
  4 1985 116  19507.00  18.0  31.5   2.5   .64    .0
  4 1985 117  17581.00  19.0  31.5   2.7   .64    .0
  4 1985 118  15865.00  20.0  32.0   2.6   .64    .0
  4 1985 119  20972.00  19.0  31.0   2.7   .59    .0
  4 1985 120  16032.00  18.0  36.0   2.4   .59    .8
  4 1985 121  12408.00  21.3  31.1   5.9   .59    .0
  4 1985 122  12408.00  21.3  31.1   5.9   .59    .0
  4 1985 123  12408.00  21.3  31.1   5.9   .59    .0
  4 1985 124  12408.00  21.3  31.1   5.9   .59    .0
  4 1985 125  12408.00  21.3  31.1   5.9   .59    .0
  4 1985 126  12408.00  21.3  31.1   5.9   .59    .0
  4 1985 127  12408.00  21.3  31.1   5.9   .59    .0
  4 1985 128  12408.00  21.3  31.1   5.9   .59    .0
  4 1985 129  12408.00  21.3  31.1   5.9   .59    .0
  4 1985 130  12408.00  21.3  31.1   5.9   .59    .0
  4 1985 131  12408.00  21.3  31.1   5.9   .59    .0
  4 1985 132  12408.00  21.3  31.1   5.9   .59    .0
  4 1985 133  12408.00  21.3  31.1   5.9   .59    .0
  4 1985 134  12408.00  21.3  31.1   5.9   .59    .0
  4 1985 135  12408.00  21.3  31.1   5.9   .59    .0
  4 1985 136  12408.00  21.3  31.1   5.9   .59    .0
  4 1985 137  12408.00  21.3  31.1   5.9   .59    .0
  4 1985 138  12408.00  21.3  31.1   5.9   .59    .0
  4 1985 139  12408.00  21.3  31.1   5.9   .59    .0
  4 1985 140  12408.00  21.3  31.1   5.9   .59    .0
  4 1985 141  12408.00  21.3  31.1   5.9   .59    .0
  4 1985 142  12408.00  21.3  31.1   5.9   .59    .0
  4 1985 143  12408.00  21.3  31.1   5.9   .59    .0
  4 1985 144  12408.00  21.3  31.1   5.9   .59    .0
  4 1985 145  12408.00  21.3  31.1   5.9   .59    .0
  4 1985 146  12408.00  21.3  31.1   5.9   .59    .0
  4 1985 147  12408.00  21.3  31.1   5.9   .59    .0
  4 1985 148  12408.00  21.3  31.1   5.9   .59    .0
  4 1985 149  12408.00  21.3  31.1   5.9   .59    .0
  4 1985 150  12408.00  21.3  31.1   5.9   .59    .0
  4 1985 151  12408.00  21.3  31.1   5.9   .59    .0
  4 1985 152   9460.00  20.0  31.4   3.0   .59  38.9
  4 1985 153  13856.00  21.0  31.0   2.8   .59   9.7
  4 1985 154   8582.00  21.0  31.0   2.8   .51   6.4
  4 1985 155   8917.00  19.5  28.0   2.6   .51   1.4
  4 1985 156  10884.00  21.0  28.5   2.8   .51  40.3
  4 1985 157  11721.00  21.0  29.5   2.8   .51   3.8
  4 1985 158  16033.00  20.5  31.5   2.9   .51    .1
  4 1985 159  14526.00  21.0  31.0   2.9   .51    .1
  4 1985 160  14819.00  21.0  30.0   2.8   .51  14.0
  4 1985 161   9000.00  19.5  29.0   2.7   .51   1.9
  4 1985 162  19549.00  18.5  32.0   2.9   .51    .0
  4 1985 163  22186.00  18.5  32.4   2.6   .51    .0
  4 1985 164  12224.00  20.0  32.5   2.8   .51   6.1
  4 1985 165  22563.00  21.0  32.0   3.1   .51    .0
  4 1985 166  19130.00  20.0  32.0   2.7   .51    .0
  4 1985 167  10172.00  20.0  32.0   2.5   .51   1.3
  4 1985 168   9251.00  19.5  30.0   2.9   .51  31.5
  4 1985 169   7535.00  21.5  29.6   2.8   .51   2.5
  4 1985 170  15196.00  18.0  31.5   2.9   .51  81.8
  4 1985 171    628.00  22.5  25.0   2.9   .51  98.7
  4 1985 172  10717.00  22.5  30.0   3.0   .51    .5
  4 1985 173   6949.00  20.5  30.0   2.7   .51  17.2
  4 1985 174  10131.00  21.6  29.0   2.8   .51  24.8
  4 1985 175  10717.00  21.0  28.6   2.9   .51  36.5
  4 1985 176  14317.00  19.0  30.0   2.8   .51   6.0
  4 1985 177  15028.00  20.0  31.0   2.8   .51   3.4
  4 1985 178   9796.00  20.0  31.0   2.8   .51   2.3
  4 1985 179  13898.00  20.0  31.5   3.0   .51  55.5
  4 1985 180   7117.00  20.0  29.0   2.8   .51    .6
  4 1985 181  12893.00  21.0  29.5   2.7   .51   6.6
  4 1985 182  13144.00  19.5  30.5   3.0   .52   1.6
  4 1985 183  19967.00  19.5  31.5   2.8   .52    .0
  4 1985 184  12725.00  20.5  31.0   2.8   .52   3.4
  4 1985 185   2721.00  21.0  26.0   2.8   .52  36.2
  4 1985 186  14023.00  18.0  31.5   2.6   .52    .0
  4 1985 187   6823.00  20.0  29.0   2.7   .52   2.6
  4 1985 188  15865.00  20.0  31.5   2.3   .52  34.0
  4 1985 189   4270.00  20.5  26.0   2.5   .52  22.3
  4 1985 190   9837.00  19.5  29.0   2.4   .52   3.9
  4 1985 191  17037.00  20.5  30.2   2.6   .52  29.0
  4 1985 192  20135.00  21.0  31.0   2.9   .52    .0
  4 1985 193  18209.00  19.0  31.0   2.1   .52    .0
  4 1985 194   9879.00  20.5  31.5   2.9   .52   7.4
  4 1985 195   6195.00  21.0  27.0   2.9   .52    .2
  4 1985 196   8539.00  19.0  27.0   2.6   .52   1.1
  4 1985 197  18042.00  18.5  31.0   2.5   .52   3.2
  4 1985 198  18837.00  21.0  32.0   2.9   .52    .0
  4 1985 199  10591.00  20.5  30.0   2.5   .52  26.9
  4 1985 200   2428.00  21.5  26.0   2.5   .52   6.3
  4 1985 201   8832.00  20.5  27.0   2.6   .52   3.1
  4 1985 202  10381.00  21.0  29.0   2.6   .52    .0
  4 1985 203  14232.00  20.0  31.0   2.5   .52    .0
  4 1985 204  14902.00  19.0  31.0   2.8   .52    .0
  4 1985 205   9712.00  21.5  26.5   2.8   .52   8.2
  4 1985 206  12935.00  22.0  30.0   2.6   .52    .0
  4 1985 207  15111.00  21.5  31.0   2.6   .52    .0
  4 1985 208  19214.00  20.5  30.8   2.8   .52    .2
  4 1985 209  10465.00  20.0  29.5   2.6   .52  10.8
  4 1985 210   6865.00  20.5  28.0   2.8   .53    .7
  4 1985 211   9753.00  21.0  28.0   2.6   .53    .0
  4 1985 212  17163.00  20.0  31.6   2.5   .53  28.4
  4 1985 213   9921.00  21.0  27.0   2.8   .53    .1
  4 1985 214   8037.00  20.5  29.5   2.8   .53  10.9
  4 1985 215  13479.00  20.5  29.0   2.6   .53    .0
  4 1985 216  11365.78  22.0  30.0   2.8   .53    .0
  4 1985 217  13437.00  20.5  31.0   2.7   .53  12.5
  4 1985 218   4228.00  21.5  27.0   3.1   .53 108.5
  4 1985 219   8498.00  20.0  29.0   2.9   .53    .0
  4 1985 220  17874.00  19.0  30.0   2.6   .53  15.5
  4 1985 221  10005.00  21.5  29.0   2.7   .53   1.5
  4 1985 222  11553.00  21.0  30.0   2.8   .53   1.5
  4 1985 223  21139.00  19.0  32.0   2.5   .53    .0
  4 1985 224  21516.00  19.0  31.0   2.8   .53    .4
  4 1985 225  10507.00  20.0  29.8   2.8   .53  15.9
  4 1985 226  18659.07  21.0  31.0   2.9   .53   6.0
  4 1985 227  14735.00  21.0  30.5   2.5   .53  12.3
  4 1985 228   4395.00  21.0  27.0   2.7   .53   1.8
  4 1985 229   5149.00  20.4  27.5   2.9   .53  24.6
  4 1985 230   4981.00  20.0  25.0   2.4   .53    .2
  4 1985 231   7984.53  20.0  24.8   2.7   .53  16.7
  4 1985 232  18753.00  20.0  30.4   2.7   .53   3.5
  4 1985 233  15823.00  19.5  30.2   2.6   .53    .0
  4 1985 234  10967.00  20.5  29.0   2.9   .53   6.2
  4 1985 235  16660.00  21.0  31.0   2.9   .53    .0
  4 1985 236  15195.00  20.0  32.5   2.7   .53  23.5
  4 1985 237  14065.00  19.0  31.5   2.3   .53    .0
  4 1985 238  10632.00  19.0  31.0   2.6   .53    .0
  4 1985 239  14084.21  19.0  31.8   2.6   .53    .0
  4 1985 240   9502.00  19.0  28.6   2.6   .53  30.7
  4 1985 241  15739.00  18.5  31.5   2.5   .53    .0
  4 1985 242  12600.00  21.0  31.0   2.9   .53   3.6
  4 1985 243  18921.00  20.5  32.0   2.7   .53  26.4
  4 1985 244  12474.00  21.0  30.2   2.7   .53   1.4
  4 1985 245  16116.00  21.0  30.2   2.7   .56  27.7
  4 1985 246  15279.00  21.0  30.0   3.0   .56   8.2
  4 1985 247  11805.00  20.5  31.2   2.8   .56    .3
  4 1985 248  12684.00  20.5  28.8   2.9   .56  29.0
  4 1985 249   2428.00  21.0  23.0   2.7   .56  32.8
  4 1985 250   5819.00  19.5  29.0   2.5   .56   4.4
  4 1985 251  12600.00  19.0  30.0   2.5   .56  21.5
  4 1985 252  12014.00  20.5  27.8   2.8   .56   9.7
  4 1985 253   9795.00  21.0  28.0   2.8   .56    .6
  4 1985 254  19549.00  18.5  31.0   2.7   .56    .0
  4 1985 255   9712.00  20.0  30.0   2.8   .56    .6
  4 1985 256  14979.51  20.0  31.5   2.8   .56    .0
  4 1985 257  17121.00  20.0  31.0   2.8   .56    .0
  4 1985 258  14442.00  20.5  31.5   2.9   .56    .0
  4 1985 259  13939.00  20.5  31.0   2.8   .56    .0
  4 1985 260  18711.00  20.5  31.2   2.9   .56    .0
  4 1985 261  18279.54  19.5  32.0   2.8   .56    .0
  4 1985 262  21181.00  18.5  32.4   2.8   .56  17.3
  4 1985 263   9544.00  20.0  29.0   2.8   .56    .0
  4 1985 264  14986.00  20.5  30.8   2.8   .56    .0
  4 1985 265  12935.00  20.5  31.5   2.8   .56    .0
  4 1985 266  17916.00  20.0  32.5   2.6   .56    .0
  4 1985 267  19214.00  21.0  32.5   2.9   .56    .0
  4 1985 268  21642.00  19.5  33.5   2.7   .56    .0
  4 1985 269  18377.00  20.0  33.0   2.8   .56    .0
  4 1985 270  17958.00  19.5  32.0   2.7   .56   7.2
  4 1985 271   9712.00  22.5  30.0   2.8   .56    .2
  4 1985 272  13479.00  19.5  31.5   2.8   .56    .0
  4 1985 273  13437.00  19.5  31.5   2.9   .57    .3
  4 1985 274  16911.00  19.5  32.0   2.8   .57    .0
  4 1985 275  15195.00  19.5  31.0   2.7   .57    .0
  4 1985 276  13395.00  19.5  31.8   2.7   .57   4.7
  4 1985 277   4856.00  20.5  26.2   2.8   .57   3.6
  4 1985 278   2972.00  20.8  28.0   2.7   .57   3.2
  4 1985 279  14065.00  20.0  32.0   2.6   .57    .9
  4 1985 280  18460.00  22.5  32.0   2.9   .57   2.0
  4 1985 281  20344.00  20.5  33.5   2.9   .57    .0
  4 1985 282  14902.00  20.5  31.5   2.6   .57    .0
  4 1985 283  10674.00  22.0  30.5   2.8   .57   3.5
  4 1985 284  11218.00  21.0  30.0   2.9   .57    .0
  4 1985 285   6823.00  22.0  28.5   2.8   .57  13.9
  4 1985 286   9879.00  19.0  28.0   2.4   .57   1.3
  4 1985 287  11051.00  19.0  29.9   2.6   .57  14.0
  4 1985 288  15321.00  20.0  31.0   2.7   .57  10.5
  4 1985 289  14232.00  20.0  30.0   2.7   .57   5.9
  4 1985 290  10381.00  19.5  30.0   2.7   .57  17.6
  4 1985 291   6488.00  19.5  29.5   2.8   .57  23.5
  4 1985 292  15847.39  19.0  30.5   2.6   .57   1.7
  4 1985 293  16702.00  20.8  30.8   2.4   .57    .1
  4 1985 294  12851.00  20.0  30.5   2.6   .57   1.4
  4 1985 295  16618.00  19.0  32.0   2.6   .57    .0
  4 1985 296  17498.00  19.5  32.0   2.6   .57    .0
  4 1985 297  17916.00  20.0  32.5   2.6   .57    .0
  4 1985 298  16158.00  21.0  32.5   2.6   .57   2.0
  4 1985 299  16307.00  21.0  32.0   2.9   .57    .0
  4 1985 300  14651.00  22.0  32.0   2.8   .57    .0
  4 1985 301  15865.00  20.0  32.5   2.7   .57    .0
  4 1985 302  13060.00  21.2  31.5   2.7   .57    .0
  4 1985 303  12558.00  22.8  32.1   2.9   .57  93.6
  4 1985 304  12139.00  21.2  31.0   2.7   .57   2.0
  4 1985 305  10925.00  17.5  32.0   2.7   .57    .2
  4 1985 306  16158.00  22.0  32.0   2.8   .57    .0
  4 1985 307  10967.00  20.5  32.0   2.6   .57    .0
  4 1985 308  16535.00  20.5  31.5   2.7   .55   8.0
  4 1985 309    712.00  21.5  23.8   2.5   .55  88.3
  4 1985 310    879.00  21.0  22.3   2.5   .55  53.5
  4 1985 311  12684.00  20.5  29.0   2.7   .55   3.8
  4 1985 312   8079.00  21.5  28.5   2.5   .55   1.2
  4 1985 313  13186.00  21.0  31.0   2.6   .55   5.3
  4 1985 314  14023.00  21.5  31.5   2.6   .55  13.6
  4 1985 315  15363.00  20.5  31.0   2.8   .55    .8
  4 1985 316  13772.00  19.5  31.0   2.7   .55    .0
  4 1985 317  15237.00  19.5  30.5   2.5   .55    .0
  4 1985 318  11553.00  21.5  31.0   2.7   .55    .0
  4 1985 319  13311.00  21.0  32.0   2.7   .55    .0
  4 1985 320   6991.00  20.5  28.0   2.8   .55   5.1
  4 1985 321  11135.00  20.0  30.9   2.5   .55   7.2
  4 1985 322   8121.00  21.0  29.0   2.6   .55    .8
  4 1985 323  15530.00  18.0  31.0   2.5   .55    .0
  4 1985 324  10423.00  19.5  31.0   2.6   .55    .0
  4 1985 325  10214.00  20.5  30.5   2.6   .55   2.4
  4 1985 326   5819.00  19.0  28.5   2.6   .55  10.9
  4 1985 327   6781.00  21.0  28.0   2.5   .55   8.4
  4 1985 328  12809.00  20.0  31.0   2.5   .55    .0
  4 1985 329  12809.00  19.0  31.0   2.5   .55    .0
  4 1985 330  20470.00  21.0  31.0   2.7   .55    .0
  4 1985 331  12809.00  19.0  30.0   2.5   .55    .7
  4 1985 332  17749.00  19.0  31.0   2.6   .55    .0
  4 1985 333  15949.00  21.0  31.0   2.5   .55    .4
  4 1985 334  17749.00  20.0  31.0   2.8   .55    .0
  4 1985 335   9674.59  21.5  27.0   2.7   .55  23.5
  4 1985 336   9553.55  21.1  26.5   2.6   .57   4.9
  4 1985 337  14274.00  20.9  30.0   2.6   .57  50.8
  4 1985 338   5777.00  21.5  27.0   2.6   .57  28.5
  4 1985 339   5316.00  21.0  27.0   2.7   .57    .0
  4 1985 340   6572.00  21.5  26.5   2.5   .57   9.6
  4 1985 341  13856.00  22.1  30.5   2.7   .57    .0
  4 1985 342  12181.00  22.0  30.5   2.4   .57  23.4
  4 1985 343   3767.00  21.2  27.0   2.5   .57  46.7
  4 1985 344   6614.00  22.2  28.0   2.8   .57    .0
  4 1985 345  12851.00  20.8  30.0   2.9   .57    .2
  4 1985 346   7116.00  20.5  28.0   2.5   .57    .0
  4 1985 347  10381.00  21.5  30.0   2.7   .57    .7
  4 1985 348  11553.00  20.0  30.0   2.8   .57   3.5
  4 1985 349   7638.30  19.1  30.0   2.3   .57    .2
  4 1985 350  14651.00  20.9  30.5   2.5   .57    .3
  4 1985 351  13270.00  20.0  31.0   2.4   .57    .0
  4 1985 352  13395.00  19.5  30.0   2.3   .57    .4
  4 1985 353  14216.00  19.0  30.5   2.4   .57    .7
  4 1985 354  13688.00  21.2  30.0   2.8   .57   1.1
  4 1985 355  12056.00  20.0  30.5   2.3   .57   2.6
  4 1985 356  15991.00  20.5  30.5   2.4   .57    .9
  4 1985 357  13144.00  19.0  30.0   2.4   .57    .0
  4 1985 358  16911.00  19.8  30.5   2.4   .57    .0
  4 1985 359  16158.00  21.8  30.0   2.6   .57    .0
  4 1985 360  11302.00  20.1  30.0   2.5   .57  11.1
  4 1985 361  12139.00  19.5  30.0   2.5   .57  10.1
  4 1985 362  11470.00  20.0  30.0   2.5   .57   4.5
  4 1985 363  13277.38  20.8  30.0   2.4   .57    .0
  4 1985 364  15070.00  21.5  31.2   2.2   .57    .0
  4 1985 365  15404.00  19.0  31.0   2.3   .57    .0
