*---------------------------------------------------------              
* Station name: La Lola                                                 
* Author: Atlantic Zone Project, AUW-MAG-CATIE, Costa Rica              
* Source: IMN, San Jose, Costa Rica                                     
*                                                                       
* Comments: Wind speed data lacking                                     
*                                                                       
*                                                                       
*                                                                       
* Longitude:  83 23 W, latitude:  10  6 N, altitude:  40 m.             
* Column  Daily value                                                   
*    1    station number                                                
*    2    year                                                          
*    3    month                                                         
*    4    day                                                           
*    5    julian date                                                   
*    6    irradiation            (cal cm-2 d-1)                         
*    7    minimum temperature    (degrees Celcius)                      
*    8    maximum temperature    (degrees Celcius)                      
*    9    vapor pressure at 0700 (mbar)                                 
*   10    vapor pressure at 1300 (mbar)                                 
*   11    vapor pressure at 1800 (mbar)                                 
*   12    mean wind speed        (kilometer per hour)                   
*   13    precipitation          (mm d-1)                               
*   14    sunshine hours         (hours)                                
* Missing value: -99                                                    
*---------------------------------------------------------              
*  data converted with WDC for CABO-format
*-------------------------------------------
  83.38  10.10    40.  .00  .00
  4 1974   1   8033.28  16.5  29.0   2.0   .62   1.0
  4 1974   2  13006.48  18.6  29.0   2.0   .62   7.6
  4 1974   3  10465.27  17.5  31.4   1.7   .62  42.9
  4 1974   4   7280.16  20.0  28.5   1.9   .62  11.2
  4 1974   5   8033.28  20.0  28.5   1.9   .62   6.6
  4 1974   6  10669.20  18.5  31.0   1.8   .62    .0
  4 1974   7   7204.37  17.4  30.0   1.6   .62   2.6
  4 1974   8   7429.98  19.5  29.0   2.0   .62  69.6
  4 1974   9   5899.44  20.5  28.5   2.2   .62  39.3
  4 1974  10   6703.15  20.5  28.5   1.8   .62  19.6
  4 1974  11   6930.48  19.5  28.0   1.9   .62   8.1
  4 1974  12  19581.12  20.0  28.0   1.9   .62  25.2
  4 1974  13   7405.68  20.5  28.0   2.0   .62  29.2
  4 1974  14   7907.76  17.5  29.0   1.8   .62  20.8
  4 1974  15   6768.78  18.5  30.8   1.9   .62    .0
  4 1974  16   9927.79  18.6  30.0   1.8   .62   7.2
  4 1974  17  17070.72  17.3  31.0   1.6   .62    .0
  4 1974  18  16933.38  17.2  31.5   1.8   .62    .8
  4 1974  19  17512.61  14.5  31.5   1.6   .62    .0
  4 1974  20  13430.64  14.8  31.3   1.5   .62    .0
  4 1974  21  16600.37  15.0  30.4   1.4   .62  16.5
  4 1974  22  12928.56  15.8  29.5   1.6   .62    .0
  4 1974  23  10292.64  17.0  30.5   1.8   .62   6.9
  4 1974  24   8453.43  18.0  28.6   1.7   .62   8.5
  4 1974  25  12552.00  14.8  29.5   1.6   .62   1.3
  4 1974  26  15815.52  17.2  31.5   1.6   .62   4.6
  4 1974  27   9037.44  18.0  30.0   1.9   .62    .0
  4 1974  28   7206.48  18.5  29.2   1.9   .61  14.3
  4 1974  29   7154.64  18.5  28.2   1.9   .61  10.2
  4 1974  30  11924.40  17.0  30.0   1.7   .61   9.5
  4 1974  31  10167.12  19.0  29.5   2.0   .61    .0
  4 1974  32  10167.12  15.0  29.0   1.6   .61    .0
  4 1974  33  12677.52  17.5  31.0   1.8   .61    .0
  4 1974  34  15187.92  15.8  31.5   1.5   .61    .0
  4 1974  35  16317.60  15.5  31.5   1.7   .61    .0
  4 1974  36   3765.60  18.5  30.5   1.7   .61  30.2
  4 1974  37  14309.28  16.5  30.0   1.8   .61   5.7
  4 1974  38  11171.28  16.5  29.5   1.6   .61    .0
  4 1974  39  14354.49  17.6  30.4   1.6   .61    .0
  4 1974  40  13430.64  15.0  30.8   1.4   .61    .0
  4 1974  41   4644.24  15.5  30.5   1.6   .61   5.9
  4 1974  42  15717.38  16.5  28.5   1.7   .61    .0
  4 1974  43   5773.92  15.0  26.8   1.7   .61  25.4
  4 1974  44   6778.08  15.5  28.6   1.6   .61   4.6
  4 1974  45  10292.64  16.5  27.8   1.6   .61    .1
  4 1974  46  14560.32  16.8  28.6   1.7   .61    .1
  4 1974  47  16250.89  17.5  29.6   1.6   .61    .0
  4 1974  48   5271.84  16.5  29.5   1.8   .61  31.3
  4 1974  49  10794.72  18.5  29.5   1.9   .61   2.9
  4 1974  50  12180.92  18.0  28.5   2.1   .61    .0
  4 1974  51  10669.20  17.5  30.5   1.7   .61    .6
  4 1974  52  10920.24  17.5  29.6   1.8   .61    .0
  4 1974  53  17522.76  17.5  31.0   2.1   .61    .0
  4 1974  54  15062.40  17.5  30.0   1.9   .61    .8
  4 1974  55  14560.32  17.8  30.5   1.9   .61    .6
  4 1974  56  11422.32  17.5  29.5   1.8   .65  12.7
  4 1974  57   8258.07  17.5  29.0   1.9   .65   6.8
  4 1974  58   8033.28  16.8  29.0   1.8   .65  44.2
  4 1974  59   5522.88  18.5  24.5   1.6   .65  21.0
  4 1974  60  11045.76  17.5  29.5   1.8   .65   8.3
  4 1974  61  15313.44  17.8  29.5   1.8   .65    .8
  4 1974  62  16819.68  17.5  30.5   1.9   .65  19.8
  4 1974  63  12175.44  20.0  30.5   1.9   .65   6.9
  4 1974  64  13305.12  20.0  30.4   1.9   .65    .0
  4 1974  65  11860.86  20.0  31.8   1.9   .65    .0
  4 1974  66  16066.56  19.0  31.8   1.9   .65    .5
  4 1974  67  10292.64  17.5  31.0   1.9   .65  18.6
  4 1974  68  13430.64  18.5  30.5   2.1   .65    .0
  4 1974  69  12677.52  19.0  30.5   1.8   .65   4.6
  4 1974  70   8849.54  19.5  27.5   1.9   .65   2.6
  4 1974  71  14936.88  19.8  30.4   1.9   .65   3.6
  4 1974  72  15564.48  19.8  31.0   1.8   .65   2.0
  4 1974  73  12928.56  19.6  31.8   1.9   .65  29.0
  4 1974  74  13054.08  20.0  30.5   2.0   .65   2.0
  4 1974  75  12426.48  19.5  31.0   1.9   .65   1.0
  4 1974  76  11422.32  19.5  31.8   2.0   .65   9.1
  4 1974  77  17278.37  16.5  30.0   1.6   .65    .0
  4 1974  78  19079.04  17.5  30.0   2.0   .65    .0
  4 1974  79  18766.61  17.8  31.0   1.7   .65   3.0
  4 1974  80  16850.55  19.5  31.0   2.0   .65  13.2
  4 1974  81   9244.11  17.7  31.0   1.9   .65    .3
  4 1974  82  15187.92  18.5  30.5   1.8   .65    .0
  4 1974  83  13556.16  17.5  30.5   1.8   .65    .0
  4 1974  84   9414.00  17.5  30.0   1.9   .65   6.6
  4 1974  85  17698.32  17.5  30.8   2.0   .65   4.6
  4 1974  86  10543.68  17.4  30.5   1.9   .65   1.7
  4 1974  87  10669.20  16.5  30.5   1.8   .65    .0
  4 1974  88  18074.88  16.8  31.0   1.8   .65    .0
  4 1974  89  18426.39  16.5  30.5   1.7   .65    .0
  4 1974  90  13932.72  19.5  31.0   2.0   .65    .1
  4 1974  91  10920.24  19.0  29.5   1.9   .64    .3
  4 1974  92  10920.24  19.0  30.0   2.5   .64    .0
  4 1974  93  16066.56  19.0  31.5   1.9   .64    .8
  4 1974  94  13681.68  19.2  31.0   1.9   .64    .0
  4 1974  95  11924.40  18.5  31.0   2.1   .64    .0
  4 1974  96  12426.48  19.0  30.4   1.8   .64   7.7
  4 1974  97  15690.00  17.5  31.5   1.8   .64    .0
  4 1974  98  14936.88  19.5  30.0   1.9   .64    .0
  4 1974  99  16945.20  18.0  31.0   1.9   .64    .0
  4 1974 100  18828.00  18.0  32.0   1.7   .64   1.5
  4 1974 101  15438.96  18.5  31.0   1.9   .64    .0
  4 1974 102  10418.16  19.5  31.0   2.0   .64    .0
  4 1974 103  15313.44  19.8  31.0   2.0   .64    .0
  4 1974 104  12049.92  20.0  31.0   2.0   .64   2.5
  4 1974 105   8660.88  20.0  30.0   2.1   .64   4.1
  4 1974 106   5773.92  19.0  27.8   1.9   .64  19.6
  4 1974 107   9162.96  20.8  31.0   1.8   .64    .3
  4 1974 108   7531.20  21.0  27.0   2.0   .64   3.8
  4 1974 109  16396.38  20.5  29.0   1.7   .64   6.5
  4 1974 110  13305.12  20.5  29.9   2.0   .64   5.9
  4 1974 111  11422.32  20.5  30.5   2.0   .64   9.6
  4 1974 112   8284.32  20.0  29.5   2.1   .64 153.2
  4 1974 113  11045.76  20.5  30.4   2.0   .64   8.1
  4 1974 114  13681.68  18.0  30.5   2.0   .64   6.1
  4 1974 115  17823.84  19.5  30.0   2.0   .64    .0
  4 1974 116   3514.56  18.0  24.0   2.1   .64  60.5
  4 1974 117  13807.20  21.0  31.0   2.1   .64  15.1
  4 1974 118   8786.40  20.3  29.8   1.9   .64    .3
  4 1974 119  12928.56  20.5  31.0   1.9   .59    .0
  4 1974 120   5146.32  20.8  26.8   1.9   .59  50.7
  4 1974 121  10041.60  20.0  30.0   2.0   .59    .3
  4 1974 122  19865.36  20.5  32.0   2.1   .59    .0
  4 1974 123   5899.44  20.0  31.5   2.0   .59    .0
  4 1974 124  11422.32  20.0  31.5   1.9   .59    .0
  4 1974 125  12426.48  20.5  31.5   2.0   .59    .0
  4 1974 126  12192.54  21.5  32.5   2.0   .59    .2
  4 1974 127  14309.28  21.0  33.3   2.0   .59    .0
  4 1974 128  18225.85  21.0  32.8   1.9   .59    .0
  4 1974 129  15564.48  20.0  33.0   1.9   .59    .0
  4 1974 130  18074.88  21.0  33.0   1.8   .59    .0
  4 1974 131  15564.48  21.5  33.0   2.1   .59    .0
  4 1974 132  14183.76  20.8  32.5   2.1   .59    .0
  4 1974 133   8786.40  21.5  31.0   2.1   .59    .0
  4 1974 134  13556.16  17.5  31.0   2.1   .59   1.5
  4 1974 135  10418.16  18.5  31.9   2.0   .59   1.8
  4 1974 136  15941.04  17.5  32.4   2.0   .59    .2
  4 1974 137   9539.52  18.0  30.0   2.1   .59   8.8
  4 1974 138  15954.32  17.5  32.2   2.0   .59   6.0
  4 1974 139  20627.68  19.5  31.5   2.1   .59   9.3
  4 1974 140  18501.89  20.5  32.0   2.2   .59   3.4
  4 1974 141  12552.00  20.5  32.0   2.2   .59    .0
  4 1974 142   9037.44  20.5  32.0   2.2   .59  39.6
  4 1974 143  14895.04  20.0  32.9   2.1   .59    .3
  4 1974 144  15872.99  20.5  29.6   2.2   .59   1.5
  4 1974 145   7531.20  20.5  30.5   1.7   .59  16.5
  4 1974 146  14936.88  20.0  31.5   1.9   .59    .0
  4 1974 147   9288.48  20.2  29.0   1.9   .59    .0
  4 1974 148  12687.82  20.5  32.2   2.1   .59    .0
  4 1974 149  20100.69  20.5  30.3   2.3   .59   5.3
  4 1974 150  17883.46  20.0  26.5   2.1   .59   7.3
  4 1974 151  14058.24  20.0  30.5   2.2   .59  17.1
  4 1974 152  17509.95  20.3  31.5   2.0   .59  20.7
  4 1974 153   6652.56  20.8  31.0   2.0   .59   7.1
  4 1974 154   8941.39  20.0  29.0   1.9   .51    .1
  4 1974 155  11547.84  20.5  31.5   2.1   .51   2.4
  4 1974 156   9916.08  21.0  31.5   2.2   .51   2.2
  4 1974 157  11045.76  21.5  31.0   2.1   .51   7.3
  4 1974 158   8117.35  21.0  28.0   2.2   .51   2.5
  4 1974 159   9665.04  21.5  31.0   2.1   .51    .1
  4 1974 160  15123.67  21.5  31.0   2.1   .51  30.2
  4 1974 161  12049.92  21.5  31.0   2.3   .51   2.1
  4 1974 162  12552.00  19.0  31.0   2.1   .51  24.4
  4 1974 163   7531.20  21.5  28.5   2.1   .51  12.8
  4 1974 164  11196.29  21.0  29.5   2.0   .51   4.2
  4 1974 165   8210.83  21.0  29.5   2.1   .51  15.9
  4 1974 166   5899.44  21.5  30.0   2.0   .51    .0
  4 1974 167  12677.52  21.5  31.5   2.2   .51  19.6
  4 1974 168   6903.60  20.5  30.0   2.0   .51   2.3
  4 1974 169   8660.88  19.0  31.0   1.9   .51    .0
  4 1974 170   9288.48  21.5  31.0   2.1   .51    .0
  4 1974 171  10920.24  20.5  31.5   2.1   .51    .6
  4 1974 172   8033.28  21.5  30.0   2.0   .51    .0
  4 1974 173   6527.04  20.5  29.5   2.1   .51  10.2
  4 1974 174  16945.20  21.0  32.8   2.2   .51    .0
  4 1974 175  15979.38  21.5  32.0   2.1   .51  13.8
  4 1974 176  14377.16  21.0  31.5   2.0   .51    .0
  4 1974 177  12049.92  20.5  31.5   2.0   .51    .3
  4 1974 178  10669.20  21.5  30.0   2.0   .51  34.6
  4 1974 179  13556.16  20.5  32.3   2.0   .51   1.5
  4 1974 180   9687.08  19.5  30.0   2.0   .51   3.0
  4 1974 181  11045.76  19.8  31.0   2.1   .51    .7
  4 1974 182  11045.76  20.0  30.0   2.0   .52   3.3
  4 1974 183  14309.28  20.5  32.9   2.1   .52    .0
  4 1974 184   7859.30  20.5  32.4   2.1   .52   1.3
  4 1974 185   3640.08  20.5  29.5   2.2   .52  47.5
  4 1974 186   1631.76  19.0  27.5   1.9   .52  51.8
  4 1974 187  13932.72  20.5  30.5   1.9   .52    .1
  4 1974 188  14058.24  20.5  32.0   1.9   .52    .0
  4 1974 189   5397.36  20.5  31.0   2.0   .52  20.6
  4 1974 190  14183.76  20.5  32.5   2.1   .52   4.8
  4 1974 191   7873.42  19.0  32.0   2.0   .52 141.5
  4 1974 192   9539.52  19.0  30.0   2.0   .52   1.0
  4 1974 193  14434.80  20.0  31.0   2.2   .52    .3
  4 1974 194   3765.60  20.0  26.0   1.9   .52  24.5
  4 1974 195   7907.76  20.5  27.5   1.7   .52    .9
  4 1974 196  11924.40  21.0  32.2   1.9   .52   1.3
  4 1974 197  15187.92  20.0  30.0   1.8   .52   5.8
  4 1974 198  16317.60  19.0  32.6   1.8   .52    .0
  4 1974 199   7907.76  19.0  30.0   1.9   .52    .9
  4 1974 200   9037.44  19.0  31.5   1.8   .52    .0
  4 1974 201  14685.84  19.8  31.0   1.9   .52    .0
  4 1974 202  15313.44  20.5  31.0   1.9   .52    .0
  4 1974 203  12300.96  20.5  31.0   2.0   .52    .2
  4 1974 204  17447.28  20.0  32.7   2.2   .52   3.8
  4 1974 205  15438.96  20.5  32.0   2.2   .52    .0
  4 1974 206   8284.32  20.5  30.6   2.1   .52   1.5
  4 1974 207   3012.48  20.5  28.5   2.1   .52  24.1
  4 1974 208   7280.16  20.5  28.5   1.9   .52   2.8
  4 1974 209   5522.88  21.5  28.5   2.0   .52  44.5
  4 1974 210  12845.49  21.5  28.5   2.0   .53  14.7
  4 1974 211  15310.75  19.5  31.0   1.9   .53    .0
  4 1974 212   8033.28  19.5  31.0   2.0   .53    .3
  4 1974 213   7029.12  20.3  28.5   2.0   .53   4.9
  4 1974 214   9790.56  20.0  28.5   2.2   .53   8.9
  4 1974 215  14560.32  20.5  32.7   2.0   .53    .0
  4 1974 216   5522.88  21.0  28.5   2.0   .53   3.0
  4 1974 217   2510.40  21.0  28.5   2.1   .53  56.6
  4 1974 218   9288.48  20.5  30.5   2.1   .53   8.8
  4 1974 219   8535.36  20.0  30.0   2.0   .53  24.4
  4 1974 220   2133.84  20.0  28.5   2.0   .53  34.4
  4 1974 221  17302.41  20.0  32.7   2.3   .53   7.4
  4 1974 222   8445.26  20.5  28.0   2.1   .53    .8
  4 1974 223   9665.04  21.5  31.0   2.1   .53  14.2
  4 1974 224  10167.12  20.5  30.0   2.0   .53  21.1
  4 1974 225  14973.08  21.5  32.6   2.1   .53    .2
  4 1974 226  13305.12  20.5  32.7   2.0   .53    .0
  4 1974 227  13807.20  21.0  32.7   2.0   .53    .0
  4 1974 228  13932.72  22.0  31.5   2.3   .53   1.3
  4 1974 229   9037.44  20.5  30.0   2.2   .53  54.6
  4 1974 230   7531.20  20.0  30.0   2.2   .53  64.5
  4 1974 231   7907.76  21.5  29.0   2.1   .53  47.5
  4 1974 232   9288.48  22.5  31.3   2.1   .53  32.0
  4 1974 233   6401.52  20.0  26.8   2.0   .53   1.4
  4 1974 234   4769.76  22.0  28.6   2.1   .53  15.8
  4 1974 235   7154.64  21.0  31.0   1.9   .53  12.9
  4 1974 236   7656.72  21.5  30.5   2.2   .53   4.6
  4 1974 237   8535.36  19.0  30.5   2.0   .53    .8
  4 1974 238  19228.08  19.8  32.9   2.0   .53    .0
  4 1974 239  11422.32  19.5  31.0   2.2   .53   3.0
  4 1974 240  11330.26  20.5  32.0   2.1   .53    .5
  4 1974 241  15690.00  20.5  32.2   2.1   .53    .0
  4 1974 242  15643.40  20.0  32.0   2.0   .53    .0
  4 1974 243  11798.88  20.5  31.0   1.7   .53    .0
  4 1974 244  11204.00  20.5  31.0   2.1   .53   4.6
  4 1974 245  15400.79  21.5  32.4   2.3   .56   7.6
  4 1974 246  11798.09  20.5  29.5   2.0   .56    .0
  4 1974 247  14555.44  20.0  30.8   1.9   .56    .0
  4 1974 248  13831.43  19.6  32.0   2.2   .56    .0
  4 1974 249  12426.48  20.5  32.0   2.2   .56   1.5
  4 1974 250  19946.31  20.5  32.0   2.1   .56    .2
  4 1974 251  14777.21  21.5  32.0   2.0   .56    .0
  4 1974 252  15313.44  21.0  32.0   2.1   .56    .0
  4 1974 253   8039.75  21.0  33.5   2.1   .56    .0
  4 1974 254   6401.52  21.0  31.0   2.1   .56   3.6
  4 1974 255  16068.89  20.5  32.5   2.0   .56    .2
  4 1974 256  12819.05  20.0  32.0   1.9   .56  22.0
  4 1974 257  18809.77  19.8  32.0   1.8   .56    .0
  4 1974 258   8409.84  20.0  32.5   1.9   .56    .0
  4 1974 259  15907.90  20.0  32.0   2.0   .56   3.8
  4 1974 260  19372.28  20.0  33.0   2.0   .56    .0
  4 1974 261   7974.42  19.5  32.0   1.9   .56    .0
  4 1974 262  11677.47  19.5  31.5   1.6   .56   1.6
  4 1974 263  16453.67  20.0  33.6   2.2   .56    .6
  4 1974 264  12490.15  20.0  29.0   2.0   .56   3.2
  4 1974 265  18933.08  18.0  32.9   1.9   .56    .0
  4 1974 266  12175.44  20.2  32.0   2.0   .56    .0
  4 1974 267  13430.64  20.0  32.5   1.9   .56    .0
  4 1974 268   9790.56  19.0  32.0   2.1   .56    .1
  4 1974 269  13932.72  19.0  32.0   2.1   .56    .0
  4 1974 270   8158.80  19.0  32.0   2.1   .56   1.2
  4 1974 271   8409.84  21.5  31.8   2.1   .56    .0
  4 1974 272  12677.52  21.0  31.5   1.9   .56   1.3
  4 1974 273  10794.72  21.0  31.5   1.9   .57    .3
  4 1974 274   3138.00  21.5  31.0   2.0   .57    .0
  4 1974 275  12175.44  20.0  29.7   1.9   .57   3.3
  4 1974 276  14685.84  19.0  31.4   2.0   .57    .8
  4 1974 277  13179.60  19.8  31.5   2.1   .57    .0
  4 1974 278  16317.60  19.2  32.0   2.1   .57    .0
  4 1974 279  11422.32  20.0  33.0   2.1   .57    .0
  4 1974 280   8033.28  20.0  32.0   2.0   .57   2.3
  4 1974 281  10167.12  20.0  30.0   1.8   .57   1.0
  4 1974 282   5899.44  18.0  31.0   1.9   .57   5.1
  4 1974 283   6024.96  19.8  29.0   1.9   .57    .0
  4 1974 284  12928.56  20.0  32.3   1.9   .57  25.4
  4 1974 285  13260.41  20.0  32.0   1.9   .57    .2
  4 1974 286   7510.54  20.0  25.5   2.0   .57  20.8
  4 1974 287  12928.56  19.0  32.0   2.0   .57    .0
  4 1974 288  11422.32  18.5  31.0   2.1   .57    .3
  4 1974 289   8284.32  18.0  30.0   1.9   .57    .0
  4 1974 290   8786.40  19.5  30.8   2.0   .57   3.7
  4 1974 291   8409.84  21.5  32.0   2.0   .57  12.0
  4 1974 292  12552.00  22.0  28.0   1.9   .57  22.1
  4 1974 293   4016.64  22.0  26.0   2.1   .57   4.6
  4 1974 294   7154.64  21.5  28.0   2.0   .57  10.6
  4 1974 295   7347.91  18.5  27.0   2.0   .57  14.7
  4 1974 296   4518.72  21.5  27.5   2.0   .57  16.0
  4 1974 297  10418.16  19.5  29.5   2.0   .57  20.9
  4 1974 298   7656.72  20.0  28.6   2.0   .57  73.7
  4 1974 299  10041.60  20.5  29.0   2.1   .57    .0
  4 1974 300  11045.76  20.5  30.5   2.1   .57    .0
  4 1974 301  13807.20  19.5  31.5   1.9   .57   1.4
  4 1974 302  11529.98  19.5  30.5   2.1   .57   3.4
  4 1974 303   9122.74  18.9  30.0   1.9   .57    .0
  4 1974 304   7907.76  18.0  31.0   1.9   .57   9.7
  4 1974 305  13054.08  18.0  31.0   2.2   .57  14.7
  4 1974 306   5648.40  20.5  29.0   2.0   .57  10.2
  4 1974 307   9916.08  21.5  30.5   2.0   .57   1.8
  4 1974 308  13556.16  20.0  30.5   1.7   .55    .7
  4 1974 309  17832.92  20.0  32.3   1.8   .55    .0
  4 1974 310  14328.36  19.0  32.0   2.0   .55    .8
  4 1974 311   8786.40  19.5  30.3   1.8   .55   6.6
  4 1974 312   5271.84  19.0  31.5   1.9   .55  11.7
  4 1974 313   7008.92  19.0  28.5   1.9   .55   4.2
  4 1974 314  12426.48  18.5  32.3   1.8   .55    .0
  4 1974 315   5397.36  20.0  28.5   1.9   .55   1.6
  4 1974 316   5397.36  19.5  28.8   1.8   .55   1.0
  4 1974 317   8260.62  19.0  28.0   1.9   .55    .0
  4 1974 318  10221.22  20.0  30.7   1.8   .55    .0
  4 1974 319   6778.08  20.6  29.0   1.8   .55  13.5
  4 1974 320  10167.12  19.8  29.5   1.8   .55    .0
  4 1974 321  15951.02  19.0  31.5   2.0   .55    .0
  4 1974 322   8492.47  19.8  30.6   2.0   .55   7.7
  4 1974 323  11673.36  19.5  32.0   1.9   .55    .0
  4 1974 324   4267.68  19.5  27.0   1.9   .55  23.1
  4 1974 325  14194.67  18.0  31.0   1.9   .55    .0
  4 1974 326   3640.08  21.0  30.5   2.0   .55  13.0
  4 1974 327  10669.20  20.0  30.5   1.8   .55  24.7
  4 1974 328   8158.80  20.5  31.2   2.2   .55  18.0
  4 1974 329  13681.68  22.0  28.0   2.1   .55  10.2
  4 1974 330   6737.84  23.5  29.5   2.0   .55  96.0
  4 1974 331   6725.04  20.5  27.8   1.6   .55  85.1
  4 1974 332   2259.36  20.5  26.8   1.8   .55  27.9
  4 1974 333  10543.68  21.0  31.0   2.1   .55    .2
  4 1974 334   9790.56  22.0  32.0   2.0   .55    .0
  4 1974 335   3891.12  21.0  26.0   2.0   .55  17.3
  4 1974 336  12118.57  22.0  29.6   2.1   .57  23.7
  4 1974 337   5522.88  21.0  24.5   1.9   .57 128.0
  4 1974 338   4016.64  20.0  26.0   1.9   .57  42.4
  4 1974 339   7405.68  21.0  26.2   2.0   .57  53.9
  4 1974 340  10167.12  21.0  27.5   1.9   .57    .8
  4 1974 341  11088.38  20.5  28.0   1.9   .57    .0
  4 1974 342   7405.68  18.5  29.0   1.9   .57    .6
  4 1974 343  14309.28  18.5  32.1   2.0   .57    .0
  4 1974 344   9414.00  18.5  30.5   1.7   .57   1.3
  4 1974 345  14309.28  17.5  33.2   1.7   .57   2.3
  4 1974 346   5899.44  16.8  30.0   1.7   .57  10.2
  4 1974 347  10293.10  17.0  29.0   2.0   .57   5.1
  4 1974 348  12803.04  17.5  32.5   1.7   .57    .0
  4 1974 349   9665.04  20.0  31.0   2.0   .57   3.3
  4 1974 350   7280.16  19.5  30.0   2.0   .57   2.0
  4 1974 351  12300.96  18.0  30.5   1.7   .57   6.1
  4 1974 352  13305.12  21.0  31.0   2.0   .57    .0
  4 1974 353  13232.04  17.5  30.5   1.7   .57    .0
  4 1974 354  12280.40  20.0  31.0   2.0   .57    .3
  4 1974 355  13549.43  18.5  31.0   1.8   .57   3.3
  4 1974 356  11225.59  21.0  31.5   1.9   .57   9.7
  4 1974 357  13025.56  20.5  30.0   1.9   .57  10.4
  4 1974 358   6527.04  19.5  30.5   1.8   .57   7.7
  4 1974 359   4393.20  20.0  27.0   1.9   .57   3.5
  4 1974 360  14058.24  19.5  29.8   1.8   .57    .0
  4 1974 361  11296.80  18.5  32.3   1.7   .57   1.5
  4 1974 362   8535.36  19.5  30.0   1.8   .57   2.0
  4 1974 363  14434.80  18.0  31.0   1.7   .57    .0
  4 1974 364   9414.00  18.0  30.5   1.8   .57    .0
  4 1974 365  11171.28  18.5  31.0   1.8   .57    .5
