*---------------------------------------------------------              
* Station name: La Lola                                                 
* Author: Atlantic Zone Project, AUW-MAG-CATIE, Costa Rica              
* Source: IMN, San Jose, Costa Rica                                     
*                                                                       
* Comments: Wind speed data lacking                                     
*           Check unit (and conversion factor) of SR                    
*           No SR and SSH for Oct until Dec                             
*                                                                       
* Longitude:  83 23 W, latitude:  10  6 N, altitude:  40 m.             
* Column  Daily value                                                   
*    1    station number                                                
*    2    year                                                          
*    3    month                                                         
*    4    day                                                           
*    5    julian date                                                   
*    6    irradiation            (1000 * MJ m-2 d-1)                    
*    7    minimum temperature    (degrees Celcius)                      
*    8    maximum temperature    (degrees Celcius)                      
*    9    vapor pressure at 0700 (mbar)                                 
*   10    vapor pressure at 1300 (mbar)                                 
*   11    vapor pressure at 1800 (mbar)                                 
*   12    mean wind speed        (kilometer per hour)                   
*   13    precipitation          (mm d-1)                               
*   14    sunshine hours         (hours)                                
* Missing value: -99                                                    
*---------------------------------------------------------              
*  data converted with WDC for CABO-format
*-------------------------------------------
  83.38  10.10    40.  .00  .00
  4 1984   1   4019.00  20.0  25.0   2.5   .62 171.5
  4 1984   2   3056.00  21.0  28.5   2.4   .62  42.4
  4 1984   3   2846.00  20.4  25.0   2.6   .62  56.6
  4 1984   4   7919.67  20.0  28.0   2.5   .62  38.2
  4 1984   5   4437.00  20.0  25.0   2.5   .62  35.2
  4 1984   6   6781.00  19.0  25.0   2.4   .62  12.2
  4 1984   7   8594.96  20.0  30.5   2.4   .62   8.4
  4 1984   8   7702.00  19.5  27.0   2.3   .62   5.3
  4 1984   9  13395.00  18.0  31.0   2.3   .62    .0
  4 1984  10  17246.00  17.0  31.0   1.9   .62    .0
  4 1984  11  13144.00  17.0  31.5   2.3   .62  39.1
  4 1984  12  14400.00  20.0  30.0   2.5   .62    .0
  4 1984  13  16618.00  17.0  31.0   2.3   .62    .0
  4 1984  14  10507.00  16.0  30.4   2.3   .62    .0
  4 1984  15  14567.00  16.0  31.0   2.3   .62    .0
  4 1984  16  12851.00  17.0  30.5   2.5   .62    .7
  4 1984  17  12098.00  19.0  30.5   2.5   .62    .9
  4 1984  18  14735.00  18.0  31.0   2.3   .62   5.8
  4 1984  19   7660.00  21.0  29.0   2.8   .62  80.0
  4 1984  20  10591.00  18.5  29.5   2.4   .62   4.2
  4 1984  21   8707.00  18.5  26.5   2.5   .62   5.7
  4 1984  22  13772.00  18.5  30.0   2.4   .62  11.2
  4 1984  23  14065.00  19.5  30.5   2.6   .62   2.4
  4 1984  24  19046.00  16.0  30.5   2.7   .62    .0
  4 1984  25  16702.00  17.0  31.0   2.2   .62    .0
  4 1984  26  11637.00  18.5  30.0   2.4   .62    .0
  4 1984  27  11930.00  17.5  29.5   2.2   .62    .0
  4 1984  28  16325.00  18.0  31.0   2.2   .61    .0
  4 1984  29  10256.00  18.0  29.5   2.4   .61   2.8
  4 1984  30   9586.00  21.0  29.0   2.5   .61    .0
  4 1984  31  11888.00  17.0  28.0   2.2   .61   1.5
  4 1984  32  17916.00  21.0  31.7   2.5   .61    .0
  4 1984  33  11386.00  16.5  29.5   2.4   .61    .0
  4 1984  34  12642.00  18.0  30.0   2.5   .61   1.7
  4 1984  35  18084.00  18.0  32.0   2.5   .61    .0
  4 1984  36  14023.00  19.0  31.0   2.4   .61    .0
  4 1984  37  14484.00  18.5  30.5   2.4   .61   7.9
  4 1984  38  10758.00  20.0  30.5   2.5   .61   3.4
  4 1984  39  16325.00  20.0  30.0   2.7   .61   3.6
  4 1984  40  16325.00  17.0  31.5   2.2   .61    .0
  4 1984  41  16493.00  19.5  30.0   2.3   .61   2.0
  4 1984  42  15614.00  18.0  31.5   2.3   .61   3.8
  4 1984  43   9921.00  20.6  31.5   2.4   .61    .0
  4 1984  44   9963.00  18.0  31.0   2.4   .61    .0
  4 1984  45  13186.00  18.0  30.0   2.5   .61    .0
  4 1984  46  16870.00  18.5  30.0   2.3   .61    .0
  4 1984  47  19465.00  18.0  31.5   2.4   .61    .0
  4 1984  48  17246.00  19.0  31.0   2.6   .61    .0
  4 1984  49  19172.00  17.0  31.5   2.2   .61    .0
  4 1984  50  18502.00  19.0  32.0   2.3   .61    .0
  4 1984  51  13186.00  18.0  32.5   2.5   .61    .3
  4 1984  52  13228.00  20.0  30.5   2.6   .61  54.9
  4 1984  53  14149.00  22.2  30.5   2.8   .61  10.3
  4 1984  54  12139.00  21.0  30.0   2.6   .61   7.1
  4 1984  55  13102.00  20.0  30.0   2.4   .61   6.9
  4 1984  56   5860.00  21.0  26.5   2.7   .65  37.4
  4 1984  57   7032.00  20.8  28.5   2.5   .65   7.1
  4 1984  58  14944.00  21.0  31.0   2.7   .65    .0
  4 1984  59   8288.00  21.5  31.0   2.8   .65  60.2
  4 1984  60   5484.00  18.0  22.0   2.2   .65  56.4
  4 1984  61   7326.00  18.0  27.0   2.3   .65  19.8
  4 1984  62  20637.00  20.0  30.5   2.5   .65    .0
  4 1984  63  16995.00  21.0  35.0   2.5   .65    .0
  4 1984  64  17246.00  18.0  31.5   2.6   .65    .2
  4 1984  65  10632.00  21.5  30.0   2.7   .65   4.3
  4 1984  66  13353.00  20.5  30.5   2.6   .65    .0
  4 1984  67  10381.00  21.0  30.5   2.7   .65   2.8
  4 1984  68  10423.00  21.0  30.0   2.6   .65    .0
  4 1984  69  17204.00  18.0  30.5   2.7   .65   5.3
  4 1984  70  14316.00  18.0  29.0   2.6   .65    .0
  4 1984  71  23442.00  20.0  31.0   2.6   .65    .0
  4 1984  72  18251.00  19.0  30.5   2.4   .65    .0
  4 1984  73  19549.00  18.0  31.0   2.5   .65   1.1
  4 1984  74  14316.00  19.5  31.0   2.7   .65  11.7
  4 1984  75  10884.00  21.0  30.0   2.5   .65   1.0
  4 1984  76  22939.00  17.0  31.5   2.2   .65    .0
  4 1984  77  22437.00  18.0  31.5   2.5   .65    .0
  4 1984  78  21474.00  18.0  31.0   2.5   .65    .0
  4 1984  79  19612.52  18.0  31.0   2.5   .65    .0
  4 1984  80  19027.21  18.0  31.2   2.5   .65    .0
  4 1984  81  18000.00  19.0  31.0   2.5   .65    .0
  4 1984  82  15572.00  19.0  31.0   2.7   .65    .0
  4 1984  83  15907.00  20.0  31.5   2.6   .65    .0
  4 1984  84  17456.00  19.0  31.5   2.6   .65    .0
  4 1984  85  15028.00  19.0  31.0   2.5   .65    .0
  4 1984  86  12056.00  21.0  31.0   2.9   .65    .0
  4 1984  87  12684.00  19.0  31.0   2.7   .65    .0
  4 1984  88  16409.00  20.5  32.0   2.9   .65    .0
  4 1984  89  19842.00  21.0  34.0   2.9   .65    .0
  4 1984  90  16618.00  20.0  32.5   2.7   .65    .0
  4 1984  91   7116.00  22.0  29.0   2.9   .64  15.2
  4 1984  92  17665.00  19.0  31.0   2.4   .64    .0
  4 1984  93  17163.00  20.0  31.5   2.5   .64    .9
  4 1984  94  21097.00  19.0  31.0   2.5   .64    .0
  4 1984  95  14023.00  20.0  31.5   2.7   .64   3.6
  4 1984  96  14609.00  23.0  31.5   2.9   .64    .0
  4 1984  97  20595.00  20.5  31.0   2.7   .64    .0
  4 1984  98  20135.00  20.0  31.4   2.7   .64    .0
  4 1984  99  15781.00  21.0  31.5   2.7   .64   2.0
  4 1984 100  21432.00  21.5  32.0   2.9   .64    .0
  4 1984 101  19507.00  22.0  33.5   3.0   .64    .0
  4 1984 102  17246.00  21.0  33.0   2.7   .64    .0
  4 1984 103  18795.00  23.5  35.6   2.9   .64    .0
  4 1984 104  14777.00  23.5  34.0   2.9   .64    .0
  4 1984 105  17498.00  21.5  34.0   2.6   .64    .3
  4 1984 106  14715.84  21.5  33.0   2.6   .64    .0
  4 1984 107  17288.00  22.5  34.0   2.9   .64    .0
  4 1984 108  12139.00  20.0  28.0   2.6   .64  53.2
  4 1984 109  10800.00  21.5  31.0   2.6   .64    .8
  4 1984 110  20763.00  21.5  32.0   2.7   .64    .0
  4 1984 111  19967.00  19.0  34.0   2.4   .64    .0
  4 1984 112  16828.00  19.0  32.0   2.5   .64    .0
  4 1984 113  15698.00  19.8  32.0   2.6   .64    .0
  4 1984 114  13604.00  23.0  31.5   2.8   .64    .0
  4 1984 115  14818.00  22.0  31.8   2.9   .64    .0
  4 1984 116  19800.00  19.5  32.5   2.6   .64    .8
  4 1984 117  12432.00  22.0  31.5   3.0   .64   4.3
  4 1984 118  18502.00  20.5  32.0   2.8   .64    .0
  4 1984 119  20135.00  19.0  33.0   2.9   .59    .0
  4 1984 120  17958.00  21.0  33.0   2.9   .59    .0
  4 1984 121  20470.00  20.0  32.0   2.8   .59    .0
  4 1984 122  17700.00  20.0  30.0   2.6   .59   2.5
  4 1984 123  15300.00  20.0  30.0   2.8   .59    .0
  4 1984 124  22600.00  20.0  34.0   2.8   .59    .0
  4 1984 125  20200.00  21.0  33.0   2.8   .59    .0
  4 1984 126  14400.00  20.0  33.2   2.5   .59   6.4
  4 1984 127  11100.00  23.0  31.5   2.6   .59  26.9
  4 1984 128   6900.00  24.0  31.5   3.1   .59  24.9
  4 1984 129   7800.00  23.0  28.0   3.0   .59  20.8
  4 1984 130  16900.00  22.0  32.0   2.8   .59    .0
  4 1984 131  21900.00  19.5  33.0   2.8   .59    .0
  4 1984 132  13200.00  21.0  30.0   2.5   .59    .6
  4 1984 133   4500.00  22.0  28.0   2.6   .59  37.6
  4 1984 134   7200.00  21.0  30.0   2.6   .59  26.9
  4 1984 135  18200.00  19.0  30.0   2.5   .59   1.0
  4 1984 136  21600.00  18.5  31.0   2.7   .59    .0
  4 1984 137  15700.00  19.5  32.0   2.7   .59    .0
  4 1984 138  16300.00  20.5  31.0   2.7   .59  44.2
  4 1984 139  12400.00  22.0  31.0   2.6   .59  83.4
  4 1984 140   2500.00  22.6  31.5   2.6   .59  11.5
  4 1984 141  19500.00  22.5  32.0   2.5   .59   8.9
  4 1984 142   7700.00  22.0  30.0   3.0   .59   3.5
  4 1984 143  12200.00  23.0  31.5   3.0   .59  14.0
  4 1984 144  14900.00  22.0  31.0   2.9   .59   5.9
  4 1984 145   4700.00  22.0  27.5   2.8   .59   9.4
  4 1984 146  13500.00  20.5  31.0   2.9   .59   3.1
  4 1984 147  13100.00  20.5  30.0   3.0   .59   3.3
  4 1984 148  15100.00  21.0  30.5   2.8   .59  12.7
  4 1984 149  20700.00  21.0  32.4   2.7   .59    .0
  4 1984 150  19700.00  21.0  32.4   2.8   .59   4.3
  4 1984 151   9200.00  21.0  33.0   2.9   .59    .0
  4 1984 152  14300.00  23.0  32.0   2.9   .59   6.1
  4 1984 153  19884.00  21.5  33.0   2.8   .59    .0
  4 1984 154  15781.00  22.0  35.0   2.9   .51   3.8
  4 1984 155  18335.00  21.0  34.0   2.9   .51    .0
  4 1984 156  24111.00  21.0  34.0   2.7   .51    .0
  4 1984 157   8330.00  21.0  30.6   2.8   .51   1.0
  4 1984 158   7953.00  20.5  29.0   2.7   .51   4.9
  4 1984 159   9921.00  22.0  30.0   2.9   .51  24.2
  4 1984 160  17623.00  20.5  33.0   2.9   .51    .0
  4 1984 161  21642.00  22.0  34.0   2.7   .51    .0
  4 1984 162  16242.00  22.0  32.0   2.7   .51   7.4
  4 1984 163  15446.00  23.0  34.0   2.7   .51    .0
  4 1984 164   6028.00  22.0  28.0   2.9   .51  23.6
  4 1984 165  14651.00  22.0  30.0   2.8   .51   1.8
  4 1984 166  14232.00  22.0  32.5   2.8   .51   8.1
  4 1984 167  10884.00  23.0  30.0   2.9   .51   5.4
  4 1984 168  16284.00  23.0  33.0   3.1   .51   6.4
  4 1984 169   9125.00  22.8  31.0   2.8   .51  11.1
  4 1984 170   6153.00  23.0  30.8   2.9   .51    .0
  4 1984 171  14232.00  23.0  33.5   2.9   .51    .3
  4 1984 172   7619.00  22.5  33.5   2.7   .51  27.6
  4 1984 173  11428.00  22.0  29.5   2.6   .51  12.7
  4 1984 174   7577.00  22.0  29.0   2.6   .51  12.0
  4 1984 175   9209.00  21.5  29.0   2.6   .51   4.3
  4 1984 176   9753.00  22.0  30.0   2.6   .51  14.5
  4 1984 177   5777.00  20.0  27.6   2.5   .51  23.5
  4 1984 178  24656.00  20.0  32.5   2.6   .51    .0
  4 1984 179  10549.00  21.0  31.5   2.8   .51   3.8
  4 1984 180  17037.00  21.0  32.0   2.8   .51    .0
  4 1984 181   8372.00  22.0  27.5   2.7   .51  43.2
  4 1984 182  13521.00  21.5  30.0   2.9   .52  18.0
  4 1984 183  10591.00  20.5  30.0   2.6   .52   1.1
  4 1984 184  11302.00  22.0  30.0   2.8   .52   2.8
  4 1984 185  15698.00  19.5  30.0   2.7   .52    .5
  4 1984 186  17037.00  21.5  31.5   2.8   .52    .2
  4 1984 187  14484.00  21.5  28.0   2.5   .52   2.0
  4 1984 188  11177.00  22.0  30.0   2.7   .52    .0
  4 1984 189  15991.00  21.5  31.5   2.9   .52    .0
  4 1984 190  15446.00  20.0  32.5   2.8   .52    .0
  4 1984 191  11177.00  21.0  31.0   2.9   .52    .0
  4 1984 192  16660.00  20.5  31.6   2.6   .52  20.9
  4 1984 193  19256.00  20.0  32.0   3.1   .52    .0
  4 1984 194  22521.00  18.5  32.0   2.7   .52    .0
  4 1984 195  17623.00  19.0  32.0   2.6   .52    .0
  4 1984 196   3600.00  19.0  32.0   2.6   .52   4.0
  4 1984 197  12642.00  18.5  31.5   2.4   .52   2.8
  4 1984 198  21014.00  18.0  31.5   2.9   .52  16.6
  4 1984 199   6572.00  20.0  28.5   2.6   .52   3.6
  4 1984 200  19674.00  18.0  32.0   2.5   .52  16.5
  4 1984 201   9963.00  21.5  30.0   3.0   .52   1.1
  4 1984 202  19674.00  20.0  30.0   2.8   .52   2.4
  4 1984 203  12600.00  20.0  31.0   2.7   .52   4.5
  4 1984 204  13605.00  19.0  30.0   2.5   .52    .3
  4 1984 205  17497.00  18.5  30.0   2.9   .52   3.9
  4 1984 206   6698.00  20.5  30.0   2.8   .52    .9
  4 1984 207  16660.00  20.0  31.0   2.9   .52    .0
  4 1984 208  18251.00  20.0  32.0   2.8   .52    .0
  4 1984 209  18670.00  19.5  32.0   2.8   .52    .4
  4 1984 210  14818.00  20.5  32.5   2.6   .53   1.0
  4 1984 211   8539.00  21.0  29.0   2.6   .53    .0
  4 1984 212  15279.00  20.0  31.0   2.9   .53    .0
  4 1984 213  14484.00  20.0  31.0   2.7   .53    .0
  4 1984 214  13521.00  19.0  30.5   2.6   .53    .0
  4 1984 215   9209.00  19.5  30.5   2.8   .53   1.4
  4 1984 216  11344.00  19.5  30.0   2.6   .53    .2
  4 1984 217  16451.00  19.0  31.5   2.8   .53    .8
  4 1984 218   9670.00  20.0  32.0   2.9   .53   2.5
  4 1984 219  12181.00  20.0  32.0   2.8   .53  92.0
  4 1984 220   7074.00  20.5  29.0   2.9   .53  49.0
  4 1984 221   5693.00  21.5  30.0   2.9   .53  23.0
  4 1984 222    670.00  22.0  28.0   2.9   .53  60.8
  4 1984 223   6740.00  20.0  27.0   2.5   .53   9.0
  4 1984 224  10046.00  19.5  29.6   2.6   .53  39.2
  4 1984 225  12265.00  20.0  30.0   2.4   .53    .6
  4 1984 226   9251.00  21.0  29.0   2.7   .53   7.6
  4 1984 227  13939.00  21.0  31.0   2.8   .53   3.6
  4 1984 228   3642.00  21.0  26.5   2.8   .53  14.6
  4 1984 229  12725.00  19.5  30.0   2.6   .53   1.0
  4 1984 230  11763.00  20.5  30.0   2.8   .53  46.8
  4 1984 231  18000.00  19.0  31.0   2.8   .53   5.2
  4 1984 232  17539.00  19.8  32.0   2.4   .53   4.0
  4 1984 233  17288.00  19.5  31.0   2.2   .53   1.9
  4 1984 234  11888.00  21.5  30.0   2.9   .53    .0
  4 1984 235   9712.00  20.5  31.0   2.5   .53    .3
  4 1984 236   4437.00  21.0  27.0   2.7   .53  25.1
  4 1984 237  16284.00  18.5  31.2   2.5   .53  25.1
  4 1984 238  20888.00  20.0  32.0   2.7   .53    .0
  4 1984 239  18753.00  21.0  31.5   2.6   .53    .3
  4 1984 240  13186.00  20.5  29.8   2.8   .53   2.1
  4 1984 241   9837.00  20.5  29.5   2.8   .53  59.3
  4 1984 242  21516.00  19.5  31.0   2.6   .53    .0
  4 1984 243  19758.00  20.0  32.0   2.8   .53    .0
  4 1984 244  14693.00  20.0  30.0   2.8   .53    .4
  4 1984 245   4353.00  22.0  27.0   2.8   .56    .0
  4 1984 246  20344.00  20.0  32.0   2.7   .56    .0
  4 1984 247  21474.00  22.0  32.5   3.0   .56    .1
  4 1984 248   7200.00  22.0  29.5   2.9   .56  11.5
  4 1984 249  20763.00  20.0  32.0   2.8   .56   8.2
  4 1984 250   7032.00  21.0  30.0   2.6   .56   5.4
  4 1984 251  13060.00  19.0  30.0   2.7   .56  45.0
  4 1984 252  13604.00  18.5  31.0   2.9   .56  71.5
  4 1984 253  15739.00  19.5  29.5   2.7   .56    .0
  4 1984 254  11930.00  21.0  30.0   2.9   .56    .7
  4 1984 255  15404.00  19.0  31.0   2.9   .56   5.0
  4 1984 256  18586.00  19.0  31.5   2.8   .56    .1
  4 1984 257  18544.00  22.0  32.5   2.8   .56    .5
  4 1984 258   8372.00  19.5  29.0   2.8   .56   1.3
  4 1984 259  14358.00  21.0  31.0   2.8   .56  18.4
  4 1984 260  18335.00  19.0  30.5   2.6   .56    .0
  4 1984 261  19423.00  21.0  32.5   3.0   .56   7.9
  4 1984 262  17958.00  21.0  32.5   2.7   .56    .0
  4 1984 263  20009.00  19.5  33.0   2.8   .56    .0
  4 1984 264  17497.00  19.5  32.0   2.9   .56    .2
  4 1984 265  18628.00  19.5  32.0   2.7   .56    .0
  4 1984 266  12265.00  19.5  31.0   2.9   .56    .0
  4 1984 267  11846.00  19.5  32.0   2.8   .56  43.4
  4 1984 268  18963.00  20.0  31.5   3.0   .56  23.1
  4 1984 269  16995.00  19.5  31.0   2.9   .56   4.1
  4 1984 270  18251.00  19.5  31.5   2.8   .56    .0
  4 1984 271  18125.00  19.0  31.5   3.0   .56    .0
  4 1984 272  20093.00  19.5  32.5   2.9   .56  12.3
  4 1984 273  10716.00  22.0  31.5   2.9   .57   3.3
  4 1984 274  12516.00  21.0  31.5   2.8   .57    .0
  4 1984 275  12019.00  20.5  31.0   2.6   .57    .3
  4 1984 276  12019.00  20.0  32.0   2.8   .57   2.5
  4 1984 277  12019.00  20.5  32.0   2.8   .57   3.0
  4 1984 278  12019.00  20.5  32.0   2.9   .57    .0
  4 1984 279  12019.00  20.0  30.0   2.7   .57    .0
  4 1984 280  12019.00  20.0  30.0   2.8   .57   6.2
  4 1984 281  12019.00  21.0  27.0   2.8   .57   5.8
  4 1984 282  12019.00  21.0  31.0   2.9   .57    .0
  4 1984 283  12019.00  19.0  30.0   2.7   .57   9.6
  4 1984 284  12019.00  19.0  27.0   2.8   .57  27.0
  4 1984 285  12019.00  20.0  30.5   2.9   .57  18.8
  4 1984 286  12019.00  21.0  28.5   2.6   .57    .3
  4 1984 287  12019.00  19.0  28.0   2.6   .57    .0
  4 1984 288  12019.00  20.0  28.0   2.5   .57   1.4
  4 1984 289  12019.00  20.0  31.0   3.0   .57   6.7
  4 1984 290  12019.00  21.0  31.5   3.0   .57    .0
  4 1984 291  12019.00  20.0  30.5   2.7   .57  24.5
  4 1984 292  12019.00  19.0  31.0   2.8   .57    .0
  4 1984 293  12019.00  19.0  32.0   2.8   .57    .0
  4 1984 294  12019.00  18.0  32.0   2.7   .57   5.6
  4 1984 295  12019.00  19.0  32.5   2.5   .57    .0
  4 1984 296  12019.00  22.0  32.5   2.9   .57  96.5
  4 1984 297  12019.00  21.0  29.0   2.6   .57   9.2
  4 1984 298  12019.00  20.0  29.0   2.9   .57   3.8
  4 1984 299  12019.00  19.5  30.0   2.9   .57    .0
  4 1984 300  12019.00  20.0  30.0   2.8   .57  27.0
  4 1984 301  12019.00  20.0  25.0   2.8   .57  13.5
  4 1984 302  12019.00  20.0  29.5   2.9   .57    .0
  4 1984 303  12019.00  20.0  30.0   2.6   .57   7.1
  4 1984 304  12019.00  20.0  30.0   2.9   .57    .0
  4 1984 305  12019.00  20.0  30.5   2.8   .57   1.4
  4 1984 306  12019.00  20.0  28.0   2.8   .57    .6
  4 1984 307  12019.00  20.0  30.8   2.8   .57    .0
  4 1984 308  11254.00  19.0  30.6   2.7   .55   6.4
  4 1984 309  11254.00  19.0  31.5   2.7   .55    .0
  4 1984 310  11254.00  19.0  31.5   2.8   .55   4.2
  4 1984 311  11254.00  20.0  30.0   2.6   .55    .0
  4 1984 312  11254.00  19.0  27.2   2.6   .55   3.6
  4 1984 313  11254.00  20.0  28.0   2.3   .55   2.8
  4 1984 314  11254.00  19.0  29.0   2.9   .55    .0
  4 1984 315  11254.00  19.0  30.0   2.5   .55    .0
  4 1984 316  11254.00  17.0  31.0   2.4   .55    .0
  4 1984 317  11254.00  19.5  28.9   2.6   .55  33.0
  4 1984 318  11254.00  19.0  26.8   2.3   .55  45.0
  4 1984 319  11254.00  19.9  24.0   2.3   .55  37.0
  4 1984 320  11254.00  20.8  25.0   2.6   .55  24.0
  4 1984 321  11254.00  20.1  31.0   2.7   .55    .0
  4 1984 322  11254.00  21.0  30.0   2.7   .55    .2
  4 1984 323  11254.00  20.0  30.5   2.7   .55    .0
  4 1984 324  11254.00  20.5  32.0   2.8   .55    .0
  4 1984 325  11254.00  20.5  30.5   2.8   .55    .4
  4 1984 326  11254.00  20.0  31.5   2.9   .55    .6
  4 1984 327  11254.00  20.0  29.5   2.9   .55  19.4
  4 1984 328  11254.00  20.0  24.5   2.6   .55  89.6
  4 1984 329  11254.00  19.0  24.2   2.3   .55   3.3
  4 1984 330  11254.00  20.0  28.0   2.6   .55  25.3
  4 1984 331  11254.00  20.0  29.0   2.7   .55    .7
  4 1984 332  11254.00  19.0  30.0   2.6   .55    .0
  4 1984 333  11254.00  19.0  31.0   2.8   .55    .0
  4 1984 334  11254.00  17.5  30.5   2.3   .55    .6
  4 1984 335  11254.00  20.0  30.0   2.9   .55    .0
  4 1984 336  11090.00  18.0  31.0   2.8   .57   9.5
  4 1984 337  11090.00  20.0  30.0   2.6   .57  25.1
  4 1984 338  11090.00  19.5  29.0   3.1   .57   2.7
  4 1984 339  11090.00  19.0  30.5   2.6   .57    .7
  4 1984 340  11090.00  21.0  30.5   2.8   .57   8.6
  4 1984 341  11090.00  22.0  30.0   2.9   .57  13.3
  4 1984 342  11090.00  19.5  30.0   2.6   .57  71.7
  4 1984 343  11090.00  20.0  30.0   2.6   .57  57.0
  4 1984 344  11090.00  19.8  30.0   2.5   .57  10.0
  4 1984 345  11090.00  18.0  29.0   2.5   .57    .5
  4 1984 346  11090.00  18.0  31.0   2.2   .57    .0
  4 1984 347  11090.00  17.0  30.5   2.3   .57    .0
  4 1984 348  11090.00  17.0  31.5   2.4   .57    .0
  4 1984 349  11090.00  16.5  31.5   2.5   .57   5.0
  4 1984 350  11090.00  18.5  30.4   2.8   .57   4.8
  4 1984 351  11090.00  19.0  28.0   2.6   .57   6.2
  4 1984 352  11090.00  18.0  31.0   2.4   .57    .1
  4 1984 353  11090.00  18.0  30.5   2.4   .57   2.5
  4 1984 354  11090.00  20.0  26.0   2.5   .57   6.5
  4 1984 355  11090.00  18.0  25.0   2.4   .57   6.5
  4 1984 356  11090.00  19.0  30.6   2.3   .57    .2
  4 1984 357  11090.00  15.0  30.0   2.1   .57    .4
  4 1984 358  11090.00  19.0  30.0   2.4   .57  16.5
  4 1984 359  11090.00  17.0  29.0   2.5   .57   7.3
  4 1984 360  11090.00  19.0  30.0   2.6   .57    .7
  4 1984 361  11090.00  17.0  29.5   2.3   .57  11.3
  4 1984 362  11090.00  16.5  28.0   2.6   .57  40.5
  4 1984 363  11090.00  20.0  28.5   2.5   .57  31.5
  4 1984 364  11090.00  20.0  29.5   2.7   .57  11.7
  4 1984 365  11090.00  19.0  27.5   2.5   .57  41.4
  4 1984 366  11090.00  19.5  29.0   2.5   .57    .3
