*---------------------------------------------------------              
* Station name: La Lola                                                 
* Author: Atlantic Zone Project, AUW-MAG-CATIE, Costa Rica              
* Source: IMN, San Jose, Costa Rica                                     
*                                                                       
* Comments: Wind speed data lacking                                     
*                                                                       
*                                                                       
*                                                                       
* Longitude:  83 23 W, latitude:  10  6 N, altitude:  40 m.             
* Column  Daily value                                                   
*    1    station number                                                
*    2    year                                                          
*    3    month                                                         
*    4    day                                                           
*    5    julian date                                                   
*    6    irradiation            (cal cm-2 d-1)                         
*    7    minimum temperature    (degrees Celcius)                      
*    8    maximum temperature    (degrees Celcius)                      
*    9    vapor pressure at 0700 (mbar)                                 
*   10    vapor pressure at 1300 (mbar)                                 
*   11    vapor pressure at 1800 (mbar)                                 
*   12    mean wind speed        (kilometer per hour)                   
*   13    precipitation          (mm d-1)                               
*   14    sunshine hours         (hours)                                
* Missing value: -99                                                    
*---------------------------------------------------------              
*  data converted with WDC for CABO-format
*-------------------------------------------
  83.38  10.10    40.  .00  .00
  4 1976   1   5020.80  18.5  27.0   1.7   .62    .4
  4 1976   2   4895.28  17.0  26.5   1.6   .62   6.9
  4 1976   3   7280.16  19.0  29.5   1.8   .62    .0
  4 1976   4   8409.84  19.0  28.0   1.8   .62    .0
  4 1976   5   5397.36  17.5  26.4   1.6   .62   2.3
  4 1976   6   9539.52  18.5  29.5   1.6   .62    .0
  4 1976   7  12426.48  18.5  28.8   1.8   .62    .0
  4 1976   8  13054.08  16.0  30.5   1.6   .62   2.0
  4 1976   9   4267.68  19.0  28.0   1.7   .62  13.2
  4 1976  10   5397.36  17.8  28.0   1.3   .62  15.0
  4 1976  11  13430.64  18.0  30.0   1.6   .62   2.1
  4 1976  12  13430.64  18.5  30.5   1.8   .62   1.4
  4 1976  13   9665.04  18.5  30.6   1.7   .62   1.0
  4 1976  14   7907.76  20.0  30.5   1.7   .62   2.4
  4 1976  15   7154.64  20.5  30.5   1.8   .62  24.1
  4 1976  16   5773.92  20.5  28.8   1.9   .62  45.5
  4 1976  17   7449.83  20.0  29.0   1.9   .62 152.6
  4 1976  18   3263.52  20.0  29.0   1.8   .62  53.9
  4 1976  19   5773.92  19.0  28.0   1.6   .62  10.7
  4 1976  20   9414.00  17.0  30.5   1.7   .62    .0
  4 1976  21  13807.20  17.0  30.5   1.6   .62    .0
  4 1976  22  14058.24  18.0  32.0   1.9   .62    .1
  4 1976  23  10794.72  20.0  30.0   1.9   .62    .2
  4 1976  24  17809.45  20.0  30.0   1.7   .62    .0
  4 1976  25   7907.76  19.0  30.0   1.8   .62    .0
  4 1976  26   7782.24  20.0  29.5   1.9   .62  21.8
  4 1976  27   6778.08  20.0  29.0   2.0   .62  13.6
  4 1976  28   9869.81  20.5  30.0   2.0   .61    .0
  4 1976  29   7405.68  20.0  29.5   1.6   .61    .0
  4 1976  30   6024.96  19.0  30.0   1.7   .61    .4
  4 1976  31   8033.28  19.0  30.0   1.8   .61    .0
  4 1976  32   9414.00  19.0  30.5   2.1   .61    .0
  4 1976  33  16066.56  18.0  31.5   1.7   .61    .0
  4 1976  34  15313.44  16.0  30.5   1.5   .61    .0
  4 1976  35  11171.28  16.5  31.5   1.6   .61    .7
  4 1976  36  11540.40  19.5  30.0   1.8   .61   2.0
  4 1976  37  11296.80  18.5  29.0   1.7   .61  16.2
  4 1976  38   6527.04  18.5  27.8   1.9   .61   3.7
  4 1976  39  12049.92  18.5  30.0   1.8   .61   6.4
  4 1976  40  13556.16  19.0  30.0   1.8   .61  32.8
  4 1976  41   2886.96  18.5  27.6   1.7   .61  28.7
  4 1976  42   7154.64  18.0  25.5   1.7   .61   2.3
  4 1976  43   9539.52  18.0  27.0   1.7   .61    .0
  4 1976  44   7656.72  17.5  28.0   1.7   .61  11.9
  4 1976  45  14434.80  18.0  30.0   1.7   .61    .7
  4 1976  46  14434.80  17.6  30.0   1.7   .61  13.2
  4 1976  47   7907.76  18.0  30.0   1.9   .61   4.6
  4 1976  48  15941.04  18.5  29.8   1.6   .61    .0
  4 1976  49  11171.28  16.5  29.5   1.5   .61    .0
  4 1976  50  12677.52  19.0  30.5   1.8   .61    .0
  4 1976  51  15815.52  17.5  30.5   1.7   .61    .0
  4 1976  52  14685.84  17.0  30.5   1.8   .61    .0
  4 1976  53   9790.56  17.0  30.0   1.8   .61   5.8
  4 1976  54  18262.31  18.5  30.0   1.8   .61  12.9
  4 1976  55  16317.60  18.0  30.5   1.7   .61    .0
  4 1976  56   9037.44  20.0  29.5   1.8   .65    .0
  4 1976  57  11798.88  17.5  29.6   1.7   .65    .0
  4 1976  58  10292.64  16.5  30.5   1.6   .65  24.1
  4 1976  59   8535.36  18.5  30.0   1.8   .65   1.5
  4 1976  60  10207.55  19.0  30.0   1.7   .65    .0
  4 1976  61  13179.60  17.0  30.5   1.8   .65    .0
  4 1976  62  11422.32  18.0  30.0   1.6   .65    .0
  4 1976  63   8660.88  18.5  30.0   1.8   .65    .0
  4 1976  64  13556.16  19.5  30.5   1.8   .65    .0
  4 1976  65  11171.28  20.0  30.5   1.9   .65   3.4
  4 1976  66  14148.69  20.5  30.5   2.0   .65    .0
  4 1976  67  15187.92  18.0  30.0   1.7   .65    .0
  4 1976  68  15438.96  17.0  30.5   1.8   .65    .0
  4 1976  69  13305.12  18.5  30.5   1.8   .65    .6
  4 1976  70  16192.08  20.5  31.5   1.9   .65    .0
  4 1976  71  13179.60  19.5  31.5   1.9   .65    .5
  4 1976  72   6527.04  20.0  27.5   1.8   .65   2.2
  4 1976  73  17070.72  17.5  30.5   1.8   .65    .0
  4 1976  74   6652.56  19.0  28.5   1.8   .65  11.7
  4 1976  75   5648.40  20.5  27.5   1.8   .65  20.0
  4 1976  76   6150.48  18.5  28.5   1.8   .65   3.8
  4 1976  77   5522.88  20.5  27.1   1.9   .65    .0
  4 1976  78   9162.96  20.0  29.5   1.8   .65  13.3
  4 1976  79  10167.12  17.6  30.0   2.0   .65   4.6
  4 1976  80   8535.36  17.5  30.2   1.9   .65   4.7
  4 1976  81  19045.19  21.0  30.5   1.9   .65  12.8
  4 1976  82  12677.52  21.3  30.0   1.9   .65   5.2
  4 1976  83   9665.04  20.5  28.0   1.8   .65    .0
  4 1976  84  16192.08  17.5  30.2   1.8   .65    .4
  4 1976  85  21411.15  18.5  31.0   1.5   .65    .0
  4 1976  86  16568.64  17.0  30.2   1.8   .65    .0
  4 1976  87  16945.20  16.5  30.0   1.8   .65   5.1
  4 1976  88  16317.60  19.5  30.5   1.8   .65    .3
  4 1976  89  12049.92  20.0  29.5   1.8   .65    .0
  4 1976  90   8660.88  19.5  28.6   1.8   .65    .4
  4 1976  91  14644.00  19.5  30.5   1.9   .64    .0
  4 1976  92   9665.04  19.0  30.5   1.8   .64   3.6
  4 1976  93  13681.68  18.5  30.5   2.0   .64   2.8
  4 1976  94  15690.00  18.5  30.4   1.9   .64    .0
  4 1976  95  13611.76  17.5  30.5   1.9   .64    .0
  4 1976  96  14811.36  18.8  28.8   1.8   .64    .0
  4 1976  97   9414.00  18.5  29.0   1.9   .64    .0
  4 1976  98  10418.16  19.0  30.0   2.0   .64    .0
  4 1976  99  13054.08  21.5  31.4   2.2   .64    .0
  4 1976 100  12175.44  21.5  30.5   2.0   .64  56.6
  4 1976 101   8051.55  20.0  29.0   2.0   .64   3.7
  4 1976 102  15815.52  20.5  29.8   2.0   .64    .0
  4 1976 103  14434.80  20.0  31.0   1.9   .64    .0
  4 1976 104  14434.80  20.0  30.9   1.9   .64    .0
  4 1976 105  14058.24  19.5  30.5   1.9   .64    .0
  4 1976 106  14309.28  19.5  31.0   1.9   .64    .0
  4 1976 107  11045.76  20.0  30.0   1.9   .64    .0
  4 1976 108  17070.72  17.5  31.0   1.7   .64    .0
  4 1976 109  11547.84  20.5  30.0   2.0   .64   3.0
  4 1976 110  10794.72  20.5  30.0   2.0   .64   1.2
  4 1976 111   7280.16  21.0  29.6   1.9   .64    .0
  4 1976 112  12552.00  21.0  31.0   1.8   .64    .0
  4 1976 113  10543.68  20.0  31.0   2.0   .64    .0
  4 1976 114  15438.96  20.0  31.2   2.0   .64  17.7
  4 1976 115   9665.04  21.0  29.5   2.1   .64   4.7
  4 1976 116   6652.56  22.0  29.6   2.0   .64   2.3
  4 1976 117  14936.88  20.0  31.0   2.1   .64    .0
  4 1976 118  14058.24  22.5  31.5   2.1   .64  29.7
  4 1976 119   4267.68  22.5  29.0   2.0   .59  21.1
  4 1976 120   2510.40  21.5  28.0   2.1   .59   7.6
  4 1976 121   9539.52  21.0  29.0   2.0   .59   4.3
  4 1976 122  10418.16  21.5  30.0   2.0   .59  50.8
  4 1976 123  14936.88  22.0  31.0   2.1   .59  12.4
  4 1976 124  11422.32  21.5  29.5   2.1   .59 107.2
  4 1976 125   3514.56  21.0  25.0   2.1   .59  69.3
  4 1976 126  18200.40  20.0  30.0   2.0   .59    .0
  4 1976 127  15187.92  20.0  30.5   1.9   .59   1.2
  4 1976 128   7656.72  22.0  30.0   2.0   .59   2.5
  4 1976 129   8535.36  22.0  30.0   2.1   .59  54.4
  4 1976 130  13179.60  22.0  30.5   2.3   .59   3.6
  4 1976 131   8660.88  21.0  30.0   2.0   .59  19.6
  4 1976 132   6150.48  22.0  29.0   2.0   .59  17.8
  4 1976 133   8660.88  22.0  30.5   2.1   .59  14.7
  4 1976 134   5397.36  21.8  27.5   2.0   .59   5.8
  4 1976 135  11045.76  22.0  31.8   2.1   .59    .0
  4 1976 136   4644.24  21.5  29.0   2.2   .59  22.9
  4 1976 137   9162.96  22.0  30.5   2.3   .59   3.6
  4 1976 138   8535.36  23.0  30.0   2.4   .59  33.3
  4 1976 139   8786.40  22.5  30.5   2.1   .59    .8
  4 1976 140  14811.36  22.0  32.0   2.0   .59    .0
  4 1976 141   8033.28  23.0  30.5   2.2   .59    .0
  4 1976 142   8535.36  21.5  29.5   2.2   .59    .7
  4 1976 143   4769.76  21.5  31.5   2.1   .59   2.9
  4 1976 144  10418.16  22.0  32.4   2.1   .59   3.8
  4 1976 145  15690.00  21.0  33.2   2.0   .59    .0
  4 1976 146   9539.52  22.0  32.0   2.2   .59    .0
  4 1976 147   8158.80  22.0  30.8   2.1   .59  23.0
  4 1976 148   8786.40  22.0  31.0   2.2   .59    .0
  4 1976 149  10794.72  21.0  31.5   2.0   .59   1.1
  4 1976 150  14058.24  20.5  30.6   2.1   .59   2.4
  4 1976 151  12175.44  22.0  31.5   2.1   .59    .0
  4 1976 152  15187.92  19.5  32.5   1.9   .59    .0
  4 1976 153  12803.04  17.5  32.0   2.0   .59    .0
  4 1976 154  14368.09  18.0  31.0   2.1   .51  19.6
  4 1976 155  10669.20  21.5  31.0   2.2   .51  50.0
  4 1976 156  13681.68  21.5  31.0   2.0   .51  21.6
  4 1976 157   5648.40  21.5  28.0   2.0   .51    .0
  4 1976 158  11673.36  19.5  30.0   2.0   .51    .0
  4 1976 159   8409.84  21.5  31.0   2.0   .51    .5
  4 1976 160  14893.72  20.5  32.0   1.9   .51    .0
  4 1976 161   4142.16  22.0  29.0   2.0   .51    .8
  4 1976 162   9916.08  21.0  31.5   2.1   .51   3.1
  4 1976 163   6652.56  20.5  29.8   2.1   .51    .5
  4 1976 164  13807.20  22.0  32.0   2.2   .51    .0
  4 1976 165  12224.59  22.0  31.0   2.1   .51    .2
  4 1976 166  10543.68  20.5  32.0   2.2   .51    .0
  4 1976 167  10292.64  21.0  30.0   2.2   .51   9.7
  4 1976 168  11171.28  22.0  31.0   2.1   .51    .0
  4 1976 169  13556.16  21.5  32.0   2.1   .51    .0
  4 1976 170  11422.32  20.5  31.5   2.2   .51    .0
  4 1976 171  13346.96  21.0  32.5   2.0   .51   1.0
  4 1976 172   8911.92  22.0  31.5   2.0   .51    .0
  4 1976 173   6024.96  21.5  30.0   2.1   .51  21.9
  4 1976 174   4644.24  20.0  29.0   2.1   .51   6.9
  4 1976 175  10920.24  21.0  32.2   2.1   .51   3.6
  4 1976 176   9037.44  21.0  32.0   2.1   .51  11.3
  4 1976 177  11171.28  20.5  32.0   2.2   .51   5.3
  4 1976 178   8033.28  20.5  30.0   2.1   .51   4.0
  4 1976 179   7405.68  20.0  26.5   2.0   .51    .0
  4 1976 180   6778.08  20.0  28.0   2.0   .51    .0
  4 1976 181  11045.76  21.0  31.5   2.1   .51  19.8
  4 1976 182   3514.56  22.0  26.9   2.0   .52  29.2
  4 1976 183   7405.68  22.0  30.0   2.2   .52   2.1
  4 1976 184   9162.96  22.0  31.0   2.1   .52  12.0
  4 1976 185   6401.52  22.0  31.0   2.2   .52    .0
  4 1976 186   4393.20  21.5  29.0   2.0   .52  51.3
  4 1976 187  12803.04  21.5  31.0   2.1   .52   4.3
  4 1976 188  11798.88  21.0  31.0   2.1   .52    .0
  4 1976 189  12803.04  21.0  32.0   2.1   .52  20.2
  4 1976 190  12803.04  22.0  31.0   2.1   .52  13.1
  4 1976 191   4393.20  22.0  27.5   2.2   .52  43.1
  4 1976 192   9288.48  22.0  30.3   2.2   .52  15.2
  4 1976 193   7907.76  16.5  29.5   2.0   .52   6.7
  4 1976 194   5020.80  20.0  29.0   2.1   .52   6.2
  4 1976 195   9665.04  20.5  30.0   2.0   .52   6.2
  4 1976 196  15690.00  21.0  31.5   2.2   .52   3.7
  4 1976 197   6903.60  20.0  31.0   2.3   .52  23.7
  4 1976 198   7782.24  20.0  30.0   2.3   .52  24.6
  4 1976 199   6652.56  22.0  29.5   2.1   .52 127.3
  4 1976 200   5648.40  22.0  27.6   2.1   .52  15.0
  4 1976 201  11171.28  21.5  30.5   2.1   .52 106.3
  4 1976 202   6401.52  21.5  27.5   2.1   .52 112.7
  4 1976 203   1380.72  20.5  29.5   2.0   .52  26.2
  4 1976 204   1255.20  20.5  27.8   1.9   .52  39.0
  4 1976 205   7154.64  20.0  30.5   1.9   .52    .0
  4 1976 206   5899.44  19.5  30.5   2.0   .52  49.0
  4 1976 207   2384.88  19.5  31.0   2.0   .52  17.5
  4 1976 208   1129.68  21.0  25.0   2.0   .52  32.8
  4 1976 209   6652.56  21.0  30.5   2.0   .52   1.0
  4 1976 210   7405.68  21.5  31.0   2.3   .53  19.5
  4 1976 211   8786.40  22.0  31.0   2.2   .53  94.2
  4 1976 212   2259.36  22.0  27.0   2.2   .53  59.2
  4 1976 213   3012.48  22.0  27.0   2.2   .53 173.6
  4 1976 214   2259.36  22.0  25.0   2.2   .53  76.3
  4 1976 215   7405.68  21.5  30.0   2.0   .53    .0
  4 1976 216   5522.88  21.5  29.5   2.0   .53  47.4
  4 1976 217   7959.21  17.5  28.0   2.0   .53  12.4
  4 1976 218   7907.76  17.5  28.0   2.1   .53   4.9
  4 1976 219   4142.16  22.0  29.5   2.1   .53  27.1
  4 1976 220   9414.00  22.0  30.0   2.1   .53    .0
  4 1976 221  17893.07  23.5  31.5   2.3   .53    .0
  4 1976 222   3012.48  20.5  30.0   1.9   .53  34.8
  4 1976 223   3891.12  20.0  28.0   2.0   .53  40.7
  4 1976 224  11296.80  20.0  30.5   2.0   .53   2.1
  4 1976 225   9665.04  21.5  31.0   2.1   .53    .0
  4 1976 226   3389.04  21.5  29.0   2.2   .53  38.5
  4 1976 227   5146.32  20.5  27.5   1.9   .53    .0
  4 1976 228   4016.64  21.0  28.5   2.0   .53    .5
  4 1976 229   6024.96  20.5  30.0   2.0   .53   3.2
  4 1976 230  10418.16  20.5  31.0   1.9   .53    .0
  4 1976 231  12300.96  20.5  31.5   2.1   .53    .5
  4 1976 232   8786.40  20.5  30.8   2.2   .53    .0
  4 1976 233  12049.92  20.0  31.9   2.3   .53    .0
  4 1976 234   7280.16  20.5  31.5   2.0   .53  11.4
  4 1976 235   7782.24  20.5  31.5   2.0   .53  23.9
  4 1976 236  12677.52  20.0  32.0   2.1   .53    .0
  4 1976 237  13263.28  20.5  32.0   2.2   .53    .0
  4 1976 238  10543.68  20.5  19.8   2.0   .53   3.4
  4 1976 239  10292.64  22.0  32.0   2.1   .53  69.0
  4 1976 240   4016.64  20.5  27.5   2.0   .53    .6
  4 1976 241  14560.32  21.0  32.0   1.9   .53  43.3
  4 1976 242   6652.56  21.5  29.5   2.0   .53  11.4
  4 1976 243  12552.00  21.0  30.5   2.1   .53    .0
  4 1976 244   8786.40  21.5  30.5   2.1   .53   3.8
  4 1976 245   2761.44  20.5  27.0   2.2   .56  18.2
  4 1976 246   5020.80  20.5  30.5   2.0   .56  48.3
  4 1976 247  14434.80  20.5  30.5   2.0   .56   7.5
  4 1976 248   5020.80  19.0  31.5   2.1   .56   5.2
  4 1976 249  15267.95  19.0  30.5   2.2   .56   1.3
  4 1976 250   8535.36  22.0  31.0   2.0   .56  18.7
  4 1976 251  11673.36  19.0  31.5   2.0   .56  99.3
  4 1976 252   5020.80  19.0  30.0   2.2   .56  68.6
  4 1976 253   2259.36  19.0  27.0   2.0   .56  13.2
  4 1976 254   8284.32  18.5  31.0   2.0   .56    .1
  4 1976 255   4267.68  18.0  27.5   2.1   .56   6.7
  4 1976 256   8284.32  22.0  31.4   2.0   .56    .2
  4 1976 257   4895.28  22.0  28.0   2.1   .56  31.8
  4 1976 258   7405.68  18.0  30.0   2.2   .56 188.3
  4 1976 259   5773.92  18.0  30.0   2.2   .56  40.2
  4 1976 260   8033.28  20.0  31.0   2.2   .56   1.0
  4 1976 261  10794.72  20.0  31.5   2.1   .56    .0
  4 1976 262  12803.04  20.0  31.5   2.2   .56   1.7
  4 1976 263   6527.04  19.0  30.4   2.4   .56   3.3
  4 1976 264   8409.84  21.0  29.5   2.2   .56    .0
  4 1976 265   8535.36  21.5  31.2   2.1   .56    .0
  4 1976 266   3891.12  21.5  28.0   2.1   .56    .0
  4 1976 267   3263.52  19.0  27.0   2.1   .56   4.4
  4 1976 268  11798.88  20.5  30.0   2.0   .56    .4
  4 1976 269  10167.12  20.0  31.5   2.0   .56    .0
  4 1976 270   8660.88  20.0  31.0   2.1   .56    .0
  4 1976 271  12049.92  20.0  31.0   2.0   .56   3.7
  4 1976 272  10167.12  19.5  31.0   2.0   .56    .0
  4 1976 273   7280.16  21.0  30.5   2.0   .57   5.7
  4 1976 274  10794.72  21.5  31.5   2.1   .57    .0
  4 1976 275   8535.36  20.5  30.6   2.2   .57    .0
  4 1976 276  17143.24  20.0  30.2   2.2   .57    .0
  4 1976 277  15225.18  21.4  30.0   2.0   .57    .0
  4 1976 278   8535.36  21.0  32.0   2.1   .57  68.1
  4 1976 279  10543.68  19.5  31.0   2.1   .57    .0
  4 1976 280  13681.68  21.5  32.0   2.1   .57    .0
  4 1976 281  10041.60  20.5  32.5   2.0   .57    .1
  4 1976 282   4267.68  19.5  32.5   2.2   .57    .4
  4 1976 283  10292.64  21.0  31.0   2.0   .57   1.4
  4 1976 284  12552.00  21.0  31.0   2.1   .57  10.6
  4 1976 285  10543.68  20.5  32.3   2.0   .57    .0
  4 1976 286   8409.84  18.0  27.5   2.1   .57  26.2
  4 1976 287  16007.41  17.5  26.0   2.2   .57    .3
  4 1976 288   8033.28  20.0  31.6   2.0   .57    .3
  4 1976 289   6527.04  21.5  30.0   2.1   .57    .0
  4 1976 290   7280.16  21.5  31.5   2.2   .57  31.5
  4 1976 291   8535.36  20.5  31.5   2.0   .57    .0
  4 1976 292   9162.96  20.0  32.0   2.2   .57    .0
  4 1976 293   8786.40  20.5  31.5   2.0   .57    .0
  4 1976 294   8158.80  20.5  31.5   2.1   .57   1.0
  4 1976 295   4644.24  21.5  29.0   2.0   .57    .2
  4 1976 296   4142.16  22.0  27.0   2.0   .57   5.1
  4 1976 297   9539.52  20.0  30.5   2.1   .57    .0
  4 1976 298   8535.36  20.0  31.5   2.0   .57   1.4
  4 1976 299   8284.32  21.5  31.5   2.0   .57    .0
  4 1976 300   8535.36  19.0  31.0   2.1   .57    .0
  4 1976 301   9790.56  19.0  31.4   2.1   .57    .5
  4 1976 302   8284.32  20.5  31.5   2.2   .57    .0
  4 1976 303   5773.92  20.0  30.0   2.0   .57    .1
  4 1976 304   8409.84  18.0  30.0   2.0   .57   1.3
  4 1976 305   6401.52  18.5  30.0   2.0   .57    .7
  4 1976 306   9790.56  19.0  30.5   2.1   .57  31.7
  4 1976 307   9790.56  21.5  31.0   2.1   .57   3.0
  4 1976 308   4518.72  21.0  29.0   1.8   .55  65.4
  4 1976 309   3263.52  20.5  26.0   1.8   .55   9.1
  4 1976 310   1757.28  20.0  25.0   1.7   .55  79.6
  4 1976 311   1757.28  20.5  25.0   1.8   .55  70.6
  4 1976 312   1631.76  20.0  25.5   2.0   .55  18.4
  4 1976 313   5648.40  21.0  28.5   2.1   .55  66.5
  4 1976 314   2133.84  20.0  25.0   2.1   .55  45.1
  4 1976 315   9162.96  21.0  31.0   2.0   .55    .0
  4 1976 316   6903.60  21.0  30.0   2.0   .55   4.5
  4 1976 317   5522.88  19.0  29.0   2.0   .55   1.2
  4 1976 318   3891.12  17.0  27.0   2.0   .55    .0
  4 1976 319   8702.72  17.0  31.0   2.0   .55    .0
  4 1976 320   8911.92  20.0  31.0   2.1   .55    .0
  4 1976 321   9916.08  20.0  31.0   1.9   .55    .0
  4 1976 322  10167.12  19.5  32.0   2.0   .55    .0
  4 1976 323  11045.76  20.5  32.5   2.1   .55    .0
  4 1976 324   9665.04  20.0  32.5   2.0   .55    .0
  4 1976 325  10041.60  20.0  32.5   2.0   .55   8.4
  4 1976 326  11924.40  20.0  31.5   2.1   .55   3.7
  4 1976 327   8033.28  22.5  30.5   2.2   .55    .0
  4 1976 328   8284.32  20.0  32.0   2.0   .55  29.2
  4 1976 329   6401.52  19.0  31.0   2.0   .55  56.7
  4 1976 330   8660.88  19.0  30.5   2.2   .55    .6
  4 1976 331  11296.80  18.5  30.5   1.9   .55    .1
  4 1976 332   8284.32  18.5  33.0   2.0   .55    .0
  4 1976 333   9288.48  18.5  32.0   2.0   .55   2.7
  4 1976 334   5773.92  21.0  31.0   2.0   .55   3.1
  4 1976 335  11673.36  19.0  31.5   2.0   .55    .0
  4 1976 336  10920.24  21.0  31.0   2.0   .57    .4
  4 1976 337   9665.04  20.0  31.0   1.8   .57    .0
  4 1976 338   7907.76  21.0  30.4   1.8   .57    .0
  4 1976 339   8200.64  20.5  31.0   1.9   .57    .0
  4 1976 340  11045.76  20.5  31.0   1.8   .57    .3
  4 1976 341  10669.20  19.0  32.0   2.0   .57    .0
  4 1976 342  10794.72  18.5  31.5   1.9   .57    .0
  4 1976 343   7405.68  21.0  31.0   2.0   .57    .0
  4 1976 344   6527.04  20.0  31.0   2.0   .57  85.3
  4 1976 345   6527.04  20.2  29.5   2.4   .57  79.8
  4 1976 346   2384.88  20.0  29.0   2.2   .57  51.8
  4 1976 347   8493.34  20.0  29.0   2.0   .57  64.6
  4 1976 348   5271.84  20.0  30.0   2.1   .57  25.7
  4 1976 349   7154.64  19.1  30.5   2.1   .57    .0
  4 1976 350   9539.52  20.0  31.5   1.9   .57    .0
  4 1976 351  14399.09  19.0  32.0   1.9   .57  37.1
  4 1976 352   5271.84  21.0  30.0   1.9   .57  10.2
  4 1976 353  11045.76  18.0  31.5   1.8   .57    .0
  4 1976 354   9288.48  19.0  31.5   1.8   .57    .0
  4 1976 355  15346.31  18.0  31.5   1.8   .57    .0
  4 1976 356   6024.96  17.0  27.0   1.8   .57   9.9
  4 1976 357   7029.12  20.5  29.0   2.0   .57    .0
  4 1976 358   4769.76  18.0  29.0   1.8   .57  14.8
  4 1976 359  11422.32  17.5  30.5   1.8   .57    .2
  4 1976 360   6652.56  18.5  30.0   2.0   .57    .2
  4 1976 361   8911.92  20.5  30.0   1.9   .57  15.2
  4 1976 362  10794.72  20.0  30.0   1.9   .57    .0
  4 1976 363  12300.96  13.5  29.9   1.4   .57    .0
  4 1976 364  10167.12  16.5  30.0   1.6   .57    .0
  4 1976 365   6401.52  16.5  30.0   1.7   .57    .0
  4 1976 366   8284.32  19.0  30.5   1.8   .57    .0
