*---------------------------------------------------------              
* Station name: La Lola                                                 
* Author: Atlantic Zone Project, AUW-MAG-CATIE, Costa Rica              
* Source: IMN, San Jose, Costa Rica                                     
*                                                                       
* Comments: Wind speed data lacking                                     
*           Check unit (and conversion factor) of SR                    
*                                                                       
*                                                                       
* Longitude:  83 23 W, latitude:  10  6 N, altitude:  40 m.             
* Column  Daily value                                                   
*    1    station number                                                
*    2    year                                                          
*    3    month                                                         
*    4    day                                                           
*    5    julian date                                                   
*    6    irradiation            (cal cm-2 d-1)                         
*    7    minimum temperature    (degrees Celcius)                      
*    8    maximum temperature    (degrees Celcius)                      
*    9    vapor pressure at 0700 (mbar)                                 
*   10    vapor pressure at 1300 (mbar)                                 
*   11    vapor pressure at 1800 (mbar)                                 
*   12    mean wind speed        (kilometer per hour)                   
*   13    precipitation          (mm d-1)                               
*   14    sunshine hours         (hours)                                
* Missing value: -99                                                    
*---------------------------------------------------------              
*  data converted with WDC for CABO-format
*-------------------------------------------
  83.38  10.10    40.  .00  .00
  4 1973   1   5522.88  21.5  29.5   1.9   .62   4.0
  4 1973   2   6401.52  20.0  30.5   1.8   .62    .2
  4 1973   3   7656.72  16.0  28.5   1.7   .62   2.2
  4 1973   4   8911.92  15.0  30.0   1.8   .62   2.1
  4 1973   5  10794.72  15.5  30.0   1.7   .62  17.8
  4 1973   6   9665.04  18.0  31.0   2.0   .62   2.6
  4 1973   7   6527.04  18.0  30.0   2.0   .62   1.8
  4 1973   8   7845.00  17.0  30.5   2.0   .62    .0
  4 1973   9   9162.96  16.5  30.5   1.7   .62    .0
  4 1973  10   7562.39  16.8  30.5   1.8   .62    .0
  4 1973  11  13179.60  19.9  30.5   1.9   .62  86.3
  4 1973  12   6150.48  16.5  26.8   1.8   .62    .0
  4 1973  13   2510.40  19.8  27.6   1.7   .62  43.0
  4 1973  14   4142.16  18.5  27.6   1.7   .62  13.0
  4 1973  15  16066.56  18.5  30.0   1.7   .62   3.5
  4 1973  16  12677.52  17.2  31.0   1.6   .62    .0
  4 1973  17  15564.48  17.5  31.0   1.8   .62    .0
  4 1973  18   7154.64  19.5  30.0   2.0   .62    .6
  4 1973  19  11045.76  19.8  29.6   2.0   .62    .0
  4 1973  20  14058.24  18.5  29.6   1.9   .62   7.9
  4 1973  21  12803.04  19.4  31.2   1.9   .62    .0
  4 1973  22  15941.04  18.5  30.0   1.8   .62   5.6
  4 1973  23  10920.24  18.5  32.0   1.8   .62    .0
  4 1973  24   9916.08  18.0  27.5   1.8   .62   4.8
  4 1973  25   6527.04  18.5  30.0   1.8   .62   1.8
  4 1973  26  18702.48  15.5  31.0   1.9   .62    .0
  4 1973  27  12928.56  16.5  31.5   1.8   .62   2.0
  4 1973  28   7029.12  15.9  29.9   2.0   .61   7.8
  4 1973  29  16945.20  15.5  32.0   2.0   .61  39.5
  4 1973  30   6024.96  15.0  26.0   1.7   .61  18.4
  4 1973  31  14058.24  15.0  30.5   1.9   .61    .5
  4 1973  32   6276.00  16.5  28.5   2.0   .61   5.3
  4 1973  33   9162.96  16.0  31.0   2.1   .61   1.5
  4 1973  34   5230.00  17.5  29.0   2.2   .61  11.9
  4 1973  35  14183.76  18.7  31.0   1.9   .61    .0
  4 1973  36  16066.56  18.5  31.0   1.9   .61   3.0
  4 1973  37   8158.80  18.0  31.5   1.8   .61   5.4
  4 1973  38  10418.16  17.5  29.9   1.8   .61   3.0
  4 1973  39  10669.20  16.9  31.5   1.8   .61    .0
  4 1973  40  12677.52  16.8  32.0   1.7   .61  89.6
  4 1973  41  11673.36  16.5  31.0   2.0   .61    .0
  4 1973  42   5648.40  16.8  22.5   1.8   .61  26.2
  4 1973  43   5271.84  15.5  27.5   1.8   .61   2.3
  4 1973  44   8911.92  15.5  29.0   1.7   .61   2.0
  4 1973  45  18130.40  15.0  31.2   1.9   .61    .0
  4 1973  46  17941.84  15.0  31.2   1.8   .61    .0
  4 1973  47  13807.20  15.5  30.5   1.8   .61   4.1
  4 1973  48  19204.56  16.5  30.8   1.6   .61    .0
  4 1973  49  16568.64  15.0  31.2   1.8   .61    .0
  4 1973  50   9790.56  17.3  31.0   1.7   .61    .0
  4 1973  51  18200.40  14.5  31.2   1.6   .61    .0
  4 1973  52   7280.16  17.5  27.8   1.7   .61    .5
  4 1973  53  11045.76  16.6  28.0   1.7   .61    .0
  4 1973  54   9916.08  16.5  30.0   1.9   .61    .5
  4 1973  55  13054.08  17.0  30.5   1.9   .61    .1
  4 1973  56  14560.32  18.0  31.4   1.8   .65    .3
  4 1973  57  19330.08  17.5  31.5   1.9   .65    .5
  4 1973  58  16055.00  17.5  32.5   1.7   .65   3.3
  4 1973  59  14670.69  16.5  32.0   2.0   .65    .5
  4 1973  60  12300.96  17.5  31.5   1.5   .65   2.6
  4 1973  61  10669.20  16.5  30.5   1.8   .65    .7
  4 1973  62  13096.74  18.5  31.5   1.9   .65    .0
  4 1973  63  16568.64  16.5  31.5   1.7   .65    .0
  4 1973  64  13054.08  18.0  32.0   1.7   .65    .0
  4 1973  65   8535.36  19.5  31.5   2.0   .65    .5
  4 1973  66  11045.76  18.5  30.5   2.0   .65   2.6
  4 1973  67  16317.60  17.5  31.0   1.8   .65    .0
  4 1973  68  13807.20  17.0  31.5   2.1   .65    .0
  4 1973  69  14434.80  17.5  31.5   1.8   .65    .0
  4 1973  70  15062.40  18.0  32.5   1.9   .65    .0
  4 1973  71   8786.40  18.0  31.0   1.9   .65    .0
  4 1973  72  13430.64  19.0  31.2   1.9   .65    .0
  4 1973  73  16831.45  18.0  31.5   1.9   .65   1.9
  4 1973  74  10669.20  17.0  31.5   1.9   .65   1.0
  4 1973  75  12049.92  18.0  31.0   1.9   .65    .0
  4 1973  76  14434.80  17.5  32.0   2.0   .65    .0
  4 1973  77  16945.20  16.5  32.8   1.9   .65    .0
  4 1973  78   9288.48  17.5  31.0   2.0   .65    .3
  4 1973  79  15941.04  18.5  32.5   1.7   .65    .0
  4 1973  80  18451.44  17.5  32.5   1.9   .65    .0
  4 1973  81  13305.12  18.5  31.5   2.1   .65    .0
  4 1973  82  14811.36  17.5  31.8   2.0   .65   5.2
  4 1973  83  13054.08  17.5  30.8   2.2   .65    .0
  4 1973  84   8158.80  16.0  30.2   2.1   .65    .0
  4 1973  85  14058.24  16.5  32.0   2.0   .65    .0
  4 1973  86   9539.52  16.4  31.4   2.2   .65    .0
  4 1973  87  10041.60  18.0  31.0   2.2   .65    .0
  4 1973  88  10669.20  17.5  31.5   1.9   .65    .0
  4 1973  89  12049.92  16.5  30.0   2.1   .65   1.3
  4 1973  90   5773.92  16.5  31.0   2.0   .65   9.0
  4 1973  91  14434.80  17.3  31.5   2.1   .64    .0
  4 1973  92   9037.44  17.5  30.0   2.0   .64    .0
  4 1973  93  11171.28  18.5  31.5   2.1   .64   7.3
  4 1973  94  17613.76  17.5  31.0   2.3   .64    .0
  4 1973  95  14183.76  17.0  30.0   2.0   .64   7.6
  4 1973  96   7405.68  17.5  32.3   2.2   .64    .0
  4 1973  97  11435.14  16.5  31.0   2.0   .64    .0
  4 1973  98  19934.06  17.0  32.0   2.1   .64    .0
  4 1973  99  13054.08  17.0  31.8   2.2   .64    .0
  4 1973 100   6401.52  17.5  31.0   2.2   .64  44.4
  4 1973 101   5648.40  16.5  30.0   1.7   .64    .0
  4 1973 102   7907.76  16.5  29.0   1.8   .64   2.0
  4 1973 103  14685.84  16.0  28.5   1.8   .64   4.6
  4 1973 104   4895.28  16.5  29.5   2.0   .64  23.6
  4 1973 105  14434.80  16.0  31.0   2.0   .64   2.5
  4 1973 106  11798.88  16.5  31.0   1.9   .64    .0
  4 1973 107  12928.56  16.0  31.5   1.8   .64    .0
  4 1973 108   8535.36  16.5  31.0   2.0   .64   7.4
  4 1973 109  10041.60  16.0  30.5   1.9   .64    .0
  4 1973 110   8786.40  16.5  30.5   2.2   .64   1.8
  4 1973 111  11802.68  16.0  31.5   2.1   .64    .0
  4 1973 112   8911.92  16.0  31.0   1.9   .64    .0
  4 1973 113  11171.28  16.0  29.5   1.9   .64  10.2
  4 1973 114  12677.52  16.5  29.5   2.0   .64    .0
  4 1973 115  14811.36  18.5  30.0   2.1   .64    .0
  4 1973 116  13054.08  17.5  32.0   2.0   .64    .0
  4 1973 117  14811.36  21.5  32.0   2.1   .64    .0
  4 1973 118  14434.80  22.2  32.0   2.3   .64    .0
  4 1973 119  11045.76  20.2  32.5   2.3   .59    .0
  4 1973 120   7029.12  20.8  30.3   1.8   .59  19.8
  4 1973 121  16192.08  20.0  31.8   2.2   .59    .0
  4 1973 122  17196.24  20.2  32.0   2.0   .59  22.2
  4 1973 123  19204.56  19.5  31.6   2.3   .59    .0
  4 1973 124   6778.08  20.5  28.4   2.1   .59  31.6
  4 1973 125  10418.16  20.3  27.5   2.0   .59  10.4
  4 1973 126  14434.80  20.2  32.0   2.0   .59  32.3
  4 1973 127  10041.60  20.0  31.5   2.2   .59    .0
  4 1973 128  10794.72  19.8  31.3   2.2   .59   2.3
  4 1973 129  12803.04  19.7  30.9   2.2   .59    .0
  4 1973 130   7280.16  19.5  30.3   2.1   .59  22.4
  4 1973 131  17705.94  20.0  29.5   2.2   .59   1.8
  4 1973 132  16192.08  21.0  31.0   2.2   .59    .0
  4 1973 133   7154.64  20.5  29.5   2.0   .59   1.8
  4 1973 134  11045.76  19.8  31.0   2.0   .59  13.2
  4 1973 135  10418.16  17.5  30.8   2.0   .59  10.5
  4 1973 136   4142.16  16.8  29.0   2.2   .59  14.7
  4 1973 137   4016.64  15.0  29.5   2.2   .59   6.1
  4 1973 138   8660.88  16.5  29.0   2.1   .59  59.0
  4 1973 139  13681.68  20.0  29.5   2.0   .59  39.3
  4 1973 140   9665.04  21.0  30.0   2.0   .59  21.3
  4 1973 141   8786.40  21.0  29.5   2.2   .59   2.5
  4 1973 142  12803.04  21.0  29.0   2.3   .59  14.6
  4 1973 143  15062.40  19.5  32.0   2.1   .59    .0
  4 1973 144  18702.48  19.5  32.0   2.0   .59    .0
  4 1973 145  17070.72  20.0  31.5   2.1   .59    .0
  4 1973 146  11045.76  20.5  31.5   2.2   .59    .3
  4 1973 147  14058.24  19.0  32.2   2.1   .59   8.6
  4 1973 148   8786.40  21.0  30.5   2.2   .59    .8
  4 1973 149  10836.56  21.0  32.0   2.2   .59   6.6
  4 1973 150  12677.52  19.5  31.0   2.2   .59   2.3
  4 1973 151   6024.96  19.5  28.5   2.1   .59   7.1
  4 1973 152   5899.44  17.5  28.5   2.2   .59    .3
  4 1973 153   8284.32  18.0  28.0   2.0   .59  22.9
  4 1973 154   7029.12  21.0  29.0   2.0   .51   4.3
  4 1973 155   9513.43  21.0  29.5   2.1   .51  16.7
  4 1973 156  10167.12  19.5  30.0   2.1   .51    .0
  4 1973 157  15954.61  19.0  29.0   2.3   .51   5.1
  4 1973 158  11171.28  19.0  30.5   2.2   .51    .0
  4 1973 159  15690.00  19.0  30.8   2.1   .51    .3
  4 1973 160   9790.56  19.5  31.0   2.1   .51  33.5
  4 1973 161  15564.48  19.0  32.0   2.2   .51   1.5
  4 1973 162   5773.92  19.0  30.8   2.3   .51    .0
  4 1973 163  16819.68  19.5  32.5   2.2   .51    .0
  4 1973 164  10418.16  17.5  30.2   2.2   .51 110.3
  4 1973 165  13054.08  16.5  30.5   2.0   .51    .5
  4 1973 166   9790.56  18.5  31.5   2.2   .51    .0
  4 1973 167  10292.64  17.3  30.0   2.1   .51    .3
  4 1973 168   9288.48  20.5  31.0   2.1   .51   3.6
  4 1973 169  12552.00  20.0  29.5   2.2   .51   1.8
  4 1973 170   3891.12  18.5  30.0   2.0   .51    .0
  4 1973 171  15062.40  19.5  31.5   2.0   .51   4.8
  4 1973 172   5271.84  20.5  30.5   2.0   .51    .0
  4 1973 173   5522.88  19.5  29.5   2.0   .51   1.0
  4 1973 174   8660.88  18.5  30.0   1.9   .51    .8
  4 1973 175  10041.60  18.0  31.0   2.0   .51  16.0
  4 1973 176  11673.36  18.5  30.0   2.1   .51    .0
  4 1973 177  13681.68  18.0  31.0   1.9   .51    .0
  4 1973 178  11673.36  18.0  28.5   2.2   .51   4.6
  4 1973 179  14811.36  17.9  29.8   2.0   .51    .0
  4 1973 180  15438.96  17.5  32.0   2.1   .51    .0
  4 1973 181  13305.12  20.0  31.5   2.1   .51    .0
  4 1973 182  12928.56  20.5  32.5   1.9   .52    .0
  4 1973 183  10543.68  20.0  31.5   2.5   .52    .0
  4 1973 184   4142.16  20.0  29.5   2.3   .52  16.5
  4 1973 185  10292.64  19.5  29.8   2.0   .52   2.0
  4 1973 186   6150.48  19.5  29.5   2.0   .52   4.1
  4 1973 187   6401.52  19.5  29.0   2.1   .52    .0
  4 1973 188   6903.60  19.0  25.4   2.0   .52  24.4
  4 1973 189  10418.16  19.5  30.0   2.1   .52   1.5
  4 1973 190   7154.64  20.9  29.5   1.1   .52  28.4
  4 1973 191   5146.32  20.5  27.8   2.0   .52   8.9
  4 1973 192   5020.80  20.0  28.8   2.0   .52   2.0
  4 1973 193  14058.24  19.5  28.5   2.0   .52   9.6
  4 1973 194  10543.68  19.5  32.0   2.2   .52  23.4
  4 1973 195   3765.60  20.5  28.0   2.0   .52  27.1
  4 1973 196  10669.20  19.0  31.0   1.9   .52   3.0
  4 1973 197   9162.96  20.0  31.0   2.1   .52    .0
  4 1973 198   9859.60  20.5  28.9   2.1   .52   8.9
  4 1973 199  11296.80  20.0  28.6   1.7   .52   3.0
  4 1973 200   8535.36  19.5  29.0   2.0   .52    .0
  4 1973 201   4895.28  19.5  29.0   2.1   .52  27.9
  4 1973 202  10418.16  20.5  29.5   2.0   .52  24.6
  4 1973 203  10292.64  20.0  29.0   2.1   .52    .0
  4 1973 204  16192.08  20.0  32.0   2.3   .52    .6
  4 1973 205  11547.84  19.5  32.0   2.0   .52   3.3
  4 1973 206   7029.12  19.5  30.0   2.0   .52   4.6
  4 1973 207  10794.72  18.5  30.5   2.1   .52    .0
  4 1973 208  16443.12  19.5  30.5   2.1   .52    .0
  4 1973 209  10669.20  20.5  31.5   2.2   .52    .0
  4 1973 210  12049.92  20.5  32.0   2.2   .53    .0
  4 1973 211  10292.64  20.5  30.5   2.1   .53    .0
  4 1973 212  11171.28  19.6  30.0   2.0   .53    .0
  4 1973 213   2761.44  19.5  28.5   2.3   .53   3.3
  4 1973 214  17572.80  18.0  28.0   1.9   .53    .0
  4 1973 215  10772.07  19.0  30.6   1.9   .53   1.3
  4 1973 216  14058.24  18.0  31.0   1.9   .53    .0
  4 1973 217  15564.48  19.8  31.5   1.8   .53    .0
  4 1973 218  12049.92  21.5  31.0   2.1   .53   4.6
  4 1973 219   9916.08  20.0  32.0   2.1   .53    .8
  4 1973 220  19204.56  20.0  31.8   2.1   .53    .0
  4 1973 221  12049.92  19.8  31.3   2.2   .53   2.3
  4 1973 222  14685.84  20.0  30.5   2.2   .53    .0
  4 1973 223   9414.00  19.5  32.0   2.1   .53    .0
  4 1973 224   9790.56  19.4  29.5   2.1   .53    .0
  4 1973 225  19706.64  19.0  32.0   2.1   .53   3.0
  4 1973 226  14685.84  19.0  32.0   2.1   .53    .5
  4 1973 227  15062.40  20.0  31.5   2.0   .53    .5
  4 1973 228   9288.48  20.0  29.5   1.9   .53    .0
  4 1973 229  15062.40  20.0  32.5   2.1   .53    .0
  4 1973 230  15941.04  20.0  31.6   2.1   .53    .2
  4 1973 231  14058.24  20.0  32.5   2.1   .53    .0
  4 1973 232  10920.24  20.0  32.5   2.0   .53    .0
  4 1973 233  13807.20  20.0  31.5   2.1   .53    .0
  4 1973 234  16945.20  20.0  33.0   2.1   .53    .0
  4 1973 235  15187.92  20.0  32.5   2.1   .53    .0
  4 1973 236  12803.04  20.0  33.0   2.2   .53   1.0
  4 1973 237  11296.80  19.0  32.0   1.9   .53    .5
  4 1973 238  13807.20  19.8  32.5   1.9   .53   6.1
  4 1973 239  12049.92  19.8  31.5   2.1   .53  17.3
  4 1973 240   7405.68  20.0  31.5   2.1   .53  33.0
  4 1973 241   3765.60  21.8  30.8   2.1   .53   2.8
  4 1973 242  11045.76  21.2  31.0   2.2   .53  11.1
  4 1973 243   9790.56  21.0  31.0   2.2   .53    .0
  4 1973 244   7280.16  21.0  31.5   1.9   .53   1.8
  4 1973 245   6024.96  20.5  29.0   1.9   .56    .8
  4 1973 246  10794.72  20.0  31.0   2.1   .56    .2
  4 1973 247  14811.36  21.0  32.0   2.1   .56    .2
  4 1973 248  18576.96  19.8  32.5   2.1   .56    .0
  4 1973 249  16568.64  19.5  32.0   2.0   .56    .0
  4 1973 250  14811.36  20.0  32.5   2.3   .56    .0
  4 1973 251  18619.97  20.0  32.0   2.0   .56    .0
  4 1973 252  17196.24  20.0  32.5   2.1   .56    .5
  4 1973 253  14764.12  21.5  31.8   2.2   .56   2.5
  4 1973 254   8158.80  20.5  31.0   2.1   .56    .0
  4 1973 255   5773.92  20.5  31.0   2.1   .56  16.2
  4 1973 256  11422.32  19.5  31.0   2.2   .56   3.5
  4 1973 257  13932.72  20.0  31.5   2.2   .56    .0
  4 1973 258  10292.64  19.8  30.0   2.1   .56    .0
  4 1973 259   9916.08  19.5  30.0   2.3   .56    .0
  4 1973 260   7029.12  21.0  28.6   2.2   .56   1.3
  4 1973 261  11673.36  20.0  29.6   2.1   .56  30.6
  4 1973 262   9916.08  21.6  31.0   2.4   .56  20.1
  4 1973 263  12677.52  19.8  31.8   2.4   .56    .2
  4 1973 264  11422.32  19.5  32.5   2.2   .56    .0
  4 1973 265   6652.56  19.5  29.0   2.2   .56   3.0
  4 1973 266  13681.68  20.5  32.0   2.1   .56    .0
  4 1973 267  13807.20  20.0  32.9   2.2   .56    .0
  4 1973 268   4769.76  20.3  30.5   2.2   .56   1.6
  4 1973 269  15187.92  19.5  30.6   2.3   .56    .0
  4 1973 270   8911.92  19.5  32.5   2.3   .56    .0
  4 1973 271  14811.36  19.5  32.4   2.3   .56  22.9
  4 1973 272   6024.96  19.5  32.8   2.4   .56   1.0
  4 1973 273  13179.60  19.5  32.5   2.3   .57   1.1
  4 1973 274  12552.00  19.5  32.5   2.0   .57   5.8
  4 1973 275   9539.52  19.0  32.5   2.0   .57  11.7
  4 1973 276  11924.40  19.5  32.5   2.0   .57    .2
  4 1973 277   9665.04  20.4  32.5   2.0   .57  17.8
  4 1973 278  12175.44  20.0  32.5   2.0   .57   4.1
  4 1973 279  11798.88  20.0  32.5   2.2   .57    .0
  4 1973 280  13556.16  20.0  32.5   2.1   .57    .0
  4 1973 281   7154.64  20.5  31.5   2.2   .57    .0
  4 1973 282   8786.40  20.4  31.0   2.0   .57   8.4
  4 1973 283  11798.88  20.0  31.0   2.2   .57  15.2
  4 1973 284   8660.88  20.5  32.0   2.1   .57    .0
  4 1973 285   7405.68  20.0  31.0   2.1   .57   8.1
  4 1973 286  10418.16  20.0  30.5   2.0   .57  23.9
  4 1973 287  12175.44  19.4  30.0   2.0   .57    .1
  4 1973 288  13556.16  19.4  30.0   2.0   .57    .0
  4 1973 289  13305.12  19.5  31.0   2.1   .57   4.1
  4 1973 290   8535.36  20.0  30.5   2.1   .57   2.3
  4 1973 291  15069.12  20.5  31.0   2.2   .57   2.0
  4 1973 292   9414.00  20.8  31.2   2.0   .57   6.1
  4 1973 293   9232.57  20.5  31.3   2.2   .57    .0
  4 1973 294  14811.36  19.5  32.5   1.9   .57    .0
  4 1973 295  11296.80  20.5  32.0   2.1   .57    .1
  4 1973 296  16401.89  19.0  32.0   2.0   .57  15.2
  4 1973 297  15062.40  19.4  31.8   2.0   .57    .5
  4 1973 298  10292.64  19.3  32.0   2.0   .57    .0
  4 1973 299  13430.64  19.5  31.5   2.1   .57    .0
  4 1973 300  12552.00  19.0  31.5   2.0   .57   4.3
  4 1973 301   7656.72  19.0  29.5   2.0   .57    .0
  4 1973 302   7782.24  20.5  30.0   2.1   .57   2.3
  4 1973 303  12049.92  19.0  32.2   2.0   .57    .0
  4 1973 304  11045.76  19.0  32.0   1.9   .57    .0
  4 1973 305  11798.88  20.5  32.5   2.1   .57    .0
  4 1973 306  15187.92  18.5  32.0   2.2   .57  12.2
  4 1973 307  13179.60  18.6  32.0   2.2   .57   1.8
  4 1973 308  13054.08  20.0  33.0   2.0   .55  33.0
  4 1973 309  10292.64  19.5  31.0   2.2   .55  29.4
  4 1973 310  11924.40  20.5  31.0   2.1   .55  25.4
  4 1973 311  11422.32  19.0  31.0   2.0   .55  12.9
  4 1973 312   3389.04  20.5  28.8   2.2   .55   7.6
  4 1973 313   9162.96  19.5  30.0   2.0   .55  11.2
  4 1973 314   8786.40  19.8  29.0   2.0   .55  15.8
  4 1973 315   8911.92  18.5  29.5   1.9   .55   5.6
  4 1973 316  11924.40  19.5  30.5   2.0   .55   2.1
  4 1973 317   7782.24  19.5  30.0   2.1   .55    .0
  4 1973 318  10669.20  18.5  30.5   2.2   .55   2.0
  4 1973 319   9037.44  19.5  31.0   2.2   .55  15.2
  4 1973 320   1757.28  19.4  28.6   2.1   .55  57.2
  4 1973 321   7782.24  19.5  30.5   1.8   .55  25.7
  4 1973 322   9037.44  19.0  30.0   1.9   .55  35.3
  4 1973 323   4016.64  31.0  28.0   2.0   .55  16.5
  4 1973 324   8409.84  21.0  30.0   2.1   .55   1.8
  4 1973 325   9162.96  21.5  31.8   2.1   .55    .0
  4 1973 326   9539.52  19.8  31.5   2.2   .55  34.0
  4 1973 327   6995.26  20.0  30.5   2.2   .55  43.7
  4 1973 328   7949.60  20.5  29.5   2.3   .55   8.1
  4 1973 329   7154.64  19.5  29.8   1.9   .55  18.3
  4 1973 330  12448.78  19.0  31.0   1.8   .55    .0
  4 1973 331   2133.84  20.0  29.6   2.1   .55  37.9
  4 1973 332   7531.20  19.5  32.0   2.2   .55  19.8
  4 1973 333  12928.56  19.5  31.5   2.2   .55   4.6
  4 1973 334  15903.84  31.0  19.5   2.2   .55   1.5
  4 1973 335  15564.48  17.0  31.5   1.9   .55    .0
  4 1973 336  14058.24  17.5  30.5   1.7   .57    .0
  4 1973 337  11422.32  19.0  30.5   1.6   .57    .0
  4 1973 338  12300.96  19.0  30.5   2.0   .57    .0
  4 1973 339  15564.48  18.5  31.5   2.2   .57    .0
  4 1973 340  14685.84  20.5  31.0   2.0   .57    .0
  4 1973 341   7154.64  18.5  31.0   1.8   .57   5.8
  4 1973 342   8786.40  19.0  29.0   1.9   .57  22.4
  4 1973 343   1757.28  20.0  26.0   2.0   .57  42.6
  4 1973 344   1631.76  19.0  28.0   1.7   .57 151.9
  4 1973 345   2886.96  18.9  27.0   1.8   .57  84.0
  4 1973 346   3263.52  19.0  26.8   1.9   .57  43.2
  4 1973 347   2635.92  19.0  26.0   1.8   .57  28.4
  4 1973 348   8660.88  18.5  29.4   1.7   .57    .0
  4 1973 349  14725.55  18.0  30.0   1.6   .57   2.5
  4 1973 350  13305.12  17.5  30.5   1.9   .57   6.6
  4 1973 351   3263.52  16.0  26.0   1.9   .57  73.9
  4 1973 352   4393.20  16.8  25.0   1.6   .57  11.9
  4 1973 353   5522.88  18.5  27.0   2.0   .57    .8
  4 1973 354  11045.76  16.2  30.0   2.0   .57    .0
  4 1973 355   6150.48  18.5  28.6   1.9   .57 110.8
  4 1973 356   3765.60  18.0  27.5   1.8   .57  29.9
  4 1973 357   8033.28  18.0  30.0   1.8   .57    .0
  4 1973 358  15062.40  15.0  30.0   1.3   .57    .0
  4 1973 359  11422.32  17.5  30.0   1.9   .57  10.7
  4 1973 360   6276.00  18.5  30.0   1.9   .57  24.7
  4 1973 361  12306.50  18.5  31.0   2.0   .57   4.1
  4 1973 362  13479.87  15.0  30.0   1.4   .57   7.9
  4 1973 363   6703.64  15.0  26.5   1.8   .57  16.8
  4 1973 364   7239.96  16.5  28.0   1.7   .57    .0
  4 1973 365  12175.44  16.5  30.0   1.9   .57    .0
