*---------------------------------------------------------              
* Station name: La Lola                                                 
* Author: Atlantic Zone Project, AUW-MAG-CATIE, Costa Rica              
* Source: IMN, San Jose, Costa Rica                                     
*                                                                       
* Comments: Wind speed data lacking                                     
*           Check unit (and CF) and its changes for SR                  
*                                                                       
*                                                                       
* Longitude:  83 23 W, latitude:  10  6 N, altitude:  40 m.             
* Column  Daily value                                                   
*    1    station number                                                
*    2    year                                                          
*    3    month                                                         
*    4    day                                                           
*    5    julian date                                                   
*    6    irradiation            (1000 * MJ m-2 d-1)                    
*    7    minimum temperature    (degrees Celcius)                      
*    8    maximum temperature    (degrees Celcius)                      
*    9    vapor pressure at 0700 (mbar)                                 
*   10    vapor pressure at 1300 (mbar)                                 
*   11    vapor pressure at 1800 (mbar)                                 
*   12    mean wind speed        (kilometer per hour)                   
*   13    precipitation          (mm d-1)                               
*   14    sunshine hours         (hours)                                
* Missing value: -99                                                    
*---------------------------------------------------------              
*  data converted with WDC for CABO-format
*-------------------------------------------
  83.38  10.10    40.  .00  .00
  4 1983   1  10867.61  20.0  30.0   2.4   .62   5.1
  4 1983   2   9628.00  22.0  30.0   2.6   .62   2.5
  4 1983   3  10507.00  19.0  30.8   2.4   .62  16.0
  4 1983   4  10088.00  21.0  30.0   2.5   .62   8.9
  4 1983   5  11637.00  21.0  30.0   2.6   .62   3.0
  4 1983   6  12935.00  22.0  30.8   2.7   .62   1.6
  4 1983   7   6776.49  22.0  28.0   2.7   .62  24.3
  4 1983   8   8916.00  22.0  28.5   2.8   .62   8.4
  4 1983   9   8539.00  22.0  27.5   2.9   .62   4.3
  4 1983  10  13897.00  22.0  32.2   2.9   .62   2.0
  4 1983  11   8414.00  23.2  30.0   2.8   .62   7.1
  4 1983  12   9879.00  22.5  29.0   2.8   .62    .0
  4 1983  13   4521.00  21.5  28.0   2.6   .62  86.4
  4 1983  14   5274.00  20.5  27.0   2.6   .62  49.0
  4 1983  15   6530.00  21.0  26.4   2.7   .62  29.2
  4 1983  16   5944.00  21.0  25.0   2.4   .62  14.7
  4 1983  17  11177.00  19.5  27.0   2.5   .62   3.5
  4 1983  18  11386.00  21.0  29.5   2.5   .62    .0
  4 1983  19  10925.00  21.0  30.0   2.7   .62    .0
  4 1983  20  14065.00  19.5  32.0   2.7   .62    .0
  4 1983  21  13018.00  20.0  32.0   2.7   .62    .0
  4 1983  22  10842.00  20.0  31.2   2.7   .62    .0
  4 1983  23   9251.00  20.5  30.4   2.6   .62    .0
  4 1983  24  14484.00  22.0  32.0   2.8   .62    .2
  4 1983  25  11009.00  22.0  31.0   2.8   .62    .0
  4 1983  26   9335.00  20.0  31.5   2.5   .62    .0
  4 1983  27  15714.82  19.5  32.0   2.6   .62    .0
  4 1983  28   9084.00  20.0  29.0   2.8   .61    .0
  4 1983  29   7702.00  19.5  30.5   2.4   .61    .0
  4 1983  30  11888.00  19.5  31.3   2.7   .61    .0
  4 1983  31  10256.00  19.0  30.8   2.5   .61    .0
  4 1983  32  12700.00  19.5  32.2   2.6   .61    .0
  4 1983  33  12100.00  21.0  32.0   2.6   .61    .0
  4 1983  34  12700.00  21.0  32.4   2.8   .61    .0
  4 1983  35   7681.99  19.0  29.4   2.5   .61   6.1
  4 1983  36  12300.00  20.5  30.4   2.6   .61    .0
  4 1983  37  13600.00  23.0  30.6   2.9   .61    .0
  4 1983  38  14100.00  23.2  32.6   2.9   .61    .0
  4 1983  39  13900.00  22.0  32.6   3.0   .61   1.3
  4 1983  40  12600.00  21.8  31.7   2.6   .61    .0
  4 1983  41  13300.00  23.0  32.6   3.0   .61    .0
  4 1983  42   6300.00  24.0  29.4   3.0   .61    .0
  4 1983  43   8200.00  25.2  31.0   3.2   .61  20.1
  4 1983  44   6000.00  24.0  28.3   3.1   .61  20.6
  4 1983  45   6000.00  21.0  26.2   2.7   .61   2.8
  4 1983  46  11400.00  22.0  30.3   2.7   .61    .0
  4 1983  47  15100.00  22.0  32.2   2.7   .61    .0
  4 1983  48  11400.00  21.0  32.2   2.7   .61   1.5
  4 1983  49  12800.00  22.0  31.2   2.8   .61    .0
  4 1983  50  11400.00  19.0  31.0   2.5   .61    .0
  4 1983  51   8900.00  20.0  30.1   2.6   .61    .0
  4 1983  52  11500.00  20.0  32.0   2.8   .61    .2
  4 1983  53   5100.00  22.0  29.9   2.7   .61   4.8
  4 1983  54   9836.41  22.0  31.3   2.7   .61   9.6
  4 1983  55   8218.26  23.0  30.3   2.8   .61   1.0
  4 1983  56   8900.00  23.0  30.6   2.8   .65    .2
  4 1983  57  14300.00  20.0  33.5   2.7   .65    .0
  4 1983  58  14287.42  25.0  34.0   3.3   .65    .0
  4 1983  59  11400.00  21.0  33.1   2.9   .65  30.2
  4 1983  60   2763.00  24.0  27.0   3.1   .65 121.4
  4 1983  61   2135.00  23.0  26.0   3.0   .65  69.0
  4 1983  62   6153.00  23.0  27.0   2.9   .65  13.2
  4 1983  63  11930.00  21.0  30.0   2.8   .65    .0
  4 1983  64  12307.00  20.0  32.0   2.4   .65    .0
  4 1983  65  15069.00  20.0  32.0   2.7   .65    .0
  4 1983  66  11428.00  21.5  32.4   2.9   .65    .0
  4 1983  67   9921.00  24.0  32.5   3.1   .65    .0
  4 1983  68  13688.00  22.0  32.5   3.2   .65    .0
  4 1983  69  15321.00  21.0  31.5   2.7   .65    .0
  4 1983  70  14818.00  20.5  31.5   2.7   .65  39.9
  4 1983  71   4395.00  20.5  25.5   2.4   .65  15.7
  4 1983  72   7284.00  21.0  28.0   2.5   .65   1.5
  4 1983  73  12684.00  20.0  30.0   2.6   .65    .0
  4 1983  74  14693.00  20.0  32.0   2.8   .65    .0
  4 1983  75  13060.00  20.0  32.5   3.0   .65    .0
  4 1983  76   8037.00  23.0  31.0   3.0   .65    .0
  4 1983  77   7284.00  23.0  31.0   3.3   .65    .0
  4 1983  78  10674.00  23.0  32.0   3.2   .65    .0
  4 1983  79  13688.00  21.0  34.0   2.7   .65    .0
  4 1983  80  12181.00  24.0  32.0   3.3   .65   2.5
  4 1983  81  10423.00  24.5  32.0   3.2   .65    .0
  4 1983  82  12056.00  23.0  31.5   3.0   .65    .0
  4 1983  83  10674.00  22.0  31.0   3.0   .65    .0
  4 1983  84  11302.00  22.5  31.5   3.0   .65    .0
  4 1983  85  14316.00  19.0  31.5   2.9   .65    .0
  4 1983  86  10423.00  21.0  30.0   2.7   .65    .0
  4 1983  87   4395.00  22.0  26.0   2.8   .65   8.9
  4 1983  88   5651.00  21.5  31.0   2.7   .65  33.0
  4 1983  89   8037.00  23.0  28.5   2.9   .65    .5
  4 1983  90  10799.00  20.0  30.0   2.3   .65    .0
  4 1983  91  15100.00  21.0  32.0   2.7   .64   1.8
  4 1983  92   8000.00  23.0  29.0   2.7   .64    .5
  4 1983  93  13900.00  22.6  30.0   2.7   .64    .0
  4 1983  94   8500.00  24.0  31.5   3.1   .64  14.5
  4 1983  95  12900.00  22.0  30.0   3.0   .64    .4
  4 1983  96  13130.63  22.0  31.0   2.9   .64   6.7
  4 1983  97  11700.00  23.0  30.0   3.1   .64  17.5
  4 1983  98  14100.00  20.0  31.5   2.7   .64   1.0
  4 1983  99  10900.00  22.0  32.0   2.9   .64  14.5
  4 1983 100   5900.00  22.0  30.0   2.6   .64    .0
  4 1983 101  18300.00  20.0  32.5   2.9   .64    .0
  4 1983 102  12900.00  19.0  29.5   2.8   .64    .9
  4 1983 103  11200.00  20.0  29.5   2.6   .64    .0
  4 1983 104  14200.00  21.0  31.5   2.8   .64    .0
  4 1983 105  18712.24  21.5  32.0   2.9   .64    .0
  4 1983 106  20159.58  21.5  33.0   3.0   .64    .0
  4 1983 107  20516.38  20.0  32.0   2.7   .64    .0
  4 1983 108  10360.01  20.0  30.0   2.7   .64   3.5
  4 1983 109   5400.00  22.0  29.0   2.6   .64    .0
  4 1983 110  14400.00  20.0  31.5   2.8   .64    .0
  4 1983 111  15661.15  21.0  32.0   2.7   .64    .0
  4 1983 112  15400.00  23.0  32.5   3.1   .64    .0
  4 1983 113  12900.00  21.5  32.0   2.7   .64    .0
  4 1983 114  15600.00  22.0  33.0   2.9   .64    .0
  4 1983 115  13400.00  22.5  33.0   3.0   .64    .3
  4 1983 116  14063.97  21.5  32.0   2.9   .64    .0
  4 1983 117  17300.00  21.0  33.1   2.9   .64   2.0
  4 1983 118  12400.00  23.0  32.0   2.8   .64    .0
  4 1983 119  13100.00  21.5  32.0   2.9   .59    .0
  4 1983 120  14400.00  21.5  32.5   2.9   .59    .0
  4 1983 121  14100.00  21.0  32.0   2.6   .59    .0
  4 1983 122  18200.00  20.0  33.0   2.7   .59    .0
  4 1983 123  17464.52  22.0  33.0   2.9   .59    .0
  4 1983 124  15783.20  23.0  33.0   3.0   .59    .0
  4 1983 125  13400.00  22.5  33.0   3.0   .59 102.1
  4 1983 126   1500.00  23.0  27.5   2.8   .59  14.2
  4 1983 127   6000.00  22.0  30.5   3.1   .59  39.1
  4 1983 128   7700.00  22.0  28.5   2.7   .59 111.3
  4 1983 129   7400.00  23.0  28.0   2.9   .59   5.1
  4 1983 130   9400.00  23.0  31.5   3.1   .59  47.4
  4 1983 131   8700.00  24.0  30.5   2.8   .59  41.2
  4 1983 132  13400.00  23.0  30.5   3.1   .59    .0
  4 1983 133   9500.00  23.0  31.0   3.0   .59   8.1
  4 1983 134   7200.00  23.0  30.5   3.0   .59  33.5
  4 1983 135   8698.14  22.5  30.0   2.7   .59   5.8
  4 1983 136  10800.00  21.0  31.5   2.7   .59   7.6
  4 1983 137   4900.00  23.0  27.0   3.1   .59   2.5
  4 1983 138   4000.00  22.0  27.0   3.0   .59  22.6
  4 1983 139   6400.00  23.0  29.0   3.1   .59  25.6
  4 1983 140  11478.92  23.8  31.0   2.9   .59  14.7
  4 1983 141   9014.78  24.0  30.0   2.9   .59  22.4
  4 1983 142  15549.25  20.0  32.0   2.8   .59    .0
  4 1983 143  20086.39  21.5  32.5   3.1   .59    .0
  4 1983 144  16700.00  20.5  32.5   2.8   .59    .0
  4 1983 145  13200.00  21.0  31.0   2.9   .59    .0
  4 1983 146  10800.00  24.0  32.5   3.0   .59    .0
  4 1983 147  12600.00  21.5  32.5   3.1   .59    .0
  4 1983 148  11400.00  21.5  31.5   3.1   .59    .0
  4 1983 149  16853.55  21.5  33.5   3.0   .59    .0
  4 1983 150  12000.00  22.5  33.0   3.0   .59    .0
  4 1983 151   9700.00  23.5  32.0   2.9   .59  12.2
  4 1983 152  15488.00  22.0  33.0   3.0   .59    .3
  4 1983 153  13563.00  23.4  33.0   3.0   .59  10.2
  4 1983 154   7902.24  22.5  30.0   2.7   .51  11.6
  4 1983 155  11260.00  23.0  31.0   2.9   .51   1.1
  4 1983 156  12056.00  22.0  31.4   2.9   .51    .0
  4 1983 157  18604.19  22.8  32.5   3.1   .51    .0
  4 1983 158  14794.26  22.5  32.5   2.8   .51  25.9
  4 1983 159   9609.35  23.0  31.0   2.9   .51    .0
  4 1983 160  16535.00  22.0  33.0   2.8   .51    .0
  4 1983 161   9377.00  22.0  32.5   2.7   .51   7.3
  4 1983 162  12307.00  22.5  32.0   2.7   .51    .0
  4 1983 163  15614.00  23.0  31.5   2.9   .51    .0
  4 1983 164  18883.09  21.5  34.0   2.9   .51    .0
  4 1983 165  14651.00  23.0  33.5   2.9   .51    .0
  4 1983 166  14603.00  22.0  33.0   2.9   .51    .0
  4 1983 167  11930.00  23.0  33.8   2.9   .51    .0
  4 1983 168  13479.00  23.0  32.8   2.9   .51   1.3
  4 1983 169   6614.00  23.0  31.0   2.9   .51    .0
  4 1983 170  15111.00  22.0  34.0   3.1   .51    .2
  4 1983 171  11595.00  23.0  33.0   3.0   .51   6.1
  4 1983 172   9669.00  23.0  32.5   2.9   .51    .0
  4 1983 173  10423.00  22.0  33.0   3.1   .51    .0
  4 1983 174   3893.00  22.5  28.0   3.0   .51   8.6
  4 1983 175  13730.00  19.5  31.0   2.7   .51    .0
  4 1983 176  13353.00  23.5  33.0   3.1   .51    .0
  4 1983 177  13897.00  21.5  34.0   2.9   .51   1.0
  4 1983 178   2051.00  23.0  27.0   3.0   .51  44.4
  4 1983 179  15066.88  21.5  32.0   2.9   .51   9.6
  4 1983 180   5484.00  23.0  30.0   2.8   .51   1.8
  4 1983 181  14274.00  21.0  30.0   2.8   .51   3.8
  4 1983 182   7620.00  23.5  29.5   2.8   .52   1.5
  4 1983 183  10800.00  22.5  30.5   2.8   .52   5.8
  4 1983 184  10130.00  22.0  31.0   2.9   .52  10.2
  4 1983 185   7990.00  22.0  30.5   2.9   .52    .0
  4 1983 186   7030.00  21.5  31.0   2.8   .52  18.6
  4 1983 187   6280.00  22.0  29.5   3.0   .52   9.9
  4 1983 188  13723.53  21.0  31.5   2.8   .52   3.3
  4 1983 189   5480.00  22.5  29.0   2.8   .52   9.4
  4 1983 190   6860.00  21.5  30.0   2.8   .52   3.0
  4 1983 191  14990.00  22.0  32.5   2.7   .52    .0
  4 1983 192   3010.00  21.5  27.0   2.9   .52   3.5
  4 1983 193  12255.98  22.0  32.0   2.7   .52   7.6
  4 1983 194  10071.74  22.5  31.5   3.0   .52  36.3
  4 1983 195  13060.00  23.0  32.5   2.9   .52    .1
  4 1983 196  16200.00  23.0  33.6   2.8   .52   1.4
  4 1983 197   8620.00  23.0  32.0   2.9   .52   9.2
  4 1983 198   7370.00  22.0  29.0   2.8   .52   3.8
  4 1983 199   9920.00  22.0  31.5   3.0   .52   9.6
  4 1983 200   7030.00  22.0  31.0   2.9   .52  32.5
  4 1983 201   8160.00  24.0  30.0   3.2   .52   3.5
  4 1983 202   9840.00  23.0  32.0   3.1   .52  12.7
  4 1983 203   9420.79  23.0  32.0   3.0   .52  26.6
  4 1983 204  13940.00  20.0  33.0   2.7   .52   4.3
  4 1983 205   5940.00  21.5  29.0   2.8   .52  15.4
  4 1983 206  14326.14  21.0  31.0   2.9   .52    .2
  4 1983 207  15384.73  22.0  31.0   2.9   .52   1.5
  4 1983 208  17160.00  21.5  32.5   3.2   .52  17.5
  4 1983 209  12260.00  22.5  32.0   3.1   .52  81.8
  4 1983 210   3140.00  21.5  30.0   2.7   .53    .9
  4 1983 211   8290.00  21.0  29.5   2.9   .53  11.2
  4 1983 212   7943.22  22.0  29.0   2.8   .53  16.0
  4 1983 213   9236.10  21.5  30.5   2.8   .53    .2
  4 1983 214  14023.00  22.5  33.0   2.9   .53    .0
  4 1983 215   5902.00  21.0  32.5   2.6   .53    .0
  4 1983 216   2805.00  22.0  31.5   2.8   .53  28.9
  4 1983 217  12666.63  22.5  31.0   3.0   .53  12.0
  4 1983 218   2805.00  22.5  28.0   2.8   .53  22.7
  4 1983 219  18812.66  21.5  31.5   2.8   .53   1.7
  4 1983 220  12391.00  23.0  31.5   3.2   .53    .0
  4 1983 221  12813.39  23.0  30.5   3.0   .53  36.3
  4 1983 222   5107.00  23.0  31.5   3.1   .53  35.3
  4 1983 223   4228.00  23.0  29.5   2.9   .53   4.2
  4 1983 224   8924.06  20.5  31.0   2.8   .53    .0
  4 1983 225   6405.00  21.0  30.5   2.9   .53  11.4
  4 1983 226   5065.00  22.0  30.0   2.9   .53  89.4
  4 1983 227   3809.00  20.5  31.0   2.7   .53   6.9
  4 1983 228   3181.00  22.0  32.0   3.0   .53    .0
  4 1983 229   2093.00  22.0  30.5   3.0   .53   3.1
  4 1983 230   8579.25  23.0  27.5   2.9   .53  16.0
  4 1983 231   8937.56  20.5  30.5   2.4   .53   1.1
  4 1983 232   5986.00  22.5  32.0   3.0   .53  16.3
  4 1983 233  15261.82  23.0  33.0   2.9   .53    .0
  4 1983 234   4186.00  23.5  30.0   3.0   .53   2.5
  4 1983 235   1758.00  23.0  31.0   2.9   .53   2.4
  4 1983 236   9178.23  24.0  29.0   2.9   .53   7.4
  4 1983 237   6865.00  23.0  31.5   2.9   .53   5.8
  4 1983 238   3809.00  24.0  31.0   2.8   .53   4.3
  4 1983 239  12767.33  24.0  30.0   3.0   .53  18.5
  4 1983 240   4019.00  22.0  30.0   2.7   .53   9.5
  4 1983 241  11209.53  23.0  31.0   2.9   .53    .2
  4 1983 242  11218.00  23.0  32.0   3.1   .53    .0
  4 1983 243   7199.00  23.0  31.0   2.8   .53   5.1
  4 1983 244  10670.00  24.0  31.5   2.9   .53    .0
  4 1983 245  15280.80  22.0  32.5   3.0   .56    .0
  4 1983 246   4560.00  22.0  29.0   2.7   .56   8.9
  4 1983 247  10714.15  22.0  32.0   3.0   .56    .0
  4 1983 248   9920.00  23.0  30.0   2.7   .56   2.8
  4 1983 249  13190.00  22.0  27.5   2.9   .56    .0
  4 1983 250  10840.00  21.0  32.0   3.1   .56    .0
  4 1983 251   6740.00  21.0  30.0   2.9   .56    .0
  4 1983 252  13730.00  22.0  33.0   2.9   .56  20.8
  4 1983 253   9330.00  21.0  31.0   2.7   .56   3.0
  4 1983 254   7870.00  22.0  27.0   2.8   .56  23.5
  4 1983 255   8040.00  20.0  31.0   2.7   .56    .3
  4 1983 256  15219.56  20.0  31.5   2.8   .56   6.6
  4 1983 257  12600.00  21.0  32.5   2.5   .56    .0
  4 1983 258  11220.00  21.0  32.5   2.8   .56   2.5
  4 1983 259   7870.00  22.0  32.0   2.7   .56    .0
  4 1983 260  13390.00  23.0  32.0   2.8   .56    .3
  4 1983 261   8200.00  22.0  30.0   2.7   .56    .4
  4 1983 262  11557.69  22.0  31.0   2.7   .56   2.9
  4 1983 263  14059.50  22.0  31.5   2.7   .56    .0
  4 1983 264  11180.00  21.0  31.0   2.6   .56   3.0
  4 1983 265   9540.00  22.0  31.0   2.8   .56    .5
  4 1983 266   8920.00  22.0  31.0   2.8   .56   3.0
  4 1983 267   9500.00  21.0  32.0   2.4   .56    .0
  4 1983 268   3980.00  22.5  27.5   2.9   .56   8.9
  4 1983 269  16469.29  22.0  32.0   2.8   .56    .5
  4 1983 270   9540.00  22.0  32.0   2.8   .56    .0
  4 1983 271  10760.00  21.0  31.5   2.7   .56    .0
  4 1983 272   5900.00  21.5  31.0   3.0   .56    .0
  4 1983 273  11514.93  21.0  32.0   2.9   .57    .1
  4 1983 274  11971.74  22.0  32.0   3.0   .57   9.9
  4 1983 275  12071.45  21.6  29.9   2.7   .57    .0
  4 1983 276  14301.62  22.0  31.0   3.1   .57  10.4
  4 1983 277   9666.80  21.5  31.0   2.9   .57    .0
  4 1983 278   7641.18  22.0  26.9   2.9   .57  18.8
  4 1983 279   8333.60  21.0  27.0   2.7   .57  11.4
  4 1983 280  16211.03  20.0  30.8   2.7   .57   1.0
  4 1983 281  13947.99  19.5  30.6   2.7   .57  26.7
  4 1983 282  10515.45  20.5  29.4   2.6   .57  49.7
  4 1983 283  13193.60  20.0  30.8   2.8   .57   9.2
  4 1983 284  10005.19  20.0  30.0   2.7   .57   1.0
  4 1983 285   9867.59  21.0  29.5   2.6   .57   1.8
  4 1983 286  12700.00  21.0  31.0   2.9   .57    .0
  4 1983 287  10400.00  21.0  30.0   2.6   .57  21.3
  4 1983 288  16200.00  20.0  31.5   2.6   .57  11.9
  4 1983 289  17000.00  23.0  31.3   2.8   .57    .0
  4 1983 290  20200.00  21.5  32.5   2.9   .57    .5
  4 1983 291  19600.00  20.0  32.0   2.8   .57    .0
  4 1983 292  14900.00  19.5  31.0   2.9   .57   1.8
  4 1983 293  13500.00  20.0  30.0   2.9   .57   5.6
  4 1983 294  13900.00  19.5  30.0   2.8   .57  32.8
  4 1983 295  19700.00  20.0  32.0   2.6   .57    .0
  4 1983 296  14100.00  20.0  31.0   2.9   .57    .0
  4 1983 297  18200.00  20.5  32.5   2.9   .57    .0
  4 1983 298   8500.00  21.0  29.0   2.8   .57    .3
  4 1983 299  13500.00  19.5  31.5   2.7   .57    .0
  4 1983 300  12600.00  21.0  31.5   3.0   .57  34.5
  4 1983 301   3100.00  21.5  25.0   3.0   .57  18.8
  4 1983 302   4200.00  20.5  25.0   2.9   .57  36.3
  4 1983 303   7196.27  20.5  28.0   2.7   .57   8.6
  4 1983 304   8500.00  21.0  28.8   2.7   .57   1.4
  4 1983 305  14900.00  19.0  31.0   2.7   .57    .0
  4 1983 306  16200.00  20.5  30.0   2.7   .57   5.3
  4 1983 307   8200.00  22.0  27.0   2.8   .57   9.9
  4 1983 308  10200.00  20.0  27.8   2.6   .55  27.1
  4 1983 309   9600.00  21.0  30.0   3.0   .55   4.6
  4 1983 310  11900.00  21.0  31.0   2.8   .55    .8
  4 1983 311   6100.00  21.5  27.0   2.9   .55  10.9
  4 1983 312   5400.00  19.0  31.0   2.7   .55    .0
  4 1983 313  12300.00  20.5  30.0   2.9   .55   5.1
  4 1983 314  15500.00  22.0  30.5   3.0   .55    .0
  4 1983 315  12400.00  21.5  31.0   2.8   .55    .0
  4 1983 316  12800.00  19.0  31.0   2.5   .55    .0
  4 1983 317  14000.00  20.0  32.0   2.5   .55   3.8
  4 1983 318  11800.00  22.0  31.2   2.7   .55    .0
  4 1983 319  16000.00  22.0  32.0   2.8   .55    .0
  4 1983 320  15700.00  20.0  33.0   2.7   .55  14.0
  4 1983 321  13100.00  22.0  31.0   2.7   .55    .0
  4 1983 322  14400.00  20.5  31.3   2.4   .55    .0
  4 1983 323  10800.00  22.0  31.0   2.8   .55   1.0
  4 1983 324  10800.00  22.0  32.0   2.8   .55    .0
  4 1983 325   4600.00  20.0  32.0   2.9   .55   9.1
  4 1983 326   7000.00  21.0  29.0   2.7   .55    .9
  4 1983 327   9700.00  21.0  31.5   2.8   .55   2.3
  4 1983 328   4700.00  21.5  31.0   2.7   .55   3.9
  4 1983 329  11000.00  20.5  31.0   2.9   .55   1.5
  4 1983 330  10200.00  20.0  29.0   2.7   .55    .0
  4 1983 331  10300.00  21.0  29.5   2.7   .55    .1
  4 1983 332   5400.00  20.5  30.5   2.8   .55    .2
  4 1983 333   8600.00  20.0  31.0   2.7   .55    .9
  4 1983 334   3100.00  20.0  30.0   2.7   .55   6.1
  4 1983 335  11810.00  20.0  30.0   2.9   .55   1.8
  4 1983 336   8830.00  19.5  27.4   2.5   .57    .5
  4 1983 337   8290.00  19.0  33.0   2.5   .57    .0
  4 1983 338  10340.00  21.0  30.5   2.5   .57    .3
  4 1983 339  10970.00  20.5  31.5   2.9   .57    .0
  4 1983 340   8790.00  20.0  30.5   2.6   .57   5.2
  4 1983 341  16620.00  19.0  31.5   2.5   .57    .0
  4 1983 342  16070.00  15.5  31.0   2.3   .57   1.3
  4 1983 343  12390.00  19.0  30.5   2.6   .57   1.0
  4 1983 344  10970.00  19.0  30.0   2.5   .57  15.7
  4 1983 345   5480.00  20.0  30.0   2.3   .57   8.9
  4 1983 346  13900.00  18.0  30.0   2.6   .57   1.9
  4 1983 347  11590.00  19.0  31.0   2.8   .57   7.6
  4 1983 348  11800.00  19.0  31.0   2.6   .57    .8
  4 1983 349  14270.00  18.0  30.0   2.6   .57    .7
  4 1983 350   8120.00  19.0  30.0   2.6   .57   1.0
  4 1983 351   4020.00  20.0  30.0   2.7   .57  20.1
  4 1983 352   6574.18  20.0  30.5   2.8   .57   2.0
  4 1983 353  11170.00  20.5  31.0   2.7   .57   8.9
  4 1983 354  12180.00  20.0  30.5   2.6   .57    .0
  4 1983 355   9000.00  21.0  30.0   2.6   .57  38.0
  4 1983 356   7450.00  22.0  30.0   2.6   .57   1.4
  4 1983 357   6892.96  22.0  28.0   2.7   .57  19.7
  4 1983 358   6740.00  21.0  29.0   2.6   .57   1.3
  4 1983 359   6950.00  20.4  23.0   2.6   .57   6.1
  4 1983 360  13140.00  22.0  31.0   2.6   .57    .0
  4 1983 361   8176.42  18.0  29.0   2.4   .57    .0
  4 1983 362  12390.00  19.0  30.6   2.5   .57    .0
  4 1983 363  11260.00  20.0  31.2   2.7   .57  10.9
  4 1983 364   6450.00  22.0  29.0   2.9   .57  34.8
  4 1983 365  13860.00  18.0  30.0   2.4   .57  14.8
