*---------------------------------------------------------              
* Station name: La Lola                                                 
* Author: Atlantic Zone Project, AUW-MAG-CATIE, Costa Rica              
* Source: IMN, San Jose, Costa Rica                                     
*                                                                       
* Comments: Wind speed data lacking                                     
*           Check unit (and CF) and its changes for SR                  
*           No SR data for Jan                                          
*                                                                       
* Longitude:  83 23 W, latitude:  10  6 N, altitude:  40 m.             
* Column  Daily value                                                   
*    1    station number                                                
*    2    year                                                          
*    3    month                                                         
*    4    day                                                           
*    5    julian date                                                   
*    6    irradiation            (cal cm-2 d-1)                         
*    7    minimum temperature    (degrees Celcius)                      
*    8    maximum temperature    (degrees Celcius)                      
*    9    vapor pressure at 0700 (mbar)                                 
*   10    vapor pressure at 1300 (mbar)                                 
*   11    vapor pressure at 1800 (mbar)                                 
*   12    mean wind speed        (kilometer per hour)                   
*   13    precipitation          (mm d-1)                               
*   14    sunshine hours         (hours)                                
* Missing value: -99                                                    
*---------------------------------------------------------              
*  data converted with WDC for CABO-format
*-------------------------------------------
  83.38  10.10    40.  .00  .00
  4 1982   1   9804.84  21.6  32.0   2.0   .62    .0
  4 1982   2  14495.73  16.5  32.0   1.9   .62    .0
  4 1982   3  14192.07  16.0  32.0   1.8   .62    .0
  4 1982   4  12716.30  17.0  32.0   2.1   .62    .0
  4 1982   5   9744.30  16.5  32.0   1.9   .62    .0
  4 1982   6  11039.64  17.5  30.0   2.0   .62   1.9
  4 1982   7  14692.19  18.0  31.0   2.0   .62   2.2
  4 1982   8  14713.31  16.0  32.0   1.8   .62    .5
  4 1982   9  11517.83  16.5  30.8   1.9   .62    .0
  4 1982  10  12288.18  15.5  31.0   1.8   .62   2.0
  4 1982  11  12631.25  17.5  31.5   2.0   .62    .3
  4 1982  12  11467.93  18.0  32.0   2.0   .62    .0
  4 1982  13  10301.67  16.0  32.0   1.9   .62    .0
  4 1982  14  11401.70  19.0  31.5   1.5   .62   3.8
  4 1982  15  12722.44  18.0  31.5   2.1   .62   5.6
  4 1982  16  11879.59  15.0  32.0   2.0   .62   6.9
  4 1982  17  11143.01  15.0  31.5   2.1   .62   1.5
  4 1982  18  12689.50  17.0  31.5   1.9   .62   4.6
  4 1982  19   8355.22  17.5  30.0   2.0   .62  28.7
  4 1982  20  13179.75  19.0  32.7   2.0   .62  17.8
  4 1982  21   7846.21  17.0  27.0   1.9   .62   9.2
  4 1982  22   9838.30  15.0  30.3   1.6   .62    .0
  4 1982  23  14914.35  16.0  31.0   1.8   .62    .0
  4 1982  24  15608.03  16.0  32.0   1.8   .62    .0
  4 1982  25   8694.73  16.0  31.0   1.9   .62    .0
  4 1982  26  15568.22  16.0  31.5   1.9   .62    .0
  4 1982  27  14275.16  16.0  31.5   2.0   .62   2.5
  4 1982  28  16084.26  16.5  32.0   1.7   .61    .5
  4 1982  29  12118.54  15.0  31.5   1.9   .61    .0
  4 1982  30  14711.18  14.0  32.0   1.7   .61    .0
  4 1982  31  10167.89  15.0  30.5   1.7   .61    .0
  4 1982  32  16124.91  16.0  31.5   1.9   .61    .0
  4 1982  33  14811.36  17.0  32.0   1.9   .61    .0
  4 1982  34  11924.40  15.0  31.0   1.8   .61    .0
  4 1982  35  11045.76  15.0  31.5   1.7   .61    .0
  4 1982  36  11547.84  15.0  31.0   1.8   .61    .0
  4 1982  37   8535.36  17.5  31.5   2.0   .61   4.1
  4 1982  38  12803.04  17.5  31.5   2.0   .61  17.8
  4 1982  39  11924.40  18.0  31.5   2.0   .61    .5
  4 1982  40  14685.84  16.0  31.0   2.0   .61   1.4
  4 1982  41  15690.00  18.0  32.2   2.0   .61   1.5
  4 1982  42  13556.16  15.0  32.0   1.9   .61    .0
  4 1982  43  13681.68  17.0  32.0   2.0   .61   2.5
  4 1982  44   9162.96  17.0  30.0   1.9   .61  33.8
  4 1982  45   9288.48  21.2  30.0   1.9   .61   7.4
  4 1982  46  13305.12  17.0  31.0   2.0   .61    .0
  4 1982  47  14811.36  15.0  31.5   1.8   .61    .0
  4 1982  48  15690.00  16.0  32.0   1.9   .61    .0
  4 1982  49  11171.28  18.0  31.5   2.0   .61    .0
  4 1982  50  12049.92  15.0  31.5   1.9   .61    .0
  4 1982  51  13556.16  15.0  31.5   1.9   .61    .0
  4 1982  52  18884.12  16.5  31.5   1.8   .61    .0
  4 1982  53  19274.98  15.0  31.9   1.8   .61    .0
  4 1982  54  15453.68  15.0  32.0   1.8   .61    .0
  4 1982  55  14183.76  14.0  31.5   1.8   .61   1.3
  4 1982  56   3347.20  17.0  27.5   1.9   .65  25.7
  4 1982  57  10167.12  17.0  30.5   1.9   .65   1.9
  4 1982  58   4769.76  17.5  30.0   2.0   .65  16.5
  4 1982  59  10669.20  16.5  30.5   1.9   .65   7.1
  4 1982  60  12049.92  17.0  30.5   1.9   .65  15.5
  4 1982  61   9162.96  18.0  29.0   2.0   .65  20.6
  4 1982  62   8660.88  18.0  30.5   1.9   .65   2.7
  4 1982  63  13305.12  15.0  31.0   1.9   .65    .0
  4 1982  64  15438.96  15.0  31.6   1.9   .65    .0
  4 1982  65  13807.20  16.5  32.0   2.0   .65    .0
  4 1982  66  18561.23  15.5  32.5   2.0   .65   2.0
  4 1982  67  16443.12  16.5  32.0   1.9   .65    .0
  4 1982  68  12677.52  15.0  32.0   1.7   .65   5.1
  4 1982  69  15690.00  15.0  31.8   1.8   .65  14.7
  4 1982  70   8660.88  17.0  32.0   1.8   .65   1.0
  4 1982  71  11924.40  17.0  31.7   1.9   .65    .3
  4 1982  72  19570.75  16.5  31.0   1.9   .65   4.3
  4 1982  73   7814.04  17.0  29.5   1.9   .65    .5
  4 1982  74  13681.68  16.0  31.0   2.0   .65    .0
  4 1982  75  11547.84  15.0  31.0   1.8   .65   1.3
  4 1982  76  16443.12  17.5  31.0   1.9   .65    .0
  4 1982  77   7154.64  17.5  32.0   1.8   .65    .0
  4 1982  78  15848.75  14.5  32.0   1.8   .65    .8
  4 1982  79  11422.32  17.0  30.5   1.9   .65    .0
  4 1982  80  11924.40  15.5  31.0   1.9   .65    .0
  4 1982  81  10543.68  15.0  31.0   1.9   .65   1.8
  4 1982  82   8660.88  19.0  31.5   1.9   .65    .0
  4 1982  83  11045.76  16.0  31.5   1.9   .65    .0
  4 1982  84  14058.24  16.5  32.5   2.0   .65    .0
  4 1982  85  13305.12  16.0  31.0   1.9   .65  64.3
  4 1982  86  14560.32  19.0  31.5   2.2   .65    .0
  4 1982  87  14644.04  21.0  30.5   2.0   .65   5.8
  4 1982  88  15941.04  22.0  31.0   1.9   .65   2.5
  4 1982  89   9539.52  22.5  29.5   2.0   .65    .9
  4 1982  90  16066.56  21.5  31.5   1.9   .65    .3
  4 1982  91  19330.08  20.0  32.0   1.9   .64    .0
  4 1982  92  17321.76  20.0  31.0   1.9   .64    .0
  4 1982  93  14560.32  22.0  32.0   2.1   .64   1.5
  4 1982  94  16819.68  22.0  32.0   2.2   .64    .0
  4 1982  95  16443.12  20.5  32.0   2.0   .64    .0
  4 1982  96  12175.44  22.0  31.5   2.0   .64  12.4
  4 1982  97   7405.68  23.0  30.0   1.9   .64   4.3
  4 1982  98  15438.96  21.0  30.5   2.0   .64   3.3
  4 1982  99  16780.46  23.0  33.5   1.7   .64    .0
  4 1982 100  13556.16  22.5  33.0   2.1   .64    .0
  4 1982 101  14560.32  21.0  33.2   2.3   .64    .0
  4 1982 102  14309.28  22.0  33.0   2.0   .64    .0
  4 1982 103  13807.20  22.0  32.0   2.0   .64   6.1
  4 1982 104   8535.36  23.0  29.5   2.1   .64   6.6
  4 1982 105   9288.48  21.5  30.0   2.1   .64   1.5
  4 1982 106   8033.28  22.0  30.0   2.0   .64    .0
  4 1982 107  14434.80  21.5  32.0   1.9   .64    .0
  4 1982 108  12677.52  21.0  32.5   2.1   .64   2.5
  4 1982 109  17321.76  20.0  32.0   2.1   .64    .0
  4 1982 110  17196.24  20.0  32.0   2.0   .64   1.5
  4 1982 111  13681.68  20.0  31.5   1.9   .64   2.7
  4 1982 112  10920.24  20.5  31.8   2.1   .64  15.2
  4 1982 113   8063.58  19.5  31.5   2.1   .64  21.6
  4 1982 114   6024.96  22.8  27.0   2.0   .64   9.8
  4 1982 115   9162.96  20.5  30.0   2.0   .64   2.0
  4 1982 116   7782.24  21.5  30.0   2.1   .64   4.8
  4 1982 117  10041.60  20.5  30.0   2.1   .64   3.8
  4 1982 118   9288.48  20.0  31.0   2.2   .64   3.3
  4 1982 119  10292.64  20.1  31.5   2.1   .59    .0
  4 1982 120  15690.00  20.0  32.0   2.3   .59    .0
  4 1982 121   9539.52  23.0  31.0   2.2   .59  23.1
  4 1982 122  15187.92  22.0  32.8   2.3   .59    .0
  4 1982 123  13886.32  23.0  32.0   2.2   .59    .0
  4 1982 124  14710.86  22.5  32.0   2.2   .59    .2
  4 1982 125  14936.88  21.0  32.8   2.1   .59    .0
  4 1982 126  14811.36  22.0  32.0   2.2   .59    .0
  4 1982 127   9162.96  22.0  32.8   2.2   .59   1.9
  4 1982 128  14434.80  22.5  32.5   2.1   .59    .1
  4 1982 129   9916.08  22.0  30.5   2.2   .59   1.3
  4 1982 130   8786.40  22.5  32.0   2.1   .59    .0
  4 1982 131   7280.16  22.0  32.0   2.1   .59    .0
  4 1982 132  15815.52  23.0  33.0   2.2   .59   1.8
  4 1982 133  10292.64  23.0  33.0   2.1   .59    .9
  4 1982 134  16066.56  23.0  33.0   2.1   .59    .0
  4 1982 135  13179.60  22.5  32.0   2.2   .59    .0
  4 1982 136  14811.36  22.5  32.5   2.2   .59    .0
  4 1982 137  13807.20  22.0  32.6   2.1   .59    .0
  4 1982 138  13807.20  24.0  32.0   2.2   .59    .0
  4 1982 139   7656.72  22.5  31.5   2.2   .59    .2
  4 1982 140   8409.84  22.5  32.0   2.1   .59    .2
  4 1982 141   5773.92  23.5  30.4   2.2   .59  45.0
  4 1982 142  14685.84  21.5  31.5   2.2   .59   1.3
  4 1982 143  12552.00  23.5  33.0   2.2   .59  51.1
  4 1982 144   8284.32  24.0  31.5   2.2   .59   2.5
  4 1982 145   9539.52  23.4  30.5   2.1   .59   5.8
  4 1982 146   9037.44  23.0  30.0   2.0   .59   2.5
  4 1982 147  13179.60  22.5  33.0   2.2   .59   5.6
  4 1982 148  11296.80  23.0  30.8   2.2   .59   2.8
  4 1982 149  10794.72  23.0  30.8   2.3   .59  16.3
  4 1982 150  14309.28  23.0  32.6   2.3   .59    .0
  4 1982 151  10794.72  23.0  31.5   2.2   .59   9.9
  4 1982 152  14685.84  23.0  31.5   2.2   .59    .0
  4 1982 153  18306.45  24.0  32.5   2.3   .59    .0
  4 1982 154  11171.28  23.5  31.8   2.3   .51    .8
  4 1982 155  16568.64  24.0  32.5   2.3   .51    .0
  4 1982 156  16443.12  24.5  33.0   2.2   .51  17.8
  4 1982 157   5648.40  21.5  32.0   2.0   .51   3.3
  4 1982 158   9288.48  23.0  30.5   2.1   .51   3.0
  4 1982 159  12175.44  22.0  30.0   2.1   .51    .0
  4 1982 160   8535.36  22.5  29.0   1.9   .51    .0
  4 1982 161  13681.68  23.0  29.5   2.2   .51    .0
  4 1982 162  13157.15  23.0  30.5   2.2   .51  16.0
  4 1982 163  13681.68  21.6  32.0   2.0   .51   1.0
  4 1982 164  13179.60  20.0  32.0   1.8   .51    .0
  4 1982 165  14309.28  24.0  32.5   2.3   .51   3.6
  4 1982 166  11798.88  24.5  32.0   2.3   .51    .0
  4 1982 167  13248.52  23.0  32.0   2.3   .51   8.8
  4 1982 168  14058.24  20.5  32.0   2.2   .51    .0
  4 1982 169  15438.96  21.5  32.0   2.3   .51    .0
  4 1982 170  16443.12  20.5  32.5   2.3   .51    .5
  4 1982 171   9790.56  20.5  32.5   2.0   .51    .0
  4 1982 172   8911.92  20.5  30.5   2.2   .51  38.3
  4 1982 173  15313.44  20.5  31.0   2.2   .51   8.3
  4 1982 174   6903.60  20.5  29.5   2.2   .51    .0
  4 1982 175   9916.08  21.0  31.0   2.1   .51  14.2
  4 1982 176   6527.04  20.5  28.0   2.2   .51    .3
  4 1982 177  13556.16  20.0  29.0   2.2   .51    .0
  4 1982 178   6903.60  21.0  28.0   2.0   .51  15.5
  4 1982 179   9037.44  21.0  30.5   2.2   .51  16.8
  4 1982 180   3891.12  21.0  26.0   2.2   .51  40.4
  4 1982 181   4769.76  21.0  26.5   2.2   .51  33.5
  4 1982 182   3640.08  21.0  28.5   2.1   .52  53.4
  4 1982 183   1631.76  21.5  24.6   2.2   .52 150.3
  4 1982 184  12426.48  20.0  32.0   2.0   .52    .0
  4 1982 185  14183.76  21.0  32.0   2.1   .52  96.0
  4 1982 186   4016.64  21.0  26.0   2.0   .52  32.8
  4 1982 187   4142.16  19.5  25.0   2.0   .52   4.3
  4 1982 188  15564.48  20.0  32.0   2.1   .52   1.3
  4 1982 189   5020.80  21.0  26.0   2.1   .52  18.5
  4 1982 190   4769.76  20.5  26.0   2.1   .52   7.6
  4 1982 191   9829.12  20.5  32.0   1.9   .52    .8
  4 1982 192  12677.52  21.0  31.0   2.1   .52  26.8
  4 1982 193   1129.68  21.0  26.0   2.1   .52  68.2
  4 1982 194  10920.24  20.5  29.0   2.1   .52  14.5
  4 1982 195  12960.10  21.5  31.0   2.2   .52    .0
  4 1982 196  14183.76  20.5  32.0   2.2   .52    .8
  4 1982 197   7782.24  21.5  31.5   2.3   .52   3.1
  4 1982 198   6903.60  21.0  30.0   2.2   .52    .2
  4 1982 199  12677.52  21.0  30.0   2.1   .52   2.3
  4 1982 200   7900.78  21.0  30.0   2.2   .52  39.9
  4 1982 201  12552.00  18.5  30.0   2.0   .52  10.2
  4 1982 202  13807.20  20.0  32.0   2.1   .52    .2
  4 1982 203   9497.68  21.0  31.0   2.2   .52  13.0
  4 1982 204  11052.84  20.0  31.0   2.0   .52    .5
  4 1982 205  10669.20  21.0  30.0   2.2   .52   5.1
  4 1982 206   3138.00  21.0  27.0   2.0   .52  69.4
  4 1982 207   7925.62  21.0  25.0   2.0   .52 139.4
  4 1982 208  13995.53  20.0  30.0   2.0   .52   8.4
  4 1982 209   9450.81  20.0  30.0   2.0   .52   2.3
  4 1982 210  13429.92  21.0  30.5   2.1   .53   3.1
  4 1982 211  11332.77  21.5  30.0   2.2   .53    .1
  4 1982 212  17546.54  20.5  32.0   2.2   .53   5.1
  4 1982 213   8535.36  20.9  27.6   2.5   .53  30.3
  4 1982 214   9665.04  21.3  27.8   2.5   .53   1.0
  4 1982 215  16192.08  19.1  31.3   2.1   .53 179.1
  4 1982 216   8033.28  20.9  28.0   2.4   .53  28.7
  4 1982 217  10794.72  20.3  29.2   2.3   .53    .8
  4 1982 218   6778.08  20.3  26.7   2.6   .53  18.1
  4 1982 219   5020.80  20.7  25.3   2.4   .53    .0
  4 1982 220   7967.50  20.1  26.2   2.3   .53    .7
  4 1982 221   7029.12  20.4  27.1   2.5   .53   3.3
  4 1982 222  11296.80  19.1  28.8   2.3   .53  17.5
  4 1982 223   8535.36  20.9  29.7   2.4   .53  25.9
  4 1982 224   8033.28  21.0  28.3   2.8   .53  17.5
  4 1982 225  15815.52  20.0  29.4   2.2   .53    .0
  4 1982 226   6150.48  20.7  27.3   2.4   .53    .2
  4 1982 227  13681.68  20.5  29.7   2.2   .53  13.3
  4 1982 228   8660.88  21.1  29.4   2.4   .53   7.4
  4 1982 229   5522.88  20.9  27.1   2.4   .53   3.0
  4 1982 230  15187.92  20.4  30.6   1.6   .53    .0
  4 1982 231   6903.60  20.8  28.5   2.4   .53   3.5
  4 1982 232  10920.24  21.2  29.0   2.9   .53 104.9
  4 1982 233   3389.04  21.0  24.1   2.4   .53  14.0
  4 1982 234   5522.88  20.0  25.7   2.4   .53   1.7
  4 1982 235  13932.72  20.0  29.9   2.6   .53  34.3
  4 1982 236  12552.00  21.5  30.1   2.9   .53  28.5
  4 1982 237  14518.48  22.1  31.2   3.0   .53  12.9
  4 1982 238  12677.52  21.1  31.3   2.2   .53   1.3
  4 1982 239  14936.88  21.1  30.6   2.3   .53    .0
  4 1982 240  14685.84  20.2  30.6   1.9   .53    .0
  4 1982 241   9052.70  21.9  28.5   2.6   .53  19.6
  4 1982 242   3640.08  20.2  25.0   2.4   .53  15.7
  4 1982 243  16317.60  19.0  31.2   2.2   .53  25.8
  4 1982 244   1631.76  21.0  25.0   2.6   .53  63.5
  4 1982 245  14058.24  20.0  30.0   2.1   .56    .3
  4 1982 246  10501.84  20.0  29.5   1.9   .56   9.4
  4 1982 247  11798.88  21.0  31.0   2.5   .56   1.8
  4 1982 248   7029.12  21.0  29.5   2.0   .56  15.2
  4 1982 249  12803.04  21.0  30.5   2.2   .56   5.1
  4 1982 250   9832.40  19.5  31.5   2.3   .56    .0
  4 1982 251   8179.72  21.0  32.0   2.5   .56  15.0
  4 1982 252   6527.04  21.0  28.5   2.5   .56    .5
  4 1982 253  11798.88  20.0  30.5   2.2   .56    .0
  4 1982 254  12300.96  21.0  31.5   2.3   .56    .0
  4 1982 255  13305.12  19.6  31.5   2.2   .56    .0
  4 1982 256  11673.36  19.6  31.0   2.2   .56   6.6
  4 1982 257   9790.56  21.0  31.0   1.8   .56   1.5
  4 1982 258  11547.84  20.5  31.0   1.9   .56  18.8
  4 1982 259  10167.12  20.5  30.2   2.0   .56    .2
  4 1982 260   8284.32  20.5  30.0   1.8   .56    .3
  4 1982 261  12408.01  20.5  31.0   1.7   .56  28.3
  4 1982 262  11171.28  21.0  30.0   2.0   .56    .8
  4 1982 263   9288.48  20.5  29.5   2.5   .56   4.6
  4 1982 264  12552.00  20.5  30.5   2.0   .56  21.8
  4 1982 265   9790.56  21.5  30.5   2.3   .56    .0
  4 1982 266  10669.20  20.5  30.5   2.2   .56   1.5
  4 1982 267   8148.71  21.0  29.5   2.5   .56   2.5
  4 1982 268  11119.38  20.0  30.0   1.8   .56    .5
  4 1982 269  15873.20  20.0  30.0   1.8   .56    .0
  4 1982 270  14183.76  20.5  31.5   1.8   .56    .0
  4 1982 271   9790.56  21.0  30.5   2.0   .56   3.0
  4 1982 272  15062.40  20.0  32.0   1.7   .56   1.3
  4 1982 273  12300.96  22.0  30.0   1.7   .57    .0
  4 1982 274  10543.68  21.0  31.0   2.0   .57   6.9
  4 1982 275  12426.48  21.0  32.5   2.5   .57    .4
  4 1982 276  15313.44  21.5  32.0   2.0   .57    .0
  4 1982 277   9414.00  21.0  31.5   2.3   .57   2.9
  4 1982 278  11422.32  20.0  30.0   2.2   .57  20.1
  4 1982 279   9916.08  20.5  30.5   2.3   .57   1.8
  4 1982 280   6527.04  20.5  28.5   2.5   .57   9.6
  4 1982 281  15477.63  20.0  30.8   1.5   .57  11.5
  4 1982 282   6903.60  20.5  30.5   2.1   .57    .0
  4 1982 283   6150.48  20.0  30.0   2.4   .57   9.1
  4 1982 284  11296.80  20.5  30.0   2.4   .57   1.3
  4 1982 285   8660.88  20.5  29.0   2.5   .57    .3
  4 1982 286  15337.19  20.0  30.0   1.9   .57    .6
  4 1982 287  16124.04  20.0  31.0   1.8   .57    .8
  4 1982 288   2133.84  20.5  27.5   2.6   .57  14.5
  4 1982 289   9288.48  20.0  30.0   1.5   .57  17.5
  4 1982 290   7154.64  20.0  28.5   2.2   .57  11.2
  4 1982 291  13807.20  19.0  30.5   2.2   .57    .0
  4 1982 292   9414.00  18.5  29.5   2.2   .57   3.6
  4 1982 293   9001.63  19.0  30.5   2.2   .57  35.3
  4 1982 294   7597.08  21.0  28.0   2.4   .57  44.7
  4 1982 295   9533.95  20.0  30.0   2.4   .57    .0
  4 1982 296   7531.20  21.0  29.5   2.5   .57  30.7
  4 1982 297   8911.92  20.0  28.0   2.4   .57  80.0
  4 1982 298   1506.24  20.5  25.0   2.4   .57  70.1
  4 1982 299   4393.20  21.0  26.5   2.4   .57   1.5
  4 1982 300  10041.60  20.0  30.0   1.9   .57  17.3
  4 1982 301  12426.48  20.0  30.0   1.7   .57    .0
  4 1982 302  12324.79  20.5  30.0   1.8   .57    .0
  4 1982 303  16601.97  19.0  31.0   1.6   .57    .0
  4 1982 304  13397.67  21.0  31.5   1.8   .57   4.6
  4 1982 305   9874.24  21.0  31.0   3.0   .57   4.6
  4 1982 306  13305.12  20.0  32.0   2.8   .57    .0
  4 1982 307  10878.40  20.0  31.5   2.7   .57  21.6
  4 1982 308  12175.44  19.0  31.5   2.9   .55    .5
  4 1982 309  12886.72  20.0  32.0   2.9   .55  21.8
  4 1982 310   6401.52  21.0  28.0   2.7   .55    .0
  4 1982 311  11087.60  21.0  28.5   2.6   .55   1.5
  4 1982 312  11213.12  20.5  31.0   2.6   .55  23.6
  4 1982 313   8075.12  20.4  29.0   2.4   .55  88.9
  4 1982 314   4100.32  20.0  26.0   2.4   .55  30.5
  4 1982 315   9204.80  21.0  29.0   2.4   .55   1.5
  4 1982 316   7907.76  21.0  31.0   2.6   .55   1.3
  4 1982 317   7405.68  19.0  29.0   2.3   .55  18.3
  4 1982 318   8702.72  20.0  29.0   2.4   .55    .8
  4 1982 319   4811.60  20.0  26.8   2.5   .55  27.9
  4 1982 320   9706.88  20.0  30.5   2.7   .55   7.1
  4 1982 321  11003.92  19.0  31.5   2.4   .55   2.3
  4 1982 322  10208.96  20.0  30.2   2.6   .55    .0
  4 1982 323   9706.88  19.0  31.5   2.4   .55   3.0
  4 1982 324   9497.68  21.0  30.0   2.5   .55    .0
  4 1982 325  12300.96  20.5  31.0   2.4   .55  16.8
  4 1982 326  13681.68  21.0  30.0   2.6   .55    .0
  4 1982 327  13305.12  19.0  30.5   2.6   .55    .0
  4 1982 328  12175.44  18.0  31.0   2.3   .55    .0
  4 1982 329   9079.28  18.0  31.0   2.4   .55    .2
  4 1982 330   6401.52  19.0  30.0   2.5   .55   3.8
  4 1982 331   4686.08  21.0  26.5   2.7   .55  27.4
  4 1982 332  12803.04  19.0  30.5   2.5   .55    .0
  4 1982 333   8786.40  18.0  28.5   2.3   .55    .0
  4 1982 334  14769.52  17.0  29.4   2.2   .55    .0
  4 1982 335  13807.20  17.0  30.5   2.3   .55    .0
  4 1982 336  11045.76  18.8  31.0   2.3   .57    .0
  4 1982 337   7782.24  19.0  31.8   2.4   .57    .0
  4 1982 338  11296.80  19.0  30.6   2.5   .57  11.7
  4 1982 339  10543.68  20.1  30.6   2.5   .57   4.6
  4 1982 340  10543.68  19.0  30.5   2.6   .57   5.6
  4 1982 341  11296.80  20.0  31.5   2.5   .57   8.9
  4 1982 342  11422.32  21.0  31.0   2.6   .57   5.1
  4 1982 343   5397.36  21.5  31.0   2.7   .57  19.8
  4 1982 344   9916.08  21.5  30.0   2.8   .57   5.5
  4 1982 345  12002.62  21.0  30.5   2.7   .57   1.5
  4 1982 346  11045.76  21.5  30.5   2.7   .57   5.1
  4 1982 347   7154.64  22.0  28.0   2.7   .57  18.0
  4 1982 348  10920.24  21.0  29.0   2.7   .57  15.5
  4 1982 349   8409.84  21.5  29.6   2.7   .57   7.4
  4 1982 350   7782.24  22.0  30.0   2.7   .57  12.0
  4 1982 351  10167.12  21.0  29.6   2.7   .57  51.5
  4 1982 352   9790.56  21.0  29.0   2.5   .57   1.0
  4 1982 353  14560.32  21.8  30.0   2.6   .57   5.6
  4 1982 354   3640.08  21.4  24.0   2.6   .57   9.4
  4 1982 355   3514.56  20.0  25.0   2.3   .57  11.4
  4 1982 356  11924.40  18.0  29.0   2.5   .57    .0
  4 1982 357  10041.60  21.0  29.8   2.6   .57    .0
  4 1982 358   7531.20  22.0  30.0   2.6   .57   2.0
  4 1982 359   9037.44  22.0  29.5   2.9   .57  17.0
  4 1982 360   9037.44  22.0  30.5   2.8   .57  17.5
  4 1982 361   6527.04  22.0  25.0   2.7   .57   9.6
  4 1982 362   7029.12  20.0  26.0   2.4   .57    .0
  4 1982 363  10167.12  20.0  29.0   2.4   .57    .0
  4 1982 364  15062.40  20.0  30.0   2.4   .57    .0
  4 1982 365  15564.48  19.0  30.5   2.4   .57    .0
