*---------------------------------------------------------              
* Station name: La Lola                                                 
* Author: Atlantic Zone Project, AUW-MAG-CATIE, Costa Rica              
* Source: IMN, San Jose, Costa Rica                                     
*                                                                       
* Comments: Wind speed data lacking                                     
*           No data of SR and VP at 1800 hr.                            
*                                                                       
*                                                                       
* Longitude:  83 23 W, latitude:  10  6 N, altitude:  40 m.             
* Column  Daily value                                                   
*    1    station number                                                
*    2    year                                                          
*    3    month                                                         
*    4    day                                                           
*    5    julian date                                                   
*    6    irradiation            (1000 * MJ m-2 d-1)                    
*    7    minimum temperature    (degrees Celcius)                      
*    8    maximum temperature    (degrees Celcius)                      
*    9    vapor pressure at 0700 (mbar)                                 
*   10    vapor pressure at 1300 (mbar)                                 
*   11    vapor pressure at 1800 (mbar)                                 
*   12    mean wind speed        (kilometer per hour)                   
*   13    precipitation          (mm d-1)                               
*   14    sunshine hours         (hours)                                
* Missing value: -99                                                    
*---------------------------------------------------------              
*  data converted with WDC for CABO-format
*-------------------------------------------
  83.38  10.10    40.  .00  .00
  4 1990   1  11930.39  17.5  30.0   2.5   .62    .4
  4 1990   2   8964.23  20.5  30.0   2.5   .62  22.3
  4 1990   3   9506.95  20.0  30.0   2.4   .62   4.8
  4 1990   4   8985.59  19.5  30.0   2.7   .62   4.4
  4 1990   5  12091.93  21.0  29.0   2.7   .62   1.5
  4 1990   6  12855.86  20.2  30.0   2.7   .62  30.4
  4 1990   7  12338.87  21.2  29.0   2.6   .62    .3
  4 1990   8  15570.17  18.5  30.0   2.5   .62    .0
  4 1990   9  11303.32  19.0  29.0   2.3   .62    .5
  4 1990  10  10354.90  18.3  28.0   2.4   .62    .7
  4 1990  11  12093.45  20.0  30.0   2.3   .62    .0
  4 1990  12   9097.98  19.2  29.0   2.5   .62    .0
  4 1990  13  14509.54  20.2  30.0   2.3   .62    .0
  4 1990  14  14967.97  19.0  31.0   2.5   .62   3.0
  4 1990  15   9258.49  19.5  28.8   2.7   .62    .0
  4 1990  16  16650.66  18.0  31.0   2.2   .62  13.8
  4 1990  17   6798.09  21.0  27.5   2.6   .62  73.4
  4 1990  18   6813.35  21.0  26.8   2.7   .62  21.3
  4 1990  19  13588.02  20.0  30.0   2.5   .62   8.2
  4 1990  20  17330.10  19.2  31.0   2.6   .62    .0
  4 1990  21  12223.29  21.0  30.0   2.6   .62  26.7
  4 1990  22   6878.07  21.0  26.0   2.7   .62  48.2
  4 1990  23   7114.81  21.4  28.0   2.6   .62  14.7
  4 1990  24   9223.92  21.0  29.5   2.5   .62   2.4
  4 1990  25  13437.29  20.8  30.5   2.6   .62   2.3
  4 1990  26  11258.09  21.3  29.2   2.8   .62   5.3
  4 1990  27  11063.62  21.0  30.0   2.7   .62  24.0
  4 1990  28  12533.15  21.0  29.5   2.8   .61   9.9
  4 1990  29  17233.91  20.8  30.0   2.7   .61   3.0
  4 1990  30   9585.07  20.0  29.5   2.6   .61  10.0
  4 1990  31   8269.46  20.0  28.5   2.6   .61   1.0
  4 1990  32  13327.18  20.0  30.5   2.6   .61   2.9
  4 1990  33  14817.80  19.0  30.2   2.6   .61   7.7
  4 1990  34   7099.20  20.2  27.2   2.7   .61   9.4
  4 1990  35   7118.86  21.2  27.5   2.6   .61  18.4
  4 1990  36   7138.64  20.0  27.5   2.4   .61    .0
  4 1990  37  15075.95  18.5  29.8   2.5   .61   7.2
  4 1990  38   8765.32  19.0  28.5   2.5   .61    .0
  4 1990  39  15717.54  17.0  29.5   2.0   .61    .0
  4 1990  40  17121.54  19.0  30.2   2.4   .61    .0
  4 1990  41  16706.21  19.2  32.0   2.6   .61   2.9
  4 1990  42   7373.06  21.0  28.0   3.0   .61   2.9
  4 1990  43  19191.37  19.8  32.0   2.6   .61    .1
  4 1990  44  11431.04  19.0  28.3   2.4   .61    .4
  4 1990  45  18130.40  19.5  30.0   2.5   .61    .0
  4 1990  46   7339.07  19.0  30.0   2.5   .61    .9
  4 1990  47  16250.89  18.0  27.2   2.5   .61    .1
  4 1990  48  10734.45  17.0  27.2   2.3   .61    .3
  4 1990  49  19224.04  19.0  30.5   2.6   .61    .0
  4 1990  50  17524.22  18.0  30.0   2.3   .61    .0
  4 1990  51  18377.73  17.5  30.5   2.3   .61    .0
  4 1990  52  13403.98  17.5  30.0   2.4   .61    .0
  4 1990  53  10864.35  19.0  28.5   2.5   .61    .3
  4 1990  54   9485.33  21.5  28.2   2.7   .61    .0
  4 1990  55  18300.48  20.2  31.0   2.7   .61   3.2
  4 1990  56  14227.73  18.2  29.0   2.3   .65   3.2
  4 1990  57  11787.32  18.7  29.5   2.2   .65   2.1
  4 1990  58  18647.46  17.5  31.3   2.2   .65  14.2
  4 1990  59  17621.49  20.0  30.2   2.4   .65    .4
  4 1990  60  18955.91  17.5  30.8   2.2   .65    .0
  4 1990  61  19820.15  16.5  31.2   2.3   .65    .0
  4 1990  62  17603.00  19.0  30.0   2.4   .65    .3
  4 1990  63  11459.32  20.0  30.0   2.5   .65  16.5
  4 1990  64  12908.84  20.0  30.0   2.6   .65    .0
  4 1990  65  15195.58  19.0  30.8   2.4   .65  36.2
  4 1990  66   7708.77  21.5  25.5   2.6   .65  13.8
  4 1990  67   9515.98  20.0  28.5   2.5   .65   1.8
  4 1990  68   7860.04  20.2  28.2   2.5   .65   6.2
  4 1990  69   7755.86  20.0  29.0   2.6   .65   8.8
  4 1990  70   8729.69  21.2  29.0   2.7   .65  34.1
  4 1990  71   9465.37  21.8  28.0   2.9   .65  39.1
  4 1990  72   8040.23  22.2  27.8   2.9   .65  15.9
  4 1990  73  12863.79  21.5  30.5   2.8   .65  66.1
  4 1990  74   9632.95  22.0  30.5   2.9   .65   6.5
  4 1990  75   9166.09  22.0  30.0   2.9   .65  42.5
  4 1990  76   7853.98  23.2  29.2   2.9   .65  19.8
  4 1990  77   7866.56  21.4  29.0   2.9   .65   2.0
  4 1990  78   7878.77  21.2  29.0   2.6   .65   8.1
  4 1990  79   8011.44  21.5  27.0   2.6   .65  23.5
  4 1990  80  11650.74  20.5  30.0   2.6   .65    .0
  4 1990  81  21223.20  18.2  30.0   2.5   .65    .0
  4 1990  82  18093.65  19.5  30.2   2.5   .65  12.7
  4 1990  83  11204.64  20.2  29.2   2.5   .65    .4
  4 1990  84  13639.86  19.2  30.3   2.4   .65  12.0
  4 1990  85  12318.09  20.5  30.0   2.6   .65  10.9
  4 1990  86  11601.08  21.5  30.0   2.6   .65    .0
  4 1990  87  20831.58  18.0  30.0   2.3   .65    .0
  4 1990  88  13804.64  19.3  29.3   2.5   .65    .3
  4 1990  89  15755.95  19.0  30.2   2.9   .65    .0
  4 1990  90  13215.29  19.0  30.4   2.8   .65    .0
  4 1990  91  20993.85  20.2  31.8   2.8   .64    .1
  4 1990  92  13230.11  22.5  31.8   2.9   .64    .0
  4 1990  93  18093.79  20.8  30.0   2.8   .64    .0
  4 1990  94  21256.61  20.0  32.2   2.6   .64    .0
  4 1990  95  18468.56  18.2  31.3   2.5   .64    .0
  4 1990  96  19443.72  18.0  31.2   2.4   .64    .0
  4 1990  97  11920.69  21.2  30.2   2.9   .64  19.9
  4 1990  98   8040.70  23.0  29.5   2.8   .64  58.7
  4 1990  99  11563.26  23.0  29.5   3.0   .64   1.6
  4 1990 100  16781.48  19.5  29.2   2.6   .64    .3
  4 1990 101  10355.35  19.0  28.2   2.6   .64    .8
  4 1990 102  15448.03  21.2  31.2   2.7   .64    .1
  4 1990 103   9026.18  21.4  30.2   2.7   .64   1.4
  4 1990 104   9148.99  21.0  29.0   2.7   .64   8.9
  4 1990 105   8060.91  21.2  26.5   2.5   .64    .0
  4 1990 106  11449.59  21.5  30.0   2.7   .64    .0
  4 1990 107  10602.44  21.0  29.2   2.8   .64   1.4
  4 1990 108  16522.18  21.5  30.5   2.8   .64   1.8
  4 1990 109  20381.05  20.8  32.0   2.7   .64   3.0
  4 1990 110  16028.80  19.5  31.2   2.5   .64    .0
  4 1990 111  19278.47  19.2  31.0   2.6   .64    .3
  4 1990 112  14329.61  21.0  31.5   2.5   .64   5.2
  4 1990 113  10832.58  21.5  31.0   2.7   .64    .0
  4 1990 114  18888.91  20.5  31.2   2.6   .64    .0
  4 1990 115  16354.42  20.5  31.3   2.7   .64    .0
  4 1990 116  16705.86  20.0  32.0   2.7   .64    .0
  4 1990 117  14656.61  22.5  31.2   2.9   .64    .0
  4 1990 118  15727.22  22.0  32.2   2.8   .64   4.5
  4 1990 119   9849.72  23.0  30.0   2.9   .59   9.6
  4 1990 120  14391.60  21.8  31.2   3.1   .59    .3
  4 1990 121   8048.10  23.0  29.0   2.9   .59  59.4
  4 1990 122   8880.89  21.5  29.5   2.7   .59   1.0
  4 1990 123   8041.92  24.4  27.5   2.7   .59    .2
  4 1990 124  15425.75  19.8  31.0   2.6   .59    .0
  4 1990 125  16009.45  19.0  31.2   2.5   .59   6.2
  4 1990 126  10646.93  24.2  30.0   2.6   .59   1.8
  4 1990 127   8146.15  21.5  30.2   2.9   .59  23.7
  4 1990 128   9328.32  22.3  30.0   2.9   .59  58.6
  4 1990 129  10152.22  21.5  30.0   2.8   .59   1.1
  4 1990 130   8014.89  22.5  27.0   3.0   .59  13.9
  4 1990 131  15577.67  22.3  30.0   2.9   .59  21.1
  4 1990 132  11785.30  23.0  30.2   3.2   .59  19.8
  4 1990 133  11068.60  22.2  30.0   3.1   .59  95.4
  4 1990 134   7996.67  22.2  25.5   2.8   .59  77.7
  4 1990 135   7991.91  20.0  26.0   2.7   .59  31.6
  4 1990 136   9750.67  21.0  30.0   3.0   .59    .5
  4 1990 137  16320.47  22.8  31.8   3.0   .59  46.8
  4 1990 138   7977.32  21.5  29.0   2.9   .59  12.0
  4 1990 139  12073.64  21.5  32.5   2.8   .59   4.9
  4 1990 140  10659.58  22.0  31.5   3.0   .59  23.4
  4 1990 141   7962.49  23.0  26.0   3.1   .59  71.0
  4 1990 142  12629.36  21.5  30.5   2.8   .59    .9
  4 1990 143  10519.37  23.0  31.5   3.1   .59  23.0
  4 1990 144  18553.60  21.5  32.0   2.9   .59    .0
  4 1990 145   7942.83  22.5  29.5   3.1   .59   2.1
  4 1990 146  15730.74  23.8  32.5   3.0   .59    .0
  4 1990 147  12464.79  22.0  31.8   2.9   .59    .0
  4 1990 148  11643.10  21.0  31.5   2.8   .59    .0
  4 1990 149  10475.24  21.5  31.5   3.0   .59    .0
  4 1990 150  17420.02  24.0  33.3   3.2   .59    .0
  4 1990 151  19490.59  22.8  33.0   2.8   .59   1.6
  4 1990 152   7910.58  25.2  29.0   3.1   .59   7.9
  4 1990 153  11604.16  20.5  30.0   2.8   .59   8.4
  4 1990 154  11019.70  25.0  31.5   3.1   .51  19.7
  4 1990 155   8013.62  23.0  30.5   2.9   .51   1.7
  4 1990 156  13197.40  21.0  31.0   2.8   .51  28.9
  4 1990 157   7890.68  19.5  29.5   2.8   .51  17.6
  4 1990 158   7887.11  21.5  30.5   2.9   .51  16.6
  4 1990 159   7883.70  22.5  28.2   2.9   .51  28.2
  4 1990 160   7880.45  22.0  29.0   3.0   .51  10.2
  4 1990 161   7877.37  22.2  26.2   2.8   .51  39.2
  4 1990 162  11779.06  20.0  31.5   2.9   .51    .0
  4 1990 163  16136.06  22.3  32.3   3.0   .51   7.1
  4 1990 164  13376.13  21.3  31.5   3.0   .51   2.0
  4 1990 165   7866.80  22.3  29.0   2.9   .51   1.2
  4 1990 166  11532.90  20.5  30.2   2.9   .51    .0
  4 1990 167  14165.27  21.2  31.2   2.8   .51    .7
  4 1990 168  10151.99  22.0  31.5   2.9   .51    .2
  4 1990 169  18739.31  21.5  32.0   3.0   .51    .0
  4 1990 170  18277.44  23.0  31.8   3.0   .51    .0
  4 1990 171  14267.52  23.5  32.8   3.0   .51    .0
  4 1990 172   7855.66  22.0  30.0   2.8   .51   5.1
  4 1990 173   7854.87  22.0  29.2   3.0   .51   3.9
  4 1990 174  11058.75  22.0  31.2   3.0   .51    .3
  4 1990 175  12660.52  22.2  31.5   2.8   .51  38.4
  4 1990 176   8197.05  21.0  29.8   2.8   .51  22.6
  4 1990 177   9913.91  21.5  30.0   2.7   .51    .0
  4 1990 178  10486.69  21.0  30.0   2.8   .51  50.8
  4 1990 179  10716.47  22.0  30.2   2.7   .51    .0
  4 1990 180   7854.97  22.0  30.2   3.0   .51   1.8
  4 1990 181   8886.57  23.0  30.0   2.8   .51   7.7
  4 1990 182   8085.90  22.2  28.5   3.0   .52   5.5
  4 1990 183   8087.14  22.8  30.8   2.8   .52   1.0
  4 1990 184  11986.36  22.2  31.5   3.0   .52  14.7
  4 1990 185  12218.88  21.0  30.8   2.7   .52  59.3
  4 1990 186   7862.53  21.0  30.0   2.8   .52    .0
  4 1990 187   8323.55  21.2  28.0   2.9   .52   5.7
  4 1990 188   7866.43  22.0  28.2   2.9   .52  14.5
  4 1990 189  16946.23  21.0  31.8   3.0   .52   3.3
  4 1990 190   7870.95  22.2  26.2   2.7   .52   1.7
  4 1990 191   8103.51  20.0  29.0   2.7   .52  26.9
  4 1990 192  15933.98  20.0  31.0   2.7   .52    .0
  4 1990 193   7878.77  21.5  27.0   2.8   .52   3.7
  4 1990 194   9380.13  20.5  30.0   2.5   .52   3.6
  4 1990 195   9845.58  20.2  29.0   2.7   .52   1.0
  4 1990 196   7887.65  21.2  24.5   2.7   .52   4.9
  4 1990 197   9392.68  20.5  30.3   2.8   .52   3.8
  4 1990 198  12171.99  21.8  30.0   2.9   .52    .1
  4 1990 199  10211.68  20.5  29.5   2.7   .52  45.6
  4 1990 200  16470.83  19.0  31.0   2.5   .52    .0
  4 1990 201  17061.20  20.5  31.2   2.8   .52    .1
  4 1990 202  12548.24  21.2  30.2   2.8   .52  37.9
  4 1990 203   7911.27  22.2  27.5   2.8   .52  36.9
  4 1990 204   8031.06  22.0  29.5   2.9   .52  12.2
  4 1990 205  10361.35  21.0  29.8   2.8   .52  22.1
  4 1990 206  14209.70  21.5  31.8   3.0   .52  16.4
  4 1990 207  11655.18  22.5  31.0   2.9   .52   2.3
  4 1990 208  19361.89  21.0  32.0   2.7   .52    .0
  4 1990 209  19026.15  22.0  32.2   2.7   .52    .1
  4 1990 210  18339.12  22.2  32.8   3.1   .53  10.5
  4 1990 211  20341.72  22.7  32.7   3.1   .53    .0
  4 1990 212   8880.13  23.0  29.0   2.9   .53   2.8
  4 1990 213  12752.95  20.0  32.0   2.5   .53  13.8
  4 1990 214   8301.91  19.2  31.0   3.2   .53  42.2
  4 1990 215   7953.09  21.0  28.2   2.7   .53   2.1
  4 1990 216  15363.22  21.2  32.0   2.7   .53  24.5
  4 1990 217  20316.18  20.0  32.5   2.8   .53    .0
  4 1990 218  12202.85  21.0  31.2   2.8   .53  90.0
  4 1990 219   8082.78  22.8  30.3   2.9   .53  44.0
  4 1990 220  11036.07  22.0  30.2   2.9   .53    .7
  4 1990 221  13876.58  22.0  31.5   2.8   .53  16.0
  4 1990 222   7972.30  22.0  29.2   2.8   .53  16.8
  4 1990 223   8211.15  22.0  30.2   2.7   .53    .0
  4 1990 224   9279.42  21.0  28.5   2.7   .53  38.7
  4 1990 225   8096.78  20.5  28.8   2.9   .53    .0
  4 1990 226  10352.99  21.5  30.0   2.7   .53    .5
  4 1990 227  10593.87  21.0  29.0   2.7   .53    .0
  4 1990 228  20343.23  21.0  32.5   2.9   .53    .0
  4 1990 229  14287.61  23.0  32.0   2.9   .53  41.7
  4 1990 230   7984.05  23.0  28.5   3.0   .53  85.8
  4 1990 231   7984.53  22.0  25.0   2.9   .53  34.4
  4 1990 232  12276.47  21.5  32.0   2.7   .53  78.1
  4 1990 233  10728.54  21.3  29.0   2.8   .53  41.4
  4 1990 234  12401.33  22.5  30.5   3.0   .53  44.5
  4 1990 235   9178.36  21.0  27.5   2.7   .53    .0
  4 1990 236   8580.62  21.8  28.0   2.8   .53    .0
  4 1990 237  12167.56  21.0  30.5   2.7   .53   1.7
  4 1990 238  15159.78  20.5  32.0   2.8   .53  15.3
  4 1990 239  20908.04  20.5  32.5   2.8   .53    .0
  4 1990 240  12408.22  22.0  30.0   2.9   .53    .0
  4 1990 241  17080.93  21.5  31.5   2.8   .53   1.8
  4 1990 242  14444.68  22.5  31.8   2.9   .53    .1
  4 1990 243   9167.74  21.5  29.0   2.9   .53    .0
  4 1990 244  17561.53  20.0  33.0   2.8   .53   2.1
  4 1990 245  18160.50  20.2  32.3   2.9   .56  21.8
  4 1990 246  16598.74  21.5  31.8   2.7   .56   9.7
  4 1990 247   8193.30  22.3  29.2   2.8   .56    .5
  4 1990 248  13111.07  21.2  31.0   2.8   .56   4.6
  4 1990 249  10465.00  21.8  30.5   2.9   .56    .0
  4 1990 250   7938.05  22.5  27.5   2.8   .56  10.2
  4 1990 251  16218.24  20.2  32.0   2.7   .56   2.4
  4 1990 252  19694.48  21.2  32.5   2.9   .56   1.1
  4 1990 253  17165.68  22.5  32.5   2.9   .56    .7
  4 1990 254  13796.05  22.0  31.0   2.7   .56    .0
  4 1990 255  18830.00  20.8  32.5   2.8   .56    .0
  4 1990 256  11378.75  22.0  31.2   2.8   .56    .0
  4 1990 257  15329.86  21.2  32.2   2.9   .56   8.0
  4 1990 258  13999.84  20.2  30.2   2.6   .56    .0
  4 1990 259  18306.37  21.2  32.5   2.9   .56    .0
  4 1990 260  17693.99  21.0  33.5   2.7   .56    .6
  4 1990 261  12767.50  21.5  32.0   2.8   .56  17.9
  4 1990 262  16468.29  23.0  32.0   3.1   .56   7.3
  4 1990 263  11665.33  22.5  29.5   2.9   .56   1.6
  4 1990 264  12490.15  21.5  31.0   2.7   .56  29.6
  4 1990 265  10085.07  21.0  29.0   2.8   .56  54.6
  4 1990 266  13896.00  20.0  31.5   2.8   .56   4.8
  4 1990 267  19253.32  20.0  32.0   2.8   .56    .0
  4 1990 268  18994.13  21.0  32.3   2.7   .56    .0
  4 1990 269  11819.75  22.3  30.5   3.0   .56    .0
  4 1990 270  15615.49  21.0  31.5   2.7   .56    .7
  4 1990 271  11430.11  21.0  30.2   2.9   .56   4.0
  4 1990 272  15693.78  21.2  30.2   3.0   .56   2.6
  4 1990 273   8664.13  21.2  32.2   3.0   .57    .0
  4 1990 274  18735.41  21.5  32.8   2.8   .57    .0
  4 1990 275  12427.04  21.5  30.0   3.0   .57    .0
  4 1990 276  15130.42  21.5  32.5   2.8   .57    .0
  4 1990 277  12032.06  21.0  32.0   3.0   .57  39.0
  4 1990 278  12602.26  20.5  31.0   2.8   .57  21.0
  4 1990 279  16827.70  20.0  32.0   2.7   .57    .0
  4 1990 280  12440.74  21.0  31.5   2.8   .57  14.3
  4 1990 281  15830.63  20.8  32.0   2.8   .57  33.7
  4 1990 282   8400.39  21.0  29.5   2.7   .57    .0
  4 1990 283   9908.14  21.0  32.0   3.0   .57  15.7
  4 1990 284  12348.55  22.0  32.0   2.9   .57   3.6
  4 1990 285  14781.33  21.2  32.0   3.0   .57    .0
  4 1990 286  17323.05  21.0  32.0   3.1   .57    .0
  4 1990 287  15540.87  20.0  33.0   2.8   .57   1.4
  4 1990 288  16674.95  22.5  32.0   3.0   .57   2.9
  4 1990 289  10945.56  21.5  30.5   2.8   .57    .4
  4 1990 290  12082.48  21.0  31.0   2.9   .57    .0
  4 1990 291  14489.77  21.0  31.5   2.7   .57   6.3
  4 1990 292  15037.70  20.5  32.2   2.9   .57    .0
  4 1990 293  18931.84  21.2  32.0   2.9   .57    .0
  4 1990 294  16818.08  21.0  32.5   3.0   .57    .0
  4 1990 295  18048.00  22.0  33.0   3.1   .57    .0
  4 1990 296  16861.27  22.0  32.5   2.9   .57  22.1
  4 1990 297  14532.16  20.5  31.5   2.7   .57   6.1
  4 1990 298  16788.10  20.5  33.0   2.9   .57    .0
  4 1990 299  13553.54  19.0  30.0   2.6   .57   5.5
  4 1990 300   7253.44  22.0  28.2   2.6   .57  40.2
  4 1990 301   8144.51  21.0  27.3   2.6   .57    .0
  4 1990 302  17547.79  19.5  31.0   2.5   .57   2.7
  4 1990 303  10029.31  21.0  29.5   2.7   .57   1.1
  4 1990 304  10117.80  22.5  30.0   2.7   .57    .0
  4 1990 305  12689.12  22.0  29.5   2.8   .57   6.4
  4 1990 306   8378.40  21.5  30.2   2.9   .57  18.8
  4 1990 307  10380.73  20.2  30.2   3.0   .57   9.0
  4 1990 308  11253.04  21.2  30.0   3.0   .55  30.3
  4 1990 309  10778.09  21.6  30.2   2.9   .55   1.9
  4 1990 310  17234.08  21.0  31.0   2.7   .55    .0
  4 1990 311  12510.81  20.2  30.4   2.9   .55    .0
  4 1990 312  15487.08  20.0  30.8   2.6   .55  54.4
  4 1990 313  10230.67  21.0  31.0   2.7   .55   1.5
  4 1990 314  15417.43  19.2  33.0   3.0   .55  40.3
  4 1990 315   7083.64  23.0  28.0   2.9   .55  19.4
  4 1990 316  13913.26  20.0  29.0   2.7   .55   1.6
  4 1990 317   8481.08  20.0  29.4   2.7   .55  12.4
  4 1990 318   8680.95  21.0  29.0   2.8   .55  18.7
  4 1990 319   7672.34  19.0  29.0   2.9   .55  36.0
  4 1990 320   6886.96  18.0  29.2   2.8   .55  26.4
  4 1990 321   6870.53  23.0  28.0   2.7   .55   1.7
  4 1990 322  10348.94  20.2  30.0   2.5   .55    .0
  4 1990 323  16867.37  19.5  31.0   2.7   .55  10.7
  4 1990 324  10631.67  18.4  30.0   2.8   .55   5.4
  4 1990 325  16584.50  18.5  29.0   2.8   .55   3.2
  4 1990 326  14709.59  19.0  31.2   2.6   .55    .0
  4 1990 327   9918.41  19.0  29.0   2.4   .55  15.0
  4 1990 328   7845.59  21.2  29.2   2.7   .55  40.5
  4 1990 329  14521.24  20.2  30.5   2.8   .55  35.8
  4 1990 330  16004.65  19.5  31.0   2.7   .55  15.6
  4 1990 331  13288.24  18.0  30.0   2.8   .55   5.5
  4 1990 332   9720.96  17.6  31.5   2.7   .55   5.2
  4 1990 333  14854.75  20.0  30.0   2.7   .55    .8
  4 1990 334  17511.02  19.0  31.5   2.6   .55    .0
  4 1990 335  15881.03  19.5  32.0   2.7   .55  10.0
  4 1990 336   6988.53  20.5  30.0   2.8   .57   2.4
  4 1990 337  10927.94  20.0  31.5   2.7   .57  19.2
  4 1990 338   8461.19  18.5  28.5   2.9   .57  42.2
  4 1990 339   6639.51  21.5  25.0   2.8   .57 127.8
  4 1990 340  12058.14  19.0  28.5   2.5   .57    .3
  4 1990 341  10663.13  19.5  30.2   2.8   .57    .0
  4 1990 342  15750.92  21.0  31.0   2.7   .57   2.0
  4 1990 343   6609.11  22.0  24.0   2.4   .57  37.0
  4 1990 344   6602.89  19.5  24.0   2.5   .57  45.9
  4 1990 345   6597.25  19.3  25.5   2.5   .57  12.6
  4 1990 346   8604.75  19.0  27.5   2.5   .57    .2
  4 1990 347  11351.79  19.0  28.8   2.6   .57    .6
  4 1990 348  10816.62  20.5  29.2   2.6   .57  30.9
  4 1990 349   6580.50  20.4  27.2   2.9   .57  32.8
  4 1990 350   9115.72  22.2  29.5   3.0   .57  32.6
  4 1990 351  12918.99  22.0  29.8   2.8   .57    .3
  4 1990 352   7102.70  20.5  27.2   2.8   .57  15.5
  4 1990 353   7524.53  21.0  28.5   2.8   .57   5.4
  4 1990 354  13971.49  19.5  30.0   2.7   .57    .0
  4 1990 355  16931.79  17.5  30.0   2.4   .57    .0
  4 1990 356  16511.22  18.0  30.0   2.4   .57    .0
  4 1990 357   9430.59  18.2  29.0   2.4   .57    .5
  4 1990 358  17260.06  16.2  31.0   2.2   .57  10.7
  4 1990 359   8590.87  19.5  29.3   2.6   .57   4.1
  4 1990 360   8806.76  20.3  29.5   2.6   .57    .0
  4 1990 361  17389.66  16.5  30.2   2.1   .57    .0
  4 1990 362  16340.78  18.0  30.2   2.2   .57    .0
  4 1990 363  14443.68  20.2  30.4   2.5   .57   6.6
  4 1990 364  14879.42  20.0  30.2   2.6   .57    .0
  4 1990 365  15954.08  19.0  30.5   2.5   .57  54.0
