*---------------------------------------------------------              
* Station name: La Lola                                                 
* Author: Atlantic Zone Project, AUW-MAG-CATIE, Costa Rica              
* Source: IMN, San Jose, Costa Rica                                     
*                                                                       
* Comments: Wind speed data lacking                                     
*           No SR data                                                  
*           No data (except RF) for Nov and Dec                         
*                                                                       
* Longitude:  83 23 W, latitude:  10  6 N, altitude:  40 m.             
* Column  Daily value                                                   
*    1    station number                                                
*    2    year                                                          
*    3    month                                                         
*    4    day                                                           
*    5    julian date                                                   
*    6    irradiation            (cal cm-2 d-1)                         
*    7    minimum temperature    (degrees Celcius)                      
*    8    maximum temperature    (degrees Celcius)                      
*    9    vapor pressure at 0700 (mbar)                                 
*   10    vapor pressure at 1300 (mbar)                                 
*   11    vapor pressure at 1800 (mbar)                                 
*   12    mean wind speed        (kilometer per hour)                   
*   13    precipitation          (mm d-1)                               
*   14    sunshine hours         (hours)                                
* Missing value: -99                                                    
*---------------------------------------------------------              
*  data converted with WDC for CABO-format
*-------------------------------------------
  83.38  10.10    40.  .00  .00
  4 1978   1  14906.15  18.9  29.3   5.3   .62    .0
  4 1978   2  12580.98  18.1  30.1   1.8   .62    .0
  4 1978   3  12914.31  16.5  30.8   1.7   .62    .0
  4 1978   4  14848.14  17.3  31.0   1.8   .62    .0
  4 1978   5  12091.93  17.0  30.3   1.9   .62    .0
  4 1978   6  15419.93  17.4  30.6   1.7   .62    .0
  4 1978   7  14692.19  17.7  30.3   1.6   .62    .5
  4 1978   8   8929.49  17.3  31.0   1.5   .62    .0
  4 1978   9  15271.68  19.5  31.2   1.6   .62   6.1
  4 1978  10   6810.56  18.9  25.1   1.6   .62   2.8
  4 1978  11   7898.53  18.9  26.7   1.7   .62  15.1
  4 1978  12   6943.48  18.6  27.3   1.9   .62   1.0
  4 1978  13  14617.44  18.2  29.6   1.8   .62    .0
  4 1978  14  15292.17  18.6  30.1   1.7   .62  14.7
  4 1978  15   6768.78  18.9  21.8   1.6   .62  33.0
  4 1978  16   7108.53  19.8  25.7   1.7   .62  13.9
  4 1978  17  15487.94  18.9  29.7   1.7   .62    .0
  4 1978  18  12798.32  19.1  29.0   1.8   .62    .0
  4 1978  19  13588.02  19.1  29.7   1.9   .62    .0
  4 1978  20  11541.45  18.8  29.7   1.9   .62    .0
  4 1978  21  16600.37  17.0  30.1   1.5   .62    .0
  4 1978  22  14223.82  17.0  30.8   1.6   .62    .0
  4 1978  23   7114.81  18.4  27.3   1.8   .62    .5
  4 1978  24  11975.69  18.8  29.2   1.7   .62    .0
  4 1978  25  15091.67  17.3  31.0   1.7   .62    .0
  4 1978  26  11258.09  18.4  28.1   1.7   .62    .2
  4 1978  27  15382.59  19.3  29.0   1.6   .62    .8
  4 1978  28   8871.06  20.2  29.6   1.6   .61   6.1
  4 1978  29  17789.93  18.1  30.4   1.5   .61   2.5
  4 1978  30   9919.38  19.8  28.8   1.7   .61   4.1
  4 1978  31  19325.01  19.3  31.3   1.7   .61   6.6
  4 1978  32   7172.19  18.9  27.1   1.8   .61  41.4
  4 1978  33   7079.67  21.2  24.2   1.9   .61 125.7
  4 1978  34   7661.13  20.4  28.0   2.1   .61  40.5
  4 1978  35  12299.63  18.4  29.2   1.8   .61    .0
  4 1978  36  18650.94  18.4  30.4   1.8   .61    .8
  4 1978  37   8289.57  20.0  26.9   1.8   .61  25.2
  4 1978  38   9672.09  18.9  26.7   1.8   .61    .0
  4 1978  39  16285.47  17.7  29.9   1.6   .61    .1
  4 1978  40  13479.06  18.6  33.1   1.8   .61    .0
  4 1978  41  17390.61  19.5  31.2   1.9   .61  29.9
  4 1978  42   7258.76  20.7  25.5   1.9   .61  33.2
  4 1978  43   7507.96  19.5  24.3   1.9   .61    .0
  4 1978  44  13267.51  18.4  29.6   1.9   .61    .3
  4 1978  45  11689.59  19.5  28.3   1.9   .61    .0
  4 1978  46   7339.07  18.9  24.1   1.9   .61  11.9
  4 1978  47  11054.35  20.7  29.4   1.9   .61   4.2
  4 1978  48   9808.79  19.4  28.1   1.9   .61    .6
  4 1978  49  15282.27  18.1  30.6   1.9   .61    .0
  4 1978  50  14155.62  20.5  31.0   2.0   .61    .2
  4 1978  51   9998.36  22.5  30.1   2.2   .61    .0
  4 1978  52  17601.53  21.4  29.0   2.0   .61    .1
  4 1978  53  13200.64  20.2  30.3   1.9   .61 164.0
  4 1978  54   7495.88  18.4  23.0   1.6   .61  34.1
  4 1978  55   7514.85  19.1  25.3   1.7   .61   7.6
  4 1978  56   8942.92  20.4  27.1   1.8   .65   1.3
  4 1978  57  10022.70  20.2  29.9   2.0   .65    .2
  4 1978  58  16172.84  20.5  30.3   2.0   .65    .0
  4 1978  59  13490.37  20.9  30.1   2.0   .65    .0
  4 1978  60  16118.60  20.4  31.3   1.4   .65    .0
  4 1978  61  16386.39  20.5  30.8   1.7   .65    .0
  4 1978  62  16772.90  21.1  31.2   1.9   .65    .0
  4 1978  63  14547.10  21.2  31.7   1.9   .65    .0
  4 1978  64  10887.00  21.1  29.4   2.0   .65   1.3
  4 1978  65  18173.01  19.5  30.6   1.8   .65    .0
  4 1978  66  18680.49  18.4  31.3   1.6   .65    .0
  4 1978  67   9157.74  19.6  29.0   1.9   .65    .0
  4 1978  68  15512.10  20.5  30.4   1.8   .65    .0
  4 1978  69  19846.39  18.6  32.2   1.7   .65    .6
  4 1978  70   8490.00  21.2  28.7   2.0   .65    .0
  4 1978  71  14024.66  20.0  30.1   1.9   .65   5.6
  4 1978  72  10922.86  21.9  29.4   2.0   .65    .0
  4 1978  73  13464.95  19.3  30.1   1.8   .65   1.3
  4 1978  74  11919.58  20.0  29.4   2.0   .65   5.3
  4 1978  75   7961.49  20.0  28.3   1.9   .65   2.4
  4 1978  76  13038.27  19.9  28.2   1.9   .65  25.6
  4 1978  77  13417.11  19.8  30.3   1.8   .65   3.3
  4 1978  78   9448.61  18.6  30.1   1.9   .65    .0
  4 1978  79  18766.61  17.0  31.2   1.7   .65    .0
  4 1978  80  17938.88  17.7  31.9   1.6   .65    .4
  4 1978  81   8034.10  21.4  29.7   2.2   .65    .0
  4 1978  82  11555.87  21.8  29.7   2.0   .65   2.2
  4 1978  83   8660.84  21.9  29.2   2.0   .65  25.9
  4 1978  84   8671.07  20.5  29.9   2.0   .65   2.5
  4 1978  85  15227.87  20.0  30.8   2.0   .65   2.8
  4 1978  86   9417.94  20.4  31.2   2.0   .65    .2
  4 1978  87   8577.83  20.7  31.9   1.9   .65   3.0
  4 1978  88  10528.00  21.1  30.1   1.9   .65  23.7
  4 1978  89   7987.40  21.4  26.0   1.9   .65  56.2
  4 1978  90   8237.71  20.7  27.8   1.9   .65  13.1
  4 1978  91  14437.21  20.0  29.2   1.9   .64    .0
  4 1978  92  13108.68  20.0  30.3   1.9   .64    .0
  4 1978  93  13722.27  20.7  31.3   1.6   .64    .2
  4 1978  94  13849.49  20.0  31.9   1.9   .64    .5
  4 1978  95  11911.89  21.2  30.8   2.0   .64  11.4
  4 1978  96   8881.43  20.2  29.7   1.9   .64   8.6
  4 1978  97  20660.48  18.1  31.2   1.7   .64    .0
  4 1978  98  20419.50  17.9  31.5   1.9   .64    .0
  4 1978  99  20905.68  18.4  31.9   1.6   .64    .0
  4 1978 100  15811.13  19.6  31.3   2.2   .64    .0
  4 1978 101  18721.81  20.7  31.9   1.9   .64    .0
  4 1978 102  17266.12  22.5  32.2   2.3   .64  17.0
  4 1978 103   8541.56  22.1  31.9   2.3   .64  12.5
  4 1978 104   8422.40  21.8  31.3   2.2   .64   4.1
  4 1978 105  12055.16  21.6  31.3   2.0   .64    .1
  4 1978 106  10118.90  21.4  29.9   2.0   .64    .4
  4 1978 107  18581.95  21.0  29.5   2.0   .64    .1
  4 1978 108  20388.64  20.5  32.0   2.0   .64    .0
  4 1978 109  18690.58  20.2  32.7   2.2   .64    .0
  4 1978 110  19407.40  20.5  32.2   2.0   .64    .0
  4 1978 111  19760.78  20.0  32.4   2.0   .64    .0
  4 1978 112  19028.57  20.0  32.6   2.0   .64    .0
  4 1978 113  15527.84  20.9  32.2   2.2   .64    .0
  4 1978 114  19851.25  21.4  32.7   1.8   .64    .0
  4 1978 115   8782.39  21.1  29.9   2.4   .64    .0
  4 1978 116  15144.74  19.5  32.6   1.3   .64    .0
  4 1978 117  17536.08  20.0  32.6   1.8   .64    .0
  4 1978 118  19922.55  20.6  33.2   1.8   .64    .4
  4 1978 119  13562.05  21.2  32.0   1.8   .59    .0
  4 1978 120  19655.60  21.4  32.7   1.9   .59    .0
  4 1978 121  18207.09  21.1  33.5   1.9   .59    .0
  4 1978 122  13895.54  22.7  33.8   2.2   .59    .0
  4 1978 123  11500.85  21.9  33.6   2.3   .59   8.1
  4 1978 124  12923.63  22.2  33.9   2.3   .59    .0
  4 1978 125  18746.96  22.5  34.2   2.2   .59    .0
  4 1978 126  19682.85  21.4  33.8   2.0   .59   7.6
  4 1978 127  10283.90  22.3  31.9   2.1   .59    .8
  4 1978 128  11107.83  21.5  31.1   2.2   .59    .0
  4 1978 129  10033.72  20.7  29.4   2.2   .59   7.9
  4 1978 130  16892.64  22.7  31.3   2.4   .59    .0
  4 1978 131  14750.00  21.1  31.9   1.8   .59    .0
  4 1978 132  17926.72  19.6  32.2   2.3   .59    .0
  4 1978 133  16967.15  19.6  29.0   2.0   .59    .0
  4 1978 134   8114.51  20.4  33.3   2.0   .59   8.4
  4 1978 135   9051.25  22.8  29.9   2.2   .59   8.1
  4 1978 136  10338.53  21.4  32.0   2.1   .59  20.3
  4 1978 137  12679.83  23.0  31.7   2.4   .59  12.9
  4 1978 138  11965.82  22.8  31.5   2.4   .59    .0
  4 1978 139  13362.60  22.5  32.9   2.3   .59    .5
  4 1978 140  10776.63  22.7  31.0   2.2   .59  10.7
  4 1978 141  16848.54  21.8  34.0   2.2   .59  58.4
  4 1978 142  17417.98  23.2  33.1   2.6   .59    .6
  4 1978 143   7952.61  21.9  26.5   2.4   .59  18.4
  4 1978 144  10977.96  20.5  31.9   2.3   .59   1.1
  4 1978 145  14928.50  21.9  32.0   2.3   .59   4.4
  4 1978 146  17708.00  21.8  32.0   2.3   .59   4.8
  4 1978 147  10721.88  21.8  32.4   2.3   .59  12.4
  4 1978 148  10830.54  21.4  32.7   2.3   .59    .0
  4 1978 149  10243.30  22.5  30.6   2.3   .59   2.5
  4 1978 150  14986.93  21.4  34.5   2.3   .59  36.4
  4 1978 151  18333.03  20.4  32.9   1.6   .59    .2
  4 1978 152  16816.02  19.1  31.2   1.5   .59    .6
  4 1978 153  12181.95  19.8  31.9   1.9   .59   6.5
  4 1978 154  15753.63  20.4  31.3   2.4   .51   7.5
  4 1978 155  13089.92  21.1  30.1   2.4   .51   3.8
  4 1978 156  17462.87  20.0  30.8   2.1   .51    .0
  4 1978 157  11577.05  20.4  30.8   2.5   .51   4.3
  4 1978 158  17557.12  20.5  31.7   2.6   .51    .5
  4 1978 159  14556.22  21.1  32.4   2.4   .51   5.1
  4 1978 160   7995.42  22.3  28.0   2.1   .51  26.8
  4 1978 161   9141.32  20.9  29.0   1.9   .51  11.6
  4 1978 162   7874.46  21.2  25.0   1.9   .51  13.5
  4 1978 163  11085.63  21.3  25.1   2.0   .51   5.1
  4 1978 164   8098.62  21.4  29.0   2.1   .51    .0
  4 1978 165  11651.20  20.2  31.2   2.2   .51  12.7
  4 1978 166   7864.62  20.5  31.5   2.4   .51   5.8
  4 1978 167  18290.63  20.7  31.9   2.6   .51    .0
  4 1978 168  18400.16  20.0  31.2   2.5   .51   3.0
  4 1978 169  18166.67  19.8  31.5   2.4   .51  38.3
  4 1978 170   7857.84  22.3  29.7   2.1   .51   2.0
  4 1978 171  11405.52  21.2  29.2   2.6   .51    .0
  4 1978 172   9343.68  20.0  29.7   2.6   .51   1.8
  4 1978 173   8312.67  20.5  30.2   2.5   .51    .0
  4 1978 174   8655.40  20.9  31.1   2.3   .51   6.8
  4 1978 175  10028.32  21.4  31.5   2.2   .51   1.0
  4 1978 176  11630.45  21.6  30.6   2.5   .51    .2
  4 1978 177  10829.54  21.1  29.6   2.7   .51   3.3
  4 1978 178  11860.29  22.5  32.0   2.6   .51   5.1
  4 1978 179   9571.63  21.6  29.9   2.7   .51   1.2
  4 1978 180   7854.97  21.5  29.8   2.7   .51    .0
  4 1978 181  14727.76  21.4  29.6   2.7   .51  31.8
  4 1978 182   9231.54  21.3  29.3   2.8   .52   2.0
  4 1978 183  17025.97  21.2  33.1   2.8   .52   1.3
  4 1978 184   8088.58  21.3  33.1   2.6   .52   4.5
  4 1978 185  11072.02  21.3  33.2   2.5   .52   3.8
  4 1978 186  10042.49  21.4  33.4   2.3   .52  38.6
  4 1978 187  11422.82  21.4  31.0   2.1   .52   1.8
  4 1978 188  13034.46  20.7  31.2   2.5   .52   4.1
  4 1978 189   8098.43  21.9  29.7   2.1   .52  20.3
  4 1978 190   9020.67  22.8  30.4   2.1   .52    .0
  4 1978 191   7873.42  22.0  29.5   2.0   .52   3.5
  4 1978 192   7876.03  21.1  27.3   2.0   .52  33.0
  4 1978 193   9376.24  20.7  31.5   2.2   .52   1.5
  4 1978 194  11916.05  20.5  30.8   2.5   .52   1.5
  4 1978 195  15843.91  20.5  30.8   2.3   .52    .0
  4 1978 196  17815.38  20.4  32.9   2.2   .52   3.8
  4 1978 197   9623.73  22.5  31.0   2.4   .52    .5
  4 1978 198  16681.16  20.9  33.3   2.5   .52  31.2
  4 1978 199  13683.10  21.2  32.6   2.7   .52  37.8
  4 1978 200  14617.85  22.3  32.0   2.1   .52   4.1
  4 1978 201  17524.85  21.8  33.1   2.2   .52    .0
  4 1978 202  11736.15  21.2  33.1   2.2   .52   1.0
  4 1978 203  14994.38  22.3  32.2   2.4   .52  19.1
  4 1978 204  10471.73  22.3  31.5   2.0   .52   8.9
  4 1978 205  19318.72  22.8  32.0   2.2   .52    .5
  4 1978 206   8853.53  23.4  30.1   2.3   .52   7.1
  4 1978 207  11771.73  22.8  31.3   2.4   .52   5.8
  4 1978 208  14695.49  21.9  32.0   2.1   .52    .0
  4 1978 209  18675.83  21.7  31.8   2.1   .52  31.8
  4 1978 210   8286.95  21.6  31.5   2.1   .53   4.6
  4 1978 211   9811.77  21.4  31.7   2.2   .53  25.4
  4 1978 212   8411.67  20.7  30.6   2.2   .53  22.9
  4 1978 213  10994.52  21.4  30.1   2.2   .53   9.0
  4 1978 214   8536.60  22.5  29.6   2.1   .53    .4
  4 1978 215  11359.36  21.9  30.4   2.6   .53  12.1
  4 1978 216  12306.36  21.1  29.0   2.5   .53  10.3
  4 1978 217   9606.81  21.6  28.5   2.0   .53  13.0
  4 1978 218  10907.07  21.2  30.3   2.4   .53   7.3
  4 1978 219   9851.44  21.1  29.9   2.3   .53   1.4
  4 1978 220  12806.40  21.2  32.4   2.6   .53  20.4
  4 1978 221  12104.60  21.8  31.5   2.1   .53  29.5
  4 1978 222   7972.30  20.2  27.1   2.2   .53  50.2
  4 1978 223  20045.94  19.8  32.6   2.1   .53   7.2
  4 1978 224   9516.33  21.2  30.4   2.0   .53  13.7
  4 1978 225  11060.70  20.9  31.3   1.9   .53   3.4
  4 1978 226  10471.64  21.5  31.9   2.0   .53  40.0
  4 1978 227   7981.21  22.1  27.1   2.1   .53  18.0
  4 1978 228  17490.73  21.6  33.1   2.2   .53   3.3
  4 1978 229  15952.89  21.1  32.6   2.0   .53    .0
  4 1978 230  18459.58  21.2  30.8   2.3   .53    .0
  4 1978 231  17633.95  20.7  32.0   2.7   .53  11.9
  4 1978 232   9653.75  20.7  30.6   1.9   .53  15.7
  4 1978 233  17886.35  20.5  30.4   2.0   .53    .0
  4 1978 234  20280.13  20.2  33.1   2.0   .53    .0
  4 1978 235   7983.85  21.4  32.9   2.1   .53   4.5
  4 1978 236  15154.40  20.7  32.4   2.0   .53    .0
  4 1978 237  15755.31  20.9  33.1   2.2   .53  16.5
  4 1978 238  15518.74  20.7  31.9   2.0   .53    .2
  4 1978 239  11330.74  21.4  30.8   2.1   .53    .1
  4 1978 240   7976.64  21.4  27.8   2.0   .53  22.6
  4 1978 241  12647.43  20.9  32.0   2.1   .53    .0
  4 1978 242  13845.32  22.1  32.2   2.7   .53  27.0
  4 1978 243  14324.08  21.6  33.3   2.1   .53   4.4
  4 1978 244  13243.21  22.4  34.1   2.1   .53    .0
  4 1978 245  10841.28  23.2  31.9   2.1   .56    .0
  4 1978 246  18158.95  22.7  35.4   2.1   .56    .0
  4 1978 247   7953.22  22.4  35.1   2.0   .56   1.6
  4 1978 248  15992.50  22.1  32.7   1.9   .56   9.1
  4 1978 249  15508.10  22.7  33.8   2.1   .56    .5
  4 1978 250  19345.89  21.9  35.0   1.6   .56    .0
  4 1978 251   7932.28  22.5  33.6   1.6   .56  36.8
  4 1978 252  13810.32  23.5  33.6   2.1   .56    .0
  4 1978 253  10801.54  22.7  31.2   2.0   .56   5.1
  4 1978 254  13555.92  21.6  33.3   1.9   .56    .0
  4 1978 255  18830.00  22.1  32.4   1.4   .56    .0
  4 1978 256  12939.08  17.7  29.0   1.7   .56   9.1
  4 1978 257  13769.91  17.0  31.5   1.5   .56   1.5
  4 1978 258  15679.32  21.6  32.2   1.6   .56   1.4
  4 1978 259  10391.44  21.9  30.8   2.0   .56  20.8
  4 1978 260  16854.84  21.9  33.5   1.9   .56  11.9
  4 1978 261  14564.90  21.9  31.3   2.0   .56    .0
  4 1978 262   7844.81  20.0  26.9   1.9   .56   3.1
  4 1978 263  18369.01  18.6  31.3   1.6   .56  16.5
  4 1978 264  15959.73  21.1  31.5   1.7   .56   1.2
  4 1978 265  16661.29  20.7  31.2   2.1   .56    .0
  4 1978 266  14971.39  19.5  30.4   1.3   .56    .0
  4 1978 267  13283.10  20.0  30.9   1.5   .56  11.1
  4 1978 268  13386.35  20.4  31.8   1.6   .56  23.5
  4 1978 269  11938.97  20.9  33.2   1.8   .56    .0
  4 1978 270   8944.87  21.3  35.0   2.0   .56  16.0
  4 1978 271  11192.09  21.8  29.7   2.2   .56   4.6
  4 1978 272  12245.67  21.6  29.5   2.1   .56   8.1
  4 1978 273   9258.05  21.4  27.3   2.0   .57    .0
  4 1978 274  12209.06  20.0  31.7   2.1   .57   1.5
  4 1978 275  11241.71  20.5  29.9   1.3   .57  33.7
  4 1978 276  14301.62  21.2  31.5   2.0   .57    .0
  4 1978 277  10612.90  21.8  29.0   1.9   .57    .0
  4 1978 278  10948.57  21.9  31.2   1.8   .57   1.5
  4 1978 279   7625.76  21.4  29.9   2.1   .57    .0
  4 1978 280   7610.06  20.9  26.0   1.9   .57   2.3
  4 1978 281  16771.95  19.1  31.5   1.7   .57   1.4
  4 1978 282   9222.91  20.9  29.4   2.0   .57   4.6
  4 1978 283  18004.45  19.5  31.3   1.9   .57    .3
  4 1978 284  14457.57  20.0  31.0   2.0   .57    .0
  4 1978 285  13377.40  21.2  31.0   1.6   .57    .0
  4 1978 286  13818.58  21.2  31.0   1.7   .57    .0
  4 1978 287  14257.90  20.5  31.3   1.8   .57    .0
  4 1978 288  14578.89  20.7  31.5   1.7   .57    .0
  4 1978 289  12108.14  21.0  32.0   1.6   .57   5.6
  4 1978 290  16144.76  21.2  31.7   1.5   .57    .0
  4 1978 291  17734.11  20.2  32.6   1.3   .57    .0
  4 1978 292  14806.36  20.0  32.2   1.8   .57    .0
  4 1978 293  16853.42  21.4  33.6   1.9   .57   9.4
  4 1978 294   7366.56  22.7  28.7   2.0   .57    .0
  4 1978 295  11259.77  21.8  30.4   1.7   .57   7.0
  4 1978 296   7329.17  21.8  31.3   2.1   .57  23.7
  4 1978 297  11322.46  21.2  30.4   2.0   .57  56.4
  4 1978 298  10609.54  20.9  29.0   1.9   .57    .0
  4 1978 299  19035.21  19.7  31.7   1.4   .57    .0
  4 1978 300  18195.86  20.3  32.3   1.5   .57    .2
  4 1978 301   8485.80  20.8  33.4   1.7   .57    .0
  4 1978 302  11302.90  21.4  29.7   1.8   .57   1.5
  4 1978 303  14448.86  21.1  32.0   1.9   .57  16.1
  4 1978 304  11701.18  20.4  30.7   5.9   .57   8.9
  4 1978 305  12019.00  20.4  30.7   5.9   .57   2.2
  4 1978 306  12019.00  20.4  30.7   5.9   .57  11.2
  4 1978 307  12019.00  20.4  30.7   5.9   .57   1.4
  4 1978 308  11254.00  20.1  29.9   5.9   .55  27.8
  4 1978 309  11254.00  20.1  29.9   5.9   .55   1.2
  4 1978 310  11254.00  20.1  29.9   5.9   .55   5.6
  4 1978 311  11254.00  20.1  29.9   5.9   .55   2.2
  4 1978 312  11254.00  20.1  29.9   5.9   .55    .0
  4 1978 313  11254.00  20.1  29.9   5.9   .55  10.1
  4 1978 314  11254.00  20.1  29.9   5.9   .55    .2
  4 1978 315  11254.00  20.1  29.9   5.9   .55    .2
  4 1978 316  11254.00  20.1  29.9   5.9   .55   1.5
  4 1978 317  11254.00  20.1  29.9   5.9   .55  18.6
  4 1978 318  11254.00  20.1  29.9   5.9   .55    .0
  4 1978 319  11254.00  20.1  29.9   5.9   .55    .0
  4 1978 320  11254.00  20.1  29.9   5.9   .55    .0
  4 1978 321  11254.00  20.1  29.9   5.9   .55   1.9
  4 1978 322  11254.00  20.1  29.9   5.9   .55  43.2
  4 1978 323  11254.00  20.1  29.9   5.9   .55   2.5
  4 1978 324  11254.00  20.1  29.9   5.9   .55    .0
  4 1978 325  11254.00  20.1  29.9   5.9   .55    .0
  4 1978 326  11254.00  20.1  29.9   5.9   .55    .0
  4 1978 327  11254.00  20.1  29.9   5.9   .55  23.1
  4 1978 328  11254.00  20.1  29.9   5.9   .55  11.0
  4 1978 329  11254.00  20.1  29.9   5.9   .55  24.6
  4 1978 330  11254.00  20.1  29.9   5.9   .55   6.1
  4 1978 331  11254.00  20.1  29.9   5.9   .55  58.2
  4 1978 332  11254.00  20.1  29.9   5.9   .55  74.2
  4 1978 333  11254.00  20.1  29.9   5.9   .55   7.6
  4 1978 334  11254.00  20.1  29.9   5.9   .55  50.7
  4 1978 335  11254.00  20.1  29.9   5.9   .55    .1
  4 1978 336  11090.00  19.4  29.4   5.7   .57  10.9
  4 1978 337  11090.00  19.4  29.4   5.7   .57   1.2
  4 1978 338  11090.00  19.4  29.4   5.7   .57    .0
  4 1978 339  11090.00  19.4  29.4   5.7   .57    .0
  4 1978 340  11090.00  19.4  29.4   5.7   .57    .0
  4 1978 341  11090.00  19.4  29.4   5.7   .57  16.0
  4 1978 342  11090.00  19.4  29.4   5.7   .57    .0
  4 1978 343  11090.00  19.4  29.4   5.7   .57  32.2
  4 1978 344  11090.00  19.4  29.4   5.7   .57  17.5
  4 1978 345  11090.00  19.4  29.4   5.7   .57  40.6
  4 1978 346  11090.00  19.4  29.4   5.7   .57  17.8
  4 1978 347  11090.00  19.4  29.4   5.7   .57  17.0
  4 1978 348  11090.00  19.4  29.4   5.7   .57   3.3
  4 1978 349  11090.00  19.4  29.4   5.7   .57    .0
  4 1978 350  11090.00  19.4  29.4   5.7   .57   2.0
  4 1978 351  11090.00  19.4  29.4   5.7   .57  85.3
  4 1978 352  11090.00  19.4  29.4   5.7   .57  33.1
  4 1978 353  11090.00  19.4  29.4   5.7   .57    .0
  4 1978 354  11090.00  19.4  29.4   5.7   .57    .3
  4 1978 355  11090.00  19.4  29.4   5.7   .57    .0
  4 1978 356  11090.00  19.4  29.4   5.7   .57    .0
  4 1978 357  11090.00  19.4  29.4   5.7   .57    .0
  4 1978 358  11090.00  19.4  29.4   5.7   .57    .0
  4 1978 359  11090.00  19.4  29.4   5.7   .57    .0
  4 1978 360  11090.00  19.4  29.4   5.7   .57    .0
  4 1978 361  11090.00  19.4  29.4   5.7   .57   7.6
  4 1978 362  11090.00  19.4  29.4   5.7   .57    .0
  4 1978 363  11090.00  19.4  29.4   5.7   .57    .0
  4 1978 364  11090.00  19.4  29.4   5.7   .57    .0
  4 1978 365  11090.00  19.4  29.4   5.7   .57    .0
