*---------------------------------------------------------              
* Station name: La Lola                                                 
* Author: Atlantic Zone Project, AUW-MAG-CATIE, Costa Rica              
* Source: IMN, San Jose, Costa Rica                                     
*                                                                       
* Comments: Wind speed data lacking                                     
*           Check unit (and conversion factor) of SR                    
*           No data for VP at 1800 hr from June-Dec                     
*                                                                       
* Longitude:  83 23 W, latitude:  10  6 N, altitude:  40 m.             
* Column  Daily value                                                   
*    1    station number                                                
*    2    year                                                          
*    3    month                                                         
*    4    day                                                           
*    5    julian date                                                   
*    6    irradiation            (1000 * MJ m-2 d-1)                    
*    7    minimum temperature    (degrees Celcius)                      
*    8    maximum temperature    (degrees Celcius)                      
*    9    vapor pressure at 0700 (mbar)                                 
*   10    vapor pressure at 1300 (mbar)                                 
*   11    vapor pressure at 1800 (mbar)                                 
*   12    mean wind speed        (kilometer per hour)                   
*   13    precipitation          (mm d-1)                               
*   14    sunshine hours         (hours)                                
* Missing value: -99                                                    
*---------------------------------------------------------              
*  data converted with WDC for CABO-format
*-------------------------------------------
  83.38  10.10    40.  .00  .00
  4 1987   1  14902.00  17.0  30.0   2.8   .62   1.5
  4 1987   2  10172.00  18.0  29.0   2.2   .62   6.0
  4 1987   3  13772.00  19.0  30.5   2.4   .62   6.2
  4 1987   4  11386.00  17.5  30.0   2.5   .62    .0
  4 1987   5   4730.00  18.0  20.5   2.4   .62  35.3
  4 1987   6   7284.00  18.0  27.0   2.5   .62    .0
  4 1987   7   9460.00  17.5  23.8   2.3   .62    .0
  4 1987   8  14818.00  17.8  28.0   2.7   .62    .0
  4 1987   9  13772.00  17.0  30.0   2.4   .62    .0
  4 1987  10  17288.00  20.0  30.0   2.4   .62  12.8
  4 1987  11   6281.00  19.0  27.1   2.6   .62  21.0
  4 1987  12  11888.00  18.0  28.5   2.3   .62  77.0
  4 1987  13  11972.00  19.0  30.0   2.5   .62    .0
  4 1987  14  13604.00  18.0  30.0   2.3   .62    .4
  4 1987  15  14567.00  19.0  29.0   2.3   .62    .0
  4 1987  16  13353.00  18.0  30.0   2.3   .62    .0
  4 1987  17  15321.00  18.0  31.0   2.3   .62    .0
  4 1987  18  17288.00  18.0  31.0   2.5   .62   5.4
  4 1987  19  14944.00  18.0  30.0   2.8   .62    .4
  4 1987  20   9963.00  20.2  29.0   2.8   .62  82.8
  4 1987  21   8079.00  19.0  28.0   2.4   .62    .7
  4 1987  22  12474.00  17.3  30.5   2.2   .62    .0
  4 1987  23   8916.00  18.0  26.0   2.5   .62  13.1
  4 1987  24   8623.00  19.0  26.0   2.3   .62   1.4
  4 1987  25  10674.00  20.2  24.9   2.4   .62   5.2
  4 1987  26  10507.00  20.0  30.1   2.4   .62    .9
  4 1987  27   7493.00  18.0  27.0   2.5   .62  75.4
  4 1987  28   2051.00  20.0  25.5   2.5   .61 109.4
  4 1987  29  18335.00  19.0  30.0   2.5   .61    .7
  4 1987  30  11721.00  18.1  28.5   2.8   .61   5.4
  4 1987  31  17456.00  19.0  30.0   2.5   .61   1.3
  4 1987  32  15656.00  19.0  30.0   2.1   .61    .0
  4 1987  33  13814.00  18.0  29.5   2.2   .61    .0
  4 1987  34  13270.00  18.5  31.0   2.3   .61    .0
  4 1987  35   8121.00  21.0  29.0   2.5   .61   1.5
  4 1987  36  11637.00  22.0  31.0   2.6   .61    .8
  4 1987  37  11721.00  21.0  30.0   2.3   .61    .5
  4 1987  38  13102.00  21.5  30.0   2.5   .61    .0
  4 1987  39   7284.00  21.0  25.5   2.2   .61  29.1
  4 1987  40   9418.00  18.5  25.0   2.0   .61  13.7
  4 1987  41   4395.00  19.0  25.0   2.1   .61   9.8
  4 1987  42   5358.00  19.0  27.0   2.2   .61    .0
  4 1987  43  10256.00  20.0  27.0   2.5   .61  30.2
  4 1987  44   5107.00  20.5  25.0   2.5   .61  51.3
  4 1987  45  12349.00  20.5  28.0   2.3   .61    .0
  4 1987  46  14776.00  21.0  30.0   2.5   .61    .0
  4 1987  47  17037.00  19.0  31.0   2.5   .61    .0
  4 1987  48  17204.00  18.0  31.0   2.6   .61    .0
  4 1987  49  13102.00  20.5  30.0   2.5   .61    .0
  4 1987  50  10046.00  21.0  30.0   2.6   .61    .0
  4 1987  51  14107.00  20.0  29.5   2.5   .61    .7
  4 1987  52   9795.00  19.5  30.0   2.5   .61   1.0
  4 1987  53   8121.00  21.0  28.5   2.6   .61   5.8
  4 1987  54   6446.00  20.5  27.5   2.6   .61    .9
  4 1987  55   7284.00  21.5  28.5   2.6   .61    .5
  4 1987  56  11930.00  20.0  30.0   2.4   .65    .4
  4 1987  57   6907.00  21.9  29.0   2.8   .65  12.5
  4 1987  58   5107.00  21.6  28.0   2.8   .65   5.6
  4 1987  59   9753.00  21.9  29.4   3.2   .65    .0
  4 1987  60  12014.00  22.0  29.8   2.8   .65    .0
  4 1987  61   8749.00  21.0  30.8   2.7   .65    .0
  4 1987  62  12014.00  20.5  28.0   2.9   .65    .2
  4 1987  63  12014.00  19.8  27.0   2.5   .65    .0
  4 1987  64  11260.00  19.0  29.2   2.7   .65    .0
  4 1987  65   9377.00  20.0  29.0   2.7   .65    .0
  4 1987  66  11972.00  20.5  31.0   2.7   .65  12.2
  4 1987  67  10967.00  20.6  30.0   2.7   .65   1.8
  4 1987  68  12014.00  21.4  29.0   2.8   .65    .0
  4 1987  69  17288.00  18.8  31.0   2.7   .65    .0
  4 1987  70  14776.00  20.0  30.8   2.8   .65    .0
  4 1987  71  10130.00  19.9  29.5   2.6   .65   2.1
  4 1987  72  16367.00  19.8  30.4   2.5   .65    .0
  4 1987  73  14525.00  15.0  30.4   2.0   .65    .0
  4 1987  74  12809.00  17.5  29.5   2.3   .65    .0
  4 1987  75  16409.00  21.3  31.0   2.6   .65    .0
  4 1987  76  17497.00  19.3  31.6   2.6   .65    .0
  4 1987  77  13060.00  20.3  32.2   2.8   .65    .0
  4 1987  78  12014.00  20.8  30.0   2.9   .65    .0
  4 1987  79  11386.00  21.0  31.8   2.7   .65    .0
  4 1987  80   7367.00  22.0  31.0   2.8   .65    .0
  4 1987  81   8832.00  24.0  29.0   3.1   .65    .0
  4 1987  82  12851.00  21.4  32.4   2.9   .65    .0
  4 1987  83   8037.00  22.5  32.5   3.0   .65    .0
  4 1987  84  11344.00  22.6  33.0   3.2   .65    .0
  4 1987  85   9837.00  21.5  30.0   3.2   .65    .9
  4 1987  86   6656.00  23.5  32.0   3.1   .65    .0
  4 1987  87  16660.00  23.0  31.9   3.0   .65    .0
  4 1987  88   7577.00  22.5  29.3   2.8   .65   2.5
  4 1987  89  11302.00  22.0  30.5   2.8   .65    .0
  4 1987  90  16116.00  22.5  33.4   2.8   .65  60.0
  4 1987  91   3516.00  20.0  23.0   2.2   .64  64.9
  4 1987  92   6488.00  19.3  25.0   2.3   .64   8.1
  4 1987  93   8079.00  18.8  27.2   2.6   .64   7.6
  4 1987  94  13856.00  21.3  29.0   2.6   .64  35.5
  4 1987  95   8288.00  21.0  27.8   2.7   .64  80.0
  4 1987  96   8372.00  20.6  28.0   2.6   .64   3.0
  4 1987  97   2135.00  21.5  25.5   2.9   .64  29.5
  4 1987  98  18711.00  21.0  30.8   2.9   .64  18.0
  4 1987  99   9670.00  21.5  29.0   2.9   .64  33.8
  4 1987 100   2051.00  22.3  24.0   2.6   .64  21.7
  4 1987 101   9837.00  20.8  28.0   2.8   .64  15.8
  4 1987 102   7535.00  20.6  27.5   2.6   .64  20.7
  4 1987 103  14860.00  20.4  31.0   3.1   .64    .2
  4 1987 104   9963.00  23.5  30.5   3.1   .64  45.6
  4 1987 105  11302.00  23.5  30.6   3.0   .64    .0
  4 1987 106  18251.00  20.5  31.6   2.9   .64    .0
  4 1987 107  17958.00  20.5  31.6   2.8   .64    .0
  4 1987 108  20428.00  20.0  31.0   2.9   .64    .0
  4 1987 109  18502.00  20.0  31.6   2.9   .64    .0
  4 1987 110  10674.00  19.5  31.0   2.6   .64 237.8
  4 1987 111   9084.00  23.5  28.5   3.0   .64  13.1
  4 1987 112   5567.00  23.0  26.0   2.8   .64  12.3
  4 1987 113   4646.00  22.3  28.0   2.7   .64    .2
  4 1987 114   7953.00  20.0  26.3   2.3   .64   1.2
  4 1987 115   4312.00  21.5  27.0   2.6   .64   2.0
  4 1987 116   3391.00  21.6  26.0   2.7   .64   4.8
  4 1987 117   4312.00  21.5  27.0   2.5   .64   4.5
  4 1987 118   7284.00  20.5  29.1   2.6   .64    .0
  4 1987 119   2218.00  21.5  25.8   2.6   .59    .0
  4 1987 120   3726.00  21.8  27.0   2.6   .59   3.3
  4 1987 121   6279.00  21.5  27.0   2.8   .59  24.6
  4 1987 122  18376.00  20.4  31.0   2.9   .59    .0
  4 1987 123  17456.00  20.0  32.0   2.8   .59    .0
  4 1987 124  15446.00  22.2  31.8   2.9   .59    .9
  4 1987 125  10046.00  22.5  30.6   3.0   .59    .0
  4 1987 126  15363.00  21.1  31.2   2.8   .59    .0
  4 1987 127  18879.00  22.0  30.0   2.9   .59    .0
  4 1987 128  18125.00  20.0  32.0   3.0   .59    .0
  4 1987 129   6698.00  20.0  27.5   2.7   .59   7.6
  4 1987 130  11177.00  22.5  30.0   3.0   .59   4.1
  4 1987 131   3809.00  23.5  27.0   3.0   .59  21.8
  4 1987 132  12516.00  22.2  30.8   3.2   .59   8.0
  4 1987 133  14107.00  22.5  31.0   3.1   .59   9.4
  4 1987 134   4688.00  23.0  27.5   2.8   .59  23.0
  4 1987 135   1465.00  23.0  23.5   2.7   .59  38.8
  4 1987 136   5442.00  22.0  26.5   2.7   .59  14.1
  4 1987 137  17916.00  21.5  31.3   2.8   .59    .0
  4 1987 138  18293.00  21.5  31.6   3.0   .59    .0
  4 1987 139  11177.00  22.5  30.5   2.8   .59   2.3
  4 1987 140   6028.00  22.3  28.8   3.0   .59  14.5
  4 1987 141   5065.00  23.0  27.0   2.9   .59  34.7
  4 1987 142   8372.00  23.0  28.0   3.0   .59  15.5
  4 1987 143  10758.00  22.0  30.3   2.5   .59   1.6
  4 1987 144  13437.00  21.3  31.5   2.9   .59    .0
  4 1987 145  15781.00  20.0  31.5   2.8   .59   2.6
  4 1987 146  18418.00  22.0  32.0   2.9   .59    .0
  4 1987 147  16576.00  21.2  32.5   2.7   .59    .0
  4 1987 148  17749.00  21.5  32.4   3.0   .59    .0
  4 1987 149  18711.00  21.2  31.5   2.9   .59    .2
  4 1987 150   7409.00  24.0  30.0   3.0   .59  19.0
  4 1987 151  16200.00  23.0  32.5   3.1   .59    .0
  4 1987 152  14107.00  22.9  32.6   3.1   .59    .0
  4 1987 153   9921.00  23.8  31.5   3.1   .59   1.4
  4 1987 154  12014.00  23.5  30.8   2.9   .51  85.3
  4 1987 155   1130.00  23.0  30.8   2.9   .51  16.2
  4 1987 156  17204.00  21.9  31.0   3.0   .51    .0
  4 1987 157  12056.00  22.0  31.0   2.8   .51   4.0
  4 1987 158  11846.00  22.0  30.3   2.8   .51    .0
  4 1987 159  10004.00  22.5  31.0   2.9   .51    .0
  4 1987 160  16242.00  22.3  32.5   3.0   .51   7.6
  4 1987 161  13479.00  24.0  32.5   3.1   .51    .3
  4 1987 162   9544.00  23.0  31.6   2.9   .51    .0
  4 1987 163  10004.00  23.0  31.5   3.0   .51  77.5
  4 1987 164  10967.00  20.0  30.5   2.5   .51   8.7
  4 1987 165  13102.00  22.0  31.5   2.5   .51   7.6
  4 1987 166  12223.00  22.2  29.3   3.0   .51  26.9
  4 1987 167  15153.00  21.5  31.5   3.0   .51    .9
  4 1987 168  11470.00  23.0  30.0   2.9   .51  22.6
  4 1987 169  11009.00  22.0  30.8   2.7   .51    .0
  4 1987 170  19381.00  21.5  32.0   2.9   .51    .2
  4 1987 171  15572.00  24.0  32.0   3.0   .51    .0
  4 1987 172  11679.00  22.0  31.3   3.0   .51   8.6
  4 1987 173  11679.00  22.2  32.5   3.1   .51    .0
  4 1987 174  15279.00  22.2  33.0   3.1   .51   8.2
  4 1987 175   6153.00  23.0  30.0   2.9   .51   8.3
  4 1987 176  14651.00  21.0  32.5   2.7   .51    .0
  4 1987 177  10088.00  22.0  32.0   3.1   .51    .0
  4 1987 178   6153.00  22.5  29.0   2.8   .51    .0
  4 1987 179  13981.00  22.0  32.0   2.9   .51    .0
  4 1987 180   8478.00  21.5  29.3   3.0   .51   3.7
  4 1987 181   6070.00  23.0  28.0   2.9   .51   6.8
  4 1987 182  13939.00  20.0  31.3   2.8   .52    .0
  4 1987 183  19758.00  22.0  32.3   2.9   .52  49.6
  4 1987 184  17372.00  21.5  32.0   2.8   .52   2.7
  4 1987 185   6070.00  22.8  27.5   3.0   .52   6.1
  4 1987 186   8121.00  20.5  30.0   2.9   .52    .0
  4 1987 187   9167.00  23.0  29.5   3.0   .52    .1
  4 1987 188   9167.00  21.5  29.5   2.8   .52  13.0
  4 1987 189   5316.00  22.3  28.0   2.8   .52  46.1
  4 1987 190  10088.00  22.0  30.3   2.9   .52    .0
  4 1987 191   9460.00  22.4  29.2   2.9   .52  41.0
  4 1987 192  14358.00  23.0  31.5   3.0   .52   1.5
  4 1987 193  14232.00  22.0  32.0   2.7   .52    .0
  4 1987 194  13981.00  23.0  31.9   3.0   .52  10.2
  4 1987 195   3265.00  24.0  27.5   3.1   .52  20.8
  4 1987 196  12056.00  23.0  31.0   3.1   .52   4.3
  4 1987 197   9670.00  23.0  29.0   2.9   .52   8.0
  4 1987 198  10088.00  22.4  30.0   3.0   .52   4.6
  4 1987 199  12767.00  23.0  30.0   2.9   .52  28.5
  4 1987 200  15781.00  21.8  30.5   2.9   .52   9.1
  4 1987 201  15363.00  23.2  30.8   3.0   .52    .3
  4 1987 202   2512.00  22.0  25.7   2.8   .52  11.1
  4 1987 203  15990.00  21.0  32.0   2.9   .52   1.0
  4 1987 204  11218.00  23.5  31.5   3.0   .52   5.2
  4 1987 205   9963.00  22.5  30.5   2.7   .52    .5
  4 1987 206  14274.00  23.0  31.0   3.0   .52   3.2
  4 1987 207   9042.00  21.5  28.6   2.7   .52    .0
  4 1987 208   6195.00  22.2  28.5   2.9   .52    .5
  4 1987 209  15070.00  21.0  31.0   2.5   .52    .0
  4 1987 210  14860.00  21.5  31.0   2.9   .53   2.0
  4 1987 211  16158.00  21.0  31.5   2.8   .53   4.7
  4 1987 212   4730.00  23.0  27.0   2.9   .53   2.3
  4 1987 213  10423.00  23.0  29.0   2.9   .53   4.1
  4 1987 214   9167.00  20.8  29.8   3.0   .53   2.3
  4 1987 215  12516.00  22.0  30.5   2.9   .53   6.8
  4 1987 216  17204.00  21.0  30.8   2.9   .53    .0
  4 1987 217  19549.00  21.0  32.0   2.7   .53   1.5
  4 1987 218  13688.00  23.0  31.0   2.9   .53    .4
  4 1987 219  17790.00  20.8  32.5   2.7   .53    .0
  4 1987 220   4856.00  22.0  27.0   2.8   .53   8.5
  4 1987 221   5693.00  20.8  28.0   2.9   .53   4.2
  4 1987 222   9418.00  22.0  30.5   2.8   .53   9.0
  4 1987 223   8749.00  23.0  29.5   2.8   .53    .0
  4 1987 224  16493.00  20.5  31.5   2.7   .53   1.0
  4 1987 225   5358.00  22.0  28.0   2.8   .53  21.2
  4 1987 226   9753.00  22.0  30.0   2.8   .53    .0
  4 1987 227  16702.00  21.8  32.0   2.9   .53   9.3
  4 1987 228   9502.00  21.6  29.5   2.9   .53  32.7
  4 1987 229   8121.00  23.5  30.0   3.0   .53  76.8
  4 1987 230   8456.00  22.0  29.5   2.9   .53    .3
  4 1987 231  10884.00  22.0  31.0   3.0   .53    .0
  4 1987 232  13311.00  22.5  31.5   2.9   .53  56.9
  4 1987 233  11846.00  23.0  31.0   3.0   .53   6.9
  4 1987 234  13353.00  23.0  31.0   2.8   .53   4.8
  4 1987 235   9167.00  23.6  28.3   2.8   .53    .8
  4 1987 236  11218.00  22.5  30.8   3.0   .53   1.5
  4 1987 237  13270.00  22.9  31.0   3.0   .53    .2
  4 1987 238   6907.00  23.3  27.0   2.7   .53  35.5
  4 1987 239  13228.00  22.0  30.5   2.9   .53   4.7
  4 1987 240   5526.00  22.0  28.0   2.5   .53   4.8
  4 1987 241   7493.00  20.3  28.6   2.5   .53  16.5
  4 1987 242   7870.00  20.6  28.5   2.5   .53   8.8
  4 1987 243  11470.00  19.5  30.5   2.7   .53   6.2
  4 1987 244   9209.00  22.0  30.5   2.9   .53  24.4
  4 1987 245   7242.00  22.0  27.3   2.8   .56   2.8
  4 1987 246  14567.00  21.8  30.0   2.9   .56   2.0
  4 1987 247  18753.00  21.0  32.0   2.9   .56   1.0
  4 1987 248  10884.00  23.2  31.0   3.0   .56    .0
  4 1987 249  20009.00  21.0  32.0   3.1   .56    .0
  4 1987 250  15656.00  22.0  32.5   3.1   .56   1.2
  4 1987 251  14190.00  23.5  31.8   3.1   .56    .0
  4 1987 252  14232.00  22.0  32.0   3.0   .56    .0
  4 1987 253  15488.00  21.5  32.0   2.8   .56    .0
  4 1987 254  13437.00  22.0  32.3   2.9   .56    .1
  4 1987 255  12767.00  21.0  31.5   2.9   .56   2.4
  4 1987 256   5400.00  23.5  31.5   3.0   .56  11.5
  4 1987 257   8121.00  22.8  29.5   3.0   .56   6.9
  4 1987 258   9963.00  22.0  29.8   2.7   .56   4.6
  4 1987 259  13646.00  21.5  30.3   2.9   .56  66.8
  4 1987 260  14442.00  21.5  31.3   3.0   .56    .0
  4 1987 261  12893.00  21.5  32.5   3.1   .56    .0
  4 1987 262  15404.00  22.5  32.5   3.1   .56    .0
  4 1987 263  12809.00  22.8  33.0   2.9   .56  21.7
  4 1987 264  12809.00  21.5  28.5   2.8   .56    .5
  4 1987 265  13311.00  22.0  31.5   2.8   .56    .0
  4 1987 266  18628.00  22.5  32.0   2.9   .56   1.0
  4 1987 267  12223.00  22.5  31.2   2.8   .56    .3
  4 1987 268  12516.00  23.0  31.3   2.9   .56    .0
  4 1987 269   9670.00  22.0  30.0   2.8   .56    .0
  4 1987 270  16074.00  22.5  32.2   2.8   .56    .0
  4 1987 271   4688.00  22.2  28.5   2.9   .56   5.5
  4 1987 272  10758.00  22.0  31.0   2.8   .56   1.3
  4 1987 273  15446.00  22.5  32.2   2.9   .57    .3
  4 1987 274  12390.00  21.0  31.4   2.8   .57    .0
  4 1987 275  13563.00  21.8  32.0   2.8   .57    .0
  4 1987 276  10339.00  23.0  31.0   2.9   .57    .0
  4 1987 277  12349.00  22.0  31.0   2.8   .57    .0
  4 1987 278  11135.00  21.5  32.0   3.0   .57   4.1
  4 1987 279  13814.00  22.0  31.5   2.9   .57  10.0
  4 1987 280   8832.00  23.3  29.8   2.9   .57  68.0
  4 1987 281  10004.00  22.8  31.5   3.0   .57  57.4
  4 1987 282  15279.00  22.0  32.5   2.8   .57  18.6
  4 1987 283  16032.00  21.8  32.0   3.0   .57  36.5
  4 1987 284  12390.00  21.5  31.5   2.9   .57   8.6
  4 1987 285  15907.00  21.5  32.2   2.8   .57    .0
  4 1987 286  11763.00  20.3  31.5   2.9   .57  40.2
  4 1987 287   5107.00  22.5  27.0   2.7   .57  22.7
  4 1987 288  12935.00  21.3  30.0   2.5   .57  34.2
  4 1987 289  11553.00  22.0  29.0   2.6   .57   7.5
  4 1987 290   1465.00  21.5  29.0   2.7   .57  72.3
  4 1987 291   8163.00  20.0  28.3   2.6   .57  47.3
  4 1987 292  11135.00  21.0  24.5   2.7   .57  41.2
  4 1987 293   8204.00  21.0  30.3   2.8   .57  14.9
  4 1987 294   9125.00  22.3  30.0   2.8   .57  70.5
  4 1987 295  11093.00  21.8  28.5   2.5   .57   3.4
  4 1987 296  10674.00  22.8  30.0   2.9   .57  25.9
  4 1987 297   8539.00  22.0  28.0   2.8   .57   4.0
  4 1987 298   8916.00  22.0  30.0   2.7   .57   9.9
  4 1987 299  13772.00  20.3  31.5   2.7   .57    .0
  4 1987 300  14651.00  21.3  30.5   2.8   .57    .0
  4 1987 301  10046.00  21.0  28.0   2.7   .57 107.4
  4 1987 302  12223.00  21.5  29.8   2.6   .57   9.4
  4 1987 303  10004.00  21.3  29.0   2.7   .57  19.7
  4 1987 304  13856.00  22.3  29.5   2.8   .57    .2
  4 1987 305   9670.00  22.5  30.0   2.9   .57    .0
  4 1987 306  10967.00  20.0  31.0   2.7   .57    .0
  4 1987 307  12056.00  20.0  31.0   2.5   .57    .0
  4 1987 308  12139.00  21.5  31.0   2.7   .55    .0
  4 1987 309  13772.00  18.5  31.5   2.4   .55   6.2
  4 1987 310   6656.00  22.0  29.0   2.6   .55  37.9
  4 1987 311   7284.00  21.5  27.0   2.6   .55  31.6
  4 1987 312  12390.00  22.0  30.8   2.9   .55    .0
  4 1987 313  14232.00  21.3  32.5   2.9   .55    .0
  4 1987 314  13395.00  21.5  31.5   3.0   .55   6.5
  4 1987 315  14944.00  22.0  32.5   2.9   .55   8.2
  4 1987 316  11846.00  20.0  30.0   2.7   .55  11.7
  4 1987 317   9377.00  22.5  30.0   2.9   .55    .0
  4 1987 318  10339.00  21.8  30.5   2.9   .55   1.2
  4 1987 319   6195.00  23.0  27.5   2.9   .55   2.0
  4 1987 320  10172.00  21.5  31.5   2.8   .55    .3
  4 1987 321  13856.00  21.0  32.0   2.8   .55    .0
  4 1987 322  12809.00  22.8  32.5   3.0   .55   8.7
  4 1987 323  13688.00  22.0  32.0   2.9   .55  11.4
  4 1987 324   1758.00  23.0  25.0   2.9   .55  26.5
  4 1987 325   9084.00  22.0  29.5   3.0   .55  10.7
  4 1987 326  13102.00  22.8  30.5   2.9   .55    .0
  4 1987 327  12181.00  20.5  31.5   2.8   .55    .0
  4 1987 328   5609.00  22.5  27.0   2.7   .55  10.4
  4 1987 329   8121.00  23.0  27.5   2.9   .55   9.1
  4 1987 330   7953.00  21.2  30.0   2.8   .55    .0
  4 1987 331  10800.00  21.0  31.0   2.7   .55    .0
  4 1987 332  10590.00  21.0  31.5   2.8   .55    .0
  4 1987 333   9753.00  20.0  31.8   2.7   .55   1.1
  4 1987 334   9795.00  20.5  31.0   2.8   .55    .0
  4 1987 335  10214.00  21.0  31.0   2.7   .55    .0
  4 1987 336   9712.00  20.3  31.0   2.9   .57    .0
  4 1987 337   7953.00  20.4  28.2   2.8   .57   4.4
  4 1987 338   5818.00  21.8  28.0   2.8   .57  56.8
  4 1987 339  11679.00  21.0  29.0   2.8   .57   1.9
  4 1987 340   9879.00  19.0  27.5   2.7   .57   9.7
  4 1987 341  14107.00  21.5  30.5   2.8   .57    .8
  4 1987 342  10214.00  20.5  30.5   2.8   .57    .0
  4 1987 343   6698.00  20.0  27.0   2.8   .57   5.9
  4 1987 344  11135.00  19.5  28.0   2.4   .57    .0
  4 1987 345   9000.00  21.8  30.0   2.7   .57   1.6
  4 1987 346   8749.00  21.4  30.0   2.8   .57    .0
  4 1987 347   9879.00  21.0  31.0   2.8   .57  14.9
  4 1987 348  12056.00  20.0  31.2   2.8   .57    .0
  4 1987 349  11553.00  21.3  32.5   2.9   .57    .6
  4 1987 350  10381.00  22.5  31.0   3.1   .57   5.7
  4 1987 351  14107.00  20.5  32.0   2.9   .57  11.4
  4 1987 352   8623.00  21.5  30.0   2.7   .57  20.6
  4 1987 353   5902.00  22.0  30.0   2.8   .57  38.2
  4 1987 354   4521.00  21.5  26.5   2.9   .57 131.0
  4 1987 355   6991.00  24.0  30.5   3.2   .57  22.4
  4 1987 356   2930.00  24.0  27.0   3.0   .57  41.1
  4 1987 357   5567.00  23.5  29.5   2.9   .57   8.1
  4 1987 358  13228.00  21.5  30.5   2.9   .57   2.1
  4 1987 359  14400.00  20.8  30.5   2.8   .57    .0
  4 1987 360  10967.00  18.8  31.0   2.5   .57   4.8
  4 1987 361  15446.00  20.0  31.0   2.4   .57   9.6
  4 1987 362  13102.00  20.0  31.0   2.7   .57  20.6
  4 1987 363   9418.00  21.3  30.0   2.6   .57   9.0
  4 1987 364   7158.00  21.3  28.8   2.6   .57  14.0
  4 1987 365   8121.00  21.0  28.5   2.6   .57  11.2
