*---------------------------------------------------------              
* Station name: La Lola                                                 
* Author: Atlantic Zone Project, AUW-MAG-CATIE, Costa Rica              
* Source: IMN, San Jose, Costa Rica                                     
*                                                                       
* Comments: Wind speed data lacking                                     
*           No data (except RF,SR,SSH) for February                     
*           No SSH data from July-Aug                                   
*                                                                       
* Longitude:  83 23 W, latitude:  10  6 N, altitude:  40 m.             
* Column  Daily value                                                   
*    1    station number                                                
*    2    year                                                          
*    3    month                                                         
*    4    day                                                           
*    5    julian date                                                   
*    6    irradiation            (cal cm-2 d-1)                         
*    7    minimum temperature    (degrees Celcius)                      
*    8    maximum temperature    (degrees Celcius)                      
*    9    vapor pressure at 0700 (mbar)                                 
*   10    vapor pressure at 1300 (mbar)                                 
*   11    vapor pressure at 1800 (mbar)                                 
*   12    mean wind speed        (kilometer per hour)                   
*   13    precipitation          (mm d-1)                               
*   14    sunshine hours         (hours)                                
* Missing value: -99                                                    
*---------------------------------------------------------              
*  data converted with WDC for CABO-format
*-------------------------------------------
  83.38  10.10    40.  .00  .00
  4 1980   1   8409.84  18.9  29.3   5.3   .62   7.6
  4 1980   2   2008.32  18.9  29.3   5.3   .62  34.0
  4 1980   3   6024.96  20.0  29.1   1.8   .62   9.4
  4 1980   4   8033.28  19.1  30.6   1.6   .62   1.3
  4 1980   5   3389.04  20.2  26.3   1.8   .62  44.7
  4 1980   6   6527.04  20.2  29.4   1.8   .62  12.9
  4 1980   7   9665.04  19.6  32.0   2.0   .62    .0
  4 1980   8   3765.60  20.0  27.7   1.8   .62  24.5
  4 1980   9   8535.36  21.1  30.8   2.0   .62   1.3
  4 1980  10   7405.68  19.7  31.7   1.9   .62    .0
  4 1980  11   6652.56  18.5  30.6   1.6   .62    .0
  4 1980  12  10418.16  17.7  31.3   1.6   .62   1.3
  4 1980  13   5899.44  19.6  29.9   1.8   .62    .0
  4 1980  14   7154.64  18.5  30.2   2.0   .62    .0
  4 1980  15   7280.16  17.5  30.0   2.0   .62    .0
  4 1980  16   5271.84  20.0  29.2   2.0   .62    .0
  4 1980  17   7154.64  19.1  29.1   2.0   .62    .0
  4 1980  18   6150.48  19.7  29.7   1.9   .62    .1
  4 1980  19   8660.88  17.8  30.5   1.7   .62   8.9
  4 1980  20   6150.48  18.8  30.0   2.0   .62    .0
  4 1980  21   5899.44  18.8  28.9   1.9   .62   4.3
  4 1980  22   5271.84  20.6  29.2   1.9   .62    .5
  4 1980  23   7531.20  20.3  31.3   1.9   .62    .0
  4 1980  24   6778.08  18.6  29.6   1.8   .62    .0
  4 1980  25   8535.36  19.2  31.6   1.8   .62    .0
  4 1980  26   6527.04  20.5  32.2   2.0   .62    .2
  4 1980  27   4518.72  21.3  30.2   2.1   .62   5.1
  4 1980  28   6024.96  21.3  30.2   2.0   .61   4.8
  4 1980  29   2510.40  21.3  25.6   1.9   .61  19.6
  4 1980  30   2510.40  20.2  25.9   5.3   .61  30.0
  4 1980  31   6652.56  17.8  28.6   5.3   .61    .0
  4 1980  32  11924.40  19.0  29.6   5.3   .61    .6
  4 1980  33   7782.24  19.0  29.6   5.3   .61    .0
  4 1980  34   9037.44  19.0  29.6   5.3   .61  18.0
  4 1980  35   1757.28  19.0  29.6   5.3   .61  88.9
  4 1980  36   3012.48  19.0  29.6   5.3   .61  15.0
  4 1980  37   7656.72  19.0  29.6   5.3   .61   7.4
  4 1980  38   1631.76  19.0  29.6   5.3   .61  21.1
  4 1980  39   9037.44  19.0  29.6   5.3   .61    .1
  4 1980  40   6652.56  19.0  29.6   5.3   .61    .3
  4 1980  41   5397.36  19.0  29.6   5.3   .61  13.0
  4 1980  42   3138.00  19.0  29.6   5.3   .61  14.2
  4 1980  43   8535.36  19.0  29.6   5.3   .61    .0
  4 1980  44   5146.32  19.0  29.6   5.3   .61   6.9
  4 1980  45   4142.16  19.0  29.6   5.3   .61   9.9
  4 1980  46   6401.52  19.0  29.6   5.3   .61    .0
  4 1980  47   9916.08  19.0  29.6   5.3   .61    .0
  4 1980  48   7405.68  19.0  29.6   5.3   .61    .0
  4 1980  49   8409.84  19.0  29.6   5.3   .61    .0
  4 1980  50  10167.12  19.0  29.6   5.3   .61    .0
  4 1980  51   8786.40  19.0  29.6   5.3   .61    .0
  4 1980  52   5648.40  19.0  29.6   5.3   .61  11.2
  4 1980  53   8911.92  19.0  29.6   5.3   .61    .0
  4 1980  54   8158.80  19.0  29.6   5.3   .61    .1
  4 1980  55  14811.36  19.0  29.6   5.3   .61    .0
  4 1980  56  14434.80  19.4  30.1   5.4   .65   7.6
  4 1980  57  13556.16  19.4  30.1   5.4   .65    .0
  4 1980  58  11924.40  19.4  30.1   5.4   .65   1.3
  4 1980  59   9790.56  19.4  30.1   5.4   .65    .0
  4 1980  60   9665.04  19.4  30.1   5.4   .65    .0
  4 1980  61  11422.32  19.4  30.1   5.4   .65    .0
  4 1980  62  14685.84  20.7  32.9   1.6   .65    .0
  4 1980  63   8660.88  18.9  29.7   1.8   .65    .0
  4 1980  64  10418.16  18.9  31.5   2.0   .65    .0
  4 1980  65  13179.60  17.2  31.9   1.4   .65    .0
  4 1980  66  11882.56  19.3  32.9   1.8   .65    .8
  4 1980  67  12175.44  19.1  31.7   1.8   .65    .0
  4 1980  68  13179.60  17.9  32.0   1.6   .65    .0
  4 1980  69  15313.44  19.3  33.1   1.2   .65    .0
  4 1980  70   8786.40  19.1  32.0   1.7   .65   2.5
  4 1980  71   3389.04  20.9  27.8   2.0   .65    .0
  4 1980  72  10669.20  19.8  32.6   1.9   .65    .0
  4 1980  73  13430.64  20.9  33.1   1.2   .65    .0
  4 1980  74  10669.20  20.9  32.7   1.5   .65   8.1
  4 1980  75  10167.12  20.9  31.2   2.1   .65  11.9
  4 1980  76  10669.20  21.2  31.5   2.2   .65   4.1
  4 1980  77   8660.88  18.9  29.4   1.9   .65    .0
  4 1980  78   6527.04  21.8  30.6   2.1   .65   4.1
  4 1980  79   7656.72  19.3  30.1   1.9   .65    .0
  4 1980  80   7782.24  17.9  28.5   1.7   .65    .8
  4 1980  81  15313.44  18.9  31.2   1.3   .65    .3
  4 1980  82  11422.32  19.6  31.2   1.4   .65    .0
  4 1980  83  10920.24  19.5  30.3   1.3   .65    .3
  4 1980  84  13054.08  21.8  32.2   2.2   .65    .0
  4 1980  85  11924.40  21.6  32.2   2.0   .65    .8
  4 1980  86   9665.04  22.3  32.0   2.2   .65    .0
  4 1980  87   5522.88  23.7  31.7   2.2   .65   9.1
  4 1980  88   8409.84  23.0  31.9   2.2   .65    .0
  4 1980  89   7405.68  24.1  29.9   2.4   .65   2.5
  4 1980  90   8409.84  23.2  32.4   2.2   .65    .0
  4 1980  91   8033.28  23.0  32.2   2.4   .64    .0
  4 1980  92   6150.48  21.8  30.4   2.2   .64   3.8
  4 1980  93  10292.64  23.0  31.9   2.2   .64   8.4
  4 1980  94   6401.52  22.1  29.7   2.2   .64  10.2
  4 1980  95   5522.88  22.3  29.2   2.2   .64   6.3
  4 1980  96  12049.92  21.8  29.9   1.7   .64    .3
  4 1980  97  15815.52  20.2  31.2   1.8   .64    .0
  4 1980  98  10041.60  19.5  30.4   1.7   .64    .5
  4 1980  99   9916.08  20.5  31.2   2.0   .64    .0
  4 1980 100  11798.88  19.3  31.0   1.7   .64    .0
  4 1980 101  16066.56  17.9  31.7   1.3   .64    .0
  4 1980 102  15313.44  18.4  32.0   1.2   .64    .0
  4 1980 103  15941.04  17.3  31.5   1.3   .64    .0
  4 1980 104  14560.32  19.8  32.0   1.4   .64    .0
  4 1980 105  10543.68  20.4  32.2   2.1   .64    .0
  4 1980 106  10920.24  20.9  31.9   2.2   .64    .1
  4 1980 107   7405.68  20.5  30.6   2.0   .64    .3
  4 1980 108   7907.76  19.8  32.0   1.6   .64   6.4
  4 1980 109   4267.68  21.1  28.5   2.1   .64  44.7
  4 1980 110   2886.96  22.7  27.8   2.0   .64  24.9
  4 1980 111   2384.88  22.7  26.7   2.1   .64  14.0
  4 1980 112   8660.88  22.3  31.0   2.3   .64    .8
  4 1980 113   8063.58  20.9  25.1   1.9   .64    .0
  4 1980 114   8535.36  21.1  30.6   2.0   .64    .1
  4 1980 115   7656.72  21.9  30.4   1.3   .64    .0
  4 1980 116   6652.56  21.6  29.7   1.8   .64   9.4
  4 1980 117  14811.36  21.4  33.1   1.7   .64    .0
  4 1980 118   7782.24  21.6  31.5   2.2   .64  15.2
  4 1980 119   5397.36  23.7  29.6   2.5   .59   3.3
  4 1980 120   9539.52  21.9  32.4   2.0   .59    .0
  4 1980 121   9665.04  20.4  32.2   1.9   .59    .0
  4 1980 122   9916.08  21.1  33.3   1.9   .59    .0
  4 1980 123   8911.92  22.7  32.0   2.4   .59    .0
  4 1980 124  12049.92  22.8  33.6   2.5   .59    .0
  4 1980 125   7907.76  21.4  31.0   2.3   .59    .0
  4 1980 126  10041.60  20.7  32.9   2.2   .59    .0
  4 1980 127   5773.92  21.8  30.8   2.5   .59   7.9
  4 1980 128   6903.60  21.6  31.3   2.2   .59    .5
  4 1980 129  12175.44  22.1  33.6   2.4   .59    .0
  4 1980 130   9414.00  23.2  33.3   2.2   .59    .4
  4 1980 131  13681.68  23.0  34.3   2.6   .59    .0
  4 1980 132  12677.52  21.6  34.3   2.4   .59   3.6
  4 1980 133  10794.72  23.7  32.6   2.3   .59   6.3
  4 1980 134   4895.28  23.7  29.4   2.3   .59   8.1
  4 1980 135  10292.64  23.0  32.4   2.4   .59   1.2
  4 1980 136  12677.52  23.0  33.1   2.4   .59    .0
  4 1980 137  11673.36  23.0  33.1   2.2   .59    .0
  4 1980 138  12677.52  22.5  33.1   2.5   .59    .0
  4 1980 139   7656.72  21.4  30.4   2.4   .59  37.3
  4 1980 140   7405.68  23.0  31.3   2.3   .59  15.5
  4 1980 141   3891.12  22.7  27.6   2.2   .59  44.2
  4 1980 142  11673.36  22.5  32.9   2.2   .59    .0
  4 1980 143   7280.16  23.4  32.4   2.3   .59    .0
  4 1980 144   5146.32  22.5  28.7   2.2   .59    .0
  4 1980 145  10543.68  21.2  31.7   2.2   .59    .0
  4 1980 146  10794.72  21.9  33.1   2.5   .59    .0
  4 1980 147  13305.12  22.3  34.2   1.8   .59    .1
  4 1980 148  11422.32  22.3  33.8   1.7   .59    .0
  4 1980 149   9916.08  21.6  32.8   1.6   .59  18.8
  4 1980 150   4267.68  21.9  29.0   2.1   .59    .7
  4 1980 151   9916.08  21.8  32.9   1.6   .59   1.7
  4 1980 152   4644.24  22.1  27.6   2.0   .59  16.3
  4 1980 153  11422.32  22.0  27.5   2.0   .59    .3
  4 1980 154   9665.04  21.9  27.3   2.0   .51    .0
  4 1980 155  13305.12  21.8  33.5   2.1   .51    .0
  4 1980 156  11798.88  22.8  33.3   2.0   .51    .0
  4 1980 157   3765.60  20.5  30.1   2.2   .51  19.1
  4 1980 158   5020.80  20.0  30.8   2.1   .51  36.6
  4 1980 159   2635.92  22.5  26.5   2.2   .51  12.0
  4 1980 160   8033.28  21.2  31.2   2.0   .51   7.4
  4 1980 161   5146.32  23.2  29.6   2.2   .51   2.3
  4 1980 162   8409.84  22.3  31.5   2.3   .51   5.6
  4 1980 163   6401.52  21.2  29.4   2.2   .51    .2
  4 1980 164   8033.28  22.7  31.4   2.3   .51    .0
  4 1980 165  11924.40  21.6  31.9   2.2   .51    .0
  4 1980 166  11924.40  21.4  32.0   2.1   .51    .0
  4 1980 167   6778.08  21.9  30.8   2.1   .51  21.0
  4 1980 168   6903.60  22.3  32.4   2.0   .51    .0
  4 1980 169   5773.92  23.4  31.9   2.6   .51  65.8
  4 1980 170  12666.89  23.9  32.4   2.2   .51  13.2
  4 1980 171   9344.89  22.3  32.4   2.0   .51  12.7
  4 1980 172  10030.46  21.6  29.9   1.7   .51   5.1
  4 1980 173   8999.39  22.1  28.8   1.9   .51   3.8
  4 1980 174  13690.99  20.7  30.3   2.0   .51    .0
  4 1980 175   8311.67  18.8  26.5   1.9   .51  50.5
  4 1980 176   9112.62  18.8  30.3   1.8   .51   2.0
  4 1980 177   8654.91  21.8  29.2   2.0   .51  22.4
  4 1980 178   8082.88  21.6  29.6   2.0   .51  18.5
  4 1980 179   8197.82  22.2  30.2   2.0   .51  19.1
  4 1980 180   9687.08  22.7  29.0   2.0   .51  77.5
  4 1980 181   7970.31  21.9  28.8   2.1   .51  52.3
  4 1980 182   9116.97  21.4  28.8   2.1   .52  11.2
  4 1980 183  11275.00  20.7  30.3   2.2   .52    .2
  4 1980 184  11275.00  21.1  31.3   1.0   .52   7.8
  4 1980 185  11275.00  21.6  29.0   2.0   .52  25.4
  4 1980 186  14309.28  20.7  31.2   1.7   .52   5.0
  4 1980 187  14936.88  20.9  31.5   1.6   .52  15.7
  4 1980 188  11547.84  22.7  30.8   2.2   .52  19.3
  4 1980 189  10543.68  23.2  31.5   2.3   .52   1.5
  4 1980 190  13430.64  22.3  31.9   1.7   .52    .0
  4 1980 191  17070.72  23.7  32.6   1.7   .52    .0
  4 1980 192  19330.08  22.5  33.5   1.9   .52    .0
  4 1980 193   4769.76  21.8  27.8   2.0   .52    .6
  4 1980 194  10418.16  20.9  29.4   1.9   .52    .0
  4 1980 195  15313.44  20.9  32.0   2.0   .52  11.1
  4 1980 196  10669.20  21.4  31.7   2.1   .52   3.8
  4 1980 197  13681.68  23.0  32.2   2.2   .52   3.6
  4 1980 198  14058.24  23.2  32.4   2.2   .52   5.9
  4 1980 199  19957.68  22.8  33.1   2.2   .52  10.4
  4 1980 200   8660.88  23.4  30.6   2.2   .52  28.0
  4 1980 201  10543.68  22.8  31.3   2.1   .52   5.6
  4 1980 202   7531.20  22.1  30.8   2.1   .52    .3
  4 1980 203  13430.64  22.5  31.7   1.9   .52   1.5
  4 1980 204  13723.52  20.5  31.3   1.9   .52  10.5
  4 1980 205   8535.36  20.9  29.7   1.9   .52    .0
  4 1980 206  23472.24  21.2  32.7   2.1   .52    .0
  4 1980 207  18074.88  21.8  32.9   1.6   .52    .0
  4 1980 208  15313.44  21.1  32.9   1.8   .52   2.0
  4 1980 209  17949.36  21.8  33.5   2.1   .52  14.5
  4 1980 210   6903.60  23.0  27.6   2.1   .53    .0
  4 1980 211  13556.16  21.2  31.2   2.1   .53    .0
  4 1980 212  13556.16  21.8  32.0   2.0   .53  10.2
  4 1980 213  17196.24  22.8  32.0   2.1   .53   3.8
  4 1980 214   9916.08  20.9  29.6   1.6   .53   6.8
  4 1980 215  15564.48  20.7  31.0   1.7   .53   4.9
  4 1980 216  17823.84  19.5  31.9   1.4   .53    .0
  4 1980 217  15062.40  20.5  31.3   1.8   .53    .0
  4 1980 218  19204.56  20.0  31.7   1.8   .53    .0
  4 1980 219  19204.56  20.2  32.2   2.1   .53    .0
  4 1980 220  19079.04  20.4  32.7   1.8   .53    .0
  4 1980 221  12677.52  21.9  32.2   2.0   .53    .1
  4 1980 222  13807.20  21.2  30.6   1.8   .53    .0
  4 1980 223  14811.36  20.4  33.1   1.8   .53    .0
  4 1980 224  14309.28  20.5  31.7   1.5   .53    .0
  4 1980 225  14685.84  21.9  32.4   1.4   .53  13.0
  4 1980 226   9414.00  21.6  28.7   2.0   .53  38.0
  4 1980 227   7782.24  20.9  29.4   1.9   .53   6.9
  4 1980 228  12426.48  20.9  31.0   1.6   .53    .0
  4 1980 229   8409.84  21.1  29.0   1.4   .53   4.6
  4 1980 230  15438.96  20.7  29.7   1.8   .53   8.1
  4 1980 231   4393.20  21.6  24.6   1.8   .53    .2
  4 1980 232  11422.32  20.2  30.1   2.0   .53   1.2
  4 1980 233  14183.76  20.0  30.1   1.8   .53    .0
  4 1980 234  13430.64  20.2  29.6   2.0   .53    .2
  4 1980 235   9162.96  20.9  29.0   1.9   .53  21.7
  4 1980 236  17447.28  20.4  31.5   1.8   .53    .0
  4 1980 237   7280.16  20.7  28.7   1.9   .53  19.3
  4 1980 238  18200.40  22.5  31.5   2.0   .53   2.0
  4 1980 239  16066.56  22.7  31.2   2.0   .53  28.7
  4 1980 240   4393.20  21.4  26.9   1.9   .53   6.2
  4 1980 241  13054.08  21.6  30.8   1.7   .53  96.5
  4 1980 242   5773.92  21.1  26.4   1.9   .53  11.4
  4 1980 243  14560.32  19.8  30.8   1.9   .53    .6
  4 1980 244  11547.84  20.7  30.4   1.9   .53    .3
  4 1980 245  14811.36  21.8  32.4   1.9   .56   2.0
  4 1980 246   7531.20  20.9  29.0   2.0   .56   6.9
  4 1980 247  13179.60  20.5  31.5   1.9   .56   4.1
  4 1980 248  15690.00  20.4  32.6   1.4   .56    .0
  4 1980 249  19581.12  21.2  33.1   1.9   .56    .0
  4 1980 250  14560.32  22.1  33.6   2.0   .56   6.3
  4 1980 251  14434.80  21.6  31.9   1.9   .56  27.7
  4 1980 252   7656.72  23.0  29.6   2.0   .56   2.5
  4 1980 253  16317.60  21.4  33.1   1.4   .56   2.5
  4 1980 254  12928.56  22.1  32.2   1.9   .56    .7
  4 1980 255  19455.60  21.4  34.2   1.8   .56   3.8
  4 1980 256  13430.64  23.2  32.7   2.0   .56   5.1
  4 1980 257  19957.68  21.9  33.6   1.9   .56   5.9
  4 1980 258  10543.68  22.7  31.5   2.0   .56   6.1
  4 1980 259  13932.72  21.6  32.6   2.1   .56    .3
  4 1980 260  13807.20  21.4  32.9   2.0   .56    .2
  4 1980 261  12300.96  22.7  32.4   1.9   .56   9.4
  4 1980 262   5146.32  21.9  28.0   2.1   .56    .2
  4 1980 263  15187.92  20.9  32.7   1.1   .56  20.6
  4 1980 264   7782.24  22.7  29.7   1.9   .56   7.9
  4 1980 265  11296.80  22.5  31.9   1.8   .56    .8
  4 1980 266   9665.04  22.3  31.3   2.0   .56   7.1
  4 1980 267  17154.40  21.6  32.9   1.4   .56    .0
  4 1980 268  15815.52  21.8  33.5   1.2   .56  20.8
  4 1980 269  17303.83  23.2  33.6   2.0   .56    .0
  4 1980 270   8535.36  23.4  31.3   2.0   .56  12.7
  4 1980 271   8033.28  22.1  30.1   1.8   .56  38.1
  4 1980 272  18074.88  21.4  32.6   1.9   .56    .0
  4 1980 273  10794.72  23.2  31.0   2.0   .57    .2
  4 1980 274  13681.68  23.2  32.9   1.8   .57    .0
  4 1980 275  11798.88  21.9  33.1   1.9   .57  26.4
  4 1980 276   9414.00  22.3  31.5   1.6   .57  27.2
  4 1980 277  14560.32  22.1  33.3   1.7   .57   5.6
  4 1980 278  12175.44  21.2  32.7   1.9   .57  28.4
  4 1980 279   9414.00  22.5  31.5   2.0   .57   1.0
  4 1980 280  10669.20  20.4  30.1   1.9   .57   7.5
  4 1980 281  12928.56  19.6  31.3   1.7   .57   4.4
  4 1980 282   8409.84  20.7  29.7   1.7   .57   3.1
  4 1980 283  13054.08  20.4  30.4   1.1   .57  18.3
  4 1980 284   4309.52  20.2  26.2   1.7   .57    .0
  4 1980 285  14183.76  19.6  30.8   1.6   .57    .0
  4 1980 286  13305.12  20.9  30.6   1.8   .57   1.5
  4 1980 287  10794.72  21.2  29.6   1.8   .57    .3
  4 1980 288   7280.16  19.8  26.7   1.6   .57  10.2
  4 1980 289   3389.04  19.5  25.1   1.7   .57    .8
  4 1980 290  14936.88  18.4  31.7   1.6   .57    .3
  4 1980 291  12049.92  20.9  31.7   1.8   .57    .0
  4 1980 292  17572.80  19.6  31.9   1.6   .57    .0
  4 1980 293  16192.08  19.5  31.9   1.5   .57    .7
  4 1980 294   9288.48  20.5  29.7   1.8   .57    .0
  4 1980 295  14183.76  19.8  31.2   1.3   .57    .0
  4 1980 296   8284.32  20.4  30.6   1.8   .57   2.3
  4 1980 297   9288.48  21.1  31.0   1.9   .57   3.3
  4 1980 298  13556.16  20.7  31.2   1.8   .57  14.7
  4 1980 299   6401.52  21.9  31.2   1.8   .57  18.6
  4 1980 300   9037.44  20.5  30.6   1.8   .57  11.2
  4 1980 301  10041.60  21.1  29.6   1.7   .57   1.0
  4 1980 302   6150.48  19.8  30.3   1.5   .57   2.8
  4 1980 303   5271.84  20.0  28.8   1.7   .57   4.8
  4 1980 304  10543.68  21.6  30.6   1.8   .57  25.9
  4 1980 305  10794.72  19.6  29.7   1.8   .57   7.6
  4 1980 306   9414.00  19.3  30.8   1.5   .57  20.6
  4 1980 307   9037.44  20.5  28.3   1.4   .57  11.2
  4 1980 308  12719.36  21.2  29.7   1.8   .55   8.1
  4 1980 309   8619.04  20.9  28.3   1.8   .55    .0
  4 1980 310   8786.40  20.0  28.7   1.8   .55  28.0
  4 1980 311   7029.12  21.1  28.1   1.8   .55    .2
  4 1980 312   5397.36  20.9  31.0   1.7   .55   2.2
  4 1980 313   8200.64  20.2  27.6   1.7   .55  29.8
  4 1980 314   8158.80  20.4  29.6   1.7   .55   2.8
  4 1980 315   6276.00  20.9  28.8   1.8   .55    .6
  4 1980 316  10669.20  20.4  30.8   1.6   .55    .9
  4 1980 317   7531.20  21.1  28.3   1.6   .55  28.2
  4 1980 318   5899.44  20.7  27.8   1.2   .55   1.0
  4 1980 319   9414.00  21.6  29.2   1.4   .55    .0
  4 1980 320   9665.04  21.4  29.0   1.6   .55    .0
  4 1980 321  11045.76  21.1  30.6   1.8   .55    .0
  4 1980 322  15481.54  20.2  31.9   2.0   .55    .0
  4 1980 323  13924.14  19.5  30.6   1.9   .55    .0
  4 1980 324   8033.28  20.4  30.6   1.6   .55   5.1
  4 1980 325   8200.64  20.4  31.5   1.7   .55  19.0
  4 1980 326   6778.08  20.0  29.6   1.6   .55    .3
  4 1980 327   4978.96  19.6  25.3   1.6   .55   1.0
  4 1980 328  10041.60  20.2  30.1   1.7   .55   2.0
  4 1980 329   5690.24  20.0  25.1   1.8   .55   9.6
  4 1980 330   7656.72  19.5  28.1   1.6   .55   4.6
  4 1980 331   5773.92  20.2  26.0   1.8   .55  12.5
  4 1980 332   9037.44  20.2  27.4   1.6   .55    .7
  4 1980 333   4937.12  20.4  24.8   1.8   .55  27.4
  4 1980 334   3765.60  19.3  26.5   1.6   .55  18.1
  4 1980 335   3640.08  19.1  24.4   1.5   .55  48.0
  4 1980 336   5020.80  19.6  25.7   1.7   .57  12.7
  4 1980 337   9037.44  18.4  28.7   1.7   .57    .0
  4 1980 338   6024.96  18.4  27.3   1.2   .57    .0
  4 1980 339  12426.48  16.6  28.7   1.2   .57    .0
  4 1980 340   7782.24  18.8  28.0   1.3   .57    .0
  4 1980 341   7531.20  16.8  27.1   1.5   .57    .9
  4 1980 342  10669.20  16.8  28.8   1.3   .57   3.8
  4 1980 343   6903.60  18.1  28.8   1.4   .57   8.6
  4 1980 344  10418.16  18.4  29.6   1.1   .57   1.0
  4 1980 345   7405.68  20.9  29.4   1.8   .57  49.8
  4 1980 346   2133.84  20.4  22.8   1.8   .57 121.8
  4 1980 347   1129.68  20.2  21.8   1.7   .57 203.7
  4 1980 348   2259.36  19.8  21.9   1.7   .57  69.9
  4 1980 349   3765.60  20.2  23.5   1.6   .57  17.4
  4 1980 350   6150.48  20.2  26.5   1.7   .57  36.0
  4 1980 351   6527.04  20.4  24.2   1.6   .57  44.4
  4 1980 352   2635.92  20.0  22.5   1.8   .57  98.0
  4 1980 353   2635.92  19.1  21.2   1.5   .57  51.5
  4 1980 354   5271.84  19.3  27.1   1.7   .57  19.8
  4 1980 355   9162.96  18.6  28.5   1.5   .57   5.1
  4 1980 356   7280.16  18.4  25.8   1.5   .57    .5
  4 1980 357   9665.04  18.1  28.7   1.5   .57    .0
  4 1980 358   9790.56  16.3  28.5   1.4   .57    .0
  4 1980 359  10794.72  17.3  30.1   1.6   .57    .0
  4 1980 360  12928.56  18.5  31.4   1.6   .57   3.8
  4 1980 361   8284.32  19.8  29.0   1.6   .57   9.7
  4 1980 362   7531.20  20.2  27.6   1.7   .57 124.5
  4 1980 363   6597.61  18.9  24.4   1.4   .57   8.1
  4 1980 364   7558.27  18.4  23.9   1.5   .57   2.7
  4 1980 365   5522.88  17.9  21.2   1.6   .57   8.4
  4 1980 366   2761.44  17.7  20.7   1.4   .57  10.6
