*---------------------------------------------------------              
* Station name: La Lola                                                 
* Author: Atlantic Zone Project, AUW-MAG-CATIE, Costa Rica              
* Source: IMN, San Jose, Costa Rica                                     
*                                                                       
* Comments: Wind speed data lacking                                     
*           No SR data for April                                        
*                                                                       
*                                                                       
* Longitude:  83 23 W, latitude:  10  6 N, altitude:  40 m.             
* Column  Daily value                                                   
*    1    station number                                                
*    2    year                                                          
*    3    month                                                         
*    4    day                                                           
*    5    julian date                                                   
*    6    irradiation            (cal cm-2 d-1)                         
*    7    minimum temperature    (degrees Celcius)                      
*    8    maximum temperature    (degrees Celcius)                      
*    9    vapor pressure at 0700 (mbar)                                 
*   10    vapor pressure at 1300 (mbar)                                 
*   11    vapor pressure at 1800 (mbar)                                 
*   12    mean wind speed        (kilometer per hour)                   
*   13    precipitation          (mm d-1)                               
*   14    sunshine hours         (hours)                                
* Missing value: -99                                                    
*---------------------------------------------------------              
*  data converted with WDC for CABO-format
*-------------------------------------------
  83.38  10.10    40.  .00  .00
  4 1975   1  13932.72  17.5  31.0   1.9   .62    .0
  4 1975   2  12677.52  18.0  31.5   1.7   .62   6.6
  4 1975   3  13054.08  17.5  30.5   1.7   .62    .0
  4 1975   4  12049.92  17.0  30.5   1.7   .62   4.3
  4 1975   5   4644.24  19.0  25.5   1.6   .62   5.8
  4 1975   6   6659.34  19.5  28.8   1.7   .62   1.5
  4 1975   7  10920.24  17.5  30.5   1.7   .62   6.6
  4 1975   8  10920.24  16.8  31.5   1.6   .62    .2
  4 1975   9  11946.84  18.5  31.0   2.0   .62    .0
  4 1975  10  16369.55  18.5  31.5   1.7   .62    .0
  4 1975  11  15212.74  17.8  31.0   2.0   .62    .0
  4 1975  12  15992.39  18.5  32.5   1.7   .62   4.6
  4 1975  13  10167.12  20.5  30.5   1.9   .62   3.8
  4 1975  14  11673.36  17.5  30.0   1.7   .62    .0
  4 1975  15   7405.68  17.5  29.9   1.8   .62   1.4
  4 1975  16   7656.72  17.8  30.0   1.8   .62  10.5
  4 1975  17   4393.20  18.5  28.0   1.7   .62  50.8
  4 1975  18   6401.52  21.5  29.0   2.0   .62  14.2
  4 1975  19   7531.20  18.0  30.0   1.6   .62    .0
  4 1975  20   8911.92  21.5  30.0   1.8   .62   1.0
  4 1975  21   6903.60  21.0  28.0   1.7   .62  52.1
  4 1975  22   6527.04  21.0  30.5   1.8   .62   7.8
  4 1975  23  10292.64  18.5  30.0   1.8   .62  25.9
  4 1975  24   6912.44  19.0  25.5   1.9   .62  15.8
  4 1975  25   6527.04  18.0  30.0   1.7   .62    .3
  4 1975  26  13556.16  18.0  31.8   1.9   .62   1.5
  4 1975  27  11296.80  20.5  30.0   1.9   .62   8.2
  4 1975  28   8660.88  20.0  29.5   1.9   .61    .0
  4 1975  29   6276.00  21.0  29.0   1.9   .61   5.3
  4 1975  30   6527.04  22.0  28.0   1.9   .61  12.7
  4 1975  31  11924.40  22.0  29.5   2.0   .61  32.3
  4 1975  32   6903.60  21.5  28.0   1.8   .61  14.0
  4 1975  33   8535.36  21.0  29.5   1.8   .61   4.3
  4 1975  34   4016.64  20.5  28.6   1.9   .61  12.4
  4 1975  35  13430.64  20.5  27.8   1.9   .61  14.8
  4 1975  36  11547.84  20.0  31.0   1.9   .61    .0
  4 1975  37  12049.92  19.0  30.5   2.0   .61   1.6
  4 1975  38  12175.44  19.5  31.0   2.0   .61    .0
  4 1975  39   4769.76  18.5  30.2   1.6   .61    .4
  4 1975  40   4895.28  18.5  27.5   1.6   .61   2.1
  4 1975  41   8660.88  19.5  30.0   1.6   .61    .9
  4 1975  42  10543.68  18.5  30.5   1.7   .61    .6
  4 1975  43  14811.36  18.0  30.0   1.9   .61    .0
  4 1975  44   5899.44  18.0  28.0   1.9   .61   2.5
  4 1975  45   8535.36  17.0  29.5   1.6   .61    .3
  4 1975  46  13932.72  16.5  30.5   1.5   .61    .0
  4 1975  47  10041.60  18.5  30.0   1.9   .61    .3
  4 1975  48   7029.12  18.8  30.0   1.8   .61    .5
  4 1975  49   7907.76  19.5  30.5   1.9   .61   1.5
  4 1975  50   8660.88  18.5  30.0   1.9   .61   2.3
  4 1975  51   4644.24  18.0  30.0   1.8   .61   8.7
  4 1975  52  14183.76  17.5  31.0   1.6   .61    .0
  4 1975  53   8033.28  17.6  30.0   1.3   .61   1.3
  4 1975  54  14811.36  17.0  30.5   1.8   .61   1.9
  4 1975  55   6150.48  18.0  27.0   1.9   .61   1.8
  4 1975  56   7154.64  20.5  28.8   1.8   .65   6.8
  4 1975  57   6150.48  20.0  26.5   1.7   .65    .2
  4 1975  58  10920.24  19.8  30.0   1.8   .65    .0
  4 1975  59  13556.16  17.5  31.0   1.7   .65    .0
  4 1975  60   8535.36  18.5  29.0   1.8   .65    .3
  4 1975  61   8158.80  19.5  29.0   1.8   .65    .0
  4 1975  62   9539.52  18.5  29.8   1.9   .65    .0
  4 1975  63  16568.64  18.5  30.0   1.8   .65    .0
  4 1975  64   9916.08  17.0  31.5   1.8   .65    .0
  4 1975  65   8911.92  17.0  30.5   1.9   .65   2.8
  4 1975  66  12175.44  18.5  30.5   1.8   .65   2.3
  4 1975  67  12677.52  19.0  30.5   2.0   .65    .5
  4 1975  68   6652.56  18.5  29.5   1.8   .65  14.2
  4 1975  69   8911.92  20.0  28.6   1.9   .65   7.5
  4 1975  70   5899.44  20.0  28.6   1.9   .65  14.8
  4 1975  71  10920.24  20.0  31.0   2.0   .65   4.4
  4 1975  72   7531.20  20.0  30.5   2.1   .65   5.6
  4 1975  73   7782.24  20.5  30.0   2.1   .65   8.1
  4 1975  74  13556.16  20.5  30.4   1.9   .65    .1
  4 1975  75   9539.52  18.5  29.5   2.0   .65    .1
  4 1975  76   7907.76  19.5  30.5   2.0   .65    .1
  4 1975  77   9288.48  19.5  30.0   1.9   .65   1.2
  4 1975  78   7907.76  17.8  28.5   1.8   .65   3.8
  4 1975  79   7280.16  20.8  30.0   1.7   .65   3.5
  4 1975  80   7280.16  20.3  28.5   2.0   .65   1.5
  4 1975  81   6903.60  20.6  30.5   2.0   .65    .2
  4 1975  82  12049.92  21.5  31.0   2.0   .65    .0
  4 1975  83   8535.36  22.0  30.0   2.0   .65    .0
  4 1975  84  11422.32  22.0  30.0   2.0   .65    .0
  4 1975  85  12924.29  19.5  30.0   1.8   .65  13.2
  4 1975  86   9781.79  21.0  30.0   2.1   .65  16.2
  4 1975  87  10519.02  19.5  28.0   2.1   .65   8.1
  4 1975  88  10406.64  21.0  29.0   2.0   .65   3.6
  4 1975  89  19154.70  21.5  32.0   1.9   .65   1.0
  4 1975  90  12244.05  19.8  31.0   2.0   .65    .0
  4 1975  91   8002.00  20.2  26.8   1.8   .64   8.9
  4 1975  92  13594.39  20.0  29.5   1.8   .64    .0
  4 1975  93  14086.57  20.0  29.5   1.9   .64    .0
  4 1975  94  11178.06  20.0  28.0   1.8   .64  12.2
  4 1975  95  18954.24  19.5  28.6   1.7   .64   2.0
  4 1975  96  11916.57  19.0  31.0   2.1   .64    .0
  4 1975  97  14712.56  18.5  29.5   1.8   .64    .0
  4 1975  98  15443.71  19.5  31.0   2.1   .64    .2
  4 1975  99  13019.23  18.5  30.6   1.9   .64   8.9
  4 1975 100   8048.30  19.0  28.0   2.2   .64  33.0
  4 1975 101   8051.55  19.5  29.8   1.9   .64    .1
  4 1975 102  19084.22  21.0  31.5   2.2   .64    .0
  4 1975 103  20535.93  20.5  32.0   2.0   .64    .0
  4 1975 104  11934.26  20.0  30.5   2.0   .64    .0
  4 1975 105   8060.91  19.0  31.5   1.9   .64    .0
  4 1975 106  14231.95  18.6  30.5   1.8   .64    .0
  4 1975 107   8063.51  19.5  30.0   2.0   .64    .7
  4 1975 108   8547.61  19.5  30.5   1.8   .64    .0
  4 1975 109  16517.12  20.5  31.0   1.9   .64    .4
  4 1975 110  15184.14  21.8  32.0   2.0   .64  22.9
  4 1975 111   9873.44  20.5  29.5   2.1   .64  18.1
  4 1975 112   8064.33  20.0  29.0   2.0   .64  19.5
  4 1975 113  19500.76  20.5  30.5   2.0   .64    .0
  4 1975 114  17806.27  17.5  31.5   1.8   .64    .0
  4 1975 115  17676.53  17.5  31.9   1.6   .64    .0
  4 1975 116  11061.82  19.0  30.0   1.9   .64  24.4
  4 1975 117   8057.83  21.0  29.0   2.2   .64   6.8
  4 1975 118  14528.55  19.0  31.5   2.0   .64    .0
  4 1975 119  18352.17  19.0  32.4   1.9   .59    .0
  4 1975 120  19894.87  18.5  31.5   2.0   .59    .0
  4 1975 121   7405.68  19.0  28.0   2.0   .59   9.1
  4 1975 122   8911.92  19.5  31.0   2.0   .59    .3
  4 1975 123  11422.32  18.5  30.5   2.0   .59    .0
  4 1975 124  13054.08  19.5  32.0   1.8   .59    .0
  4 1975 125  13054.08  20.5  31.0   2.0   .59    .0
  4 1975 126   8535.36  22.5  29.0   2.0   .59   8.9
  4 1975 127  11422.32  20.0  30.0   2.1   .59    .9
  4 1975 128  15564.48  20.0  30.8   2.1   .59    .0
  4 1975 129   9037.44  20.0  31.0   1.7   .59    .8
  4 1975 130  14309.28  20.0  31.5   2.1   .59    .2
  4 1975 131  13054.08  20.0  31.0   2.0   .59  16.8
  4 1975 132  13179.60  21.0  30.0   2.1   .59   2.5
  4 1975 133   7782.24  21.5  31.5   2.0   .59  30.4
  4 1975 134  13054.08  19.5  30.5   2.0   .59    .0
  4 1975 135  14434.80  19.0  30.5   2.1   .59    .0
  4 1975 136  15313.44  21.0  32.0   2.1   .59    .0
  4 1975 137   7907.76  21.5  30.0   2.1   .59  39.1
  4 1975 138  10167.12  21.0  30.5   2.1   .59    .0
  4 1975 139   9037.44  21.5  30.5   2.0   .59  13.2
  4 1975 140  11673.36  21.0  31.0   2.0   .59  20.8
  4 1975 141   9162.96  21.5  30.5   2.1   .59  27.3
  4 1975 142   9790.56  21.5  30.5   2.1   .59   2.0
  4 1975 143  14183.76  20.5  31.5   2.0   .59    .0
  4 1975 144  15062.40  20.5  32.0   2.0   .59    .0
  4 1975 145  11547.84  21.0  32.0   2.1   .59    .1
  4 1975 146  11078.36  22.0  31.5   2.0   .59    .8
  4 1975 147  15187.92  21.0  31.6   2.2   .59    .0
  4 1975 148   7656.72  20.5  31.0   2.2   .59    .0
  4 1975 149  12175.44  21.0  31.0   2.1   .59    .0
  4 1975 150  12928.56  21.5  32.8   2.1   .59  16.5
  4 1975 151  13054.08  20.5  32.6   1.9   .59   8.1
  4 1975 152  10167.12  18.5  32.5   2.2   .59    .8
  4 1975 153  11296.80  19.5  31.0   2.1   .59   7.6
  4 1975 154  11798.88  20.5  31.0   2.2   .51    .4
  4 1975 155  10669.20  21.0  31.0   2.0   .51  28.8
  4 1975 156   5648.40  21.5  28.0   2.2   .51  10.8
  4 1975 157  11547.84  21.0  29.5   2.1   .51    .0
  4 1975 158  11798.88  20.8  31.0   2.2   .51    .0
  4 1975 159  18200.40  20.5  32.5   2.0   .51    .0
  4 1975 160  10418.16  21.8  31.0   2.0   .51    .0
  4 1975 161  10167.12  21.0  30.0   2.2   .51  23.0
  4 1975 162   2635.92  21.0  30.0   2.1   .51  28.9
  4 1975 163   6652.56  21.0  31.0   2.1   .51  21.8
  4 1975 164  16192.08  20.8  31.4   2.2   .51  10.1
  4 1975 165  10794.72  20.5  32.0   2.0   .51    .0
  4 1975 166   7280.16  20.0  32.0   2.1   .51   7.6
  4 1975 167   1631.76  21.0  26.0   1.9   .51   8.9
  4 1975 168   9037.44  20.0  30.0   1.9   .51    .0
  4 1975 169  12300.96  20.5  32.0   2.1   .51    .0
  4 1975 170  14058.24  20.5  32.0   2.1   .51   9.9
  4 1975 171  12552.00  20.8  31.0   2.1   .51  40.6
  4 1975 172   8409.84  21.5  30.0   2.2   .51   1.5
  4 1975 173   9665.04  21.0  31.5   2.0   .51   1.0
  4 1975 174  11171.28  20.5  32.0   2.1   .51  24.1
  4 1975 175   1506.24  20.0  28.5   2.0   .51  20.8
  4 1975 176   6401.52  19.5  28.5   2.1   .51  14.7
  4 1975 177   7853.73  19.0  30.0   2.2   .51  12.1
  4 1975 178   8082.88  19.0  29.0   2.1   .51  23.1
  4 1975 179   9288.48  19.0  29.0   1.9   .51   5.0
  4 1975 180   3138.00  21.0  26.0   2.0   .51  45.0
  4 1975 181   9162.96  21.0  27.8   1.9   .51   7.1
  4 1975 182   9414.00  17.5  30.0   1.8   .52   4.4
  4 1975 183   8911.92  18.5  31.0   1.7   .52    .3
  4 1975 184   4644.24  20.0  28.6   1.9   .52  40.9
  4 1975 185   6276.00  20.0  30.0   1.8   .52    .0
  4 1975 186  16811.82  20.5  29.6   1.9   .52   1.0
  4 1975 187  12111.55  20.0  30.0   1.9   .52    .2
  4 1975 188  10167.12  20.5  30.0   1.6   .52    .0
  4 1975 189   5899.44  21.5  31.5   1.9   .52   1.0
  4 1975 190  14309.28  21.5  30.5   2.0   .52    .0
  4 1975 191  14685.84  20.5  31.0   2.0   .52  11.2
  4 1975 192  15588.64  20.5  31.0   2.0   .52    .4
  4 1975 193  10669.20  21.5  30.5   2.0   .52    .0
  4 1975 194  10794.72  21.0  29.5   1.7   .52    .0
  4 1975 195   6652.56  21.5  28.6   1.9   .52  14.8
  4 1975 196  15313.44  19.0  31.0   1.9   .52   2.8
  4 1975 197  14058.24  20.0  31.0   1.9   .52    .0
  4 1975 198  11422.32  20.5  31.5   1.9   .52   2.0
  4 1975 199   7531.20  20.0  29.5   2.0   .52  19.1
  4 1975 200   9288.48  21.5  29.5   2.0   .52    .3
  4 1975 201   8786.40  20.5  29.0   1.9   .52  12.7
  4 1975 202   8660.88  21.5  28.0   2.0   .52   8.2
  4 1975 203  14811.36  21.0  31.8   2.0   .52    .0
  4 1975 204  13932.72  20.0  31.5   2.0   .52    .0
  4 1975 205  14309.28  19.0  32.0   2.0   .52    .0
  4 1975 206  11798.88  20.0  30.4   1.9   .52   3.8
  4 1975 207   7154.64  19.0  30.0   2.0   .52  14.7
  4 1975 208  11045.76  19.0  30.0   1.9   .52    .2
  4 1975 209  13054.08  20.0  31.0   2.0   .52  14.7
  4 1975 210   8033.28  21.0  30.0   1.8   .53  15.8
  4 1975 211   5020.80  21.5  31.0   2.0   .53  57.7
  4 1975 212   2008.32  18.0  26.0   2.0   .53  18.2
  4 1975 213   6276.00  20.5  29.0   2.0   .53   3.8
  4 1975 214  11798.88  21.0  30.0   1.9   .53   2.3
  4 1975 215   9037.44  20.0  30.5   2.0   .53  83.0
  4 1975 216  12677.52  22.0  31.0   2.0   .53  41.9
  4 1975 217   5271.84  21.5  27.8   1.9   .53    .9
  4 1975 218   9288.48  20.5  30.0   1.9   .53   6.9
  4 1975 219   5271.84  19.5  27.0   1.9   .53  53.1
  4 1975 220  10418.16  21.0  30.8   1.9   .53    .8
  4 1975 221   9790.56  21.5  28.4   2.1   .53  12.8
  4 1975 222   6652.56  21.5  31.0   2.0   .53    .8
  4 1975 223   5146.32  21.5  29.5   2.1   .53   3.0
  4 1975 224   7907.76  20.5  31.0   2.0   .53   9.3
  4 1975 225   3138.00  22.0  27.0   2.1   .53  50.0
  4 1975 226   2259.36  22.0  25.5   2.1   .53  29.7
  4 1975 227   6276.00  21.5  28.5   1.9   .53  19.5
  4 1975 228  11924.40  20.0  31.5   2.0   .53    .0
  4 1975 229   9037.44  22.0  31.0   2.0   .53  65.8
  4 1975 230  11966.24  22.0  31.6   2.1   .53   3.3
  4 1975 231   9414.07  18.0  28.6   2.0   .53   2.8
  4 1975 232  10292.64  21.5  31.5   2.1   .53    .7
  4 1975 233   8660.88  21.5  30.0   2.0   .53    .0
  4 1975 234   8033.28  19.0  31.5   2.1   .53   2.0
  4 1975 235  11589.68  21.0  31.8   2.1   .53    .9
  4 1975 236   4644.24  21.0  31.0   1.9   .53  32.8
  4 1975 237   9288.48  20.0  30.0   2.0   .53  25.4
  4 1975 238   9414.00  19.5  30.0   1.8   .53    .3
  4 1975 239  13430.64  20.5  31.5   2.1   .53    .0
  4 1975 240  12426.48  21.0  31.5   2.1   .53    .0
  4 1975 241  11924.40  19.5  31.0   1.9   .53  11.9
  4 1975 242  16317.60  18.5  31.5   1.9   .53  14.0
  4 1975 243  11171.28  20.0  31.0   1.9   .53   2.5
  4 1975 244  16568.64  21.5  32.4   2.2   .53    .0
  4 1975 245  12928.56  21.0  31.5   2.2   .56   2.5
  4 1975 246  16317.60  18.0  31.5   2.1   .56    .0
  4 1975 247  15815.52  21.0  32.0   2.0   .56    .0
  4 1975 248  12552.00  19.8  32.0   2.1   .56    .0
  4 1975 249   9162.96  20.0  31.5   2.1   .56   9.3
  4 1975 250  14662.67  21.5  31.8   2.1   .56  21.4
  4 1975 251   9665.04  19.0  31.0   2.0   .56   5.1
  4 1975 252  14050.49  20.5  31.0   2.1   .56  12.9
  4 1975 253   4016.64  19.0  27.0   2.0   .56  22.1
  4 1975 254   7280.16  20.5  29.5   1.9   .56  21.3
  4 1975 255  13556.16  19.0  29.8   2.1   .56    .0
  4 1975 256  15062.40  21.0  31.5   1.9   .56    .2
  4 1975 257   4393.20  21.0  29.5   2.0   .56  24.6
  4 1975 258   5020.80  21.0  28.0   2.1   .56    .1
  4 1975 259  10041.60  19.0  29.5   2.0   .56    .0
  4 1975 260   9162.96  20.0  29.0   2.1   .56  32.0
  4 1975 261  13807.20  19.0  31.5   2.0   .56    .0
  4 1975 262  13556.16  20.0  30.0   1.9   .56    .0
  4 1975 263  13807.20  18.0  31.5   1.8   .56    .0
  4 1975 264  10292.64  19.0  31.5   2.0   .56    .0
  4 1975 265  13313.40  20.0  31.5   2.0   .56   1.5
  4 1975 266  15690.00  21.0  31.5   2.1   .56    .0
  4 1975 267   8911.92  20.0  32.0   1.9   .56    .0
  4 1975 268  12426.48  20.5  31.0   2.1   .56   1.5
  4 1975 269   9414.00  20.5  30.0   2.1   .56  36.3
  4 1975 270   3389.04  21.0  27.0   2.0   .56   1.0
  4 1975 271   7782.24  21.5  28.5   2.0   .56    .1
  4 1975 272   5271.84  21.5  29.5   2.1   .56   1.0
  4 1975 273  14128.16  18.5  29.5   2.1   .57   2.3
  4 1975 274   9835.84  18.5  29.5   2.2   .57    .7
  4 1975 275   8284.32  19.0  28.0   2.1   .57  20.0
  4 1975 276   6276.00  17.5  29.0   2.0   .57    .0
  4 1975 277  13932.72  20.5  31.2   1.9   .57   8.4
  4 1975 278   5020.80  21.5  30.0   2.0   .57    .5
  4 1975 279   8033.28  21.5  31.5   2.1   .57   4.6
  4 1975 280   8033.28  20.0  29.5   2.1   .57  23.5
  4 1975 281  11422.32  19.5  31.0   2.0   .57   5.3
  4 1975 282  10045.44  20.0  29.5   2.2   .57  23.8
  4 1975 283   9665.04  21.0  30.5   2.1   .57   8.3
  4 1975 284  12928.56  21.5  31.0   2.1   .57    .0
  4 1975 285  12049.92  21.5  31.0   2.0   .57    .0
  4 1975 286  11547.84  21.0  31.5   2.0   .57    .0
  4 1975 287  10794.72  21.0  30.5   2.1   .57    .0
  4 1975 288  14183.76  21.0  31.5   2.0   .57    .0
  4 1975 289  31170.80  20.0  30.5   2.1   .57    .0
  4 1975 290  12552.00  20.5  30.6   2.0   .57    .0
  4 1975 291   8660.88  20.0  30.6   2.0   .57  35.3
  4 1975 292   7656.72  21.0  30.5   2.0   .57    .0
  4 1975 293  10041.60  21.0  31.6   2.1   .57   2.8
  4 1975 294   8660.88  20.0  30.0   2.0   .57   2.5
  4 1975 295   7782.24  20.5  30.0   2.1   .57  21.6
  4 1975 296  15187.92  20.3  30.0   2.1   .57    .0
  4 1975 297  10543.68  20.0  31.0   2.1   .57    .2
  4 1975 298   3765.60  21.0  27.0   2.2   .57  22.9
  4 1975 299  11798.88  21.5  30.0   2.1   .57  39.1
  4 1975 300   8911.92  21.0  31.0   2.0   .57    .5
  4 1975 301  15941.04  21.0  30.5   2.1   .57    .0
  4 1975 302   7782.24  21.0  30.5   2.1   .57   4.0
  4 1975 303   9790.56  21.5  30.0   2.1   .57  35.6
  4 1975 304  11045.76  20.5  31.0   2.0   .57    .0
  4 1975 305   9415.72  21.5  31.2   2.1   .57    .0
  4 1975 306  12175.44  21.0  31.0   1.8   .57  27.9
  4 1975 307   4393.20  18.6  30.0   1.8   .57   8.4
  4 1975 308   8535.36  20.5  30.5   2.2   .55  63.2
  4 1975 309   8911.92  21.5  30.5   2.1   .55   9.1
  4 1975 310   7154.64  19.5  30.5   2.2   .55  54.4
  4 1975 311  10418.16  20.5  31.0   2.1   .55  25.4
  4 1975 312   8284.32  21.0  31.0   2.0   .55  44.7
  4 1975 313  16007.59  20.5  31.5   2.0   .55    .0
  4 1975 314  10669.20  21.0  31.0   1.9   .55    .0
  4 1975 315   8158.80  21.0  31.0   1.7   .55    .0
  4 1975 316   8535.36  21.0  29.8   2.1   .55  13.0
  4 1975 317   8911.92  20.5  28.0   2.0   .55  14.5
  4 1975 318   4142.16  21.0  28.5   2.1   .55   4.8
  4 1975 319   3389.04  20.0  27.0   1.7   .55  25.9
  4 1975 320   4518.72  20.5  29.0   1.8   .55   5.1
  4 1975 321   6276.00  19.0  27.6   1.9   .55    .0
  4 1975 322  11673.36  21.0  31.0   2.0   .55   1.0
  4 1975 323   8158.80  21.5  29.5   2.1   .55  16.0
  4 1975 324   8911.92  21.5  30.5   2.1   .55  29.7
  4 1975 325   7154.64  21.0  29.5   2.1   .55    .7
  4 1975 326   6903.60  21.0  30.0   2.0   .55  17.6
  4 1975 327   1129.68  21.0  26.0   2.2   .55 188.4
  4 1975 328   6903.60  21.0  27.5   2.0   .55  46.5
  4 1975 329   2635.92  21.2  26.0   1.8   .55  52.8
  4 1975 330   5522.88  21.0  27.8   2.1   .55   4.8
  4 1975 331  12677.52  19.0  29.8   1.8   .55   5.1
  4 1975 332  11506.00  20.5  29.9   2.0   .55   4.4
  4 1975 333  13556.16  21.0  30.0   2.1   .55   3.3
  4 1975 334   9288.48  21.0  30.5   1.9   .55  11.4
  4 1975 335   8409.84  21.0  28.0   2.0   .55  16.8
  4 1975 336  17238.08  21.0  29.5   1.7   .57    .2
  4 1975 337  10292.64  21.5  30.0   2.0   .57   9.4
  4 1975 338   9414.00  20.5  30.5   2.0   .57   5.1
  4 1975 339   7280.16  21.0  28.5   2.0   .57  51.5
  4 1975 340   7482.40  20.0  28.0   2.0   .57  23.8
  4 1975 341   3514.56  20.0  25.0   1.9   .57  47.5
  4 1975 342   4016.64  20.0  26.8   1.9   .57  20.3
  4 1975 343   5271.84  19.0  26.6   1.8   .57  22.1
  4 1975 344   6602.89  18.0  26.0   1.6   .57  40.9
  4 1975 345   3138.00  18.5  26.0   1.8   .57  49.0
  4 1975 346   1882.80  18.5  25.0   1.9   .57 240.7
  4 1975 347   2510.40  17.5  25.6   1.9   .57  76.9
  4 1975 348   3891.12  17.0  28.5   2.0   .57   4.6
  4 1975 349   7907.76  20.0  30.0   1.9   .57    .0
  4 1975 350  12816.86  19.0  30.5   1.8   .57    .0
  4 1975 351  12175.44  20.0  30.0   1.7   .57    .0
  4 1975 352  12008.08  18.5  30.0   1.6   .57    .0
  4 1975 353  12175.44  18.5  30.0   1.7   .57   3.6
  4 1975 354   9532.39  20.0  29.0   1.8   .57   1.4
  4 1975 355   6903.60  18.5  29.0   1.7   .57    .0
  4 1975 356   7842.78  17.0  28.6   1.6   .57   6.6
  4 1975 357   5146.32  17.0  28.5   1.7   .57   3.0
  4 1975 358   9037.44  19.0  27.8   1.8   .57    .3
  4 1975 359   8911.92  18.5  29.0   1.8   .57   5.1
  4 1975 360  10418.16  20.0  29.5   1.8   .57    .0
  4 1975 361  12552.00  17.5  32.0   1.7   .57    .8
  4 1975 362   9288.48  18.0  30.0   1.9   .57    .0
  4 1975 363   8158.80  18.0  29.5   1.7   .57    .3
  4 1975 364  11798.88  17.0  30.0   1.6   .57    .0
  4 1975 365   8409.84  18.5  29.5   1.8   .57    .0
