*---------------------------------------------------------              
* Station name: Puerto Limon                                            
* Author: Atlantic Zone Project, AUW-MAG-CATIE, Costa Rica              
* Source: IMN, San Jose, Costa Rica                                     
*                                                                       
* Comments: No SR data Jan-Jun                                          
*                                                                       
*                                                                       
*                                                                       
* Longitude:  83  3 W, latitude:  10  0 N, altitude:  3 m.              
* Column  Daily value                                                   
*    1    station number                                                
*    2    year                                                          
*    3    month                                                         
*    4    day                                                           
*    5    julian date                                                   
*    6    irradiation            (cal cm-2 d-1)                         
*    7    minimum temperature    (degrees Celcius)                      
*    8    maximum temperature    (degrees Celcius)                      
*    9    vapor pressure at 0700 (mbar)                                 
*   10    vapor pressure at 1300 (mbar)                                 
*   11    vapor pressure at 1800 (mbar)                                 
*   12    mean wind speed        (kilometer per hour)                   
*   13    precipitation          (mm d-1)                               
*   14    sunshine hours         (hours)                                
* Missing value: -99                                                    
*---------------------------------------------------------              
*  data converted with WDC for CABO-format
*-------------------------------------------
  83.05  10.00     3.  .00  .00
  5 1975   1  17948.12  18.9  29.6   1.8  1.83    .0
  5 1975   2  18092.04  19.0  30.5   1.7  2.14    .5
  5 1975   3  17102.97  20.2  31.8   2.1  2.06    .0
  5 1975   4  16491.71  18.5  30.5   1.8  2.06   5.6
  5 1975   5   7542.12  20.9  28.8   1.9  1.31   5.1
  5 1975   6   7553.02  21.0  29.3   2.0  1.11   5.9
  5 1975   7  16555.94  19.3  30.5   1.9  2.33  10.3
  5 1975   8  18735.31  21.0  32.5   1.9  1.56    .0
  5 1975   9  14445.89  18.2  30.4   1.7  1.44    .0
  5 1975  10  20190.65  19.0  31.0   1.9  1.83    .0
  5 1975  11  18949.40  19.9  31.3   1.9  1.56    .0
  5 1975  12  14517.22  18.5  32.0   1.7  1.75   4.8
  5 1975  13  19652.04  20.1  31.1   1.9  1.64    .3
  5 1975  14  14441.30  18.5  29.8   1.7  1.89   3.8
  5 1975  15   7932.78  20.3  30.8   1.8  1.89   5.7
  5 1975  16   7949.52  20.5  31.1   1.9  1.86  14.5
  5 1975  17   7709.55  21.7  28.4   2.0  1.36 112.6
  5 1975  18   9659.05  21.8  28.6   2.0  2.56  15.8
  5 1975  19  13164.67  19.7  31.7   1.9  1.61    .8
  5 1975  20   9701.86  21.5  31.0   1.9  1.28   3.0
  5 1975  21  10889.82  21.7  31.6   2.0  1.31  43.4
  5 1975  22   9097.61  21.9  29.0   2.0  1.86   5.5
  5 1975  23  14320.93  19.5  32.0   1.8  2.11  12.5
  5 1975  24   7838.49  21.5  23.5   2.0  1.89  18.8
  5 1975  25   8119.48  19.3  27.5   1.8  1.39    .0
  5 1975  26  18475.10  19.3  30.0   1.7  1.22   5.7
  5 1975  27  19828.11  21.1  30.0   1.9  1.81   3.3
  5 1975  28  13305.50  20.6  29.3   1.9  1.31   4.1
  5 1975  29  11494.84  21.2  28.9   2.0  2.47   9.1
  5 1975  30  14029.74  21.3  29.9   1.9  1.89  18.1
  5 1975  31  14460.50  21.6  30.8   2.2  3.03  81.9
  5 1975  32  13965.98  21.4  31.2   2.0  1.69   2.0
  5 1975  33  12938.50  20.2  31.0   1.8  1.44   8.1
  5 1975  34   8182.04  20.5  28.2   1.9  1.25   9.7
  5 1975  35   8071.17  21.0  26.0   1.9  1.42   2.8
  5 1975  36  21452.43  20.1  31.5   1.9  1.22    .3
  5 1975  37  18290.20  20.0  28.5   1.8  1.50    .0
  5 1975  38  21017.34  20.9  30.0   2.0  1.61    .0
  5 1975  39  21470.40  19.0  29.3   1.8  2.08   8.2
  5 1975  40   9126.53  20.0  29.0   1.9  1.64   2.0
  5 1975  41  19141.47  18.3  29.5   1.7  1.86   3.6
  5 1975  42  12963.75  20.8  29.3   1.8  1.86    .0
  5 1975  43  22214.63  19.0  28.8   1.8  1.56    .5
  5 1975  44  10855.07  20.0  30.8   1.9  1.58   6.8
  5 1975  45  16463.83  17.6  32.1   1.6  1.36    .2
  5 1975  46  19094.32  17.5  29.8   1.6  2.08   1.0
  5 1975  47  18318.29  19.1  30.8   1.9  2.14   1.7
  5 1975  48  12882.93  21.0  29.8   1.9  1.25  16.4
  5 1975  49  13874.44  20.9  30.5   1.9  1.67    .0
  5 1975  50  17618.74  20.2  29.5   1.9  2.06  11.0
  5 1975  51   9119.17  21.2  30.0   1.9  1.44    .3
  5 1975  52  22388.77  19.5  28.5   1.8  1.92    .0
  5 1975  53  21468.41  17.4  31.0   1.5  1.89    .0
  5 1975  54  20959.45  18.0  31.0   1.7  2.03    .0
  5 1975  55  14066.27  21.2  29.8   1.9  1.81    .0
  5 1975  56  10900.66  20.0  32.2   1.8  1.58   6.9
  5 1975  57   8559.02  20.1  26.8   1.7  1.64   1.6
  5 1975  58  18061.71  19.7  30.2   1.8  1.58    .0
  5 1975  59  22566.95  18.4  30.3   1.8  1.75    .1
  5 1975  60  16454.11  20.7  30.1   1.9  1.75  21.1
  5 1975  61  20829.44  20.7  29.8   2.0  1.94    .0
  5 1975  62  19043.27  20.5  31.2   2.0  1.58    .0
  5 1975  63  21747.74  18.6  29.5   1.8  1.89    .0
  5 1975  64  20659.53  19.0  31.3   1.8  1.64    .0
  5 1975  65  14212.42  20.3  30.0   2.0  1.69   2.5
  5 1975  66  22281.19  20.5  31.1   1.9  1.72    .1
  5 1975  67  20338.60  22.3  32.5   2.0  2.31    .0
  5 1975  68  15136.42  19.2  32.4   1.8  1.78   6.8
  5 1975  69  13320.06  20.4  30.0   1.9  2.00  42.5
  5 1975  70  19581.29  21.7  30.3   2.0  2.78    .8
  5 1975  71  12937.81  21.8  30.7   2.0  1.89   3.1
  5 1975  72  17079.33  22.5  31.3   2.1  1.53  33.5
  5 1975  73  15538.63  22.4  30.0   2.4  2.69   2.9
  5 1975  74  21967.69  21.0  30.8   2.1  2.19   3.4
  5 1975  75  13586.17  20.0  30.3   1.9  1.86   1.6
  5 1975  76   9182.96  20.1  28.3   1.9  1.47   2.6
  5 1975  77  18618.96  20.4  30.2   2.0  2.00  26.1
  5 1975  78  14211.29  20.6  27.8   2.0  1.81   1.4
  5 1975  79  16515.68  21.9  29.8   2.0  1.81   1.2
  5 1975  80  20682.14  20.6  31.3   1.9  1.89  10.5
  5 1975  81  16836.74  22.0  30.4   2.1  2.11    .0
  5 1975  82  23154.95  21.2  30.5   2.1  2.92    .5
  5 1975  83  20450.98  23.0  30.5   2.1  2.61    .0
  5 1975  84  23907.98  20.4  31.5   2.0  1.92    .4
  5 1975  85  14889.06  20.6  31.0   2.0  1.61  33.7
  5 1975  86  16479.50  22.0  31.9   2.0  2.14  25.0
  5 1975  87  15486.85  20.9  30.1   2.0  2.19  12.7
  5 1975  88  15784.85  21.6  30.6   2.1  2.00   2.2
  5 1975  89  22399.91  21.7  31.5   2.0  2.00    .0
  5 1975  90  10921.78  21.2  31.8   2.0  1.81  25.0
  5 1975  91   9062.75  21.8  28.0   2.0  1.75   1.2
  5 1975  92  15246.36  20.9  30.4   2.0  2.14    .3
  5 1975  93  16115.22  22.0  31.3   2.1  1.33    .0
  5 1975  94  15977.89  20.0  31.5   2.0  1.50   6.0
  5 1975  95   9233.39  20.9  27.0   2.0  1.78   1.4
  5 1975  96  22019.36  19.8  30.1   1.9  1.67    .0
  5 1975  97  21160.89  19.5  30.0   2.0  1.89    .1
  5 1975  98  19584.05  20.0  30.1   1.8  1.83    .0
  5 1975  99  14275.95  21.5  31.3   1.9  1.72  26.3
  5 1975 100   9974.45  22.8  29.0   2.1  1.50  54.1
  5 1975 101  18008.67  21.7  29.5   2.1  2.42    .3
  5 1975 102  22595.62  21.5  30.7   2.2  2.39    .0
  5 1975 103  24168.67  21.4  31.3   2.2  1.83    .0
  5 1975 104  14854.23  21.4  31.3   2.0  1.61  10.5
  5 1975 105  20865.49  22.3  31.4   2.1  2.00   1.2
  5 1975 106  17999.07  21.4  30.6   2.0  1.72    .4
  5 1975 107   9272.76  20.9  29.0   2.0  1.22  11.9
  5 1975 108   9130.52  20.8  29.8   1.9  1.39    .6
  5 1975 109  19269.82  21.4  31.0   2.1  2.39   4.8
  5 1975 110  21117.88  22.4  32.0   2.1  2.67   5.0
  5 1975 111  15832.67  22.5  30.8   2.2  1.64  15.8
  5 1975 112   9557.39  20.1  30.8   1.9  1.44  23.7
  5 1975 113  21657.89  20.9  30.2   2.0  2.11    .0
  5 1975 114  18516.56  19.7  31.0   1.8  1.92    .0
  5 1975 115  22202.40  19.5  31.7   1.9  1.58    .2
  5 1975 116  14236.39  21.0  30.4   2.0  1.67  20.1
  5 1975 117  13520.11  22.2  31.2   2.1  1.50   5.0
  5 1975 118  15639.71  20.1  31.0   2.0  1.64    .0
  5 1975 119  21578.37  20.2  30.8   2.1  1.97    .0
  5 1975 120  20997.21  19.9  31.4   2.0  2.17   3.0
  5 1975 121  11088.87  21.9  28.9   2.1  1.64   8.0
  5 1975 122  12071.64  21.6  30.7   2.0  1.56  28.6
  5 1975 123   9385.06  22.1  32.0   2.0  1.47    .1
  5 1975 124  20370.27  20.1  29.3   1.9  1.78    .0
  5 1975 125  16694.81  22.0  30.6   2.1  2.19    .0
  5 1975 126  14573.41  22.1  31.3   2.2  1.69    .4
  5 1975 127  15545.90  20.6  31.0   2.2  2.08    .0
  5 1975 128  24231.25  20.0  32.1   2.0  1.83   9.6
  5 1975 129  14961.53  21.0  31.9   2.0  1.44   9.9
  5 1975 130  20968.36  22.0  30.3   2.1  2.25   5.6
  5 1975 131  19971.17  22.0  31.9   2.3  2.03  10.5
  5 1975 132  15065.95  22.5  32.8   2.1  1.64  32.1
  5 1975 133  10869.15  22.7  31.0   2.1  1.36   7.7
  5 1975 134  18106.81  20.0  31.6   2.1  1.72    .0
  5 1975 135  21431.14  21.2  31.0   2.0  1.81    .0
  5 1975 136  20299.43  21.8  31.0   2.2  2.00    .0
  5 1975 137   9450.28  22.3  29.6   2.1  1.31  15.5
  5 1975 138  16101.77  22.2  31.0   2.2  1.56   7.0
  5 1975 139  12347.46  21.3  30.9   2.0  1.42  16.7
  5 1975 140  13583.60  22.0  31.2   2.0  1.44  16.2
  5 1975 141  17167.13  23.0  31.2   2.2  1.33  11.6
  5 1975 142  13286.06  23.5  31.9   2.2  1.28    .0
  5 1975 143  13827.56  22.1  32.4   2.1  1.75    .0
  5 1975 144  18639.69  21.6  32.8   2.0  1.42    .0
  5 1975 145  20964.15  21.9  33.0   2.2  1.86    .0
  5 1975 146  11870.57  21.0  30.9   2.1  1.44    .0
  5 1975 147  16807.67  21.4  32.0   2.2  1.83   2.2
  5 1975 148  14736.00  22.5  31.5   2.1  1.14    .1
  5 1975 149  17193.11  22.2  32.0   2.4  1.58    .0
  5 1975 150  20467.72  22.2  33.6   2.3  2.53  23.5
  5 1975 151  19494.17  22.8  31.7   2.3  1.72    .3
  5 1975 152  17428.87  21.5  31.5   2.2  1.64    .0
  5 1975 153  15777.36  22.0  31.0   2.3  1.69   4.6
  5 1975 154  14538.46  20.5  33.0   2.0  1.42   1.8
  5 1975 155  15620.61  22.4  33.0   2.2  1.50  18.6
  5 1975 156   9205.35  22.9  31.0   2.1  1.28    .3
  5 1975 157   9473.29  22.1  30.6   2.0  1.08   1.1
  5 1975 158  10829.80  22.0  30.5   2.1  1.03   8.7
  5 1975 159  23201.36  21.3  32.7   2.2  1.83    .2
  5 1975 160   8916.81  21.9  30.7   2.1  1.11    .0
  5 1975 161  16248.79  21.5  31.6   2.3  1.64  15.1
  5 1975 162   8909.94  23.0  29.6   2.2  1.33  14.2
  5 1975 163  14606.14  22.3  33.4   2.1  1.19  30.2
  5 1975 164  20297.15  21.5  35.0   2.2  1.86   3.1
  5 1975 165  16900.12  22.3  31.8   2.1  1.17  11.5
  5 1975 166   8898.70  22.5  28.0   2.0  1.00  41.9
  5 1975 167   8896.43  21.1  24.6   2.0  1.22  12.4
  5 1975 168  10925.86  20.5  29.5   1.9  1.22    .0
  5 1975 169  14579.16  20.6  32.7   2.0  1.25    .0
  5 1975 170  20803.03  22.0  31.3   2.2  1.28  29.3
  5 1975 171  16739.29  22.0  30.8   2.0  1.36  37.5
  5 1975 172   9023.81  22.5  30.1   2.1  1.31    .1
  5 1975 173  11052.49  22.0  30.0   2.0  1.17  13.5
  5 1975 174  13622.37  22.7  30.9   2.1  1.25  71.0
  5 1975 175   8886.51  20.0  24.0   2.0  1.53  23.6
  5 1975 176  11457.01  20.0  28.5   2.0  1.22  12.4
  5 1975 177  11457.22  23.2  31.0   2.3  1.31   4.7
  5 1975 178   9021.93  22.1  27.8   2.1  1.22  17.2
  5 1975 179  12947.45  21.1  30.0   2.1  2.06    .2
  5 1975 180   8887.81  21.9  24.5   2.0  1.50  61.6
  5 1975 181   9971.97  21.4  30.5   1.9  1.17   7.5
  5 1975 182  13472.48  21.0  31.5   1.9  1.11   2.3
  5 1975 183  10208.96  21.1  29.5   2.0  1.28   2.5
  5 1975 184  10711.04  22.0  31.7   2.0  1.47  31.1
  5 1975 185   8409.84  21.1  30.2   1.9  1.06   4.8
  5 1975 186  13849.04  21.1  32.5   2.0  1.75    .0
  5 1975 187  10920.24  22.6  32.0   2.1  1.28  30.7
  5 1975 188  11171.28  21.9  30.1   2.1  1.39    .0
  5 1975 189   4937.12  22.0  28.0   2.0  1.22   3.5
  5 1975 190  17907.52  21.0  30.6   2.1  1.53    .0
  5 1975 191  16526.80  20.9  31.1   2.1  2.33   4.4
  5 1975 192  16401.28  22.1  32.5   2.2  1.61    .3
  5 1975 193  11087.60  21.6  30.9   2.0  1.58    .1
  5 1975 194  11798.88  22.0  30.8   1.9  1.39   1.2
  5 1975 195   7740.40  21.0  30.4   1.9  1.39   6.4
  5 1975 196  17321.76  20.0  32.3   1.9  1.47    .6
  5 1975 197  18074.88  20.0  29.9   2.0  1.89    .0
  5 1975 198  11464.16  21.0  30.9   1.9  1.81   6.8
  5 1975 199   9832.40  21.0  31.7   1.9  1.72  48.1
  5 1975 200  10041.60  20.5  28.9   2.0  1.44   1.3
  5 1975 201  10292.64  21.5  28.5   2.0  1.64   9.3
  5 1975 202  12342.80  21.9  31.2   2.0  1.58    .0
  5 1975 203  17782.00  20.8  30.0   2.2  1.58    .0
  5 1975 204  18409.60  20.8  30.6   2.1  1.83    .0
  5 1975 205  17782.00  21.3  31.0   2.0  1.67    .0
  5 1975 206  11296.80  20.5  31.4   1.9  1.42    .0
  5 1975 207   9916.08  20.9  30.0   2.1  1.53    .0
  5 1975 208  12426.48  20.4  32.5   2.0  1.97   1.2
  5 1975 209  16275.76  20.0  32.8   2.1  2.06   6.8
  5 1975 210   9665.04  21.9  33.0   1.9  1.31  34.2
  5 1975 211   4602.40  22.0  25.5   2.0  1.67 103.5
  5 1975 212   2133.84  21.5  25.3   2.0  1.17  39.3
  5 1975 213   8368.00  20.5  29.8   2.1  1.44    .0
  5 1975 214  12342.80  20.0  32.0   1.8  1.36    .0
  5 1975 215  13765.36  20.5  31.6   2.1  1.64   6.7
  5 1975 216  15020.56  20.5  31.5   1.9  1.75   4.8
  5 1975 217   5983.12  21.6  27.0   2.0  1.00   2.3
  5 1975 218  10041.60  21.0  31.6   2.0  1.42  10.4
  5 1975 219   8158.80  20.6  31.0   2.0  1.25   7.5
  5 1975 220   8284.32  20.5  29.4   2.1  1.03    .8
  5 1975 221  13639.84  21.9  30.0   2.1  1.31   3.8
  5 1975 222  10585.52  22.0  29.0   2.0  1.22    .3
  5 1975 223   5104.48  22.0  29.9   2.0  1.00  15.5
  5 1975 224   9169.19  23.0  32.0   2.2  1.00  11.2
  5 1975 225   3430.88  22.0  27.3   2.1  1.17  68.5
  5 1975 226   3849.28  22.0  25.5   2.0  1.22  40.9
  5 1975 227   2133.84  21.8  25.0   2.0  1.08  24.6
  5 1975 228  13346.96  21.5  31.4   2.0  1.17    .0
  5 1975 229   8911.92  22.2  31.3   2.1   .97  11.6
  5 1975 230  16066.56  22.2  31.2   2.2  1.50  16.4
  5 1975 231   6861.76  21.6  28.7   2.0   .97    .0
  5 1975 232   8493.52  22.2  30.2   2.1  1.50   2.7
  5 1975 233  12970.40  21.6  31.2   2.1  1.31    .0
  5 1975 234  10460.00  21.9  30.0   2.1  1.22   1.9
  5 1975 235  15229.76  22.7  30.7   2.2  1.22   3.6
  5 1975 236   5313.68  22.5  28.0   2.1  1.44  22.5
  5 1975 237  11422.32  20.8  32.5   2.1  1.94  13.3
  5 1975 238  11673.36  20.0  31.0   1.8  1.17   6.6
  5 1975 239  15941.04  23.0  30.6   2.1  1.44    .0
  5 1975 240  12844.88  21.5  32.8   2.1  1.42    .0
  5 1975 241  12928.56  20.7  31.5   2.0  2.47  19.8
  5 1975 242  17782.00  19.8  30.6   1.9  1.89  33.5
  5 1975 243  11171.28  22.2  31.5   2.1  1.50    .3
  5 1975 244  18451.44  21.4  32.0   2.2  1.78    .0
  5 1975 245  18033.04  21.8  31.4   2.1  2.14    .0
  5 1975 246  17321.76  21.8  32.0   2.1  1.67    .0
  5 1975 247  17070.72  22.0  32.2   2.3  1.64    .0
  5 1975 248  17154.40  21.5  32.0   2.2  1.89    .0
  5 1975 249  11840.72  21.5  31.2   2.1  1.53    .2
  5 1975 250  14644.00  21.0  32.1   2.0  1.47    .0
  5 1975 251   9957.92  22.5  32.4   2.0  1.42    .0
  5 1975 252  14518.48  22.7  33.8   2.1  1.64  10.8
  5 1975 253   6736.24  22.0  28.4   2.1  1.69   6.1
  5 1975 254  12175.44  22.0  31.0   1.9  1.89   3.0
  5 1975 255  16192.08  21.5  31.5   2.0  1.72    .9
  5 1975 256  18284.08  23.0  31.5   2.2  1.44  10.4
  5 1975 257   6276.00  22.4  28.7   2.1  1.17    .1
  5 1975 258   4853.44  21.5  27.5   2.0  1.33   1.6
  5 1975 259  11338.64  19.0  30.5   1.8  1.22    .0
  5 1975 260  17028.88  22.0  31.9   2.2  1.56    .0
  5 1975 261  16777.84  20.7  30.8   2.2  1.69    .0
  5 1975 262  15773.68  20.9  31.4   2.1  1.78    .0
  5 1975 263  18409.60  20.5  31.2   2.1  1.69    .0
  5 1975 264  12719.36  21.8  32.0   2.0  1.56    .0
  5 1975 265  13137.76  21.0  31.9   2.1  1.50    .0
  5 1975 266  16568.64  21.2  31.8   2.1  2.06    .0
  5 1975 267  13974.56  21.1  31.5   2.0  1.36    .0
  5 1975 268   6276.00  21.0  30.6   2.0  1.47  47.7
  5 1975 269  11296.80  22.0  32.3   1.9  1.39  13.4
  5 1975 270   3054.32  21.5  25.8   2.0   .83   3.1
  5 1975 271  13388.80  21.8  30.6   2.2  1.53    .0
  5 1975 272   8409.84  22.3  30.0   2.1  1.17    .0
  5 1975 273  14267.44  21.0  32.7   2.1  1.33    .3
  5 1975 274   7865.92  21.5  30.8   2.2  1.39    .0
  5 1975 275  10460.00  21.9  30.0   2.0  1.36  16.7
  5 1975 276   6485.20  20.5  29.0   2.1  1.28    .3
  5 1975 277  15522.64  21.1  32.3   2.1  1.47   3.9
  5 1975 278   7865.92  22.0  29.5   2.0  1.42    .0
  5 1975 279  12175.44  21.5  31.0   2.2  1.33   7.5
  5 1975 280  10627.36  22.7  31.8   2.1  1.22   9.2
  5 1975 281  14769.52  22.0  31.8   2.0  1.44  28.0
  5 1975 282  11296.80  22.5  31.6   2.1  1.47   1.5
  5 1975 283  13556.16  22.5  33.2   2.2  1.39   6.6
  5 1975 284  17028.88  20.5  31.2   2.1  1.56    .0
  5 1975 285  15815.52  22.5  31.5   2.2  1.44    .0
  5 1975 286  14727.68  23.0  33.3   2.2  1.50    .0
  5 1975 287   9455.84  20.8  30.0   2.2  1.67    .0
  5 1975 288  14100.08  20.5  30.2   2.0  1.44    .3
  5 1975 289  13263.28  21.4  32.0   2.2  1.47    .1
  5 1975 290  15104.24  20.9  31.6   2.0  1.61    .0
  5 1975 291  13639.84  21.0  32.5   2.2  1.50    .0
  5 1975 292   6485.20  22.0  30.3   2.0  1.08    .0
  5 1975 293   8493.52  21.2  34.4   2.1  1.78   5.7
  5 1975 294  11254.96  21.0  32.5   2.1  1.33   1.5
  5 1975 295  13012.24  21.5  32.7   2.0  1.61    .9
  5 1975 296  15564.48  20.4  33.5   2.2  1.44    .0
  5 1975 297  15271.60  21.4  33.0   2.1  1.50   1.1
  5 1975 298   6276.00  22.5  32.4   2.1  1.11    .7
  5 1975 299  13556.16  21.5  32.3   2.0  1.97  94.1
  5 1975 300  12384.64  21.4  31.4   2.0  1.58    .0
  5 1975 301  14225.60  22.0  32.3   2.4  2.00    .0
  5 1975 302  12384.64  22.0  30.4   2.3  1.31   4.1
  5 1975 303   7280.16  21.8  30.6   2.3  1.61  29.5
  5 1975 304  11589.68  21.0  29.7   2.0  1.42    .0
  5 1975 305  14183.76  20.7  31.9   2.0  1.50    .0
  5 1975 306  12259.12  21.0  31.1   2.2  1.39  36.2
  5 1975 307   6945.44  22.2  30.0   2.0  1.53   9.4
  5 1975 308  12342.80  22.5  32.1   2.2  1.67    .0
  5 1975 309   9832.40  22.0  31.5   2.1  1.19    .0
  5 1975 310   7824.08  22.5  31.0   2.1  1.44  32.6
  5 1975 311  11296.80  21.5  31.2   2.2  1.42    .8
  5 1975 312  12008.08  21.5  31.0   2.2  1.89  42.7
  5 1975 313  11380.48  21.0  30.5   2.2  1.36    .0
  5 1975 314  12259.12  21.9  32.0   2.1  1.33    .0
  5 1975 315  11673.36  21.3  29.5   2.1  1.28    .0
  5 1975 316  12091.76  21.5  32.2   1.9  1.33    .0
  5 1975 317  12217.28  21.0  32.0   2.1  1.61  26.0
  5 1975 318   2384.88  21.3  28.0   2.1  2.31  34.0
  5 1975 319   6861.76  20.6  26.2   1.7  3.67  43.3
  5 1975 320   7698.56  20.4  25.6   1.8  2.25   7.3
  5 1975 321  11087.60  20.4  29.6   1.9  2.28    .0
  5 1975 322  13472.48  20.6  30.0   2.1  1.50    .0
  5 1975 323  11129.44  22.0  30.2   2.1  1.83   6.3
  5 1975 324  13932.72  22.0  30.5   2.1  1.72   8.5
  5 1975 325   8535.36  22.5  31.0   2.2  1.22    .4
  5 1975 326   4560.56  22.1  28.5   2.1   .89  11.9
  5 1975 327   2468.56  22.2  25.5   2.1  1.78 126.3
  5 1975 328  10669.20  21.0  29.5   1.8  1.86  87.8
  5 1975 329   3932.96  21.9  25.0   2.1  1.42  40.9
  5 1975 330   8242.48  21.4  27.5   2.1  1.14   1.3
  5 1975 331  13179.60  19.8  29.7   2.0  1.42    .0
  5 1975 332  12384.64  21.4  31.5   2.1  1.17  17.2
  5 1975 333  11589.68  20.7  31.0   2.0  1.47  19.1
  5 1975 334   8911.92  20.4  31.0   1.9  1.47  19.8
  5 1975 335  10167.12  20.6  30.4   2.0  1.44   9.2
  5 1975 336  14811.36  19.5  29.8   1.9  1.67    .0
  5 1975 337  13598.00  19.5  29.7   1.9  1.92    .0
  5 1975 338  12719.36  20.0  31.0   2.0  1.25   2.8
  5 1975 339  10752.88  20.8  30.6   2.0  1.47  67.0
  5 1975 340   5899.44  21.0  28.3   1.9  1.22  10.0
  5 1975 341   3430.88  20.8  25.0   1.9  1.53  33.2
  5 1975 342   5522.88  20.5  25.9   1.9  1.58  62.9
  5 1975 343   7070.96  20.5  27.5   1.9  1.50  10.5
  5 1975 344   4435.04  19.8  23.0   1.9  1.89  38.2
  5 1975 345   6234.16  18.9  28.7   1.9  1.64  26.7
  5 1975 346   2133.84  20.5  23.8   2.0  1.56 139.2
  5 1975 347   3849.28  21.0  24.6   2.0  1.58  56.8
  5 1975 348   6652.56  21.5  27.3   2.2  3.08   7.0
  5 1975 349  11631.52  19.5  31.0   1.9  1.19    .0
  5 1975 350  13179.60  18.5  28.5   2.0  2.08    .0
  5 1975 351  15146.08  20.0  30.0   1.7  1.44    .0
  5 1975 352  12049.92  17.5  29.0   1.7  2.14    .0
  5 1975 353  13598.00  19.5  31.5   1.8  1.92  13.4
  5 1975 354   8953.76  20.1  31.7   1.7  1.58   1.6
  5 1975 355  12259.12  19.0  31.3   1.8  1.75    .0
  5 1975 356  13598.00  17.5  28.9   1.7  2.06   9.3
  5 1975 357  10794.72  19.5  28.5   1.8  1.78  10.7
  5 1975 358   9079.28  20.0  27.6   1.8  1.33    .0
  5 1975 359  12635.68  18.2  27.6   1.8  1.61    .0
  5 1975 360  13346.96  19.0  29.6   1.9  1.86    .0
  5 1975 361  15104.24  17.4  29.0   1.7  2.17    .0
  5 1975 362  11464.16  20.7  28.4   1.9  1.56    .0
  5 1975 363  12593.84  18.0  27.6   1.8  2.72    .0
  5 1975 364  15857.36  17.0  28.8   1.6  1.44    .0
  5 1975 365  11757.04  18.0  29.5   1.9  1.39    .0
