*---------------------------------------------------------              
* Station name: Puerto Limon                                            
* Author: Atlantic Zone Project, AUW-MAG-CATIE, Costa Rica              
* Source: IMN, San Jose, Costa Rica                                     
*                                                                       
* Comments: Wind speed data lacking                                     
*                                                                       
*                                                                       
*                                                                       
* Longitude:  83  3 W, latitude:  10  0 N, altitude:  3 m.              
* Column  Daily value                                                   
*    1    station number                                                
*    2    year                                                          
*    3    month                                                         
*    4    day                                                           
*    5    julian date                                                   
*    6    irradiation            (cal cm-2 d-1)                         
*    7    minimum temperature    (degrees Celcius)                      
*    8    maximum temperature    (degrees Celcius)                      
*    9    vapor pressure at 0700 (mbar)                                 
*   10    vapor pressure at 1300 (mbar)                                 
*   11    vapor pressure at 1800 (mbar)                                 
*   12    mean wind speed        (kilometer per hour)                   
*   13    precipitation          (mm d-1)                               
*   14    sunshine hours         (hours)                                
* Missing value: -99                                                    
*---------------------------------------------------------              
*  data converted with WDC for CABO-format
*-------------------------------------------
  83.05  10.00     3.  .00  .00
  5 1973   1   8033.28  20.5  28.5   1.7   .72  19.6
  5 1973   2  14100.08  22.0  29.5   2.0   .72    .1
  5 1973   3   9665.04  20.6  29.8   1.8   .72   3.7
  5 1973   4  16484.96  20.6  32.3   1.9   .72   8.2
  5 1973   5  15313.44  22.7  32.8   2.0   .72   7.1
  5 1973   6  14100.08  21.6  31.5   2.1   .72   7.0
  5 1973   7  13263.28  22.4  31.5   2.0   .72    .0
  5 1973   8  12091.76  21.7  29.5   2.0   .72    .0
  5 1973   9  16484.96  21.2  29.9   1.8   .72    .0
  5 1973  10  14100.08  21.4  31.2   2.0   .72    .0
  5 1973  11  18116.72  21.0  31.0   2.0   .72    .0
  5 1973  12   6024.96  21.0  28.5   2.0   .72  68.2
  5 1973  13   4435.04  20.6  24.5   1.7   .72 104.0
  5 1973  14  10878.40  20.1  26.6   1.7   .72  18.5
  5 1973  15  18535.12  20.5  31.0   1.8   .72    .0
  5 1973  16  17321.76  19.6  31.8   1.8   .72    .0
  5 1973  17  16903.36  20.4  29.5   1.9   .72    .0
  5 1973  18   8033.28  20.7  28.8   1.9   .72    .0
  5 1973  19  18116.72  20.5  30.8   1.9   .72   4.5
  5 1973  20  18911.68  20.5  30.5   2.0   .72    .5
  5 1973  21  20920.00  20.8  30.5   1.9   .72    .0
  5 1973  22  18911.68  20.5  31.5   1.8   .72    .0
  5 1973  23   8033.28  20.6  31.0   1.9   .72   4.0
  5 1973  24   9665.04  22.8  27.5   2.0   .72    .9
  5 1973  25  20125.04  20.7  30.5   1.9   .72  11.0
  5 1973  26  18911.68  21.7  31.6   1.9   .72    .0
  5 1973  27  12091.76  21.3  30.5   1.9   .72    .0
  5 1973  28  19330.08  22.7  30.0   2.1   .70   2.6
  5 1973  29   8033.28  22.2  32.5   2.0   .70  34.1
  5 1973  30  19706.64  20.7  26.2   1.8   .70   9.0
  5 1973  31  20673.14  21.8  31.8   1.9   .70   5.4
  5 1973  32  10669.20  22.8  30.7   2.0   .70   3.7
  5 1973  33  13974.56  23.7  30.8   2.2   .70    .8
  5 1973  34  15606.32  26.4  30.0   2.2   .70   1.0
  5 1973  35  18869.84  22.0  30.5   1.9   .70    .0
  5 1973  36  16819.68  19.8  30.9   1.7   .70    .9
  5 1973  37  14351.12  21.2  30.2   1.9   .70  20.0
  5 1973  38  14769.52  21.4  29.3   2.0   .70   5.9
  5 1973  39  14016.40  21.0  31.5   2.0   .70    .1
  5 1973  40  21756.80  20.8  30.0   1.9   .70    .0
  5 1973  41  15187.92  22.5  30.7   2.0   .70 100.8
  5 1973  42   7782.24  22.5  26.0   1.9   .70  39.6
  5 1973  43   7405.68  21.0  25.5   1.8   .70   4.6
  5 1973  44  13137.76  20.6  29.2   1.9   .70   4.6
  5 1973  45  20501.60  21.4  30.2   1.9   .70    .0
  5 1973  46  22175.20  22.0  31.0   1.9   .70    .0
  5 1973  47  17238.08  20.4  29.8   1.7   .70    .1
  5 1973  48  18074.88  20.6  30.0   1.7   .70    .0
  5 1973  49  18869.84  21.3  30.9   1.9   .70   5.4
  5 1973  50  14769.52  20.0  32.0   1.8   .70    .0
  5 1973  51  20125.04  19.4  30.5   1.8   .70    .0
  5 1973  52  11087.60  19.5  30.8   1.8   .70   7.4
  5 1973  53  16401.28  20.5  31.3   1.7   .70   1.1
  5 1973  54  15187.92  21.8  30.3   1.9   .70    .0
  5 1973  55  20501.60  21.5  30.6   1.9   .70    .0
  5 1973  56  18869.84  21.6  32.6   1.8   .75   2.0
  5 1973  57  21338.40  21.8  32.0   2.0   .75    .0
  5 1973  58  10669.20  20.4  30.2   1.8   .75  15.0
  5 1973  59  20501.60  21.7  32.1   2.0   .75    .2
  5 1973  60  15773.68  19.8  31.0   1.7   .75   5.9
  5 1973  61  11589.68  21.5  30.8   2.0   .75   4.5
  5 1973  62  19915.84  21.5  32.4   1.9   .75    .0
  5 1973  63  21129.20  19.9  31.5   1.8   .75    .0
  5 1973  64  22911.13  19.9  31.3   1.8   .75   8.6
  5 1973  65  11816.80  22.3  31.0   2.2   .75    .0
  5 1973  66  21966.00  22.0  32.2   2.0   .75    .0
  5 1973  67  21966.00  21.5  31.9   1.8   .75    .5
  5 1973  68  18660.64  21.3  31.5   2.0   .75    .0
  5 1973  69  21547.60  22.7  31.8   2.0   .75    .0
  5 1973  70  22384.40  21.4  30.8   2.0   .75   8.6
  5 1973  71  16987.04  22.6  31.7   1.9   .75    .0
  5 1973  72  12844.88  21.6  31.1   1.9   .75   5.5
  5 1973  73  23221.20  22.3  31.4   2.0   .75  28.2
  5 1973  74  14936.88  22.9  31.3   1.9   .75   5.3
  5 1973  75  16568.64  22.8  32.3   2.1   .75    .0
  5 1973  76  21966.00  23.4  30.8   2.1   .75    .0
  5 1973  77  16150.24  21.3  32.5   2.0   .75    .4
  5 1973  78  21547.60  22.3  32.0   2.0   .75    .0
  5 1973  79  21547.60  23.0  31.4   2.1   .75    .0
  5 1973  80  20752.64  21.5  31.5   2.0   .75    .0
  5 1973  81  18660.64  21.9  32.5   2.0   .75    .0
  5 1973  82  20752.64  22.9  33.0   2.3   .75   4.0
  5 1973  83  18242.24  23.9  32.7   2.1   .75    .0
  5 1973  84  14936.88  23.4  31.0   2.1   .75  29.0
  5 1973  85  20752.64  24.6  32.5   2.3   .75    .1
  5 1973  86  15355.28  24.7  31.5   2.3   .75   1.5
  5 1973  87  16568.64  23.5  30.5   2.1   .75    .2
  5 1973  88  19497.44  21.0  31.5   1.9   .75    .0
  5 1973  89  19497.44  22.0  32.5   2.1   .75    .1
  5 1973  90   9957.92  22.9  31.0   2.1   .75  14.9
  5 1973  91  20920.00  22.2  31.2   2.2   .75    .0
  5 1973  92  20083.20  22.5  31.5   2.1   .75    .0
  5 1973  93  21756.80  21.7  32.0   2.2   .75   4.5
  5 1973  94  21338.40  24.2  32.0   2.2   .75    .0
  5 1973  95  22593.60  22.2  33.0   2.1   .75  16.0
  5 1973  96  15480.80  22.6  32.2   2.1   .75   1.2
  5 1973  97  10878.40  22.5  31.0   2.2   .75   4.7
  5 1973  98  22593.60  23.0  32.0   2.3   .75    .5
  5 1973  99  19664.80  24.2  32.0   2.3   .75   3.0
  5 1973 100  19246.40  24.0  32.6   2.2   .75    .0
  5 1973 101  10460.00  20.8  29.2   1.9   .75    .3
  5 1973 102   8368.00  20.1  30.1   1.8   .75   6.3
  5 1973 103  18828.00  21.5  31.5   2.0   .75   8.9
  5 1973 104   5857.60  22.0  27.4   2.0   .75  22.6
  5 1973 105  23012.00  22.1  32.0   2.1   .75  37.7
  5 1973 106  14225.60  22.0  32.5   2.1   .75    .5
  5 1973 107  16736.00  21.8  30.8   2.0   .75    .0
  5 1973 108  22175.20  20.9  31.3   2.0   .75   7.1
  5 1973 109  17572.80  23.2  31.5   2.2   .75   1.0
  5 1973 110  20920.00  22.2  31.2   2.2   .75    .0
  5 1973 111  19246.40  23.2  31.2   2.2   .75   8.1
  5 1973 112  16317.60  22.7  31.1   2.1   .75    .0
  5 1973 113  21338.40  22.5  32.4   2.0   .75    .0
  5 1973 114  14644.00  22.0  31.7   1.9   .75    .0
  5 1973 115  19664.80  22.4  31.8   2.4   .75    .1
  5 1973 116  20501.60  23.5  32.3   2.2   .75    .0
  5 1973 117  23430.40  23.0  32.5   2.2   .75    .0
  5 1973 118  18409.60  23.0  32.2   2.1   .75    .5
  5 1973 119  21756.80  22.5  32.0   2.4   .68  17.8
  5 1973 120  11715.20  24.0  31.5   2.5   .68    .9
  5 1973 121  22175.20  22.2  32.4   2.1   .68    .6
  5 1973 122  23430.40  21.5  32.1   2.1   .68  17.4
  5 1973 123  23848.80  20.7  32.7   2.2   .68  35.4
  5 1973 124  10041.60  22.5  29.9   2.1   .68  27.5
  5 1973 125  14644.00  22.2  31.2   2.1   .68  13.9
  5 1973 126  23848.80  21.8  34.4   2.0   .68  10.3
  5 1973 127  12970.40  22.6  31.7   2.1   .68   5.3
  5 1973 128  15062.40  23.4  32.5   2.2   .68  35.8
  5 1973 129  18828.00  23.6  33.5   2.2   .68    .5
  5 1973 130  11296.80  23.5  31.5   2.2   .68  37.7
  5 1973 131  24267.20  23.0  31.3   2.2   .68    .5
  5 1973 132  24267.20  22.5  32.4   2.1   .68  15.1
  5 1973 133   7949.60  23.0  29.5   2.2   .68   5.2
  5 1973 134  12970.40  22.0  33.0   2.1   .68  37.0
  5 1973 135  14644.00  23.4  32.9   2.2   .68  57.4
  5 1973 136   2928.80  23.2  25.5   2.1   .68  47.8
  5 1973 137   7112.80  22.5  29.5   2.0   .68   4.8
  5 1973 138  14225.60  21.7  32.4   2.0   .68   6.0
  5 1973 139  17154.40  21.3  31.0   2.0   .68  17.2
  5 1973 140  16317.60  22.3  30.5   2.1   .68   4.3
  5 1973 141  17991.20  21.5  31.5   2.2   .68    .0
  5 1973 142  18409.60  23.4  31.4   2.2   .68    .3
  5 1973 143  15899.20  21.7  32.0   2.0   .68    .0
  5 1973 144  24267.20  22.0  31.6   2.1   .68    .0
  5 1973 145  21756.80  22.0  32.0   2.1   .68    .0
  5 1973 146  16317.60  22.5  32.0   2.3   .68    .0
  5 1973 147  22175.20  22.4  32.4   2.1   .68    .4
  5 1973 148  12552.00  23.5  30.8   2.2   .68    .5
  5 1973 149  16736.00  23.2  33.5   2.2   .68   7.3
  5 1973 150  20083.20  22.8  31.7   2.1   .68   3.2
  5 1973 151   7531.20  23.5  29.1   2.1   .68    .2
  5 1973 152   4978.96  22.9  27.5   2.1   .68  34.0
  5 1973 153  13681.68  22.5  29.6   2.1   .68  11.8
  5 1973 154   8284.32  21.7  29.1   2.1   .63   2.9
  5 1973 155  11589.68  22.7  30.5   2.1   .63  18.4
  5 1973 156  13681.68  21.6  30.3   2.0   .63   4.5
  5 1973 157  19497.44  21.7  31.8   1.9   .63  55.9
  5 1973 158  13681.68  22.6  30.5   2.0   .63    .0
  5 1973 159  22802.80  21.5  31.2   2.0   .63    .0
  5 1973 160  12844.88  21.8  33.0   2.0   .63  19.1
  5 1973 161  19915.84  23.4  32.3   2.2   .63   1.0
  5 1973 162   8702.72  22.5  30.0   2.0   .63    .9
  5 1973 163  22384.40  21.6  32.9   2.1   .63    .0
  5 1973 164  19915.84  22.4  31.4   2.3   .63    .0
  5 1973 165  17405.44  22.2  31.4   2.2   .63    .0
  5 1973 166  14100.08  23.3  31.1   2.2   .63   5.0
  5 1973 167  13263.28  23.0  32.0   2.2   .63    .0
  5 1973 168  19497.44  23.0  32.5   2.2   .63    .0
  5 1973 169  16150.24  23.0  32.0   2.2   .63   4.4
  5 1973 170   7029.12  23.4  27.8   2.1   .63    .6
  5 1973 171  23221.20  22.0  30.7   2.1   .63  17.5
  5 1973 172  12844.88  23.2  32.4   2.1   .63   2.2
  5 1973 173   9121.12  22.4  31.3   2.1   .63   4.8
  5 1973 174  16987.04  21.3  31.5   2.0   .63   9.2
  5 1973 175  16568.64  23.0  30.3   2.1   .63    .0
  5 1973 176  17823.84  20.8  29.8   1.9   .63    .0
  5 1973 177  13681.68  21.8  29.5   2.0   .63    .0
  5 1973 178  19915.84  21.9  32.3   2.1   .63    .0
  5 1973 179  23639.60  21.7  31.4   2.2   .63    .0
  5 1973 180  19915.84  21.8  32.9   2.2   .63    .0
  5 1973 181  15773.68  22.7  32.2   2.3   .63    .0
  5 1973 182  18409.60  21.9  33.0   2.0   .66   3.5
  5 1973 183  16736.00  21.5  32.2   2.1   .66   7.1
  5 1973 184   4602.40  22.4  25.9   2.0   .66   7.9
  5 1973 185  20083.20  21.2  32.8   2.0   .66  42.0
  5 1973 186   5439.20  21.5  27.9   2.0   .66   9.2
  5 1973 187   9623.20  21.8  29.6   2.0   .66   5.1
  5 1973 188   6694.40  23.0  29.9   2.2   .66  16.7
  5 1973 189  14225.60  22.2  31.3   2.1   .66    .9
  5 1973 190  10041.60  22.0  30.2   2.1   .66  34.8
  5 1973 191   7112.80  22.1  29.1   2.0   .66  26.6
  5 1973 192   5439.20  21.9  26.3   2.0   .66   5.7
  5 1973 193  16317.60  21.0  31.5   2.1   .66  56.0
  5 1973 194  10041.60  22.5  31.0   2.0   .66   5.0
  5 1973 195   4184.00  22.8  27.5   2.0   .66  37.0
  5 1973 196  10460.00  21.2  30.4   2.0   .66    .9
  5 1973 197   8786.40  22.0  28.4   2.0   .66    .6
  5 1973 198  10041.60  21.7  29.4   2.0   .66  48.3
  5 1973 199  17154.40  22.5  30.8   2.0   .66   7.0
  5 1973 200  11715.20  22.7  31.0   2.1   .66   1.5
  5 1973 201   9623.20  22.4  28.4   2.1   .66  63.2
  5 1973 202  17991.20  21.7  31.0   2.0   .66   6.1
  5 1973 203  17991.20  21.8  30.2   2.0   .66    .0
  5 1973 204  19246.40  22.0  31.0   2.2   .66    .5
  5 1973 205  15480.80  23.3  31.2   2.3   .66    .0
  5 1973 206   9623.20  21.8  30.7   2.0   .66    .2
  5 1973 207   5439.20  21.5  27.8   2.1   .66    .7
  5 1973 208  20501.60  21.0  30.8   2.1   .66    .0
  5 1973 209  15480.80  22.7  32.3   2.1   .66    .0
  5 1973 210  14225.60  21.4  31.6   2.1   .66   4.1
  5 1973 211  11715.20  22.0  32.7   2.1   .66    .1
  5 1973 212  19246.40  21.1  31.2   2.0   .66    .0
  5 1973 213   3765.60  21.5  25.5   1.9   .66   1.2
  5 1973 214   2050.16  20.3  30.8   1.9   .66    .0
  5 1973 215  13388.80  20.4  31.8   1.8   .66    .5
  5 1973 216  18409.60  21.1  31.0   1.9   .66    .0
  5 1973 217  21338.40  21.7  31.5   2.0   .66    .0
  5 1973 218  15899.20  22.0  30.8   2.0   .66  20.8
  5 1973 219  15899.20  22.7  30.7   1.9   .66   2.7
  5 1973 220  22593.60  21.7  31.8   2.2   .66    .0
  5 1973 221  16317.60  21.5  32.0   2.0   .66   5.7
  5 1973 222  14225.60  21.5  30.5   2.2   .66   2.8
  5 1973 223  13388.80  21.3  32.4   1.9   .66    .0
  5 1973 224  13807.20  21.3  30.7   1.8   .66    .0
  5 1973 225  23012.00  20.5  31.4   2.0   .66  14.7
  5 1973 226  20083.20  22.5  32.0   1.9   .66   1.5
  5 1973 227  13388.80  21.7  31.7   2.0   .66   2.0
  5 1973 228  17572.80  20.7  32.2   2.0   .66    .0
  5 1973 229  20501.60  22.0  33.0   2.0   .66    .0
  5 1973 230  22593.60  21.9  32.0   2.1   .66   2.0
  5 1973 231  18409.60  22.2  32.3   2.0   .66    .5
  5 1973 232  19246.40  23.0  34.0   2.2   .66    .3
  5 1973 233  16317.60  23.2  31.7   2.0   .66    .1
  5 1973 234  24267.20  21.9  32.8   2.2   .66   3.0
  5 1973 235  21338.40  22.9  32.0   2.1   .66    .0
  5 1973 236  20920.00  23.2  33.0   2.3   .66    .3
  5 1973 237  17991.20  22.4  34.3   2.0   .66    .0
  5 1973 238  20920.00  22.0  34.2   2.0   .66    .0
  5 1973 239  16736.00  21.5  34.6   2.1   .66  34.5
  5 1973 240  15480.80  22.5  30.9   2.2   .66  38.2
  5 1973 241   5857.60  22.5  27.5   2.1   .66   4.9
  5 1973 242  19246.40  22.5  31.6   2.1   .66    .0
  5 1973 243  12552.00  22.2  31.8   2.1   .66    .0
  5 1973 244   7949.60  22.3  31.5   2.2   .25   3.0
  5 1973 245  10460.00  22.0  31.0   2.1   .33    .0
  5 1973 246  12970.40  22.4  33.0   2.2   .33   2.4
  5 1973 247  18409.60  21.9  32.3   1.9   .53   3.4
  5 1973 248  21756.80  22.1  32.2   2.1   .53    .0
  5 1973 249  23012.00  22.1  32.5   2.0   .50    .0
  5 1973 250  20083.20  22.5  32.4   2.2   .53   6.6
  5 1973 251  21338.40  21.3  32.5   2.3   .44    .0
  5 1973 252  19246.40  22.0  31.9   2.0   .44    .8
  5 1973 253  17991.20  23.0  33.2   2.1   .42   5.7
  5 1973 254  12970.40  22.4  31.0   2.1   .36    .0
  5 1973 255   8786.40  22.0  28.5   2.0   .36    .0
  5 1973 256  17572.80  21.6  32.4   2.0   .44   1.7
  5 1973 257  21338.40  22.4  31.9   2.3   .42    .0
  5 1973 258  15480.80  21.4  33.3   2.1   .39    .0
  5 1973 259  14644.00  21.0  32.5   1.9   .28    .0
  5 1973 260  12552.00  22.9  30.7   2.1   .25   1.0
  5 1973 261  18409.60  22.0  31.3   2.2   .42   6.7
  5 1973 262  20920.00  22.3  31.3   2.0   .39  19.5
  5 1973 263  17991.20  22.1  31.8   1.9   .39    .0
  5 1973 264  16317.60  21.3  31.2   2.1   .42    .2
  5 1973 265   6276.00  21.5  29.0   1.9   .44  24.2
  5 1973 266  20083.20  22.0  33.1   2.0   .44    .0
  5 1973 267  22175.20  21.5  33.5   2.1   .47    .8
  5 1973 268   5439.20  21.0  28.2   2.0   .36   1.1
  5 1973 269  21756.80  20.2  32.3   2.0   .53    .0
  5 1973 270  14644.00  21.4  33.5   2.1   .39    .0
  5 1973 271  14225.60  21.0  31.7   1.8   .36  12.7
  5 1973 272  15480.80  22.6  31.5   2.1   .33    .0
  5 1973 273  18828.00  21.5  30.5   2.0   .44  19.2
  5 1973 274  19288.24  21.0  32.5   2.1   .47   1.0
  5 1973 275  13556.16  23.1  32.2   2.0   .33    .4
  5 1973 276  12300.96  22.6  30.1   2.0   .31    .6
  5 1973 277  15187.92  22.1  32.7   2.1   .36   5.5
  5 1973 278  20501.60  21.9  32.4   2.3   .36    .2
  5 1973 279  10250.80  22.0  29.5   2.0   .36   4.1
  5 1973 280  21756.80  21.0  30.8   2.2   .50    .0
  5 1973 281  11506.00  22.0  31.5   2.1   .33    .0
  5 1973 282  17238.08  22.0  33.0   2.1   .42    .5
  5 1973 283  11506.00  21.5  31.7   2.1   .31    .1
  5 1973 284  11882.56  22.0  31.5   2.1   .25    .2
  5 1973 285  19288.24  21.5  33.0   2.3   .39   1.5
  5 1973 286  13137.76  22.2  31.5   2.0   .33   4.0
  5 1973 287  13137.76  21.8  31.8   2.2   .39   7.9
  5 1973 288  16024.72  21.0  30.2   2.2   .47    .2
  5 1973 289  17238.08  22.5  31.3   2.1   .44   1.7
  5 1973 290  21338.40  22.4  31.8   2.2   .56    .0
  5 1973 291  17656.48  21.5  31.0   2.2   .53   1.2
  5 1973 292  21338.40  22.0  32.7   2.1   .44    .0
  5 1973 293  12719.36  21.3  31.7   2.0   .39    .0
  5 1973 294  17656.48  21.9  32.3   2.0   .39    .0
  5 1973 295  20501.60  21.8  31.1   2.2   .42    .0
  5 1973 296  19706.64  21.5  31.2   2.1   .47    .0
  5 1973 297  17238.08  21.0  33.0   2.1   .47   8.8
  5 1973 298  12300.96  22.0  31.4   2.1   .31    .0
  5 1973 299  14351.12  21.5  31.5   2.1   .33    .0
  5 1973 300  15606.32  21.4  30.5   2.0   .47   8.2
  5 1973 301   9832.40  22.4  31.0   2.1   .28    .6
  5 1973 302   8619.04  22.7  30.3   2.1   .22   1.6
  5 1973 303  14769.52  20.9  32.3   2.3   .42    .2
  5 1973 304  14351.12  20.4  31.0   1.9   .47    .5
  5 1973 305  18535.12  22.5  33.5   2.1   .47    .8
  5 1973 306  20125.04  20.9  32.0   2.0   .61   6.2
  5 1973 307  12091.76  22.6  32.0   2.2   .42  24.8
  5 1973 308  14895.04  22.0  32.3   2.0   .44  37.8
  5 1973 309  10460.00  23.3  29.8   2.2   .42   7.3
  5 1973 310  12091.76  21.6  31.5   2.1   .44   1.5
  5 1973 311  16484.96  21.0  32.8   2.0   .39  13.7
  5 1973 312   3640.08  22.1  27.5   2.1   .42  53.2
  5 1973 313  11254.96  21.1  31.5   2.0   .31   2.1
  5 1973 314  10460.00  21.6  31.1   2.0   .33    .4
  5 1973 315  10878.40  21.0  30.3   2.0   .39    .4
  5 1973 316  17698.32  21.9  32.3   2.0   .36   3.3
  5 1973 317  13263.28  22.3  31.5   2.1   .36    .9
  5 1973 318  15313.44  21.1  31.5   2.0   .42   8.9
  5 1973 319  14100.08  21.2  31.4   2.1   .39    .5
  5 1973 320   1213.36  20.5  24.0   2.0   .44  92.4
  5 1973 321  12091.76  20.7  29.4   2.1   .56    .0
  5 1973 322  11673.36  23.1  32.5   2.1   .39  11.3
  5 1973 323   8033.28  22.6  28.1   2.0   .36   8.3
  5 1973 324  13681.68  22.3  31.7   2.0   .39    .0
  5 1973 325  17321.76  23.1  30.5   2.1   .42   3.2
  5 1973 326  13263.28  22.0  30.0   2.2   .50  20.7
  5 1973 327   7238.32  22.4  29.9   1.7   .31  36.4
  5 1973 328   9246.64  22.0  28.5   2.1   .39  10.2
  5 1973 329  10878.40  21.7  30.1   2.0   .56  17.8
  5 1973 330  17081.05  22.3  30.7   2.1   .33   1.8
  5 1973 331  16033.65  22.0  31.2   2.2   .56  68.3
  5 1973 332   7613.04  22.7  27.8   2.1   .72  79.9
  5 1973 333   7980.66  21.5  23.6   1.9   .50  98.8
  5 1973 334  18368.63  21.6  29.7   1.9   .64    .0
  5 1973 335  18975.88  19.8  30.0   1.8   .44    .0
  5 1973 336  17305.22  19.3  30.4   1.7   .47    .0
  5 1973 337  15522.64  18.9  30.0   1.9   .42    .0
  5 1973 338  18702.48  18.4  29.5   1.7   .47    .0
  5 1973 339  19120.88  19.0  30.6   1.8   .50    .0
  5 1973 340  17907.52  20.1  30.0   1.9   .44    .4
  5 1973 341  11966.24  20.7  29.5   1.8   .50  10.1
  5 1973 342   9539.52  20.6  29.7   1.8   .36  10.4
  5 1973 343   7154.64  21.2  25.5   1.9   .39  26.9
  5 1973 344   1589.92  20.6  21.6   1.8   .67 117.3
  5 1973 345   3179.84  20.7  23.0   1.8   .72  55.0
  5 1973 346   5188.16  20.6  22.8   1.9   .61  66.1
  5 1973 347   5564.72  20.8  22.6   1.9   .61  28.9
  5 1973 348  19120.88  20.5  29.1   1.9   .50    .0
  5 1973 349  17907.52  19.0  28.5   1.8   .47    .0
  5 1973 350  17907.52  19.9  29.5   1.9   .47  14.7
  5 1973 351   4393.20  19.2  25.4   1.8   .72  99.1
  5 1973 352   6359.68  19.6  23.8   2.0   .64   4.1
  5 1973 353   5983.12  21.0  27.5   2.0   .36   5.3
  5 1973 354  19915.84  18.6  29.4   1.8   .42   1.5
  5 1973 355  11171.28  20.0  29.0   1.8   .47  49.4
  5 1973 356   8368.00  20.5  25.7   1.8   .56  11.9
  5 1973 357   8368.00  19.5  26.8   1.7   .31    .0
  5 1973 358  17530.96  17.2  27.2   1.6   .39    .0
  5 1973 359  17112.56  17.9  29.4   1.7   .42   4.5
  5 1973 360  10376.32  21.4  30.0   1.8   .33  61.5
  5 1973 361   9539.52  21.6  30.4   1.9   .42   5.7
  5 1973 362  10752.88  18.0  27.6   1.7   .39  10.6
  5 1973 363   7573.04  20.7  26.8   1.9   .42  23.6
  5 1973 364  11547.84  19.3  29.0   1.8   .39    .6
  5 1973 365  14351.12  19.0  29.2   1.7   .44    .0
