*---------------------------------------------------------              
* Station name: Puerto Limon                                            
* Author: Atlantic Zone Project, AUW-MAG-CATIE, Costa Rica              
* Source: IMN, San Jose, Costa Rica                                     
*                                                                       
* Comments:                                                             
*                                                                       
*                                                                       
*                                                                       
* Longitude:  83  3 W, latitude:  10  0 N, altitude:  3 m.              
* Column  Daily value                                                   
*    1    station number                                                
*    2    year                                                          
*    3    month                                                         
*    4    day                                                           
*    5    julian date                                                   
*    6    irradiation            (cal cm-2 d-1)                         
*    7    minimum temperature    (degrees Celcius)                      
*    8    maximum temperature    (degrees Celcius)                      
*    9    vapor pressure at 0700 (mbar)                                 
*   10    vapor pressure at 1300 (mbar)                                 
*   11    vapor pressure at 1800 (mbar)                                 
*   12    mean wind speed        (kilometer per hour)                   
*   13    precipitation          (mm d-1)                               
*   14    sunshine hours         (hours)                                
* Missing value: -99                                                    
*---------------------------------------------------------              
*  data converted with WDC for CABO-format
*-------------------------------------------
  83.05  10.00     3.  .00  .00
  5 1979   1   8870.08  21.4  31.5   1.8  2.00    .0
  5 1979   2  10292.64  20.0  30.0   1.8  1.81   5.7
  5 1979   3   6987.28  21.0  30.6   1.9  1.67  21.6
  5 1979   4  12970.40  20.4  29.9   1.9  2.00   9.1
  5 1979   5   8451.68  20.0  28.8   1.7  1.86    .2
  5 1979   6  14895.04  17.8  29.9   1.6  2.39    .0
  5 1979   7  16024.72  16.5  29.6   1.6  2.08    .0
  5 1979   8  13472.48  18.5  29.5   1.7  1.64  18.1
  5 1979   9   8200.64  22.0  30.5   1.8  1.78    .0
  5 1979  10  14351.12  19.2  31.0   1.6  1.58    .0
  5 1979  11  12761.20  18.0  30.4   1.7  2.08    .0
  5 1979  12   9079.28  20.5  28.8   1.8  1.53   4.1
  5 1979  13  14853.20  21.5  30.3   1.9  2.44    .0
  5 1979  14   7405.68  20.0  29.4   2.0  1.14   1.8
  5 1979  15   9204.80  20.0  30.2   1.8  1.50    .0
  5 1979  16  10250.80  19.0  31.0   1.7  1.78  16.3
  5 1979  17   9288.48  21.4  29.5   1.9  1.61  45.7
  5 1979  18  14183.76  21.4  30.2   2.0  1.75    .0
  5 1979  19   8326.16  21.4  28.0   2.0  1.64    .1
  5 1979  20  15606.32  15.0  30.3   1.6  2.17    .0
  5 1979  21  14853.20  19.8  29.3   1.9  1.56    .0
  5 1979  22  14058.24  19.0  31.5   1.8  1.58    .0
  5 1979  23  13639.84  18.4  30.0   1.8  2.00    .0
  5 1979  24  14769.52  19.0  29.5   1.8  1.81    .0
  5 1979  25  13765.36  19.9  31.2   1.7  2.81   6.0
  5 1979  26  15606.32  20.3  30.5   2.0  2.36    .0
  5 1979  27  15020.56  21.5  30.8   2.1  2.03    .0
  5 1979  28  13263.28  19.4  31.4   1.8  2.11    .0
  5 1979  29  13932.72  21.5  30.5   1.9  1.64    .0
  5 1979  30  14518.48  18.5  30.6   1.7  2.36   1.0
  5 1979  31  14602.16  22.2  30.8   2.0  1.81    .0
  5 1979  32   5271.84  22.6  29.0   2.0  1.56  10.1
  5 1979  33  11966.24  23.4  31.6   2.0  1.83   5.3
  5 1979  34  14978.72  20.0  31.2   1.8  1.94    .0
  5 1979  35  12049.92  19.3  30.0   1.7  1.39    .7
  5 1979  36   6234.16  21.0  29.8   2.0  1.42   3.7
  5 1979  37  11798.88  21.5  29.6   2.0  1.56  11.7
  5 1979  38  13765.36  23.0  30.0   2.2  1.36    .0
  5 1979  39  14978.72  22.4  31.2   1.9  1.56    .0
  5 1979  40   9204.80  19.0  30.2   1.7  1.61  11.1
  5 1979  41  10083.44  20.8  29.4   1.8  2.00   1.9
  5 1979  42   8786.40  20.6  28.6   1.9  1.44    .0
  5 1979  43  15146.08  20.0  29.3   1.8  1.58    .0
  5 1979  44   9414.00  20.6  30.2   1.8  1.81    .0
  5 1979  45  14727.68  22.0  30.2   1.8  2.00    .0
  5 1979  46  15020.56  19.6  30.3   1.7  2.14   1.3
  5 1979  47  12970.40  20.0  31.0   1.8  1.92    .5
  5 1979  48   7405.68  20.6  28.6   1.9  1.53   4.2
  5 1979  49  12761.20  19.5  30.2   1.9  1.58   6.4
  5 1979  50  12761.20  20.5  30.6   1.9  1.50   4.2
  5 1979  51   4811.60  21.3  28.6   2.0  1.39  11.2
  5 1979  52   6150.48  21.4  26.6   2.0  1.50   4.9
  5 1979  53   5271.84  20.1  29.0   1.9  1.08   9.4
  5 1979  54   8075.12  22.6  29.8   2.0  1.25   9.9
  5 1979  55  14978.72  21.8  31.0   2.1  1.69    .0
  5 1979  56   6066.80  21.9  27.4   1.9  1.28   7.1
  5 1979  57   7573.04  21.3  29.0   2.0  1.22   2.6
  5 1979  58   7070.96  21.6  26.3   1.8  1.94   1.8
  5 1979  59  14727.68  21.0  30.8   1.9  1.28    .7
  5 1979  60  15480.80  20.4  30.0   1.8  2.86   4.9
  5 1979  61  16652.32  21.0  31.0   2.0  1.72   1.4
  5 1979  62  18074.88  20.2  29.6   1.8  2.36    .0
  5 1979  63  16987.04  21.2  31.7   2.0  1.72    .0
  5 1979  64  10083.44  21.5  29.6   2.0  1.83   4.9
  5 1979  65   7824.08  22.0  29.6   2.0  1.81    .2
  5 1979  66  11882.56  21.8  30.2   1.9  1.36    .0
  5 1979  67  16861.52  19.4  31.4   1.7  1.94    .0
  5 1979  68  13054.08  19.2  31.0   1.9  2.31    .1
  5 1979  69  12426.48  19.6  32.8   1.8  2.64  20.0
  5 1979  70   6108.64  21.8  29.0   2.0  1.61  13.9
  5 1979  71  11547.84  21.6  29.6   2.0  1.64   1.7
  5 1979  72  10041.60  21.4  31.2   2.0  1.22  13.6
  5 1979  73  18383.60  21.8  31.2   2.0  1.50   5.4
  5 1979  74   6652.56  20.4  28.2   1.9  1.64   2.3
  5 1979  75  16484.96  19.0  30.4   1.8  1.75   6.9
  5 1979  76  18576.96  21.6  32.0   1.9  1.64    .0
  5 1979  77  17656.48  19.5  30.0   1.9  1.83    .0
  5 1979  78  14392.96  18.6  30.6   1.7  2.22    .0
  5 1979  79  16317.60  18.1  31.4   1.9  2.25    .0
  5 1979  80  15480.80  20.0  31.4   1.9  2.22    .0
  5 1979  81  16736.00  19.9  31.8   1.9  2.17    .0
  5 1979  82  17028.88  21.8  32.0   2.2  2.64    .0
  5 1979  83  16777.84  22.6  33.0   2.2  2.31    .0
  5 1979  84  16401.28  23.1  33.5   2.2  1.75    .0
  5 1979  85  14351.12  22.8  33.9   2.1  2.06    .7
  5 1979  86  15564.48  23.6  32.5   2.0  2.42   5.0
  5 1979  87  13723.52  22.2  33.1   2.1  1.72   1.0
  5 1979  88  13388.80  20.0  33.2   2.0  1.92    .0
  5 1979  89  14644.00  21.4  33.0   2.0  2.92  11.6
  5 1979  90  18158.56  22.2  32.0   2.0  2.11  23.9
  5 1979  91   9916.08  22.2  29.8   2.0  1.36  15.8
  5 1979  92   2384.88  22.0  25.7   2.1  1.03  21.7
  5 1979  93   8870.08  22.0  29.6   2.1  1.31  33.6
  5 1979  94   5690.24  23.0  31.7   2.1  1.64  25.3
  5 1979  95   6066.80  23.2  29.2   2.1  1.19 138.0
  5 1979  96   4727.92  22.0  29.1   2.0  1.67 191.2
  5 1979  97   8242.48  23.2  30.0   2.4  2.75   3.0
  5 1979  98  12635.68  22.4  30.4   2.1  2.00    .6
  5 1979  99  16777.84  22.0  30.3   2.0  1.94   3.7
  5 1979 100  14476.64  22.3  31.0   2.2  2.03  11.9
  5 1979 101   6610.72  23.3  30.4   2.1  1.53   8.8
  5 1979 102   7280.16  24.4  29.3   2.4  1.14  30.6
  5 1979 103   9790.56  24.6  29.0   2.4  4.50   9.4
  5 1979 104   4811.60  23.4  28.0   2.1  1.61   5.9
  5 1979 105  17321.76  22.2  31.7   2.1  1.69  45.5
  5 1979 106   6736.24  23.0  29.8   1.9  1.31   2.6
  5 1979 107   9414.00  21.8  31.2   2.0  1.50    .9
  5 1979 108  13346.96  22.6  30.8   2.2  1.56   9.0
  5 1979 109  10711.04  23.2  31.0   2.2  1.17  29.5
  5 1979 110  10460.00  23.8  31.2   2.2  1.25  17.6
  5 1979 111   9330.32  25.0  30.2   2.2  1.44    .7
  5 1979 112   7991.44  23.2  30.2   2.2  1.28   3.2
  5 1979 113  15564.48  20.8  29.6   2.1  1.36    .0
  5 1979 114   9288.48  23.6  31.0   2.4  1.53   1.8
  5 1979 115   9414.00  22.0  31.6   2.2  1.11    .4
  5 1979 116  10669.20  22.6  32.0   2.1  1.42    .0
  5 1979 117  12133.60  22.6  32.2   2.1  1.44    .0
  5 1979 118  15355.28  23.0  31.2   2.3  1.86   2.5
  5 1979 119  16150.24  21.6  30.2   2.7  1.58    .3
  5 1979 120  16192.08  21.6  32.0   2.2  2.31   2.3
  5 1979 121  12342.80  22.2  33.0   2.3  1.33   1.3
  5 1979 122  14602.16  22.0  32.0   2.2  1.53   7.7
  5 1979 123  13263.28  24.4  31.0   2.2  2.56   1.1
  5 1979 124  10962.08  23.4  31.2   2.4  2.39  14.4
  5 1979 125  17070.72  22.6  32.8   2.3  1.83    .0
  5 1979 126  17656.48  22.8  32.2   2.3  2.36  44.9
  5 1979 127  14016.40  24.2  32.4   2.2  2.17   8.3
  5 1979 128  15104.24  24.4  32.2   2.4  1.78    .0
  5 1979 129  13221.44  23.2  32.8   2.2  1.42   4.7
  5 1979 130   9414.00  22.8  31.0   2.2  1.14    .0
  5 1979 131  12844.88  23.0  30.6   2.4  1.28   7.9
  5 1979 132  10585.52  22.6  32.0   2.2  1.53    .4
  5 1979 133  14351.12  23.0  31.0   2.3  1.50   1.6
  5 1979 134  15397.12  22.0  31.2   2.1  1.83  17.2
  5 1979 135  13849.04  22.8  31.2   2.2  1.50    .0
  5 1979 136   7112.80  22.2  27.5   2.1  1.53   2.6
  5 1979 137  15690.00  21.0  30.4   2.1  1.42    .0
  5 1979 138  15229.76  22.4  32.6   2.1  1.50    .0
  5 1979 139  16568.64  21.2  32.6   2.0  1.61   3.9
  5 1979 140  16024.72  21.0  31.2   2.1  1.64    .0
  5 1979 141  16694.16  21.0  31.0   2.0  1.81    .0
  5 1979 142  15397.12  20.8  31.3   2.1  2.17    .0
  5 1979 143  17196.24  23.2  33.2   2.1  2.03    .0
  5 1979 144  17279.92  22.0  33.6   2.3  1.94    .0
  5 1979 145  11673.36  22.0  32.7   2.0  1.44   3.1
  5 1979 146  17321.76  21.0  32.6   2.1  1.56    .0
  5 1979 147  19005.66  23.0  32.6   2.2  1.56  19.5
  5 1979 148   5732.08  23.2  29.0   2.1  1.28   4.3
  5 1979 149  11213.12  22.0  33.2   2.1  1.56   1.5
  5 1979 150   7489.36  23.0  30.4   2.2  1.11    .2
  5 1979 151  10711.04  23.8  30.6   2.3  1.42    .2
  5 1979 152  11840.72  22.2  33.6   2.1  1.47   7.8
  5 1979 153  15397.12  22.0  30.8   2.1  1.39    .0
  5 1979 154  12091.76  22.2  30.4   2.1  1.67  21.3
  5 1979 155  11464.16  23.4  31.6   2.2  1.39    .0
  5 1979 156  11213.12  22.2  31.5   2.1  1.42   7.9
  5 1979 157  13346.96  22.0  30.3   2.1  1.47    .8
  5 1979 158   8924.43  22.0  29.6   2.1  1.64    .0
  5 1979 159   9832.40  23.6  31.7   2.3  1.50    .3
  5 1979 160  11715.20  22.0  31.8   2.1  1.19    .2
  5 1979 161  16777.84  23.6  31.7   2.3  1.47    .0
  5 1979 162  15522.64  23.4  32.8   2.3  1.81    .0
  5 1979 163  16694.16  22.0  32.2   2.2  1.50    .0
  5 1979 164  14016.40  23.0  34.6   2.3  2.17    .0
  5 1979 165  10794.72  23.2  33.0   2.3  1.64    .2
  5 1979 166   4476.88  23.7  26.8   2.1  1.22   5.5
  5 1979 167  12970.40  22.5  32.6   2.1  1.44    .1
  5 1979 168   5983.12  21.6  30.2   2.1  1.53  11.3
  5 1979 169  15104.24  22.2  32.1   2.2  1.25   1.1
  5 1979 170  10962.08  23.0  32.4   2.0  1.33  19.1
  5 1979 171   6485.20  23.0  28.0   2.2  1.17  18.0
  5 1979 172  15229.76  21.6  31.4   2.1  1.72  18.5
  5 1979 173   6234.16  22.6  28.2   2.2  1.78   3.6
  5 1979 174   7363.84  21.8  30.8   2.1  1.61   5.5
  5 1979 175  12970.40  21.0  30.2   2.0  1.61  11.7
  5 1979 176  14727.68  22.6  30.8   2.2  2.08   8.2
  5 1979 177   8116.96  23.8  30.5   2.2  1.44  18.4
  5 1979 178  13263.28  24.2  30.6   2.2  1.86  10.1
  5 1979 179  19308.66  24.0  30.8   2.2  2.08    .0
  5 1979 180   9023.18  23.6  29.2   2.2  1.36   3.9
  5 1979 181  20939.63  22.0  30.2   2.0  2.31    .0
  5 1979 182  14225.60  23.8  30.8   2.2  2.00    .0
  5 1979 183  11589.68  23.4  31.3   2.2  1.89  22.0
  5 1979 184  12300.96  23.2  31.7   2.2  2.06   8.9
  5 1979 185  11966.24  24.0  31.2   2.3  1.83    .4
  5 1979 186  11045.76  23.0  30.2   2.2  1.89    .6
  5 1979 187  11296.80  23.0  31.2   2.2  2.03    .1
  5 1979 188  14351.12  23.2  31.4   2.2  1.69    .0
  5 1979 189   9665.04  23.4  31.8   2.2  1.50    .7
  5 1979 190  10711.04  23.8  31.4   2.1  2.03   1.1
  5 1979 191  13137.76  23.2  31.4   2.2  1.86    .1
  5 1979 192  15941.04  23.3  31.5   2.2  2.31   5.2
  5 1979 193   8242.48  21.6  30.0   2.3  1.78    .0
  5 1979 194   9121.12  21.2  29.4   2.0  2.14  13.6
  5 1979 195   7489.36  21.8  29.8   2.0  1.72   6.0
  5 1979 196   4978.96  22.2  27.8   2.2  1.94   4.5
  5 1979 197   3974.80  21.4  25.0   2.0  1.75  28.4
  5 1979 198   5104.48  19.2  26.6   1.9  1.89  25.6
  5 1979 199  15480.80  20.4  30.2   2.0  2.19    .0
  5 1979 200  14769.52  18.4  30.2   2.0  2.36    .0
  5 1979 201  14769.52  16.6  31.5   1.9  2.06    .0
  5 1979 202  17572.80  21.6  30.8   2.1  2.25    .0
  5 1979 203  16401.28  21.8  32.2   2.1  2.17  15.2
  5 1979 204  13263.28  21.6  31.4   2.2  2.11    .0
  5 1979 205   7614.88  22.4  30.6   2.0  1.81    .5
  5 1979 206  14853.20  21.4  31.5   2.0  2.39  29.3
  5 1979 207  13263.28  23.0  31.0   2.2  2.08    .0
  5 1979 208  16903.36  21.6  30.6   2.0  2.39    .0
  5 1979 209  13221.44  22.1  32.2   2.1  1.78  30.8
  5 1979 210  14100.08  22.8  32.2   2.2  2.19  20.7
  5 1979 211   4853.44  23.0  30.6   2.2  2.14  32.1
  5 1979 212  11547.84  22.4  31.0   2.1  2.08   4.4
  5 1979 213  18033.04  21.4  31.0   2.1  2.22    .0
  5 1979 214  11422.32  22.2  31.6   2.1  2.58    .0
  5 1979 215  10543.68  22.6  29.6   2.1  1.86    .0
  5 1979 216  13137.76  22.2  31.4   2.0  2.31  32.7
  5 1979 217   3054.32  23.2  27.8   2.2  1.64 103.3
  5 1979 218   4686.08  22.8  26.8   2.1  1.78  13.5
  5 1979 219  13765.36  21.6  31.4   2.2  1.94   9.1
  5 1979 220   2928.80  23.4  27.4   2.2  1.83  35.3
  5 1979 221   9037.44  22.8  31.0   2.1  1.81  12.0
  5 1979 222  11715.20  23.1  31.4   2.2  1.75  18.5
  5 1979 223   9330.32  23.8  30.6   2.2  2.28 110.3
  5 1979 224  11296.80  23.2  31.8   2.2  1.86  39.4
  5 1979 225  14895.04  23.6  31.6   2.3  1.50  61.3
  5 1979 226   8660.88  21.2  28.4   2.0  2.28  13.9
  5 1979 227  12761.20  22.5  29.9   2.1  1.47    .0
  5 1979 228  11045.76  22.2  30.0   2.0  1.94  15.6
  5 1979 229  15522.64  22.4  30.0   2.1  2.14    .0
  5 1979 230  14769.52  22.0  30.0   2.1  2.11   1.3
  5 1979 231   7405.68  21.4  30.0   2.1  1.94    .1
  5 1979 232  12049.92  22.0  30.0   2.0  2.00    .0
  5 1979 233  11087.60  20.5  30.6   2.0  1.86    .0
  5 1979 234  12761.20  21.2  30.2   2.0  1.94    .0
  5 1979 235  11045.76  20.2  30.2   1.9  2.17    .0
  5 1979 236  15899.20  20.8  30.0   2.0  2.17    .0
  5 1979 237  16903.36  20.8  31.0   2.0  2.03    .0
  5 1979 238  16694.16  21.6  32.2   2.1  2.36    .0
  5 1979 239  16443.12  22.2  32.8   2.1  2.44    .0
  5 1979 240  14016.40  21.6  31.4   2.0  2.53    .0
  5 1979 241  11715.20  22.2  31.6   2.0  1.92  10.2
  5 1979 242  17447.28  21.8  30.8   2.1  1.94    .2
  5 1979 243  16652.32  22.0  30.8   2.1  2.14    .0
  5 1979 244  14016.40  21.4  31.0   2.2  1.97    .0
  5 1979 245  11798.88  22.0  31.3   2.0  2.25    .0
  5 1979 246  17572.80  21.3  33.2   2.0  2.42    .0
  5 1979 247  13890.88  22.0  31.8   2.0  2.03    .0
  5 1979 248  15690.00  22.0  32.0   2.0  2.00    .0
  5 1979 249  17154.40  22.0  32.8   2.1  2.28    .0
  5 1979 250   9706.88  22.5  30.4   2.0  2.08   1.7
  5 1979 251  14141.92  21.0  32.4   2.0  1.75    .0
  5 1979 252  11715.20  22.4  32.2   2.2  2.11    .0
  5 1979 253  14644.00  21.4  33.3   2.0  2.33    .0
  5 1979 254  12468.32  23.0  32.0   2.1  2.19  95.7
  5 1979 255  10418.16  21.4  31.6   2.0  1.64    .4
  5 1979 256   9706.88  22.8  30.5   2.2  1.53    .0
  5 1979 257  13849.04  21.8  32.0   2.1  2.17    .3
  5 1979 258   6987.28  22.5  29.6   2.1  1.25    .0
  5 1979 259  15229.76  22.8  31.8   2.2  1.89    .1
  5 1979 260  15271.60  22.8  31.4   2.2  2.28   6.0
  5 1979 261  14100.08  20.8  31.8   1.9  1.67    .0
  5 1979 262  15648.16  22.6  33.0   2.2  2.06    .0
  5 1979 263  16443.12  23.0  31.8   2.1  2.22   5.2
  5 1979 264   7991.44  22.2  29.6   2.1  1.78    .1
  5 1979 265  12049.92  21.5  31.2   2.0  2.06    .3
  5 1979 266   5983.12  21.6  29.4   2.0  2.53  21.0
  5 1979 267  15606.32  19.2  30.9   1.9  2.44    .0
  5 1979 268  16652.32  23.0  30.5   2.0  2.11    .0
  5 1979 269  12970.40  23.1  31.0   2.1  2.25    .0
  5 1979 270  13346.96  21.4  31.0   2.0  3.08  23.5
  5 1979 271  13723.52  22.8  31.4   2.2  2.19    .2
  5 1979 272   6778.08  21.8  29.0   2.2  1.86  22.0
  5 1979 273  14351.12  21.8  30.4   2.1  1.67    .6
  5 1979 274  17489.12  22.0  30.0   2.2  2.36   3.4
  5 1979 275   8326.16  22.5  30.6   2.1  2.22   1.5
  5 1979 276   4267.68  21.5  28.3   2.1  1.61   4.2
  5 1979 277  15564.48  20.7  30.8   2.1  1.92   3.6
  5 1979 278   8911.92  23.2  30.2   2.2  2.31   7.5
  5 1979 279   8242.48  21.9  29.0   2.2  1.61    .0
  5 1979 280  12468.32  22.4  30.9   2.2  2.22    .0
  5 1979 281  13932.72  22.2  31.2   2.2  1.94    .0
  5 1979 282   5146.32  22.9  29.2   2.2  2.00  18.3
  5 1979 283  14434.80  21.8  30.9   2.1  1.92    .5
  5 1979 284   8744.56  22.3  31.8   2.2  1.64   1.9
  5 1979 285  11129.44  21.0  31.3   2.1  1.61   1.7
  5 1979 286  13849.04  21.2  32.0   2.2  2.06    .0
  5 1979 287  12719.36  22.8  31.9   2.3  2.14    .0
  5 1979 288  13639.84  21.8  32.3   2.1  1.75    .0
  5 1979 289  13765.36  21.5  32.8   2.1  1.94    .0
  5 1979 290  13807.20  21.5  32.8   2.1  2.11    .0
  5 1979 291  13430.64  22.0  32.0   2.1  2.06    .0
  5 1979 292  13849.04  22.0  32.3   2.0  2.86    .0
  5 1979 293  14351.12  22.3  31.8   2.1  2.11    .0
  5 1979 294   5481.04  21.0  30.5   2.0  2.28   4.6
  5 1979 295   5732.08  22.8  30.6   2.2  1.69    .2
  5 1979 296  13639.84  21.8  32.1   2.0  2.56   2.7
  5 1979 297  16968.72  21.0  31.8   2.1  2.78  23.2
  5 1979 298  14225.60  23.2  30.6   2.2  2.81    .0
  5 1979 299  10208.96  23.2  31.4   2.1  2.31    .0
  5 1979 300  10083.44  21.6  30.4   2.1  2.58    .0
  5 1979 301  13849.04  19.2  32.4   1.9  2.50    .0
  5 1979 302   7447.52  23.0  31.0   2.1  1.72    .0
  5 1979 303  12593.84  21.2  32.4   2.0  1.72    .0
  5 1979 304  10920.24  22.6  32.4   2.0  2.08    .0
  5 1979 305  12928.56  21.8  33.4   2.1  2.28    .0
  5 1979 306  13514.32  23.4  33.4   2.2  2.19    .0
  5 1979 307  12803.04  23.2  32.6   2.3  2.47  39.3
  5 1979 308   4267.68  23.2  27.4   2.1  1.75  16.2
  5 1979 309  11087.60  22.6  30.2   2.1  2.00    .2
  5 1979 310  13598.00  21.2  31.8   2.0  2.83    .0
  5 1979 311  11506.00  22.0  30.8   2.0  2.92    .0
  5 1979 312  19430.42  23.1  31.4   2.0  3.14    .0
  5 1979 313  12342.80  21.6  31.2   2.0  2.03    .0
  5 1979 314  14769.52  21.2  30.6   2.1  2.03    .0
  5 1979 315  12677.52  23.2  32.6   2.1  2.39    .0
  5 1979 316   5941.28  22.6  28.6   2.0  1.94   9.4
  5 1979 317   5732.08  23.8  27.2   2.1  1.94  25.2
  5 1979 318   6861.76  23.5  27.4   2.1  1.53    .1
  5 1979 319  10711.04  21.4  30.0   2.0  3.69  57.0
  5 1979 320  11547.84  21.2  28.4   2.0  3.14   8.2
  5 1979 321   3891.12  23.0  27.0   2.1  1.11   5.4
  5 1979 322   5397.36  22.8  28.4   2.0  1.83   2.6
  5 1979 323  11296.80  20.4  31.4   1.9  2.28  26.0
  5 1979 324   4895.28  20.2  28.0   2.1  1.42    .3
  5 1979 325   9999.76  22.8  30.4   2.1  1.58    .2
  5 1979 326   9455.84  22.8  29.4   2.2  2.06  10.2
  5 1979 327   3430.88  23.0  26.2   2.1  1.92  21.7
  5 1979 328   9162.96  22.1  29.0   1.9  2.19    .1
  5 1979 329  13179.60  15.8  30.0   1.7  1.89    .0
  5 1979 330  14309.28  20.6  30.8   1.8  2.19    .0
  5 1979 331  12217.28  20.2  31.4   1.8  2.50    .0
  5 1979 332  10460.00  21.3  32.0   2.0  2.17    .0
  5 1979 333   8911.92  22.0  30.0   2.2  2.36   2.1
  5 1979 334   3640.08  23.4  27.0   2.1  1.94   1.7
  5 1979 335  12635.68  21.9  30.8   2.0  2.47    .0
  5 1979 336   3974.80  22.2  28.2   2.1  2.47  69.3
  5 1979 337   8200.64  22.0  31.8   2.1  2.17  17.8
  5 1979 338  13179.60  19.4  30.8   1.9  1.86    .0
  5 1979 339  13932.72  19.0  31.0   1.6  2.64    .0
  5 1979 340  12761.20  19.6  30.8   2.0  2.11    .0
  5 1979 341   7907.76  20.6  30.6   2.0  1.78   8.2
  5 1979 342   5230.00  21.3  28.4   2.3  1.78  87.8
  5 1979 343   7496.25  21.0  26.0   2.1  1.89  46.5
  5 1979 344   5983.12  19.6  27.8   2.0  1.75   4.1
  5 1979 345  13723.52  19.6  32.7   1.9  2.50    .0
  5 1979 346  13974.56  18.8  31.0   1.9  1.72    .0
  5 1979 347  11464.16  20.0  30.8   2.0  1.97    .0
  5 1979 348  10083.44  20.2  30.5   2.1  2.11   2.1
  5 1979 349   5690.24  20.0  26.8   2.0  1.56  14.2
  5 1979 350   5355.52  18.6  28.0   2.3  1.81  16.1
  5 1979 351   4100.32  18.0  24.2   2.0  2.17  16.8
  5 1979 352   7363.84  16.4  27.6   1.7  2.08    .0
  5 1979 353   4853.44  15.4  23.3   1.6  3.25   1.1
  5 1979 354   7531.20  21.0  26.8   1.7  3.31    .0
  5 1979 355  10920.24  20.6  30.0   1.7  3.64    .3
  5 1979 356  12300.96  20.1  29.6   1.9  2.25    .0
  5 1979 357  11924.40  20.4  29.6   1.8  1.83    .0
  5 1979 358  14100.08  20.2  30.6   1.8  2.22  39.3
  5 1979 359  13305.12  21.0  30.2   1.9  2.31   9.3
  5 1979 360   8911.92  20.9  28.7   1.9  2.28   3.0
  5 1979 361   9581.36  19.8  29.8   1.7  1.75    .0
  5 1979 362   7740.40  18.9  28.8   1.6  2.33  10.7
  5 1979 363  10292.64  21.0  29.4   1.9  2.14   3.4
  5 1979 364   8200.64  20.1  30.0   2.1  2.53   2.9
  5 1979 365   5355.52  23.6  28.2   2.0  2.83  13.8
