*---------------------------------------------------------              
* Station name: Puerto Limon                                            
* Author: Atlantic Zone Project, AUW-MAG-CATIE, Costa Rica              
* Source: IMN, San Jose, Costa Rica                                     
*                                                                       
* Comments: No WS, SR data for August                                   
*                                                                       
*                                                                       
*                                                                       
* Longitude:  83  3 W, latitude:  10  0 N, altitude:  3 m.              
* Column  Daily value                                                   
*    1    station number                                                
*    2    year                                                          
*    3    month                                                         
*    4    day                                                           
*    5    julian date                                                   
*    6    irradiation            (1000 * MJ m-2 d-1)                    
*    7    minimum temperature    (degrees Celcius)                      
*    8    maximum temperature    (degrees Celcius)                      
*    9    vapor pressure at 0700 (mbar)                                 
*   10    vapor pressure at 1300 (mbar)                                 
*   11    vapor pressure at 1800 (mbar)                                 
*   12    mean wind speed        (kilometer per hour)                   
*   13    precipitation          (mm d-1)                               
*   14    sunshine hours         (hours)                                
* Missing value: -99                                                    
*---------------------------------------------------------              
*  data converted with WDC for CABO-format
*-------------------------------------------
  83.05  10.00     3.  .00  .00
  5 1983   1   8540.00  20.9  29.3   2.5  2.03  32.0
  5 1983   2   8372.00  22.3  30.3   2.6  1.94    .1
  5 1983   3  10967.00  20.4  30.7   2.6  1.81  21.7
  5 1983   4  11386.00  21.8  30.7   2.7  2.11   8.1
  5 1983   5   9460.00  21.5  30.0   2.5  2.19   2.1
  5 1983   6  10423.00  21.5  31.5   2.6  2.08  10.5
  5 1983   7   5819.00  22.5  28.2   2.6  1.72  21.2
  5 1983   8  11302.00  23.2  30.7   2.9  1.78  18.4
  5 1983   9   8121.00  22.6  30.0   2.8  1.44    .5
  5 1983  10  12977.00  22.0  30.7   2.8  2.03   5.9
  5 1983  11   9837.00  23.3  30.7   2.9  2.17    .1
  5 1983  12   8540.00  21.6  30.3   2.6  1.75    .1
  5 1983  13   6279.00  21.5  25.4   2.5  3.28  27.4
  5 1983  14   6446.00  21.4  29.1   2.5  2.11  35.3
  5 1983  15   7953.00  21.4  29.6   2.5  2.67   5.4
  5 1983  16   6656.00  21.5  25.5   2.5  3.72   9.6
  5 1983  17  10172.00  21.0  28.9   2.4  2.83    .0
  5 1983  18  13646.00  21.8  29.4   2.6  2.14    .3
  5 1983  19  12349.00  21.0  29.4   2.7  1.83    .1
  5 1983  20  13939.00  20.8  31.1   2.5  2.31    .0
  5 1983  21  13646.00  21.2  30.9   2.5  2.08    .0
  5 1983  22  14107.00  21.2  31.4   2.5  2.19    .0
  5 1983  23  11512.00  22.3  30.9   2.6  2.14   4.8
  5 1983  24  11805.00  23.5  31.5   2.7  2.14    .0
  5 1983  25  11846.00  21.5  31.2   2.7  1.97    .0
  5 1983  26  10172.00  21.1  31.5   2.5  2.19    .0
  5 1983  27  13898.00  20.4  31.1   2.5  2.39    .0
  5 1983  28   7619.00  22.0  31.7   2.5  2.14   1.6
  5 1983  29  12811.16  21.3  31.4   2.5  1.86    .0
  5 1983  30   9000.00  21.6  31.0   2.6  1.92    .0
  5 1983  31  12516.00  20.4  31.4   2.5  1.97   1.4
  5 1983  32  14735.00  21.9  31.3   2.5  1.86    .0
  5 1983  33  15321.00  23.3  32.3   2.8  1.89  17.1
  5 1983  34  11721.00  23.5  30.6   2.9  1.94    .0
  5 1983  35   8121.00  21.1  29.3   2.4  2.19    .2
  5 1983  36  13646.00  21.7  32.2   2.5  2.22   4.5
  5 1983  37  13939.00  22.1  30.1   2.8  2.17    .3
  5 1983  38  15028.00  21.6  31.9   2.6  2.03    .0
  5 1983  39  14484.00  21.8  31.7   2.5  1.92   2.7
  5 1983  40  12056.00  22.0  31.4   2.6  2.39    .0
  5 1983  41  14107.00  21.7  31.5   2.6  2.72   1.1
  5 1983  42   9126.00  22.8  29.9   2.8  1.92   1.8
  5 1983  43  10800.00  22.0  31.9   2.7  2.78  25.3
  5 1983  44   7032.00  22.6  29.3   2.8  1.83   8.0
  5 1983  45   9000.00  21.6  28.3   2.6  1.67   4.2
  5 1983  46  10674.00  23.0  30.0   2.8  1.53    .0
  5 1983  47  15237.00  21.7  31.6   2.8  2.33    .0
  5 1983  48  13772.00  22.6  32.6   2.8  1.42   2.1
  5 1983  49  14651.00  21.1  31.6   2.7  2.58    .0
  5 1983  50  14902.00  20.7  31.8   2.5  2.14    .0
  5 1983  51   7326.00  20.8  30.0   2.6  1.72    .0
  5 1983  52  13312.00  21.9  32.6   2.7  2.19   3.1
  5 1983  53   7660.00  23.7  31.2   2.9  2.06   5.1
  5 1983  54  15835.45  23.2  32.4   2.8  2.25 106.6
  5 1983  55   5484.00  23.3  27.6   2.7  1.53    .9
  5 1983  56  10381.00  23.8  31.4   3.0  1.75    .0
  5 1983  57  20113.42  22.2  32.0   2.8  1.42    .0
  5 1983  58  12265.00  24.7  32.7   3.2  1.78   3.9
  5 1983  59  13563.00  23.4  32.7   3.0  1.89  34.3
  5 1983  60   9599.47  24.5  30.0   3.0  2.61 128.4
  5 1983  61   8640.11  24.3  26.0   3.1  1.89 103.6
  5 1983  62   6028.00  23.4  28.1   2.8   .42  16.7
  5 1983  63  19358.83  22.4  31.5   2.8  2.28    .0
  5 1983  64  19674.46  21.8  31.8   2.6  1.58    .0
  5 1983  65  17539.00  21.9  31.8   2.7  1.83    .0
  5 1983  66  17483.54  23.2  32.0   2.9  1.42    .0
  5 1983  67  12567.68  24.0  32.6   3.0  1.75    .0
  5 1983  68  13353.00  23.4  32.5   2.9  2.53    .0
  5 1983  69  14358.00  22.8  31.3   2.7  2.31    .0
  5 1983  70  13898.00  21.8  31.1   2.8  2.44  37.8
  5 1983  71   5232.00  21.8  24.7   2.5  1.83  33.6
  5 1983  72   9547.76  21.5  29.4   2.6  1.44   4.7
  5 1983  73  14526.00  22.2  31.4   2.5  2.44    .0
  5 1983  74  15446.00  22.0  32.0   2.7  2.50    .0
  5 1983  75  11553.00  23.5  31.7   3.0  1.92    .5
  5 1983  76   9921.00  24.4  32.0   3.0  1.36    .1
  5 1983  77   6949.00  24.7  31.5   3.1  1.75    .0
  5 1983  78  13521.00  24.1  33.7   2.9  2.47    .0
  5 1983  79  14693.00  24.2  32.9   2.9  2.61    .0
  5 1983  80  14400.00  25.1  33.6   3.1  2.17    .0
  5 1983  81  12851.00  25.9  31.8   3.2  1.97   5.1
  5 1983  82  15279.00  23.5  31.8   2.9  2.53    .0
  5 1983  83  12349.00  23.4  32.9   2.8  2.25    .0
  5 1983  84  12349.00  23.5  33.1   2.8  2.58    .0
  5 1983  85  14818.00  21.6  33.0   2.4  2.86    .1
  5 1983  86   9167.00  23.2  28.4   2.8  1.78    .3
  5 1983  87   5400.00  23.8  27.7   2.9  2.22  16.4
  5 1983  88   6907.00  22.5  31.4   2.7  2.00   4.0
  5 1983  89   8288.00  22.6  30.4   2.7  2.17  11.5
  5 1983  90  13646.00  22.2  30.5   2.8  2.31    .0
  5 1983  91  16158.00  23.0  32.0   2.7  2.14   2.5
  5 1983  92  10716.00  23.7  30.8   3.0  1.92    .0
  5 1983  93  13479.00  23.0  32.0   2.9  2.06   3.0
  5 1983  94  14149.00  24.1  32.2   3.0  3.83    .2
  5 1983  95  11679.00  23.9  32.3   2.9  2.36  12.5
  5 1983  96  15363.00  23.3  31.7   2.9  1.50   2.0
  5 1983  97  12767.00  23.4  32.5   2.8  1.56    .7
  5 1983  98  12516.00  22.2  31.4   2.7  2.00   4.6
  5 1983  99  12642.00  23.8  32.3   2.9  2.11   2.9
  5 1983 100   6907.00  23.4  30.8   2.8  1.58   1.4
  5 1983 101  16451.00  21.4  31.2   2.5  2.25    .0
  5 1983 102  10214.00  21.6  30.8   2.6  2.94   5.1
  5 1983 103  11972.00  22.6  31.6   2.8  2.17    .0
  5 1983 104  15907.00  22.2  32.0   2.8  3.31    .0
  5 1983 105  14986.00  23.4  32.8   2.9  3.11    .0
  5 1983 106  16702.00  22.9  32.8   2.9  2.39    .0
  5 1983 107  16702.00  21.4  31.7   2.7  2.36    .0
  5 1983 108  12642.00  21.8  30.7   2.7  3.39   7.1
  5 1983 109   3726.00  21.4  31.7   2.7  1.47    .0
  5 1983 110  15656.00  21.0  31.8   2.8  1.97    .0
  5 1983 111  14526.00  23.3  32.8   3.0  3.31    .0
  5 1983 112  15656.00  23.8  33.1   3.1  2.78    .0
  5 1983 113  13479.00  22.8  33.0   2.8  2.25    .0
  5 1983 114  15279.00  23.4  33.8   3.0  2.33    .0
  5 1983 115  13730.00  23.8  32.6   3.0  2.28    .0
  5 1983 116  11930.00  22.9  33.3   2.7  2.14    .0
  5 1983 117  15279.00  22.6  32.9   2.8  2.19   1.4
  5 1983 118  12223.00  23.4  32.2   2.9  1.92   8.8
  5 1983 119  13395.00  22.9  32.1   2.9  2.56   2.7
  5 1983 120  16912.00  22.0  32.7   2.7  2.92    .0
  5 1983 121  14777.00  22.3  33.0   2.6  2.33    .0
  5 1983 122  17079.00  20.7  32.7   2.5  2.28    .0
  5 1983 123  16660.00  23.7  32.9   3.0  2.31    .0
  5 1983 124  13856.00  23.7  32.2   2.9  2.42    .0
  5 1983 125  12223.00  23.6  32.8   2.9  3.14  91.6
  5 1983 126   3851.00  24.4  26.6   3.0  1.86  23.0
  5 1983 127   5191.00  23.3  28.7   3.1  1.97  52.4
  5 1983 128   4060.00  23.9  27.3   3.0  1.83 160.2
  5 1983 129   5819.00  24.0  28.6   2.9  1.61   4.2
  5 1983 130  12516.00  24.0  30.9   3.2  2.17  42.3
  5 1983 131  10800.00  23.4  31.0   3.0  2.19  49.0
  5 1983 132  15153.00  23.7  31.8   2.9  2.61   5.5
  5 1983 133  14274.00  24.1  31.5   3.0  2.67  13.4
  5 1983 134   8874.00  24.0  31.0   3.0  1.56    .8
  5 1983 135  10674.00  23.9  31.6   3.0  2.28    .0
  5 1983 136  11553.00  22.3  33.7   2.8  2.33    .0
  5 1983 137  11595.00  24.4  30.3   3.0  2.67    .0
  5 1983 138   3851.00  23.7  26.9   3.0  1.36   4.1
  5 1983 139   6279.00  24.2  29.7   3.0  1.64  31.2
  5 1983 140   5986.00  24.0  29.4   2.9  1.92  23.6
  5 1983 141   9287.44  23.5  29.2   2.8  1.83   2.0
  5 1983 142  11846.00  22.0  31.8   2.8  1.69    .0
  5 1983 143  16660.00  22.8  32.2   3.0  1.94    .0
  5 1983 144    -99.00  22.0  32.6   2.7  2.44   1.2
  5 1983 145  11846.00  23.5  30.1   2.8  2.00    .0
  5 1983 146  15583.40  24.5  32.2   3.0  1.92    .0
  5 1983 147  16535.00  22.3  32.2   2.8  2.61    .0
  5 1983 148  10716.00  23.0  30.2   2.9  2.17    .0
  5 1983 149  15404.00  23.0  32.4   3.0  2.06    .0
  5 1983 150  13604.00  23.7  32.5   3.1  2.00    .0
  5 1983 151  13018.00  24.7  33.3   3.1  2.17    .0
  5 1983 152  15112.00  23.6  34.2   3.0  2.08   6.6
  5 1983 153  15907.00  24.8  32.6   3.3  2.47   4.0
  5 1983 154  14986.00  23.9  32.6   3.1  1.97   6.9
  5 1983 155  14735.00  24.2  32.5   2.9  2.22   7.4
  5 1983 156  12893.00  23.1  31.5   3.1  1.86    .0
  5 1983 157  15488.00  23.2  32.8   3.1  2.94    .0
  5 1983 158  15153.00  23.6  33.8   3.0  2.36  73.0
  5 1983 159  11302.00  23.9  31.9   3.0  1.72    .2
  5 1983 160  14777.00  24.1  31.7   3.1  2.11   1.5
  5 1983 161   9921.00  23.3  30.7   3.0  2.36  10.3
  5 1983 162  12516.00  23.7  31.4   3.0  1.81    .0
  5 1983 163  15028.00  23.8  31.8   2.9  1.89    .0
  5 1983 164  15614.00  23.4  33.2   3.0  1.86    .0
  5 1983 165  17037.00  24.2  33.2   3.0  2.19    .0
  5 1983 166  15698.00  23.7  33.0   2.9  2.36    .0
  5 1983 167  13604.00  23.9  33.1   3.0  2.11    .0
  5 1983 168  13604.00  24.0  33.8   2.8  2.39   6.9
  5 1983 169   6865.00  23.8  30.9   2.9  1.53   1.7
  5 1983 170  16535.00  23.6  32.4   3.0  2.00    .1
  5 1983 171  12851.00  23.4  33.4   3.1  2.47    .0
  5 1983 172   9963.00  23.8  32.5   3.0  2.28    .0
  5 1983 173  11470.00  23.3  33.2   2.9  2.11    .0
  5 1983 174  16451.00  23.6  26.4   2.9  1.78  18.6
  5 1983 175  15404.00  20.6  32.3   2.6  1.86    .2
  5 1983 176  16074.00  24.0  32.7   3.2  2.03    .0
  5 1983 177  16451.00  22.7  32.9   2.8  2.08   2.4
  5 1983 178   4019.00  24.0  28.0   3.0  1.72  32.5
  5 1983 179  12767.00  22.3  32.4   2.8  2.31   1.4
  5 1983 180  10172.00  24.0  32.4   3.1  2.36    .0
  5 1983 181  13144.00  22.4  32.3   2.8  2.14   1.7
  5 1983 182   8791.00  23.9  29.9   2.8  2.33   2.0
  5 1983 183   9837.00  23.2  30.4   2.8  2.25   1.0
  5 1983 184   7912.00  23.1  30.3   2.9  2.11  17.4
  5 1983 185   8540.00  23.0  31.4   2.9  2.11   3.1
  5 1983 186   8288.00  23.0  32.2   2.8  1.83   5.2
  5 1983 187  10842.00  22.0  32.2   2.9  2.56  15.4
  5 1983 188  14526.00  22.4  30.5   2.8  2.17  44.8
  5 1983 189   7535.00  24.0  29.7   3.0  1.64  24.0
  5 1983 190   6865.00  22.5  30.0   2.7  1.64   7.1
  5 1983 191  14860.00  22.9  31.1   2.8  2.14    .0
  5 1983 192   4688.00  23.0  28.2   2.8  1.42   3.0
  5 1983 193  12977.00  22.6  30.7   2.7  1.69  22.6
  5 1983 194  10800.00  23.6  32.0   3.0  1.78   3.1
  5 1983 195   7116.00  24.1  30.1   3.0  1.72   1.7
  5 1983 196  16284.00  23.4  31.4   3.0  2.00  11.5
  5 1983 197   8037.00  23.1  30.9   3.2  1.83  17.3
  5 1983 198  11846.00  22.5  31.9   3.0  1.83    .1
  5 1983 199  17692.60  22.3  32.8   2.9  1.83  23.2
  5 1983 200  12090.03  24.3  32.2   3.0  2.14  39.5
  5 1983 201  10452.23  23.4  30.6   3.0  1.81  27.0
  5 1983 202  10088.00  24.0  31.7   2.9  1.78  32.8
  5 1983 203  11093.00  23.7  30.2   3.0  2.53  18.8
  5 1983 204  10340.00  21.5  31.6   2.7  1.53   5.7
  5 1983 205   6865.00  23.4  30.6   2.8  1.81  15.1
  5 1983 206  14358.00  22.5  31.5   2.8  2.03   5.5
  5 1983 207  14274.00  23.0  31.9   2.9  2.25   4.3
  5 1983 208  12977.00  23.1  31.3   2.9  2.28   5.0
  5 1983 209  14224.43  24.0  31.1   3.0  2.64  65.9
  5 1983 210   5191.00  21.8  27.6   2.7  1.67    .3
  5 1983 211  14860.00  21.6  30.8   2.8  2.97  26.5
  5 1983 212  11972.00  22.7  29.4   2.8  1.86   3.8
  5 1983 213   9964.21  22.8  30.2   3.0   .66    .0
  5 1983 214  22178.81  23.2  31.2   2.9   .66    .0
  5 1983 215  16223.51  23.1  32.4   2.8   .66    .2
  5 1983 216  13731.87  23.5  32.6   2.8   .66  17.3
  5 1983 217  17218.91  23.4  30.3   3.0   .66  52.0
  5 1983 218  11797.92  23.0  30.3   2.8   .66   5.8
  5 1983 219  23236.69  22.3  31.1   2.8   .66   4.0
  5 1983 220  24648.90  23.4  32.0   3.1   .66    .0
  5 1983 221  17123.36  23.5  31.4   3.0   .66  33.5
  5 1983 222  19370.74  23.6  32.7   3.0   .66   4.2
  5 1983 223   9026.74  23.7  27.5   3.0   .66  50.6
  5 1983 224  19674.61  22.3  31.5   3.1   .66   7.0
  5 1983 225  23471.47  22.0  31.8   2.9   .66    .4
  5 1983 226  19276.38  23.1  31.4   2.8   .66  82.7
  5 1983 227  15494.99  23.2  32.5   2.8   .66  13.0
  5 1983 228  18453.37  23.0  33.0   2.9   .66    .0
  5 1983 229  11991.59  23.3  32.3   3.0   .66  13.3
  5 1983 230   9179.37  23.9  25.2   3.0   .66  23.9
  5 1983 231  12561.28  21.3  32.4   2.8   .66    .0
  5 1983 232  20459.28  22.9  30.9   2.9   .66  32.6
  5 1983 233  16940.36  22.6  32.0   2.9   .66    .8
  5 1983 234  10027.85  23.6  29.7   3.0   .66   7.2
  5 1983 235  16667.54  23.0  30.9   2.9   .66   3.0
  5 1983 236  10734.55  23.1  29.8   2.9   .66   3.6
  5 1983 237  15826.09  22.7  30.9   2.8   .66  67.0
  5 1983 238  14413.20  23.2  31.3   3.0   .66   1.6
  5 1983 239  13706.23  22.0  30.9   2.8   .66   4.4
  5 1983 240  13281.35  21.8  31.3   2.8   .66    .3
  5 1983 241  17815.66  23.0  32.0   2.8   .66    .0
  5 1983 242  19942.98  22.8  32.2   2.8   .66    .0
  5 1983 243  15121.66  23.0  31.5   2.9   .66   1.0
  5 1983 244  16074.00  23.2  31.0   2.9  2.14    .0
  5 1983 245  14149.00  22.8  32.3   2.8  2.03    .0
  5 1983 246   8623.00  23.0  32.8   2.8  1.61  53.9
  5 1983 247  11721.00  23.5  32.4   2.9  1.97    .1
  5 1983 248  13018.00  23.2  31.5   2.9  2.89   8.7
  5 1983 249  15907.00  23.0  32.4   3.0  2.22    .0
  5 1983 250  11846.00  23.0  31.0   2.9  2.58    .0
  5 1983 251  10172.00  22.2  31.4   2.7  1.53    .0
  5 1983 252  16284.00  23.6  31.2   3.0  2.53   5.8
  5 1983 253   9795.00  23.0  30.0   2.8  1.72  32.3
  5 1983 254  10214.00  22.9  31.0   2.8  2.50   4.0
  5 1983 255   9670.00  22.4  30.0   2.8  2.17    .2
  5 1983 256  12349.00  22.0  30.8   2.8  2.22   3.2
  5 1983 257  12516.00  22.1  32.4   2.8  2.31    .0
  5 1983 258  14777.00  22.2  30.9   2.8  2.36  35.3
  5 1983 259  12977.00  23.0  32.2   3.0  2.28    .0
  5 1983 260  15112.00  22.9  31.9   2.8  2.33   1.2
  5 1983 261   7284.00  23.1  30.8   2.9  1.97    .0
  5 1983 262  11218.00  22.6  31.3   2.8  3.28   2.2
  5 1983 263  12516.00  21.5  31.0   2.7  2.25    .3
  5 1983 264  13270.00  22.7  30.1   2.8  2.81   4.2
  5 1983 265  15279.00  22.1  31.2   2.8  2.28    .7
  5 1983 266  15028.00  23.4  31.4   2.9  2.83    .0
  5 1983 267  14735.00  22.8  31.4   2.8  2.14    .0
  5 1983 268   3851.00  23.4  26.4   2.8  1.64  12.2
  5 1983 269  14902.00  21.9  30.7   2.8  2.36    .1
  5 1983 270  13144.00  23.0  31.7   2.8  2.28    .0
  5 1983 271  14358.00  22.5  31.0   2.9  2.08    .0
  5 1983 272   8540.00  23.4  29.0   3.0  1.92    .0
  5 1983 273  13856.00  22.6  32.6   2.8  2.22    .0
  5 1983 274   9293.00  23.2  30.9   2.9  2.11    .0
  5 1983 275  12265.00  22.4  31.9   2.8  2.11    .0
  5 1983 276  14316.00  23.3  31.2   3.1  2.58    .0
  5 1983 277   9795.00  23.2  30.7   2.8  1.75    .6
  5 1983 278   3684.00  24.2  26.9   2.9  1.31  32.0
  5 1983 279   4814.00  22.1  25.8   2.7  2.14  15.7
  5 1983 280  10088.00  21.4  29.8   2.7  2.81   4.6
  5 1983 281  15572.00  20.6  30.1   2.6  2.39    .9
  5 1983 282   9167.00  22.1  30.3   2.9  2.56  74.6
  5 1983 283  13186.00  21.9  30.4   2.6  2.17  32.5
  5 1983 284  12767.00  21.7  30.8   2.7  2.22   1.7
  5 1983 285   8749.00  22.2  30.2   2.7  1.89    .0
  5 1983 286  11930.00  22.7  30.0   2.9  1.92    .0
  5 1983 287  10088.00  22.7  31.1   2.7  2.03    .0
  5 1983 288  13856.00  22.1  31.1   2.9  1.92   6.6
  5 1983 289  13981.00  22.4  31.3   2.9  1.89   2.1
  5 1983 290  16200.00  22.4  30.8   2.9  2.33    .0
  5 1983 291  14651.00  21.6  30.7   2.7  2.25    .0
  5 1983 292  14860.00  21.0  30.3   2.6  2.03   2.0
  5 1983 293  12893.00  21.6  31.0   2.7  2.03   1.4
  5 1983 294  11846.00  21.8  30.3   2.7  2.47  21.7
  5 1983 295  15781.00  21.4  30.4   2.8  1.97    .0
  5 1983 296  13856.00  21.4  31.2   2.7  1.94    .3
  5 1983 297  15572.00  22.5  32.2   3.0  2.39   1.9
  5 1983 298   9921.00  22.9  31.6   2.8  1.94    .2
  5 1983 299  14232.00  21.8  32.3   2.8  2.58   4.6
  5 1983 300  12977.00  23.0  32.2   2.9  2.53  11.2
  5 1983 301   5609.00  23.4  26.8   2.9  1.86  46.7
  5 1983 302   3977.00  22.8  25.7   2.8  1.81  47.5
  5 1983 303  12056.00  22.4  32.3   2.8  2.67  15.8
  5 1983 304  10214.00  22.8  29.0   2.7  2.03   1.3
  5 1983 305  13939.00  21.0  30.8   2.8  2.56    .0
  5 1983 306  10967.00  20.9  30.3   2.8  2.86  33.6
  5 1983 307   8874.00  23.0  29.4   2.8  1.94   5.9
  5 1983 308  10591.00  22.4  30.5   2.8  2.28    .0
  5 1983 309  12642.00  22.3  29.9   2.9  2.83    .0
  5 1983 310  11009.00  22.6  30.7   2.8  2.39    .3
  5 1983 311   5400.00  23.5  29.2   2.8  1.92   1.7
  5 1983 312  14065.00  21.4  31.7   2.8  2.14    .0
  5 1983 313   9753.00  22.5  30.5   2.8  2.03    .6
  5 1983 314  13521.00  22.7  32.3   2.9  2.14    .0
  5 1983 315  13688.00  22.5  31.2   3.0  2.58    .4
  5 1983 316  14232.00  21.8  30.9   2.8  2.28    .0
  5 1983 317  13186.00  21.6  31.9   2.7  2.22    .0
  5 1983 318   9712.00  23.0  31.7   2.8  1.89    .0
  5 1983 319  13186.00  22.0  32.4   2.8  2.42    .0
  5 1983 320  13353.00  21.8  31.3   2.7  2.42   3.3
  5 1983 321  11595.00  22.3  33.1   2.7  1.81   1.0
  5 1983 322  12809.00  21.0  30.7   2.5  1.69    .2
  5 1983 323  11595.00  22.8  32.1   2.8  1.44   2.2
  5 1983 324  11302.00  22.9  34.5   2.8  2.42    .0
  5 1983 325   3474.00  23.3  27.2   3.0  2.11   9.1
  5 1983 326   8079.00  22.0  29.4   2.8  1.81  14.7
  5 1983 327  10884.00  22.7  31.5   2.8  1.92  18.0
  5 1983 328   5442.00  22.7  27.4   2.8  1.64   3.8
  5 1983 329  11428.00  22.3  31.9   2.9  1.92    .0
  5 1983 330   7619.00  20.9  28.9   2.5  1.89    .7
  5 1983 331   9628.00  22.8  32.2   2.9  1.58    .0
  5 1983 332  10967.00  22.5  29.4   2.8  2.17    .1
  5 1983 333   9712.00  21.6  30.1   2.7  1.56   3.5
  5 1983 334   7535.00  22.5  29.9   2.8  1.72   1.6
  5 1983 335  12014.00  22.0  31.6   2.8  2.08   3.1
  5 1983 336  10716.00  20.7  31.8   2.6  1.89    .5
  5 1983 337  14149.00  20.7  31.3   2.5  2.25    .9
  5 1983 338   9084.00  22.1  29.9   2.7  1.86   3.6
  5 1983 339   9879.00  22.0  30.7   2.6  2.06    .4
  5 1983 340  13190.25  21.6  31.7   2.8  2.06   5.2
  5 1983 341  20728.06  20.5  30.3   2.5  2.25    .0
  5 1983 342  19702.33  18.1  32.5   2.1  1.92  15.2
  5 1983 343  12145.55  20.8  31.6   2.5  1.86   6.8
  5 1983 344  10879.50  21.1  29.4   2.6  1.92  26.0
  5 1983 345   7482.89  22.0  28.1   2.5  1.64   3.8
  5 1983 346  11991.84  20.5  29.4   2.6  2.06  17.1
  5 1983 347  10758.00  21.9  29.4   2.6  2.28   2.3
  5 1983 348  13395.00  21.6  29.6   2.7  2.19    .0
  5 1983 349  10884.00  20.2  31.8   2.4  1.81    .8
  5 1983 350   3349.00  21.1  29.2   2.5  1.83  70.3
  5 1983 351   8084.42  21.2  26.7   2.5  1.50  14.9
  5 1983 352  16592.69  21.0  32.4   2.7  2.28   1.0
  5 1983 353   8037.00  21.0  29.9   2.4  2.03   5.3
  5 1983 354  12014.00  21.4  31.1   2.5  2.28   6.2
  5 1983 355   6823.00  21.6  30.5   2.5  2.36  40.6
  5 1983 356   9628.00  22.7  31.8   2.8  2.19  11.5
  5 1983 357   6405.00  22.0  31.2   2.7  2.44   2.2
  5 1983 358   6112.00  21.2  30.0   2.5  1.81   5.6
  5 1983 359   5191.00  22.0  26.8   2.6  2.61  11.3
  5 1983 360  11407.00  21.8  32.6   2.6  2.64    .5
  5 1983 361   7744.00  20.4  29.0   2.4  2.25    .0
  5 1983 362  11512.00  21.3  31.1   2.6  2.22    .0
  5 1983 363   8665.00  21.7  30.0   2.8  2.28   1.0
  5 1983 364   4144.00  21.5  30.8   2.7  2.75  81.0
  5 1983 365   8665.00  20.4  30.2   2.5  3.03   7.6
