*---------------------------------------------------------              
* Station name: Puerto Limon                                            
* Author: Atlantic Zone Project, AUW-MAG-CATIE, Costa Rica              
* Source: IMN, San Jose, Costa Rica                                     
*                                                                       
* Comments:                                                             
*                                                                       
*                                                                       
*                                                                       
* Longitude:  83  3 W, latitude:  10  0 N, altitude:  3 m.              
* Column  Daily value                                                   
*    1    station number                                                
*    2    year                                                          
*    3    month                                                         
*    4    day                                                           
*    5    julian date                                                   
*    6    irradiation            (cal cm-2 d-1)                         
*    7    minimum temperature    (degrees Celcius)                      
*    8    maximum temperature    (degrees Celcius)                      
*    9    vapor pressure at 0700 (mbar)                                 
*   10    vapor pressure at 1300 (mbar)                                 
*   11    vapor pressure at 1800 (mbar)                                 
*   12    mean wind speed        (kilometer per hour)                   
*   13    precipitation          (mm d-1)                               
*   14    sunshine hours         (hours)                                
* Missing value: -99                                                    
*---------------------------------------------------------              
*  data converted with WDC for CABO-format
*-------------------------------------------
  83.05  10.00     3.  .00  .00
  5 1978   1  14183.76  19.4  30.5   1.8  1.33   3.6
  5 1978   2  12928.56  20.0  31.0   1.9  1.36    .0
  5 1978   3  13514.32  17.8  31.7   1.7  1.83    .2
  5 1978   4  13472.48  17.8  31.2   1.9  1.72    .0
  5 1978   5  12133.60  17.8  29.5   1.8  1.86    .0
  5 1978   6  15690.00  16.9  31.4   1.6  2.08    .0
  5 1978   7  12677.52  18.9  30.3   1.7  1.00    .0
  5 1978   8  14644.00  18.0  30.6   1.7  1.19    .5
  5 1978   9  14769.52  21.5  29.6   2.1  1.08  15.0
  5 1978  10   6527.04  19.8  25.8   1.7  1.94   2.6
  5 1978  11   9497.68  20.0  27.3   1.7  1.81    .0
  5 1978  12   8368.00  18.5  29.5   1.8   .61    .0
  5 1978  13  13932.72  18.9  29.3   1.8  1.44    .0
  5 1978  14  13932.72  19.4  30.0   1.8  1.33  61.7
  5 1978  15   3430.88  19.0  21.5   1.6  1.67  43.6
  5 1978  16   5271.84  19.8  24.6   1.9  1.17  22.2
  5 1978  17  15187.92  19.7  28.5   1.8  1.14    .0
  5 1978  18  15982.88  19.0  28.4   1.8  1.14    .0
  5 1978  19  11966.24  20.3  30.0   1.8  1.25    .0
  5 1978  20  13221.44  20.8  29.7   1.9   .97    .0
  5 1978  21  12970.40  17.5  30.0   1.6  1.31    .0
  5 1978  22   9916.08  17.3  30.5   1.6  2.17   2.5
  5 1978  23   6568.88  20.0  28.1   1.8  1.50   6.2
  5 1978  24  12635.68  20.0  30.0   1.8  1.11    .0
  5 1978  25  12342.80  18.4  29.4   1.7  1.03    .0
  5 1978  26   9999.76  19.5  29.6   1.8   .94    .0
  5 1978  27  13388.80  19.5  29.9   2.0  1.44   2.8
  5 1978  28   8619.04  20.6  29.4   1.9  1.31  10.1
  5 1978  29  15020.56  19.6  31.6   1.9  1.72    .0
  5 1978  30   8535.36  20.4  29.2   1.8  1.33    .5
  5 1978  31  14978.72  19.5  30.7   1.8  2.08  14.0
  5 1978  32   4351.36  20.0  26.0   1.8  1.22  11.8
  5 1978  33   3179.84  21.4  26.2   2.0  1.42  60.9
  5 1978  34   9330.32  23.0  29.6   2.3  4.17   2.7
  5 1978  35  12719.36  19.4  29.2   1.9   .92   5.9
  5 1978  36  15690.00  19.1  29.6   1.8  1.17  16.9
  5 1978  37   8242.48  20.8  28.2   1.7  2.44   1.6
  5 1978  38  11589.68  19.8  28.9   1.8  1.08    .0
  5 1978  39  15146.08  19.0  29.5   1.9  1.39    .0
  5 1978  40  14769.52  19.9  30.5   1.8  1.78    .0
  5 1978  41  15104.24  20.4  30.6   2.0  2.28  30.4
  5 1978  42   4476.88  21.0  24.0   1.9  1.75  18.1
  5 1978  43   6359.68  20.1  28.0   1.8  1.06   1.4
  5 1978  44  13179.60  19.0  30.0   1.8  2.67   2.0
  5 1978  45  15397.12  21.5  30.0   2.0  1.44    .0
  5 1978  46   5857.60  20.0  27.1   1.8  1.61  10.5
  5 1978  47   9288.48  21.6  30.0   1.9  2.00   6.6
  5 1978  48   9037.44  21.9  31.0   1.9  1.39    .0
  5 1978  49  13849.04  18.9  30.0   1.7  1.08    .0
  5 1978  50  13430.64  21.2  31.4   2.1  1.47    .2
  5 1978  51   9037.44  22.3  30.0   2.1   .75   1.5
  5 1978  52  15564.48  21.4  29.8   2.1  1.25    .4
  5 1978  53  11547.84  21.5  31.3   1.9  2.69  73.1
  5 1978  54   3807.44  19.4  25.0   1.7  2.36  31.3
  5 1978  55   8200.64  20.0  27.6   1.8  1.31   8.3
  5 1978  56   9121.12  20.4  28.0   2.0   .86   3.6
  5 1978  57  12635.68  21.9  30.2   2.1   .92   3.8
  5 1978  58  13849.04  19.4  30.7   1.8  1.25   1.6
  5 1978  59  15564.48  21.0  29.7   2.1  1.31    .0
  5 1978  60  13388.80  20.6  30.3   1.9  1.33    .0
  5 1978  61  14560.32  19.8  30.2   2.0  1.50    .0
  5 1978  62  14518.48  20.3  31.2   1.9  2.06    .0
  5 1978  63  10711.04  22.5  30.8   2.2  1.28   1.0
  5 1978  64  10501.84  21.5  31.5   2.1  1.11    .0
  5 1978  65  16233.92  20.0  30.8   1.8  2.03   3.2
  5 1978  66  16317.60  19.0  32.0   1.8  1.78    .0
  5 1978  67   8619.04  20.3  30.0   1.8   .83   1.2
  5 1978  68  12468.32  20.7  30.4   2.0   .97    .0
  5 1978  69  12300.96  19.4  33.5   1.9  1.53  28.8
  5 1978  70   7573.04  21.3  28.8   2.0  1.86   3.0
  5 1978  71  16066.56  20.6  30.6   1.9  1.50  61.6
  5 1978  72  13974.56  21.5  31.8   2.0  1.39    .2
  5 1978  73  14392.96  20.5  31.6   1.8  1.36   1.3
  5 1978  74  13095.92  20.5  30.6   1.9  1.64  18.6
  5 1978  75   6401.52  20.8  26.2   2.0  1.42   8.7
  5 1978  76  11254.96  18.9  30.2   1.7  1.83  13.9
  5 1978  77  14100.08  20.0  32.0   1.8  1.72   7.5
  5 1978  78  11798.88  20.1  30.7   1.8  1.86    .0
  5 1978  79  16861.52  18.0  31.0   1.7  1.61    .0
  5 1978  80  15397.12  18.3  30.1   1.8  1.19    .7
  5 1978  81   9037.44  21.7  31.2   2.1   .92    .3
  5 1978  82  12008.08  22.4  31.6   2.1  1.17    .0
  5 1978  83  10250.80  23.5  30.2   2.2   .97   5.4
  5 1978  84   9037.44  22.9  30.3   2.1  1.06   1.9
  5 1978  85  13974.56  22.6  30.6   2.1  1.06   6.1
  5 1978  86   8660.88  22.5  31.3   1.9  1.53   1.0
  5 1978  87   8744.56  21.9  30.0   2.0  1.42   1.2
  5 1978  88  14644.00  22.4  31.6   2.1  1.44  17.6
  5 1978  89   4225.84  22.8  26.0   2.0  1.19  53.0
  5 1978  90   7029.12  21.9  28.5   2.0  1.61  11.0
  5 1978  91  12175.44  20.7  29.0   1.8  1.50    .0
  5 1978  92  16401.28  20.0  31.5   1.8  1.58    .0
  5 1978  93  15229.76  20.4  30.7   1.8  1.42    .0
  5 1978  94  15229.76  20.8  30.6   1.9  1.78    .0
  5 1978  95  13974.56  21.8  32.4   1.9  1.67   5.0
  5 1978  96  11213.12  21.9  30.8   2.0  1.39    .0
  5 1978  97  18325.92  19.7  30.8   1.8  1.42    .0
  5 1978  98  17154.40  18.7  30.7   1.7  1.78    .0
  5 1978  99  16024.72  19.7  32.1   1.8  2.00    .0
  5 1978 100  15480.80  21.0  34.5   1.9  2.00    .0
  5 1978 101  14476.64  21.5  32.6   2.0  1.69    .0
  5 1978 102  14895.04  22.3  34.5   2.0  2.03   6.1
  5 1978 103   2510.40  23.8  27.4   2.0  1.36  21.0
  5 1978 104  13472.48  22.9  31.6   2.1  1.67  19.7
  5 1978 105  14644.00  21.9  31.7   1.8  1.28    .0
  5 1978 106   9581.36  23.0  31.1   2.0  1.11    .0
  5 1978 107  15773.68  20.6  31.7   1.8  1.28    .0
  5 1978 108  20133.56  21.6  31.4   2.0  1.50    .0
  5 1978 109  19983.83  21.0  31.5   1.9  1.61    .0
  5 1978 110  16275.76  21.1  32.9   2.0  2.08    .0
  5 1978 111  17321.76  20.5  33.0   2.1  1.69    .0
  5 1978 112  15104.24  21.6  33.3   2.1  1.69    .0
  5 1978 113  13472.48  21.9  32.0   2.2  1.97    .0
  5 1978 114  16694.16  22.8  32.8   2.1  1.72   4.1
  5 1978 115  10418.16  23.6  31.5   2.2  1.36    .0
  5 1978 116  15815.52  20.5  31.6   1.9  1.67    .0
  5 1978 117  15690.00  21.0  31.5   2.0  1.67    .0
  5 1978 118  16526.80  20.1  31.7   1.9  1.56    .0
  5 1978 119  14518.48  22.1  33.2   2.0  1.53   5.4
  5 1978 120  17656.48  22.0  31.9   2.2  1.53    .0
  5 1978 121  16819.68  22.3  33.5   2.2  1.58    .0
  5 1978 122  14727.68  23.4  35.0   2.3  1.81    .0
  5 1978 123  12342.80  23.4  34.1   2.2  1.42    .0
  5 1978 124   9246.64  22.1  33.4   2.1  1.42    .0
  5 1978 125  17028.88  24.0  34.5   2.3  1.94    .5
  5 1978 126  16777.84  22.7  34.1   2.4  2.81  40.2
  5 1978 127  10543.68  23.1  32.0   2.1  1.47    .9
  5 1978 128  10292.64  23.4  31.0   2.2  1.42    .0
  5 1978 129   7907.76  22.7  29.3   2.1  1.14  13.2
  5 1978 130  16150.24  24.1  32.4   2.2  1.78   1.5
  5 1978 131  14978.72  21.9  32.9   2.1  1.86    .0
  5 1978 132  15271.60  21.4  32.6   2.0  1.67    .0
  5 1978 133   6276.00  21.0  28.5   1.9  1.61   4.3
  5 1978 134  14602.16  21.0  32.2   2.0  1.69  35.2
  5 1978 135   8535.36  23.5  30.6   2.2  1.19   3.6
  5 1978 136  12300.96  23.0  32.5   2.1  1.22  33.9
  5 1978 137  10543.68  23.2  31.2   2.2  1.31  51.6
  5 1978 138  12844.88  23.0  32.6   2.2  1.61    .0
  5 1978 139  13263.28  23.5  32.3   2.4  1.11  29.6
  5 1978 140   9539.52  23.6  31.5   2.3  2.08    .1
  5 1978 141  15020.56  22.5  31.6   2.2  1.22   2.7
  5 1978 142  15480.80  24.2  32.1   2.3  1.22  54.1
  5 1978 143   2133.84  23.0  26.8   2.1   .86  24.1
  5 1978 144  11087.60  21.4  31.6   2.1  1.25    .3
  5 1978 145  12886.72  22.4  30.6   2.3  1.28    .9
  5 1978 146  15271.60  22.3  33.0   2.3   .97    .0
  5 1978 147   9832.40  22.0  32.8   2.1  1.03   2.4
  5 1978 148  17949.36  21.9  30.5   2.0  1.47    .0
  5 1978 149   4727.92  22.4  28.5   2.1   .75    .5
  5 1978 150  15690.00  23.1  33.0   2.3  1.64  16.0
  5 1978 151  15941.04  21.1  31.8   2.1  2.33    .0
  5 1978 152  16275.76  21.0  31.9   2.1  1.64  34.8
  5 1978 153  10083.44  22.4  31.9   2.1   .67   1.5
  5 1978 154  17154.40  22.1  32.5   2.3  1.44  30.6
  5 1978 155  14853.20  22.8  30.5   2.3  1.33   1.1
  5 1978 156  15773.68  21.8  31.4   2.2  1.25    .0
  5 1978 157   9581.36  22.4  31.7   2.1  1.19  21.7
  5 1978 158  14476.64  21.9  31.4   2.2  1.19   3.6
  5 1978 159  15899.20  22.2  31.4   2.2  1.33  47.7
  5 1978 160   5481.04  22.9  29.5   2.1  1.61  14.3
  5 1978 161  13765.36  21.8  30.0   2.1  1.58  10.8
  5 1978 162   1673.60  22.4  24.5   2.1  1.11  40.4
  5 1978 163  11673.36  21.0  31.0   2.0   .69    .0
  5 1978 164  10460.00  22.3  29.8   2.0  1.14    .0
  5 1978 165   8368.00  21.1  30.4   2.0   .89  13.6
  5 1978 166   5690.24  23.6  28.0   2.2  1.44  10.8
  5 1978 167  17279.92  21.5  30.5   2.1  1.69    .0
  5 1978 168  16066.56  21.4  32.4   2.1  1.25   3.0
  5 1978 169  13012.24  21.0  31.6   2.0  1.11  24.5
  5 1978 170   5732.08  23.5  30.1   2.2   .83    .2
  5 1978 171   7238.32  21.8  29.5   1.9  1.00   3.5
  5 1978 172   7865.92  22.4  31.3   2.2  1.78   1.9
  5 1978 173  11966.24  20.3  30.0   1.9  1.22    .0
  5 1978 174   6861.76  23.3  30.4   2.1  1.06   1.0
  5 1978 175  10711.04  22.5  31.8   2.0   .97    .6
  5 1978 176  10585.52  23.1  32.6   2.2  1.25    .0
  5 1978 177   9162.96  22.0  29.5   1.9   .86   1.5
  5 1978 178  14518.48  23.3  31.3   2.2  1.69   3.9
  5 1978 179   7614.88  23.5  30.0   2.2   .53    .4
  5 1978 180   4476.88  23.4  27.9   2.2   .94   3.9
  5 1978 181  13472.48  22.9  30.4   2.1  1.44  13.8
  5 1978 182   4184.00  23.0  27.8   2.1  1.11  11.0
  5 1978 183  15690.00  21.3  30.5   2.1  1.19   2.0
  5 1978 184   4727.92  23.4  28.9   2.0  1.28   1.3
  5 1978 185   9957.92  22.2  30.6   2.1  1.97   3.0
  5 1978 186   8493.52  21.4  31.2   2.0  1.42  61.4
  5 1978 187  10208.96  20.8  30.6   2.0   .97  19.1
  5 1978 188  10167.12  20.6  30.9   2.0  1.00  10.7
  5 1978 189  10962.08  22.5  31.1   2.0  1.33   8.4
  5 1978 190  10418.16  23.1  31.2   2.1   .86    .1
  5 1978 191   3598.24  23.0  25.6   2.0   .75  10.7
  5 1978 192   4811.60  22.0  27.0   1.9  1.31  12.3
  5 1978 193   8660.88  21.0  30.9   1.9  1.75   1.8
  5 1978 194  11422.32  21.1  29.4   1.9  1.19    .8
  5 1978 195  16694.16  22.0  30.5   2.3  1.33    .0
  5 1978 196  16443.12  21.0  33.1   1.9  1.22    .0
  5 1978 197  11547.84  23.0  29.2   2.1  1.14   9.4
  5 1978 198  14267.44  21.3  32.5   2.0   .97  53.0
  5 1978 199  11422.32  21.9  31.5   2.2  1.69  93.8
  5 1978 200  13012.24  22.0  29.0   2.0  1.36    .0
  5 1978 201  15648.16  22.0  30.5   2.0  1.28    .0
  5 1978 202  14602.16  22.2  31.3   2.0  1.78   2.5
  5 1978 203  12175.44  22.8  31.4   2.1  1.83  46.1
  5 1978 204   9539.52  22.1  29.9   2.0  1.08   6.8
  5 1978 205  17154.40  22.3  31.2   2.2  1.19   3.9
  5 1978 206   7280.16  23.4  29.8   2.2   .83  10.1
  5 1978 207   7614.88  23.0  30.2   2.2  1.39   9.3
  5 1978 208  13723.52  22.0  29.8   2.0  1.42    .0
  5 1978 209  13598.00  21.6  30.7   2.1  1.06  34.5
  5 1978 210   5230.00  23.3  29.2   2.1  1.11   2.8
  5 1978 211  12886.72  23.0  31.0   2.1  1.61    .0
  5 1978 212   5690.24  22.0  28.6   2.0  1.03  29.8
  5 1978 213   7782.24  23.9  31.0   2.1  1.50    .2
  5 1978 214   9790.56  23.7  30.0   2.2  1.03   2.4
  5 1978 215  12886.72  22.8  31.6   2.1  1.31  78.2
  5 1978 216  10711.04  22.4  29.9   2.1   .89    .4
  5 1978 217   8116.96  23.1  30.5   2.2  1.31  46.3
  5 1978 218  13598.00  22.4  31.9   2.1  1.08    .0
  5 1978 219   8744.56  22.1  29.6   2.0  1.47    .0
  5 1978 220  14476.64  21.5  32.8   2.1  1.19   6.3
  5 1978 221  11798.88  22.1  31.3   2.0  1.22  36.5
  5 1978 222   4100.32  23.3  27.8   2.1  1.42  36.0
  5 1978 223  16526.80  20.5  31.7   2.1   .89   1.7
  5 1978 224   7154.64  22.5  31.8   2.1  1.22  15.8
  5 1978 225  10711.04  21.9  31.5   2.1  1.11   5.4
  5 1978 226   8409.84  22.5  30.1   2.1  1.44  12.5
  5 1978 227   3598.24  22.7  26.0   2.1  1.25  36.4
  5 1978 228  16066.56  22.0  30.6   2.1  1.19    .0
  5 1978 229  14351.12  22.5  31.8   2.0  1.25    .6
  5 1978 230  15355.28  22.0  31.8   2.1   .97    .4
  5 1978 231  15271.60  22.0  31.5   2.1  1.33  12.6
  5 1978 232   8660.88  22.5  32.4   2.0  1.31  26.5
  5 1978 233  16401.28  23.5  31.7   2.2  1.53    .2
  5 1978 234  16526.80  21.5  32.0   2.0  1.28    .4
  5 1978 235   5355.52  22.2  30.4   2.0  1.17   2.2
  5 1978 236  14225.60  22.0  31.5   1.9  1.19    .0
  5 1978 237  14853.20  22.6  32.6   2.2  1.28    .0
  5 1978 238  13012.24  22.9  31.0   2.0  1.31    .6
  5 1978 239  11547.84  23.5  30.9   2.2  1.06    .0
  5 1978 240   1799.12  22.3  26.1   2.1   .92  60.3
  5 1978 241  10041.60  20.6  30.5   1.9  1.39    .0
  5 1978 242  10920.24  22.1  32.0   2.1  1.33   2.0
  5 1978 243  16443.12  21.2  30.9   2.1  1.39    .3
  5 1978 244  11924.40  22.6  32.2   2.1  1.11    .0
  5 1978 245   8158.80  22.8  30.6   2.1   .97    .0
  5 1978 246  13974.56  22.4  31.1   2.0  1.39   6.4
  5 1978 247   6276.00  23.5  28.1   2.1   .81    .1
  5 1978 248  13137.76  21.6  31.0   2.2  1.64   8.5
  5 1978 249  13012.24  21.7  30.9   2.0  1.25    .0
  5 1978 250  13095.92  21.5  31.1   2.1  1.44    .0
  5 1978 251  13095.92  22.1  31.0   2.2  2.14    .0
  5 1978 252  15397.12  22.8  32.3   2.2  1.50    .2
  5 1978 253   6276.00  21.5  29.5   1.9  1.44  10.9
  5 1978 254  13472.48  20.3  30.9   1.9  1.78    .0
  5 1978 255  16401.28  21.8  31.0   2.1  1.47    .0
  5 1978 256  10962.08  22.4  31.3   2.2  1.69  11.3
  5 1978 257  13849.04  21.4  32.6   2.0  1.44    .2
  5 1978 258  13849.04  21.9  31.5   2.0  1.00    .0
  5 1978 259  15480.80  21.9  30.9   2.0  1.92    .0
  5 1978 260  11213.12  22.4  32.8   2.0  1.61  14.8
  5 1978 261  11673.36  21.4  31.1   2.0  2.19    .0
  5 1978 262   5732.08  22.5  29.1   2.0  1.03  11.2
  5 1978 263  15941.04  20.5  30.7   2.0  1.53  27.5
  5 1978 264  12342.80  23.0  31.7   2.1  1.92   1.3
  5 1978 265  14978.72  23.0  31.1   2.1  1.61    .0
  5 1978 266  12217.28  21.5  32.5   2.1  1.00    .0
  5 1978 267  10418.16  23.1  32.5   2.2  1.11  26.4
  5 1978 268  13012.24  21.7  31.6   2.1  1.25    .6
  5 1978 269  11798.88  22.1  30.3   2.0  1.36   5.3
  5 1978 270   8911.92  22.9  30.5   2.2   .94  46.9
  5 1978 271  12970.40  22.5  30.7   2.1  2.00    .0
  5 1978 272  10208.96  22.7  29.8   2.1  1.56   8.8
  5 1978 273   9832.40  23.1  30.5   2.1  1.33  11.7
  5 1978 274   9121.12  20.8  30.1   1.9  1.58   8.3
  5 1978 275  12342.80  21.3  30.1   2.0  2.31   4.5
  5 1978 276  11464.16  22.0  32.5   2.1  1.28    .0
  5 1978 277  11422.32  22.5  29.9   2.1  1.42   1.6
  5 1978 278  13012.24  22.8  31.0   2.2  1.00  13.1
  5 1978 279   3974.80  22.5  27.0   2.0  1.28   2.0
  5 1978 280   2259.36  22.3  25.5   2.1  1.06  37.0
  5 1978 281  11589.68  21.7  30.6   2.0   .97  12.5
  5 1978 282   4686.08  22.5  27.0   2.0  1.14   4.7
  5 1978 283  15020.56  20.5  31.6   2.0  1.08   2.3
  5 1978 284  14978.72  21.6  32.8   2.0  1.17    .0
  5 1978 285  10920.24  21.5  31.6   2.0  1.03    .0
  5 1978 286  15020.56  22.4  31.0   2.2  1.28    .0
  5 1978 287  12719.36  21.8  30.6   2.2  1.50    .0
  5 1978 288  13054.08  21.6  30.1   2.0  1.25    .4
  5 1978 289  18219.96  23.3  32.0   2.2  1.36  11.6
  5 1978 290  12886.72  21.5  30.1   2.1  1.28   1.9
  5 1978 291  15104.24  21.3  30.4   2.0  1.75    .0
  5 1978 292  13765.36  21.0  32.9   2.0  1.50    .0
  5 1978 293  15020.56  21.5  32.4   2.1  1.50  52.4
  5 1978 294   7196.48  23.1  30.5   2.1  1.50   6.6
  5 1978 295   8535.36  22.3  31.0   2.1  1.64   5.8
  5 1978 296   9665.04  21.5  30.1   2.1  1.36   3.0
  5 1978 297   9037.44  22.2  29.4   2.1  1.19   4.6
  5 1978 298  11045.76  22.1  32.1   2.1  1.33    .0
  5 1978 299  15522.64  20.5  31.1   2.0  1.72    .0
  5 1978 300  15648.16  22.4  31.5   2.0  1.53    .0
  5 1978 301   9288.48  21.8  30.2   2.1  1.56    .5
  5 1978 302  14100.08  22.3  32.5   2.1  1.25    .0
  5 1978 303  14309.28  21.3  33.1   2.2  1.28    .0
  5 1978 304   8911.92  23.0  32.2   2.1  1.33   4.0
  5 1978 305  11924.40  22.0  32.2   2.1  1.11   4.9
  5 1978 306  12510.16  22.2  32.4   2.2  1.14    .0
  5 1978 307  13514.32  22.5  32.5   2.1  1.06    .0
  5 1978 308   7614.88  24.5  29.6   2.0  2.03  10.4
  5 1978 309  10878.40  23.4  30.2   2.2  1.75    .0
  5 1978 310  12803.04  22.8  30.5   2.1  1.56   4.0
  5 1978 311  11966.24  23.5  31.5   2.2  1.56    .9
  5 1978 312  12384.64  24.8  31.3   2.2  1.89    .0
  5 1978 313   4184.00  25.3  29.1   2.2  1.67  13.5
  5 1978 314   5313.68  22.8  28.3   2.0  1.47    .3
  5 1978 315  13639.84  21.8  30.6   2.0  1.31   1.7
  5 1978 316  12384.64  22.2  31.0   2.0  1.22    .3
  5 1978 317  11422.32  23.0  29.7   2.1  1.47  12.3
  5 1978 318  13807.20  22.5  30.5   2.2  1.03    .7
  5 1978 319  14225.60  20.8  30.5   2.0  1.47    .0
  5 1978 320  15606.32  22.0  30.5   2.0  1.61    .0
  5 1978 321  13639.84  22.3  32.3   2.0  1.67   1.5
  5 1978 322   7782.24  22.5  29.4   2.1  1.19  69.9
  5 1978 323  11380.48  22.5  30.3   2.0  1.47    .5
  5 1978 324  11087.60  21.5  30.0   1.9  1.69    .0
  5 1978 325  11422.32  24.0  30.6   2.0  1.61    .0
  5 1978 326  14351.12  23.0  30.3   2.2  1.78    .0
  5 1978 327  14351.12  22.3  30.8   2.1  1.50  41.6
  5 1978 328   9832.40  23.8  31.6   2.2  1.25  11.1
  5 1978 329   6568.88  23.4  28.8   2.1  1.28  36.0
  5 1978 330  10250.80  22.8  30.7   2.1  1.92   8.8
  5 1978 331   6359.68  23.4  30.0   2.1  1.36  42.2
  5 1978 332   5941.28  26.8  30.0   2.4  2.94  27.1
  5 1978 333  12133.60  23.5  32.6   2.2  1.19  17.2
  5 1978 334   9581.36  23.8  30.9   2.2  1.42  66.0
  5 1978 335  12761.20  22.7  32.3   2.1  1.42    .5
  5 1978 336  13723.52  22.4  30.7   2.1  1.72   3.1
  5 1978 337  13765.36  23.0  32.0   2.1  1.78    .0
  5 1978 338  11631.52  21.7  30.1   2.0  1.22    .0
  5 1978 339  11882.56  21.8  31.6   2.1  1.22    .0
  5 1978 340  12970.40  21.4  30.4   2.1  1.78    .0
  5 1978 341  11882.56  22.0  31.1   2.0  1.83   3.0
  5 1978 342  10334.48  23.0  30.5   2.0  1.31   1.0
  5 1978 343   8786.40  22.5  30.3   2.1  1.61    .9
  5 1978 344  11003.92  22.0  30.0   2.0  1.33   5.1
  5 1978 345  11422.32  21.2  31.3   2.0  1.67  66.5
  5 1978 346  11757.04  22.5  32.0   2.0  1.53   3.7
  5 1978 347   9497.68  22.9  32.0   2.1  1.58  24.3
  5 1978 348  12970.40  22.0  31.5   1.9  2.25   3.0
  5 1978 349  13849.04  21.5  31.6   1.9  2.00   1.5
  5 1978 350  10460.00  22.0  31.4   2.0  1.44   6.2
  5 1978 351   8451.68  22.1  31.4   2.0  2.19  62.2
  5 1978 352   5564.72  23.9  27.0   2.1  2.36  28.9
  5 1978 353  11715.20  21.5  29.3   2.0  1.56    .1
  5 1978 354   8368.00  20.7  30.0   1.8  1.61   1.1
  5 1978 355  14016.40  19.0  30.2   1.7  2.00    .0
  5 1978 356  13388.80  19.4  29.0   1.7  1.78    .0
  5 1978 357  15146.08  19.2  30.5   1.7  2.22    .0
  5 1978 358  14602.16  18.0  29.3   1.6  1.94    .0
  5 1978 359  12593.84  18.5  29.5   1.7  1.69    .0
  5 1978 360  13137.76  18.8  29.7   1.7  1.64    .0
  5 1978 361  10794.72  20.0  30.9   1.8  2.47   3.4
  5 1978 362  15104.24  21.7  31.3   2.0  2.06    .0
  5 1978 363  12844.88  19.5  30.7   1.8  2.22    .0
  5 1978 364   7824.08  20.0  30.4   1.8  2.00    .0
  5 1978 365   9874.24  20.4  31.0   1.9  1.81   5.0
