*---------------------------------------------------------              
* Station name: Puerto Limon                                            
* Author: Atlantic Zone Project, AUW-MAG-CATIE, Costa Rica              
* Source: IMN, San Jose, Costa Rica                                     
*                                                                       
* Comments: Wind speed data still lacking                               
*           No listing of data (except of RF) Jul-Dec                   
*                                                                       
*                                                                       
* Longitude:  83  3 W, latitude:  10  0 N, altitude:  3 m.              
* Column  Daily value                                                   
*    1    station number                                                
*    2    year                                                          
*    3    month                                                         
*    4    day                                                           
*    5    julian date                                                   
*    6    irradiation            (cal cm-2 d-1)                         
*    7    minimum temperature    (degrees Celcius)                      
*    8    maximum temperature    (degrees Celcius)                      
*    9    vapor pressure at 0700 (mbar)                                 
*   10    vapor pressure at 1300 (mbar)                                 
*   11    vapor pressure at 1800 (mbar)                                 
*   12    mean wind speed        (kilometer per hour)                   
*   13    precipitation          (mm d-1)                               
*   14    sunshine hours         (hours)                                
* Missing value: -99                                                    
*---------------------------------------------------------              
*  data converted with WDC for CABO-format
*-------------------------------------------
  83.05  10.00     3.  .00  .00
  5 1970   1   8033.28  21.0  29.0   1.9   .72    .0
  5 1970   2  14100.08  20.5  31.0   1.8   .72    .0
  5 1970   3  17321.76  20.0  30.0   2.2   .72    .0
  5 1970   4  11673.36  21.0  30.5   2.0   .72   2.4
  5 1970   5  17698.32  22.5  31.0   2.1   .72   3.3
  5 1970   6  14895.04  22.5  30.5   2.0   .72   2.7
  5 1970   7  13263.28  23.0  31.0   2.1   .72  21.4
  5 1970   8   7656.72  22.5  29.5   2.0   .72 162.1
  5 1970   9   3221.68  22.4  26.5   2.1   .72 297.5
  5 1970  10   4811.60  20.4  25.0   1.8   .72 132.8
  5 1970  11  15313.44  20.0  27.5   1.5   .72    .0
  5 1970  12  16484.96  22.0  28.0   1.9   .72    .0
  5 1970  13   6819.92  23.0  28.5   2.0   .72    .6
  5 1970  14  12886.72  20.0  28.5   1.9   .72    .0
  5 1970  15  16484.96  22.0  30.0   2.0   .72    .0
  5 1970  16  15690.00  21.5  29.0   2.0   .72    .0
  5 1970  17  17321.76  21.0  30.0   1.9   .72    .0
  5 1970  18   8033.28  22.5  28.5   1.9   .72    .0
  5 1970  19  14895.04  21.0  30.0   2.0   .72    .0
  5 1970  20  19706.64  22.5  30.5   2.0   .72    .0
  5 1970  21  13263.28  19.5  29.5   1.8   .72   3.8
  5 1970  22  18493.28  22.0  31.0   2.0   .72   4.1
  5 1970  23  18493.28  19.0  29.5   1.7   .72    .0
  5 1970  24  18493.28  20.0  29.5   1.7   .72   2.5
  5 1970  25  15313.44  21.0  31.0   1.8   .72    .2
  5 1970  26  18116.72  20.0  31.0   1.8   .72    .0
  5 1970  27  11715.20  22.5  30.0   1.9   .72   1.3
  5 1970  28   6819.92  22.5  28.5   2.0   .70  24.5
  5 1970  29  14895.04  22.0  30.0   2.0   .70   3.7
  5 1970  30  20125.04  22.5  30.5   2.0   .70   7.7
  5 1970  31  18493.28  20.0  30.0   2.0   .70  13.9
  5 1970  32  20543.44  21.5  30.5   1.9   .70   8.5
  5 1970  33  20920.00  21.5  30.0   2.0   .70   5.4
  5 1970  34  21338.40  21.5  29.5   2.0   .70    .1
  5 1970  35   6150.48  21.5  26.5   1.9   .70  62.2
  5 1970  36   6987.28  20.0  25.5   1.7   .70  48.9
  5 1970  37  16401.28  19.5  28.5   1.9   .70   6.6
  5 1970  38   7405.68  21.5  25.5   1.8   .70  58.3
  5 1970  39   7405.68  21.0  25.0   1.9   .70  19.8
  5 1970  40  16024.72  20.5  28.5   1.8   .70  11.6
  5 1970  41   6987.28  21.0  26.5   1.8   .70  16.3
  5 1970  42   7782.24  21.0  27.2   1.9   .70  15.0
  5 1970  43   6150.48  22.0  25.5   2.1   .70  72.9
  5 1970  44   6568.88  22.5  25.0   2.2   .70 126.6
  5 1970  45  19288.24  22.2  29.2   2.1   .70  11.1
  5 1970  46  16024.72  23.5  31.5   2.1   .70   2.0
  5 1970  47  13137.76  23.0  29.5   2.1   .70    .1
  5 1970  48   4100.32  22.5  26.0   2.7   .70  32.9
  5 1970  49  16401.28  21.5  29.0   1.9   .70    .0
  5 1970  50  17656.48  21.5  31.5   1.9   .70   3.4
  5 1970  51  10250.80  20.5  28.0   1.8   .70   1.0
  5 1970  52  16024.72  20.0  30.5   1.7   .70  12.0
  5 1970  53  16819.68  21.0  29.5   1.8   .70   1.1
  5 1970  54  17656.48  21.2  29.5   1.8   .70   4.1
  5 1970  55  15606.32  21.0  30.0   1.8   .70   2.1
  5 1970  56  10250.80  21.5  30.0   1.9   .75   2.7
  5 1970  57   9832.40  21.0  29.0   1.9   .75   4.9
  5 1970  58  17238.08  19.3  30.0   1.8   .75    .2
  5 1970  59  19706.64  19.2  30.0   1.7   .75   5.0
  5 1970  60  18242.24  20.0  30.0   1.7   .75    .1
  5 1970  61  21547.60  19.6  29.6   1.6   .75   4.6
  5 1970  62  19915.84  21.2  30.6   1.8   .75    .0
  5 1970  63  21129.20  21.0  29.6   1.8   .75    .0
  5 1970  64  21547.60  20.4  30.6   1.9   .75    .0
  5 1970  65  22802.80  21.0  30.6   1.9   .75    .0
  5 1970  66  21129.20  21.0  31.0   2.0   .75    .0
  5 1970  67  23221.20  22.5  31.2   2.1   .75    .0
  5 1970  68  21547.60  20.0  31.6   1.9   .75    .0
  5 1970  69  13681.68  19.5  30.2   1.7   .75    .0
  5 1970  70  12844.88  20.7  29.2   2.1   .75    .0
  5 1970  71  21129.20  21.0  32.0   2.0   .75    .0
  5 1970  72  13681.68  23.0  31.2   2.1   .75    .0
  5 1970  73  14518.48  21.2  31.0   2.0   .75    .0
  5 1970  74  14100.08  22.0  30.2   1.8   .75   2.9
  5 1970  75   8284.32  21.2  30.2   1.9   .75   8.3
  5 1970  76  21547.60  19.0  31.0   1.7   .75    .0
  5 1970  77   4978.96  19.2  26.1   1.7   .75  27.9
  5 1970  78  18660.64  22.0  30.3   2.0   .75  12.2
  5 1970  79  20710.80  22.0  30.6   2.0   .75   2.5
  5 1970  80  17405.44  21.0  32.0   1.9   .75    .0
  5 1970  81  20292.40  22.4  31.5   2.0   .75   2.3
  5 1970  82  17405.44  23.3  31.0   2.1   .75   1.4
  5 1970  83  20292.40  22.0  31.2   2.0   .75    .0
  5 1970  84  21129.20  21.0  31.0   1.9   .75    .0
  5 1970  85  17405.44  23.0  31.0   2.1   .75    .0
  5 1970  86  17823.84  22.2  31.2   2.1   .75    .9
  5 1970  87  10794.72  24.0  31.0   2.2   .75  21.1
  5 1970  88   6610.72  23.8  27.2   2.1   .75  41.0
  5 1970  89  11589.68  23.0  28.2   2.2   .75   2.6
  5 1970  90  12008.08  22.2  30.0   2.0   .75    .4
  5 1970  91  13807.20  24.0  31.6   2.2   .75  11.5
  5 1970  92  16736.00  24.0  31.0   2.3   .75   1.2
  5 1970  93   4602.40  24.0  28.0   2.2   .75  16.0
  5 1970  94  22175.20  22.2  31.5   2.1   .75  21.3
  5 1970  95  21756.80  22.8  30.5   2.2   .75   1.8
  5 1970  96  15480.80  21.0  30.0   1.9   .75   5.1
  5 1970  97   4184.00  23.0  27.2   2.1   .75 167.5
  5 1970  98   5857.60  22.7  28.0   2.2   .75  21.8
  5 1970  99   1255.20  23.0  27.0   2.2   .75 228.1
  5 1970 100  19246.40  22.8  30.2   2.1   .75  38.6
  5 1970 101  12970.40  22.2  27.3   2.1   .75 216.4
  5 1970 102  16317.60  23.0  30.2   2.1   .75    .0
  5 1970 103  20501.60  22.8  31.0   2.2   .75  69.6
  5 1970 104  14225.60  24.0  30.2   2.2   .75    .1
  5 1970 105  21338.40  23.2  30.2   2.2   .75    .0
  5 1970 106  20920.00  22.0  30.2   2.2   .75    .2
  5 1970 107  20501.60  23.2  30.2   2.2   .75   8.5
  5 1970 108  15480.80  22.0  31.0   2.0   .75    .2
  5 1970 109  22175.20  21.0  31.0   1.9   .75    .0
  5 1970 110  17154.40  22.8  31.5   2.1   .75    .0
  5 1970 111  24267.20  23.8  32.0   2.2   .75   3.0
  5 1970 112  22593.60  23.0  31.0   2.1   .75   1.6
  5 1970 113  20920.00  23.0  31.2   2.1   .75   2.7
  5 1970 114  18828.00  23.0  30.2   2.1   .75  44.1
  5 1970 115  24267.20  21.5  31.0   2.0   .75  18.1
  5 1970 116  17572.80  20.5  29.5   1.9   .75  31.4
  5 1970 117  16736.00  22.8  30.0   2.0   .75    .3
  5 1970 118  11296.80  23.0  28.8   2.0   .75   6.1
  5 1970 119  16736.00  23.0  30.0   2.2   .68   2.6
  5 1970 120  18409.60  23.0  31.6   2.2   .68   7.3
  5 1970 121  17991.20  23.0  30.0   2.1   .68   3.7
  5 1970 122  17572.80  22.2  30.0   2.0   .68    .0
  5 1970 123  16736.00  22.0  30.0   2.0   .68    .0
  5 1970 124  18409.60  21.2  31.0   2.0   .68    .0
  5 1970 125   2510.40  21.2  23.0   1.8   .68  36.6
  5 1970 126   7949.60  21.6  26.0   2.6   .68  22.0
  5 1970 127  19246.40  21.8  31.0   2.0   .68    .6
  5 1970 128  24267.20  21.4  30.0   2.0   .68    .0
  5 1970 129  19246.40  21.2  30.2   1.9   .68  13.6
  5 1970 130  18828.00  22.2  30.2   2.1   .68   1.5
  5 1970 131  12552.00  23.0  30.2   2.1   .68   2.9
  5 1970 132   9204.80  23.0  30.0   2.1   .68  67.7
  5 1970 133   4184.00  22.5  26.0   2.1   .68   7.9
  5 1970 134  12552.00  22.0  30.0   2.0   .68    .1
  5 1970 135  15480.80  23.0  30.0   2.0   .68    .0
  5 1970 136  10878.40  23.9  30.5   2.2   .68  10.5
  5 1970 137  15899.20  22.1  30.0   2.0   .68  19.7
  5 1970 138  13388.80  22.4  30.1   2.1   .68  24.6
  5 1970 139  20083.20  23.4  31.2   2.0   .68   2.9
  5 1970 140  15062.40  22.7  31.0   2.1   .68  14.0
  5 1970 141  15899.20  22.5  31.0   2.1   .68    .0
  5 1970 142  20083.20  22.2  31.0   2.0   .68    .0
  5 1970 143  20501.60  21.2  30.2   1.9   .68    .2
  5 1970 144  18828.00  22.2  31.0   2.0   .68    .5
  5 1970 145  11715.20  23.0  31.0   2.3   .68    .9
  5 1970 146   8368.00  23.8  29.3   2.2   .68   7.0
  5 1970 147  16317.60  20.8  30.0   1.9   .68   1.8
  5 1970 148  15899.20  22.0  30.5   2.0   .68    .0
  5 1970 149  18409.60  23.1  32.0   2.1   .68    .3
  5 1970 150  13807.20  21.6  30.5   1.9   .68    .0
  5 1970 151  19246.40  22.0  31.5   2.0   .68   1.8
  5 1970 152  15355.28  23.2  31.0   2.1   .68   1.8
  5 1970 153  16150.24  22.0  31.0   2.1   .68    .2
  5 1970 154  20292.40  23.7  32.0   2.2   .63   2.0
  5 1970 155  19497.44  23.2  32.2   2.2   .63  24.3
  5 1970 156  19497.44  22.9  32.0   2.1   .63  94.4
  5 1970 157  16568.64  24.0  31.0   2.2   .63  19.9
  5 1970 158  13263.28  23.2  30.0   2.2   .63   6.4
  5 1970 159  13263.28  23.0  32.0   2.1   .63  16.0
  5 1970 160  19497.44  23.2  32.2   2.2   .63  44.5
  5 1970 161   4560.56  23.2  28.2   2.1   .63    .9
  5 1970 162  20292.40  22.2  30.8   2.1   .63   4.3
  5 1970 163  10376.32  22.9  30.0   2.0   .63    .0
  5 1970 164  14100.08  23.0  30.0   2.2   .63  19.5
  5 1970 165  13263.28  23.4  29.0   2.1   .63  26.4
  5 1970 166  19915.84  21.8  31.0   2.0   .63  22.5
  5 1970 167  20710.80  22.8  30.2   2.1   .63    .0
  5 1970 168  13681.68  22.6  32.0   2.2   .63  30.0
  5 1970 169  21547.60  24.0  31.0   2.2   .63   8.7
  5 1970 170  20292.40  23.8  31.2   2.2   .63    .1
  5 1970 171  21129.20  23.0  31.2   2.2   .63   6.3
  5 1970 172   4142.16  23.0  29.0   2.1   .63   1.4
  5 1970 173   7029.12  21.0  28.2   1.9   .63   1.0
  5 1970 174  13263.28  23.0  30.4   2.2   .63  47.7
  5 1970 175  15731.84  22.0  29.0   2.1   .63  72.1
  5 1970 176  15731.84  22.2  30.0   2.2   .63    .0
  5 1970 177  18242.24  22.5  30.2   2.2   .63  24.3
  5 1970 178  15355.28  23.4  30.8   1.9   .63    .0
  5 1970 179  14518.48  22.8  31.5   2.1   .63    .0
  5 1970 180  12552.00  22.6  29.0   2.1   .63    .0
  5 1970 181  15062.40  22.2  31.0   2.0   .63  18.4
  5 1970 182  16736.00  22.6  30.2   2.0   .66    .0
  5 1970 183  15480.80  21.9  30.2   1.9   .66    .0
  5 1970 184  10878.40  22.0  28.2   2.0   .66    .1
  5 1970 185  12552.00  22.2  30.0   2.1   .66    .0
  5 1970 186  20083.20  22.2  30.2   2.1   .66   2.7
  5 1970 187  13807.20  24.0  30.2   2.3   .66    .2
  5 1970 188  10460.00  23.2  29.2   2.9   .66  28.9
  5 1970 189   4602.40  23.0  27.5   2.1   .66  47.8
  5 1970 190  13388.80  22.2  30.1   2.1   .66   1.7
  5 1970 191  12133.60  23.2  30.2   2.1   .66  19.3
  5 1970 192  17991.20  22.5  30.7   2.1   .66   3.3
  5 1970 193  12552.00  22.0  29.0   2.1   .66    .0
  5 1970 194  13388.80  22.1  30.2   2.1   .66    .0
  5 1970 195   8368.00  22.5  29.0   2.0   .66   4.6
  5 1970 196   9204.80  23.0  31.0   2.1   .66    .3
  5 1970 197  14644.00  21.8  30.0   1.9   .66   8.0
  5 1970 198  18828.00  23.3  31.0   2.1   .66    .6
  5 1970 199  19246.40  22.5  30.6   2.0   .66  18.1
  5 1970 200  13388.80  22.5  32.3   2.2   .66    .0
  5 1970 201  20920.00  22.6  30.5   2.1   .66   5.0
  5 1970 202  15062.40  23.0  30.7   2.1   .66   6.3
  5 1970 203  18828.00  22.8  31.0   2.1   .66   1.6
  5 1970 204  19246.40  23.0  31.7   2.2   .66    .6
  5 1970 205  11715.20  22.5  31.0   2.1   .66    .0
  5 1970 206  13388.80  22.0  30.0   1.9   .66   2.3
  5 1970 207  14644.00  22.2  30.2   2.0   .66   9.5
  5 1970 208  17991.20  21.2  30.2   2.0   .66   1.6
  5 1970 209  21338.40  22.0  30.0   2.0   .66   1.8
  5 1970 210  17154.40  21.2  30.2   2.0   .66    .0
  5 1970 211  21756.80  22.0  32.0   2.0   .66    .2
  5 1970 212   9623.20  22.2  28.2   2.1   .66   1.6
  5 1970 213   8786.40  23.0  29.2   2.0   .66   3.8
  5 1970 214  17572.80  20.1  31.0   2.0   .66    .0
  5 1970 215  21756.80  22.0  31.2   2.0   .66    .2
  5 1970 216  23012.00  23.0  32.2   2.2   .66   1.0
  5 1970 217   6694.40  22.2  29.0   2.1   .66   2.8
  5 1970 218  20501.60  21.0  31.6   2.0   .66    .0
  5 1970 219  13807.20  21.0  31.2   2.0   .66   1.8
  5 1970 220  17572.80  21.0  32.0   2.0   .66    .0
  5 1970 221  22593.60  21.6  31.0   2.0   .66    .0
  5 1970 222  19664.80  22.5  32.0   2.1   .66    .0
  5 1970 223  17154.40  22.6  32.2   2.1   .66    .0
  5 1970 224  16736.00  22.1  32.0   2.0   .66  34.5
  5 1970 225  14225.60  22.2  32.0   2.0   .66  47.4
  5 1970 226  15480.80  22.2  31.0   2.0   .66    .0
  5 1970 227  15062.40  22.0  31.0   2.1   .66    .9
  5 1970 228   4184.00  23.2  27.0   2.2   .66  31.1
  5 1970 229  18409.60  21.2  32.2   1.9   .66    .0
  5 1970 230  11715.20  22.0  32.0   1.9   .66    .0
  5 1970 231  10460.00  22.2  30.0   2.0   .66  20.7
  5 1970 232   5857.60  21.2  29.0   1.9   .66   6.0
  5 1970 233   4184.00  22.5  25.0   2.0   .66  45.5
  5 1970 234  17154.40  22.0  30.0   2.0   .66    .0
  5 1970 235   2510.40  23.0  26.0   2.1   .66    .4
  5 1970 236  15480.80  23.0  30.2   2.1   .66    .3
  5 1970 237  16736.00  22.6  31.2   2.1   .66    .0
  5 1970 238  20920.00  22.0  31.0   2.4   .66    .0
  5 1970 239  18409.60  22.2  31.0   2.0   .66   6.0
  5 1970 240  19246.40  21.5  31.2   1.9   .66   3.4
  5 1970 241  15062.40  21.2  30.0   2.0   .66    .7
  5 1970 242  20920.00  22.0  30.4   2.1   .66   2.6
  5 1970 243  12552.00  22.2  30.0   2.1   .66    .0
  5 1970 244  20920.00  21.2  32.0   2.0   .66    .0
  5 1970 245  17572.80  22.6  31.0   2.1   .65   3.6
  5 1970 246   9204.80  22.8  30.0   2.1   .65   3.7
  5 1970 247  19664.80  22.8  30.0   2.0   .65  93.5
  5 1970 248   6276.00  22.5  27.0   2.1   .65   6.7
  5 1970 249  15480.80  22.8  31.0   2.1   .65   8.2
  5 1970 250  18409.60  22.0  31.5   2.1   .65    .0
  5 1970 251  20920.00  22.8  31.2   2.1   .65    .0
  5 1970 252  20501.60  22.6  31.2   2.2   .65    .0
  5 1970 253  20920.00  22.0  31.2   2.2   .65    .0
  5 1970 254  22593.60  23.0  32.0   2.2   .65    .0
  5 1970 255   5020.80  22.0  26.0   1.9   .65  18.9
  5 1970 256  20920.00  21.2  32.0   1.9   .65    .0
  5 1970 257  19246.40  22.0  32.0   2.1   .65    .0
  5 1970 258  19664.80  21.0  31.2   2.0   .65    .0
  5 1970 259  14644.00  23.0  30.2   2.1   .65   2.4
  5 1970 260  11715.20  22.0  30.2   1.9   .65   9.8
  5 1970 261  20083.20  21.2  30.2   2.0   .65    .0
  5 1970 262   9623.20  22.2  29.2   2.0   .65   3.0
  5 1970 263  11296.80  20.2  31.0   2.0   .65    .7
  5 1970 264  19246.40  20.2  32.2   2.0   .65    .0
  5 1970 265  20083.20  21.2  30.2   2.1   .65    .0
  5 1970 266  11715.20  22.2  29.0   2.0   .65    .8
  5 1970 267  20501.60  22.0  32.2   2.0   .65    .0
  5 1970 268  20083.20  21.0  32.0   2.0   .65    .0
  5 1970 269  21338.40  22.7  32.0   2.2   .65    .0
  5 1970 270  14225.60  23.2  31.2   2.1   .65    .3
  5 1970 271  16317.60  23.0  33.2   2.2   .65    .0
  5 1970 272  16736.00  22.2  31.0   2.1   .65    .2
  5 1970 273  17154.40  22.2  31.2   2.2   .66    .0
  5 1970 274  19288.24  21.2  32.0   2.0   .66    .0
  5 1970 275  22593.60  21.0  32.0   2.5   .66   2.0
  5 1970 276  18451.44  22.7  32.0   2.2   .66   3.6
  5 1970 277  16024.72  23.0  31.0   2.2   .66   7.3
  5 1970 278  10669.20  22.0  30.0   2.1   .66   3.3
  5 1970 279  21338.40  21.2  31.2   3.0   .66    .0
  5 1970 280  23012.00  22.0  32.0   2.0   .66    .0
  5 1970 281  18451.44  20.8  34.0   2.0   .66    .0
  5 1970 282  19288.24  23.0  33.0   2.1   .66    .0
  5 1970 283  22593.60  22.4  32.0   2.1   .66    .0
  5 1970 284  10669.20  22.2  31.2   2.0   .66    .3
  5 1970 285  20920.00  21.0  32.2   2.0   .66    .0
  5 1970 286  22175.20  21.2  33.6   2.1   .66  74.6
  5 1970 287  11087.60  22.8  30.2   2.1   .66  11.9
  5 1970 288  20125.04  21.0  32.2   1.9   .66    .5
  5 1970 289   9455.84  23.0  31.0   2.1   .66   1.0
  5 1970 290  14769.52  22.0  30.2   2.0   .66    .6
  5 1970 291   9455.84  22.6  29.4   2.1   .66  11.9
  5 1970 292  13556.16  21.2  30.4   1.9   .66    .0
  5 1970 293  15187.92  21.0  31.2   2.2   .66    .4
  5 1970 294   9037.44  22.0  29.0   2.0   .66    .5
  5 1970 295  10250.80  22.0  28.8   2.1   .66  25.2
  5 1970 296  15187.92  22.4  31.2   2.0   .66   7.0
  5 1970 297  18074.88  21.2  32.0   2.0   .66    .0
  5 1970 298  15187.92  21.2  30.2   2.1   .66    .0
  5 1970 299  16401.28  21.2  30.0   2.0   .66    .0
  5 1970 300  18451.44  22.0  31.0   2.0   .66    .0
  5 1970 301  20543.44  20.2  30.6   2.0   .66    .0
  5 1970 302  19288.24  21.2  32.0   2.0   .66   8.5
  5 1970 303  12300.96  21.8  29.2   2.2   .66   5.2
  5 1970 304  15187.92  21.6  30.2   2.2   .66   1.8
  5 1970 305  20125.04  20.6  29.8   2.0   .66    .0
  5 1970 306  16108.40  20.5  29.0   1.9   .66    .0
  5 1970 307   8033.28  20.5  27.4   2.0   .66  11.3
  5 1970 308   8033.28  22.5  27.2   2.0   .68   1.1
  5 1970 309   4811.60  22.7  25.0   2.0   .68  16.9
  5 1970 310   1589.92  21.8  23.4   1.9   .68 268.4
  5 1970 311   3221.68  21.0  23.2   1.9   .68 107.0
  5 1970 312  11673.36  20.2  28.0   1.7   .68  28.9
  5 1970 313   4435.04  21.0  29.0   1.9   .68    .5
  5 1970 314  14476.64  21.2  29.2   2.0   .68  17.1
  5 1970 315  16484.96  20.0  29.2   2.1   .68   2.0
  5 1970 316  17321.76  22.2  28.7   2.2   .68    .0
  5 1970 317  16903.36  22.0  30.0   2.1   .68    .0
  5 1970 318  21338.40  22.7  29.8   2.0   .68    .0
  5 1970 319  17698.32  22.5  29.8   2.1   .68    .0
  5 1970 320   6819.92  23.2  27.4   2.9   .68  49.8
  5 1970 321   6443.36  21.2  25.0   1.7   .68  46.4
  5 1970 322   3221.68  21.0  23.0   1.7   .68  74.9
  5 1970 323   4811.60  20.8  23.0   1.9   .68  33.4
  5 1970 324  18116.72  21.0  28.5   1.9   .68    .3
  5 1970 325  21714.96  21.0  28.8   1.9   .68    .0
  5 1970 326  16484.96  22.0  31.0   1.9   .68   3.2
  5 1970 327  17698.32  19.0  29.5   1.7   .68    .0
  5 1970 328  21338.40  20.0  29.5   1.8   .68   8.4
  5 1970 329  17698.32  21.0  30.0   1.8   .68   4.9
  5 1970 330   9246.64  18.0  25.6   1.6   .68    .6
  5 1970 331  15690.00  20.8  30.0   1.7   .68    .0
  5 1970 332  17321.76  19.7  29.6   1.8   .68   4.0
  5 1970 333   9665.04  21.8  27.8   2.0   .68  18.9
  5 1970 334  12091.76  21.1  27.4   1.8   .68   2.3
  5 1970 335  12761.20  20.5  27.0   1.9   .68   6.7
  5 1970 336   6359.68  21.2  24.0   1.9   .69  58.0
  5 1970 337   1589.92  22.2  25.0   2.0   .69 125.9
  5 1970 338   2008.32  22.0  24.0   2.1   .69 268.3
  5 1970 339   2803.28  21.2  22.7   1.8   .69 177.3
  5 1970 340   6778.08  22.0  24.6   1.9   .69  66.9
  5 1970 341   7154.64  21.0  23.6   1.7   .69  18.8
  5 1970 342   6778.08  18.2  23.0   1.6   .69   9.8
  5 1970 343   5564.72  21.0  26.0   1.9   .69  32.5
  5 1970 344   5983.12  21.0  26.5   2.0   .69  27.7
  5 1970 345  15146.08  23.2  29.0   2.2   .69  12.7
  5 1970 346  14351.12  22.4  29.5   2.0   .69   3.8
  5 1970 347  11547.84  23.0  29.5   2.1   .69   8.7
  5 1970 348  17530.96  23.0  29.8   2.1   .69  21.2
  5 1970 349  15522.64  22.2  30.0   2.0   .69  40.5
  5 1970 350  15146.08  22.0  30.0   2.0   .69    .1
  5 1970 351  13556.16  22.5  28.5   2.2   .69    .0
  5 1970 352   3598.24  23.0  27.0   2.1   .69 140.0
  5 1970 353  18325.92  22.5  30.5   2.2   .69  12.4
  5 1970 354  11171.28  22.0  28.5   2.0   .69  68.6
  5 1970 355   6778.08  22.0  26.0   1.9   .69  70.0
  5 1970 356  15941.04  22.0  29.6   2.0   .69  25.7
  5 1970 357  19539.28  22.4  30.0   2.0   .69  15.5
  5 1970 358  11547.84  22.0  29.5   1.9   .69   9.4
  5 1970 359  15941.04  20.5  28.5   1.8   .69    .5
  5 1970 360  16317.60  21.5  30.5   1.9   .69   4.6
  5 1970 361  13556.16  22.0  29.5   1.9   .69  43.4
  5 1970 362  16317.60  22.0  30.5   2.0   .69   1.1
  5 1970 363  15146.08  20.5  30.0   1.8   .69  11.7
  5 1970 364  11547.84  21.0  28.2   1.9   .69    .4
  5 1970 365  17530.96  20.5  30.0   1.8   .69    .0
