*---------------------------------------------------------              
* Station name: Puerto Limon                                            
* Author: Atlantic Zone Project, AUW-MAG-CATIE, Costa Rica              
* Source: IMN, San Jose, Costa Rica                                     
*                                                                       
* Comments:                                                             
*                                                                       
*                                                                       
*                                                                       
* Longitude:  83  3 W, latitude:  10  0 N, altitude:  3 m.              
* Column  Daily value                                                   
*    1    station number                                                
*    2    year                                                          
*    3    month                                                         
*    4    day                                                           
*    5    julian date                                                   
*    6    irradiation            (1000 * MJ m-2 d-1)                    
*    7    minimum temperature    (degrees Celcius)                      
*    8    maximum temperature    (degrees Celcius)                      
*    9    vapor pressure at 0700 (mbar)                                 
*   10    vapor pressure at 1300 (mbar)                                 
*   11    vapor pressure at 1800 (mbar)                                 
*   12    mean wind speed        (kilometer per hour)                   
*   13    precipitation          (mm d-1)                               
*   14    sunshine hours         (hours)                                
* Missing value: -99                                                    
*---------------------------------------------------------              
*  data converted with WDC for CABO-format
*-------------------------------------------
  83.05  10.00     3.  .00  .00
  5 1990   1  10465.00  19.8  28.2   2.4  1.86   2.5
  5 1990   2   6153.00  21.4  28.2   2.5  2.28  51.3
  5 1990   3  10549.00  20.7  28.5   2.5  2.03  14.2
  5 1990   4   6237.00  21.5  28.5   2.6  1.56  13.1
  5 1990   5  10590.00  22.3  27.9   2.8  1.56   7.0
  5 1990   6  12139.00  22.1  28.9   2.7  2.36  19.7
  5 1990   7  15153.00  22.4  29.5   2.7  2.36    .0
  5 1990   8  15698.00  19.7  28.5   2.3  2.17    .0
  5 1990   9  10046.00  20.0  28.2   2.3  2.31    .7
  5 1990  10  11386.00  20.8  28.5   2.4  1.75    .1
  5 1990  11  11428.00  21.3  28.2   2.4  1.92    .0
  5 1990  12  12139.00  20.7  28.8   2.4  1.89    .0
  5 1990  13  12390.00  21.5  29.0   2.4  2.06    .0
  5 1990  14  15404.00  21.1  29.7   2.6  2.47  15.3
  5 1990  15   7367.00  21.7  28.0   2.6  2.00   9.4
  5 1990  16  16576.00  20.6  29.4   2.5  2.50  16.5
  5 1990  17   4144.00  21.8  26.4   2.6  1.94  89.7
  5 1990  18   6404.00  22.4  28.0   2.8  1.78  21.2
  5 1990  19  12684.00  21.7  28.5   2.7  1.83  14.9
  5 1990  20  15698.00  21.9  29.2   2.7  1.64   1.1
  5 1990  21  11051.00  22.2  28.4   2.7  2.22  52.4
  5 1990  22   2637.00  22.6  25.6   2.7  1.58  62.4
  5 1990  23   9042.00  22.5  28.0   2.7  1.78  43.2
  5 1990  24  14525.00  22.7  29.7   2.6  1.67   1.3
  5 1990  25  15070.00  22.4  30.0   2.7  1.92   2.5
  5 1990  26  16158.00  23.0  29.6   2.8  1.94    .3
  5 1990  27  12558.00  21.9  28.7   2.7  3.08  31.2
  5 1990  28  14232.00  23.7  29.3   3.0  1.89  19.3
  5 1990  29  17246.00  22.0  29.0   2.7  2.36   7.1
  5 1990  30  17539.00  22.1  29.6   2.6  2.19  10.1
  5 1990  31  10214.00  22.2  29.0   2.6  1.53   3.2
  5 1990  32  17288.00  22.4  29.3   2.6  1.86   1.6
  5 1990  33  17372.00  21.8  29.1   2.7  2.22  15.2
  5 1990  34   7744.00  22.5  26.2   2.7  1.75   3.0
  5 1990  35   7074.00  22.0  25.8   2.7  2.25  23.8
  5 1990  36   9963.00  21.2  27.8   2.5  1.94    .0
  5 1990  37  16200.00  21.5  28.7   2.5  2.11   6.9
  5 1990  38  11805.00  21.5  28.5   2.6  1.61    .0
  5 1990  39  17790.00  19.1  28.5   2.1  2.14  16.0
  5 1990  40  14860.00  21.0  29.7   2.5  2.28    .0
  5 1990  41  17581.00  20.8  29.0   2.4  1.81    .9
  5 1990  42  18209.00  22.5  28.8   2.8  2.28   1.2
  5 1990  43  20177.00  20.9  28.6   2.4  2.64    .1
  5 1990  44  12349.00  20.0  29.1   2.4  2.22   1.3
  5 1990  45  18042.00  20.6  29.1   2.5  2.00    .0
  5 1990  46  16493.00  21.1  29.2   2.5  2.42    .4
  5 1990  47  11386.00  22.3  29.1   2.5  1.78    .3
  5 1990  48  11930.00  19.7  27.5   2.3  2.22   9.7
  5 1990  49  20177.00  20.5  28.8   2.3  2.08    .0
  5 1990  50  20218.00  19.1  29.1   2.0  2.33    .0
  5 1990  51  16744.00  18.4  29.6   2.0  1.97    .0
  5 1990  52  15781.00  19.9  29.0   2.3  1.86    .0
  5 1990  53  16074.00  21.3  28.8   2.4  2.56   1.9
  5 1990  54  11805.00  23.2  28.3   2.8  2.00  12.0
  5 1990  55  19549.00  22.0  29.3   2.7  2.72    .0
  5 1990  56  15153.00  19.5  29.3   2.2  1.67   1.4
  5 1990  57  11177.00  20.5  28.4   2.4  1.94    .7
  5 1990  58  18042.00  19.3  28.9   2.2  2.31  12.7
  5 1990  59  15279.00  20.5  29.5   2.4  2.31    .0
  5 1990  60  20177.00  19.0  29.0   2.2  2.44    .0
  5 1990  61  20553.00  18.4  29.4   2.0  2.39   3.1
  5 1990  62  15153.00  19.4  28.2   2.2  1.83    .7
  5 1990  63  10340.00  22.0  27.7   2.7  1.92   7.9
  5 1990  64  16242.00  21.1  28.6   2.5  2.25   2.5
  5 1990  65  15153.00  20.0  29.5   2.3  2.42  36.0
  5 1990  66   8623.00  22.2  26.2   2.7  2.25  16.6
  5 1990  67  13060.00  21.0  28.2   2.5  2.25   4.1
  5 1990  68  12181.00  21.2  28.4   2.4  1.94   6.8
  5 1990  69   8665.00  21.3  27.4   2.6  1.78   7.4
  5 1990  70  12056.00  22.8  29.4   2.8  1.72  47.5
  5 1990  71   8665.00  23.4  27.3   2.8  4.31   7.5
  5 1990  72  10256.00  24.3  28.6   2.9  3.78  25.8
  5 1990  73  16618.00  22.6  29.3   2.7  2.44  18.3
  5 1990  74  14274.00  23.8  29.6   2.9  1.67   7.3
  5 1990  75  11512.00  24.0  29.4   2.9  2.47   1.1
  5 1990  76   7116.00  23.2  27.6   3.0  1.92  22.9
  5 1990  77   9544.00  23.2  28.8   2.8  1.50   2.4
  5 1990  78  11805.00  22.0  29.8   2.6  2.36  13.7
  5 1990  79   8372.00  22.4  27.8   2.7  1.81  11.2
  5 1990  80  18460.00  21.4  29.2   2.7  1.92    .3
  5 1990  81  15321.00  20.4  28.8   2.5  2.33    .0
  5 1990  82  19214.00  20.2  29.3   2.4  2.92  21.8
  5 1990  83  13772.00  21.4  29.3   2.5  2.47    .4
  5 1990  84  16325.00  20.7  29.2   2.9  2.33  19.3
  5 1990  85  13228.00  21.5  28.5   2.6  1.72   7.3
  5 1990  86  16618.00  22.6  29.2   2.8  2.11   1.1
  5 1990  87  20721.00  19.6  29.1   2.2  2.19    .0
  5 1990  88  16618.00  20.9  29.1   2.5  1.86    .0
  5 1990  89  16116.00  20.8  29.4   2.5  1.83    .0
  5 1990  90  17832.00  22.9  29.9   2.8  2.53    .0
  5 1990  91  20135.00  22.7  30.3   2.8  2.31   3.9
  5 1990  92  15028.00  23.7  29.2   2.9  2.08    .0
  5 1990  93  19842.00  22.2  29.9   2.7  1.94    .0
  5 1990  94  21391.00  21.2  29.9   2.6  2.22    .0
  5 1990  95  15781.00  20.4  30.2   2.5  2.14    .0
  5 1990  96  19005.00  20.3  29.8   2.4  2.11    .0
  5 1990  97  11219.00  22.9  31.2   2.8  2.31  33.3
  5 1990  98   7367.00  23.7  29.3   2.9  3.33  11.1
  5 1990  99  18167.00  25.3  30.4   3.1  2.75    .0
  5 1990 100  11930.00  21.3  29.3   2.5  1.64   4.3
  5 1990 101  14777.00  20.8  29.4   2.5  2.06    .8
  5 1990 102   9167.00  22.2  30.3   2.7  2.06   1.4
  5 1990 103  11219.00  22.8  30.8   2.7  1.69    .0
  5 1990 104   6405.00  22.1  29.9   2.7  1.81  11.5
  5 1990 105   5986.00  22.6  26.8   2.7  1.56   2.2
  5 1990 106   5484.00  22.8  29.0   2.7  1.81   2.9
  5 1990 107   6614.00  22.7  29.2   2.7  2.11   1.5
  5 1990 108  13521.00  21.9  29.8   2.8  2.19   5.9
  5 1990 109  24696.28  21.7  30.7   2.9  2.53   2.6
  5 1990 110  16409.00  20.7  29.7   2.5  2.50    .0
  5 1990 111  18167.00  21.0  29.8   2.6  2.11    .6
  5 1990 112  12600.00  22.0  29.8   2.7  2.28  11.3
  5 1990 113   9419.00  22.5  29.6   2.6  2.03    .0
  5 1990 114  18753.00  21.8  29.6   2.8  2.42    .0
  5 1990 115  16535.00  21.7  29.9   2.8  2.17    .0
  5 1990 116  16200.00  22.1  31.2   2.6  2.11    .0
  5 1990 117  13646.00  22.9  30.3   2.8  1.94    .0
  5 1990 118  16200.00  22.9  30.8   2.7  1.86  21.2
  5 1990 119   7367.00  22.6  29.3   3.0  1.83   7.5
  5 1990 120  16953.00  22.6  30.8   2.9  1.92  26.6
  5 1990 121   9126.00  22.8  28.6   3.0  1.97  54.1
  5 1990 122   6531.00  22.5  28.1   2.6  1.89   2.9
  5 1990 123   6991.00  22.3  26.5   2.7  1.83   7.4
  5 1990 124  17456.00  21.3  29.5   2.6  2.00  20.3
  5 1990 125  16577.00  21.2  30.1   2.5  2.89   2.9
  5 1990 126  17833.00  21.6  29.5   2.7  1.89   9.9
  5 1990 127  12475.00  23.0  29.8   2.9  2.00  24.2
  5 1990 128  12600.00  23.4  29.3   2.9  1.92 150.2
  5 1990 129   5945.00  22.8  27.9   2.8  1.44   1.2
  5 1990 130   3977.00  24.1  26.4   2.9  1.53  26.3
  5 1990 131  10717.00  23.4  30.0   3.0  2.89   4.9
  5 1990 132  12349.00  24.3  30.8   3.1  1.69  65.6
  5 1990 133  14777.00  24.0  29.9   3.0  2.50  64.4
  5 1990 134   3852.00  23.2  25.5   2.8  1.72  53.1
  5 1990 135   2847.00  22.2  25.5   2.7  2.08  40.8
  5 1990 136  13228.00  22.2  29.6   2.8  1.78   6.7
  5 1990 137  15028.00  24.0  30.4   3.0  2.75  19.8
  5 1990 138  12977.00  23.2  29.3   2.8  1.78   3.4
  5 1990 139  16661.00  23.6  31.3   3.1  2.61    .4
  5 1990 140  20503.20  24.3  30.7   3.1  2.28   4.1
  5 1990 141   3935.00  24.4  25.6   3.2  2.42 144.2
  5 1990 142  12475.00  23.0  28.6   2.7  1.56    .1
  5 1990 143  13521.00  24.4  30.2   3.2  1.89  14.0
  5 1990 144  15656.00  23.2  30.8   2.9  1.92    .0
  5 1990 145  13772.00  24.9  29.8   3.1  1.53    .0
  5 1990 146  17456.00  24.8  30.8   3.2  1.69    .0
  5 1990 147  13354.00  24.1  30.9   3.1  2.06    .0
  5 1990 148  11554.00  23.0  31.3   2.8  1.78    .0
  5 1990 149  15279.00  23.3  31.4   3.0  2.17    .0
  5 1990 150  14358.00  25.0  30.8   3.2  2.08    .0
  5 1990 151  16912.00  23.7  30.5   2.9  1.97  20.7
  5 1990 152   7033.00  23.4  27.9   3.0  1.64  21.6
  5 1990 153   9838.00  22.8  28.8   2.7  1.72   2.3
  5 1990 154  10800.00  24.0  28.9   2.9  2.22  21.6
  5 1990 155   9670.00  23.4  29.9   2.9  2.08   2.2
  5 1990 156  15405.00  22.6  30.2   2.9  2.22  69.3
  5 1990 157  12475.00  23.4  31.3   2.9  2.28  23.5
  5 1990 158  14735.00  24.3  30.8   3.0  2.19  46.5
  5 1990 159   6782.00  24.0  28.7   2.9  1.33  46.7
  5 1990 160   9712.00  23.6  29.8   2.9  2.61  18.2
  5 1990 161   5191.00  23.3  25.6   2.9  1.53  26.3
  5 1990 162  15698.00  22.5  30.4   2.8  2.08    .0
  5 1990 163  16661.00  24.1  30.1   3.1  1.69  15.2
  5 1990 164  14861.00  24.4  30.9   3.0  2.31   2.7
  5 1990 165   5442.00  24.2  27.6   3.0  1.58   1.8
  5 1990 166  12307.00  21.9  28.7   2.8  2.03    .0
  5 1990 167  15321.00  22.8  29.5   2.8  1.69    .0
  5 1990 168   9168.00  23.0  29.6   2.8  1.83    .1
  5 1990 169  15572.00  23.0  29.9   2.9  2.14    .0
  5 1990 170  17582.00  23.9  30.8   3.0  2.08   1.8
  5 1990 171  12768.00  24.0  30.9   2.9  2.11   1.1
  5 1990 172   5945.00  23.2  29.1   2.8  1.56  38.7
  5 1990 173   6112.00  23.6  27.9   2.9  1.44   6.3
  5 1990 174   4228.00  24.0  29.2   2.9  2.47    .5
  5 1990 175  12977.00  23.6  30.0   2.9  2.33   3.4
  5 1990 176   7284.00  22.6  28.4   2.8  1.94  18.3
  5 1990 177  11344.00  22.8  28.3   2.8  1.47    .1
  5 1990 178  13730.00  23.0  31.1   2.9  2.53  31.5
  5 1990 179   9419.00  22.8  29.0   2.8  1.75    .0
  5 1990 180  12977.00  22.8  29.2   2.9  2.08  39.5
  5 1990 181  12726.00  24.1  29.9   3.0  2.06   3.2
  5 1990 182   4353.00  24.0  27.4   2.9  1.33  24.0
  5 1990 183  13479.00  22.4  30.4   2.6  1.89    .0
  5 1990 184  13228.00  23.9  31.0   3.2  2.17   9.0
  5 1990 185  16284.00  22.5  30.2   2.8  2.78   6.3
  5 1990 186  13479.00  23.2  29.5   2.8  1.61    .0
  5 1990 187   6865.00  23.4  27.4   2.9  1.50  15.4
  5 1990 188   5986.00  23.0  26.7   2.9  1.53  16.9
  5 1990 189  15279.00  22.3  29.9   2.8  2.69  11.3
  5 1990 190   6739.00  22.9  27.0   2.8  1.56  10.2
  5 1990 191   9586.00  22.4  28.6   2.8  2.64   7.4
  5 1990 192  17581.00  21.7  29.7   2.9  1.86    .0
  5 1990 193   5484.00  23.2  27.6   2.7  1.78  20.0
  5 1990 194  11846.00  22.2  29.6   2.7  2.00    .0
  5 1990 195  13102.00  22.5  29.5   2.8  1.86    .0
  5 1990 196   5065.00  23.1  26.0   2.8  1.64   7.1
  5 1990 197  14358.00  22.0  29.2   2.7  2.08  19.8
  5 1990 198  10967.00  23.6  27.9   2.9  1.61    .2
  5 1990 199  10423.00  22.3  29.7   2.8  2.94    .6
  5 1990 200  19381.00  21.4  29.6   2.5  1.92    .0
  5 1990 201  17539.00  23.0  29.4   2.8  2.06    .0
  5 1990 202  12307.00  23.0  29.5   2.7  1.83  54.6
  5 1990 203   7744.00  23.5  27.8   2.9  1.75  24.7
  5 1990 204  12767.00  23.6  29.3   2.9  1.86   2.7
  5 1990 205  13521.00  23.0  29.6   2.8  2.61   5.7
  5 1990 206  15572.00  23.2  29.7   2.9  1.75  17.3
  5 1990 207  16828.00  24.0  30.3   3.0  2.03    .1
  5 1990 208  20093.00  23.8  30.2   2.9  2.11   4.0
  5 1990 209  19339.00  23.1  30.0   2.8  1.94    .0
  5 1990 210  19632.00  24.0  30.7   3.0  2.00   5.7
  5 1990 211  20762.00  23.5  30.7   3.1  1.72   2.0
  5 1990 212   6404.00  24.2  29.1   3.0  2.03  14.5
  5 1990 213  13730.00  21.7  29.3   2.6  2.11  47.1
  5 1990 214   9712.00  24.0  29.3   2.9  2.00  48.0
  5 1990 215   5860.00  22.8  26.9   2.7  1.56    .7
  5 1990 216  18502.00  22.5  30.9   2.7  2.47    .4
  5 1990 217  19967.00  21.5  30.6   2.6  1.92    .0
  5 1990 218  15698.00  23.0  29.9   2.8  2.19  20.7
  5 1990 219  11218.00  23.5  29.9   2.8  2.11  22.5
  5 1990 220  12474.00  23.0  28.8   2.8  1.86    .2
  5 1990 221  18251.00  23.0  30.4   2.8  2.86  47.4
  5 1990 222   9209.00  24.0  29.1   3.0  1.89  53.8
  5 1990 223  14986.00  23.0  29.5   2.8  1.92    .0
  5 1990 224   9126.00  23.1  28.4   2.8  1.56  12.1
  5 1990 225  12098.00  24.0  29.0   3.0  2.25    .1
  5 1990 226  16200.00  23.0  28.9   2.8  2.17   5.3
  5 1990 227  14400.00  23.0  29.8   2.9  2.00    .3
  5 1990 228  13898.00  23.6  30.8   2.9  2.22    .0
  5 1990 229  18837.00  23.0  30.4   3.0  2.61 109.0
  5 1990 230   4144.00  23.5  26.5   3.0  1.92 137.4
  5 1990 231   4563.00  23.6  26.1   2.9  1.56  21.6
  5 1990 232  15153.00  23.0  30.8   2.7  2.28  72.8
  5 1990 233   8163.00  23.6  28.7   2.9  1.47  36.6
  5 1990 234  14777.00  23.5  29.8   2.9  3.06  50.2
  5 1990 235   9042.00  22.1  27.5   2.6  1.50    .0
  5 1990 236  13102.00  22.3  29.2   2.7  2.14    .0
  5 1990 237  15907.00  22.7  30.7   2.8  1.94    .8
  5 1990 238  16828.00  23.7  29.9   2.9  2.03    .0
  5 1990 239  20721.00  22.5  30.2   2.8  2.14    .3
  5 1990 240  12516.00  23.0  28.8   3.0  2.39    .0
  5 1990 241  19004.00  22.9  29.9   2.8  2.11   4.2
  5 1990 242  21223.00  24.6  30.4   3.1  2.33    .0
  5 1990 243  10172.00  23.1  28.4   2.7  1.22    .0
  5 1990 244  17539.00  21.5  30.6   2.8  1.94    .2
  5 1990 245  18753.00  22.6  31.2   2.8  2.61  25.4
  5 1990 246  17288.00  23.0  30.0   2.7  1.83  11.5
  5 1990 247  11553.00  23.3  29.2   2.8  1.81   1.3
  5 1990 248  19214.00  22.7  30.7   2.8  2.33    .0
  5 1990 249  15404.00  23.7  30.3   3.0  1.94  22.8
  5 1990 250   8246.00  23.4  27.6   3.0  1.56  10.7
  5 1990 251  17581.00  22.5  30.1   2.7  2.03  16.1
  5 1990 252  20721.00  23.4  30.8   2.9  2.47  15.9
  5 1990 253  19004.00  23.2  30.9   2.9  2.42   9.3
  5 1990 254  12516.00  23.1  29.6   2.8  2.31    .0
  5 1990 255  19214.00  22.8  30.6   2.9  2.78    .0
  5 1990 256  14400.00  24.0  29.6   2.9  2.08    .2
  5 1990 257  19256.00  22.6  30.9   2.7  2.64   8.9
  5 1990 258  15237.00  23.1  29.8   2.8  2.31    .0
  5 1990 259  20846.00  23.0  30.5   3.0  2.22    .7
  5 1990 260  20763.00  22.6  31.5   2.9  2.17    .3
  5 1990 261  16200.00  23.4  31.8   2.8  2.50  29.8
  5 1990 262  19214.00  23.6  31.3   2.9  1.81  11.5
  5 1990 263  11553.00  24.1  30.7   3.1  2.14    .0
  5 1990 264  12893.00  23.0  30.8   2.8  2.39  11.4
  5 1990 265  15907.00  22.5  29.6   2.8  2.06   3.8
  5 1990 266  20470.00  21.7  29.6   2.7  2.14    .9
  5 1990 267  17958.00  22.4  30.4   2.7  2.53    .0
  5 1990 268  22186.00  23.2  31.0   2.9  2.39    .0
  5 1990 269  13898.00  23.4  30.0   2.8  2.22    .0
  5 1990 270  21014.00  22.7  30.3   2.8  2.44    .0
  5 1990 271  12307.00  22.8  30.3   2.8  2.11    .2
  5 1990 272  21014.00  23.1  31.3   2.9  2.00    .2
  5 1990 273   8121.00  23.7  29.0   2.7  1.33    .0
  5 1990 274  16493.00  22.4  31.1   2.9  1.78    .0
  5 1990 275  11470.00  22.5  29.7   2.7  2.17    .3
  5 1990 276  18377.00  23.0  30.8   2.8  2.17   3.2
  5 1990 277  16577.00  23.2  30.2   2.9  2.61   1.0
  5 1990 278  20177.00  21.8  31.8   2.7  2.92    .9
  5 1990 279  18712.00  21.9  30.6   2.8  2.11   3.8
  5 1990 280  15446.00  22.3  30.6   2.7  1.94   9.9
  5 1990 281  16744.00  23.0  31.1   2.8  2.28   5.0
  5 1990 282  11302.00  22.3  29.0   2.8  1.56   7.0
  5 1990 283  11470.00  24.0  29.8   3.0  1.72    .0
  5 1990 284  16242.00  22.6  30.4   2.9  2.03    .0
  5 1990 285  19800.00  22.5  30.9   2.8  1.94    .0
  5 1990 286  19381.00  22.3  31.0   2.7  2.31    .0
  5 1990 287  19130.00  22.4  31.0   2.6  2.42   3.3
  5 1990 288  20177.00  23.6  30.4   3.0  2.00  10.9
  5 1990 289  16912.00  23.4  30.6   2.8  2.11    .0
  5 1990 290  18209.00  23.5  31.5   2.9  2.19    .0
  5 1990 291  12223.00  22.9  29.6   2.8  1.61    .0
  5 1990 292  20428.00  22.8  30.8   3.0  2.08    .0
  5 1990 293  20470.00  21.8  30.8   3.0  2.14    .0
  5 1990 294  19800.00  22.7  31.1   2.8  2.08    .0
  5 1990 295  18335.00  23.6  30.8   2.9  2.11    .0
  5 1990 296  15279.00  22.8  30.9   2.9  1.89    .0
  5 1990 297  18335.00  23.3  32.3   2.7  2.39   1.0
  5 1990 298  18963.00  22.2  32.2   2.8  2.86    .0
  5 1990 299  19842.00  21.1  31.7   2.6  3.53  31.6
  5 1990 300   5023.00  22.3  23.7   2.7  3.08  71.5
  5 1990 301   6740.00  22.0  26.1   2.5  2.86    .0
  5 1990 302  18712.00  20.2  31.5   2.3  4.00   3.3
  5 1990 303  10381.00  23.1  29.5   2.5  2.86    .1
  5 1990 304  14525.00  23.4  31.6   2.6  3.97    .0
  5 1990 305  12935.00  24.9  30.4   2.7  3.11  27.8
  5 1990 306  11972.00  23.2  29.9   2.9  1.83    .7
  5 1990 307  14526.00  23.2  30.0   2.9  2.00  19.3
  5 1990 308  12223.00  23.4  30.3   2.9  1.78  13.0
  5 1990 309  13186.00  23.4  29.9   2.9  1.86   1.5
  5 1990 310  18084.00  22.2  30.7   2.7  2.11    .0
  5 1990 311   9712.00  23.0  29.7   2.8  1.72    .0
  5 1990 312  17916.00  22.1  30.7   2.7  3.28  10.7
  5 1990 313  12977.00  24.0  29.8   3.0  2.08   2.3
  5 1990 314  17832.00  23.7  30.7   3.0  2.06    .0
  5 1990 315   6405.00  23.8  27.2   2.9  2.83  33.7
  5 1990 316  17121.00  23.1  29.9   2.6  3.64    .3
  5 1990 317   9377.00  24.0  28.9   2.8  3.56    .0
  5 1990 318  15028.00  24.1  30.7   2.9  3.22    .0
  5 1990 319  10884.00  23.3  28.5   3.0  2.08  53.6
  5 1990 320   6865.00  23.4  27.5   2.9  2.19  23.2
  5 1990 321   9586.00  22.3  28.8   2.8  2.11   4.0
  5 1990 322  13060.00  21.4  29.8   2.4  1.56    .0
  5 1990 323  18251.00  21.1  29.8   2.6  2.17   2.5
  5 1990 324  14735.00  23.1  30.5   2.8  1.92   5.3
  5 1990 325  15572.00  23.0  30.2   2.9  1.92   2.5
  5 1990 326  16451.00  22.5  30.8   2.8  2.17    .0
  5 1990 327  13353.00  21.0  28.7   2.5  3.11   1.3
  5 1990 328   9460.00  22.5  29.6   2.7  2.19  10.8
  5 1990 329  16660.00  22.6  29.8   2.8  2.61  27.7
  5 1990 330  17539.00  22.5  29.7   2.8  2.31   5.2
  5 1990 331  13604.00  22.5  30.0   2.7  2.36   3.0
  5 1990 332  14023.00  22.4  30.5   2.7  2.75   4.3
  5 1990 333  15446.00  21.7  28.9   2.6  2.11   1.0
  5 1990 334  17958.00  21.3  29.4   2.6  1.67    .0
  5 1990 335  15321.00  21.4  30.0   2.6  2.17   6.7
  5 1990 336   9963.00  22.7  27.7   2.9  1.64  10.0
  5 1990 337  14149.00  21.8  30.3   2.7  2.17   2.6
  5 1990 338  12056.00  22.3  29.0   2.9  2.61  27.7
  5 1990 339   3098.00  22.4  24.4   2.8  2.92  95.0
  5 1990 340  14484.00  21.0  28.5   2.6  1.69   1.2
  5 1990 341  14986.00  22.8  29.4   2.8  1.72    .0
  5 1990 342  16535.00  22.0  30.9   2.6  3.33   9.8
  5 1990 343   4144.00  21.4  23.8   2.4  4.83  14.1
  5 1990 344   5400.00  21.2  23.4   2.3  4.22  18.6
  5 1990 345   9335.00  21.3  25.7   2.5  3.03   5.9
  5 1990 346  10884.00  20.4  26.9   2.5  1.78    .0
  5 1990 347  12725.00  21.2  28.5   2.5  1.78    .0
  5 1990 348   9795.00  22.3  29.6   2.7  1.50  65.9
  5 1990 349   6530.00  23.6  28.5   3.0  1.61  27.3
  5 1990 350  14472.05  24.3  29.7   3.2  1.97  24.1
  5 1990 351  12349.00  23.4  30.1   3.0  1.53   7.2
  5 1990 352   5191.00  23.0  25.4   2.8  1.75  22.0
  5 1990 353   9084.00  23.0  26.9   2.7  1.64   4.1
  5 1990 354  16158.00  21.5  29.8   2.6  2.19    .0
  5 1990 355  16535.00  19.4  28.8   2.3  1.56    .0
  5 1990 356  15865.00  20.5  29.7   2.3  2.11    .0
  5 1990 357  11512.00  20.5  28.8   2.4  1.86    .0
  5 1990 358  15698.00  18.8  28.8   2.1  2.11  17.0
  5 1990 359   8498.00  21.1  27.7   2.5  1.94    .7
  5 1990 360  12014.00  21.8  29.0   2.5  2.78    .0
  5 1990 361  16242.00  18.0  29.5   2.1  1.78   1.2
  5 1990 362  15028.00  19.3  29.7   2.3  1.69    .1
  5 1990 363  14442.00  21.1  30.0   2.5  1.89  17.5
  5 1990 364  11760.88  22.1  28.3   2.6  2.06    .0
  5 1990 365  19691.54  20.6  28.9   2.4  2.06  26.2
