*---------------------------------------------------------              
* Station name: Puerto Limon                                            
* Author: Atlantic Zone Project, AUW-MAG-CATIE, Costa Rica              
* Source: IMN, San Jose, Costa Rica                                     
*                                                                       
* Comments: No SSH June-Aug 24                                          
*                                                                       
*                                                                       
*                                                                       
* Longitude:  83  3 W, latitude:  10  0 N, altitude:  3 m.              
* Column  Daily value                                                   
*    1    station number                                                
*    2    year                                                          
*    3    month                                                         
*    4    day                                                           
*    5    julian date                                                   
*    6    irradiation            (cal cm-2 d-1)                         
*    7    minimum temperature    (degrees Celcius)                      
*    8    maximum temperature    (degrees Celcius)                      
*    9    vapor pressure at 0700 (mbar)                                 
*   10    vapor pressure at 1300 (mbar)                                 
*   11    vapor pressure at 1800 (mbar)                                 
*   12    mean wind speed        (kilometer per hour)                   
*   13    precipitation          (mm d-1)                               
*   14    sunshine hours         (hours)                                
* Missing value: -99                                                    
*---------------------------------------------------------              
*  data converted with WDC for CABO-format
*-------------------------------------------
  83.05  10.00     3.  .00  .00
  5 1977   1  13221.44  17.7  30.0   1.6  1.97    .9
  5 1977   2  13388.80  20.0  30.0   1.9  2.42   5.5
  5 1977   3  13765.36  21.0  30.5   1.9  1.47   2.0
  5 1977   4  10460.00  19.3  30.6   1.8  1.94  20.0
  5 1977   5  10125.28  20.8  29.9   2.0  1.19  12.3
  5 1977   6  14727.68  20.4  30.5   1.9  1.61    .7
  5 1977   7  11840.72  19.5  31.4   1.7  1.39   3.1
  5 1977   8  16275.76  19.8  30.5   1.8  1.42   1.0
  5 1977   9  15731.84  18.0  30.0   1.6  1.44    .0
  5 1977  10  16652.32  18.0  29.0   1.6  2.11   5.7
  5 1977  11  13472.48  20.4  30.8   1.9  1.42   5.3
  5 1977  12  10460.00  17.8  29.7   1.6  1.56   4.3
  5 1977  13  12510.16  18.5  30.0   1.8  2.33   3.7
  5 1977  14  11673.36  20.5  31.0   1.9  2.50   5.7
  5 1977  15   7531.20  22.4  27.4   2.0  1.36   2.9
  5 1977  16  14351.12  21.0  29.5   2.0  1.64    .3
  5 1977  17   7363.84  21.9  27.8   2.0  1.47  10.9
  5 1977  18  13932.72  21.1  30.4   1.9  1.61   4.8
  5 1977  19   3221.68  20.2  22.5   1.8  1.94  57.0
  5 1977  20  10460.00  18.9  25.5   1.6  1.92  12.8
  5 1977  21   4686.08  20.0  23.8   1.8  1.64  14.9
  5 1977  22   4309.52  20.8  23.2   1.8  1.72  28.6
  5 1977  23   4895.28  21.0  23.8   2.0  1.75   9.5
  5 1977  24  15397.12  21.0  28.0   1.9  1.58   2.1
  5 1977  25  16317.60  19.4  28.5   1.8  1.50    .0
  5 1977  26  16568.64  18.5  28.9   1.7  1.61    .0
  5 1977  27  15690.00  18.0  29.0   1.7  2.00    .8
  5 1977  28  15564.48  20.5  28.5   1.9  1.50    .0
  5 1977  29  16736.00  18.0  29.0   1.7  1.56   6.7
  5 1977  30  15480.80  19.8  29.3   1.9  1.67    .2
  5 1977  31  10125.28  19.3  30.1   1.8  1.47    .6
  5 1977  32  12259.12  18.5  29.4   1.7  1.56    .1
  5 1977  33  14853.20  18.3  28.8   1.7  1.75  11.5
  5 1977  34  11589.68  21.0  29.8   1.9  1.56    .0
  5 1977  35  10083.44  19.4  29.0   1.9  1.28    .0
  5 1977  36  14853.20  19.5  29.3   1.8  1.42   2.4
  5 1977  37   5439.20  20.0  26.7   1.9  1.39   7.3
  5 1977  38   8409.84  21.5  29.8   1.9  1.33   1.1
  5 1977  39   9539.52  19.5  28.5   1.7  1.42  13.5
  5 1977  40  13012.24  21.0  29.5   2.0  1.25    .5
  5 1977  41  13849.04  20.1  29.5   1.9  1.22    .0
  5 1977  42   8995.60  19.1  28.7   1.8  1.31   3.1
  5 1977  43   8242.48  21.1  29.3   2.0  1.36    .0
  5 1977  44   6736.24  19.0  27.2   2.1  1.36   1.7
  5 1977  45  13514.32  20.3  30.0   1.9  1.89    .7
  5 1977  46  14978.72  20.2  28.8   2.0  2.03    .0
  5 1977  47  11348.32  20.0  29.3   1.8  1.92    .0
  5 1977  48  14602.16  20.6  31.5   1.8  1.64    .7
  5 1977  49  15271.60  19.0  31.6   1.8  1.83   9.7
  5 1977  50  15899.20  20.0  30.5   1.9  2.17    .0
  5 1977  51  17238.08  19.0  30.0   1.8  1.72    .0
  5 1977  52  14853.20  18.6  28.8   1.8  1.97    .2
  5 1977  53  14769.52  21.4  31.3   1.9  1.69    .5
  5 1977  54  17154.40  18.6  32.0   1.7  1.83    .0
  5 1977  55  15815.52  21.8  30.6   1.9  1.69    .0
  5 1977  56   8409.84  22.5  30.3   2.1  2.06   6.2
  5 1977  57  11003.92  21.6  30.5   2.0  1.44    .0
  5 1977  58  16736.00  18.8  29.7   1.9  1.72  14.2
  5 1977  59  13681.68  20.5  31.1   2.0  1.83   9.4
  5 1977  60   6443.36  17.3  29.4   1.9  1.67  19.0
  5 1977  61   4309.52  15.8  26.2   1.9  1.33  14.7
  5 1977  62   6401.52  19.5  27.9   1.9  1.75    .0
  5 1977  63  13849.04  19.6  30.0   1.9  1.44    .0
  5 1977  64  12468.32  18.9  31.0   1.8  2.19   4.8
  5 1977  65   8284.32  19.9  30.1   2.1  1.28  17.3
  5 1977  66  12426.48  18.5  31.5   2.2  2.44  12.5
  5 1977  67   2468.56  22.3  23.8   2.0  2.17  14.0
  5 1977  68   5062.64  18.7  28.0   1.6  1.58   3.4
  5 1977  69  10334.48  21.6  30.8   2.0  1.11    .2
  5 1977  70  10376.32  22.1  30.0   2.1  1.50    .1
  5 1977  71  12719.36  22.4  29.9   2.1  1.69   4.3
  5 1977  72   5146.32  23.4  29.0   2.2   .97   5.6
  5 1977  73  14644.00  21.9  31.4   2.0  1.53   2.1
  5 1977  74  11673.36  21.5  30.3   2.0  1.69    .3
  5 1977  75  17656.48  16.3  31.4   1.8  1.94    .0
  5 1977  76  17907.52  17.8  30.0   1.6  2.17   4.0
  5 1977  77  15187.92  19.8  29.8   1.8  1.64    .0
  5 1977  78  12719.36  20.0  30.1   2.0  2.94   3.3
  5 1977  79  13765.36  21.8  29.6   2.1  1.47    .1
  5 1977  80  11296.80  20.7  29.4   1.9  1.61   1.1
  5 1977  81  14141.92  22.4  30.5   2.1  2.19  14.1
  5 1977  82   7949.60  22.0  29.5   1.9  1.42   1.6
  5 1977  83   7865.92  21.6  27.2   2.0  1.94   1.9
  5 1977  84  11673.36  20.2  28.8   1.9  1.25   1.9
  5 1977  85  14351.12  20.6  29.9   2.0  1.56    .0
  5 1977  86  16317.60  20.0  30.5   1.9  2.56    .0
  5 1977  87  16359.44  20.8  30.5   2.0  2.53  17.7
  5 1977  88  12133.60  23.0  30.6   2.2  3.17  18.0
  5 1977  89   2594.08  22.5  25.2   2.1  1.42  13.3
  5 1977  90   5397.36  22.2  25.0   2.1  1.56   1.4
  5 1977  91   9539.52  21.3  29.3   1.9  1.47    .0
  5 1977  92  12342.80  21.5  30.0   1.9  1.97   3.1
  5 1977  93  14100.08  19.5  30.2   1.9  2.11    .0
  5 1977  94  14476.64  19.0  30.0   1.8  1.92   4.1
  5 1977  95  11296.80  21.2  29.4   2.0  1.89    .2
  5 1977  96  13263.28  20.0  30.9   1.8  1.69  15.8
  5 1977  97   9288.48  19.6  29.9   1.9  1.56   7.6
  5 1977  98  11213.12  20.5  29.0   1.9  1.42  29.0
  5 1977  99   5941.28  21.1  29.0   1.9  1.44   5.1
  5 1977 100  13221.44  19.5  30.0   1.8  1.47    .5
  5 1977 101  14279.99  19.8  29.8   1.9  1.53    .0
  5 1977 102  17864.92  19.8  29.4   1.8  1.86    .5
  5 1977 103  22592.46  20.3  30.5   2.0  2.61    .1
  5 1977 104  16000.02  20.6  29.5   2.2  1.97   3.1
  5 1977 105  14351.12  21.3  31.4   2.1  1.81    .0
  5 1977 106   9957.92  21.8  31.6   2.1  1.97    .0
  5 1977 107  15104.24  23.8  31.5   2.2  2.72    .1
  5 1977 108  13472.48  24.5  32.2   2.3  2.11    .0
  5 1977 109  21697.45  22.0  32.4   2.1  2.06    .0
  5 1977 110   7865.92  20.4  31.3   1.9  1.44  20.5
  5 1977 111  15773.68  23.1  30.6   2.2  2.83  32.0
  5 1977 112   9665.04  23.4  29.2   2.2  2.56    .0
  5 1977 113  14978.72  21.8  30.0   2.1  1.44    .0
  5 1977 114  15773.68  20.0  29.7   1.9  1.67    .0
  5 1977 115  17656.48  20.0  30.0   1.8  1.69   5.2
  5 1977 116  14895.04  23.0  31.4   2.1  1.39    .0
  5 1977 117  10460.00  20.6  30.5   2.0  1.39   1.1
  5 1977 118  15271.60  20.8  30.5   2.0  1.94   2.1
  5 1977 119  18074.88  19.5  30.5   2.0  1.75    .0
  5 1977 120  17572.80  21.0  31.0   2.1  2.25    .8
  5 1977 121  14644.00  21.6  30.5   2.1  1.67    .0
  5 1977 122  18158.56  20.0  30.7   1.9  1.94    .0
  5 1977 123  12510.16  19.6  29.8   1.8  1.53    .0
  5 1977 124   7489.36  21.3  28.5   2.0  1.00    .0
  5 1977 125  13765.36  21.0  31.6   2.0  1.39   1.8
  5 1977 126  14978.72  21.2  31.8   2.0  1.44    .0
  5 1977 127  16192.08  21.1  31.5   2.0  2.39    .0
  5 1977 128  10208.96  23.5  29.9   2.2  1.33  26.1
  5 1977 129  10083.44  21.8  30.3   2.1  1.44    .4
  5 1977 130  10334.48  22.3  30.6   2.2  1.44    .1
  5 1977 131  15564.48  22.0  31.1   2.2  1.39   3.8
  5 1977 132  17447.28  22.2  31.4   2.2  2.00    .0
  5 1977 133  16192.08  21.8  31.1   2.2  1.53   2.3
  5 1977 134  13012.24  22.9  31.8   2.2  1.06    .0
  5 1977 135  15773.68  21.1  31.1   2.0  1.58    .0
  5 1977 136  15648.16  21.9  33.0   2.1  1.36    .0
  5 1977 137  14518.48  21.6  31.5   2.1  1.47    .0
  5 1977 138  11966.24  22.6  31.6   2.1  1.28  18.5
  5 1977 139  17907.52  22.0  32.6   2.2  1.25    .0
  5 1977 140  14351.12  22.0  31.9   2.0  1.22    .0
  5 1977 141  16024.72  22.1  32.8   2.2  1.50  17.3
  5 1977 142  12049.92  22.0  32.6   2.2  1.03    .0
  5 1977 143  16443.12  21.4  32.1   2.1  1.72    .0
  5 1977 144  17949.36  22.2  31.3   2.0  1.47    .0
  5 1977 145  16024.72  21.4  31.4   2.0  1.56    .0
  5 1977 146  16819.68  21.7  31.6   2.2  1.53    .0
  5 1977 147  10585.52  21.9  32.1   2.3  1.22   5.3
  5 1977 148  13890.88  22.1  31.4   2.2  1.56    .3
  5 1977 149  15899.20  22.6  33.0   2.2  1.58    .0
  5 1977 150   9288.48  22.2  31.1   2.1  1.22    .0
  5 1977 151  13849.04  22.5  32.4   2.1  1.47  16.2
  5 1977 152  15522.64  21.4  32.0   2.0  1.47   1.7
  5 1977 153  12091.76  21.5  31.0   2.0  1.44    .0
  5 1977 154  15899.20  21.5  32.0   2.2  1.53    .0
  5 1977 155  10460.00  22.1  31.4   2.1  1.28    .2
  5 1977 156  12217.28  22.4  31.7   2.2   .94    .8
  5 1977 157   7238.32  21.9  28.9   2.1   .72   2.0
  5 1977 158   9372.16  22.3  29.7   2.1  1.00    .0
  5 1977 159  16526.80  22.4  31.6   2.3  1.33    .2
  5 1977 160  10585.52  21.4  31.1   2.0   .72    .0
  5 1977 161  11715.20  21.5  33.3   2.0   .86    .3
  5 1977 162   8535.36  21.7  31.0   2.2   .61  18.1
  5 1977 163   8033.28  22.0  31.0   2.2   .69   2.1
  5 1977 164  15355.28  21.2  31.5   2.0   .94    .0
  5 1977 165  16443.12  20.8  31.2   2.0  1.44   9.9
  5 1977 166  13346.96  20.7  31.9   2.0   .81    .0
  5 1977 167  11464.16  21.6  32.5   2.1   .81  77.5
  5 1977 168   4978.96  21.9  29.5   2.0  1.00  82.5
  5 1977 169   7489.36  22.0  30.5   2.2   .94    .2
  5 1977 170   5104.48  22.6  28.6   2.1   .72   2.9
  5 1977 171   8368.00  22.1  29.5   2.2  1.00    .0
  5 1977 172  12426.48  21.5  30.5   2.1  1.22  16.7
  5 1977 173   4560.56  23.0  27.8   2.1  1.19  56.5
  5 1977 174   5690.24  23.3  28.8   2.1  1.78  17.7
  5 1977 175   7531.20  21.0  28.0   1.8  1.64  61.8
  5 1977 176  11715.20  22.6  30.0   2.1  1.53   4.4
  5 1977 177  13346.96  23.1  31.0   2.2  1.50  45.2
  5 1977 178  10041.60  23.5  30.8   2.2  1.67  80.0
  5 1977 179   6778.08  23.0  29.0   2.2  1.14  11.6
  5 1977 180   6861.76  22.6  29.5   2.1  1.42    .0
  5 1977 181   9581.36  21.5  29.2   1.9  1.61  25.7
  5 1977 182   6401.52  20.9  28.2   1.9  1.17    .5
  5 1977 183  13346.96  21.0  30.0   2.1  1.36  22.5
  5 1977 184  15899.20  22.2  30.5   2.2  1.64    .0
  5 1977 185  10041.60  21.4  30.4   2.0  1.31   2.8
  5 1977 186   2426.72  22.3  27.1   2.1  1.06  43.8
  5 1977 187   6861.76  21.4  29.8   2.0  1.17    .0
  5 1977 188  11715.20  21.2  30.6   2.1  2.06    .0
  5 1977 189  14518.48  19.0  29.9   1.9  1.44  19.9
  5 1977 190   5564.72  21.8  27.7   2.0  1.44  49.2
  5 1977 191   9957.92  22.3  31.3   2.1  2.11  94.4
  5 1977 192   7468.44  21.5  23.5   1.9  1.78  85.1
  5 1977 193   4978.96  21.9  28.8   2.1  1.53  40.7
  5 1977 194   7112.80  22.4  28.9   2.2  1.31  21.9
  5 1977 195  10167.12  22.9  30.7   2.2  1.36  48.2
  5 1977 196   8242.48  23.0  30.7   2.2  1.44 135.4
  5 1977 197   1882.80  22.1  26.7   2.0  1.22   7.0
  5 1977 198   2510.40  21.5  27.0   2.0  1.33  44.9
  5 1977 199   4686.08  22.6  27.0   2.3  1.83   3.6
  5 1977 200  14602.16  20.9  30.0   2.1  1.50  38.0
  5 1977 201   6861.76  23.1  30.3   2.1  1.61  22.4
  5 1977 202  15941.04  22.1  30.7   2.2  1.67  57.7
  5 1977 203  11464.16  23.4  31.2   2.2  2.81  31.3
  5 1977 204  13639.84  24.0  30.6   2.3  2.00   2.8
  5 1977 205  12593.84  22.1  30.0   2.2  2.89  34.5
  5 1977 206   5606.56  21.1  29.0   2.1  1.36   1.6
  5 1977 207  11589.68  20.3  30.2   1.9  1.58    .0
  5 1977 208  18284.08  20.4  29.2   1.9  1.72    .0
  5 1977 209  13639.84  20.0  30.4   1.8  1.58   3.4
  5 1977 210   7238.32  22.5  29.0   2.1  1.33  30.2
  5 1977 211  12468.32  22.6  30.7   2.4  2.83  51.3
  5 1977 212   5606.56  22.8  29.8   2.2  1.08   2.3
  5 1977 213   2301.20  22.2  27.0   2.1  1.50  18.1
  5 1977 214  14978.72  20.2  29.5   2.0  1.69   2.0
  5 1977 215  12719.36  22.5  29.5   2.1  1.94   7.8
  5 1977 216  11547.84  21.5  29.5   2.0  1.56    .2
  5 1977 217  11087.60  21.5  28.6   2.0  1.56   2.2
  5 1977 218  12719.36  22.0  28.6   2.1  1.28   2.6
  5 1977 219  14351.12  21.5  30.3   2.0  1.33    .0
  5 1977 220  12049.92  22.4  32.4   2.2  1.94    .7
  5 1977 221  13221.44  22.3  30.0   2.1  1.39    .0
  5 1977 222  13890.88  22.0  30.0   2.2  1.33    .0
  5 1977 223  16694.16  21.0  31.0   2.0  2.39   6.5
  5 1977 224  15187.92  22.5  30.4   2.1  1.64    .0
  5 1977 225  12635.68  20.4  29.7   1.9  1.56    .3
  5 1977 226   2928.80  20.5  26.4   2.0  1.36  12.3
  5 1977 227   7740.40  19.8  29.5   1.9  1.17  33.1
  5 1977 228   3096.16  22.5  28.5   2.1  1.11  24.3
  5 1977 229   6683.94  22.8  29.7   2.5  1.72 102.5
  5 1977 230  10271.72  21.3  29.4   2.0  1.61   5.0
  5 1977 231  13859.50  21.8  31.3   2.0  1.53   1.3
  5 1977 232  17447.28  21.0  30.4   2.0  1.69    .0
  5 1977 233   8284.32  21.0  29.9   1.9  1.25   1.7
  5 1977 234  13388.80  22.1  32.7   2.3  1.39   2.7
  5 1977 235  13137.76  21.6  31.5   2.2  1.42    .0
  5 1977 236  17572.80  21.3  31.6   2.1  1.56    .0
  5 1977 237  14978.72  21.2  31.5   2.1  1.72   9.0
  5 1977 238   7154.64  22.5  30.8   2.3  1.31   2.0
  5 1977 239   2384.88  21.1  26.7   1.9  2.31  27.4
  5 1977 240  17823.84  19.9  30.8   1.8  1.25   6.3
  5 1977 241   9957.92  22.8  30.8   2.1  1.14    .5
  5 1977 242   5313.68  22.0  29.0   2.1  1.17  14.0
  5 1977 243   5983.12  21.8  28.5   2.0  1.08    .0
  5 1977 244   6736.24  21.0  28.6   2.5  1.33    .6
  5 1977 245  14978.72  21.1  31.4   2.1  1.22    .0
  5 1977 246  14769.52  21.5  30.5   2.2  1.39    .0
  5 1977 247  13890.88  21.6  30.0   2.0  1.83   2.5
  5 1977 248  16066.56  20.5  30.5   1.9  1.61    .0
  5 1977 249   3221.68  21.0  29.2   2.0  1.58  44.6
  5 1977 250   6066.80  21.0  28.7   1.9  1.08  11.5
  5 1977 251  10794.72  22.5  31.3   2.1  1.31  54.2
  5 1977 252   2259.36  23.0  27.4   2.2  1.39  54.5
  5 1977 253   3179.84  22.5  27.7   2.1  1.64  10.9
  5 1977 254  10460.00  22.0  30.0   2.2  1.42    .0
  5 1977 255  11464.16  21.6  32.5   2.1  1.44   2.5
  5 1977 256   7280.16  21.0  28.5   2.1  1.00    .0
  5 1977 257  12342.80  21.9  29.5   2.1  1.25    .0
  5 1977 258   8744.56  21.0  29.7   2.1  1.97   1.2
  5 1977 259   4978.96  21.8  29.5   2.0   .94    .0
  5 1977 260  16024.72  21.8  31.6   2.1  1.42   3.7
  5 1977 261  14978.72  22.0  31.4   2.2  1.28    .0
  5 1977 262  10962.08  21.9  30.1   2.1  1.11    .0
  5 1977 263  14351.12  21.4  30.3   2.2  1.39    .0
  5 1977 264  15229.76  22.0  31.6   2.2  1.24    .0
  5 1977 265   6987.28  21.1  29.5   2.0  1.08    .0
  5 1977 266   8838.36  21.0  31.1   2.0   .93    .0
  5 1977 267   9916.08  21.5  31.1   2.2   .78  62.8
  5 1977 268  10711.04  21.5  29.4   2.0   .64    .3
  5 1977 269   4937.12  22.6  28.6   2.1   .72   1.0
  5 1977 270  10334.48  22.4  30.2   2.2   .81  43.2
  5 1977 271   4560.56  21.8  28.0   2.0   .86    .5
  5 1977 272  11798.88  21.9  30.4   2.1   .92    .0
  5 1977 273  12761.20  21.3  30.1   2.1   .60    .0
  5 1977 274  11966.24  21.9  31.6   2.1   .28    .0
  5 1977 275  15271.60  21.5  33.1   2.1   .83  11.5
  5 1977 276   1840.96  21.4  25.0   2.0   .67  17.1
  5 1977 277  13388.80  20.5  31.9   2.1   .50   8.3
  5 1977 278  14518.48  21.0  30.3   2.0   .72   1.5
  5 1977 279  16443.12  21.5  30.9   2.0   .72   2.9
  5 1977 280  13849.04  21.0  32.1   2.0   .44   1.5
  5 1977 281  13179.60  21.0  31.7   2.0   .61    .1
  5 1977 282  14434.80  20.8  30.9   2.0   .56    .0
  5 1977 283  13974.56  21.6  31.5   2.1   .47    .0
  5 1977 284   8409.84  21.4  31.9   2.1   .72   1.2
  5 1977 285   6903.60  21.9  29.3   2.1   .61    .0
  5 1977 286   9121.12  22.3  29.2   2.2  1.44  20.9
  5 1977 287  13765.36  21.6  30.7   2.1   .97   2.6
  5 1977 288  11547.84  22.8  29.5   2.1  1.06    .8
  5 1977 289  13404.86  23.0  31.4   2.1  1.58 130.0
  5 1977 290   4811.60  22.5  26.4   2.1   .81  19.7
  5 1977 291   8242.48  22.0  29.0   2.1  1.17   1.5
  5 1977 292   5606.56  20.5  28.8   2.1   .36  15.6
  5 1977 293   5983.12  21.0  29.2   2.1   .69   5.5
  5 1977 294  11589.68  20.5  30.4   2.0  1.69    .0
  5 1977 295  12175.44  21.6  31.8   2.1   .72    .0
  5 1977 296  11422.32  21.8  30.8   2.1   .86   2.5
  5 1977 297  12510.16  22.4  31.6   2.2   .69    .4
  5 1977 298  15438.96  22.1  30.9   2.4   .58   6.2
  5 1977 299  15648.16  21.9  30.2   2.1   .78    .0
  5 1977 300  15020.56  22.0  30.2   2.1   .47    .0
  5 1977 301  15564.48  20.9  31.3   2.1   .56   1.0
  5 1977 302  10083.44  23.1  29.0   2.2   .92    .0
  5 1977 303   9999.76  21.6  29.5   2.0   .42    .0
  5 1977 304  15313.44  20.1  30.6   2.1   .47    .0
  5 1977 305  14727.68  21.0  30.7   2.1  1.03    .0
  5 1977 306  13598.00  20.6  31.4   2.1   .94    .0
  5 1977 307  14434.80  20.8  31.8   2.0  1.00    .0
  5 1977 308  13681.68  21.0  32.7   2.0  1.00   1.4
  5 1977 309  11715.20  21.6  31.5   2.1   .58   1.8
  5 1977 310   3347.20  23.0  25.2   2.1   .47  34.8
  5 1977 311  10125.28  20.6  31.1   2.1   .39    .0
  5 1977 312  10878.40  20.1  31.6   1.9   .78    .0
  5 1977 313  15062.40  20.2  30.4   2.0  1.28    .0
  5 1977 314  12510.16  21.0  31.5   1.9   .97    .0
  5 1977 315  12342.80  20.4  30.6   2.0   .64    .0
  5 1977 316   5815.76  20.9  28.2   2.0  1.58 125.2
  5 1977 317   5313.68  21.4  25.5   2.0  1.47   5.7
  5 1977 318  10627.36  21.0  28.2   1.9  2.03  18.2
  5 1977 319  13765.36  21.2  30.5   2.0  1.08    .0
  5 1977 320  11966.24  20.0  31.0   2.1   .81    .0
  5 1977 321  11380.48  21.0  31.4   2.0   .64    .1
  5 1977 322   5439.20  22.0  28.6   2.2   .14  12.4
  5 1977 323  13388.80  20.3  31.5   2.1   .89   9.0
  5 1977 324  15899.20  22.0  31.1   2.2  2.03   1.0
  5 1977 325  15397.12  21.4  30.5   2.2  2.17    .0
  5 1977 326  12217.28  20.0  30.3   2.0   .61    .0
  5 1977 327  13765.36  20.2  30.7   2.0   .81    .0
  5 1977 328   9832.40  19.4  31.8   1.8  1.03    .0
  5 1977 329   8451.68  21.0  30.0   1.9   .89   1.0
  5 1977 330   6443.36  20.8  29.0   2.0  1.03   9.2
  5 1977 331  10836.56  21.0  30.7   2.0   .83    .1
  5 1977 332   8619.04  21.8  30.0   2.0   .92   2.1
  5 1977 333   8786.40  22.6  30.8   2.2   .89  41.8
  5 1977 334  18493.28  22.6  31.6   2.2  1.25   4.1
  5 1977 335   8660.88  22.7  31.0   2.0   .75   1.1
  5 1977 336  12426.48  21.3  30.6   2.1   .81   8.8
  5 1977 337   9665.04  21.3  31.6   1.9   .97   1.1
  5 1977 338  13556.16  20.8  31.0   2.1  1.19    .0
  5 1977 339   9874.24  20.0  29.8   1.8   .81    .0
  5 1977 340  13179.60  20.1  32.2   2.0   .81    .0
  5 1977 341  12970.40  20.5  31.4   2.0   .92    .0
  5 1977 342   8242.48  20.9  30.8   2.0  1.33  35.1
  5 1977 343   9372.16  22.2  29.4   2.0   .78  39.2
  5 1977 344   9037.44  22.4  30.4   2.0   .94  17.7
  5 1977 345   9623.20  20.5  31.0   2.0   .83    .0
  5 1977 346   8660.88  22.1  30.0   2.0  1.22   7.7
  5 1977 347  10083.44  21.8  29.2   2.1  1.25    .3
  5 1977 348   8660.88  22.0  30.5   2.1  1.03    .5
  5 1977 349  11589.68  19.6  30.2   2.0   .92   2.9
  5 1977 350  10460.00  22.0  30.8   2.1  1.00    .0
  5 1977 351  12593.84  19.5  30.4   2.0  1.06    .2
  5 1977 352  11129.44  21.0  30.5   2.0   .78    .0
  5 1977 353   9372.16  19.5  29.5   1.7  1.42    .0
  5 1977 354  12008.08  19.5  30.8   1.9  1.47    .0
  5 1977 355  13263.28  18.4  31.1   1.8  1.86    .0
  5 1977 356  10878.40  18.4  31.0   1.9  1.28    .2
  5 1977 357   7112.80  19.5  28.7   1.8  1.03   3.3
  5 1977 358   9874.24  19.6  30.7   2.1   .92    .1
  5 1977 359  13263.28  20.5  30.0   2.1   .92    .0
  5 1977 360  13849.04  20.0  30.0   1.9  1.25    .0
  5 1977 361   9623.20  20.0  30.3   2.0  1.28    .6
  5 1977 362  12719.36  20.8  30.1   2.0  1.33  20.0
  5 1977 363  10292.64  21.0  28.3   1.9  1.44   3.1
  5 1977 364  12552.00  20.4  31.6   2.0   .83    .0
  5 1977 365  14685.84  18.0  29.6   1.7  1.14   1.3
