*---------------------------------------------------------              
* Station name: Puerto Limon                                            
* Author: Atlantic Zone Project, AUW-MAG-CATIE, Costa Rica              
* Source: IMN, San Jose, Costa Rica                                     
*                                                                       
* Comments: No SR data Jan 20 - April 30                                
*                                                                       
*                                                                       
*                                                                       
* Longitude:  83  3 W, latitude:  10  0 N, altitude:  3 m.              
* Column  Daily value                                                   
*    1    station number                                                
*    2    year                                                          
*    3    month                                                         
*    4    day                                                           
*    5    julian date                                                   
*    6    irradiation            (1000 * MJ m-2 d-1)                    
*    7    minimum temperature    (degrees Celcius)                      
*    8    maximum temperature    (degrees Celcius)                      
*    9    vapor pressure at 0700 (mbar)                                 
*   10    vapor pressure at 1300 (mbar)                                 
*   11    vapor pressure at 1800 (mbar)                                 
*   12    mean wind speed        (kilometer per hour)                   
*   13    precipitation          (mm d-1)                               
*   14    sunshine hours         (hours)                                
* Missing value: -99                                                    
*---------------------------------------------------------              
*  data converted with WDC for CABO-format
*-------------------------------------------
  83.05  10.00     3.  .00  .00
  5 1989   1  11051.00  22.7  29.8   2.5  1.53   7.6
  5 1989   2   9042.00  22.4  28.1   2.8  1.50   8.5
  5 1989   3   8958.00  21.6  28.7   2.6  1.89  30.8
  5 1989   4   8958.00  21.4  26.8   2.5  2.14  13.8
  5 1989   5  13939.00  22.0  28.7   2.6  2.47   1.4
  5 1989   6   8498.00  22.3  28.1   2.6  2.17   5.3
  5 1989   7   7535.00  20.8  28.6   2.4  2.11   1.9
  5 1989   8  13228.00  21.2  29.0   2.5  2.22  22.6
  5 1989   9  18636.06  21.2  29.3   2.5  2.08  10.7
  5 1989  10  12390.00  21.0  28.9   2.5  1.75  15.7
  5 1989  11  15614.00  20.9  29.9   2.5  2.42   4.8
  5 1989  12  15572.00  21.4  28.6   2.5  2.00    .2
  5 1989  13  15279.00  21.4  28.7   2.5  2.22    .0
  5 1989  14  13060.00  22.2  29.4   2.7  2.03    .4
  5 1989  15   8372.00  22.4  26.5   2.7  1.75  48.5
  5 1989  16  10967.00  22.2  28.6   2.7  3.03   2.2
  5 1989  17  11428.00  20.6  28.5   2.4  2.22   8.5
  5 1989  18  15279.00  21.2  28.5   2.5  2.08   3.6
  5 1989  19  13479.00  21.5  28.3   2.5  2.67  16.2
  5 1989  20  16425.12  21.6  29.3   2.5  2.19    .0
  5 1989  21  15682.72  20.8  28.8   2.7  2.03  11.6
  5 1989  22  17923.11  21.7  29.0   2.6  1.97    .9
  5 1989  23  14841.09  21.8  29.6   2.5  2.03   1.3
  5 1989  24  15916.89  20.9  29.1   2.4  1.86   4.4
  5 1989  25  20130.76  21.1  29.4   2.5  2.61    .0
  5 1989  26  13503.88  19.2  27.9   2.1  1.92    .2
  5 1989  27  14191.29  20.0  29.1   2.4  2.69    .4
  5 1989  28  10678.32  21.8  28.3   2.4  3.11   3.4
  5 1989  29  10310.16  20.2  29.3   2.3  1.97    .3
  5 1989  30  17327.41  20.3  28.8   2.4  2.31   2.4
  5 1989  31  12742.11  19.2  28.9   2.3  2.61    .5
  5 1989  32  13171.20  19.5  29.6   2.3  2.03   1.0
  5 1989  33  21699.53  18.4  28.7   2.1  1.92    .2
  5 1989  34  10177.41  20.8  28.5   2.4  2.14   1.6
  5 1989  35  18735.71  19.9  29.0   2.3  1.78    .0
  5 1989  36  21719.61  18.9  28.8   2.2  2.19   1.5
  5 1989  37  13738.51  20.7  28.8   2.4  2.72   3.7
  5 1989  38  15382.77  20.3  28.8   2.5  2.58  20.6
  5 1989  39   8698.63  21.9  27.9   2.6  1.92  47.3
  5 1989  40  19634.88  20.5  29.0   2.5  2.89    .0
  5 1989  41  11041.20  19.1  27.5   2.1  1.97   4.3
  5 1989  42  17969.31  20.5  28.3   2.4  2.11  11.1
  5 1989  43  12996.20  20.4  28.8   2.3  2.17    .6
  5 1989  44  15609.59  18.5  28.4   2.0  3.06   8.5
  5 1989  45  14694.28  19.9  27.6   2.3  1.92   1.3
  5 1989  46  19912.69  20.3  28.9   2.4  2.86    .0
  5 1989  47  12304.99  20.0  27.8   2.2  2.17    .0
  5 1989  48  23153.11  18.5  28.3   2.1  2.69    .0
  5 1989  49  23341.40  18.5  28.3   2.1  2.36    .0
  5 1989  50  22842.45  19.8  28.1   2.3  1.94    .0
  5 1989  51  20688.21  20.4  28.6   2.5  1.97    .0
  5 1989  52  22112.80  21.0  29.0   2.4  1.86    .0
  5 1989  53  11100.63  21.1  28.1   2.5  2.14    .3
  5 1989  54   9742.04  20.0  25.0   2.3  4.08  45.8
  5 1989  55   8517.00  19.2  22.9   2.0  3.19  29.8
  5 1989  56  10205.80  19.5  23.4   2.3  2.78  19.4
  5 1989  57   8559.02  19.8  22.7   2.3  2.58   3.0
  5 1989  58  14157.34  20.5  28.0   2.5  2.39    .2
  5 1989  59  17678.55  20.8  28.5   2.5  1.64    .0
  5 1989  60  18552.46  21.5  29.3   2.5  1.89  16.1
  5 1989  61   9480.75  22.7  27.2   2.7  1.42  14.3
  5 1989  62  12588.61  23.0  27.9   2.8  2.14    .6
  5 1989  63  20764.07  22.6  28.5   2.8  1.97    .0
  5 1989  64  22348.22  20.0  28.7   2.4  2.14    .0
  5 1989  65   9984.85  19.8  26.9   2.4  2.25    .4
  5 1989  66  12262.57  22.0  28.9   2.6  2.50   4.6
  5 1989  67   8752.86  21.9  23.5   2.7  3.69  68.7
  5 1989  68   8770.48  20.1  22.6   2.4  3.08  54.7
  5 1989  69   9495.91  19.4  24.8   2.2  2.81   2.6
  5 1989  70   9088.21  20.0  24.7   2.2  2.75   5.2
  5 1989  71  14499.32  19.1  27.7   2.2  2.83    .4
  5 1989  72  12674.07  19.3  27.5   2.1  1.25    .0
  5 1989  73  19521.59  18.8  27.8   2.0  2.06    .0
  5 1989  74  23533.92  19.2  28.0   2.1  2.47    .0
  5 1989  75  23134.64  19.1  28.8   2.3  2.25    .0
  5 1989  76  22876.13  19.6  28.8   2.3  2.22    .0
  5 1989  77  22616.04  18.9  28.8   2.1  2.14    .0
  5 1989  78  23211.57  19.1  28.8   2.2  2.47    .4
  5 1989  79  23949.76  19.8  28.8   2.4  1.97   1.7
  5 1989  80  23686.35  19.8  28.7   2.4  1.94   9.8
  5 1989  81  18840.77  21.7  28.5   2.6  2.64    .1
  5 1989  82  22582.05  21.9  28.9   2.5  2.03    .0
  5 1989  83  23890.12  19.0  29.0   2.2  2.28    .0
  5 1989  84  22761.07  19.4  28.8   2.3  1.72    .0
  5 1989  85  23924.64  20.9  29.2   2.5  1.94    .0
  5 1989  86  24800.94  19.5  28.9   2.3  2.14   7.7
  5 1989  87  18213.68  19.4  28.9   2.5  2.03    .0
  5 1989  88  19660.82  19.7  29.0   2.4  2.47   8.4
  5 1989  89  22830.66  21.4  29.4   2.5  2.47    .0
  5 1989  90  22697.57  20.0  29.0   2.4  2.17    .0
  5 1989  91  24286.81  20.4  29.3   2.5  2.47    .0
  5 1989  92  14240.93  19.4  29.5   2.3  2.56    .0
  5 1989  93  17838.83  20.8  29.1   2.4  1.92    .0
  5 1989  94  21866.68  20.4  29.6   2.3  2.39   2.0
  5 1989  95  22015.36  20.3  29.7   2.6  2.44   1.8
  5 1989  96  12829.00  23.0  29.7   2.9  2.42  51.5
  5 1989  97  10249.23  22.4  28.6   2.7  2.39  51.3
  5 1989  98  14416.50  22.4  29.8   2.7  2.25  14.4
  5 1989  99   9683.78  22.4  26.3   2.8  1.72  18.6
  5 1989 100  22455.58  22.5  29.3   2.8  1.92    .6
  5 1989 101  11698.59  21.6  29.0   2.7  2.06  11.0
  5 1989 102  14137.70  21.6  29.2   2.6  2.08    .1
  5 1989 103  15141.25  20.5  29.2   2.4  2.33   1.4
  5 1989 104  21872.22  23.0  29.8   3.1  2.86    .0
  5 1989 105  14137.42  21.2  29.6   2.5  2.17  18.9
  5 1989 106   9128.65  22.5  27.6   2.7  2.11   2.3
  5 1989 107  12418.46  20.9  29.3   2.5  1.69  16.9
  5 1989 108  17275.63  23.3  29.0   2.8  2.31   5.5
  5 1989 109  22125.85  21.8  29.1   2.6  2.17   3.0
  5 1989 110  21117.88  21.5  29.0   2.6  2.19   5.0
  5 1989 111  17686.43  22.1  29.0   2.7  2.06    .4
  5 1989 112  10839.79  22.5  28.6   2.7  2.22    .0
  5 1989 113  20091.77  22.2  29.4   2.6  2.22   3.6
  5 1989 114  18374.30  23.2  29.7   2.8  2.22  15.7
  5 1989 115   9125.99  23.5  26.7   2.8  1.44  14.0
  5 1989 116  13526.34  23.6  29.1   2.8  1.78   3.9
  5 1989 117  21465.40  23.2  29.8   2.8  2.14    .0
  5 1989 118  23294.07  21.6  29.7   2.6  2.22    .0
  5 1989 119  22994.48  21.4  29.8   2.6  2.86    .4
  5 1989 120  19723.96  23.4  29.7   2.8  2.28    .0
  5 1989 121  17539.00  23.4  30.3   2.7  2.19    .0
  5 1989 122  14777.00  22.1  29.7   2.9  2.33  23.7
  5 1989 123   8414.00  22.6  28.1   2.7  1.94   1.8
  5 1989 124  11470.00  21.1  29.0   2.5  1.94    .0
  5 1989 125  13102.00  21.0  28.5   2.5  1.72    .0
  5 1989 126  19590.00  20.0  29.7   2.6  2.36    .0
  5 1989 127  19967.00  21.3  29.7   2.6  2.28   3.9
  5 1989 128  19590.00  21.1  29.8   2.6  2.14    .0
  5 1989 129  20595.00  21.2  29.7   2.6  2.11    .0
  5 1989 130  20218.00  21.9  30.0   2.6  2.11    .0
  5 1989 131  16200.00  22.7  30.7   2.7  2.14    .4
  5 1989 132  17456.00  22.7  30.8   2.7  2.03    .0
  5 1989 133  12642.00  22.7  30.4   2.7  2.11    .0
  5 1989 134  18837.00  22.8  30.5   2.8  2.17    .0
  5 1989 135  20093.00  22.8  31.4   2.7  2.28    .4
  5 1989 136  20260.00  23.4  31.4   2.9  2.19    .0
  5 1989 137  18502.00  22.8  31.4   2.9  3.03   5.0
  5 1989 138  17288.00  24.6  30.8   3.1  2.64    .1
  5 1989 139  16911.00  22.2  31.4   2.7  2.11  17.7
  5 1989 140   9377.00  22.0  29.8   2.7  2.03  23.7
  5 1989 141   7367.00  23.1  27.8   2.9  2.28  62.7
  5 1989 142  14400.00  24.0  30.0   3.0  1.92   5.8
  5 1989 143   8288.00  23.0  28.8   2.9  2.08    .8
  5 1989 144  16032.00  23.0  29.4   2.7  2.03    .4
  5 1989 145  15907.00  22.7  29.4   2.7  1.56    .5
  5 1989 146   8414.00  22.6  28.5   2.7  1.67  76.3
  5 1989 147  13605.00  23.4  28.7   2.9  2.22  74.6
  5 1989 148  10925.00  21.9  28.7   2.7  1.78  12.0
  5 1989 149  13521.00  22.7  29.8   2.7  2.44   8.8
  5 1989 150  18251.00  22.4  29.5   2.7  2.17    .0
  5 1989 151  13228.00  22.5  29.5   2.7  1.83  13.8
  5 1989 152   5107.00  23.0  26.2   2.9  1.72  23.9
  5 1989 153  10172.00  22.6  29.1   2.9  1.58   7.9
  5 1989 154   7158.00  23.2  27.5   2.8  1.75   6.6
  5 1989 155  20972.00  22.5  29.7   2.8  1.86   5.0
  5 1989 156   8288.00  23.2  27.8   2.8  1.39   2.3
  5 1989 157   5693.00  23.2  27.0   2.8  1.42    .2
  5 1989 158  14651.00  22.4  29.3   2.8  1.78    .3
  5 1989 159  17539.00  22.3  30.0   2.6  1.86   2.9
  5 1989 160  15907.00  23.9  29.9   3.0  1.83  12.6
  5 1989 161  12893.00  24.3  31.4   3.0  2.14  72.4
  5 1989 162  12056.00  23.4  29.9   3.0  1.47   8.0
  5 1989 163  16409.00  23.8  29.5   2.9  1.78   1.5
  5 1989 164   9167.00  23.8  28.6   3.0  2.25    .0
  5 1989 165  12474.00  23.4  28.8   2.8  1.64    .0
  5 1989 166   7535.00  23.4  28.5   2.9  1.39   7.3
  5 1989 167   7995.00  23.2  28.0   2.8  1.50    .4
  5 1989 168   5107.00  22.5  26.5   2.8  1.42   2.9
  5 1989 169  13144.00  22.5  28.8   2.8  1.81   5.9
  5 1989 170  17163.00  22.8  30.0   2.7  2.47   5.1
  5 1989 171   8916.00  22.8  27.2   2.9  1.28   3.0
  5 1989 172  15656.00  22.9  29.3   3.0  2.22   9.7
  5 1989 173   3600.00  23.6  25.7   2.9  1.28  20.5
  5 1989 174  10172.00  22.0  28.7   2.7  1.58  47.9
  5 1989 175  16451.00  22.7  30.0   2.8  2.25    .0
  5 1989 176  12349.00  22.7  27.9   2.9  2.03    .6
  5 1989 177  18335.00  21.8  29.7   2.7  2.08   1.2
  5 1989 178  19967.00  23.0  29.9   2.9  2.11    .0
  5 1989 179  18460.00  22.3  30.1   2.8  2.06    .0
  5 1989 180  14023.00  22.4  30.1   2.8  2.31    .3
  5 1989 181  16074.00  24.0  30.4   3.0  2.22  20.8
  5 1989 182  19967.00  22.5  30.3   2.9  2.00   1.0
  5 1989 183   9125.00  21.9  27.1   2.6  2.33  13.5
  5 1989 184  20595.00  20.7  29.4   2.6  2.11    .0
  5 1989 185  11553.00  21.8  29.9   2.6  1.83  37.0
  5 1989 186   7032.00  22.7  26.4   2.8  1.92   3.9
  5 1989 187  16702.00  22.0  30.1   2.7  1.94    .4
  5 1989 188   4437.00  21.8  24.8   2.8  1.97  42.0
  5 1989 189  12098.00  21.5  28.4   2.6  1.92   1.7
  5 1989 190  15781.00  20.9  29.2   2.6  2.17    .0
  5 1989 191  16660.00  21.9  29.4   2.8  1.89    .0
  5 1989 192  17707.00  22.2  30.0   2.6  1.86  16.4
  5 1989 193   6363.00  22.7  27.3   2.8  1.64  10.7
  5 1989 194  13479.00  22.4  29.8   2.7  2.14  11.4
  5 1989 195  16828.00  22.6  30.5   2.8  1.92  29.9
  5 1989 196   8246.00  23.7  29.1   3.0  3.92  12.1
  5 1989 197  16200.00  27.8  30.6   3.2  3.22   2.8
  5 1989 198  15237.00  24.3  29.9   2.9  2.06  25.2
  5 1989 199   8539.00  24.0  27.6   2.9  1.97  11.6
  5 1989 200   8623.00  23.5  27.0   3.0  1.72   1.3
  5 1989 201  12474.00  21.8  29.0   2.7  2.64   7.4
  5 1989 202  10172.00  23.1  28.4   2.7  2.11   2.8
  5 1989 203  18711.00  22.4  30.0   2.8  2.28  22.2
  5 1989 204   5986.00  23.3  27.3   2.8  1.42   5.7
  5 1989 205   8246.00  23.2  29.3   2.8  1.72  13.1
  5 1989 206  18502.00  22.0  30.4   2.7  2.36    .0
  5 1989 207  18209.00  22.4  29.6   2.7  1.97    .4
  5 1989 208   8288.00  22.8  28.3   2.9  1.67   9.7
  5 1989 209  12516.00  22.0  28.4   2.7  1.92    .0
  5 1989 210  19716.00  22.2  30.3   2.8  2.39    .3
  5 1989 211  11888.00  23.2  30.9   2.9  1.78  32.4
  5 1989 212   8498.00  23.6  28.7   2.9  1.78  21.0
  5 1989 213  14484.00  22.4  29.2   2.6  1.89    .4
  5 1989 214  13102.00  22.7  30.1   2.8  1.67    .0
  5 1989 215  14023.00  22.1  30.3   2.7  1.78    .0
  5 1989 216  20009.00  23.0  30.4   2.9  2.06  26.8
  5 1989 217  18209.00  23.1  29.7   3.0  2.31  10.5
  5 1989 218  16953.00  23.1  30.0   2.9  2.31  34.4
  5 1989 219   9377.00  23.0  28.2   2.8  1.67   1.2
  5 1989 220  19632.00  22.7  29.5   2.8  1.94  13.6
  5 1989 221  16200.00  22.6  30.4   2.8  1.81    .0
  5 1989 222   9167.00  23.4  29.1   2.9  2.17  10.9
  5 1989 223  16535.00  22.5  30.3   2.6  2.50    .0
  5 1989 224  14149.00  23.0  30.4   2.7  2.22    .0
  5 1989 225  18167.00  23.0  30.4   2.8  2.39    .0
  5 1989 226  18753.00  22.3  30.7   2.7  2.19    .0
  5 1989 227  15237.00  22.0  31.2   2.7  2.08   2.2
  5 1989 228   6907.00  22.4  27.6   2.8  2.03  17.5
  5 1989 229  16953.00  22.2  29.8   2.7  3.19   8.6
  5 1989 230  14400.00  21.6  30.7   2.6  1.94    .3
  5 1989 231  13605.00  23.2  30.4   2.8  2.17    .4
  5 1989 232  16409.00  22.0  30.9   2.6  2.17    .0
  5 1989 233  20846.00  22.8  30.9   2.8  2.11    .1
  5 1989 234  15404.00  23.4  30.4   2.8  2.08    .0
  5 1989 235  19758.00  22.2  31.0   2.6  2.08  19.6
  5 1989 236  12767.00  24.1  29.6   2.9  1.36    .0
  5 1989 237  16702.00  22.8  30.2   2.9  2.28    .2
  5 1989 238  20218.00  22.0  30.4   2.8  2.19    .2
  5 1989 239   6405.00  22.9  27.1   2.7  1.81  21.4
  5 1989 240  20344.00  20.8  30.4   2.5  2.17   3.0
  5 1989 241  13856.00  22.4  30.8   2.8  2.36   4.0
  5 1989 242  13981.00  22.4  29.8   2.7  2.31    .0
  5 1989 243  14735.00  22.8  29.5   2.8  2.19    .2
  5 1989 244  18502.00  22.0  30.4   2.7  2.14    .0
  5 1989 245   9460.00  23.0  28.9   2.8  2.14    .0
  5 1989 246  15279.00  22.3  30.8   2.8  2.86   6.5
  5 1989 247  17832.00  21.2  30.9   2.5  2.92    .0
  5 1989 248  12600.00  22.6  29.8   2.7  2.69    .6
  5 1989 249   5107.00  22.8  25.8   2.8  1.53  10.5
  5 1989 250  13981.00  22.6  29.2   2.8  1.78    .0
  5 1989 251  16828.00  22.8  30.4   2.7  2.28    .0
  5 1989 252  16074.00  22.4  31.0   2.8  2.17    .0
  5 1989 253  17665.00  23.0  31.8   2.9  1.86    .0
  5 1989 254  19590.00  23.1  31.1   3.0  2.28    .0
  5 1989 255   7493.00  23.6  28.7   2.8  1.81  25.9
  5 1989 256  10591.00  22.2  29.1   2.6  1.44    .5
  5 1989 257  13772.00  22.5  29.8   2.9  2.25    .1
  5 1989 258   6195.00  23.2  28.8   2.8  1.50    .2
  5 1989 259  17037.00  22.8  30.3   2.8  1.83    .0
  5 1989 260   5442.00  23.0  27.9   2.7  1.39    .1
  5 1989 261  14651.00  22.8  30.7   2.7  2.00    .0
  5 1989 262  17330.00  22.4  30.4   2.8  2.28   8.4
  5 1989 263  13228.00  23.2  29.9   2.7  1.75    .7
  5 1989 264  14735.00  22.2  30.7   2.8  2.00    .3
  5 1989 265  17330.00  21.8  31.2   2.7  2.06    .0
  5 1989 266  18335.00  21.9  31.0   2.8  2.19    .0
  5 1989 267  13730.00  23.8  30.7   2.9  1.75   1.2
  5 1989 268  12600.00  23.0  30.8   2.9  2.06    .8
  5 1989 269  16200.00  21.5  31.3   2.7  2.17    .0
  5 1989 270   8623.00  22.3  29.2   2.9  2.33   2.7
  5 1989 271  14358.00  22.3  30.2   2.7  1.78   2.7
  5 1989 272   4563.00  21.8  26.5   2.7  1.47    .1
  5 1989 273  18084.00  22.0  31.5   2.8  2.28    .0
  5 1989 274  19256.00  22.9  30.9   3.0  2.33    .0
  5 1989 275  11470.00  21.8  31.3   2.7  2.42    .0
  5 1989 276   8246.00  22.2  29.3   2.7  1.92    .0
  5 1989 277  14860.00  21.7  31.0   2.6  2.06    .0
  5 1989 278  15949.00  22.2  30.9   2.7  2.25   4.0
  5 1989 279  17916.00  22.8  30.2   3.0  2.14    .0
  5 1989 280  18753.00  22.1  31.1   2.7  2.28    .0
  5 1989 281   7828.00  22.7  29.5   2.6  1.83    .0
  5 1989 282  14860.00  21.9  31.4   2.6  2.08   2.3
  5 1989 283  13144.00  22.3  31.0   2.8  2.42    .0
  5 1989 284  16577.00  22.4  31.7   2.8  2.64  29.8
  5 1989 285  11302.00  21.2  29.5   2.6  2.00  46.2
  5 1989 286  15781.00  21.4  30.6   2.5  2.58    .0
  5 1989 287  15321.00  21.6  30.6   2.8  2.50    .0
  5 1989 288  12516.00  22.5  30.1   2.7  1.72    .6
  5 1989 289  15698.00  22.8  30.1   2.8  2.28    .3
  5 1989 290  14651.00  22.7  31.1   2.8  2.53    .0
  5 1989 291  16074.00  23.1  31.2   2.9  2.67    .0
  5 1989 292  14651.00  21.0  31.0   2.4  2.33    .0
  5 1989 293  14902.00  21.0  31.5   2.6  2.78    .9
  5 1989 294   8749.00  23.0  28.5   2.8  2.06  12.1
  5 1989 295  15530.00  21.2  30.8   2.8  2.69    .0
  5 1989 296  16744.00  20.8  30.6   2.5  2.56    .0
  5 1989 297  15446.00  21.0  30.5   2.6  2.83    .0
  5 1989 298  16367.00  21.4  30.9   2.8  2.86   7.2
  5 1989 299  12516.00  22.8  29.5   2.8  2.08    .3
  5 1989 300  11972.00  22.3  30.0   2.9  2.39    .0
  5 1989 301  11051.00  21.8  31.0   2.7  2.53   4.5
  5 1989 302   7953.00  22.2  26.9   2.7  2.64 125.7
  5 1989 303   4395.00  23.4  26.2   2.9  2.36  18.6
  5 1989 304   6614.00  23.3  27.8   2.9  2.44  64.6
  5 1989 305   2093.00  21.8  25.4   2.8  3.75  80.4
  5 1989 306  14860.00  22.5  25.6   2.7  3.56  27.9
  5 1989 307   9712.00  23.4  28.4   2.7  1.75  10.1
  5 1989 308  10591.00  22.8  28.6   2.9  1.47   1.9
  5 1989 309   7200.00  23.5  28.1   3.1  1.44   1.1
  5 1989 310  14735.00  23.2  30.3   3.0  1.89   1.5
  5 1989 311  15446.00  22.9  30.5   2.7  1.97    .0
  5 1989 312  14986.00  21.6  29.9   2.7  2.00   2.2
  5 1989 313  13228.00  22.3  29.5   2.8  1.94   8.3
  5 1989 314  16870.00  22.4  29.8   2.8  2.17    .0
  5 1989 315  16032.00  22.0  30.2   2.5  2.14    .0
  5 1989 316   7786.00  21.2  29.0   2.7  3.11   1.4
  5 1989 317  14902.00  23.2  30.3   2.7  2.31   5.3
  5 1989 318  11512.00  22.1  29.3   2.7  1.36   5.3
  5 1989 319  14442.00  22.3  29.0   2.8  1.81    .0
  5 1989 320   6279.00  23.0  28.2   2.8  1.81   5.5
  5 1989 321   5693.00  23.0  25.8   2.8  1.61  33.1
  5 1989 322   6153.00  23.8  26.0   2.9  2.11   2.9
  5 1989 323  14191.00  22.9  30.8   2.7  1.81   8.6
  5 1989 324  15739.00  23.5  30.5   3.0  1.69    .2
  5 1989 325  15446.00  22.4  29.6   2.7  1.69    .0
  5 1989 326  15572.00  22.5  29.9   2.8  2.00    .3
  5 1989 327  15614.00  22.2  30.7   2.7  2.31  26.5
  5 1989 328  14651.00  23.2  31.1   2.9  2.39   1.3
  5 1989 329   4312.00  23.7  25.8   3.0  1.61  15.4
  5 1989 330  14735.00  20.9  29.9   2.5  2.00    .0
  5 1989 331  14191.00  22.9  29.5   2.9  1.81    .0
  5 1989 332  14735.00  22.8  29.6   2.9  1.86    .0
  5 1989 333  14023.00  21.8  30.1   2.7  2.28   7.0
  5 1989 334   8749.00  23.4  29.5   2.9  2.97    .6
  5 1989 335   9795.00  23.0  28.9   2.8  2.81   2.1
  5 1989 336  12265.00  22.8  30.1   2.8  2.11    .0
  5 1989 337  14860.00  21.5  30.7   2.7  2.69    .0
  5 1989 338  14484.00  22.2  29.6   2.6  1.83   1.6
  5 1989 339  10298.00  22.8  30.2   2.8  3.11   1.4
  5 1989 340  14986.00  21.9  29.5   2.8  2.44   2.3
  5 1989 341  13437.00  23.2  29.3   2.9  2.28    .0
  5 1989 342  15949.00  21.2  29.9   2.6  2.08    .0
  5 1989 343  13563.00  22.2  30.7   2.8  3.03  35.5
  5 1989 344   7074.00  22.6  27.1   2.8  2.39   4.6
  5 1989 345  12600.00  22.0  28.6   2.7  1.97    .0
  5 1989 346  14860.00  21.9  29.4   2.6  2.25    .3
  5 1989 347  14860.00  22.8  29.2   2.6  2.17    .0
  5 1989 348  13395.00  19.5  29.7   2.2  1.83    .0
  5 1989 349  10465.00  21.1  29.9   2.5  1.81    .1
  5 1989 350  12767.00  21.0  29.0   2.5  2.36   4.0
  5 1989 351  12851.00  21.4  29.9   2.6  1.78    .2
  5 1989 352  11637.00  21.6  29.1   2.7  2.39    .0
  5 1989 353  12181.00  21.6  29.8   2.6  2.08    .0
  5 1989 354   7200.00  21.8  28.7   2.6  2.08  36.9
  5 1989 355  13981.00  22.3  29.0   3.1  1.97    .3
  5 1989 356  14107.00  21.0  29.3   2.5  2.33    .0
  5 1989 357  14274.00  21.0  30.8   2.4  3.56  81.3
  5 1989 358   4353.00  20.4  21.8   2.6  4.86 250.1
  5 1989 359   9293.00  19.0  24.2   1.9  3.42  12.2
  5 1989 360   8498.00  19.8  24.0   2.3  2.56  10.5
  5 1989 361   6781.00  21.1  25.5   2.5  2.31   3.3
  5 1989 362   8916.00  19.9  25.5   2.4  2.61   3.2
  5 1989 363  15698.00  19.2  28.6   2.4  2.08    .0
  5 1989 364  11344.00  19.5  28.5   2.4  1.94    .0
  5 1989 365  15739.00  19.0  28.3   2.3  1.94    .0
