*---------------------------------------------------------              
* Station name: Puerto Limon                                            
* Author: Atlantic Zone Project, AUW-MAG-CATIE, Costa Rica              
* Source: IMN, San Jose, Costa Rica                                     
*                                                                       
* Comments:                                                             
*                                                                       
*                                                                       
*                                                                       
* Longitude:  83  3 W, latitude:  10  0 N, altitude:  3 m.              
* Column  Daily value                                                   
*    1    station number                                                
*    2    year                                                          
*    3    month                                                         
*    4    day                                                           
*    5    julian date                                                   
*    6    irradiation            (cal cm-2 d-1)                         
*    7    minimum temperature    (degrees Celcius)                      
*    8    maximum temperature    (degrees Celcius)                      
*    9    vapor pressure at 0700 (mbar)                                 
*   10    vapor pressure at 1300 (mbar)                                 
*   11    vapor pressure at 1800 (mbar)                                 
*   12    mean wind speed        (kilometer per hour)                   
*   13    precipitation          (mm d-1)                               
*   14    sunshine hours         (hours)                                
* Missing value: -99                                                    
*---------------------------------------------------------              
*  data converted with WDC for CABO-format
*-------------------------------------------
  83.05  10.00     3.  .00  .00
  5 1980   1  10752.88  21.8  30.1   2.0  3.22  39.9
  5 1980   2   5564.72  21.2  28.4   1.9  3.06  19.8
  5 1980   3  12384.64  22.2  31.2   2.1  1.78    .1
  5 1980   4  17248.88  21.6  30.6   2.0  1.64  31.3
  5 1980   5   5313.68  23.0  27.8   2.1  1.72  38.3
  5 1980   6  10543.68  21.8  31.8   2.0  1.78  13.0
  5 1980   7  12761.20  21.8  30.2   2.0  2.22    .5
  5 1980   8   4895.28  20.8  29.2   1.9  1.75  10.8
  5 1980   9  12803.04  23.0  31.2   2.1  1.89   3.6
  5 1980  10   9623.20  22.0  29.6   1.9  1.89    .0
  5 1980  11  10669.20  20.0  31.0   1.7  1.61    .0
  5 1980  12  14058.24  19.0  30.4   1.8  1.86    .2
  5 1980  13   9204.80  20.8  29.2   1.9  1.61    .0
  5 1980  14  13598.00  20.0  31.0   1.8  1.89    .0
  5 1980  15  10041.60  20.4  29.9   1.8  1.75    .0
  5 1980  16   9204.80  21.2  30.2   1.8  1.72    .0
  5 1980  17   9162.96  19.5  29.8   1.8  1.69    .0
  5 1980  18  10041.60  20.6  30.0   1.8  2.47   6.0
  5 1980  19  12091.76  19.4  29.8   1.7  2.06  27.5
  5 1980  20   9623.20  21.8  30.4   2.0  1.56   3.6
  5 1980  21  12803.04  20.8  31.2   1.9  2.31   3.6
  5 1980  22  11798.88  21.0  30.4   1.9  1.83    .0
  5 1980  23  14058.24  21.3  29.4   1.9  2.03    .0
  5 1980  24  13765.36  20.2  29.6   1.8  2.11    .0
  5 1980  25  13807.20  21.0  31.2   1.9  1.64    .0
  5 1980  26  13054.08  21.7  31.4   2.0  2.14    .0
  5 1980  27   9330.32  22.6  30.6   1.9  2.22   2.5
  5 1980  28  12426.48  22.0  30.4   2.1  2.39    .0
  5 1980  29   3472.72  23.2  26.0   2.0  2.75  65.7
  5 1980  30   4184.00  21.3  28.0   2.0  2.64  15.0
  5 1980  31  14100.08  20.0  29.6   1.8  2.39    .0
  5 1980  32  14936.88  19.0  30.3   1.6  2.11   4.3
  5 1980  33  13263.28  19.6  30.9   1.8  2.78   8.6
  5 1980  34  15522.64  20.8  28.5   1.9  4.31  17.0
  5 1980  35   4895.28  20.2  25.0   1.8  2.89  50.6
  5 1980  36   6652.56  20.0  24.5   1.7  2.92   3.8
  5 1980  37   9414.00  20.2  28.6   1.7  2.94  89.7
  5 1980  38   2803.28  21.0  26.0   1.9  2.69  22.3
  5 1980  39  14183.76  21.0  30.3   2.0  1.94    .0
  5 1980  40  11254.96  20.2  30.0   1.8  1.92   3.3
  5 1980  41  10250.80  21.0  29.5   1.9  1.64   1.9
  5 1980  42  10250.80  21.8  30.0   2.0  1.72   5.5
  5 1980  43  15648.16  21.2  30.0   2.0  1.92    .0
  5 1980  44   8200.64  19.0  27.5   1.6  1.72   7.2
  5 1980  45   7322.00  22.0  29.0   2.0  2.00   7.7
  5 1980  46   9204.80  19.6  29.0   1.9  1.86   5.5
  5 1980  47  16359.44  18.6  28.7   1.7  1.83    .0
  5 1980  48  12593.84  20.2  30.4   1.9  1.67    .0
  5 1980  49  10878.40  21.5  30.9   1.9  1.86    .0
  5 1980  50  13179.60  20.5  30.8   1.9  2.06    .0
  5 1980  51  15397.12  21.7  30.6   1.8  2.19    .0
  5 1980  52  14727.68  19.6  30.5   1.7  2.50  20.5
  5 1980  53  15020.56  21.5  30.2   2.0  1.94    .0
  5 1980  54  15020.56  19.4  30.5   1.8  1.92    .0
  5 1980  55  15773.68  18.8  30.1   1.6  1.94    .0
  5 1980  56  14351.12  19.0  30.0   1.7  1.97    .0
  5 1980  57  13305.12  18.4  30.5   1.6  2.08   4.1
  5 1980  58  12468.32  21.0  31.0   1.9  2.22    .0
  5 1980  59   9706.88  20.0  30.0   1.8  2.17   1.0
  5 1980  60  12844.88  20.6  30.9   1.9  1.83    .0
  5 1980  61  12970.40  19.6  30.4   2.1  1.94    .0
  5 1980  62  15815.52  20.0  30.6   1.9  2.22    .0
  5 1980  63  11254.96  19.5  29.8   1.7  2.72   1.4
  5 1980  64  11924.40  18.4  29.3   1.7  2.25    .0
  5 1980  65  15941.04  17.8  30.5   1.5  2.06    .0
  5 1980  66  12468.32  19.0  32.2   1.7  2.28   3.9
  5 1980  67  14267.44  19.6  31.6   1.8  2.08    .0
  5 1980  68  15690.00  19.0  31.5   1.7  2.06   2.1
  5 1980  69  16736.00  19.2  30.5   1.8  2.83    .0
  5 1980  70  15480.80  20.9  30.8   1.7  2.08    .4
  5 1980  71   9790.56  21.6  30.4   2.0  1.56   1.7
  5 1980  72  16777.84  20.4  32.0   1.9  2.33    .0
  5 1980  73  17949.36  20.8  32.0   1.9  2.22   1.1
  5 1980  74  14392.96  21.2  32.0   2.0  2.53  11.3
  5 1980  75  14936.88  21.2  30.8   1.9  2.67   8.1
  5 1980  76  15020.56  20.8  30.8   2.0  2.56    .5
  5 1980  77  12175.44  19.8  29.4   1.8  2.39    .0
  5 1980  78  10501.84  22.0  30.6   1.9  2.61    .5
  5 1980  79  13514.32  20.4  30.9   1.9  2.11   1.8
  5 1980  80  11213.12  20.8  29.5   1.7  1.78   2.8
  5 1980  81  18033.04  19.8  30.3   1.9  1.86    .0
  5 1980  82  15815.52  21.4  30.5   1.9  2.08    .0
  5 1980  83  13095.92  20.2  30.9   1.7  2.75   1.7
  5 1980  84  20585.28  22.0  30.8   1.8  2.78    .6
  5 1980  85  15606.32  23.4  31.4   2.1  2.81    .0
  5 1980  86  14016.40  22.8  31.5   2.0  1.89  10.2
  5 1980  87  13849.04  22.0  31.8   2.2  2.58   5.2
  5 1980  88  13723.52  23.8  31.4   2.2  2.36   7.0
  5 1980  89   8744.56  24.4  30.0   2.3  1.89   3.5
  5 1980  90  14392.96  24.1  31.0   2.2  1.69    .5
  5 1980  91  11506.00  24.6  30.5   2.3  1.67    .5
  5 1980  92  11464.16  23.2  30.8   2.1  3.28   3.4
  5 1980  93  13765.36  24.0  31.6   2.2  2.47   3.6
  5 1980  94  11966.24  23.2  30.5   2.2  2.47   6.9
  5 1980  95  10711.04  23.2  30.5   2.2  2.97   1.3
  5 1980  96  16317.60  22.2  30.6   2.0  3.00   2.5
  5 1980  97  18744.32  21.4  30.7   2.0  2.50    .0
  5 1980  98  15899.20  20.0  30.8   1.9  2.78    .0
  5 1980  99  16694.16  21.5  31.2   2.0  2.92    .4
  5 1980 100  17530.96  22.3  31.0   2.0  2.33    .0
  5 1980 101  18535.12  19.2  31.0   1.8  2.42    .0
  5 1980 102  18284.08  19.6  31.6   1.9  2.89    .0
  5 1980 103  19455.60  18.2  31.1   1.7  2.78    .0
  5 1980 104  19497.44  19.2  31.4   1.9  2.42    .0
  5 1980 105  22440.15  21.2  32.0   2.0  2.44    .0
  5 1980 106  16903.36  22.0  31.4   2.0  2.28    .0
  5 1980 107  15229.76  21.6  31.7   1.9  2.31    .0
  5 1980 108  10711.04  18.2  31.8   1.9  2.25   1.5
  5 1980 109   6903.60  22.9  29.0   2.2  1.97  98.9
  5 1980 110   3096.16  23.2  27.5   2.1  1.61  70.8
  5 1980 111   4602.40  22.2  28.3   2.1  1.86  43.0
  5 1980 112  12886.72  23.8  30.5   2.2  2.92  55.6
  5 1980 113   5439.20  21.2  26.7   1.9  2.61    .2
  5 1980 114  10794.72  22.0  30.5   2.0  2.67    .0
  5 1980 115  16568.64  23.1  29.6   1.9  1.86    .0
  5 1980 116  14267.44  23.2  30.1   2.1  1.89    .0
  5 1980 117  17823.84  22.8  31.6   2.2  2.19    .0
  5 1980 118  12719.36  23.4  31.1   2.1  1.78   6.0
  5 1980 119  11547.84  24.8  30.6   2.4  2.83   1.4
  5 1980 120  15648.16  23.2  30.9   2.2  2.44    .0
  5 1980 121  16945.20  21.5  31.5   2.0  2.06    .0
  5 1980 122  16443.12  21.4  31.6   2.1  2.17    .0
  5 1980 123  15606.32  23.2  31.8   2.2  2.36    .0
  5 1980 124  15815.52  25.1  32.6   2.3  2.64    .0
  5 1980 125  12049.92  24.0  31.5   2.1  2.22    .0
  5 1980 126  15397.12  22.2  31.6   2.0  2.31    .0
  5 1980 127  10669.20  23.2  31.0   2.0  2.33  23.2
  5 1980 128   6987.28  23.1  30.2   2.1  2.14   2.3
  5 1980 129  15899.20  23.6  30.8   2.2  1.75   2.2
  5 1980 130  11966.24  24.2  30.4   2.2  1.58   2.2
  5 1980 131  21229.42  24.2  31.2   2.3  2.11    .0
  5 1980 132  16526.80  19.4  32.2   2.2  2.17   6.1
  5 1980 133  12719.36  23.5  31.4   2.3  2.08    .2
  5 1980 134   5857.60  24.0  29.0   2.2  1.75  25.0
  5 1980 135  13890.88  23.8  31.2   2.2  2.39  21.2
  5 1980 136  15773.68  23.6  31.6   2.2  2.19    .0
  5 1980 137  16443.12  23.3  31.5   2.2  2.33   2.3
  5 1980 138  15606.32  23.0  32.0   2.6  2.22   5.3
  5 1980 139   8409.84  22.3  30.4   2.0  2.11   4.9
  5 1980 140  10920.24  23.8  30.9   2.2  1.83   6.9
  5 1980 141   5857.60  23.8  28.9   2.2  1.47  16.3
  5 1980 142  11798.88  23.9  30.5   2.2  1.69    .1
  5 1980 143  12008.08  23.7  30.3   2.2  2.08   8.7
  5 1980 144   9162.96  23.9  29.3   2.2  2.03    .1
  5 1980 145  14602.16  22.8  30.6   2.2  1.94    .0
  5 1980 146  22046.47  21.4  31.6   2.3  1.92    .0
  5 1980 147  17572.80  24.0  33.3   2.2  2.19    .0
  5 1980 148  12719.36  23.7  32.0   2.0  1.61    .0
  5 1980 149  15899.20  22.8  29.6   2.1  1.78    .0
  5 1980 150   6485.20  22.2  28.6   2.1  1.86    .1
  5 1980 151  11673.36  22.4  31.0   2.1  1.89   2.2
  5 1980 152   8744.56  22.0  29.5   2.2  2.44   3.8
  5 1980 153  16568.64  22.2  30.8   2.0  2.06    .2
  5 1980 154  15397.12  22.6  31.6   2.1  1.94    .0
  5 1980 155  17321.76  21.9  32.8   2.1  2.28    .0
  5 1980 156  14769.52  23.8  33.1   2.2  1.89    .0
  5 1980 157   4435.04  23.6  30.0   2.1  1.97  11.4
  5 1980 158   7029.12  20.2  30.3   2.0  1.67  30.1
  5 1980 159   4560.56  23.2  27.3   2.1  1.64  17.2
  5 1980 160  11296.80  21.6  31.0   2.2  1.83   2.0
  5 1980 161   6652.56  24.0  30.2   2.2  2.44  31.9
  5 1980 162  12342.80  23.0  32.4   2.2  1.64    .0
  5 1980 163   7531.20  23.2  29.2   2.2  1.33    .6
  5 1980 164  12300.96  22.0  31.3   2.0  1.94    .1
  5 1980 165  14853.20  22.8  31.3   2.1  1.97    .9
  5 1980 166  14853.20  23.4  33.0   2.1  2.50    .0
  5 1980 167  10585.52  23.8  33.0   2.2  1.92    .7
  5 1980 168   8493.52  24.2  32.0   2.3  1.75   2.0
  5 1980 169  14308.37  23.8  32.4   2.2  1.56  49.5
  5 1980 170   9916.08  24.2  30.4   2.2  1.97  22.6
  5 1980 171  11673.36  24.4  31.5   2.3  2.47    .0
  5 1980 172   6192.32  23.0  31.0   2.1  1.58  11.7
  5 1980 173   6359.68  23.6  27.8   2.1  1.67   3.4
  5 1980 174  11087.60  22.0  30.6   2.0  1.86    .0
  5 1980 175   8886.51  22.8  25.5   2.0  1.64   4.2
  5 1980 176  11254.96  20.1  32.0   1.9  2.03  15.9
  5 1980 177   7614.88  23.2  30.6   2.1  2.08  43.7
  5 1980 178   6485.20  24.0  31.5   2.2  1.78  14.2
  5 1980 179   8033.28  24.8  29.8   2.4  1.86 107.3
  5 1980 180   5355.52  23.8  30.0   2.2  1.56  34.4
  5 1980 181   1548.08  24.4  28.5   2.2  1.67  99.1
  5 1980 182  11924.40  23.2  30.1   2.2  1.50    .0
  5 1980 183  12175.44  22.8  30.6   2.1  1.83    .0
  5 1980 184  13221.44  23.0  31.0   2.0  2.14  36.5
  5 1980 185   7154.64  23.2  29.8   2.1  1.64  24.7
  5 1980 186  10836.56  22.6  32.0   2.0  2.19  10.7
  5 1980 187  15773.68  23.8  31.2   2.1  2.03  23.4
  5 1980 188  10669.20  24.0  31.7   2.2  1.92  24.8
  5 1980 189   9037.44  24.2  30.2   2.2  2.08   4.0
  5 1980 190  11296.80  22.8  30.0   2.1  1.83  14.4
  5 1980 191  16526.80  23.8  31.3   2.3  2.17   4.3
  5 1980 192  15397.12  22.4  31.4   2.1  2.28    .0
  5 1980 193   3347.20  22.2  27.3   2.0  1.69   6.4
  5 1980 194  10460.00  22.2  29.7   2.0  2.11    .0
  5 1980 195  14476.64  22.2  31.0   2.1  2.61   5.2
  5 1980 196  11087.60  22.4  31.0   2.0  1.86   1.2
  5 1980 197   9790.56  22.8  29.2   2.1  1.94  10.1
  5 1980 198  12593.84  24.0  30.8   2.2  2.31   8.9
  5 1980 199  15480.80  24.2  31.8   2.3  2.03   2.0
  5 1980 200   9037.44  24.2  31.5   2.2  1.81  24.3
  5 1980 201  11715.20  23.6  31.7   2.2  1.67   3.4
  5 1980 202   7865.92  23.2  29.4   2.2  1.72  14.2
  5 1980 203   8368.00  23.8  29.9   2.2  1.94   3.9
  5 1980 204  12300.96  21.4  29.6   2.0  2.14   1.9
  5 1980 205   8619.04  22.6  29.7   2.0  1.50   3.1
  5 1980 206  16526.80  22.3  30.5   2.1  2.14    .0
  5 1980 207  14602.16  22.4  31.2   2.0  1.97    .0
  5 1980 208  14141.92  22.2  31.4   2.0  2.39   7.3
  5 1980 209  13723.52  22.4  31.0   2.1  2.31   7.2
  5 1980 210   4184.00  23.2  30.0   2.1  1.69    .3
  5 1980 211  13137.76  22.2  31.4   2.1  2.06  13.0
  5 1980 212  10292.64  21.0  30.0   2.1  1.97  20.2
  5 1980 213  13849.04  22.0  31.3   2.1  2.83  22.6
  5 1980 214  12342.80  20.4  30.0   1.9  2.03    .0
  5 1980 215  12049.92  21.0  31.0   2.1  2.31    .3
  5 1980 216  14853.20  20.6  30.5   2.1  1.89    .0
  5 1980 217  13221.44  21.2  31.4   2.1  1.78    .0
  5 1980 218  16652.32  20.6  31.0   2.0  2.08    .0
  5 1980 219  16066.56  20.8  31.6   2.1  2.08    .0
  5 1980 220  14978.72  20.8  32.5   2.1  1.92    .0
  5 1980 221  15447.09  22.5  32.6   2.2  2.06  50.6
  5 1980 222   7614.88  21.0  29.4   2.0  1.36    .0
  5 1980 223  12844.88  20.6  31.6   2.0  1.69    .0
  5 1980 224  16568.64  20.6  32.4   2.1  1.92    .0
  5 1980 225  12300.96  22.4  33.0   2.2  1.92  11.5
  5 1980 226   9832.40  22.0  31.4   2.1  1.69   6.2
  5 1980 227   8995.60  21.4  30.6   2.1  2.22   5.3
  5 1980 228  11087.60  20.2  30.3   2.1  1.72    .0
  5 1980 229  12510.16  20.8  31.9   2.2  2.03    .0
  5 1980 230  14225.60  22.9  31.8   2.1  2.83    .0
  5 1980 231   5481.04  19.8  31.5   2.1  1.94    .3
  5 1980 232  11296.80  20.0  30.7   2.2  2.19    .0
  5 1980 233  12593.84  22.3  31.6   2.0  1.97    .0
  5 1980 234  15020.56  22.8  32.2   2.0  2.61    .0
  5 1980 235  10711.04  23.0  32.0   2.1  2.33    .0
  5 1980 236  16777.84  22.4  31.5   2.0  1.97    .0
  5 1980 237  10543.68  23.4  31.7   2.0  1.61   9.5
  5 1980 238  15480.80  23.8  32.7   2.3  2.17   1.7
  5 1980 239  13639.84  23.6  31.4   2.3  2.00  86.7
  5 1980 240   4560.56  23.0  28.0   2.0  1.78  12.9
  5 1980 241   8786.40  22.4  30.1   2.2  1.83   2.2
  5 1980 242   4853.44  23.0  27.7   2.1  1.58   5.0
  5 1980 243  11966.24  23.0  30.6   2.1  2.14   5.2
  5 1980 244  14100.08  22.8  30.8   2.1  1.78   2.8
  5 1980 245  17388.50  22.8  31.7   2.0  1.86   6.5
  5 1980 246   6234.16  23.2  29.4   2.1  1.69  26.5
  5 1980 247  13514.32  21.9  29.6   1.9  1.83    .0
  5 1980 248  17279.92  21.8  30.8   2.0  2.33    .0
  5 1980 249  16401.28  22.2  32.3   2.0  2.31    .1
  5 1980 250   8911.92  23.0  33.0   2.1  2.11   5.3
  5 1980 251  13346.96  23.0  31.1   2.1  2.61    .6
  5 1980 252   8786.40  23.5  29.8   2.1  2.03   3.3
  5 1980 253  14476.64  22.6  31.4   2.0  2.50    .0
  5 1980 254  14225.60  22.3  31.2   2.0  2.08    .0
  5 1980 255  17405.44  23.2  32.3   2.1  2.33  33.8
  5 1980 256  17321.76  23.8  31.8   2.2  1.89   5.7
  5 1980 257  11673.36  23.8  31.5   2.2  1.64   1.2
  5 1980 258  13974.56  23.4  31.8   2.0  1.89    .0
  5 1980 259  10543.68  22.8  32.0   2.0  2.25   8.0
  5 1980 260  14392.96  21.0  31.0   2.0  1.67    .2
  5 1980 261  12844.88  23.0  31.3   2.1  1.92    .0
  5 1980 262   6485.20  22.0  28.2   2.0  1.47    .1
  5 1980 263  14644.00  22.0  31.3   2.0  1.97   1.9
  5 1980 264  10962.08  22.8  31.3   2.1  2.03   9.7
  5 1980 265  10418.16  23.0  31.2   1.9  2.11   1.2
  5 1980 266  10292.64  23.0  30.6   2.1  1.86   6.6
  5 1980 267  15690.00  21.8  30.6   2.0  1.50    .0
  5 1980 268  15648.16  22.8  31.6   2.1  2.19    .8
  5 1980 269  14602.16  23.0  32.6   2.3  1.75    .0
  5 1980 270   9706.88  24.0  32.1   2.3  2.00   1.3
  5 1980 271   7991.44  22.0  30.6   2.0  2.47  18.6
  5 1980 272  16526.80  21.6  31.0   2.1  2.03   4.9
  5 1980 273   9246.64  24.0  29.0   2.2  1.58    .0
  5 1980 274  15899.20  23.8  31.3   2.1  1.89    .0
  5 1980 275  13054.08  21.1  31.9   2.1  1.94   2.4
  5 1980 276  12049.92  22.0  30.6   2.1  1.94    .0
  5 1980 277  14434.80  22.0  31.6   2.1  2.14   3.3
  5 1980 278  12761.20  21.0  31.1   2.0  2.06   4.9
  5 1980 279   9455.84  22.4  30.4   2.1  1.81    .1
  5 1980 280  12342.80  21.0  30.6   2.1  2.00    .0
  5 1980 281  12384.64  21.7  32.2   2.0  1.97  28.9
  5 1980 282  11924.40  22.2  32.0   2.2  1.81   3.1
  5 1980 283  13514.32  21.8  31.3   2.1  1.81    .0
  5 1980 284   8549.78  22.2  27.6   2.2  1.67    .2
  5 1980 285  16568.64  21.9  32.6   2.2  2.06   3.0
  5 1980 286  15773.68  22.6  31.1   2.3  1.97    .1
  5 1980 287  10920.24  22.8  31.6   2.1  2.06    .2
  5 1980 288   7405.68  21.7  29.0   2.1  1.56   2.1
  5 1980 289   3807.44  21.0  26.5   2.1  1.78  17.5
  5 1980 290  12719.36  20.0  32.0   1.9  2.08    .2
  5 1980 291  16233.92  21.8  31.6   2.1  1.94    .0
  5 1980 292  16736.00  20.7  31.6   2.0  2.06    .0
  5 1980 293  16568.64  20.6  32.3   1.9  2.06   1.5
  5 1980 294   8535.36  21.7  30.7   2.0  1.67    .0
  5 1980 295  11254.96  21.2  31.5   2.0  2.14   1.3
  5 1980 296  10794.72  21.8  31.4   2.0  1.86   9.1
  5 1980 297  12886.72  22.1  31.4   2.2  2.28   6.4
  5 1980 298  11673.36  22.3  31.2   2.1  1.50   1.6
  5 1980 299   5857.60  23.0  29.5   2.3  1.72   6.1
  5 1980 300   8995.60  22.3  30.2   2.2  1.75  11.7
  5 1980 301  11171.28  22.2  30.5   2.1  1.83    .0
  5 1980 302   4351.36  21.2  30.0   2.1  1.92   8.4
  5 1980 303   6276.00  21.3  30.1   2.0  1.19  10.7
  5 1980 304   9916.08  23.0  30.7   2.2  2.00   3.0
  5 1980 305   9539.52  22.5  31.6   2.2  2.03   3.1
  5 1980 306   8493.52  20.6  31.6   1.9  2.17    .6
  5 1980 307  13346.96  21.5  30.0   2.1  2.36    .0
  5 1980 308  12510.16  22.1  32.0   2.1  2.28   1.5
  5 1980 309  10415.82  23.0  29.3   2.1  2.03    .0
  5 1980 310   9079.28  21.5  30.0   2.1  2.08  10.0
  5 1980 311   9037.44  22.5  30.3   2.1  1.92    .0
  5 1980 312   9204.80  22.0  31.4   2.1  1.44   1.5
  5 1980 313  13732.87  21.7  30.0   2.1  1.89  18.3
  5 1980 314   9999.76  21.0  31.0   2.1  1.67   1.1
  5 1980 315   8995.60  21.9  30.0   2.1  1.83   1.7
  5 1980 316  14769.52  21.6  30.8   2.1  2.08    .1
  5 1980 317   8660.88  22.5  30.4   2.1  3.33   7.3
  5 1980 318   5313.68  22.2  27.6   2.0  2.69   2.2
  5 1980 319  12217.28  22.5  30.8   2.1  2.56    .0
  5 1980 320  10041.60  22.1  30.2   2.1  1.61    .0
  5 1980 321  13388.80  22.3  30.5   2.1  1.78    .0
  5 1980 322  14727.68  21.5  31.3   2.0  1.89    .0
  5 1980 323  11840.72  20.7  31.2   2.0  1.89    .3
  5 1980 324  11798.88  20.0  32.0   2.0  2.17  27.3
  5 1980 325   9706.88  21.5  31.7   2.0  1.92  16.4
  5 1980 326   7698.56  22.0  30.2   1.9  1.92   3.1
  5 1980 327   7943.83  20.2  30.1   1.9  1.64   4.4
  5 1980 328  10752.88  21.3  30.5   2.0  1.69   2.0
  5 1980 329   5815.76  22.8  27.6   2.1  2.11   5.5
  5 1980 330  11840.72  22.2  30.6   2.0  2.47  14.0
  5 1980 331   7112.80  22.4  28.0   2.2  1.78   9.8
  5 1980 332   6527.04  22.0  28.8   2.1  1.89   8.4
  5 1980 333   3179.84  23.0  26.0   2.1  1.56  19.4
  5 1980 334   6945.44  21.5  29.0   2.0  1.69  70.1
  5 1980 335   4351.36  21.3  27.5   1.9  2.08  46.8
  5 1980 336   5481.04  21.9  27.6   2.0  1.83   8.3
  5 1980 337   7112.80  21.5  30.8   2.0  1.97    .0
  5 1980 338   6945.44  21.1  28.6   1.9  1.72    .5
  5 1980 339  13305.12  20.1  29.6   1.8  1.69   3.8
  5 1980 340   7489.36  20.1  30.0   2.0  2.06   2.4
  5 1980 341   7614.88  20.2  30.6   1.9  1.81    .2
  5 1980 342   9581.36  21.0  31.0   1.8  2.00   5.9
  5 1980 343   9372.16  20.4  31.2   1.9  2.11   2.7
  5 1980 344  12175.44  20.2  30.3   1.8  2.19    .0
  5 1980 345   7782.24  22.0  30.6   2.0  1.75  17.6
  5 1980 346   3389.04  21.1  27.0   2.0  1.86 146.0
  5 1980 347   7472.12  22.0  23.5   2.0  1.92 154.3
  5 1980 348   2928.80  21.8  26.3   2.0  2.11  48.6
  5 1980 349   6317.84  22.3  27.0   2.1  2.19  23.0
  5 1980 350   6610.72  22.3  29.2   2.0  1.58   1.6
  5 1980 351   9037.44  21.8  28.7   2.0  2.83  23.8
  5 1980 352   1087.84  22.0  23.1   2.0  3.83 157.4
  5 1980 353   1799.12  21.0  26.5   1.9  4.17  50.1
  5 1980 354   6778.08  21.3  28.7   2.0  1.92   6.3
  5 1980 355   9372.16  20.9  29.3   2.0  1.97   6.1
  5 1980 356  10501.84  20.2  28.3   1.9  2.08    .4
  5 1980 357  12886.72  19.5  29.3   1.8  1.92    .0
  5 1980 358  13598.00  18.5  30.9   1.7  2.17    .0
  5 1980 359  12300.96  18.6  29.8   1.6  2.17    .0
  5 1980 360  13974.56  18.1  29.8   1.6  2.44    .8
  5 1980 361   7782.24  21.2  30.0   2.0  1.89    .8
  5 1980 362   8481.17  21.0  29.5   1.9  3.25 151.2
  5 1980 363   4100.32  21.2  24.0   1.9  3.03   3.3
  5 1980 364   8620.40  20.0  27.4   1.6  2.14   7.0
  5 1980 365   6234.16  19.3  24.4   1.8  2.42  26.4
  5 1980 366   4100.32  17.9  22.2   1.7  2.31  11.6
