*---------------------------------------------------------              
* Station name: Puerto Limon                                            
* Author: Atlantic Zone Project, AUW-MAG-CATIE, Costa Rica              
* Source: IMN, San Jose, Costa Rica                                     
*                                                                       
* Comments: Wind speed data lacking                                     
*                                                                       
*                                                                       
*                                                                       
* Longitude:  83  3 W, latitude:  10  0 N, altitude:  3 m.              
* Column  Daily value                                                   
*    1    station number                                                
*    2    year                                                          
*    3    month                                                         
*    4    day                                                           
*    5    julian date                                                   
*    6    irradiation            (cal cm-2 d-1)                         
*    7    minimum temperature    (degrees Celcius)                      
*    8    maximum temperature    (degrees Celcius)                      
*    9    vapor pressure at 0700 (mbar)                                 
*   10    vapor pressure at 1300 (mbar)                                 
*   11    vapor pressure at 1800 (mbar)                                 
*   12    mean wind speed        (kilometer per hour)                   
*   13    precipitation          (mm d-1)                               
*   14    sunshine hours         (hours)                                
* Missing value: -99                                                    
*---------------------------------------------------------              
*  data converted with WDC for CABO-format
*-------------------------------------------
  83.05  10.00     3.  .00  .00
  5 1972   1   8870.08  21.2  27.2   1.9   .72   1.7
  5 1972   2  16108.40  21.0  29.5   2.0   .72   9.1
  5 1972   3   9246.64  20.6  28.0   1.9   .72  69.2
  5 1972   4   8033.28  23.2  28.4   2.1   .72  80.0
  5 1972   5   6861.76  22.6  28.8   2.0   .72  43.2
  5 1972   6   1213.36  21.0  23.5   2.0   .72 211.0
  5 1972   7   5230.00  21.0  25.5   1.9   .72  89.0
  5 1972   8   4811.60  21.1  23.5   1.9   .72  15.8
  5 1972   9   4811.60  21.1  23.8   1.9   .72  31.7
  5 1972  10   7656.72  21.2  25.5   2.0   .72  16.1
  5 1972  11  12091.76  21.7  28.1   2.0   .72    .1
  5 1972  12  11254.96  22.1  28.5   2.0   .72  23.7
  5 1972  13  12886.72  21.0  28.0   2.0   .72  34.8
  5 1972  14   4811.60  21.2  24.6   1.8   .72  22.4
  5 1972  15   8451.68  20.5  27.0   1.9   .72  18.9
  5 1972  16  12886.72  20.4  28.5   1.8   .72    .0
  5 1972  17  11673.36  20.3  29.2   1.7   .72    .0
  5 1972  18  19706.64  19.0  27.5   1.8   .72    .0
  5 1972  19  14895.04  20.0  29.1   1.7   .72    .0
  5 1972  20  16108.40  19.1  29.8   1.7   .72   2.7
  5 1972  21  20125.04  21.0  28.7   1.9   .72    .0
  5 1972  22  15690.00  20.0  28.5   1.8   .72    .0
  5 1972  23  13681.68  19.7  29.8   1.8   .72   7.4
  5 1972  24  19706.64  21.2  29.6   2.0   .72   3.4
  5 1972  25  12468.32  20.0  29.0   1.8   .72    .0
  5 1972  26  10041.60  19.0  28.5   1.6   .72   4.7
  5 1972  27   9665.04  21.2  26.5   1.8   .72   9.3
  5 1972  28  16484.96  19.8  29.5   1.8   .70   1.7
  5 1972  29  20125.04  18.4  28.4   1.8   .70   1.0
  5 1972  30  20125.04  19.0  28.8   1.7   .70    .0
  5 1972  31  17321.76  18.5  28.8   1.6   .70    .0
  5 1972  32  18451.44  19.5  29.8   1.8   .70    .0
  5 1972  33  18074.88  22.1  30.2   2.0   .70  56.7
  5 1972  34  16024.72  22.8  29.9   2.0   .70   3.1
  5 1972  35  20920.00  21.5  28.7   1.9   .70   3.2
  5 1972  36   8619.04  19.6  26.2   1.7   .70   4.2
  5 1972  37  15187.92  20.5  28.3   1.9   .70  55.7
  5 1972  38  20501.60  21.5  28.6   1.9   .70    .0
  5 1972  39  13974.56  21.1  30.0   1.9   .70    .0
  5 1972  40  20501.60  20.6  28.9   1.8   .70  10.0
  5 1972  41   9037.44  22.5  27.7   2.0   .70   8.1
  5 1972  42  21756.80  20.0  29.4   1.8   .70   3.8
  5 1972  43  22970.16  20.5  28.4   2.0   .70    .0
  5 1972  44  23388.56  18.2  28.8   1.7   .70    .0
  5 1972  45  20501.60  18.7  28.5   1.7   .70    .0
  5 1972  46  22175.20  20.5  29.0   1.7   .70   1.9
  5 1972  47  20501.60  20.7  28.5   1.8   .70    .0
  5 1972  48  20501.60  19.5  29.3   1.8   .70    .0
  5 1972  49  20501.60  19.4  29.9   1.8   .70    .0
  5 1972  50  20501.60  19.0  30.0   1.7   .70  15.2
  5 1972  51   4937.12  19.2  25.5   1.6   .70  81.0
  5 1972  52   8619.04  20.9  25.0   1.9   .70  65.9
  5 1972  53   9037.44  20.5  28.1   1.9   .70  25.5
  5 1972  54  21338.40  20.0  29.5   1.7   .70    .0
  5 1972  55  21756.80  18.7  29.4   1.6   .70    .0
  5 1972  56  20501.60  17.7  28.5   1.6   .75    .0
  5 1972  57  17656.48  21.3  29.6   1.8   .75  16.0
  5 1972  58  12719.36  22.2  29.5   2.0   .75   9.1
  5 1972  59  13556.16  21.3  30.0   1.9   .75  20.8
  5 1972  60  16401.28  20.0  28.7   1.9   .75    .0
  5 1972  61  15773.68  20.5  30.0   1.9   .75    .0
  5 1972  62  20752.64  21.2  29.4   1.8   .75    .0
  5 1972  63  21966.00  21.1  29.5   1.9   .75    .0
  5 1972  64  18660.64  20.6  30.5   1.8   .75   8.9
  5 1972  65  11589.68  21.8  27.5   2.0   .75   3.9
  5 1972  66  18242.24  21.5  28.8   1.9   .75    .0
  5 1972  67  23639.60  18.4  29.3   1.6   .75    .0
  5 1972  68  12008.08  20.2  31.0   1.7   .75    .0
  5 1972  69  19079.04  20.4  29.5   1.8   .75   4.8
  5 1972  70  21547.60  19.0  30.5   1.8   .75  16.3
  5 1972  71  19079.04  20.5  29.4   1.8   .75    .6
  5 1972  72  12008.08  21.0  26.5   1.9   .75   2.7
  5 1972  73  20334.24  20.0  29.8   1.8   .75   2.7
  5 1972  74  12844.88  20.5  27.5   1.9   .75   2.9
  5 1972  75  20752.64  20.5  29.5   1.7   .75    .0
  5 1972  76  23221.20  19.3  29.2   1.6   .75    .0
  5 1972  77  23221.20  19.0  29.5   1.8   .75    .0
  5 1972  78  23639.60  20.2  30.2   1.9   .75    .0
  5 1972  79  22802.80  21.3  30.5   1.8   .75   6.6
  5 1972  80  13681.68  22.5  29.6   2.0   .75  30.2
  5 1972  81   6234.16  21.8  25.7   1.9   .75   7.0
  5 1972  82  13263.28  21.7  29.4   1.9   .75    .0
  5 1972  83  19915.84  19.2  29.7   1.7   .75    .3
  5 1972  84  15355.28  18.5  29.0   1.9   .75    .0
  5 1972  85  23639.60  19.3  29.5   1.8   .75    .3
  5 1972  86  24894.80  20.1  29.8   1.8   .75    .0
  5 1972  87  16568.64  21.5  31.0   1.8   .75    .0
  5 1972  88  20752.64  19.6  30.7   1.7   .75    .0
  5 1972  89  16568.64  21.1  31.7   2.1   .75    .0
  5 1972  90  22802.80  20.5  31.9   2.0   .75    .0
  5 1972  91  22802.80  20.8  31.8   2.1   .75    .0
  5 1972  92  21338.40  22.0  31.7   2.1   .75    .0
  5 1972  93  23012.00  22.9  31.7   2.2   .75   5.9
  5 1972  94   5439.20  23.4  27.6   2.1   .75  57.5
  5 1972  95  20920.00  25.5  29.8   2.3   .75    .1
  5 1972  96   6276.00  22.0  27.3   2.0   .75  14.3
  5 1972  97  15480.80  21.7  30.6   2.0   .75   7.9
  5 1972  98  12552.00  21.3  30.2   1.9   .75    .0
  5 1972  99  23430.40  20.3  30.5   1.9   .75    .4
  5 1972 100  19664.80  23.3  30.8   2.2   .75   3.3
  5 1972 101   5439.20  22.8  26.9   2.0   .75  77.2
  5 1972 102   7531.20  22.0  28.3   2.0   .75   8.6
  5 1972 103  12133.60  20.3  29.4   1.8   .75    .0
  5 1972 104  16736.00  20.5  30.7   1.8   .75    .0
  5 1972 105  25104.00  20.3  30.2   1.8   .75   1.5
  5 1972 106  23012.00  22.4  30.2   2.1   .75   3.7
  5 1972 107  21756.80  22.5  30.5   2.1   .75  27.5
  5 1972 108  21338.40  22.5  31.2   2.0   .75  21.6
  5 1972 109  20083.20  22.5  29.6   2.1   .75  41.2
  5 1972 110  19246.40  21.8  31.0   2.0   .75    .8
  5 1972 111  23012.00  21.5  30.5   2.0   .75   2.9
  5 1972 112  20501.60  22.2  30.5   2.1   .75   9.5
  5 1972 113  12970.40  22.0  29.0   2.0   .75  35.8
  5 1972 114  22593.60  20.8  29.9   1.9   .75   1.9
  5 1972 115  21338.40  19.4  30.5   1.7   .75   4.6
  5 1972 116  14225.60  20.7  30.2   2.0   .75    .0
  5 1972 117  20920.00  20.8  31.1   1.9   .75    .3
  5 1972 118  22593.60  21.9  30.8   2.0   .75    .0
  5 1972 119  20920.00  19.5  30.3   1.7   .68  32.1
  5 1972 120  13388.80  22.4  30.2   2.0   .68   4.0
  5 1972 121  22593.60  21.7  30.7   2.1   .68  33.8
  5 1972 122  11296.80  22.3  29.3   2.0   .68   1.1
  5 1972 123  20501.60  21.8  29.8   2.1   .68    .0
  5 1972 124  24685.60  21.0  30.3   2.0   .68  43.3
  5 1972 125  19246.40  23.5  30.6   2.1   .68    .7
  5 1972 126  21756.80  22.8  30.7   2.3   .68    .1
  5 1972 127  17154.40  22.7  30.4   2.2   .68   7.6
  5 1972 128  15899.20  22.4  31.0   2.2   .68  18.1
  5 1972 129   9204.80  22.7  30.3   2.1   .68  16.7
  5 1972 130  14644.00  23.0  30.3   2.3   .68  16.1
  5 1972 131  14225.60  23.5  30.7   2.1   .68   3.0
  5 1972 132  22593.60  21.2  31.4   2.1   .68    .0
  5 1972 133  15062.40  23.0  30.2   2.1   .68   8.7
  5 1972 134  20920.00  23.8  30.3   2.2   .68  18.7
  5 1972 135   4184.00  23.2  26.5   2.2   .68   6.0
  5 1972 136  15062.40  21.7  29.8   2.1   .68    .0
  5 1972 137  15062.40  22.2  30.2   2.3   .68    .0
  5 1972 138  20920.00  22.8  30.0   2.3   .68    .0
  5 1972 139  19664.80  23.5  31.5   2.2   .68    .0
  5 1972 140  18409.60  24.0  31.3   2.2   .68    .0
  5 1972 141   9204.80  24.3  31.1   2.3   .68   2.0
  5 1972 142  12970.40  23.1  31.8   2.2   .68   9.9
  5 1972 143  20920.00  21.5  31.3   2.0   .68    .0
  5 1972 144  20083.20  21.9  30.7   2.1   .68    .0
  5 1972 145  23012.00  22.2  31.5   2.1   .68    .0
  5 1972 146  23012.00  23.0  32.0   2.3   .68    .0
  5 1972 147  15480.80  23.6  31.7   2.2   .68    .1
  5 1972 148  16736.00  23.2  32.0   2.1   .68   3.3
  5 1972 149  19246.40  20.7  31.0   2.0   .68    .0
  5 1972 150  20467.72  21.6  31.2   2.1   .68    .0
  5 1972 151  14841.09  22.3  31.6   2.0   .68    .0
  5 1972 152  12916.63  22.0  31.5   2.1   .68  15.0
  5 1972 153  16987.04  23.7  31.7   2.2   .68    .2
  5 1972 154  16987.04  22.9  32.5   2.2   .63  43.2
  5 1972 155   4560.56  22.7  28.2   2.2   .63  25.0
  5 1972 156   7489.36  23.5  28.0   2.2   .63  13.1
  5 1972 157   9957.92  22.4  30.7   2.1   .63    .0
  5 1972 158  13263.28  22.7  30.0   2.1   .63    .0
  5 1972 159  11631.52  23.3  31.5   2.2   .63  10.6
  5 1972 160  20710.80  22.0  31.0   2.1   .63    .4
  5 1972 161  18242.24  22.5  30.4   2.2   .63   5.0
  5 1972 162  20710.80  22.0  30.7   2.1   .63   2.7
  5 1972 163  19915.84  22.8  30.8   2.1   .63    .0
  5 1972 164  18242.24  22.5  31.4   2.1   .63    .0
  5 1972 165  18242.24  22.5  31.0   2.1   .63    .0
  5 1972 166  21547.60  21.9  32.5   2.2   .63    .0
  5 1972 167  21547.60  21.8  32.2   2.2   .63    .0
  5 1972 168  22802.80  21.5  32.0   2.1   .63    .0
  5 1972 169  22384.40  22.3  33.1   2.2   .63    .0
  5 1972 170  21966.00  23.0  33.6   2.1   .63   8.7
  5 1972 171  16150.24  24.4  31.3   2.2   .63    .0
  5 1972 172   5397.36  22.3  28.7   2.1   .63   4.0
  5 1972 173  19915.84  21.8  31.0   1.9   .63    .0
  5 1972 174  20710.80  22.2  31.0   2.2   .63    .0
  5 1972 175   4560.56  22.9  27.3   2.0   .63  45.0
  5 1972 176  23221.20  21.8  30.7   2.1   .63    .0
  5 1972 177   6652.56  22.7  27.8   2.1   .63   1.3
  5 1972 178  10794.72  21.9  29.5   2.0   .63   7.8
  5 1972 179  10376.32  22.0  30.3   2.1   .63   5.7
  5 1972 180  13263.28  22.5  31.4   2.1   .63  65.8
  5 1972 181   8284.32  22.0  30.2   2.2   .63  47.6
  5 1972 182  20710.80  23.6  31.8   2.3   .66  50.9
  5 1972 183  12133.60  22.9  30.7   2.2   .66 105.0
  5 1972 184  15899.20  22.7  31.0   2.0   .66  35.7
  5 1972 185   5020.80  23.2  25.7   2.1   .66  17.0
  5 1972 186  12552.00  22.5  29.2   2.0   .66  47.8
  5 1972 187  11296.80  22.8  29.7   2.1   .66    .4
  5 1972 188   2928.80  23.0  24.7   2.0   .66  11.2
  5 1972 189  15480.80  20.7  29.7   2.0   .66    .0
  5 1972 190  19664.80  21.5  31.2   2.0   .66   2.1
  5 1972 191  14644.00  22.6  30.3   2.1   .66   4.2
  5 1972 192   5439.20  23.7  26.5   2.2   .66  31.4
  5 1972 193   6694.40  22.0  28.2   2.0   .66  45.5
  5 1972 194  16317.60  23.1  30.3   2.2   .66  27.2
  5 1972 195  19664.80  23.5  32.6   2.0   .66  27.8
  5 1972 196  12552.00  22.9  30.2   2.1   .66  26.2
  5 1972 197  20501.60  24.0  31.1   2.2   .66  18.3
  5 1972 198   6694.40  23.9  28.5   2.2   .66  47.5
  5 1972 199  13807.20  23.5  30.7   2.1   .66   2.2
  5 1972 200  20501.60  23.8  31.3   2.2   .66  28.0
  5 1972 201  16317.60  24.2  31.4   2.3   .66   7.1
  5 1972 202   7112.80  23.3  27.6   2.2   .66   4.7
  5 1972 203  21756.80  21.3  30.3   1.9   .66    .0
  5 1972 204  20920.00  21.5  30.8   2.2   .66  55.5
  5 1972 205   7112.80  23.1  28.6   2.0   .66    .0
  5 1972 206  20920.00  21.7  31.1   2.1   .66    .0
  5 1972 207  20083.20  22.8  31.8   2.2   .66    .0
  5 1972 208   5020.80  23.0  28.5   2.1   .66   2.6
  5 1972 209   5857.60  23.0  27.7   2.1   .66  22.2
  5 1972 210   5439.20  23.5  27.1   2.1   .66 137.3
  5 1972 211   4602.40  22.0  27.0   2.0   .66  15.5
  5 1972 212  21756.80  22.3  30.0   2.1   .66  18.7
  5 1972 213  10878.40  23.9  31.0   2.3   .66  33.5
  5 1972 214  19664.80  23.4  31.7   2.2   .66   1.0
  5 1972 215  17154.40  23.7  30.6   2.2   .66    .4
  5 1972 216  11715.20  24.2  30.6   2.1   .66  16.5
  5 1972 217  22593.60  22.2  31.8   2.1   .66  50.8
  5 1972 218  16736.00  22.5  30.5   2.0   .66  83.9
  5 1972 219  14644.00  22.6  30.4   2.1   .66  11.2
  5 1972 220  20501.60  23.0  31.5   2.1   .66  14.8
  5 1972 221  12970.40  22.6  30.2   2.1   .66   7.4
  5 1972 222  14225.60  22.5  30.1   2.0   .66   4.9
  5 1972 223  14644.00  21.8  31.3   2.0   .66   9.1
  5 1972 224  15062.40  23.0  31.2   2.0   .66  29.8
  5 1972 225  11715.20  22.9  30.0   2.1   .66  14.7
  5 1972 226  10041.60  22.8  30.0   2.1   .66  13.5
  5 1972 227  10878.40  22.0  28.0   2.1   .66   3.9
  5 1972 228  10878.40  21.9  29.2   1.9   .66  23.4
  5 1972 229  15480.80  21.0  28.9   1.9   .66   2.5
  5 1972 230  20920.00  22.0  29.5   2.1   .66    .0
  5 1972 231  17154.40  21.9  31.3   2.0   .66    .5
  5 1972 232  13807.20  22.4  28.6   2.1   .66   8.0
  5 1972 233  17991.20  22.1  29.5   2.1   .66   4.8
  5 1972 234  10041.60  22.0  29.5   2.0   .66   6.4
  5 1972 235  18828.00  20.3  29.5   1.9   .66   2.7
  5 1972 236  20501.60  22.4  30.7   2.1   .66    .0
  5 1972 237  12970.40  22.5  30.5   2.1   .66  52.9
  5 1972 238  12133.60  22.0  29.9   2.0   .66   3.0
  5 1972 239  18409.60  21.7  30.8   2.0   .66    .1
  5 1972 240  17154.40  21.7  30.0   2.2   .66    .0
  5 1972 241  13847.59  21.5  31.6   1.9   .66    .8
  5 1972 242  22636.70  22.1  30.7   2.2   .66   9.0
  5 1972 243  17991.20  22.7  31.0   2.1   .66  31.6
  5 1972 244  15480.80  22.8  31.8   2.1   .66   5.1
  5 1972 245  15480.80  21.5  29.4   2.0   .65    .5
  5 1972 246  15480.80  22.4  30.3   2.1   .65   3.8
  5 1972 247  26359.20  22.4  30.7   2.3   .65   1.1
  5 1972 248  12970.40  22.7  31.3   2.2   .65   6.8
  5 1972 249  23848.80  21.9  30.6   2.1   .65    .0
  5 1972 250  20083.20  22.3  31.5   2.0   .65   4.2
  5 1972 251  16317.60  22.3  31.0   2.2   .65  14.5
  5 1972 252   2510.40  22.0  25.0   2.1   .65  26.2
  5 1972 253   5857.60  21.4  26.8   2.0   .65   6.5
  5 1972 254   5857.60  21.4  28.0   2.0   .65  19.6
  5 1972 255   9204.80  22.0  29.0   2.1   .65   1.5
  5 1972 256  13388.80  22.0  31.0   2.1   .65   9.6
  5 1972 257   5857.60  23.3  28.7   2.1   .65  10.7
  5 1972 258   5439.20  23.5  29.5   2.2   .65  27.4
  5 1972 259   9204.80  23.2  27.8   2.1   .65  11.2
  5 1972 260   8786.40  21.5  27.7   2.0   .65   5.3
  5 1972 261  16736.00  21.9  30.1   2.1   .65    .0
  5 1972 262  21756.80  21.1  30.1   2.0   .65  15.1
  5 1972 263  21756.80  23.1  31.6   2.3   .65  11.3
  5 1972 264  15062.40  22.8  29.5   2.2   .65    .0
  5 1972 265  17154.40  22.4  32.3   2.1   .65    .0
  5 1972 266  17154.40  22.4  31.5   2.3   .65    .9
  5 1972 267  20920.00  21.8  31.7   2.1   .65  33.1
  5 1972 268  16736.00  23.0  32.5   2.1   .65  47.3
  5 1972 269  13388.80  21.8  31.7   2.0   .65    .2
  5 1972 270  19664.80  22.5  30.5   2.0   .65  16.0
  5 1972 271  15062.40  21.9  32.2   2.1   .65  34.1
  5 1972 272  17154.40  22.8  30.6   2.1   .65   1.6
  5 1972 273  13388.80  22.3  29.8   2.1   .66    .7
  5 1972 274  17991.20  21.9  32.0   2.1   .66  13.6
  5 1972 275  19706.64  21.2  32.3   2.1   .66   1.9
  5 1972 276  14769.52  21.3  31.7   2.0   .66   1.3
  5 1972 277  22970.16  22.4  31.9   2.1   .66    .0
  5 1972 278   6568.88  22.2  28.6   2.1   .66    .3
  5 1972 279   8640.83  21.4  27.0   2.2   .66  39.3
  5 1972 280  18074.88  22.4  30.8   2.1   .66    .0
  5 1972 281  21756.80  21.9  31.0   2.1   .66    .0
  5 1972 282  21517.47  20.7  32.5   1.9   .66    .0
  5 1972 283   8200.64  21.4  30.5   2.1   .66   3.2
  5 1972 284  17656.48  21.3  33.0   2.1   .66   8.2
  5 1972 285  20920.00  21.9  32.8   2.0   .66   4.1
  5 1972 286  16401.28  21.8  32.5   1.9   .66    .0
  5 1972 287  18869.84  20.5  33.1   1.9   .66    .4
  5 1972 288  20501.60  20.9  31.8   2.0   .66   7.2
  5 1972 289  21756.80  22.2  30.4   2.1   .66   9.2
  5 1972 290  20501.60  22.9  31.2   2.1   .66  17.8
  5 1972 291  18451.44  21.9  33.0   2.1   .66    .4
  5 1972 292  16401.28  21.8  31.0   2.1   .66   3.5
  5 1972 293  18074.88  22.3  31.6   2.1   .66    .0
  5 1972 294  11087.60  22.5  30.0   2.2   .66   5.2
  5 1972 295   5732.08  21.5  27.4   1.9   .66   1.5
  5 1972 296  20501.60  20.5  32.0   1.9   .66  11.2
  5 1972 297  16024.72  21.5  31.2   2.1   .66   5.3
  5 1972 298   9037.44  21.1  29.5   2.2   .66   2.5
  5 1972 299  18869.84  20.0  31.8   2.0   .66    .2
  5 1972 300  14769.52  21.8  31.9   2.0   .66    .0
  5 1972 301  19706.64  22.2  31.5   2.2   .66    .0
  5 1972 302  19288.24  21.3  32.0   2.2   .66  15.9
  5 1972 303   8157.93  22.4  24.8   2.1   .66 111.9
  5 1972 304  15900.29  19.8  32.2   1.9   .66    .0
  5 1972 305  17656.48  20.8  31.0   2.0   .66    .0
  5 1972 306  18535.12  20.1  31.0   2.1   .66    .1
  5 1972 307  19330.08  21.7  31.0   2.0   .66    .0
  5 1972 308  17698.32  21.0  30.8   2.1   .68  19.9
  5 1972 309  16903.36  21.5  31.5   2.1   .68    .0
  5 1972 310  16108.40  22.0  31.5   2.0   .68    .0
  5 1972 311  17321.76  21.7  32.7   2.0   .68   3.2
  5 1972 312  14100.08  22.0  32.5   2.1   .68 112.0
  5 1972 313   5230.00  22.7  26.3   2.0   .68  71.9
  5 1972 314  10460.00  22.6  29.5   2.0   .68  21.5
  5 1972 315  16108.40  22.1  30.8   2.1   .68    .0
  5 1972 316  18911.68  22.3  32.5   2.1   .68    .0
  5 1972 317   9665.04  23.5  29.5   2.2   .68   3.2
  5 1972 318  11254.96  23.5  31.4   2.1   .68   7.7
  5 1972 319  16903.36  22.8  31.9   2.2   .68    .0
  5 1972 320  17321.76  23.0  32.3   2.2   .68    .3
  5 1972 321  15313.44  22.8  30.6   2.2   .68    .0
  5 1972 322  19706.64  22.3  30.8   2.0   .68    .0
  5 1972 323  18535.12  21.2  31.6   2.0   .68    .0
  5 1972 324  18911.68  21.3  32.4   1.9   .68   6.5
  5 1972 325   6024.96  22.7  28.4   2.2   .68  14.2
  5 1972 326  12886.72  22.0  31.5   2.1   .68    .0
  5 1972 327  19706.64  21.3  31.2   2.1   .68    .0
  5 1972 328  11673.36  21.5  32.2   1.9   .68   1.5
  5 1972 329  20125.04  21.0  30.0   2.0   .68   8.7
  5 1972 330  10041.60  22.4  30.5   2.0   .68    .8
  5 1972 331   6861.76  23.2  29.5   2.1   .68  14.7
  5 1972 332   6861.76  22.9  30.5   2.0   .68    .0
  5 1972 333  14476.64  22.9  32.0   2.2   .68  40.0
  5 1972 334  15690.00  23.4  31.7   2.2   .68    .0
  5 1972 335  12091.76  22.7  31.8   2.0   .68   2.3
  5 1972 336  17530.96  23.0  32.1   2.2   .69   2.5
  5 1972 337  18325.92  21.5  31.6   2.1   .69   4.0
  5 1972 338   7949.60  21.3  29.5   2.1   .69  35.8
  5 1972 339  24685.60  21.0  32.2   2.0   .69    .3
  5 1972 340  11547.84  21.0  32.3   1.8   .69  13.9
  5 1972 341   7949.60  23.0  30.1   2.1   .69  39.9
  5 1972 342   6778.08  23.0  27.0   2.0   .69  38.3
  5 1972 343  16736.00  21.6  30.2   2.0   .69    .0
  5 1972 344  13137.76  20.3  29.6   1.8   .69  37.5
  5 1972 345  15522.64  21.9  30.4   1.9   .69    .0
  5 1972 346  11171.28  20.7  31.0   1.9   .69   1.6
  5 1972 347  10752.88  22.5  30.0   2.1   .69   1.6
  5 1972 348   9539.52  22.5  30.5   2.2   .69   9.3
  5 1972 349  15522.64  22.4  32.0   2.2   .69   4.3
  5 1972 350  18702.48  21.8  30.5   2.0   .69    .0
  5 1972 351  15941.04  21.7  31.0   2.0   .69    .4
  5 1972 352  10376.32  21.8  29.9   2.1   .69   1.3
  5 1972 353   5188.16  22.8  25.5   2.0   .69  20.6
  5 1972 354   5188.16  22.6  27.0   2.0   .69  17.4
  5 1972 355  11966.24  22.5  30.2   2.0   .69   9.8
  5 1972 356  16317.60  22.9  29.5   2.1   .69    .3
  5 1972 357  17530.96  22.4  32.4   2.1   .69  56.2
  5 1972 358   3974.80  23.1  24.5   2.2   .69 130.6
  5 1972 359  11171.28  22.6  30.7   2.0   .69  14.3
  5 1972 360  15522.64  20.0  31.0   1.7   .69    .0
  5 1972 361  19120.88  20.1  30.0   1.8   .69    .0
  5 1972 362  10752.88  20.1  28.0   2.0   .69   2.2
  5 1972 363   5983.12  21.5  25.8   2.0   .69  26.3
  5 1972 364  12761.20  21.5  31.2   1.9   .69    .7
  5 1972 365  16317.60  20.7  30.6   1.7   .69    .1
  5 1972 366   7573.04  21.0  28.8   1.9   .69    .3
