*---------------------------------------------------------              
* Station name: Puerto Limon                                            
* Author: Atlantic Zone Project, AUW-MAG-CATIE, Costa Rica              
* Source: IMN, San Jose, Costa Rica                                     
*                                                                       
* Comments: Wind speed data lacking                                     
*                                                                       
*                                                                       
*                                                                       
* Longitude:  83  3 W, latitude:  10  0 N, altitude:  3 m.              
* Column  Daily value                                                   
*    1    station number                                                
*    2    year                                                          
*    3    month                                                         
*    4    day                                                           
*    5    julian date                                                   
*    6    irradiation            (cal cm-2 d-1)                         
*    7    minimum temperature    (degrees Celcius)                      
*    8    maximum temperature    (degrees Celcius)                      
*    9    vapor pressure at 0700 (mbar)                                 
*   10    vapor pressure at 1300 (mbar)                                 
*   11    vapor pressure at 1800 (mbar)                                 
*   12    mean wind speed        (kilometer per hour)                   
*   13    precipitation          (mm d-1)                               
*   14    sunshine hours         (hours)                                
* Missing value: -99                                                    
*---------------------------------------------------------              
*  data converted with WDC for CABO-format
*-------------------------------------------
  83.05  10.00     3.  .00  .00
  5 1971   1   6443.36  21.0  26.5   2.1   .72  56.8
  5 1971   2   8870.08  22.0  26.5   2.0   .72  24.9
  5 1971   3  15690.00  22.5  30.2   2.0   .72  31.3
  5 1971   4  15690.00  22.2  30.0   2.1   .72    .1
  5 1971   5  18116.72  22.0  30.0   1.9   .72  65.9
  5 1971   6   6443.36  21.5  27.5   2.1   .72  38.0
  5 1971   7  16108.40  21.0  31.0   2.0   .72  18.5
  5 1971   8   9246.64  21.0  28.0   1.9   .72  36.2
  5 1971   9  16108.40  21.0  30.0   1.9   .72   9.8
  5 1971  10  19330.08  21.0  29.0   1.9   .72  14.2
  5 1971  11  13974.56  21.5  29.0   1.9   .72  22.8
  5 1971  12  14895.04  20.5  29.5   2.0   .72  11.0
  5 1971  13  11673.36  20.0  29.2   1.8   .72  23.0
  5 1971  14  18911.68  20.2  29.0   1.9   .72    .5
  5 1971  15  17321.76  20.5  31.0   1.9   .72   5.6
  5 1971  16  13263.28  21.2  29.5   1.9   .72   7.8
  5 1971  17   9665.04  20.0  27.5   1.7   .72   2.2
  5 1971  18  18493.28  20.2  29.0   1.8   .72    .0
  5 1971  19  16484.96  20.5  29.0   2.1   .72    .0
  5 1971  20  18116.72  21.5  29.5   1.8   .72    .0
  5 1971  21  18116.72  18.5  28.5   1.7   .72  14.9
  5 1971  22   5230.00  20.5  22.0   1.8   .72  40.4
  5 1971  23  18493.28  20.2  29.7   1.9   .72  26.9
  5 1971  24  20125.04  22.4  30.1   2.0   .72    .0
  5 1971  25  17698.32  19.0  29.7   1.6   .72    .0
  5 1971  26  20543.44  18.0  29.5   1.5   .72   2.5
  5 1971  27  12886.72  20.8  29.0   1.8   .72  11.2
  5 1971  28  19706.64  19.5  30.5   1.7   .70   4.7
  5 1971  29  18493.28  19.2  30.0   1.7   .70    .3
  5 1971  30  12886.72  19.5  30.0   1.7   .70  10.8
  5 1971  31  14100.08  19.5  31.0   1.9   .70    .0
  5 1971  32  19288.24  19.2  29.0   1.7   .70    .4
  5 1971  33  15187.92  19.2  29.5   1.8   .70   8.8
  5 1971  34  16401.28  18.5  30.0   1.8   .70   7.7
  5 1971  35  13974.56  20.5  29.5   1.8   .70    .0
  5 1971  36  19288.24  19.5  28.3   1.8   .70   4.5
  5 1971  37  17238.08  19.6  29.5   1.7   .70   2.5
  5 1971  38  22175.20  19.0  29.0   1.8   .70    .0
  5 1971  39  16024.72  20.6  28.4   1.9   .70    .0
  5 1971  40  11506.00  19.8  29.5   1.7   .70   2.3
  5 1971  41  18074.88  19.5  30.0   1.6   .70   4.3
  5 1971  42  21756.80  20.5  30.5   1.7   .70    .0
  5 1971  43  18451.44  18.2  29.5   1.5   .70    .0
  5 1971  44  20125.04  18.2  28.8   1.7   .70    .1
  5 1971  45  20543.44  17.5  30.0   1.5   .70  12.9
  5 1971  46  14769.52  20.8  29.5   1.8   .70   8.5
  5 1971  47  15606.32  20.0  29.0   1.9   .70   1.1
  5 1971  48  21338.40  19.0  28.8   1.6   .70   3.3
  5 1971  49  23012.00  19.2  30.0   1.7   .70    .0
  5 1971  50  22593.60  19.2  29.2   1.8   .70    .0
  5 1971  51  22593.60  19.5  29.8   1.7   .70    .0
  5 1971  52  23012.00  18.5  30.5   1.7   .70    .0
  5 1971  53  21338.40  20.2  30.0   2.0   .70    .0
  5 1971  54  20125.04  21.0  30.8   1.8   .70    .0
  5 1971  55  12719.36  20.6  31.5   1.9   .70   3.2
  5 1971  56  13137.76  20.2  30.5   2.0   .75   7.5
  5 1971  57  18451.44  20.5  30.0   1.9   .75   2.2
  5 1971  58   9037.44  22.0  27.8   1.9   .75  11.2
  5 1971  59  16819.68  22.0  31.0   2.1   .75  19.8
  5 1971  60  22802.80  23.0  30.0   2.1   .75    .0
  5 1971  61  16987.04  22.0  30.5   1.9   .75   1.2
  5 1971  62  20292.40  21.5  29.5   1.9   .75    .0
  5 1971  63  12426.48  22.2  30.0   1.9   .75    .0
  5 1971  64   9539.52  20.8  27.8   1.7   .75   4.5
  5 1971  65  22802.80  20.2  30.2   1.9   .75   5.2
  5 1971  66   9121.12  21.3  26.2   1.9   .75   6.2
  5 1971  67   7447.52  21.0  26.0   1.9   .75  27.6
  5 1971  68  17405.44  20.7  30.5   1.8   .75   6.4
  5 1971  69  21547.60  19.5  30.5   1.7   .75   7.1
  5 1971  70  11589.68  20.5  29.2   1.9   .75   1.2
  5 1971  71  14936.88  21.0  28.2   1.9   .75    .0
  5 1971  72  18242.24  20.5  30.5   1.8   .75    .0
  5 1971  73  17405.44  20.5  29.8   1.8   .75    .0
  5 1971  74  16568.64  21.2  29.8   1.8   .75    .0
  5 1971  75  16150.24  22.0  30.0   2.0   .75    .5
  5 1971  76  17405.44  21.0  31.0   1.9   .75   3.9
  5 1971  77  14100.08  20.8  28.3   1.8   .75   9.9
  5 1971  78   9121.12  20.5  27.0   1.8   .75   2.2
  5 1971  79  10376.32  18.2  28.8   1.6   .75    .2
  5 1971  80  15355.28  19.0  29.9   1.8   .75  81.6
  5 1971  81   4142.16  21.5  25.0   1.9   .75  54.8
  5 1971  82  14518.48  21.5  29.8   2.0   .75   7.6
  5 1971  83  18660.64  20.4  30.0   1.9   .75   8.1
  5 1971  84  21547.60  22.1  31.0   2.0   .75    .0
  5 1971  85  24852.96  21.3  30.0   1.9   .75    .5
  5 1971  86  23639.60  21.2  29.8   2.0   .75    .0
  5 1971  87  18660.64  19.7  30.0   1.8   .75   1.1
  5 1971  88  19079.04  21.5  29.0   2.0   .75    .0
  5 1971  89  24894.80  19.6  30.2   1.8   .75    .0
  5 1971  90  24058.00  19.0  31.0   1.8   .75    .0
  5 1971  91  20083.20  18.5  31.0   1.7   .75    .0
  5 1971  92  25104.00  17.4  31.2   1.6   .75    .0
  5 1971  93  20920.00  19.0  30.5   1.7   .75    .0
  5 1971  94  16317.60  19.4  31.5   1.8   .75    .0
  5 1971  95  23012.00  18.5  31.8   1.9   .75    .5
  5 1971  96  24267.20  20.0  31.8   1.9   .75   1.3
  5 1971  97  25104.00  18.4  30.7   1.7   .75  23.0
  5 1971  98  11715.20  20.4  27.8   1.7   .75 102.7
  5 1971  99   9204.80  19.8  23.8   1.7   .75  88.8
  5 1971 100  10460.00  18.5  26.0   1.7   .75  13.3
  5 1971 101  10041.60  20.0  26.0   1.8   .75  37.5
  5 1971 102  14644.00  19.4  30.0   1.8   .75   7.5
  5 1971 103  13388.80  20.5  29.0   1.9   .75   2.5
  5 1971 104  22593.60  20.0  29.5   1.9   .75    .0
  5 1971 105  22175.20  20.2  29.5   1.9   .75   1.2
  5 1971 106  23012.00  21.0  30.6   2.0   .75    .2
  5 1971 107  23012.00  22.3  31.4   2.1   .75    .0
  5 1971 108  22593.60  21.3  31.0   2.1   .75    .0
  5 1971 109  21338.40  22.7  31.5   2.1   .75  31.8
  5 1971 110  18409.60  23.4  30.5   2.2   .75   1.9
  5 1971 111  21756.80  22.4  30.7   2.2   .75    .0
  5 1971 112  24267.20  21.4  30.7   2.1   .75    .0
  5 1971 113  22593.60  20.8  31.2   2.1   .75    .0
  5 1971 114  20920.00  21.0  32.2   2.1   .75    .0
  5 1971 115  25104.00  20.5  31.7   2.2   .75    .0
  5 1971 116  18828.00  22.0  31.2   2.0   .75  17.2
  5 1971 117  24685.60  22.2  31.4   2.3   .75    .0
  5 1971 118  23848.80  20.7  31.5   2.0   .75    .6
  5 1971 119  21756.80  23.5  32.0   2.2   .68  27.2
  5 1971 120  11715.20  22.4  28.6   2.0   .68    .0
  5 1971 121  23848.80  21.2  30.5   1.9   .68  28.6
  5 1971 122  11715.20  22.0  29.0   2.0   .68  11.8
  5 1971 123  17991.20  21.4  30.5   1.9   .68    .0
  5 1971 124  16317.60  20.2  31.5   1.9   .68    .0
  5 1971 125  20501.60  20.6  31.0   2.0   .68    .0
  5 1971 126  16317.60  19.6  30.7   1.8   .68   1.3
  5 1971 127  15899.20  21.4  30.8   2.1   .68   1.8
  5 1971 128  12970.40  22.2  30.3   2.1   .68  17.8
  5 1971 129   9204.80  22.2  28.8   2.1   .68  55.2
  5 1971 130   8368.00  20.8  27.8   2.0   .68   1.1
  5 1971 131  16736.00  22.0  31.4   2.1   .68  25.2
  5 1971 132  11715.20  22.0  30.2   2.1   .68  10.2
  5 1971 133  15480.80  21.5  30.5   2.0   .68    .3
  5 1971 134  17991.20  22.2  31.2   2.0   .68   1.3
  5 1971 135  18409.60  21.8  31.2   2.0   .68    .0
  5 1971 136  15480.80  21.4  30.2   2.0   .68    .0
  5 1971 137  17154.40  22.0  30.7   2.2   .68  40.2
  5 1971 138  17572.80  21.4  31.2   2.0   .68  23.4
  5 1971 139  14644.00  21.5  30.0   2.1   .68   3.4
  5 1971 140   7112.80  23.2  27.5   2.1   .68   5.1
  5 1971 141  11296.80  22.7  29.2   2.1   .68   1.2
  5 1971 142  16317.60  21.0  30.7   2.0   .68    .0
  5 1971 143  20920.00  20.8  31.4   2.1   .68   6.5
  5 1971 144  21756.80  22.0  31.7   2.0   .68    .1
  5 1971 145  17572.80  21.7  32.4   2.0   .68    .5
  5 1971 146  14225.60  22.2  30.8   2.0   .68  22.2
  5 1971 147  18409.60  22.5  31.0   2.0   .68   6.0
  5 1971 148   7112.80  22.5  29.4   2.0   .68   6.5
  5 1971 149  20501.60  22.5  31.2   2.3   .68    .0
  5 1971 150  17154.40  23.5  32.0   2.2   .68    .0
  5 1971 151  17572.80  22.2  30.5   2.1   .68    .4
  5 1971 152   4978.96  22.7  28.6   2.0   .68   3.2
  5 1971 153   8284.32  21.5  28.9   2.0   .68  43.1
  5 1971 154  15355.28  21.0  30.5   2.0   .63    .0
  5 1971 155  17405.44  23.2  31.7   2.1   .63    .0
  5 1971 156   4978.96  23.2  29.2   2.3   .63  11.3
  5 1971 157   5397.36  22.8  30.1   2.0   .63  18.6
  5 1971 158   7865.92  22.5  28.6   2.0   .63  19.7
  5 1971 159  18242.24  21.4  31.5   2.0   .63  18.0
  5 1971 160  13681.68  22.5  30.5   2.0   .63   7.3
  5 1971 161  14518.48  21.6  31.7   2.1   .63    .0
  5 1971 162   4560.56  22.5  27.2   2.1   .63   1.7
  5 1971 163  18660.64  21.4  30.9   2.0   .63    .0
  5 1971 164  10292.64  22.0  30.6   1.9   .63    .0
  5 1971 165  17823.84  21.5  30.5   1.9   .63    .0
  5 1971 166  19497.44  21.0  30.2   2.0   .63   3.1
  5 1971 167  12426.48  22.9  30.3   2.2   .63  36.9
  5 1971 168  11171.28  22.9  31.3   2.1   .63  68.8
  5 1971 169   9121.12  21.5  28.8   2.0   .63   1.7
  5 1971 170  12008.08  21.9  30.2   2.0   .63    .1
  5 1971 171   7865.92  20.1  28.7   1.9   .63  10.7
  5 1971 172  12426.48  21.0  30.5   2.0   .63    .4
  5 1971 173  19497.44  20.3  30.7   1.9   .63   1.0
  5 1971 174  20292.40  22.4  30.3   2.0   .63 101.1
  5 1971 175   5397.36  21.5  27.6   2.0   .63  16.4
  5 1971 176  12426.48  22.8  29.8   2.2   .63  11.2
  5 1971 177  18660.64  20.3  31.3   1.8   .63  17.7
  5 1971 178  11589.68  22.7  30.8   2.1   .63    .5
  5 1971 179   9539.52  21.9  27.8   2.0   .63  27.5
  5 1971 180   8284.32  22.1  28.5   2.0   .63  42.7
  5 1971 181  10794.72  22.0  28.3   2.1   .63  85.5
  5 1971 182  14225.60  22.1  28.5   2.0   .66    .0
  5 1971 183   2928.80  21.9  27.8   1.9   .66  19.4
  5 1971 184   6694.40  20.0  26.5   1.9   .66   6.5
  5 1971 185   7112.80  20.3  27.4   2.0   .66  21.2
  5 1971 186  19246.40  20.7  29.5   1.9   .66  45.0
  5 1971 187  16317.60  22.0  30.8   2.1   .66    .2
  5 1971 188  19246.40  21.5  29.7   2.0   .66    .0
  5 1971 189   9623.20  21.5  30.4   2.0   .66  24.3
  5 1971 190  12970.40  22.8  30.3   2.1   .66  76.8
  5 1971 191  10041.60  22.5  27.8   2.0   .66  27.2
  5 1971 192  12970.40  22.2  30.3   2.1   .66   1.5
  5 1971 193   2928.80  22.4  26.9   2.0   .66  16.8
  5 1971 194  10041.60  20.4  28.0   1.9   .66   4.9
  5 1971 195  10460.00  23.2  28.5   2.0   .66   5.2
  5 1971 196  17154.40  21.8  28.2   2.0   .66   6.5
  5 1971 197  19246.40  21.4  28.7   2.0   .66   3.8
  5 1971 198  15062.40  22.6  29.3   2.0   .66   1.1
  5 1971 199  15480.80  21.0  30.4   2.0   .66  50.6
  5 1971 200  11296.80  22.0  28.7   1.9   .66  18.2
  5 1971 201  17154.40  21.7  30.5   1.9   .66  13.1
  5 1971 202  12133.60  23.5  30.5   2.2   .66  21.4
  5 1971 203  16736.00  23.1  31.5   2.3   .66   1.0
  5 1971 204  16317.60  21.0  29.8   2.3   .66  67.4
  5 1971 205  18828.00  21.1  30.8   2.0   .66    .0
  5 1971 206  10878.40  21.8  29.5   2.0   .66  20.3
  5 1971 207  14225.60  21.4  30.8   2.0   .66  21.2
  5 1971 208   2092.00  22.5  25.6   2.0   .66  18.0
  5 1971 209  19246.40  21.7  29.4   2.0   .66   4.9
  5 1971 210   7949.60  22.6  28.8   2.0   .66   5.8
  5 1971 211  13807.20  20.0  28.2   1.8   .66    .3
  5 1971 212  20920.00  20.7  29.5   1.9   .66   5.0
  5 1971 213  15480.80  21.5  31.2   2.0   .66    .0
  5 1971 214  20920.00  21.3  30.2   2.0   .66    .0
  5 1971 215   7949.60  21.5  28.4   2.1   .66   3.1
  5 1971 216   2510.40  21.2  25.8   2.0   .66    .6
  5 1971 217  11296.80  20.2  29.2   2.0   .66    .9
  5 1971 218   7112.80  21.6  28.3   2.0   .66    .6
  5 1971 219  23012.00  20.5  29.8   2.0   .66    .0
  5 1971 220  18828.00  21.1  29.8   1.9   .66  36.6
  5 1971 221  15062.40  22.3  30.5   2.1   .66   2.5
  5 1971 222  15480.80  21.6  31.4   2.0   .66    .5
  5 1971 223  14644.00  22.5  30.7   2.0   .66   7.5
  5 1971 224  20920.00  22.2  29.6   1.2   .66    .0
  5 1971 225   5439.20  22.1  29.0   1.2   .66   4.8
  5 1971 226  20920.00  20.4  30.1   2.0   .66  23.7
  5 1971 227  14225.60  21.0  29.5   1.9   .66  13.7
  5 1971 228  15480.80  22.3  30.4   2.0   .66   1.0
  5 1971 229  20920.00  21.0  29.8   2.0   .66    .0
  5 1971 230  13388.80  22.0  29.8   2.1   .66    .4
  5 1971 231  18409.60  22.0  30.5   2.0   .66   1.4
  5 1971 232  13807.20  22.5  31.8   2.0   .66    .0
  5 1971 233  19246.40  20.4  29.5   1.9   .66    .0
  5 1971 234  17154.40  22.0  30.2   2.0   .66    .0
  5 1971 235  20920.00  21.5  32.0   2.1   .66   2.5
  5 1971 236  14644.00  22.5  30.5   2.2   .66    .0
  5 1971 237  18828.00  22.2  31.0   2.1   .66  17.6
  5 1971 238  19664.80  21.0  31.0   2.0   .66    .0
  5 1971 239  17991.20  22.1  30.9   2.2   .66    .0
  5 1971 240   9623.20  21.6  29.7   2.0   .66   1.2
  5 1971 241  20920.00  21.4  31.3   2.0   .66    .0
  5 1971 242  20920.00  22.0  32.2   2.0   .66    .0
  5 1971 243  17991.20  22.0  31.4   2.1   .66    .7
  5 1971 244  19246.40  20.5  32.2   1.8   .66    .0
  5 1971 245  11296.80  22.0  30.5   2.1   .65    .2
  5 1971 246  20920.00  21.0  31.5   2.1   .65    .0
  5 1971 247  13388.80  21.5  29.9   2.0   .65    .0
  5 1971 248  14225.60  21.9  29.2   2.0   .65    .2
  5 1971 249  21756.80  22.0  31.5   2.1   .65    .0
  5 1971 250  18828.00  21.5  32.0   2.0   .65    .0
  5 1971 251  20501.60  21.0  32.1   2.1   .65    .0
  5 1971 252  17991.20  20.1  33.7   2.0   .65    .0
  5 1971 253  16317.60  22.4  31.4   2.0   .65    .0
  5 1971 254  21338.40  20.2  31.5   1.9   .65    .0
  5 1971 255  16736.00  20.5  32.7   2.0   .65    .0
  5 1971 256  20501.60  21.8  32.7   2.0   .65    .0
  5 1971 257  17154.40  21.4  32.9   1.9   .65    .2
  5 1971 258  10041.60  22.0  31.2   2.0   .65    .0
  5 1971 259  16317.60  20.5  31.5   1.8   .65    .1
  5 1971 260  15480.80  21.2  33.2   2.1   .65   6.1
  5 1971 261   3347.20  22.4  25.5   1.9   .65  21.6
  5 1971 262   4184.00  22.0  26.0   2.0   .65   4.2
  5 1971 263  18409.60  20.5  31.7   1.9   .65   2.9
  5 1971 264  20083.20  21.5  30.5   1.9   .65    .0
  5 1971 265  19664.80  22.5  30.1   2.1   .65    .0
  5 1971 266  15899.20  21.5  31.7   2.0   .65    .0
  5 1971 267  20083.20  21.5  30.6   2.1   .65    .4
  5 1971 268   8368.00  22.0  28.5   2.1   .65   1.2
  5 1971 269  19664.80  21.7  31.1   2.2   .65    .0
  5 1971 270  17154.40  22.0  31.5   2.1   .65   1.7
  5 1971 271  12970.40  22.3  30.5   2.2   .65   2.0
  5 1971 272  16736.00  20.1  30.2   1.8   .65   2.0
  5 1971 273  17154.40  21.5  29.9   2.0   .66   6.7
  5 1971 274  18074.88  21.0  30.5   2.0   .66    .3
  5 1971 275   4100.32  20.9  25.3   2.0   .66  18.1
  5 1971 276  19288.24  21.5  29.5   2.1   .66    .0
  5 1971 277  20501.60  21.2  30.0   2.0   .66  38.0
  5 1971 278  12719.36  22.5  29.1   2.1   .66   9.5
  5 1971 279   8619.04  22.6  30.2   2.1   .66  28.4
  5 1971 280  20920.00  22.5  30.5   2.1   .66    .0
  5 1971 281  11087.60  21.2  30.8   2.0   .66   1.8
  5 1971 282  21338.40  21.0  30.4   2.2   .66  13.8
  5 1971 283  14351.12  21.0  30.0   2.2   .66    .0
  5 1971 284  17614.64  21.5  30.4   2.2   .66    .0
  5 1971 285  17238.08  22.0  31.5   2.1   .66    .0
  5 1971 286  21756.80  21.8  31.2   2.2   .66    .0
  5 1971 287  11464.16  21.5  30.5   2.1   .66    .0
  5 1971 288  21338.40  21.5  30.3   2.1   .66   9.2
  5 1971 289  19706.64  20.5  30.2   2.0   .66    .6
  5 1971 290  16819.68  21.0  30.8   2.0   .66    .0
  5 1971 291  20501.60  20.2  30.6   2.0   .66    .0
  5 1971 292  17238.08  20.0  30.7   2.0   .66    .0
  5 1971 293  16819.68  21.4  32.0   2.0   .66   4.7
  5 1971 294  16819.68  20.8  30.5   2.0   .66    .2
  5 1971 295  17238.08  21.2  30.6   2.2   .66    .2
  5 1971 296   6568.88  21.0  27.7   2.0   .66   9.8
  5 1971 297  18451.44  21.2  29.6   2.1   .66    .0
  5 1971 298  18451.44  20.8  30.0   2.0   .66    .0
  5 1971 299  18451.44  21.4  30.5   2.0   .66    .3
  5 1971 300  21756.80  20.0  30.8   2.0   .66    .1
  5 1971 301  20501.60  21.7  30.7   2.0   .66    .0
  5 1971 302  16401.28  21.5  31.2   2.0   .66  27.7
  5 1971 303  13095.92  22.2  30.5   2.2   .66  60.5
  5 1971 304  13514.32  21.5  29.2   1.9   .66    .0
  5 1971 305  15690.00  21.5  30.0   1.9   .66    .0
  5 1971 306  13263.28  21.0  30.5   1.8   .66    .5
  5 1971 307  17321.76  21.6  30.8   2.1   .66    .0
  5 1971 308   7238.32  20.7  29.0   1.9   .68  11.7
  5 1971 309  10460.00  21.8  28.6   2.0   .68   3.1
  5 1971 310  15271.60  20.0  30.5   1.9   .68    .0
  5 1971 311   8033.28  20.5  28.7   1.9   .68  24.7
  5 1971 312   6024.96  21.7  24.5   2.0   .68  10.2
  5 1971 313   9665.04  21.9  30.5   2.0   .68   1.7
  5 1971 314  12886.72  21.0  29.8   2.0   .68  34.8
  5 1971 315  17698.32  20.0  29.9   1.9   .68   2.6
  5 1971 316  16108.40  20.5  30.2   1.9   .68   8.2
  5 1971 317  19706.64  21.9  30.0   1.9   .68    .0
  5 1971 318  19330.08  21.3  31.0   1.9   .68    .0
  5 1971 319  16903.36  20.5  30.2   2.0   .68    .0
  5 1971 320  10041.60  21.0  30.5   2.0   .68   2.8
  5 1971 321  16484.96  21.9  30.3   2.0   .68    .0
  5 1971 322  16484.96  20.7  30.6   2.0   .68    .0
  5 1971 323  17321.76  21.5  30.5   2.2   .68    .0
  5 1971 324  19706.64  20.7  31.0   2.0   .68    .0
  5 1971 325  17698.32  20.5  30.3   2.1   .68    .0
  5 1971 326  16108.40  22.3  29.5   2.1   .68    .0
  5 1971 327  18116.72  19.5  31.5   1.8   .68    .2
  5 1971 328  18116.72  19.5  30.8   1.9   .68  28.5
  5 1971 329   4811.60  21.5  25.7   1.9   .68  14.6
  5 1971 330   4016.64  18.7  24.6   1.8   .68  18.2
  5 1971 331   8451.68  20.0  27.5   1.8   .68    .3
  5 1971 332  17698.32  21.0  29.5   1.9   .68    .0
  5 1971 333  18493.28  19.2  29.5   1.8   .68    .0
  5 1971 334  17321.76  20.1  30.0   2.0   .68  74.0
  5 1971 335  14727.68  22.3  29.6   2.1   .68    .3
  5 1971 336  16736.00  20.2  29.7   1.8   .69    .0
  5 1971 337  15146.08  19.3  29.1   1.6   .69    .0
  5 1971 338  19915.84  20.2  29.8   1.8   .69    .4
  5 1971 339  12342.80  20.2  29.8   2.0   .69    .2
  5 1971 340  17907.52  19.0  29.6   1.8   .69    .0
  5 1971 341  10334.48  20.8  28.6   1.8   .69    .6
  5 1971 342   9957.92  21.0  30.4   2.0   .69  19.7
  5 1971 343  17907.52  21.5  31.0   2.0   .69    .0
  5 1971 344  18702.48  18.9  30.0   1.8   .69    .0
  5 1971 345  18325.92  19.8  30.5   1.8   .69  30.5
  5 1971 346  14351.12  22.0  30.7   2.0   .69   4.9
  5 1971 347  11129.44  21.1  30.5   1.9   .69    .5
  5 1971 348   8368.00  20.5  26.0   2.0   .69    .4
  5 1971 349  17112.56  18.1  30.4   1.7   .69    .0
  5 1971 350   9957.92  18.2  31.0   1.8   .69  15.5
  5 1971 351   5188.16  18.3  25.5   1.8   .69   9.0
  5 1971 352  10752.88  18.3  27.8   1.8   .69    .0
  5 1971 353  17530.96  19.6  28.9   1.8   .69   1.0
  5 1971 354  15941.04  19.0  30.2   1.8   .69    .0
  5 1971 355  10334.48  18.5  30.0   1.7   .69  12.5
  5 1971 356  15146.08  20.0  30.0   1.9   .69    .0
  5 1971 357  15146.08  18.4  29.1   1.7   .69  47.2
  5 1971 358  12761.20  20.3  29.0   1.7   .69    .4
  5 1971 359  15941.04  18.5  29.2   1.7   .69    .0
  5 1971 360  17907.52  18.2  29.5   1.6   .69    .0
  5 1971 361  19497.44  18.8  29.5   1.7   .69    .0
  5 1971 362  12342.80  19.8  28.2   1.8   .69  54.0
  5 1971 363   7949.60  20.0  27.0   1.9   .69  23.7
  5 1971 364   6778.08  20.1  26.8   2.0   .69  51.0
  5 1971 365   4393.20  21.0  24.8   1.9   .69  78.2
