*---------------------------------------------------------              
* Station name: Puerto Limon                                            
* Author: Atlantic Zone Project, AUW-MAG-CATIE, Costa Rica              
* Source: IMN, San Jose, Costa Rica                                     
*                                                                       
* Comments: No SR data May 1-19                                         
*                                                                       
*                                                                       
*                                                                       
* Longitude:  83  3 W, latitude:  10  0 N, altitude:  3 m.              
* Column  Daily value                                                   
*    1    station number                                                
*    2    year                                                          
*    3    month                                                         
*    4    day                                                           
*    5    julian date                                                   
*    6    irradiation            (1000 * MJ m-2 d-1)                    
*    7    minimum temperature    (degrees Celcius)                      
*    8    maximum temperature    (degrees Celcius)                      
*    9    vapor pressure at 0700 (mbar)                                 
*   10    vapor pressure at 1300 (mbar)                                 
*   11    vapor pressure at 1800 (mbar)                                 
*   12    mean wind speed        (kilometer per hour)                   
*   13    precipitation          (mm d-1)                               
*   14    sunshine hours         (hours)                                
* Missing value: -99                                                    
*---------------------------------------------------------              
*  data converted with WDC for CABO-format
*-------------------------------------------
  83.05  10.00     3.  .00  .00
  5 1987   1  10842.00  21.2  29.4   2.5  2.33    .0
  5 1987   2   8539.00  20.0  29.0   2.3  2.44  15.6
  5 1987   3  11386.00  22.2  29.0   2.7  2.17   7.0
  5 1987   4  12558.00  19.7  29.2   2.2  2.14    .0
  5 1987   5   4353.00  21.2  24.9   2.7  2.69  49.3
  5 1987   6   7953.00  21.0  25.3   2.4  2.33    .5
  5 1987   7  10046.00  20.2  27.4   2.3  2.28    .8
  5 1987   8  10884.00  19.3  27.6   2.2  1.97    .0
  5 1987   9  11721.00  20.0  29.5   2.2  2.17    .0
  5 1987  10  12977.00  20.4  28.4   2.3  2.14   9.5
  5 1987  11   8498.00  22.7  28.9   2.7  1.86    .3
  5 1987  12  13060.00  20.4  29.2   2.4  2.42   5.0
  5 1987  13   9167.00  21.6  29.6   2.5  2.14    .0
  5 1987  14  13646.00  20.2  29.0   2.3  2.03   7.5
  5 1987  15   9209.00  22.0  28.6   2.7  1.58    .0
  5 1987  16   8958.00  20.6  29.4   2.4  1.53    .0
  5 1987  17  12642.00  20.6  29.4   2.3  1.64    .0
  5 1987  18  12098.00  21.9  29.4   2.5  1.67    .0
  5 1987  19  11721.00  22.3  29.8   2.6  1.94    .2
  5 1987  20   9293.00  22.0  29.4   2.6  2.11  84.1
  5 1987  21  10004.00  21.8  28.6   2.5  1.92   3.3
  5 1987  22  14902.00  20.9  28.9   2.5  2.14    .0
  5 1987  23   8539.00  21.3  27.3   2.5  2.53   1.2
  5 1987  24   8121.00  21.0  27.0   2.5  2.25    .0
  5 1987  25  13270.00  22.3  29.1   2.7  1.97    .2
  5 1987  26  10046.00  22.0  29.7   2.8  2.08   4.0
  5 1987  27   5609.00  20.7  26.4   2.5  4.94  63.1
  5 1987  28   3307.00  21.8  25.6   2.8  3.42  94.0
  5 1987  29  12684.00  21.2  29.8   2.7  2.56    .8
  5 1987  30   7242.00  21.2  27.3   2.5  1.94    .5
  5 1987  31  12642.00  21.1  28.7   2.4  2.08   1.6
  5 1987  32  10925.00  21.4  27.6   2.5  2.17    .0
  5 1987  33  14232.00  19.8  28.6   2.3  2.19    .0
  5 1987  34  14190.00  21.2  29.5   2.4  1.69    .0
  5 1987  35  11302.00  22.5  29.3   2.7  1.61    .6
  5 1987  36  16828.00  23.0  29.9   2.9  2.06    .0
  5 1987  37  13563.00  22.4  29.8   2.6  1.81    .2
  5 1987  38  12056.00  22.4  29.6   2.7  2.28    .0
  5 1987  39   6949.00  19.6  27.4   2.2  2.56  56.0
  5 1987  40   7326.00  19.1  25.9   2.2  2.31   4.2
  5 1987  41   5442.00  20.2  24.0   2.3  2.44   2.2
  5 1987  42   6279.00  20.6  27.3   2.2  1.81    .0
  5 1987  43  12349.00  21.5  28.8   2.5  2.56  22.9
  5 1987  44   5358.00  23.8  26.8   2.9  2.61  15.9
  5 1987  45  10465.00  20.7  28.0   2.5  1.86    .0
  5 1987  46  22640.57  20.8  28.6   2.5  1.97    .0
  5 1987  47  14735.00  21.1  29.2   2.5  1.78    .0
  5 1987  48  15111.00  21.4  29.7   2.5  1.97    .0
  5 1987  49  13437.00  21.5  29.7   2.6  2.67    .0
  5 1987  50  13688.00  22.1  29.6   2.6  2.58   2.0
  5 1987  51  12516.00  22.1  29.6   2.6  1.89   1.2
  5 1987  52  12767.00  21.4  29.7   2.4  1.47    .5
  5 1987  53   8204.00  23.1  29.6   2.8  1.94   1.0
  5 1987  54   7032.00  22.5  28.4   2.7  2.33   1.9
  5 1987  55  12265.00  22.5  29.4   2.7  2.06   1.3
  5 1987  56  11260.00  21.2  29.8   2.4  1.78   1.8
  5 1987  57   4605.00  22.7  28.4   2.8  1.75  18.6
  5 1987  58  10507.00  23.4  29.5   2.8  2.31   3.0
  5 1987  59  12767.00  23.1  29.8   2.9  2.42   3.0
  5 1987  60  12349.00  22.8  29.7   2.8  1.67   6.4
  5 1987  61  11553.00  22.4  30.4   2.6  1.50    .0
  5 1987  62   8414.00  23.5  29.4   2.8  1.97    .0
  5 1987  63  10256.00  21.2  30.5   2.5  1.97    .0
  5 1987  64   7870.00  22.3  28.4   2.6  1.64   5.9
  5 1987  65   7116.00  22.9  28.5   2.7  2.00    .2
  5 1987  66  10465.00  22.8  29.4   2.6  2.42   8.3
  5 1987  67  11553.00  22.8  29.4   2.8  1.78    .0
  5 1987  68   9125.00  22.9  28.8   2.7  1.61    .0
  5 1987  69  15698.00  20.4  29.4   2.5  2.11    .0
  5 1987  70  16409.00  21.1  30.1   2.6  3.28   1.7
  5 1987  71   9460.00  20.9  29.0   2.5  1.78    .0
  5 1987  72  16367.00  21.2  29.5   2.6  2.50    .0
  5 1987  73  15070.00  17.3  30.0   1.7  3.06    .0
  5 1987  74  11888.00  21.7  29.4   2.5  2.39    .0
  5 1987  75  14693.00  22.4  30.2   2.5  2.72    .0
  5 1987  76  16409.00  20.6  30.2   2.5  2.64    .0
  5 1987  77  14944.00  21.4  31.3   2.5  1.97    .4
  5 1987  78  13395.00  22.7  30.8   3.0  2.50    .0
  5 1987  79  15195.00  22.4  30.8   2.7  2.08    .0
  5 1987  80  13144.00  24.2  31.5   2.9  2.64    .8
  5 1987  81  10256.00  25.3  30.4   3.2  2.36    .0
  5 1987  82  14442.00  23.0  31.2   2.9  3.14    .0
  5 1987  83  14651.00  24.6  31.0   3.1  1.83    .0
  5 1987  84  13772.00  24.3  31.9   3.1  2.22   5.9
  5 1987  85   9795.00  25.4  30.6   3.1  2.50  18.0
  5 1987  86  12977.00  24.7  31.2   3.1  2.78    .0
  5 1987  87  13730.00  24.2  31.0   2.9  2.89   3.2
  5 1987  88   9418.00  23.7  30.0   2.8  2.61    .0
  5 1987  89  15237.00  23.9  30.9   2.7  2.44   4.4
  5 1987  90  14818.00  23.4  31.3   2.9  3.78  37.8
  5 1987  91   5944.00  20.8  23.8   2.2  4.31  44.7
  5 1987  92   8246.00  20.6  26.9   2.4  2.58   5.5
  5 1987  93   9042.00  22.6  28.4   2.7  1.81  47.0
  5 1987  94  12139.00  21.8  29.7   2.7  2.56 105.6
  5 1987  95   5693.00  22.8  26.8   2.8  2.17  20.0
  5 1987  96   6112.00  22.6  26.3   2.7  1.58  27.4
  5 1987  97   4688.00  23.2  27.3   2.8  1.78  41.6
  5 1987  98  13144.00  23.5  30.2   2.9  1.94  23.6
  5 1987  99   8414.00  23.1  29.8   2.8  1.89   3.4
  5 1987 100   3223.00  22.8  24.7   2.7  1.86  44.6
  5 1987 101   9712.00  22.3  28.9   2.7  1.42   8.5
  5 1987 102   8372.00  22.4  30.0   2.7  1.56  19.2
  5 1987 103  14860.00  23.2  30.2   2.9  3.06   1.4
  5 1987 104  13479.00  24.7  30.5   3.2  1.94   5.3
  5 1987 105  12056.00  24.3  30.3   3.0  2.53    .0
  5 1987 106  15823.00  22.7  30.2   2.7  2.08    .0
  5 1987 107  16074.00  22.5  30.2   2.7  2.33    .0
  5 1987 108  16409.00  22.4  30.4   2.9  2.14    .0
  5 1987 109  15028.00  22.0  30.6   2.7  2.53    .0
  5 1987 110  10674.00  22.5  30.7   2.5  2.44  95.1
  5 1987 111   4479.00  24.4  27.5   3.0  2.22  42.8
  5 1987 112  10412.32  23.5  28.9   2.8  3.08  26.2
  5 1987 113   9418.00  23.5  28.7   2.8  2.56    .0
  5 1987 114   7242.00  22.2  27.4   2.6  2.53    .0
  5 1987 115   3600.00  22.5  26.2   2.7  1.89   3.9
  5 1987 116   4353.00  22.4  26.7   2.6  2.39   1.9
  5 1987 117   2763.00  22.5  25.8   2.7  3.06  20.1
  5 1987 118   4353.00  22.8  28.0   2.4  2.11    .0
  5 1987 119   4060.00  22.1  27.3   2.6  2.44    .3
  5 1987 120   6028.00  22.4  27.0   2.6  1.89   1.4
  5 1987 121   9110.24  22.6  28.2   2.8  1.78    .6
  5 1987 122  23931.29  21.9  30.0   2.7  2.25    .0
  5 1987 123  19821.99  22.5  29.9   2.8  1.86    .0
  5 1987 124  21074.72  23.1  30.7   2.8  2.89   8.4
  5 1987 125  19931.82  23.4  30.3   3.1  2.33    .2
  5 1987 126  18088.09  23.1  30.0   2.7  1.92    .0
  5 1987 127  25095.33  22.7  30.2   2.8  2.14    .0
  5 1987 128  22267.37  21.8  30.5   2.6  2.36    .9
  5 1987 129   9777.06  23.8  27.7   2.9  1.75   6.5
  5 1987 130  11590.81  23.9  29.5   2.8  1.89   8.9
  5 1987 131   9066.36  24.0  26.0   2.9  1.94  43.7
  5 1987 132  19534.65  24.0  30.6   3.0  2.06   5.8
  5 1987 133  19656.91  23.1  30.4   2.9  1.89  30.7
  5 1987 134   9329.04  23.9  28.0   2.9  2.00  12.4
  5 1987 135   9044.89  23.6  25.3   3.0  1.67  26.0
  5 1987 136   9039.32  22.6  25.6   2.8  1.64  11.1
  5 1987 137  22502.79  23.4  30.1   3.0  2.44    .2
  5 1987 138  25672.11  22.7  29.8   2.8  2.14    .0
  5 1987 139  15395.46  23.0  30.2   2.8  1.94   3.0
  5 1987 140   9837.00  23.8  29.3   3.0  2.22   1.0
  5 1987 141  10046.00  24.4  29.8   3.1  2.33   9.7
  5 1987 142   8874.00  24.3  30.0   3.0  2.83  42.5
  5 1987 143   8539.00  23.0  28.3   2.7  1.78    .6
  5 1987 144  12056.00  22.8  30.3   2.7  1.64    .0
  5 1987 145  11051.00  21.5  29.9   2.6  1.75   3.9
  5 1987 146  13730.00  22.5  30.1   2.7  1.92    .0
  5 1987 147  12851.00  22.1  30.3   2.7  1.92    .0
  5 1987 148  15656.00  23.0  30.8   3.0  1.97    .0
  5 1987 149  16032.00  22.8  30.8   2.8  1.92   2.9
  5 1987 150  11595.00  24.2  30.4   3.1  2.14  11.4
  5 1987 151  11679.00  23.8  30.7   3.0  2.00   1.0
  5 1987 152  12098.00  24.0  31.3   3.1  1.86    .0
  5 1987 153   9377.00  24.5  30.6   2.9  1.92  14.0
  5 1987 154  10716.00  24.0  30.5   3.0  1.89   8.2
  5 1987 155   3558.00  24.0  26.0   2.9  1.56  14.4
  5 1987 156  13102.00  22.8  30.6   2.9  2.22    .0
  5 1987 157  10716.00  23.2  30.4   2.9  2.44    .0
  5 1987 158  10925.00  23.4  30.1   3.0  1.64    .0
  5 1987 159   8749.00  23.8  30.1   2.9  1.72    .0
  5 1987 160  13981.00  23.4  30.8   3.0  1.81   5.1
  5 1987 161  11344.00  23.0  30.6   3.2  1.83    .0
  5 1987 162   9795.00  23.9  30.5   3.1  1.67    .0
  5 1987 163   8539.00  23.9  30.4   3.0  2.00  37.9
  5 1987 164  11721.00  24.0  30.2   2.9  2.06  16.4
  5 1987 165   9837.00  23.8  30.4   3.0  1.94  16.9
  5 1987 166   7912.00  23.1  30.3   2.9  1.58   6.7
  5 1987 167  11888.00  22.7  30.2   2.9  2.36   2.8
  5 1987 168  11804.00  23.5  31.0   3.0  2.44   1.0
  5 1987 169  11218.00  22.7  30.0   2.7  1.89    .0
  5 1987 170  15070.00  22.6  30.8   2.9  2.14  31.3
  5 1987 171  11804.00  24.4  30.6   3.1  1.81    .0
  5 1987 172  13144.00  23.9  30.9   3.0  2.11    .0
  5 1987 173  14776.00  23.9  31.2   3.0  2.14    .0
  5 1987 174  14776.00  23.5  31.4   2.9  2.11  12.5
  5 1987 175   4981.00  24.0  29.9   3.1  1.97    .4
  5 1987 176  12893.00  22.3  31.1   2.7  2.00    .0
  5 1987 177  11093.00  23.9  31.7   3.0  1.94    .0
  5 1987 178   4479.00  23.9  28.8   2.9  1.47    .0
  5 1987 179  10339.00  22.8  30.7   2.8  2.11   1.0
  5 1987 180   5358.00  23.5  29.0   2.9  1.64  34.6
  5 1987 181   4312.00  23.6  27.9   2.9  2.14   5.3
  5 1987 182  11344.00  21.5  30.6   2.6  2.64    .0
  5 1987 183  14609.00  22.5  31.0   2.8  2.69   3.9
  5 1987 184  13102.00  22.4  30.7   2.6  2.33   6.6
  5 1987 185   5191.00  23.4  27.8   3.0  1.61   7.7
  5 1987 186   6530.00  23.2  29.4   2.8  1.44    .0
  5 1987 187   9586.00  23.8  30.1   2.9  2.19   1.2
  5 1987 188   4437.00  22.9  26.9   2.7  1.81  25.6
  5 1987 189   4981.00  23.0  28.9   2.8  2.03  31.7
  5 1987 190   9460.00  23.6  29.1   3.0  1.56    .2
  5 1987 191  11093.00  23.4  29.8   3.0  2.53  15.3
  5 1987 192   8246.00  24.0  29.8   3.0  2.00   7.8
  5 1987 193  11679.00  23.7  30.6   2.9  2.03    .0
  5 1987 194  10716.00  24.2  30.3   2.8  1.97    .4
  5 1987 195   4060.00  24.8  28.9   3.1  1.56  14.7
  5 1987 196  12056.00  24.0  31.0   3.0  2.03    .8
  5 1987 197   9544.00  24.2  29.4   3.0  3.44   1.3
  5 1987 198   9377.00  24.4  30.4   3.0  2.42    .2
  5 1987 199  10172.00  24.3  31.7   2.9  2.58  18.5
  5 1987 200  11218.00  23.0  29.6   2.9  1.97   1.8
  5 1987 201  12056.00  23.7  30.1   3.0  2.11    .0
  5 1987 202   3014.00  23.5  26.4   2.8  1.47   8.4
  5 1987 203  12642.00  22.1  30.0   2.8  2.11   3.8
  5 1987 204   9418.00  23.9  30.6   3.0  1.72    .4
  5 1987 205   8874.00  24.3  29.8   3.0  2.11    .0
  5 1987 206   8414.00  24.2  30.0   3.0  2.19   6.9
  5 1987 207   6112.00  22.4  27.8   2.7  1.42    .0
  5 1987 208   6363.00  23.4  27.8   2.9  1.64  22.3
  5 1987 209  11218.00  21.8  28.8   2.5  1.89    .0
  5 1987 210  12767.00  22.4  30.4   2.8  2.03    .0
  5 1987 211  14651.00  22.5  30.8   2.8  2.39  14.1
  5 1987 212   5693.00  23.5  28.3   2.9  1.89   4.4
  5 1987 213   7242.00  23.8  28.9   2.8  2.39   5.4
  5 1987 214   8749.00  23.2  29.1   2.8  1.64   6.3
  5 1987 215   9167.00  23.9  29.4   2.9  1.72  15.0
  5 1987 216  15321.00  22.2  30.0   2.8  2.72    .0
  5 1987 217  16158.00  22.8  30.5   2.8  2.17    .9
  5 1987 218  14107.00  24.5  31.3   3.1  2.33    .0
  5 1987 219  15572.00  22.7  30.8   2.9  2.06    .0
  5 1987 220   4060.00  23.1  28.6   2.9  1.53   2.8
  5 1987 221   3349.00  22.7  27.3   2.8  1.39  13.2
  5 1987 222  12390.00  22.8  30.3   2.9  1.75    .9
  5 1987 223   6865.00  23.5  28.7   2.9  1.39   2.2
  5 1987 224  12139.00  22.0  31.7   2.8  2.19    .0
  5 1987 225   7158.00  22.9  30.7   2.9  1.72   1.5
  5 1987 226  13521.00  22.4  29.8   2.8  2.00    .0
  5 1987 227  14149.00  23.1  31.7   2.9  2.56  39.8
  5 1987 228   7493.00  24.3  29.3   3.0  1.97 117.5
  5 1987 229   8121.00  23.8  29.7   3.0  1.72  30.5
  5 1987 230   8791.00  23.0  30.2   2.9  1.72   2.9
  5 1987 231   8874.00  23.5  30.4   2.8  1.58    .1
  5 1987 232  12139.00  23.4  30.9   2.9  2.47  45.6
  5 1987 233  10465.00  23.8  30.4   2.9  1.61   4.1
  5 1987 234   9167.00  23.9  29.4   2.9  1.83   4.1
  5 1987 235   7744.00  24.1  27.8   3.0  2.33   1.3
  5 1987 236  10800.00  23.7  29.5   2.9  2.08    .8
  5 1987 237  12725.00  23.6  30.1   2.9  2.28    .0
  5 1987 238   8749.00  24.0  29.4   3.0  2.64   6.0
  5 1987 239  11595.00  22.8  29.8   2.8  2.50   3.9
  5 1987 240   4688.00  23.4  28.3   2.9  2.06  20.7
  5 1987 241   7660.00  21.5  29.2   2.5  2.08  31.8
  5 1987 242   8539.00  22.2  29.0   2.7  2.67  11.4
  5 1987 243  12600.00  21.2  30.0   2.8  2.11    .0
  5 1987 244   8037.00  23.6  28.5   2.9  2.42   4.1
  5 1987 245   9377.00  22.9  27.9   2.8  2.53   1.2
  5 1987 246  13604.00  22.1  29.6   2.9  2.33    .0
  5 1987 247  15070.00  22.2  30.0   2.7  1.83    .0
  5 1987 248  14149.00  24.0  30.9   2.5  1.89    .0
  5 1987 249  15698.00  22.4  30.9   2.8  2.44   1.0
  5 1987 250  14149.00  24.1  31.4   3.0  1.94    .5
  5 1987 251  12893.00  23.8  31.0   2.9  2.14    .2
  5 1987 252  13646.00  23.0  31.2   2.9  1.94    .0
  5 1987 253  14860.00  23.1  30.9   2.8  2.17    .0
  5 1987 254  13353.00  22.8  31.6   2.7  2.25    .0
  5 1987 255  15321.00  23.0  31.6   2.8  2.17  19.5
  5 1987 256   5609.00  24.3  29.4   2.9  2.14  44.6
  5 1987 257   9042.00  24.0  30.0   2.9  2.11   2.8
  5 1987 258   5065.00  22.8  29.7   2.8  1.69   2.1
  5 1987 259  11553.00  22.7  29.8   2.8  2.22   1.5
  5 1987 260  15781.00  22.6  30.4   2.9  2.11    .0
  5 1987 261  14986.00  23.3  31.4   2.9  2.17    .4
  5 1987 262  15949.00  23.6  31.6   3.0  2.17    .8
  5 1987 263  11972.00  23.6  31.9   2.9  2.25   8.2
  5 1987 264   9125.00  22.2  29.4   2.9  1.83    .0
  5 1987 265  13479.00  22.9  29.9   2.7  1.89    .0
  5 1987 266  14902.00  23.1  31.2   2.9  2.06    .0
  5 1987 267  13646.00  23.4  30.5   2.8  1.92   5.1
  5 1987 268  11218.00  23.4  30.2   2.9  1.58    .2
  5 1987 269   8958.00  23.1  29.9   2.7  2.00    .1
  5 1987 270  15070.00  23.4  31.3   2.9  2.33    .8
  5 1987 271   3684.00  24.0  27.6   2.9  1.50   4.5
  5 1987 272  11595.00  22.7  31.5   2.8  1.94    .0
  5 1987 273  10967.00  23.5  31.4   2.9  2.47   3.3
  5 1987 274  13646.00  21.6  31.3   2.9  2.31    .0
  5 1987 275  14735.00  22.4  30.8   2.8  1.92    .1
  5 1987 276  10884.00  24.5  30.9   3.0  2.19    .6
  5 1987 277  11595.00  23.0  31.3   2.9  2.56    .2
  5 1987 278  15028.00  22.6  31.5   2.8  2.31   9.0
  5 1987 279  12349.00  23.0  31.5   2.9  2.61   3.2
  5 1987 280   8121.00  22.8  30.9   2.9  2.06  25.7
  5 1987 281   8791.00  23.4  30.4   2.9  2.19   3.5
  5 1987 282  14065.00  23.2  31.7   2.8  2.00   4.6
  5 1987 283  11386.00  22.4  31.2   2.9  2.44    .5
  5 1987 284  13395.00  23.4  31.0   2.9  2.42   2.2
  5 1987 285  12390.00  22.6  30.9   2.8  2.22    .0
  5 1987 286  11051.00  23.8  31.3   2.9  2.78  96.2
  5 1987 287   5944.00  23.5  26.6   2.8  3.25  22.2
  5 1987 288  12056.00  23.0  31.8   2.9  3.33  13.7
  5 1987 289   5944.00  23.5  28.8   2.7  3.39  25.3
  5 1987 290   1507.00  22.3  23.6   2.7  3.08 108.5
  5 1987 291   5358.00  22.4  27.4   2.5  2.83  48.7
  5 1987 292   1591.00  23.0  25.0   2.9  1.67  52.5
  5 1987 293   5191.00  22.3  26.2   2.8  2.11   7.3
  5 1987 294  11595.00  23.4  29.8   3.0  2.17  22.6
  5 1987 295  12265.00  23.0  29.9   2.8  2.97   1.1
  5 1987 296   8372.00  23.8  29.1   3.0  1.81  25.3
  5 1987 297   7702.00  23.5  28.0   2.9  2.44   1.7
  5 1987 298   6656.00  23.0  27.2   2.8  1.67  35.6
  5 1987 299  12349.00  22.4  30.0   2.8  2.33  15.1
  5 1987 300  11260.00  23.4  30.8   2.9  2.44    .0
  5 1987 301   9963.00  22.2  30.5   2.7  3.64  78.8
  5 1987 302   8874.00  22.9  28.9   2.7  2.67  39.7
  5 1987 303  10130.00  22.7  29.4   2.7  3.36  27.2
  5 1987 304  10381.00  23.8  30.1   2.6  2.72    .0
  5 1987 305  11009.00  23.4  30.7   2.8  2.58    .0
  5 1987 306  10465.00  21.4  29.5   2.5  2.42    .0
  5 1987 307  20048.65  21.4  30.4   2.5  2.75   2.5
  5 1987 308  13898.00  22.5  30.7   2.7  2.39    .0
  5 1987 309  15070.00  20.2  31.7   2.3  2.83    .9
  5 1987 310   7367.00  22.4  30.1   2.6  3.06  33.2
  5 1987 311   5107.00  22.4  26.7   2.6  2.33  27.2
  5 1987 312  14358.00  22.5  29.9   2.9  1.97    .0
  5 1987 313  14525.00  22.4  30.2   2.8  2.36    .0
  5 1987 314  11804.00  22.9  30.7   2.8  1.97    .0
  5 1987 315  13353.00  23.4  31.6   2.9  2.11    .2
  5 1987 316  11721.00  21.6  30.5   2.7  2.69  18.5
  5 1987 317  11009.00  23.3  29.9   2.9  2.11    .0
  5 1987 318   8874.00  22.9  30.4   2.8  1.97  18.7
  5 1987 319   6153.00  23.4  28.0   2.9  1.53  37.5
  5 1987 320  11260.00  22.8  31.4   2.7  1.94    .7
  5 1987 321  15279.00  22.8  29.9   2.8  1.83   2.9
  5 1987 322  11679.00  23.6  31.8   3.0  2.06   7.4
  5 1987 323  12725.00  22.9  30.5   2.8  2.00   3.4
  5 1987 324   2512.00  24.0  26.0   2.9  2.11  25.9
  5 1987 325  10004.00  23.4  29.9   2.9  2.11  16.8
  5 1987 326   9879.00  23.8  30.3   3.0  1.78   2.7
  5 1987 327   9712.00  21.7  29.3   2.7  1.97   2.3
  5 1987 328   5149.00  23.2  26.7   2.6  2.06  11.0
  5 1987 329   8623.00  23.4  29.4   2.8  1.94    .0
  5 1987 330  13228.00  22.3  30.4   2.8  2.64    .0
  5 1987 331  13772.00  22.1  29.8   2.7  2.47    .0
  5 1987 332  13228.00  21.9  30.1   2.7  2.33   9.0
  5 1987 333  11051.00  23.3  30.2   2.8  2.14    .0
  5 1987 334  10842.00  22.8  30.5   2.8  2.75    .0
  5 1987 335  13186.00  22.0  30.2   2.8  2.06    .0
  5 1987 336  13060.00  23.1  30.6   2.9  2.22    .0
  5 1987 337   7116.00  21.7  28.6   2.5  2.00   4.5
  5 1987 338   6907.00  23.6  26.4   2.8  1.56   5.0
  5 1987 339   9335.00  20.6  30.0   2.5  2.44    .9
  5 1987 340   9502.00  22.2  29.4   2.7  3.58   9.7
  5 1987 341  12893.00  23.2  30.3   3.1  2.97    .0
  5 1987 342  11512.00  21.9  31.0   2.7  2.28    .0
  5 1987 343  10800.00  22.9  28.8   2.8  2.53    .0
  5 1987 344  11595.00  21.1  29.9   2.4  2.36    .0
  5 1987 345   9921.00  22.4  30.2   2.6  1.86    .0
  5 1987 346   8456.00  23.2  28.1   2.7  1.97    .0
  5 1987 347  11763.00  22.0  30.7   2.6  1.89   6.6
  5 1987 348  12600.00  22.8  30.3   2.8  1.97    .5
  5 1987 349  12056.00  22.1  31.3   2.7  1.72   2.5
  5 1987 350  13604.00  23.5  31.1   2.9  2.17   3.0
  5 1987 351  13395.00  21.8  31.3   2.5  2.33  22.5
  5 1987 352   7953.00  21.6  29.4   2.7  1.89  17.9
  5 1987 353   4563.00  23.0  25.8   3.0  1.92  53.0
  5 1987 354   4772.00  23.6  27.8   3.0  3.61  36.9
  5 1987 355   9167.00  26.0  30.8   3.2  2.67  14.4
  5 1987 356   4814.00  24.7  26.1   3.1  2.58  16.1
  5 1987 357   4563.00  23.8  27.5   2.9  1.75  21.4
  5 1987 358  12474.00  23.1  30.8   2.9  1.86  11.4
  5 1987 359  13730.00  22.0  30.4   2.6  1.86    .0
  5 1987 360  10507.00  20.0  29.8   2.4  1.56   8.4
  5 1987 361  12181.00  22.1  30.4   2.6  2.64   5.8
  5 1987 362  12349.00  22.5  30.0   2.6  2.22  22.1
  5 1987 363  11888.00  21.7  29.8   2.6  2.42  10.2
  5 1987 364   6404.00  21.8  27.1   2.6  2.31  37.3
  5 1987 365   6279.00  22.0  28.3   2.6  1.92  13.0
