*---------------------------------------------------------              
* Station name: Puerto Limon                                            
* Author: Atlantic Zone Project, AUW-MAG-CATIE, Costa Rica              
* Source: IMN, San Jose, Costa Rica                                     
*                                                                       
* Comments: No SR data Jul-Dec                                          
*                                                                       
*                                                                       
*                                                                       
* Longitude:  83  3 W, latitude:  10  0 N, altitude:  3 m.              
* Column  Daily value                                                   
*    1    station number                                                
*    2    year                                                          
*    3    month                                                         
*    4    day                                                           
*    5    julian date                                                   
*    6    irradiation            (cal cm-2 d-1)                         
*    7    minimum temperature    (degrees Celcius)                      
*    8    maximum temperature    (degrees Celcius)                      
*    9    vapor pressure at 0700 (mbar)                                 
*   10    vapor pressure at 1300 (mbar)                                 
*   11    vapor pressure at 1800 (mbar)                                 
*   12    mean wind speed        (kilometer per hour)                   
*   13    precipitation          (mm d-1)                               
*   14    sunshine hours         (hours)                                
* Missing value: -99                                                    
*---------------------------------------------------------              
*  data converted with WDC for CABO-format
*-------------------------------------------
  83.05  10.00     3.  .00  .00
  5 1974   1  13681.68  20.8  29.2   2.0  1.25    .6
  5 1974   2  15313.44  20.5  29.8   1.9  2.00  35.7
  5 1974   3  16903.36  20.3  31.0   1.9  1.56  13.9
  5 1974   4  13263.28  21.5  31.0   2.0  1.19   4.8
  5 1974   5   6443.36  21.5  27.2   1.9  1.36   4.2
  5 1974   6  17321.76  20.5  30.9   1.9  1.53   4.7
  5 1974   7  15796.10  18.9  28.8   1.7  2.14   3.5
  5 1974   8   9985.86  21.8  29.5   2.0  1.25  62.3
  5 1974   9  11673.36  22.7  28.2   2.2  3.97  27.4
  5 1974  10   7238.32  21.9  27.5   2.0  1.39  13.9
  5 1974  11   7238.32  21.5  28.5   1.9  1.14   8.3
  5 1974  12   6443.36  21.5  28.5   2.0  1.50  26.5
  5 1974  13  13681.68  21.5  28.7   2.1  3.44   9.5
  5 1974  14  13263.28  20.8  29.3   1.7  2.14  21.5
  5 1974  15  12886.72  20.0  28.3   1.8  1.69   6.5
  5 1974  16  10041.60  21.0  29.2   1.9  1.39   1.3
  5 1974  17  14476.64  19.6  29.4   1.8  2.00  19.4
  5 1974  18  18535.12  18.5  30.9   1.8  1.81    .0
  5 1974  19  20125.04  15.0  29.8   1.3  1.75    .0
  5 1974  20  18116.72  17.3  29.5   1.6  2.19    .0
  5 1974  21  16108.40  17.9  29.6   1.6  1.86    .0
  5 1974  22  17698.32  18.7  29.2   1.7  1.67   7.9
  5 1974  23  14476.64  20.0  30.2   2.1  1.56   6.1
  5 1974  24   9665.04  19.8  29.0   1.8  1.58   8.0
  5 1974  25  14100.08  19.0  29.8   1.7  1.56   3.6
  5 1974  26  20125.04  19.6  28.9   1.8  1.72   4.8
  5 1974  27  12886.72  20.0  30.5   1.7  1.94  27.7
  5 1974  28   5230.00  21.0  25.5   1.9  1.50  70.3
  5 1974  29   9246.64  19.8  27.5   1.9  1.44  14.5
  5 1974  30  18116.72  20.0  29.8   1.8  1.78    .0
  5 1974  31  14476.64  20.0  31.4   1.8  1.67    .0
  5 1974  32   9832.40  17.7  28.5   1.6  1.81    .0
  5 1974  33  19288.24  19.4  28.9   1.7  1.50    .0
  5 1974  34  20920.00  17.6  30.0   1.7  1.50    .0
  5 1974  35  20543.44  18.0  30.4   1.6  1.92   4.2
  5 1974  36   5732.08  20.1  24.0   1.8  1.61  25.7
  5 1974  37  17238.08  19.3  30.0   1.8  1.53    .0
  5 1974  38  16024.72  18.8  30.6   1.8  1.97    .0
  5 1974  39  13137.76  18.6  30.4   1.7  1.39    .0
  5 1974  40  16819.68  18.5  30.0   1.6  2.06   7.0
  5 1974  41   8619.04  18.5  27.6   1.6  1.72  36.2
  5 1974  42  20125.04  18.9  28.5   1.7  1.78    .0
  5 1974  43   7405.68  17.5  28.5   1.5  1.72  14.2
  5 1974  44   5732.08  20.5  25.0   1.8  1.39  31.0
  5 1974  45  11087.60  18.5  28.0   1.7  1.36   1.8
  5 1974  46  20543.44  17.5  28.5   1.6  1.50    .0
  5 1974  47  19706.64  18.0  28.5   1.6  2.11    .0
  5 1974  48   8200.64  19.7  25.5   1.7  1.67  10.6
  5 1974  49  12300.96  20.0  28.7   1.7  2.11    .9
  5 1974  50  13974.56  20.3  28.5   1.9  2.08   4.2
  5 1974  51  10669.20  19.8  30.4   1.9  2.03    .0
  5 1974  52  13556.16  19.8  30.4   2.0  2.06    .0
  5 1974  53  11882.56  19.4  31.5   1.8  2.47   5.4
  5 1974  54  13974.56  20.0  29.0   1.9  2.36    .6
  5 1974  55  13556.16  19.9  31.5   1.9  2.25  19.0
  5 1974  56  14351.12  19.7  30.5   1.7  2.14  16.3
  5 1974  57   8619.04  20.4  27.2   1.9  2.03  17.2
  5 1974  58  11506.00  20.4  30.0   1.8  1.92  98.0
  5 1974  59   8600.09  19.5  23.4   1.7  1.75   3.4
  5 1974  60  11213.12  20.0  28.9   1.8  1.36    .0
  5 1974  61  15773.68  20.1  28.5   1.9  1.50  13.5
  5 1974  62  16987.04  19.7  30.0   1.8  1.89  26.6
  5 1974  63  15773.68  21.4  29.9   2.0  1.78   1.4
  5 1974  64  18242.24  21.4  29.5   1.8  2.31   1.4
  5 1974  65  18660.64  21.0  29.4   1.8  1.53    .0
  5 1974  66  23221.20  19.0  29.5   1.8  1.97  24.5
  5 1974  67  21966.00  19.0  30.0   2.0  2.19   5.1
  5 1974  68  21129.20  19.1  30.4   1.8  1.89    .0
  5 1974  69  19079.04  19.4  29.0   1.8  2.17   4.9
  5 1974  70  12844.88  21.0  29.5   1.9  2.28   1.0
  5 1974  71  21966.00  20.8  29.0   1.8  1.69    .4
  5 1974  72  22802.80  20.3  29.1   2.0  2.14  11.0
  5 1974  73  21129.20  20.8  29.9   1.9  2.11  49.5
  5 1974  74  16987.04  21.7  30.7   2.0  1.56   4.7
  5 1974  75  18242.24  21.0  31.0   2.0  2.14  13.3
  5 1974  76  16568.64  21.0  30.0   2.0  1.78   2.7
  5 1974  77  23221.20  18.7  30.0   1.9  1.53    .1
  5 1974  78  21547.60  19.6  29.8   1.9  1.78    .0
  5 1974  79  20752.64  19.0  29.6   1.7  1.75  10.4
  5 1974  80  21966.00  19.9  30.0   2.0  1.94   7.4
  5 1974  81  11213.12  22.0  30.2   2.0  1.11    .7
  5 1974  82  21966.00  19.8  30.5   2.0  1.69    .0
  5 1974  83  15355.28  20.0  29.5   1.9  1.75    .0
  5 1974  84  18316.81  19.9  30.0   1.8  1.47    .5
  5 1974  85  23221.20  19.7  30.3   1.9  1.67   8.2
  5 1974  86  15355.28  21.0  29.8   1.9  1.25   1.5
  5 1974  87  16568.64  18.2  29.1   1.7  1.44    .3
  5 1974  88  22802.80  18.3  29.7   1.9  1.86    .9
  5 1974  89  18242.24  20.5  29.4   1.9  1.58    .0
  5 1974  90  22384.40  18.6  29.7   1.7  2.61    .9
  5 1974  91  16962.03  20.7  30.4   2.0  1.72   1.6
  5 1974  92  16539.04  19.3  29.7   1.7  1.67    .0
  5 1974  93  22578.75  20.9  30.7   2.1  1.61    .0
  5 1974  94  14828.85  19.7  29.8   2.0  1.75    .2
  5 1974  95  20291.95  22.0  32.6   2.2  1.89  35.6
  5 1974  96  16418.98  20.9  31.7   1.8  1.69    .0
  5 1974  97  22453.06  18.4  31.0   1.7  1.94   4.5
  5 1974  98  24608.06  19.5  30.2   2.0  1.78    .0
  5 1974  99  24321.32  19.5  30.0   1.8  1.64    .0
  5 1974 100  23848.80  19.0  30.8   1.7  2.14   9.0
  5 1974 101  17991.20  19.7  30.7   1.9  2.19   1.7
  5 1974 102  20920.00  21.4  32.1   2.0  2.17   1.3
  5 1974 103  14644.00  20.2  29.6   1.9  1.94   6.2
  5 1974 104  20920.00  21.9  32.0   2.0  1.92   2.8
  5 1974 105  20920.00  22.2  29.6   2.2  1.89  24.5
  5 1974 106   8368.00  21.3  29.3   1.9  1.44    .2
  5 1974 107  15899.20  21.9  31.6   2.1  1.25   4.0
  5 1974 108   9204.80  22.1  30.5   2.0  1.14  19.3
  5 1974 109  17572.80  22.1  30.5   2.0  2.36    .0
  5 1974 110  20920.00  21.0  30.0   2.0  1.50    .0
  5 1974 111  10878.40  21.3  30.2   2.0  1.44 120.5
  5 1974 112  14225.60  22.4  31.5   2.1  1.56   1.7
  5 1974 113  23848.80  21.5  31.3   2.1  1.72    .0
  5 1974 114  19246.40  19.5  30.6   1.8  1.50    .0
  5 1974 115  15062.40  19.5  29.7   1.8  1.28  28.2
  5 1974 116   5857.60  22.0  24.5   2.0  1.33  55.3
  5 1974 117  18409.60  21.6  31.4   2.0  1.44   2.9
  5 1974 118  20920.00  21.4  31.0   2.0  1.75   1.3
  5 1974 119  20501.60  20.8  31.0   2.1  2.56  91.9
  5 1974 120  10041.60  21.1  27.0   1.9  1.61   1.5
  5 1974 121  21756.80  21.0  30.4   2.0  1.47   5.1
  5 1974 122  19664.80  21.8  31.5   2.1  2.08   2.1
  5 1974 123  15899.20  22.1  29.0   2.0  2.58    .0
  5 1974 124  16736.00  22.0  30.6   2.0  1.94    .7
  5 1974 125  17154.40  22.1  31.5   2.1  1.53   6.0
  5 1974 126  23137.52  21.8  31.0   2.1  1.50    .0
  5 1974 127  22593.60  21.1  31.3   2.1  1.92    .0
  5 1974 128  19664.80  21.4  31.5   2.2  1.42    .0
  5 1974 129  23430.40  21.6  32.0   2.3  1.86    .0
  5 1974 130  22175.20  22.0  32.5   2.2  1.94    .0
  5 1974 131  19664.80  22.0  33.0   2.3  1.83    .0
  5 1974 132  20501.60  21.9  32.4   2.1  2.11    .0
  5 1974 133  17154.40  22.8  32.5   2.2  1.89    .0
  5 1974 134  20083.20  21.9  30.5   2.2  1.50   2.7
  5 1974 135  10041.60  22.7  32.4   2.2  1.53    .8
  5 1974 136  20083.20  21.7  32.2   2.1  1.72    .4
  5 1974 137  11715.20  21.9  32.3   2.2  1.33   9.9
  5 1974 138  17154.40  20.8  30.7   2.1  1.36   8.9
  5 1974 139  20501.60  20.4  31.7   2.1  1.53    .0
  5 1974 140  22175.20  21.8  32.4   2.2  1.67    .0
  5 1974 141  17572.80  22.3  32.6   2.2  1.50  50.7
  5 1974 142  17154.40  23.3  33.0   2.4  1.61    .2
  5 1974 143  19246.40  21.5  31.9   2.1  1.75    .0
  5 1974 144   7949.60  22.1  28.0   2.2   .94   1.7
  5 1974 145  13388.80  22.0  33.0   2.1  1.36   6.4
  5 1974 146  19246.40  21.0  30.7   2.1  1.50    .0
  5 1974 147   9252.09  21.0  30.6   2.0  1.42   2.2
  5 1974 148  18990.42  22.6  33.0   2.2  1.42  14.5
  5 1974 149  10337.71  23.5  27.0   2.2  1.22  37.5
  5 1974 150   8961.42  22.0  25.5   2.2  1.06  27.5
  5 1974 151  18536.19  21.9  31.4   2.1  1.39    .5
  5 1974 152  17405.44  22.4  33.0   2.2  2.47    .0
  5 1974 153  10794.72  21.2  29.6   2.0  1.61    .3
  5 1974 154  10376.32  21.6  30.3   2.1  1.14    .4
  5 1974 155  12008.08  21.7  32.5   2.2  1.50   3.8
  5 1974 156   8702.72  21.8  30.9   2.3  1.06   6.9
  5 1974 157  17405.44  22.6  33.0   2.1  1.31    .0
  5 1974 158  12008.08  22.2  31.7   2.1   .94    .0
  5 1974 159  14100.08  22.2  31.4   2.2  1.33   5.9
  5 1974 160  15773.68  22.2  32.5   2.0  1.22   4.3
  5 1974 161   8284.32  21.5  31.5   2.1  1.56   1.3
  5 1974 162  10794.72  21.9  32.5   2.1  1.22   2.5
  5 1974 163   9539.52  22.4  30.9   2.1  1.19    .0
  5 1974 164   8702.72  22.0  31.3   2.1  1.36  18.4
  5 1974 165   6234.16  22.0  29.5   2.1  1.11    .1
  5 1974 166  13263.28  22.5  31.2   2.0  1.17   6.0
  5 1974 167   8702.72  23.4  31.5   2.3  1.97    .8
  5 1974 168  12957.33  22.0  30.5   2.2  1.22   9.0
  5 1974 169  11213.12  20.5  30.6   2.0  1.28    .0
  5 1974 170   9957.92  22.3  32.2   2.2  1.00    .0
  5 1974 171  15773.68  22.3  31.2   2.2  1.11  14.0
  5 1974 172  14936.88  22.0  31.2   2.1  1.14   6.2
  5 1974 173   9957.92  23.0  29.7   2.2  1.83   1.3
  5 1974 174  18242.24  22.9  31.0   2.3  1.50    .0
  5 1974 175  18660.64  22.0  31.4   2.2  1.58    .0
  5 1974 176  13263.28  22.2  32.5   2.2  1.50    .0
  5 1974 177  18660.64  22.4  32.4   2.2  1.67   7.3
  5 1974 178  11589.68  23.3  31.0   2.3  1.42  13.2
  5 1974 179  19079.04  21.5  31.8   2.1  1.72    .7
  5 1974 180  11213.12  20.8  31.2   2.1  1.67   9.5
  5 1974 181  14100.08  21.8  31.5   2.1  1.42  39.7
  5 1974 182  16068.24  22.6  33.0   2.2  1.56    .0
  5 1974 183  10788.02  21.2  32.0   2.0  1.36    .0
  5 1974 184  14314.08  22.5  32.1   2.2  1.39  10.7
  5 1974 185   9979.28  23.4  29.2   2.2  1.42 109.4
  5 1974 186   8896.57  22.3  25.2   2.0  1.53  51.2
  5 1974 187  15276.92  20.8  30.7   2.1  1.25   3.8
  5 1974 188  10666.15  21.8  29.6   2.0  1.97  33.8
  5 1974 189   9990.38  23.0  31.5   2.2  1.14  14.0
  5 1974 190  19644.38  21.8  31.8   1.9  1.47  68.5
  5 1974 191   8909.16  22.6  29.5   2.1  1.14  18.3
  5 1974 192  11225.76  22.9  31.3   2.2  1.50  22.8
  5 1974 193  12592.31  21.1  31.3   2.1  2.00   4.5
  5 1974 194   8918.63  21.0  24.3   1.9  1.08  33.2
  5 1974 195   9194.81  20.8  29.5   1.9  1.08   1.6
  5 1974 196  14930.74  21.5  30.3   2.1  1.67  15.2
  5 1974 197  19309.83  20.0  31.0   1.9  1.86    .0
  5 1974 198  16998.06  20.4  31.8   1.9  1.78    .0
  5 1974 199  10168.13  20.8  30.0   1.9  1.28    .5
  5 1974 200   8940.77  19.5  29.9   1.8  1.00   1.3
  5 1974 201  19085.92  20.3  31.2   1.9  1.33    .0
  5 1974 202  21019.22  20.5  31.6   2.0  1.44    .0
  5 1974 203  20347.75  21.1  31.6   2.0  1.42   4.2
  5 1974 204  22423.52  22.7  32.7   2.3  1.92   2.0
  5 1974 205  17901.35  21.0  31.4   2.0  1.39   3.2
  5 1974 206  10479.75  22.0  29.8   2.0  1.28  14.2
  5 1974 207   8969.54  22.0  26.2   2.1  1.22  54.1
  5 1974 208  11870.32  20.7  30.7   1.8  1.17  32.5
  5 1974 209   8977.84  21.8  29.5   2.0  1.53  31.6
  5 1974 210   8981.95  21.5  25.2   2.0  1.00  12.2
  5 1974 211  13827.85  20.1  31.1   1.9  1.31   1.6
  5 1974 212  10097.80  22.3  31.0   2.2  1.11   2.7
  5 1974 213  11350.32  21.0  31.6   2.1  1.19   7.9
  5 1974 214  17045.15  22.2  31.0   2.1  1.42    .0
  5 1974 215  16917.93  21.0  33.0   2.1  1.42  21.3
  5 1974 216   9283.22  21.6  31.6   2.0  1.22  71.1
  5 1974 217   9008.71  22.6  27.8   2.4  2.00  32.2
  5 1974 218   9012.11  22.5  30.6   2.1   .92   7.2
  5 1974 219  10688.46  20.9  30.6   2.0  1.14  13.7
  5 1974 220   9018.47  21.5  27.5   2.0  1.39  45.7
  5 1974 221  20056.82  20.4  31.6   2.0  1.75   3.2
  5 1974 222  10562.17  22.5  30.6   2.1  1.42    .0
  5 1974 223  17423.53  22.2  31.0   2.1  1.61  20.4
  5 1974 224  10709.99  21.8  32.0   2.1  1.14    .5
  5 1974 225  15900.89  21.9  31.5   2.0  1.42    .0
  5 1974 226  19136.07  21.0  32.3   2.0  1.61    .0
  5 1974 227  18584.58  21.5  31.3   2.0  2.50   7.0
  5 1974 228  15923.44  23.9  32.3   2.4  2.78   3.1
  5 1974 229  14804.87  24.8  32.4   2.5  2.50   9.6
  5 1974 230   9883.24  24.5  30.0   2.2  1.58  37.3
  5 1974 231   9321.04  23.5  30.0   2.3  1.19   6.9
  5 1974 232  13692.11  23.0  31.5   2.3  1.28   1.4
  5 1974 233  13695.49  22.2  32.0   2.2  1.36  14.9
  5 1974 234   9039.61  22.3  31.0   2.1  1.00  44.6
  5 1974 235  16808.81  22.0  31.5   2.1  1.25  13.9
  5 1974 236   9745.07  22.4  30.9   2.1  1.03    .0
  5 1974 237  15260.34  22.0  31.0   2.0  1.17    .9
  5 1974 238  21205.84  21.4  30.8   2.2  1.50    .0
  5 1974 239  10591.33  22.8  30.2   2.1  1.33   2.8
  5 1974 240  19372.47  21.9  30.6   2.1  1.25    .0
  5 1974 241  22634.03  20.9  31.2   2.1  1.61    .0
  5 1974 242  21360.73  20.9  31.0   2.1  1.53    .0
  5 1974 243  22638.49  20.9  32.1   2.0  2.11  24.4
  5 1974 244  16255.05  21.0  31.6   2.1  1.25    .5
  5 1974 245  18523.82  21.7  30.7   2.1  1.33    .0
  5 1974 246  14547.21  21.4  31.0   2.0  1.69    .0
  5 1974 247  15253.52  21.0  31.3   2.1  1.89    .0
  5 1974 248  18657.55  22.6  33.2   2.0  1.56    .2
  5 1974 249  17090.97  22.0  32.8   2.0  2.08    .0
  5 1974 250  21488.82  21.9  31.5   2.1  1.89   2.8
  5 1974 251  15517.22  21.7  31.5   2.1  1.61    .0
  5 1974 252  20623.95  21.9  32.3   2.1  2.03    .0
  5 1974 253  24735.26  21.8  32.5   2.3  1.64    .4
  5 1974 254  11234.11  22.3  31.2   2.1  1.17    .0
  5 1974 255  15911.91  21.8  31.7   2.0  1.56    .3
  5 1974 256   8945.33  22.5  26.8   2.0  1.36  29.1
  5 1974 257   9930.11  20.8  32.3   2.0  1.44    .0
  5 1974 258  12900.63  21.7  32.0   2.0  1.19   2.2
  5 1974 259  20266.48  20.8  33.2   1.8  1.72    .0
  5 1974 260  21244.92  20.5  33.2   2.0  2.08    .2
  5 1974 261  10739.75  21.3  33.2   2.1  1.58   4.1
  5 1974 262  18662.41  20.0  31.6   2.1  1.42    .0
  5 1974 263  18787.75  21.9  32.4   2.0  1.61  22.4
  5 1974 264   9146.10  22.2  25.8   2.0  1.08  32.0
  5 1974 265  24269.02  18.9  30.4   2.0  1.72    .0
  5 1974 266  16613.10  21.0  31.1   2.2  1.42    .2
  5 1974 267  19278.72  21.0  31.3   2.0  1.53    .0
  5 1974 268  17846.07  22.6  31.5   2.1  1.56    .5
  5 1974 269  21069.26  21.5  31.7   2.2  2.50    .0
  5 1974 270  10616.29  22.1  31.5   2.1  1.42   3.8
  5 1974 271  15809.90  22.9  31.5   2.1  1.31   2.7
  5 1974 272  21696.75  22.5  31.5   2.2  1.61   4.5
  5 1974 273  18296.07  21.5  32.0   2.0  1.56   1.8
  5 1974 274   9847.17  22.3  28.9   2.0  1.11    .1
  5 1974 275  20067.81  21.0  32.1   2.1  1.56    .3
  5 1974 276  19198.40  22.0  31.2   2.1  1.53    .0
  5 1974 277  22388.01  20.9  32.0   2.0  1.58    .0
  5 1974 278  22913.70  20.1  31.4   2.0  1.92    .0
  5 1974 279  20924.56  20.5  31.7   1.9  1.78    .5
  5 1974 280  11829.63  21.7  30.9   2.0  1.53   2.5
  5 1974 281  12503.61  21.8  31.3   2.0  1.83    .6
  5 1974 282   9421.29  22.9  29.0   2.0  1.86   7.4
  5 1974 283   9401.62  22.0  29.2   2.0  1.36    .8
  5 1974 284  17838.84  22.5  32.0   2.2  1.31   1.1
  5 1974 285  17390.79  22.4  31.3   2.2  1.33    .0
  5 1974 286   8511.45  21.8  25.5   2.0  1.39   9.1
  5 1974 287  21603.36  19.8  30.7   2.0  1.78    .0
  5 1974 288  10401.32  19.8  27.8   2.0  1.53   2.6
  5 1974 289  16293.92  20.7  31.0   2.1  1.53   3.2
  5 1974 290  14750.00  20.8  30.0   2.0  1.47    .0
  5 1974 291  17735.61  22.6  30.7   2.3  2.00   5.1
  5 1974 292  16056.55  22.5  31.0   2.1  1.33  10.0
  5 1974 293   8370.41  22.4  25.2   2.1   .75  11.3
  5 1974 294   8622.38  21.6  28.8   2.0   .81   7.4
  5 1974 295   8328.59  22.8  28.4   2.0  1.03  20.0
  5 1974 296   9666.63  21.7  27.6   2.0  1.14  43.6
  5 1974 297  15205.11  22.5  31.4   2.1  1.58   6.2
  5 1974 298  10025.37  22.4  32.3   2.1  1.47    .5
  5 1974 299  16623.36  22.3  31.8   2.0  1.42    .0
  5 1974 300  14967.27  21.0  30.3   2.1  1.28    .0
  5 1974 301  21126.43  20.7  31.5   1.8  1.47  14.3
  5 1974 302  11001.41  22.0  29.8   2.1  1.06   9.6
  5 1974 303  13254.52  22.1  31.3   2.0  1.14  10.0
  5 1974 304   9742.78  22.2  30.5   2.1  1.14   1.6
  5 1974 305  20539.51  22.1  31.7   2.3  1.53  19.2
  5 1974 306   8093.69  21.8  25.5   2.0  1.33  24.3
  5 1974 307  10866.85  21.5  31.8   2.0  1.58  21.5
  5 1974 308  18808.46  20.5  31.3   1.9  1.39    .0
  5 1974 309  19958.92  19.8  30.5   2.0  1.86    .0
  5 1974 310  16342.71  19.1  32.8   1.8  2.14    .0
  5 1974 311  10628.55  20.9  30.3   2.0  1.14   7.1
  5 1974 312   7967.46  22.4  25.8   2.0  1.03  35.8
  5 1974 313   7946.92  21.6  31.9   2.0  1.97   3.8
  5 1974 314  14751.12  19.4  30.3   1.9  1.28    .0
  5 1974 315   8037.41  21.4  28.8   2.0  1.28    .0
  5 1974 316  11024.08  20.1  29.2   2.0  1.14    .0
  5 1974 317  10085.02  19.3  31.5   1.8  1.53    .0
  5 1974 318  11363.72  19.4  30.6   1.8  1.22    .0
  5 1974 319   9648.13  19.7  29.0   1.9  1.53  25.9
  5 1974 320  10534.13  21.4  31.2   2.1  1.31    .7
  5 1974 321  18151.52  21.2  31.4   2.1  1.17   6.5
  5 1974 322  13202.22  21.3  31.0   2.2  1.39   2.2
  5 1974 323  16013.62  20.8  30.9   2.3  1.14    .0
  5 1974 324   7866.32  20.0  27.2   1.9  1.39  14.7
  5 1974 325  18393.69  18.5  31.4   1.8  1.56    .5
  5 1974 326   7703.75  21.5  26.7   2.1  1.22   5.4
  5 1974 327  14352.08  20.9  30.8   2.0  1.36  26.4
  5 1974 328  15093.27  22.3  31.8   2.2  1.14   5.7
  5 1974 329   7656.30  23.2  31.7   2.1  1.72  10.5
  5 1974 330   7641.40  22.8  25.6   2.1  1.69  78.1
  5 1974 331   7626.97  22.0  24.4   2.0  2.50 118.6
  5 1974 332   7613.04  21.5  23.5   2.0  1.86  31.5
  5 1974 333  10520.97  21.7  29.5   2.1  1.69    .0
  5 1974 334  13802.17  22.1  32.0   2.1  1.06    .7
  5 1974 335   7827.72  21.3  27.7   2.0  1.11  28.8
  5 1974 336  14268.55  22.2  31.3   2.0  1.86  12.4
  5 1974 337   9320.62  21.0  28.4   1.9  2.86  31.8
  5 1974 338  13221.42  22.0  28.0   2.3  4.28  33.1
  5 1974 339  12827.04  22.2  28.6   2.1  2.08  63.6
  5 1974 340  12308.38  21.1  29.5   1.9  1.67    .0
  5 1974 341  16322.76  21.5  30.0   2.0  1.44    .0
  5 1974 342   8761.46  20.0  29.3   1.9  1.06    .3
  5 1974 343  18302.74  20.3  32.5   1.9  1.36    .8
  5 1974 344  13390.80  21.6  31.8   1.9  1.53   1.6
  5 1974 345  19403.66  18.8  31.9   1.8  1.97    .0
  5 1974 346   8104.21  20.0  27.8   1.8  1.03   3.6
  5 1974 347  11232.37  21.5  31.0   2.0  1.28   3.1
  5 1974 348  18116.93  20.2  30.5   1.9  1.78   6.9
  5 1974 349  16355.82  21.4  31.8   2.0  1.47   5.1
  5 1974 350  16725.62  20.0  32.6   2.0  1.61   1.3
  5 1974 351  17597.22  19.4  30.0   1.8  1.75   5.4
  5 1974 352  17593.87  21.1  31.7   2.0  1.69    .0
  5 1974 353  13462.44  18.0  31.0   1.8  1.31    .7
  5 1974 354   7455.55  21.2  30.7   1.9  1.58    .0
  5 1974 355  18468.38  19.5  30.3   1.9  1.36   4.0
  5 1974 356  13089.07  21.4  32.2   2.0  1.42  12.5
  5 1974 357  14844.53  21.3  33.0   1.9  1.61  16.0
  5 1974 358  13221.16  21.1  30.9   2.0  1.31  55.4
  5 1974 359   7714.73  21.4  30.0   1.9  1.72   1.7
  5 1974 360  17242.63  20.0  30.3   1.9  1.58    .8
  5 1974 361  16123.54  19.5  32.0   1.9  2.94    .5
  5 1974 362  14502.75  19.5  30.5   1.8  1.72   5.1
  5 1974 363  16898.13  20.0  32.2   1.8  2.50    .0
  5 1974 364  13142.70  18.5  29.8   1.8  1.69   2.4
  5 1974 365  14788.55  19.9  30.5   1.9  1.94   1.0
