*---------------------------------------------------------              
* Station name: Puerto Limon                                            
* Author: Atlantic Zone Project, AUW-MAG-CATIE, Costa Rica              
* Source: IMN, San Jose, Costa Rica                                     
*                                                                       
* Comments:                                                             
*                                                                       
*                                                                       
*                                                                       
* Longitude:  83  3 W, latitude:  10  0 N, altitude:  3 m.              
* Column  Daily value                                                   
*    1    station number                                                
*    2    year                                                          
*    3    month                                                         
*    4    day                                                           
*    5    julian date                                                   
*    6    irradiation            (cal cm-2 d-1)                         
*    7    minimum temperature    (degrees Celcius)                      
*    8    maximum temperature    (degrees Celcius)                      
*    9    vapor pressure at 0700 (mbar)                                 
*   10    vapor pressure at 1300 (mbar)                                 
*   11    vapor pressure at 1800 (mbar)                                 
*   12    mean wind speed        (kilometer per hour)                   
*   13    precipitation          (mm d-1)                               
*   14    sunshine hours         (hours)                                
* Missing value: -99                                                    
*---------------------------------------------------------              
*  data converted with WDC for CABO-format
*-------------------------------------------
  83.05  10.00     3.  .00  .00
  5 1981   1   5020.80  19.9  24.0   1.9  1.81   9.7
  5 1981   2   5439.20  20.9  27.0   1.8  2.67   9.4
  5 1981   3   1506.24  20.0  23.6   1.7  2.11  29.1
  5 1981   4   7824.08  21.5  27.2   1.9  3.00  15.5
  5 1981   5   9288.48  22.2  29.6   2.0  1.69  12.2
  5 1981   6  10962.08  19.7  29.0   1.9  2.64   5.0
  5 1981   7   9706.88  20.3  29.1   2.0  2.17   1.3
  5 1981   8  11673.36  20.3  30.2   1.9  2.03    .0
  5 1981   9   6234.16  19.3  27.5   1.8  1.72    .0
  5 1981  10  15020.56  18.3  29.6   1.8  2.00    .2
  5 1981  11   7698.56  19.9  29.5   1.9  2.44  24.8
  5 1981  12   2384.88  18.5  22.2   1.9  3.22  13.1
  5 1981  13  13776.42  18.1  29.6   1.6  2.58   6.4
  5 1981  14   8451.68  19.2  28.5   1.7  2.11   1.9
  5 1981  15  13186.87  20.8  28.2   1.9  1.56    .8
  5 1981  16   9875.01  19.0  29.9   1.8  1.97  45.8
  5 1981  17  12595.98  20.8  29.1   2.0  6.36    .3
  5 1981  18   4476.88  20.2  27.5   1.8  4.03  15.4
  5 1981  19  11003.92  20.0  28.3   1.8  2.67    .0
  5 1981  20  10669.20  21.0  28.0   1.9  1.69    .0
  5 1981  21  12342.80  20.8  28.9   1.9  1.58    .0
  5 1981  22  14853.20  18.8  28.6   1.6  2.00    .0
  5 1981  23  14853.20  16.9  29.3   1.5  2.36    .0
  5 1981  24  13514.32  17.6  28.5   1.7  1.75    .0
  5 1981  25  10334.48  19.7  27.0   1.9  2.92   6.8
  5 1981  26  10418.16  20.8  29.5   1.9  2.00   4.9
  5 1981  27  15438.96  18.0  29.4   1.7  1.97    .0
  5 1981  28  14602.16  18.3  29.7   1.7  1.61    .7
  5 1981  29  13346.96  19.5  29.8   1.9  2.36    .0
  5 1981  30  13472.48  18.0  29.8   1.6  1.97    .0
  5 1981  31  14978.72  19.0  30.0   1.7  2.22    .0
  5 1981  32  13974.56  19.2  30.1   1.7  1.83    .0
  5 1981  33   8535.36  19.5  31.2   1.7  2.17  30.0
  5 1981  34   5481.04  20.0  28.5   1.9  2.14  33.4
  5 1981  35   9832.40  21.6  30.6   2.0  1.78  12.8
  5 1981  36  10208.96  21.1  29.0   1.9  1.94   1.0
  5 1981  37  10585.52  20.1  28.5   1.8  1.47   9.9
  5 1981  38  15941.04  18.4  30.4   1.8  1.75   1.9
  5 1981  39  11840.72  21.3  29.3   1.9  1.72   5.0
  5 1981  40  15438.96  21.3  31.1   2.0  1.97   1.5
  5 1981  41  13179.60  20.0  30.5   1.8  1.92  18.1
  5 1981  42  11798.88  20.3  29.5   1.9  2.03  20.6
  5 1981  43   9162.96  21.5  29.8   2.0  2.22  23.5
  5 1981  44  11673.36  21.0  30.5   2.0  2.39  12.7
  5 1981  45  15648.16  20.0  31.1   1.9  2.78    .0
  5 1981  46  13388.80  19.0  29.8   1.7  1.56    .0
  5 1981  47  15941.04  18.0  29.8   1.6  1.89    .5
  5 1981  48  14727.68  20.0  30.4   1.7  2.14    .2
  5 1981  49  14100.08  20.8  31.1   1.8  1.94    .0
  5 1981  50  13807.20  19.0  30.4   1.6  1.81    .0
  5 1981  51  16694.16  20.6  31.8   1.8  1.97  15.9
  5 1981  52  17238.08  21.0  30.8   1.9  2.25   5.2
  5 1981  53   5606.56  22.0  28.5   2.0  1.83  18.7
  5 1981  54   4267.68  20.9  25.5   1.9  2.50   2.6
  5 1981  55   5355.52  19.3  27.5   1.6  2.44   1.6
  5 1981  56   8538.12  20.9  25.5   1.8  2.03   8.9
  5 1981  57  11296.80  20.9  30.3   1.8  2.22   4.2
  5 1981  58   4142.16  22.3  25.4   2.0  2.19  40.5
  5 1981  59   5732.08  25.3  28.0   2.2  2.89  65.2
  5 1981  60   7865.92  22.9  30.0   2.2  1.56   2.1
  5 1981  61   6234.16  23.0  29.5   2.1  1.31   8.5
  5 1981  62  10041.60  23.0  31.8   2.2  1.69  16.5
  5 1981  63   7573.04  23.2  29.8   2.1  1.31   3.0
  5 1981  64  10962.08  22.0  30.0   1.9  1.61    .0
  5 1981  65  15438.96  21.3  31.0   2.0  1.67    .0
  5 1981  66  14141.92  22.7  31.3   2.1  2.08  10.2
  5 1981  67  12468.32  22.8  31.8   2.2  1.83    .0
  5 1981  68   7447.52  22.3  30.7   2.1  1.67  11.2
  5 1981  69  23234.52  19.7  31.5   1.8  2.08    .0
  5 1981  70   6819.92  20.0  28.6   1.8  1.92   5.0
  5 1981  71   8660.88  20.7  31.3   2.0  1.94    .9
  5 1981  72  16484.96  19.7  30.4   1.8  1.89    .0
  5 1981  73  15690.00  21.5  30.5   2.0  2.22    .0
  5 1981  74   7865.92  22.2  30.2   2.0  1.83   1.5
  5 1981  75  18033.04  19.8  30.7   1.7  2.39    .0
  5 1981  76  17238.08  18.5  32.0   1.6  2.39    .0
  5 1981  77  15982.88  18.8  31.9   1.7  2.44    .0
  5 1981  78  17530.96  21.0  31.8   1.9  2.50    .0
  5 1981  79  11087.60  21.1  33.3   1.8  3.06  22.8
  5 1981  80   8368.00  21.4  29.6   1.9  1.75    .0
  5 1981  81  16777.84  20.5  31.3   2.0  2.14    .0
  5 1981  82  16736.00  21.7  31.6   2.0  2.28  14.4
  5 1981  83   2343.04  20.9  23.5   2.0  2.67  34.1
  5 1981  84   4978.96  20.2  25.0   1.9  2.28  17.5
  5 1981  85   7447.52  20.0  28.5   1.9  2.33  14.2
  5 1981  86   7824.08  20.3  29.5   1.8  2.00   4.8
  5 1981  87  16903.36  19.9  30.8   1.8  2.06    .0
  5 1981  88  20522.15  20.3  30.8   1.9  2.06   2.4
  5 1981  89  14644.00  22.5  31.0   2.1  2.03    .0
  5 1981  90  11506.00  21.1  31.9   2.0  1.89  22.4
  5 1981  91  10418.16  22.6  30.3   2.1  1.81   6.3
  5 1981  92   9455.84  22.1  31.4   2.0  2.08    .5
  5 1981  93  14853.20  22.0  31.8   2.0  2.22    .0
  5 1981  94  17028.88  20.6  31.2   1.9  2.00    .0
  5 1981  95  17154.40  19.7  32.0   1.8  2.36   3.3
  5 1981  96   6987.28  21.1  27.0   1.9  2.00 112.1
  5 1981  97   9372.16  21.8  31.0   1.9  2.44   2.5
  5 1981  98  12510.16  21.9  30.5   1.9  2.25   2.9
  5 1981  99   6861.76  21.0  30.5   1.9  2.22   8.0
  5 1981 100  15146.08  22.0  31.4   2.1  2.36  35.0
  5 1981 101  12426.48  21.5  31.6   2.0  1.81   8.1
  5 1981 102   6778.08  21.9  31.5   2.1  1.83  33.8
  5 1981 103   3723.76  22.5  28.0   2.3  2.06 113.1
  5 1981 104   8911.92  21.2  30.5   2.0  1.94  47.1
  5 1981 105   3681.92  22.4  26.5   2.1  2.17  25.7
  5 1981 106  11673.36  20.9  30.8   1.9  2.06    .5
  5 1981 107   9539.52  21.4  30.5   2.1  2.17  15.8
  5 1981 108   4727.92  21.6  26.5   2.0  1.64  28.1
  5 1981 109  12300.96  21.7  30.0   2.1  2.78    .2
  5 1981 110  15104.24  22.3  31.9   2.0  2.94    .0
  5 1981 111  12342.80  22.0  31.0   2.0  2.25    .0
  5 1981 112  17405.44  21.4  32.5   2.0  2.89    .0
  5 1981 113  12342.80  21.2  31.0   1.9  1.72   2.1
  5 1981 114  15480.80  23.4  31.2   2.1  2.03   7.7
  5 1981 115   7238.32  23.8  28.5   2.2  1.69  41.9
  5 1981 116   7656.72  23.6  31.6   2.1  1.94    .0
  5 1981 117  12300.96  23.2  31.4   2.1  3.14    .0
  5 1981 118   9121.12  23.7  30.9   2.1  2.72    .1
  5 1981 119  15648.16  22.5  31.7   2.2  2.36    .0
  5 1981 120  10418.16  25.2  31.9   2.2  1.69   3.5
  5 1981 121   9832.40  23.5  30.3   2.2  2.36   5.9
  5 1981 122  14100.08  21.8  30.8   2.2  2.06    .0
  5 1981 123  13681.68  20.8  31.5   2.1  2.06    .0
  5 1981 124  10669.20  19.3  31.9   2.1  1.83    .2
  5 1981 125  14895.04  22.6  32.2   2.2  2.08    .0
  5 1981 126  11966.24  24.0  32.5   2.2  1.58    .0
  5 1981 127  11840.72  24.0  33.5   2.1  2.44    .0
  5 1981 128  12217.28  22.6  32.7   2.1  2.22   8.1
  5 1981 129  12091.76  23.1  32.0   2.1  1.89   2.1
  5 1981 130  15104.24  22.6  31.4   2.1  1.58    .0
  5 1981 131   4978.96  22.5  30.0   2.1  1.92    .2
  5 1981 132  14853.20  21.8  32.2   2.0  2.11   2.1
  5 1981 133   5815.76  25.4  28.7   2.1  1.72   3.0
  5 1981 134  13472.48  23.9  32.0   2.2  1.86    .0
  5 1981 135  15480.80  22.7  32.7   2.2  2.31   5.7
  5 1981 136  14100.08  23.0  32.3   2.1  1.78    .2
  5 1981 137  13723.52  24.3  33.0   2.3  1.78    .5
  5 1981 138  12217.28  25.0  32.7   2.3  1.81    .0
  5 1981 139  12217.28  23.5  33.6   2.1  1.83    .0
  5 1981 140   7280.16  24.6  32.1   2.1  1.50  35.2
  5 1981 141  12300.96  24.0  33.1   2.3  1.94   1.0
  5 1981 142  11213.12  24.3  33.5   2.2  1.86  13.9
  5 1981 143  14476.64  23.9  33.5   2.3  1.83    .0
  5 1981 144  13346.96  22.4  32.2   2.0  1.97    .0
  5 1981 145  14016.40  23.0  33.0   2.0  1.83    .0
  5 1981 146  16652.32  23.0  33.3   2.1  2.08    .0
  5 1981 147  15690.00  23.1  33.9   2.1  2.06    .0
  5 1981 148  16108.39  23.8  32.7   2.1  2.47    .0
  5 1981 149  12049.92  23.6  32.8   2.1  1.83    .0
  5 1981 150  10041.60  23.7  32.0   2.1  2.33  16.5
  5 1981 151  12635.68  22.8  31.6   2.1  2.25   3.9
  5 1981 152   4560.56  24.0  28.5   2.2  1.36    .1
  5 1981 153   9790.56  24.3  32.1   2.2  1.58  12.6
  5 1981 154  10585.52  23.5  32.5   2.1  1.94   5.7
  5 1981 155   7112.80  23.2  29.8   2.1  1.61    .0
  5 1981 156   9790.56  24.3  31.4   2.2  1.72   5.0
  5 1981 157  12049.92  22.8  31.2   2.2  1.86    .3
  5 1981 158  14602.16  23.4  32.3   2.2  2.25  83.0
  5 1981 159  14978.72  23.4  31.6   2.4  2.36    .3
  5 1981 160   8870.08  23.0  31.0   2.0  1.67   8.4
  5 1981 161  13263.28  22.5  31.5   2.1  1.72    .8
  5 1981 162  14225.60  23.4  31.6   2.3  1.83   1.5
  5 1981 163  12844.88  23.0  31.4   2.1  1.64    .0
  5 1981 164  10292.64  23.6  32.7   2.2  2.31  24.5
  5 1981 165  10460.00  22.6  30.5   2.1  1.58    .2
  5 1981 166  14225.60  22.5  31.0   2.1  1.94    .0
  5 1981 167   2552.24  22.5  27.4   2.1  1.64  14.3
  5 1981 168  14853.20  22.9  31.0   2.0  1.89    .0
  5 1981 169   7698.56  22.9  30.1   2.1  1.78    .0
  5 1981 170   4058.48  23.0  28.0   2.0  1.50    .4
  5 1981 171  13514.32  22.4  32.0   2.1  1.78    .1
  5 1981 172  16568.64  23.9  31.8   2.2  2.03    .0
  5 1981 173  16401.28  23.1  32.7   2.1  2.03    .2
  5 1981 174   5230.00  23.5  29.3   2.1  1.39   7.7
  5 1981 175   6861.76  22.5  30.5   2.1  1.72   5.9
  5 1981 176  13221.44  22.3  32.0   2.1  1.78    .0
  5 1981 177  12342.80  22.4  32.7   2.0  1.81    .0
  5 1981 178  13765.36  22.8  32.0   2.1  2.28   4.1
  5 1981 179   9037.44  24.0  31.9   2.3  2.58   1.3
  5 1981 180  12049.92  21.4  32.2   2.0  1.78   1.4
  5 1981 181   4937.12  21.6  29.0   2.2  2.19    .9
  5 1981 182  13263.28  21.5  30.6   1.9  2.31  12.5
  5 1981 183  13849.04  22.6  30.8   2.1  1.81  15.0
  5 1981 184   8409.84  23.0  31.0   2.1  1.39    .8
  5 1981 185   8493.52  22.5  31.1   2.0  2.00   1.0
  5 1981 186  12091.76  22.6  31.4   2.1  2.25    .0
  5 1981 187  15815.52  22.0  31.3   2.0  1.94    .0
  5 1981 188  14100.08  21.7  31.0   2.1  1.56   9.1
  5 1981 189   6108.64  23.5  30.6   2.1  1.56   9.8
  5 1981 190   4225.84  23.0  28.9   2.2  1.39   7.9
  5 1981 191   8744.56  22.9  30.9   2.1  2.08    .1
  5 1981 192   9790.56  22.0  30.5   2.0  1.97   2.3
  5 1981 193  11422.32  23.0  30.1   2.2  1.75   1.1
  5 1981 194   4686.08  22.5  28.1   2.1  1.31   4.3
  5 1981 195   3974.80  21.8  27.8   1.9  1.28   2.8
  5 1981 196  15815.52  20.6  30.9   2.0  2.19    .9
  5 1981 197   6485.20  20.8  29.7   2.0  2.03    .8
  5 1981 198  13388.80  22.5  31.4   2.2  2.22   4.5
  5 1981 199   6736.24  22.4  29.9   2.0  1.78   1.3
  5 1981 200  20579.33  22.6  32.0   2.1  1.92   6.4
  5 1981 201   5983.12  22.5  30.7   2.0  1.64   7.9
  5 1981 202  14978.72  22.0  31.3   2.0  2.33    .0
  5 1981 203  12342.80  23.5  31.3   2.2  2.36    .0
  5 1981 204  15104.24  21.8  31.9   2.1  2.22    .0
  5 1981 205   8535.36  23.6  31.4   2.1  1.58    .2
  5 1981 206   7238.32  21.5  31.3   1.9  1.47   8.3
  5 1981 207   7991.44  21.8  31.0   2.0  1.67   4.8
  5 1981 208  13639.84  22.6  33.7   2.0  1.89    .9
  5 1981 209  11589.68  23.5  31.4   2.2  1.78  23.2
  5 1981 210   6108.64  22.4  29.0   2.1  1.83   3.7
  5 1981 211  12342.80  22.3  31.1   2.2  2.89  16.1
  5 1981 212  12886.72  22.5  32.6   2.1  2.14   4.7
  5 1981 213   9121.12  23.5  30.4   2.2  1.69  16.6
  5 1981 214   9037.44  23.0  30.9   2.1  2.06  10.0
  5 1981 215   8242.48  21.6  29.4   1.9  1.69    .5
  5 1981 216   3974.80  22.4  27.0   2.0  1.86  25.3
  5 1981 217  11589.68  21.2  32.0   2.0  2.00  11.8
  5 1981 218  13974.56  22.3  31.6   2.1  3.28  43.1
  5 1981 219   9246.64  22.9  30.8   2.0  1.72    .0
  5 1981 220   8368.00  22.8  31.5   2.1  1.75   6.7
  5 1981 221   3932.96  23.4  26.9   2.2  1.33   7.6
  5 1981 222  12426.48  21.5  30.4   2.0  2.17   1.8
  5 1981 223  14267.44  21.9  31.1   2.1  2.08    .1
  5 1981 224   4727.92  23.4  28.2   2.1  1.50    .0
  5 1981 225  12217.28  22.1  31.0   2.1  2.19    .2
  5 1981 226  12342.80  23.3  32.0   2.1  2.14    .1
  5 1981 227  15146.08  21.5  31.1   2.1  1.81    .0
  5 1981 228  16903.36  21.0  32.6   1.9  2.03    .0
  5 1981 229  16568.64  22.4  33.5   2.2  2.47    .0
  5 1981 230  16401.28  21.8  33.4   2.1  2.11    .0
  5 1981 231   7782.24  21.6  31.1   2.0  1.69    .0
  5 1981 232  10962.08  22.0  31.7   2.1  2.03    .0
  5 1981 233  17321.76  22.2  33.0   2.0  2.56    .0
  5 1981 234  14644.00  22.7  32.8   2.1  2.64    .0
  5 1981 235  15104.24  21.9  32.8   2.0  2.11    .4
  5 1981 236   7865.92  21.9  30.2   2.0  1.64  15.0
  5 1981 237  14727.68  21.1  32.6   2.1  1.78   6.4
  5 1981 238  15480.80  21.7  32.0   2.1  2.00    .0
  5 1981 239  12300.96  22.8  32.2   2.1  2.14  18.8
  5 1981 240  15146.08  21.7  32.0   2.1  1.72    .0
  5 1981 241  11045.76  22.3  31.9   2.0  2.00   2.2
  5 1981 242   6066.80  21.7  30.2   1.9  1.81   1.4
  5 1981 243  10836.56  20.5  30.8   1.9  2.39  18.8
  5 1981 244  14016.40  20.7  30.8   2.1  1.67   1.1
  5 1981 245  15271.60  21.5  31.5   2.0  1.86    .0
  5 1981 246  13388.80  21.6  32.0   2.0  2.19    .0
  5 1981 247  15397.12  22.4  31.9   2.0  2.08    .0
  5 1981 248  12970.40  22.0  31.6   2.0  1.92    .2
  5 1981 249   4978.96  22.4  28.9   2.1  1.94   1.8
  5 1981 250  16777.84  22.1  33.0   2.0  2.11   1.7
  5 1981 251  14267.44  21.8  32.0   2.1  2.03    .2
  5 1981 252  14351.12  22.1  32.1   2.1  2.03    .0
  5 1981 253  12049.92  21.8  32.4   2.0  2.31   3.3
  5 1981 254  12175.44  21.8  31.1   2.0  1.94    .5
  5 1981 255   9121.12  21.9  32.1   2.0  2.08    .0
  5 1981 256  13263.28  21.0  32.5   1.9  2.53  23.8
  5 1981 257  12342.80  21.8  31.4   2.1  1.75    .0
  5 1981 258   8116.96  23.1  32.0   2.0  1.83   5.7
  5 1981 259  13346.96  21.5  32.0   2.0  1.92   1.1
  5 1981 260   5062.64  21.5  29.0   2.2  1.83  17.1
  5 1981 261  16024.72  21.1  31.0   1.9  2.19    .0
  5 1981 262  12300.96  22.5  32.4   2.2  2.28    .3
  5 1981 263  12217.28  22.3  31.6   2.0  1.81   1.8
  5 1981 264  15480.80  22.2  32.1   2.1  1.83  10.3
  5 1981 265  13221.44  22.0  33.4   2.2  1.92    .0
  5 1981 266  13346.96  22.4  31.6   2.0  2.03    .0
  5 1981 267  14100.08  22.8  31.9   2.2  1.83    .0
  5 1981 268  14895.04  22.6  32.5   2.1  2.47  21.3
  5 1981 269   8368.00  21.9  30.6   2.0  2.03    .0
  5 1981 270  10041.60  21.5  30.6   2.1  1.69    .0
  5 1981 271  16819.68  21.7  31.4   2.2  2.11    .0
  5 1981 272  10711.04  21.6  31.8   1.9  1.97  28.4
  5 1981 273  16024.72  21.4  30.9   2.0  2.25    .0
  5 1981 274  10627.36  21.8  29.7   1.9  2.06    .1
  5 1981 275  13514.32  23.1  31.7   2.1  2.08    .0
  5 1981 276   7154.64  22.4  29.0   2.1  1.50    .6
  5 1981 277   6401.52  22.3  28.5   2.0  1.58  44.5
  5 1981 278  14058.24  21.4  30.6   2.0  2.00    .0
  5 1981 279  12342.80  22.1  30.7   2.0  1.89    .4
  5 1981 280  10794.72  21.7  31.4   2.0  1.75    .0
  5 1981 281  15313.44  21.8  31.0   2.0  2.06    .0
  5 1981 282  12091.76  22.2  32.2   1.9  2.03    .0
  5 1981 283  14309.28  22.4  31.4   2.1  2.17    .1
  5 1981 284   7573.04  22.4  29.8   2.0  1.67   4.3
  5 1981 285  14100.08  21.3  31.2   2.1  1.75    .0
  5 1981 286  14978.72  21.8  32.5   2.0  2.00    .0
  5 1981 287  15564.48  21.4  32.5   1.9  2.14   5.0
  5 1981 288  16108.40  22.1  32.4   2.1  2.08    .0
  5 1981 289  15899.20  21.2  32.8   1.9  2.06    .0
  5 1981 290  11296.80  22.1  31.9   2.0  2.28   5.0
  5 1981 291  13681.68  22.8  31.9   2.1  2.58  15.0
  5 1981 292  10083.44  22.5  29.5   2.1  2.08   2.8
  5 1981 293  11464.16  22.0  30.8   2.0  2.36    .0
  5 1981 294   4267.68  22.6  28.7   2.0  1.94    .8
  5 1981 295  11673.36  22.7  30.5   2.1  2.58    .0
  5 1981 296   6485.20  22.6  29.8   2.1  1.78   2.5
  5 1981 297  12886.72  22.3  31.4   2.1  1.69    .8
  5 1981 298  11673.36  22.2  31.3   2.1  2.33    .0
  5 1981 299   4644.24  22.1  29.7   2.0  1.83    .0
  5 1981 300  12593.84  21.4  31.3   2.0  2.33    .0
  5 1981 301  14727.68  21.7  32.6   2.1  2.75   8.0
  5 1981 302   9832.40  21.7  30.4   2.0  1.94    .0
  5 1981 303  10794.72  21.7  31.0   2.0  1.86    .9
  5 1981 304  11589.68  21.7  31.9   2.0  1.92    .6
  5 1981 305  13472.48  22.4  32.2   2.1  2.67    .0
  5 1981 306  12761.20  21.3  33.2   2.0  2.06    .2
  5 1981 307  14853.20  20.8  33.5   2.1  1.64    .0
  5 1981 308  10878.40  22.7  32.7   2.1  2.14    .0
  5 1981 309  14183.76  21.8  32.5   2.0  2.64    .0
  5 1981 310   9455.84  22.5  33.5   2.0  2.00   6.3
  5 1981 311   6234.16  22.9  31.1   2.1  2.61  39.6
  5 1981 312    418.40  18.8  23.8   2.0  3.11  33.1
  5 1981 313   5773.92  20.4  30.0   2.0  2.39  13.8
  5 1981 314   9414.00  22.9  30.8   2.2  1.97  19.5
  5 1981 315   7489.36  21.4  30.0   2.0  2.94  45.6
  5 1981 316    920.48  21.6  23.5   2.0  3.25 171.5
  5 1981 317   3723.76  20.3  24.8   1.9  3.08  16.2
  5 1981 318   7489.36  21.3  26.8   2.0  2.58    .2
  5 1981 319   3179.84  22.1  24.5   2.0  2.97  47.6
  5 1981 320   9706.88  21.1  30.3   1.9  2.08    .6
  5 1981 321  11087.60  22.3  30.6   2.0  3.17  38.5
  5 1981 322   5020.80  22.3  27.5   2.0  1.83   1.0
  5 1981 323  10125.28  22.0  30.6   2.0  2.53   1.0
  5 1981 324  10167.12  21.9  30.8   2.0  2.08    .0
  5 1981 325  12635.68  20.7  31.1   2.0  2.92   6.3
  5 1981 326   3640.08  22.4  25.0   2.1  3.17  80.3
  5 1981 327   1255.20  20.8  24.8   2.0  2.08  46.1
  5 1981 328   7531.20  21.8  28.5   2.0  2.83   3.6
  5 1981 329   5146.32  22.5  28.5   2.1  2.47  68.0
  5 1981 330   3347.20  21.8  25.5   2.0  1.81  23.8
  5 1981 331  10585.52  20.9  29.8   2.0  1.97    .0
  5 1981 332  11924.40  21.5  30.7   2.0  1.83    .4
  5 1981 333   9079.28  21.7  30.0   2.0  1.61    .0
  5 1981 334  12510.16  20.5  30.5   1.9  2.00    .0
  5 1981 335   9581.36  21.3  30.7   1.9  1.75    .2
  5 1981 336  10167.12  22.5  31.3   2.1  1.69    .0
  5 1981 337  19539.28  22.1  31.0   2.1  2.03  13.0
  5 1981 338   8033.28  22.8  30.6   2.2  1.56   2.5
  5 1981 339   6652.56  21.9  30.4   2.0  1.75  50.2
  5 1981 340   4267.68  22.2  26.5   2.0  1.97  33.6
  5 1981 341   4937.12  21.4  25.0   1.9  3.00   4.7
  5 1981 342  11715.20  21.0  29.4   1.9  2.97    .0
  5 1981 343  12468.32  20.6  30.7   2.0  3.36  24.0
  5 1981 344   3263.52  21.5  26.3   2.0  4.19 176.3
  5 1981 345   3263.52  20.1  25.3   1.8  2.86   2.3
  5 1981 346   2552.24  21.0  24.5   1.9  1.92   2.4
  5 1981 347   8033.28  21.9  30.0   2.0  1.89   1.0
  5 1981 348   4560.56  22.8  26.3   2.1  2.61   1.5
  5 1981 349   9581.36  21.5  30.5   2.0  2.25  29.0
  5 1981 350   3807.44  21.9  29.5   2.1  2.06  34.9
  5 1981 351   8953.76  20.4  30.5   1.9  1.86   6.2
  5 1981 352  10167.12  22.3  31.3   2.1  1.67   1.3
  5 1981 353  12342.80  21.8  31.5   2.0  1.86    .0
  5 1981 354   9874.24  20.6  30.2   1.9  1.78    .0
  5 1981 355   4225.84  21.6  26.5   2.0  2.11   7.2
  5 1981 356   7949.60  20.3  29.0   1.9  1.61    .0
  5 1981 357  12468.32  18.2  29.1   1.7  1.86    .0
  5 1981 358   8451.68  21.0  31.0   1.8  1.81    .2
  5 1981 359  11422.32  22.2  31.1   2.1  1.64    .0
  5 1981 360  12175.44  20.0  30.1   1.8  2.06    .0
  5 1981 361  12719.36  20.8  31.0   1.9  1.83    .0
  5 1981 362  12552.00  21.1  30.6   1.9  1.94    .0
  5 1981 363  12259.12  22.1  31.0   2.0  2.31    .0
  5 1981 364  11296.80  21.2  31.1   1.9  2.06    .0
  5 1981 365   9497.68  20.9  30.7   2.0  2.11    .8
