*---------------------------------------------------------              
* Station name: Puerto Limon                                            
* Author: Atlantic Zone Project, AUW-MAG-CATIE, Costa Rica              
* Source: IMN, San Jose, Costa Rica                                     
*                                                                       
* Comments:                                                             
*                                                                       
*                                                                       
*                                                                       
* Longitude:  83  3 W, latitude:  10  0 N, altitude:  3 m.              
* Column  Daily value                                                   
*    1    station number                                                
*    2    year                                                          
*    3    month                                                         
*    4    day                                                           
*    5    julian date                                                   
*    6    irradiation            (1000 * MJ m-2 d-1)                    
*    7    minimum temperature    (degrees Celcius)                      
*    8    maximum temperature    (degrees Celcius)                      
*    9    vapor pressure at 0700 (mbar)                                 
*   10    vapor pressure at 1300 (mbar)                                 
*   11    vapor pressure at 1800 (mbar)                                 
*   12    mean wind speed        (kilometer per hour)                   
*   13    precipitation          (mm d-1)                               
*   14    sunshine hours         (hours)                                
* Missing value: -99                                                    
*---------------------------------------------------------              
*  data converted with WDC for CABO-format
*-------------------------------------------
  83.05  10.00     3.  .00  .00
  5 1985   1  13897.00  18.4  30.9   2.1  1.64    .0
  5 1985   2  13353.00  19.0  30.0   2.3  1.89   2.3
  5 1985   3  12516.00  20.9  30.8   2.5  1.86   1.1
  5 1985   4   8079.00  21.4  28.8   2.6  2.03  11.8
  5 1985   5   8539.00  20.2  28.3   2.3  3.56  26.7
  5 1985   6   8205.00  20.0  24.7   2.2  3.47   4.0
  5 1985   7   7828.00  20.9  27.8   2.4  1.89    .0
  5 1985   8  12349.00  20.1  28.7   2.4  2.06    .0
  5 1985   9  12432.00  19.0  30.3   2.2  1.94    .0
  5 1985  10   9753.00  20.2  29.7   2.3  2.06    .0
  5 1985  11  12014.00  20.4  29.2   2.4  2.22    .0
  5 1985  12  11553.00  20.9  30.3   2.4  2.19    .0
  5 1985  13   7660.00  19.7  29.5   2.3  2.31   7.7
  5 1985  14   9084.00  18.5  29.4   2.5  1.64    .3
  5 1985  15  14107.00  18.4  30.8   2.3  2.14   7.7
  5 1985  16  13604.00  20.6  30.7   2.4  2.42   1.8
  5 1985  17  13353.00  18.8  29.9   2.3  1.94    .9
  5 1985  18  12809.00  19.5  30.2   2.2  1.86    .0
  5 1985  19  12977.00  18.8  28.7   2.3  2.53   5.5
  5 1985  20  10298.00  21.8  29.2   2.6  2.00    .0
  5 1985  21  11595.00  20.1  29.8   2.3  2.28    .0
  5 1985  22  11721.00  19.5  30.1   2.2  1.92    .1
  5 1985  23  10256.00  21.5  30.5   2.5  1.81   4.5
  5 1985  24  11260.00  20.8  30.4   2.5  2.17    .1
  5 1985  25  13186.00  19.9  30.6   2.3  1.86    .0
  5 1985  26   6656.00  20.9  30.0   2.3  2.17   4.3
  5 1985  27  11428.00  18.6  28.4   2.2  2.83   3.5
  5 1985  28   7953.00  21.2  28.9   2.4  1.97   2.0
  5 1985  29  13995.84  20.2  30.7   2.5  2.36    .0
  5 1985  30  10468.26  18.5  30.2   2.0  2.53   9.0
  5 1985  31  12391.00  21.4  31.3   2.5  2.22    .0
  5 1985  32  13563.00  18.8  30.0   2.3  2.25   9.0
  5 1985  33  11386.00  21.5  30.6   2.5  1.81    .0
  5 1985  34  13060.00  19.0  30.6   2.2  1.97    .0
  5 1985  35  14442.00  18.9  30.3   2.3  1.61   5.4
  5 1985  36  13311.00  20.0  31.0   2.3  2.08  10.3
  5 1985  37   6279.00  20.8  30.7   2.4  1.47  14.4
  5 1985  38   8138.32  21.6  28.7   2.5  1.25    .0
  5 1985  39   8246.00  22.0  31.8   2.5  2.28  36.3
  5 1985  40  16266.82  22.2  29.8   2.6  2.42  12.9
  5 1985  41  14232.00  20.7  29.8   2.4  2.17    .0
  5 1985  42   9921.00  21.0  28.7   2.3  1.81  15.4
  5 1985  43   6781.00  22.1  29.8   2.8  2.17  31.0
  5 1985  44   6153.00  22.4  29.9   2.6  3.25   3.5
  5 1985  45  20955.78  21.6  30.6   2.5  2.11  28.4
  5 1985  46  11679.00  20.6  30.6   2.4  2.08    .6
  5 1985  47   8916.00  21.4  28.3   2.5  2.42    .4
  5 1985  48   8916.00  20.3  30.7   2.4  1.92   2.6
  5 1985  49   7535.00  19.0  29.5   2.1  1.75   1.3
  5 1985  50  11470.00  17.8  30.7   2.4  1.83   1.8
  5 1985  51  14358.00  21.1  30.7   2.5  2.56    .1
  5 1985  52  14902.00  22.3  30.5   2.6  2.58   5.3
  5 1985  53  11238.87  21.8  30.0   2.5  1.94   4.1
  5 1985  54  13563.00  22.0  31.1   2.7  2.31   2.2
  5 1985  55  15572.00  22.6  30.7   2.7  2.14   1.2
  5 1985  56  12097.00  21.0  30.3   2.5  2.28   5.5
  5 1985  57  12181.00  21.0  31.3   2.5  2.44   5.6
  5 1985  58  15781.00  19.8  30.9   2.1  2.64   2.0
  5 1985  59  16577.00  20.3  31.4   2.3  2.31    .8
  5 1985  60   6949.00  19.5  27.9   2.4  1.47   1.7
  5 1985  61   8288.00  21.0  30.2   2.5  1.97  30.0
  5 1985  62   9042.00  21.4  28.3   2.7  1.97   5.6
  5 1985  63  15321.00  21.6  31.3   2.7  1.97    .7
  5 1985  64  13772.00  21.8  30.4   2.6  2.78    .4
  5 1985  65  13228.00  21.5  31.6   2.4  2.06   2.6
  5 1985  66   8288.00  21.2  31.0   2.3  2.14   1.9
  5 1985  67  13897.00  19.2  30.4   2.3  2.72   7.5
  5 1985  68   8288.00  21.7  30.8   2.5  1.92  28.3
  5 1985  69  14442.00  22.7  31.0   2.7  1.61    .0
  5 1985  70   7744.00  20.4  28.0   2.4  1.72    .0
  5 1985  71  15614.00  18.8  29.4   2.1  2.56    .0
  5 1985  72  14400.00  19.9  29.4   2.2  2.78    .6
  5 1985  73   9042.00  20.7  31.2   2.5  2.22  17.4
  5 1985  74  13772.00  21.8  31.5   2.5  1.78    .0
  5 1985  75  12349.00  19.4  30.7   2.2  2.08    .0
  5 1985  76  15070.00  20.3  30.7   2.4  2.25    .0
  5 1985  77  14693.00  20.6  30.8   2.4  2.00    .0
  5 1985  78  14651.00  21.3  30.6   2.5  2.06    .0
  5 1985  79  15865.00  21.3  30.4   2.6  2.19    .0
  5 1985  80  15572.00  20.7  31.1   2.5  2.28    .0
  5 1985  81  14567.00  20.8  31.9   2.4  3.25    .0
  5 1985  82  15572.00  21.1  31.4   2.6  2.69    .2
  5 1985  83  13186.00  21.3  31.4   2.5  2.58    .0
  5 1985  84  13395.00  21.0  32.3   2.3  2.94   1.4
  5 1985  85  12181.00  21.5  32.6   2.5  2.42    .1
  5 1985  86  15865.00  20.4  31.8   2.3  2.39    .0
  5 1985  87  15865.00  19.2  32.2   2.1  2.22    .0
  5 1985  88  16409.00  19.2  32.2   2.3  2.81    .0
  5 1985  89  14525.00  19.7  31.8   2.4  2.42   8.1
  5 1985  90   8246.00  22.8  29.3   2.7  1.97    .0
  5 1985  91  16535.00  22.4  32.2   2.6  2.72  40.9
  5 1985  92  13228.00  22.6  32.1   2.7  2.33    .0
  5 1985  93  16577.00  21.0  31.3   2.5  2.36    .0
  5 1985  94  17079.00  19.4  30.8   2.2  2.39    .0
  5 1985  95  15279.00  18.6  31.8   2.2  2.47   5.5
  5 1985  96  11972.00  20.9  31.1   2.6  2.72    .0
  5 1985  97  12223.00  21.0  31.2   2.5  1.81    .8
  5 1985  98  14860.00  22.0  32.3   2.7  2.42  21.5
  5 1985  99   7032.00  22.1  29.3   2.7  2.17   5.1
  5 1985 100  17037.00  19.8  30.7   2.3  2.00    .0
  5 1985 101  17204.00  19.3  30.8   2.3  2.28  13.4
  5 1985 102  11218.00  22.2  30.8   2.8  3.22    .0
  5 1985 103   5191.00  23.7  27.8   2.9  1.78   6.6
  5 1985 104  15028.00  21.9  30.5   2.7  2.06    .0
  5 1985 105  14232.00  20.3  30.0   2.3  2.28    .0
  5 1985 106   8246.00  21.4  30.5   2.5  1.78  14.8
  5 1985 107  14484.00  23.2  31.2   2.9  2.33    .0
  5 1985 108  12349.00  21.0  29.8   2.5  2.36    .7
  5 1985 109  16032.00  22.5  30.9   2.6  2.06    .0
  5 1985 110  12223.00  20.8  31.2   2.5  1.89   1.0
  5 1985 111  14023.00  22.0  31.4   2.7  1.97    .0
  5 1985 112  16535.00  20.9  31.7   2.6  1.89    .0
  5 1985 113  17079.00  20.3  31.3   2.4  2.17    .0
  5 1985 114  16660.00  21.0  31.7   2.5  2.28    .0
  5 1985 115  14735.00  20.7  31.9   2.4  2.14    .0
  5 1985 116  15446.00  20.6  32.1   2.4  2.25    .0
  5 1985 117  15949.00  21.7  32.5   2.5  2.44    .0
  5 1985 118  10339.00  22.1  32.0   2.6  1.97    .0
  5 1985 119  16535.00  21.6  32.3   2.5  2.17    .0
  5 1985 120  13018.00  21.6  31.8   2.4  2.61  57.1
  5 1985 121  10172.00  20.9  31.5   2.4  3.00    .0
  5 1985 122  13856.00  22.8  31.6   2.7  2.36    .0
  5 1985 123  14525.00  21.5  32.2   2.5  2.56    .0
  5 1985 124  13479.00  21.7  32.0   2.5  2.28    .0
  5 1985 125  16660.00  22.3  30.0   2.6  2.39  10.4
  5 1985 126  18335.00  21.5  30.1   2.8  2.22   5.2
  5 1985 127   6781.00  23.2  28.6   2.7  1.78   4.4
  5 1985 128   8372.00  23.1  29.0   3.0  1.78   1.2
  5 1985 129  12767.00  21.9  29.8   2.8  1.94    .1
  5 1985 130   9837.00  23.3  30.8   2.8  2.17   3.3
  5 1985 131  11972.00  22.0  30.4   2.6  1.89    .0
  5 1985 132   5316.00  23.1  28.4   2.7  1.53    .5
  5 1985 133  11553.00  23.0  29.4   2.8  1.78    .0
  5 1985 134  15404.00  22.2  30.5   2.7  2.39    .0
  5 1985 135  10591.00  23.0  29.8   2.8  1.83    .4
  5 1985 136   7367.00  23.1  28.9   2.7  1.72   3.6
  5 1985 137  14107.00  21.4  30.0   2.6  2.14    .0
  5 1985 138  15321.00  21.9  30.4   2.7  2.11    .0
  5 1985 139  14400.00  22.3  30.8   2.7  3.14  19.6
  5 1985 140  11470.00  23.4  29.9   2.9  1.78   8.9
  5 1985 141  12642.00  23.7  30.4   3.0  2.19   1.4
  5 1985 142  10674.00  22.7  30.0   2.8  2.22   3.8
  5 1985 143  14149.00  22.7  30.3   2.9  2.58    .8
  5 1985 144   6865.00  23.0  29.8   2.9  1.69    .0
  5 1985 145  11846.00  21.7  29.8   2.6  2.50    .0
  5 1985 146  12977.00  22.8  30.1   2.8  1.94    .0
  5 1985 147  14735.00  21.3  30.6   2.9  2.14    .0
  5 1985 148  14023.00  23.4  31.3   2.9  2.25    .0
  5 1985 149  10046.00  23.0  30.5   2.8  1.75   3.0
  5 1985 150  10046.00  23.9  30.2   3.0  1.72    .1
  5 1985 151  10298.00  23.7  30.9   2.7  2.42  11.5
  5 1985 152   9586.00  22.7  29.0   2.9  2.64   2.9
  5 1985 153   9586.00  22.8  29.6   2.9  1.81   4.9
  5 1985 154   7870.00  23.0  28.1   2.8  1.56   3.9
  5 1985 155  10172.00  23.0  28.3   2.8  2.00   4.6
  5 1985 156  10977.15  23.2  28.6   2.9  2.33   8.1
  5 1985 157  12056.00  22.9  29.3   2.8  2.14    .0
  5 1985 158  10967.00  22.6  29.7   2.8  2.08  25.1
  5 1985 159   9418.00  23.5  28.4   2.8  1.61    .0
  5 1985 160   9837.00  21.8  30.0   2.8  2.06   4.5
  5 1985 161   9544.00  24.0  29.3   2.9  1.89    .0
  5 1985 162  14149.00  23.3  29.2   2.9  1.89   4.2
  5 1985 163  10925.00  23.3  30.4   2.9  2.17    .0
  5 1985 164  23959.27  22.7  30.8   2.8  2.97  33.6
  5 1985 165  24627.90  23.5  31.3   3.0  2.50    .0
  5 1985 166  19062.83  22.8  30.9   2.8  2.06    .0
  5 1985 167   9837.00  22.5  30.1   2.6  1.75  13.0
  5 1985 168  11177.00  23.1  30.4   2.9  2.19  30.3
  5 1985 169   5191.00  23.7  27.8   2.8  1.25   1.6
  5 1985 170  12600.00  23.1  30.7   2.8  2.50 110.0
  5 1985 171   2553.00  24.0  26.3   2.9  1.92  55.2
  5 1985 172   8874.00  23.5  30.0   2.9  1.72  11.6
  5 1985 173   7284.00  23.3  28.6   2.8  1.78  24.0
  5 1985 174   8916.00  23.4  28.8   2.9  1.92   6.5
  5 1985 175   9125.00  23.8  29.5   2.9  2.78 111.4
  5 1985 176  11679.00  23.3  29.2   2.7  1.69    .0
  5 1985 177  14232.00  23.5  30.9   2.9  2.06   3.2
  5 1985 178   6991.00  23.4  29.1   2.9  1.89    .0
  5 1985 179  12893.00  23.8  30.1   2.9  1.72 110.6
  5 1985 180   4563.00  23.1  28.7   2.9  1.75   1.0
  5 1985 181  10674.00  22.5  28.0   2.8  1.58   9.8
  5 1985 182  11721.00  23.8  30.2   2.9  1.69   9.0
  5 1985 183  11721.00  22.1  30.6   2.6  1.97   5.0
  5 1985 184  10716.00  22.5  30.8   2.8  1.86   1.8
  5 1985 185   2846.00  23.3  25.6   2.9  1.39  20.1
  5 1985 186  10046.00  22.0  29.2   2.3  1.67    .0
  5 1985 187   6070.00  22.1  29.1   2.8  1.61   7.5
  5 1985 188   9586.00  22.9  29.8   2.8  1.89  30.8
  5 1985 189   3977.00  21.4  25.7   2.3  2.22  27.0
  5 1985 190   7284.00  21.4  27.9   2.4  1.89   6.8
  5 1985 191  14525.00  21.1  29.5   2.8  2.19    .0
  5 1985 192  13981.00  22.2  29.5   2.8  2.06    .0
  5 1985 193  11553.00  22.4  29.6   2.7  1.94   5.0
  5 1985 194   6991.00  22.9  29.1   2.8  1.75    .5
  5 1985 195   3558.00  22.8  27.4   2.9  1.58  11.6
  5 1985 196   7158.00  21.0  27.3   2.5  1.94    .0
  5 1985 197  14860.00  21.0  29.4   2.4  2.19   1.1
  5 1985 198  14149.00  23.4  29.8   2.8  2.22    .0
  5 1985 199   7535.00  22.0  27.9   2.5  1.47   5.9
  5 1985 200   1884.00  23.4  25.9   2.9  1.22   4.8
  5 1985 201   5944.00  21.5  27.0   2.5  1.86   1.8
  5 1985 202   7242.00  22.4  27.3   2.8  1.67    .9
  5 1985 203  10339.00  21.4  28.8   2.6  2.22    .0
  5 1985 204  12893.00  21.8  29.6   2.6  1.78    .2
  5 1985 205   3223.00  22.7  27.4   2.9  2.00  12.3
  5 1985 206  10842.00  22.2  27.9   2.6  1.72   7.0
  5 1985 207  12097.00  23.8  30.1   2.8  2.28   3.4
  5 1985 208  14232.00  22.9  30.1   2.9  2.61    .0
  5 1985 209   6865.00  22.5  28.0   2.7  1.58   1.0
  5 1985 210   2553.00  23.0  26.2   2.8  1.50    .7
  5 1985 211  10369.39  22.3  27.8   2.7  1.92   8.9
  5 1985 212  14400.00  21.8  29.4   2.7  2.06  33.0
  5 1985 213   5818.00  23.0  27.9   2.9  1.67    .0
  5 1985 214   8246.00  23.0  28.7   2.8  2.17  14.9
  5 1985 215  10842.00  22.3  29.0   2.7  2.56    .0
  5 1985 216   7744.00  21.5  28.3   2.8  1.78    .0
  5 1985 217   8037.00  21.7  30.8   2.5  2.14   1.5
  5 1985 218   3223.00  23.7  27.0   3.0  2.06  51.8
  5 1985 219   5442.00  22.2  27.9   2.7  1.50   3.1
  5 1985 220  12725.00  21.5  29.5   2.6  2.50  15.2
  5 1985 221   6865.00  22.8  28.1   2.7  1.75   4.8
  5 1985 222   7911.00  22.3  27.9   2.6  1.81    .0
  5 1985 223  12767.00  21.3  29.9   2.5  2.33    .0
  5 1985 224  12097.00  21.7  29.6   2.7  2.36    .0
  5 1985 225   9795.00  22.0  29.2   2.7  2.22  11.6
  5 1985 226  22784.31  23.0  29.7   2.8  1.97  14.9
  5 1985 227  18303.71  22.5  30.7   2.7  2.28    .7
  5 1985 228   3725.00  22.8  27.5   2.7  1.56   3.1
  5 1985 229   2513.00  22.7  27.5   2.7  1.69  15.8
  5 1985 230   4563.00  22.7  26.8   2.8  1.58    .1
  5 1985 231   5484.00  22.5  26.0   2.7  2.14    .0
  5 1985 232  13730.00  21.7  29.0   2.6  2.50    .0
  5 1985 233  10423.00  22.0  29.3   2.8  1.78    .0
  5 1985 234  14107.00  22.6  29.8   2.7  1.97   7.5
  5 1985 235  13479.00  23.3  30.0   2.9  2.25    .0
  5 1985 236  14484.00  22.2  30.3   2.6  2.33  43.5
  5 1985 237   8163.00  21.3  30.0   2.5  2.14    .0
  5 1985 238  11051.00  22.4  29.6   2.6  1.94    .0
  5 1985 239  12097.00  22.3  30.4   2.6  1.97    .0
  5 1985 240   6112.00  20.8  28.3   2.7  2.00   7.0
  5 1985 241   9586.00  20.7  29.5   2.5  1.78    .0
  5 1985 242  11218.00  22.6  29.4   2.9  2.06   4.8
  5 1985 243  19660.12  22.1  29.6   2.9  3.11  39.4
  5 1985 244   5986.00  22.0  28.4   2.7  1.50  16.1
  5 1985 245  13604.00  22.6  30.9   2.9  2.33  38.3
  5 1985 246   4981.00  23.2  28.2   3.0  1.75  22.3
  5 1985 247  15656.00  22.4  31.5   2.8  2.31  48.2
  5 1985 248  11595.00  23.0  29.5   2.9  2.56  69.6
  5 1985 249   8995.62  22.8  24.9   2.8  2.06  23.2
  5 1985 250   5860.00  21.6  27.7   2.6  1.86  11.0
  5 1985 251   8414.00  22.4  28.5   2.8  2.25  13.3
  5 1985 252   8916.00  22.0  27.1   2.6  2.00   4.7
  5 1985 253   7409.00  22.7  27.5   2.8  1.92    .0
  5 1985 254  15949.00  21.3  28.9   2.6  1.86    .2
  5 1985 255  19461.99  22.5  29.3   2.7  2.19    .0
  5 1985 256  19451.67  22.4  30.0   2.7  2.11    .0
  5 1985 257  15279.00  22.5  29.9   2.8  2.08    .0
  5 1985 258  11302.00  22.6  30.1   2.8  1.92    .0
  5 1985 259  13604.00  22.6  30.1   2.7  2.06    .0
  5 1985 260  15446.00  22.3  30.5   2.7  2.00    .0
  5 1985 261  15153.00  22.8  30.7   2.7  1.89    .0
  5 1985 262  14484.00  23.9  31.2   2.9  2.19    .9
  5 1985 263   9016.38  23.3  29.3   2.8  2.03   4.1
  5 1985 264   8121.00  21.9  29.3   2.5  1.75    .0
  5 1985 265  10339.00  23.0  30.3   2.8  1.69    .0
  5 1985 266  12977.00  22.9  30.8   2.8  2.06    .0
  5 1985 267  14232.00  22.7  31.3   2.7  2.25    .0
  5 1985 268  14358.00  22.0  31.4   2.7  2.28    .0
  5 1985 269  13981.00  22.0  31.3   2.5  2.17    .0
  5 1985 270  14525.00  22.0  30.8   2.7  2.08    .6
  5 1985 271   6279.00  22.8  29.1   2.8  1.86   6.1
  5 1985 272  10214.00  21.6  30.0   2.5  2.06    .0
  5 1985 273  12767.00  21.8  30.4   2.6  2.14  20.5
  5 1985 274  11470.00  23.6  30.2   2.9  2.08    .0
  5 1985 275  12600.00  22.2  30.6   2.6  2.69    .0
  5 1985 276  10130.00  22.7  30.3   2.8  1.92   5.6
  5 1985 277   2637.00  23.8  27.0   2.9  1.83   2.7
  5 1985 278   3139.00  23.2  25.2   2.8  2.11   5.0
  5 1985 279  12642.00  22.5  30.8   2.7  2.36    .0
  5 1985 280  14484.00  22.0  30.2   2.6  2.08   5.4
  5 1985 281  13939.00  23.4  30.2   2.8  2.17    .0
  5 1985 282  13018.00  22.0  30.0   2.6  1.94    .0
  5 1985 283   6530.00  23.4  30.2   2.8  1.69   1.8
  5 1985 284  11679.00  22.6  30.7   2.8  2.19    .4
  5 1985 285   4479.00  23.0  26.8   2.8  1.69  25.4
  5 1985 286   4898.00  20.9  25.8   2.4  1.53  15.4
  5 1985 287   8916.00  22.0  29.7   2.7  2.22   3.1
  5 1985 288  12056.00  22.0  29.4   2.8  2.28   6.1
  5 1985 289   6729.00  22.9  29.0   2.7  2.08    .8
  5 1985 290   5023.00  23.3  28.9   2.8  2.42   7.8
  5 1985 291   2888.00  22.4  26.0   2.7  1.64  18.4
  5 1985 292   9586.00  21.9  30.0   2.7  1.64    .6
  5 1985 293  11972.00  22.0  29.5   2.7  1.97   2.8
  5 1985 294  12474.00  22.0  29.5   2.7  2.61   1.2
  5 1985 295  13018.00  20.6  29.9   2.6  2.42    .0
  5 1985 296  12097.00  21.2  29.8   2.5  2.25    .0
  5 1985 297  12265.00  21.4  31.0   2.6  2.25    .6
  5 1985 298  12391.00  21.7  30.4   2.7  2.08   2.4
  5 1985 299  13270.00  22.7  30.2   2.8  1.86    .0
  5 1985 300  11846.00  23.6  30.2   2.9  2.08    .0
  5 1985 301   9711.00  21.9  30.4   2.7  2.31    .0
  5 1985 302   6488.00  22.4  28.6   2.6  1.36    .2
  5 1985 303  12047.43  23.6  30.4   2.8  1.81   3.8
  5 1985 304   8539.00  21.6  29.3   2.6  1.83   7.2
  5 1985 305  14794.87  21.6  29.2   2.7  1.83    .0
  5 1985 306  17960.33  22.4  30.0   2.7  2.17    .0
  5 1985 307  13395.00  21.9  30.4   2.7  1.69    .3
  5 1985 308  12516.00  22.5  30.5   2.7  2.81  44.8
  5 1985 309   8030.04  22.5  23.5   2.6  2.75 117.2
  5 1985 310   2763.00  22.4  24.6   2.7  3.53  22.0
  5 1985 311   9042.00  22.6  29.8   2.7  2.28    .2
  5 1985 312   8079.00  22.4  29.3   2.6  1.86   1.0
  5 1985 313  10004.00  22.5  29.5   2.9  2.19   9.6
  5 1985 314   9167.00  22.5  30.2   2.7  2.06   6.1
  5 1985 315  11763.00  22.5  30.2   2.8  2.14   2.2
  5 1985 316  10339.00  21.4  29.9   2.5  1.58    .0
  5 1985 317   9042.00  20.9  29.4   2.5  2.25    .0
  5 1985 318  10465.00  22.1  29.0   2.7  1.86   2.4
  5 1985 319  12516.00  22.0  29.9   2.8  2.28    .0
  5 1985 320   5274.00  22.7  28.4   2.7  1.75   4.0
  5 1985 321   9293.00  21.2  28.6   2.5  2.28    .1
  5 1985 322   6363.00  23.0  26.2   2.7  2.33    .0
  5 1985 323  12516.00  18.8  29.4   2.1  2.00    .0
  5 1985 324  11595.00  21.4  29.7   2.6  2.06    .0
  5 1985 325   8874.00  21.4  30.8   2.5  1.97   4.2
  5 1985 326   5107.00  20.5  28.4   2.5  2.19   9.5
  5 1985 327   2930.00  22.7  25.0   2.7  2.58  34.9
  5 1985 328  11170.00  20.8  29.6   2.4  2.11    .0
  5 1985 329   9335.00  20.6  28.8   2.4  2.00    .0
  5 1985 330  13521.00  20.4  29.3   2.7  1.89    .0
  5 1985 331  11428.00  20.3  29.4   2.3  2.06    .1
  5 1985 332  11846.00  20.6  29.5   2.6  2.42    .0
  5 1985 333  11679.00  21.0  28.6   2.5  2.36   4.3
  5 1985 334  11386.00  21.7  28.9   2.7  1.86    .0
  5 1985 335   2553.00  22.5  25.3   2.6  2.14  16.0
  5 1985 336   6823.00  21.4  28.0   2.7  2.28    .8
  5 1985 337  10381.00  20.9  29.0   2.7  2.08  42.7
  5 1985 338   4437.00  23.1  27.6   2.8  1.97  18.9
  5 1985 339   4437.00  22.2  25.8   2.6  1.83   2.3
  5 1985 340   7493.00  21.6  28.2   2.5  2.47   6.2
  5 1985 341  10214.00  20.7  29.4   2.6  2.58    .3
  5 1985 342  11930.00  22.9  29.9   2.7  3.36  26.7
  5 1985 343   1465.00  23.2  25.5   2.8  1.81  49.7
  5 1985 344   6112.00  22.8  28.3   2.9  1.25    .5
  5 1985 345  11763.00  21.2  29.2   2.6  1.97    .9
  5 1985 346   5358.00  21.8  28.3   2.5  1.44    .0
  5 1985 347   8958.00  22.1  28.4   2.6  1.75   7.0
  5 1985 348   7744.00  21.3  29.4   2.8  1.78  10.6
  5 1985 349   8330.00  20.6  29.0   2.6  2.44    .8
  5 1985 350  10591.00  21.3  28.7   2.4  2.17   5.3
  5 1985 351  11763.00  21.2  28.6   2.5  2.39   1.3
  5 1985 352  11177.00  21.0  30.0   2.5  1.97    .0
  5 1985 353   7242.00  19.9  28.7   2.4  2.31   4.5
  5 1985 354   8916.00  22.0  28.9   2.6  2.11  13.7
  5 1985 355   9042.00  21.1  28.4   2.5  2.03   1.8
  5 1985 356  11051.00  21.4  29.4   2.5  2.56    .1
  5 1985 357  12349.00  20.5  29.0   2.4  2.17    .0
  5 1985 358  12056.00  20.6  28.6   2.3  2.00    .3
  5 1985 359   7367.00  22.4  28.4   2.7  2.28    .0
  5 1985 360   7911.00  21.3  28.7   2.4  2.03   5.7
  5 1985 361   9795.00  20.6  28.8   2.5  1.69   6.0
  5 1985 362  10046.00  20.7  28.8   2.5  2.00   4.2
  5 1985 363  11428.00  21.5  28.6   2.5  1.89    .0
  5 1985 364   9335.00  19.4  29.1   2.2  2.00   1.3
  5 1985 365  12432.00  19.4  28.6   2.2  2.31    .4
