*---------------------------------------------------------              
* Station name: La Mola                                                 
* Author: Atlantic Zone Project, AUW-MAG-CATIE, Costa Rica              
* Source: IMN, San Jose, Costa Rica                                     
*                                                                       
* Comments: Wind speed still lacking                                    
*           Solar radiation data lacking                                
*           Check unit of vapor pressure                                
*                                                                       
* Longitude:  83  46 W, latitude:  10  21 N, altitude: 163 m.           
* Column  Daily value                                                   
*    1    station number                                                
*    2    year                                                          
*    3    month                                                         
*    4    day                                                           
*    5    julian date                                                   
*    6    irradiation            (cal cm-2 d-1)                         
*    7    minimum temperature    (degrees Celcius)                      
*    8    maximum temperature    (degrees Celcius)                      
*    9    vapor pressure at 0700 (mbar)                                 
*   10    vapor pressure at 1300 (mbar)                                 
*   11    vapor pressure at 1800 (mbar)                                 
*   12    mean wind speed        (kilometer per hour)                   
*   13    precipitation          (mm d-1)                               
*   14    sunshine hours         (hours)                                
* Missing value: -99                                                    
*---------------------------------------------------------              
*  data converted with WDC for CABO-format
*-------------------------------------------
  83.77  10.35    70.  .00  .00
  6 1986   1   9268.73  16.5  29.0   2.2   .31  10.0
  6 1986   2   8274.41  19.0  27.0   2.7   .31  18.6
  6 1986   3   7379.40  19.5  27.0   2.5   .31  38.3
  6 1986   4   8999.42  20.0  28.5   2.5   .31  14.4
  6 1986   5  15561.13  19.0  31.0   2.4   .31   1.2
  6 1986   6   7208.30  17.0  26.0   2.2   .31    .0
  6 1986   7  16613.41  19.0  31.0   2.4   .31    .0
  6 1986   8  12187.19  17.5  30.5   2.2   .31   9.1
  6 1986   9   7243.50  19.5  26.0   2.5   .31   7.4
  6 1986  10  13849.01  18.0  30.0   2.3   .31    .0
  6 1986  11  14684.76  15.5  32.5   2.0   .31    .0
  6 1986  12  12166.75  16.5  29.5   1.9   .31   9.9
  6 1986  13   7298.05  16.0  24.0   2.4   .31  29.5
  6 1986  14   7312.96  18.0  22.5   2.2   .31  18.5
  6 1986  15   7328.35  18.0  24.0   2.4   .31  34.8
  6 1986  16  13181.42  19.0  29.5   2.5   .31   5.6
  6 1986  17  14131.34  17.5  31.0   2.3   .31    .2
  6 1986  18  14776.99  17.0  31.5   2.3   .31    .0
  6 1986  19  12233.74  18.0  31.0   2.2   .31   6.3
  6 1986  20  14529.90  16.0  31.0   2.1   .31    .0
  6 1986  21  15698.43  16.0  32.0   2.1   .31    .0
  6 1986  22   8069.67  17.0  28.0   2.2   .31   2.5
  6 1986  23   8089.60  18.5  27.0   2.4   .31    .3
  6 1986  24  14452.08  17.5  30.5   2.2   .31    .0
  6 1986  25  17090.14  16.5  31.5   2.0   .31    .0
  6 1986  26  17442.69  17.0  32.0   1.9   .31    .7
  6 1986  27  15077.15  17.0  31.5   1.9   .31  29.2
  6 1986  28   7565.29  17.5  25.0   2.0   .33  48.3
  6 1986  29   8951.45  18.0  25.5   2.2   .33  13.8
  6 1986  30   9290.90  20.0  29.0   2.5   .33  13.6
  6 1986  31   7627.43  19.0  25.5   2.5   .33   6.6
  6 1986  32  18221.21  16.5  31.5   2.1   .33    .0
  6 1986  33  17947.41  16.2  32.0   2.0   .33   1.6
  6 1986  34   8222.27  20.5  28.4   2.6   .33    .0
  6 1986  35  13672.04  18.5  30.5   2.5   .33    .5
  6 1986  36  18078.96  17.5  32.0   2.2   .33    .0
  6 1986  37  18123.15  15.5  32.5   1.9   .33    .0
  6 1986  38  12812.35  18.5  31.0   2.4   .33    .0
  6 1986  39  17353.14  16.0  32.5   2.0   .33    .0
  6 1986  40  15674.70  17.0  32.2   2.0   .33    .0
  6 1986  41  18300.55  17.0  33.0   2.1   .33    .0
  6 1986  42  17372.69  18.0  32.5   2.2   .33    .0
  6 1986  43   9296.36  18.5  29.5   2.5   .33   2.7
  6 1986  44  17890.84  18.5  32.5   2.3   .33   2.4
  6 1986  45  17172.77  18.0  32.0   2.0   .33  22.7
  6 1986  46  12856.97  19.5  31.0   2.5   .33   3.1
  6 1986  47   9396.38  16.5  28.5   2.1   .33   1.5
  6 1986  48  16420.38  20.0  31.0   2.3   .33   3.1
  6 1986  49  15363.17  20.5  32.0   2.5   .33    .7
  6 1986  50  18144.19  17.5  33.0   2.2   .33    .0
  6 1986  51  15985.20  18.0  32.5   2.2   .33    .0
  6 1986  52  18667.00  19.0  32.5   2.3   .33   4.4
  6 1986  53  13628.65  21.0  31.5   2.3   .33    .0
  6 1986  54   8681.72  21.5  29.0   2.5   .33    .0
  6 1986  55  15020.93  18.0  31.5   2.1   .33   1.2
  6 1986  56  18828.80  18.0  33.0   2.2   .37    .0
  6 1986  57   8858.19  16.5  29.5   1.9   .37    .7
  6 1986  58  12221.94  19.0  31.5   2.2   .37    .0
  6 1986  59  16824.14  19.0  32.0   2.1   .37    .0
  6 1986  60  16858.00  17.0  31.6   2.2   .37  49.4
  6 1986  61  10285.93  18.0  26.5   2.2   .37   9.3
  6 1986  62   8290.05  19.0  24.0   2.2   .37   1.5
  6 1986  63   9319.76  20.0  28.0   2.3   .37    .4
  6 1986  64   8552.74  21.1  26.0   2.6   .37  17.4
  6 1986  65   8458.86  21.0  26.9   2.5   .37   5.0
  6 1986  66  12198.78  19.5  28.8   2.5   .37   5.8
  6 1986  67  13915.59  19.0  30.9   2.2   .37    .9
  6 1986  68  19706.89  17.0  31.7   2.3   .37    .0
  6 1986  69  14190.57  19.0  30.0   2.4   .37    .0
  6 1986  70  17047.93  17.0  32.1   2.3   .37    .0
  6 1986  71  16052.88  19.0  32.0   2.4   .37    .0
  6 1986  72  13918.80  22.1  32.0   2.6   .37    .0
  6 1986  73  17124.39  20.0  34.0   2.3   .37    .0
  6 1986  74  16237.61  23.8  32.2   2.9   .37    .0
  6 1986  75  13867.01  21.0  32.0   2.9   .37   1.2
  6 1986  76  19360.58  18.3  32.5   2.2   .37    .0
  6 1986  77   8540.18  19.7  26.7   2.4   .37   7.4
  6 1986  78  18149.65  20.0  31.1   2.6   .37   7.0
  6 1986  79  11996.76  22.0  31.5   2.8   .37  46.8
  6 1986  80   9380.77  22.0  30.0   2.8   .37  47.1
  6 1986  81  10538.47  23.9  28.0   2.9   .37  23.6
  6 1986  82   8604.38  19.0  20.8   2.0   .37  43.8
  6 1986  83   9418.21  19.9  25.8   2.2   .37  34.3
  6 1986  84  15507.00  20.0  30.0   2.5   .37   1.9
  6 1986  85   8752.54  19.8  28.0   2.4   .37    .0
  6 1986  86  19894.77  18.0  32.0   2.3   .37   1.4
  6 1986  87  14283.26  20.1  29.9   2.5   .37   5.1
  6 1986  88  14638.86  20.0  30.0   2.5   .37    .0
  6 1986  89  20277.69  19.0  31.8   2.4   .37   1.0
  6 1986  90  12476.22  20.8  31.0   2.5   .37    .0
  6 1986  91  10531.54  20.5  31.5   2.5   .35   3.0
  6 1986  92   9045.51  21.0  28.5   2.7   .35  15.6
  6 1986  93   9972.16  21.0  28.5   2.7   .35    .0
  6 1986  94  17908.66  20.0  33.5   2.6   .35    .0
  6 1986  95  18374.35  20.0  33.0   2.6   .35   3.9
  6 1986  96  11599.93  20.1  30.5   2.5   .35  24.6
  6 1986  97   8962.59  21.5  26.5   2.6   .35  10.8
  6 1986  98  15055.86  19.8  32.2   2.2   .35   6.5
  6 1986  99  17470.92  19.5  32.0   2.4   .35   1.2
  6 1986 100  10584.03  19.9  31.0   2.5   .35    .0
  6 1986 101  11046.49  21.5  31.5   2.7   .35    .3
  6 1986 102  12540.77  20.2  33.0   2.5   .35   1.7
  6 1986 103  13001.16  23.0  33.5   2.8   .35   5.0
  6 1986 104  13345.96  23.9  32.5   3.0   .35   1.2
  6 1986 105  14491.98  22.2  32.8   2.8   .35  49.0
  6 1986 106   8764.63  22.8  26.5   2.8   .35  23.8
  6 1986 107   8766.24  21.0  26.5   2.6   .35  13.4
  6 1986 108  12656.94  20.0  30.5   2.3   .35    .0
  6 1986 109  15056.17  19.0  32.5   2.6   .35   2.8
  6 1986 110   8997.41  21.2  30.5   2.7   .35   2.2
  6 1986 111  17331.71  21.8  33.0   2.8   .35    .0
  6 1986 112  13446.45  20.5  31.0   2.5   .35  14.1
  6 1986 113  10478.51  20.8  29.0   2.6   .35  21.3
  6 1986 114  11501.55  21.2  31.0   2.7   .35  80.0
  6 1986 115  16164.57  21.9  31.5   2.7   .35   4.2
  6 1986 116  19227.25  20.8  33.0   2.6   .35    .0
  6 1986 117  18080.26  21.1  33.0   2.7   .35    .0
  6 1986 118  18978.04  20.0  33.5   2.4   .35   4.6
  6 1986 119  11821.64  21.5  31.0   2.9   .30   1.1
  6 1986 120  10343.38  20.0  32.5   2.4   .30   1.2
  6 1986 121   8754.49  18.0  33.5   2.7   .30   3.0
  6 1986 122   8751.57  21.0  31.0   2.8   .30  12.6
  6 1986 123  12702.19  18.5  32.5   2.5   .30   7.6
  6 1986 124   8745.08  20.5  28.5   2.8   .30  26.4
  6 1986 125   9868.84  22.0  26.5   2.8   .30    .9
  6 1986 126  15269.30  18.5  31.5   2.8   .30  20.0
  6 1986 127  10083.78  21.0  26.5   2.9   .30   4.3
  6 1986 128  17944.18  20.5  30.0   2.6   .30    .0
  6 1986 129  18154.41  21.0  32.0   2.6   .30    .0
  6 1986 130  16906.32  22.0  30.0   2.9   .30    .0
  6 1986 131  15884.78  22.5  34.0   3.1   .30    .0
  6 1986 132  17550.38  19.5  33.0   2.7   .30    .0
  6 1986 133  12283.43  22.0  32.5   2.7   .30    .0
  6 1986 134  17967.72  22.8  33.0   3.0   .30    .0
  6 1986 135  18398.54  20.5  33.5   2.7   .30    .0
  6 1986 136  19385.24  20.0  35.0   2.7   .30    .0
  6 1986 137  16920.69  20.9  35.0   2.8   .30  17.4
  6 1986 138  18573.58  23.0  34.0   3.0   .30    .0
  6 1986 139  18668.66  20.0  34.0   2.8   .30   3.4
  6 1986 140  13995.12  21.5  32.0   2.8   .30   2.7
  6 1986 141   8777.83  20.5  28.5   2.8   .30  42.0
  6 1986 142  10100.43  21.0  31.0   2.8   .30    .0
  6 1986 143  11420.26  21.0  32.5   2.8   .30  41.5
  6 1986 144   8982.90  21.0  32.0   2.8   .30   5.2
  6 1986 145  12176.55  20.5  34.0   2.8   .30   1.3
  6 1986 146  14923.03  22.0  33.0   3.0   .30  15.6
  6 1986 147   8746.59  22.0  31.5   2.9   .30    .7
  6 1986 148   9181.51  20.5  31.0   2.8   .30    .9
  6 1986 149  14011.05  19.0  32.0   2.8   .30    .0
  6 1986 150  18612.25  19.0  35.5   2.8   .30    .0
  6 1986 151  17611.48  20.0  36.0   2.8   .30    .0
  6 1986 152  16503.21  20.0  34.5   2.6   .30    .2
  6 1986 153  10250.73  21.0  33.5   2.8   .30    .0
  6 1986 154  17356.68  20.0  36.5   2.7   .27    .0
  6 1986 155  12207.41  21.0  35.0   2.8   .27  11.3
  6 1986 156   9032.63  20.0  32.0   2.5   .27  23.9
  6 1986 157  12849.11  20.0  34.0   2.6   .27  38.7
  6 1986 158  13169.70  18.5  32.0   2.6   .27   7.9
  6 1986 159  12727.04  21.5  33.0   2.8   .27  12.5
  6 1986 160  11958.40  20.5  32.0   2.9   .27   1.8
  6 1986 161   9231.00  22.0  30.0   2.9   .27  14.6
  6 1986 162   8574.59  21.5  27.2   2.8   .27   5.1
  6 1986 163  11617.34  20.5  32.5   2.8   .27  15.8
  6 1986 164   8568.98  21.5  28.0   2.8   .27  17.7
  6 1986 165  11500.71  21.0  31.0   2.7   .27  14.1
  6 1986 166   8890.05  22.0  29.5   2.6   .27   1.0
  6 1986 167  11819.90  22.5  32.0   2.8   .27  23.4
  6 1986 168  13228.29  22.5  32.5   2.8   .27   2.7
  6 1986 169  10294.94  23.5  32.0   3.1   .27   1.7
  6 1986 170  10835.60  22.5  31.5   2.9   .27  33.2
  6 1986 171   9315.05  23.0  30.0   2.9   .27 167.7
  6 1986 172  10073.18  22.5  31.5   2.8   .27   7.0
  6 1986 173  11916.03  23.0  32.0   3.2   .27    .7
  6 1986 174   8553.05  23.0  28.0   2.9   .27  38.9
  6 1986 175  10613.25  20.5  31.0   2.7   .27    .4
  6 1986 176  10287.70  21.5  31.5   2.6   .27   3.8
  6 1986 177   8877.77  22.0  29.8   3.0   .27  21.2
  6 1986 178   9420.38  23.0  31.0   2.8   .27  27.0
  6 1986 179  12241.70  23.5  32.0   2.9   .27  57.7
  6 1986 180  10615.32  22.5  33.0   2.8   .27   4.1
  6 1986 181   8554.40  22.5  28.0   2.8   .27  11.1
  6 1986 182   8555.41  22.0  25.5   2.7   .29   7.7
  6 1986 183   8556.61  22.5  29.0   2.8   .29  68.6
  6 1986 184  14424.42  22.0  33.0   2.6   .29    .4
  6 1986 185  13884.84  22.5  33.5   2.8   .29    .8
  6 1986 186  11388.17  22.0  33.0   2.9   .29  48.2
  6 1986 187   8672.02  23.0  27.5   2.9   .29  17.5
  6 1986 188   8565.34  22.0  26.0   2.7   .29   2.5
  6 1986 189   8676.48  22.0  30.0   2.6   .29    .0
  6 1986 190  11184.71  23.5  29.5   2.9   .29   6.1
  6 1986 191  13805.06  21.5  31.0   2.7   .29  68.1
  6 1986 192  13265.62  22.0  31.5   2.6   .29    .0
  6 1986 193   8578.07  22.5  26.5   2.9   .29   4.0
  6 1986 194  10874.72  22.0  30.5   2.8   .29  34.9
  6 1986 195  15032.85  23.0  32.0   2.8   .29  27.0
  6 1986 196  10884.25  23.0  30.0   2.8   .29  84.7
  6 1986 197   9028.36  22.0  28.0   2.7   .29    .3
  6 1986 198  10894.40  21.5  28.5   2.8   .29    .9
  6 1986 199  11886.43  21.5  30.5   2.8   .29  12.7
  6 1986 200  10466.16  22.5  29.5   2.7   .29   6.9
  6 1986 201  17499.89  22.0  32.5   3.0   .29   5.4
  6 1986 202  12894.66  22.5  32.0   2.8   .29    .4
  6 1986 203  10921.82  23.5  30.5   2.9   .29   4.0
  6 1986 204   8615.19  22.0  30.0   2.6   .29   8.0
  6 1986 205   9169.92  23.0  29.5   2.8   .29   6.4
  6 1986 206  12152.56  22.5  31.0   2.8   .29    .0
  6 1986 207  12490.76  23.0  31.2   2.8   .29    .2
  6 1986 208  17692.46  23.2  32.5   2.4   .29 101.7
  6 1986 209   8633.48  21.0  33.5   2.4   .29  18.2
  6 1986 210  10962.37  22.8  28.5   2.8   .27  19.7
  6 1986 211  16953.23  22.5  32.5   2.8   .27   3.8
  6 1986 212  10308.17  24.0  30.0   3.0   .27  46.3
  6 1986 213  14088.78  23.0  32.0   2.8   .27   3.1
  6 1986 214  10318.05  23.0  31.5   3.0   .27   3.5
  6 1986 215   9210.24  23.0  31.5   2.8   .27  14.9
  6 1986 216   9882.07  23.5  31.0   2.8   .27  89.4
  6 1986 217   8660.01  22.0  24.5   2.6   .27  19.8
  6 1986 218   8662.85  22.0  28.0   2.7   .27   2.0
  6 1986 219  13802.89  23.5  33.5   2.9   .27  39.7
  6 1986 220  12133.41  23.5  32.5   2.8   .27  18.9
  6 1986 221  15943.08  24.0  33.5   3.0   .27   9.2
  6 1986 222  12368.25  25.0  30.5   3.0   .27   8.4
  6 1986 223   9907.65  23.5  33.0   2.8   .27   1.7
  6 1986 224   8676.53  29.6  30.5   2.9   .27  21.7
  6 1986 225   8678.15  25.2  26.0   2.8   .27  11.2
  6 1986 226  12050.71  22.5  32.0   2.8   .27  13.9
  6 1986 227   9018.11  21.0  28.0   2.7   .27    .7
  6 1986 228   8794.21  21.0  32.5   2.8   .27    .0
  6 1986 229  15553.33  22.5  28.0   2.7   .27  19.4
  6 1986 230   9922.73  21.0  31.0   2.6   .27  73.1
  6 1986 231   9810.98  22.5  29.0   2.9   .27  30.3
  6 1986 232   8682.82  23.0  26.5   2.7   .27  22.1
  6 1986 233  11280.46  23.0  32.5   2.7   .27   1.7
  6 1986 234  15237.49  23.5  33.0   2.9   .27  21.8
  6 1986 235  10151.04  22.5  29.0   2.7   .27   5.9
  6 1986 236  17732.60  21.5  32.5   2.6   .27    .0
  6 1986 237  10829.14  21.5  31.5   2.7   .27    .0
  6 1986 238  15586.24  21.0  31.0   2.6   .27   1.8
  6 1986 239  19327.45  23.0  34.0   2.9   .27  13.0
  6 1986 240   8897.82  23.0  28.5   2.7   .27  11.7
  6 1986 241  10369.62  23.0  30.0   2.8   .27   6.4
  6 1986 242  12863.45  22.0  33.0   2.6   .27  10.0
  6 1986 243  12634.17  22.0  32.0   2.9   .27  17.4
  6 1986 244  12971.97  22.0  31.5   2.6   .27   3.6
  6 1986 245  12741.53  23.0  31.0   2.7   .29    .0
  6 1986 246  16145.71  22.5  32.5   2.7   .29    .1
  6 1986 247  15005.67  22.5  33.0   2.6   .29    .0
  6 1986 248  18410.10  21.5  34.0   2.6   .29  18.6
  6 1986 249  14882.05  24.5  34.0   3.0   .29  16.1
  6 1986 250  11921.12  24.0  32.0   3.0   .29  96.0
  6 1986 251  11573.51  23.5  31.5   2.8   .29  12.7
  6 1986 252  15203.07  22.0  32.5   2.9   .29    .8
  6 1986 253  15876.89  23.5  33.0   2.9   .29   1.3
  6 1986 254   9732.42  23.0  31.0   2.8   .29  39.4
  6 1986 255   9837.58  22.5  31.0   2.9   .29  20.6
  6 1986 256  11532.35  22.5  30.0   2.7   .29   8.3
  6 1986 257   9024.44  21.5  28.0   2.6   .29  10.5
  6 1986 258  10490.53  23.0  31.0   2.8   .29    .7
  6 1986 259   9004.85  23.0  29.0   2.8   .29  18.8
  6 1986 260  10128.69  23.0  29.5   2.8   .29  23.7
  6 1986 261  16126.22  22.5  32.5   2.9   .29  10.0
  6 1986 262   9312.28  21.5  33.0   2.8   .29  17.0
  6 1986 263  10772.75  23.5  33.0   3.0   .29  16.4
  6 1986 264   8948.56  23.0  30.0   2.9   .29    .0
  6 1986 265  10972.16  22.5  31.5   2.8   .29  65.5
  6 1986 266  11296.97  22.0  31.5   2.7   .29   1.8
  6 1986 267  12750.34  23.5  33.5   2.8   .29    .0
  6 1986 268  13410.83  23.0  33.5   2.9   .29    .0
  6 1986 269  11701.37  22.5  32.5   2.7   .29   2.6
  6 1986 270  11459.05  22.0  32.0   2.7   .29    .0
  6 1986 271  10090.93  23.2  30.5   2.7   .29   2.5
  6 1986 272  13898.19  23.0  33.0   2.9   .29    .1
  6 1986 273  13877.43  23.5  34.5   2.9   .30    .0
  6 1986 274  13519.39  23.0  34.5   2.9   .30  64.2
  6 1986 275  13273.62  22.5  32.0   2.8   .30    .7
  6 1986 276  13251.77  22.0  32.0   2.7   .30   4.4
  6 1986 277  13229.38  22.0  32.0   2.8   .30  12.7
  6 1986 278   8738.25  24.0  29.5   2.8   .30  15.2
  6 1986 279   9055.22  22.5  30.5   2.8   .30   3.0
  6 1986 280   9593.83  22.5  32.0   2.8   .30    .9
  6 1986 281  10241.87  22.5  30.5   2.8   .30   1.0
  6 1986 282   9776.62  23.0  31.5   2.9   .30  27.8
  6 1986 283   8202.82  22.5  27.5   2.8   .30  11.3
  6 1986 284  11397.04  22.0  31.0   2.8   .30  24.7
  6 1986 285  11152.14  23.0  31.0   2.8   .30  29.4
  6 1986 286   8146.47  23.0  28.5   2.8   .30   5.2
  6 1986 287   9119.64  22.0  29.5   2.7   .30  21.9
  6 1986 288   8107.75  22.0  27.0   2.7   .30  11.8
  6 1986 289  12704.24  22.5  31.5   2.8   .30    .9
  6 1986 290  14651.60  21.5  33.0   2.8   .30    .3
  6 1986 291  17687.21  21.0  33.5   2.8   .30    .0
  6 1986 292   8793.41  21.5  30.5   2.8   .30  24.0
  6 1986 293   8007.67  22.5  26.8   2.7   .30  27.3
  6 1986 294  11037.82  22.0  30.0   2.8   .30  21.4
  6 1986 295  17101.73  20.5  33.0   2.6   .30   1.6
  6 1986 296  10768.19  22.0  32.0   2.7   .30    .0
  6 1986 297  16484.44  21.0  34.0   2.7   .30    .0
  6 1986 298  15149.63  21.5  33.0   2.8   .30    .0
  6 1986 299  13711.67  22.5  33.0   2.7   .30    .1
  6 1986 300  12925.34  21.0  32.5   2.8   .30    .0
  6 1986 301  13539.52  22.0  32.5   2.7   .30  23.6
  6 1986 302  14794.91  22.0  32.5   2.8   .30    .2
  6 1986 303  12725.38  22.5  32.5   2.7   .30   1.2
  6 1986 304  10984.55  23.0  29.5   2.8   .30   6.6
  6 1986 305  16396.96  22.0  33.5   2.8   .30   2.9
  6 1986 306  15187.77  22.5  33.0   2.8   .30    .0
  6 1986 307  17807.78  21.0  34.0   2.5   .30    .5
  6 1986 308  16282.40  23.0  33.5   2.7   .35   3.2
  6 1986 309  14234.10  22.5  33.0   2.7   .35    .0
  6 1986 310  16523.37  19.5  34.0   2.4   .35   4.2
  6 1986 311  15747.46  22.0  34.0   2.6   .35  12.8
  6 1986 312  14448.90  23.0  32.5   2.8   .35    .6
  6 1986 313  11371.38  22.0  31.0   2.7   .35    .6
  6 1986 314  15114.90  22.5  33.0   2.8   .35   5.8
  6 1986 315  11421.37  23.0  32.0   2.8   .35  25.3
  6 1986 316   7533.93  23.2  24.3   2.8   .35  11.7
  6 1986 317   7827.12  22.0  28.5   2.8   .35  13.4
  6 1986 318   8223.29  23.5  30.5   2.8   .35  26.0
  6 1986 319  10381.56  23.5  30.0   2.9   .35   2.6
  6 1986 320  11185.96  23.5  30.5   2.8   .35  11.5
  6 1986 321   7440.69  23.4  27.8   2.8   .35  23.8
  6 1986 322  11445.79  23.0  32.0   2.8   .35   4.5
  6 1986 323  10082.59  23.0  31.5   2.9   .35    .5
  6 1986 324  12630.27  22.0  32.0   2.8   .35   2.9
  6 1986 325   7371.89  23.5  26.5   2.9   .35   6.0
  6 1986 326   8482.29  21.5  29.5   2.7   .35  30.1
  6 1986 327   9487.07  22.0  31.5   2.7   .35   2.7
  6 1986 328   9774.39  22.0  29.5   2.7   .35   8.8
  6 1986 329  16890.01  19.5  32.5   2.3   .35    .0
  6 1986 330  16555.33  20.0  32.5   2.4   .35   5.7
  6 1986 331  10532.33  20.5  31.5   2.8   .35    .5
  6 1986 332  14369.58  22.5  33.0   2.7   .35    .0
  6 1986 333  16879.51  21.5  33.0   2.5   .35    .0
  6 1986 334  12199.51  19.5  32.0   2.2   .35    .0
  6 1986 335  16728.30  20.0  33.5   2.3   .35    .0
  6 1986 336  12970.74  19.5  33.0   2.3   .35   2.5
  6 1986 337  15069.85  22.0  33.0   2.5   .35   7.3
  6 1986 338  14144.36  22.0  33.0   2.5   .35   2.2
  6 1986 339  11813.69  22.0  32.0   2.8   .35  47.2
  6 1986 340   7177.59  22.0  25.0   2.5   .35  98.3
  6 1986 341   8473.98  22.0  29.5   2.6   .35    .8
  6 1986 342  10169.87  21.5  31.0   2.6   .35  12.4
  6 1986 343  12665.45  22.5  32.0   2.9   .35    .0
  6 1986 344  15759.00  20.0  32.0   2.4   .35    .0
  6 1986 345  11043.40  19.5  31.5   2.3   .35   4.6
  6 1986 346   8735.10  22.0  31.0   2.8   .35   9.7
  6 1986 347  14727.09  22.0  32.0   2.7   .35   2.6
  6 1986 348  10422.88  20.5  32.5   2.5   .35    .5
  6 1986 349  10917.35  21.5  29.5   2.6   .35    .1
  6 1986 350  13609.03  21.0  31.5   2.6   .35    .2
  6 1986 351   8514.21  21.0  28.0   2.5   .35  15.8
  6 1986 352  14800.06  21.5  31.0   2.5   .35    .0
  6 1986 353  14299.36  20.5  33.0   2.5   .35    .0
  6 1986 354  10706.31  19.5  32.0   2.4   .35   3.2
  6 1986 355  16096.05  21.5  32.0   2.6   .35    .0
  6 1986 356  10608.51  22.0  32.0   2.6   .35    .0
  6 1986 357   7516.06  20.0  31.0   2.3   .35    .0
  6 1986 358  11812.57  23.0  32.5   2.7   .35    .0
  6 1986 359  14314.67  20.5  33.0   2.5   .35  12.4
  6 1986 360  14621.25  22.5  31.5   2.6   .35    .0
  6 1986 361  16729.15  18.5  32.5   2.2   .35    .0
  6 1986 362  16439.51  18.0  33.5   2.2   .35    .0
  6 1986 363  12746.98  20.5  33.0   2.3   .35    .0
  6 1986 364  15061.55  19.0  32.5   2.2   .35    .0
  6 1986 365  12568.10  18.5  32.5   2.2   .35    .0
