*---------------------------------------------------------              
* Station name: La Mola                                                 
* Author: Atlantic Zone Project, AUW-MAG-CATIE, Costa Rica              
* Source: IMN, San Jose, Costa Rica                                     
*                                                                       
* Comments: Wind speed still lacking                                    
*           Solar radiation data lacking                                
*           Check unit of vapor pressure                                
*                                                                       
* Longitude:  83  46 W, latitude:  10  21 N, altitude: 163 m.           
* Column  Daily value                                                   
*    1    station number                                                
*    2    year                                                          
*    3    month                                                         
*    4    day                                                           
*    5    julian date                                                   
*    6    irradiation            (cal cm-2 d-1)                         
*    7    minimum temperature    (degrees Celcius)                      
*    8    maximum temperature    (degrees Celcius)                      
*    9    vapor pressure at 0700 (mbar)                                 
*   10    vapor pressure at 1300 (mbar)                                 
*   11    vapor pressure at 1800 (mbar)                                 
*   12    mean wind speed        (kilometer per hour)                   
*   13    precipitation          (mm d-1)                               
*   14    sunshine hours         (hours)                                
* Missing value: -99                                                    
*---------------------------------------------------------              
*  data converted with WDC for CABO-format
*-------------------------------------------
  83.77  10.35    70.  .00  .00
  6 1989   1  10372.59  21.5  31.0   2.9   .31   8.6
  6 1989   2   8977.52  22.0  30.5   2.8   .31  35.2
  6 1989   3   8585.93  21.5  30.0   2.7   .31  21.5
  6 1989   4   7489.66  21.0  30.0   2.6   .31  15.1
  6 1989   5  12840.50  21.0  30.0   2.7   .31   4.8
  6 1989   6   7813.60  22.0  27.0   2.7   .31   4.6
  6 1989   7  11057.85  20.5  29.5   2.3   .31   1.3
  6 1989   8  14715.76  20.0  30.8   2.6   .31   5.1
  6 1989   9  16966.49  21.0  31.0   2.5   .31   3.9
  6 1989  10  13443.31  21.0  30.5   2.5   .31   7.3
  6 1989  11  14989.49  20.5  31.0   2.6   .31   4.1
  6 1989  12  13590.99  21.0  32.8   2.7   .31   1.0
  6 1989  13  15653.25  20.5  31.0   2.5   .31   3.1
  6 1989  14  12313.86  21.0  30.5   2.6   .31   2.2
  6 1989  15   9781.89  21.0  29.8   2.4   .31  42.6
  6 1989  16  14410.30  22.0  30.0   2.7   .31    .7
  6 1989  17  14131.34  20.0  30.0   2.6   .31   6.1
  6 1989  18  13954.80  22.0  29.5   2.7   .31  12.6
  6 1989  19  14704.87  22.0  30.2   2.7   .31   1.4
  6 1989  20  10816.22  22.0  29.5   2.5   .31   1.0
  6 1989  21  13527.97  19.5  30.5   2.2   .31   3.3
  6 1989  22  16561.36  22.0  31.0   2.4   .31    .5
  6 1989  23  11825.04  20.5  30.7   2.6   .31   1.4
  6 1989  24  11852.82  19.5  29.6   2.3   .31    .5
  6 1989  25  16881.78  19.5  30.6   2.5   .31    .1
  6 1989  26  15459.17  17.0  31.0   2.1   .31    .6
  6 1989  27  13194.13  19.0  30.5   2.3   .31    .9
  6 1989  28  12177.87  18.0  30.0   2.3   .33    .0
  6 1989  29  10107.03  20.0  29.5   2.6   .33    .0
  6 1989  30  14028.30  20.5  30.6   2.5   .33    .0
  6 1989  31  13851.94  18.5  30.5   2.8   .33   1.3
  6 1989  32  16529.58  20.0  32.0   2.3   .33    .0
  6 1989  33  16146.19  17.5  31.0   2.0   .33   1.9
  6 1989  34  13531.39  20.0  30.0   2.3   .33    .2
  6 1989  35  13352.80  19.0  30.0   2.3   .33   2.5
  6 1989  36  15839.49  17.0  31.0   2.1   .33   2.2
  6 1989  37  11817.73  18.0  29.0   2.3   .33   4.2
  6 1989  38  18381.64  17.5  32.0   2.2   .33   6.1
  6 1989  39   8229.94  21.5  27.5   2.5   .33  33.6
  6 1989  40  17503.25  20.0  30.0   2.6   .33    .2
  6 1989  41  11294.14  18.0  29.0   2.2   .33   1.5
  6 1989  42  18992.98  18.0  29.5   2.4   .33   5.0
  6 1989  43  11894.29  19.0  29.5   2.3   .33    .4
  6 1989  44  16697.63  17.5  30.0   2.1   .33   5.0
  6 1989  45  12824.84  20.0  29.5   2.3   .33   6.3
  6 1989  46  15797.85  19.5  29.0   2.4   .33   1.5
  6 1989  47  12998.10  19.0  30.0   2.3   .33    .0
  6 1989  48  15654.85  17.5  29.5   2.2   .33    .0
  6 1989  49  19636.79  17.5  30.5   2.1   .33    .3
  6 1989  50  18583.38  18.5  32.0   2.1   .33    .1
  6 1989  51  16645.25  18.0  29.5   2.4   .33    .7
  6 1989  52  16462.65  19.5  35.5   2.2   .33    .0
  6 1989  53  16389.26  19.5  30.5   2.3   .33  38.4
  6 1989  54   8128.58  20.5  30.5   2.1   .33  29.2
  6 1989  55   8371.21  18.0  22.0   1.8   .33  44.7
  6 1989  56   8170.32  18.0  21.5   2.2   .37  17.1
  6 1989  57   8190.88  17.5  20.5   1.9   .37  12.5
  6 1989  58   8545.44  17.5  26.0   2.2   .37   2.2
  6 1989  59  12248.73  21.0  29.5   2.6   .37    .0
  6 1989  60  16858.00  21.0  31.0   2.6   .37    .4
  6 1989  61   9278.33  22.0  27.5   2.6   .37   9.7
  6 1989  62  10420.50  22.0  28.0   2.7   .37   1.3
  6 1989  63  17517.49  21.5  29.5   2.8   .37    .2
  6 1989  64  19686.51  18.0  31.0   2.2   .37    .0
  6 1989  65  13639.49  18.5  31.0   2.2   .37    .0
  6 1989  66  12424.34  22.0  30.0   2.3   .37  15.9
  6 1989  67   8382.14  20.4  21.0   2.3   .37  26.4
  6 1989  68   8399.59  19.6  21.5   2.2   .37  20.2
  6 1989  69   8416.69  18.8  23.5   1.8   .37  10.6
  6 1989  70   8546.79  18.5  22.5   2.1   .37   4.9
  6 1989  71   9244.18  18.5  25.0   2.0   .37    .5
  6 1989  72  14941.22  19.0  28.5   2.1   .37    .0
  6 1989  73  16328.33  17.0  29.5   2.2   .37    .0
  6 1989  74  16692.96  20.0  30.5   2.3   .37    .0
  6 1989  75  18538.73  17.5  30.0   2.2   .37    .0
  6 1989  76   8526.11  17.5  30.5   2.3   .37    .0
  6 1989  77  20068.75  17.5  30.5   2.1   .37    .4
  6 1989  78  20777.07  18.0  30.5   2.2   .37    .7
  6 1989  79  21256.80  19.5  31.0   2.3   .37    .5
  6 1989  80  20134.52  18.0  30.5   2.5   .37    .8
  6 1989  81  17864.94  19.5  30.5   2.3   .37    .3
  6 1989  82  20860.67  19.0  30.5   2.3   .37    .4
  6 1989  83  21108.19  17.5  31.0   2.2   .37    .2
  6 1989  84  20208.25  18.0  31.0   2.1   .37    .7
  6 1989  85  18618.13  21.5  30.0   2.6   .37   1.2
  6 1989  86  20009.54  18.0  31.0   2.2   .37    .1
  6 1989  87  16120.08  18.5  31.0   2.4   .37    .0
  6 1989  88  17969.10  19.0  31.0   2.2   .37    .3
  6 1989  89  19588.50  21.0  31.5   2.6   .37    .1
  6 1989  90  18680.13  18.0  31.5   2.3   .37    .3
  6 1989  91  20987.83  18.0  31.2   2.2   .35    .0
  6 1989  92  13642.15  18.0  30.5   2.4   .35   3.4
  6 1989  93  12155.68  21.0  30.0   2.5   .35    .5
  6 1989  94  20896.65  19.0  32.8   2.2   .35    .7
  6 1989  95  19523.52  20.5  32.0   2.6   .35  30.5
  6 1989  96  12289.37  22.0  29.5   2.6   .35  45.4
  6 1989  97  10571.08  22.0  28.0   2.6   .35  65.3
  6 1989  98  11724.60  22.0  29.0   2.6   .35  16.2
  6 1989  99   9316.91  22.0  29.0   2.8   .35  15.8
  6 1989 100  18161.77  22.0  30.5   2.7   .35   2.5
  6 1989 101  11046.49  20.0  28.5   2.4   .35   3.6
  6 1989 102  12426.04  21.0  29.0   2.5   .35    .0
  6 1989 103  15639.07  19.5  30.5   2.4   .35   2.8
  6 1989 104  19307.31  22.5  30.5   2.7   .35    .6
  6 1989 105  17814.99  20.0  30.0   2.4   .35  12.7
  6 1989 106   9337.27  22.0  26.5   2.6   .35   3.5
  6 1989 107  10941.05  19.0  29.8   2.4   .35   8.6
  6 1989 108  10826.61  22.5  28.8   2.7   .35   1.0
  6 1989 109  20086.41  20.5  30.0   2.5   .35    .0
  6 1989 110  13224.58  20.0  29.5   2.5   .35    .1
  6 1989 111  15276.69  21.0  30.5   2.3   .35   4.1
  6 1989 112  15271.80  20.5  30.5   2.7   .35    .0
  6 1989 113  15836.38  19.0  31.0   2.4   .35    .0
  6 1989 114  15943.92  22.0  31.0   2.9   .35  17.8
  6 1989 115   8766.72  24.0  29.0   2.8   .35   3.2
  6 1989 116   9788.81  23.5  29.5   2.8   .35   9.1
  6 1989 117  16944.10  23.5  31.0   2.7   .35    .0
  6 1989 118  21248.32  20.0  31.6   2.5   .35    .0
  6 1989 119  20327.29  20.5  32.2   2.6   .30    .0
  6 1989 120  16348.33  22.0  31.5   2.7   .30    .6
  6 1989 121  16791.04  22.0  33.5   2.7   .30    .0
  6 1989 122  11917.77  21.0  31.0   2.5   .30    .0
  6 1989 123   8748.43  22.0  29.5   2.6   .30    .3
  6 1989 124  10776.36  20.5  31.0   2.5   .30   4.0
  6 1989 125   9981.57  21.0  30.0   2.5   .30    .3
  6 1989 126  19210.72  20.5  32.0   2.5   .30    .0
  6 1989 127  19758.08  20.0  32.0   2.6   .30    .0
  6 1989 128  20079.22  19.5  32.5   2.3   .30    .0
  6 1989 129  18491.16  21.0  33.0   2.5   .30    .0
  6 1989 130  19485.20  20.5  33.5   2.4   .30    .0
  6 1989 131  14540.76  23.0  33.5   2.7   .30    .2
  6 1989 132  14753.44  23.5  34.0   3.0   .30   2.6
  6 1989 133   9601.34  23.5  31.5   2.8   .30    .1
  6 1989 134  12497.88  22.5  31.8   2.7   .30    .0
  6 1989 135  20405.64  21.5  34.0   2.7   .30    .0
  6 1989 136  20610.44  22.5  33.5   2.9   .30   8.4
  6 1989 137  18589.57  23.0  33.0   3.0   .30   6.8
  6 1989 138  12794.51  24.5  31.5   3.0   .30    .7
  6 1989 139  15560.25  22.0  33.0   2.6   .30   6.0
  6 1989 140  11666.35  22.0  31.0   2.8   .30  99.6
  6 1989 141   9553.25  23.0  29.5   2.7   .30  73.2
  6 1989 142  11207.00  23.0  31.0   2.9   .30  95.2
  6 1989 143   8767.29  21.5  29.0   2.8   .30   7.2
  6 1989 144   9645.46  22.5  30.0   2.7   .30  16.4
  6 1989 145  13720.94  21.0  31.5   2.7   .30  96.3
  6 1989 146   9743.51  21.0  29.0   2.5   .30  17.2
  6 1989 147   8746.59  22.5  27.5   2.8   .30  25.1
  6 1989 148   9731.45  21.0  30.0   2.3   .30    .7
  6 1989 149  11483.71  21.5  31.5   2.4   .30   3.8
  6 1989 150  13562.21  22.0  31.0   2.7   .30   5.5
  6 1989 151  12236.90  22.5  31.5   2.9   .30  10.0
  6 1989 152   8612.71  23.5  28.5   2.7   .30   8.2
  6 1989 153   8827.25  22.5  30.0   2.7   .30  10.6
  6 1989 154   8603.92  23.0  26.5   2.8   .27   8.4
  6 1989 155  18438.88  22.0  33.0   2.7   .27    .0
  6 1989 156   8595.66  22.5  28.0   2.9   .27   6.5
  6 1989 157  10775.01  23.5  31.0   2.8   .27   5.8
  6 1989 158  13824.23  22.0  32.5   2.9   .27   6.6
  6 1989 159  14253.29  22.5  32.0   2.6   .27   2.4
  6 1989 160  10106.24  22.5  30.5   2.7   .27  17.5
  6 1989 161  10102.09  23.5  30.5   2.9   .27  44.7
  6 1989 162   9989.36  23.0  29.5   3.0   .27  35.9
  6 1989 163  15315.62  23.0  33.0   2.9   .27  10.0
  6 1989 164  10199.81  23.0  30.0   2.8   .27    .6
  6 1989 165  13674.22  23.0  32.0   2.9   .27    .9
  6 1989 166   9759.12  23.5  30.0   2.8   .27   1.6
  6 1989 167   8779.22  23.5  29.5   2.9   .27  16.6
  6 1989 168   9211.49  23.0  27.0   2.9   .27   9.8
  6 1989 169   9426.68  21.4  29.0   2.7   .27  33.4
  6 1989 170  13548.32  22.5  31.0   2.7   .27  12.6
  6 1989 171  10833.89  22.5  29.0   2.7   .27    .0
  6 1989 172  10181.66  23.0  30.5   2.8   .27  18.4
  6 1989 173   8770.62  23.5  29.5   2.8   .27  20.5
  6 1989 174  10179.89  22.5  30.0   2.7   .27  34.8
  6 1989 175  10830.15  22.5  30.5   2.9   .27    .8
  6 1989 176  11155.36  23.0  28.5   2.8   .27  10.8
  6 1989 177  18748.00  20.5  33.0   2.5   .27   4.6
  6 1989 178  19291.67  22.0  33.5   2.8   .27    .0
  6 1989 179  19510.65  22.0  33.0   2.7   .27    .0
  6 1989 180  12677.06  21.5  30.5   2.7   .27   6.9
  6 1989 181  15392.24  22.5  31.5   2.7   .27    .2
  6 1989 182  18977.78  22.0  31.5   2.7   .29    .3
  6 1989 183   9099.61  21.5  28.0   2.6   .29  17.1
  6 1989 184  17140.35  20.0  32.0   2.6   .29    .2
  6 1989 185  10407.11  22.0  29.0   3.0   .29  49.7
  6 1989 186   8561.32  22.5  27.5   2.8   .29   6.4
  6 1989 187   9977.32  22.0  30.0   2.8   .29   1.0
  6 1989 188   8565.34  22.5  27.0   2.5   .29  12.7
  6 1989 189   8894.25  21.0  27.6   2.5   .29  11.5
  6 1989 190  16523.06  21.0  31.5   2.4   .29  21.0
  6 1989 191  15658.24  21.0  31.5   2.7   .29    .0
  6 1989 192  16974.28  21.5  31.5   2.7   .29  73.4
  6 1989 193   8578.07  22.0  28.0   2.6   .29  17.2
  6 1989 194  13168.42  22.0  30.0   2.6   .29  24.0
  6 1989 195  16235.16  21.5  32.0   2.6   .29  36.5
  6 1989 196  12087.45  22.5  30.0   2.9   .29  18.6
  6 1989 197  16471.96  23.0  31.0   3.1   .29  20.5
  6 1989 198   9470.25  23.5  29.0   2.9   .29  37.6
  6 1989 199   8597.27  23.0  27.0   2.7   .29  23.6
  6 1989 200   8600.76  23.0  26.0   2.8   .29   2.1
  6 1989 201   9482.89  22.5  27.0   2.8   .29   2.5
  6 1989 202   9487.24  22.5  29.0   2.7   .29   6.4
  6 1989 203   8721.55  23.0  30.0   2.7   .29   3.4
  6 1989 204   8615.19  23.5  28.0   2.7   .29  14.2
  6 1989 205  11815.01  22.5  31.5   2.7   .29  30.0
  6 1989 206  15131.02  23.0  31.5   2.7   .29   8.9
  6 1989 207  15361.57  21.0  32.0   2.7   .29   7.8
  6 1989 208   9956.09  22.0  31.0   2.7   .29  69.4
  6 1989 209  18257.78  21.0  30.0   2.7   .29    .0
  6 1989 210  20928.02  21.5  32.0   3.0   .27   1.1
  6 1989 211  12963.16  22.5  31.5   2.8   .27  36.4
  6 1989 212   9531.58  23.5  28.5   2.9   .27  44.7
  6 1989 213  13422.49  21.0  30.5   2.6   .27    .0
  6 1989 214  13319.22  22.5  32.5   2.7   .27   1.0
  6 1989 215  11212.94  22.0  30.5   2.6   .27    .3
  6 1989 216  18011.84  21.5  32.0   2.7   .27  17.0
  6 1989 217  13118.90  23.0  31.0   2.8   .27   5.6
  6 1989 218  18146.91  22.0  31.5   2.7   .27   3.4
  6 1989 219   8665.55  23.0  28.0   2.8   .27   4.2
  6 1989 220  18728.68  22.0  32.2   2.8   .27  23.8
  6 1989 221  15831.19  20.5  31.0   2.6   .27  12.3
  6 1989 222   9792.56  23.0  30.0   2.7   .27   4.6
  6 1989 223  14278.99  22.5  30.0   2.6   .27   5.7
  6 1989 224   9461.82  22.5  28.0   2.7   .27    .5
  6 1989 225  16200.81  23.0  30.5   2.8   .27    .0
  6 1989 226  21040.48  22.5  33.0   2.8   .27    .0
  6 1989 227  15316.07  23.0  32.5   2.8   .27    .0
  6 1989 228  11608.02  23.0  30.5   2.7   .27    .0
  6 1989 229  16567.08  22.5  32.5   2.7   .27   4.7
  6 1989 230  11388.13  21.5  29.5   2.5   .27    .9
  6 1989 231  10149.39  22.0  29.0   2.7   .27   3.4
  6 1989 232  15907.32  21.0  32.5   2.6   .27  18.2
  6 1989 233  20881.90  22.0  32.5   3.0   .27    .7
  6 1989 234  13315.98  23.0  31.0   3.0   .27   8.7
  6 1989 235  18520.37  21.5  33.0   2.6   .27    .0
  6 1989 236  16035.14  23.0  32.0   2.9   .27    .0
  6 1989 237  17169.80  22.0  32.0   2.7   .27  18.9
  6 1989 238  19777.76  21.5  31.5   2.7   .27    .0
  6 1989 239  10373.72  22.0  27.5   2.7   .27  19.0
  6 1989 240  16268.08  20.0  32.5   2.8   .27  12.1
  6 1989 241  13092.06  22.5  32.0   2.7   .27   4.3
  6 1989 242  16835.14  22.5  31.5   2.8   .27    .0
  6 1989 243  13769.31  22.0  31.5   2.5   .27   3.0
  6 1989 244  17059.70  22.0  31.5   3.0   .27    .0
  6 1989 245   9561.37  22.0  29.5   3.0   .29   1.6
  6 1989 246  16827.31  22.5  32.5   2.9   .29    .0
  6 1989 247  17959.82  21.5  32.5   3.2   .29   3.1
  6 1989 248  13069.19  22.5  30.5   2.8   .29    .2
  6 1989 249   8631.48  22.5  26.5   2.7   .29  14.9
  6 1989 250  13739.55  22.5  31.0   2.8   .29    .0
  6 1989 251  13846.56  23.0  31.0   2.6   .29    .0
  6 1989 252  15203.07  22.0  32.5   2.7   .29    .0
  6 1989 253  11785.91  22.5  30.5   2.7   .29   3.2
  6 1989 254  20185.81  23.0  33.5   2.8   .29    .2
  6 1989 255  11996.06  23.0  31.5   2.8   .29    .0
  6 1989 256  13576.77  22.5  32.0   2.6   .29  17.5
  6 1989 257  12544.46  22.0  32.0   2.7   .29   7.7
  6 1989 258  10149.99  22.5  29.0   2.8   .29    .6
  6 1989 259  14565.01  22.5  32.0   2.9   .29  10.8
  6 1989 260  10809.25  22.5  31.0   2.6   .29    .0
  6 1989 261  12838.34  22.0  31.6   3.0   .29   3.7
  6 1989 262  13845.02  22.0  32.5   2.8   .29  14.8
  6 1989 263  13377.66  22.5  32.0   2.7   .29    .0
  6 1989 264  16419.05  22.5  33.0   2.7   .29  33.0
  6 1989 265  17872.28  22.0  33.0   2.7   .29    .0
  6 1989 266  16157.64  22.0  33.5   2.8   .29    .4
  6 1989 267  12863.29  23.0  31.5   2.8   .29    .0
  6 1989 268  14200.90  22.5  32.5   2.8   .29  44.0
  6 1989 269  14971.81  21.5  31.6   2.9   .29   1.2
  6 1989 270  13712.56  21.5  31.0   2.7   .29  12.3
  6 1989 271  11892.07  22.5  31.5   2.7   .29   7.7
  6 1989 272   8387.53  22.0  28.0   2.8   .29    .0
  6 1989 273  17697.28  21.5  31.0   2.6   .30    .0
  6 1989 274  19467.55  21.5  33.0   2.8   .30    .3
  6 1989 275  16861.00  22.0  33.5   2.5   .30    .0
  6 1989 276  18850.62  22.0  32.5   2.8   .30    .0
  6 1989 277  18597.88  21.5  33.0   2.5   .30    .0
  6 1989 278  14658.64  22.5  33.0   2.6   .30    .0
  6 1989 279  17087.76  21.0  32.6   2.5   .30    .4
  6 1989 280  18952.76  21.5  33.0   2.8   .30    .0
  6 1989 281  11243.25  22.5  30.0   2.7   .30    .0
  6 1989 282  11998.79  21.5  31.5   2.6   .30    .0
  6 1989 283  15525.43  22.5  31.0   2.8   .30   3.9
  6 1989 284   8184.28  21.5  28.0   2.6   .30   1.1
  6 1989 285  12479.55  20.0  31.0   2.5   .30  10.4
  6 1989 286  15435.84  21.0  30.5   2.6   .30  26.7
  6 1989 287  16066.63  21.5  30.0   2.5   .30    .0
  6 1989 288  14272.83  21.5  31.0   2.7   .30    .6
  6 1989 289  16551.03  21.5  31.0   2.8   .30    .0
  6 1989 290  16626.61  22.0  31.5   2.8   .30  10.6
  6 1989 291  19111.15  21.5  31.5   2.7   .30    .0
  6 1989 292  15791.33  20.5  31.0   2.9   .30    .0
  6 1989 293  10736.37  21.0  30.0   2.6   .30  18.8
  6 1989 294   8749.85  21.5  29.0   2.7   .30  18.8
  6 1989 295  18189.25  21.0  31.0   2.7   .30    .0
  6 1989 296  14893.09  20.0  31.0   2.4   .30    .0
  6 1989 297  10525.40  22.0  29.5   2.6   .30  13.7
  6 1989 298   8553.07  22.0  27.5   2.7   .30   4.0
  6 1989 299  12200.61  21.5  30.0   2.7   .30  16.2
  6 1989 300   8185.49  22.5  27.0   2.7   .30   3.7
  6 1989 301   9991.58  22.5  28.0   2.6   .30  12.5
  6 1989 302   7820.29  22.0  25.8   2.6   .30  83.3
  6 1989 303   7799.27  22.0  25.5   2.7   .30  83.2
  6 1989 304   7778.27  22.0  23.2   2.8   .30 174.5
  6 1989 305   7757.31  21.0  23.0   2.3   .30  25.1
  6 1989 306  10504.05  21.0  29.0   2.6   .30  23.4
  6 1989 307  11008.81  21.0  29.0   2.6   .30   2.0
  6 1989 308  15434.24  21.0  31.0   2.7   .35    .0
  6 1989 309  12117.99  21.5  31.0   2.7   .35    .2
  6 1989 310  13672.38  22.5  30.5   2.7   .35   1.4
  6 1989 311  14377.52  21.5  31.0   2.8   .35    .0
  6 1989 312  14343.73  21.0  31.5   2.7   .35    .0
  6 1989 313  15359.75  21.0  32.5   2.7   .35   1.0
  6 1989 314  12286.70  21.5  34.5   2.9   .35    .0
  6 1989 315  12362.23  21.5  29.5   2.6   .35   1.9
  6 1989 316  12124.65  20.5  29.5   2.6   .35  10.8
  6 1989 317  14908.01  22.5  30.5   2.7   .35   5.1
  6 1989 318  12796.17  21.5  30.5   2.7   .35   4.3
  6 1989 319  14219.57  21.5  30.5   2.6   .35   4.7
  6 1989 320   8183.48  22.0  28.5   2.8   .35  14.4
  6 1989 321   7647.37  22.5  27.5   2.8   .35  23.1
  6 1989 322   7422.96  22.0  27.5   2.5   .35  47.0
  6 1989 323  14921.83  20.5  30.0   2.7   .35   3.3
  6 1989 324  15610.86  22.5  30.5   2.9   .35   2.5
  6 1989 325  17529.21  22.0  31.5   2.6   .35   1.4
  6 1989 326  14730.12  22.0  31.5   2.8   .35    .0
  6 1989 327  15417.67  21.5  32.0   2.8   .35   9.5
  6 1989 328   9161.88  21.5  30.0   2.9   .35  20.8
  6 1989 329   7309.38  23.0  31.5   2.6   .35   8.2
  6 1989 330  12790.08  22.0  30.5   2.8   .35   4.1
  6 1989 331  10227.50  23.0  30.0   3.0   .35  14.6
  6 1989 332  13557.88  23.0  31.0   3.1   .35    .0
  6 1989 333  13637.28  22.5  32.5   2.8   .35   5.0
  6 1989 334   7241.57  22.5  31.0   2.9   .35  21.2
  6 1989 335   7431.63  22.0  27.5   2.7   .35  16.5
  6 1989 336  12163.34  22.0  31.0   2.7   .35    .0
  6 1989 337  15372.27  20.5  31.6   2.7   .35    .0
  6 1989 338  11929.15  21.0  33.0   2.7   .35    .0
  6 1989 339   7890.92  22.5  28.0   2.7   .35  29.4
  6 1989 340  13909.92  22.0  30.0   2.8   .35    .0
  6 1989 341  13392.98  21.5  31.0   2.8   .35    .0
  6 1989 342  14783.66  21.0  30.5   2.7   .35    .0
  6 1989 343  14770.04  22.0  32.0   2.8   .35  11.7
  6 1989 344   7146.61  22.0  24.5   2.5   .35  26.8
  6 1989 345  10743.17  21.5  29.0   2.6   .35    .0
  6 1989 346  11835.60  21.0  30.5   2.5   .35    .4
  6 1989 347  14727.09  20.5  31.0   2.4   .35    .0
  6 1989 348  13620.21  17.5  31.0   2.1   .35    .0
  6 1989 349   9818.70  20.5  28.5   2.5   .35    .0
  6 1989 350   9814.87  20.0  29.5   2.5   .35   2.9
  6 1989 351  16200.51  21.0  31.0   2.6   .35    .0
  6 1989 352  11207.06  22.0  30.0   2.8   .35   6.1
  6 1989 353  10407.31  19.5  30.0   2.4   .35    .0
  6 1989 354   9309.19  20.0  29.0   2.5   .35  17.3
  6 1989 355  13601.05  22.0  30.0   2.5   .35   1.6
  6 1989 356  12804.40  20.5  30.0   2.5   .35    .0
  6 1989 357  15103.43  20.0  31.6   2.4   .35  47.7
  6 1989 358   7119.06  20.5  21.6   2.3   .35  11.9
  6 1989 359   7122.06  17.5  23.6   1.8   .35  25.9
  6 1989 360   7125.72  18.5  20.5   2.2   .35  91.2
  6 1989 361   7130.04  19.0  21.5   2.2   .35  19.8
  6 1989 362   7135.02  19.0  23.0   2.3   .35   3.7
  6 1989 363  15249.81  17.0  29.8   2.2   .35    .0
  6 1989 364  12456.73  17.0  29.6   2.3   .35    .0
  6 1989 365  16779.21  17.0  30.5   2.2   .35    .1
