*---------------------------------------------------------              
* Station name: La Mola                                                 
* Author: Atlantic Zone Project, AUW-MAG-CATIE, Costa Rica              
* Source: IMN, San Jose, Costa Rica                                     
*                                                                       
* Comments: Wind speed still lacking                                    
*           Solar radiation data lacking                                
*           Check unit of vapor pressure                                
*                                                                       
* Longitude:  83  46 W, latitude:  10  21 N, altitude: 163 m.           
* Column  Daily value                                                   
*    1    station number                                                
*    2    year                                                          
*    3    month                                                         
*    4    day                                                           
*    5    julian date                                                   
*    6    irradiation            (cal cm-2 d-1)                         
*    7    minimum temperature    (degrees Celcius)                      
*    8    maximum temperature    (degrees Celcius)                      
*    9    vapor pressure at 0700 (mbar)                                 
*   10    vapor pressure at 1300 (mbar)                                 
*   11    vapor pressure at 1800 (mbar)                                 
*   12    mean wind speed        (kilometer per hour)                   
*   13    precipitation          (mm d-1)                               
*   14    sunshine hours         (hours)                                
* Missing value: -99                                                    
*---------------------------------------------------------              
*  data converted with WDC for CABO-format
*-------------------------------------------
  83.77  10.35    70.  .00  .00
  6 1988   1  11476.45  22.0  31.0   2.8   .31   9.8
  6 1988   2  13196.17  23.5  30.0   2.8   .31   5.8
  6 1988   3  15422.92  21.0  31.5   2.8   .31   6.0
  6 1988   4  14736.52  21.5  31.5   2.6   .31   3.6
  6 1988   5   7500.00  22.0  27.5   2.6   .31    .8
  6 1988   6  12454.26  21.5  30.5   2.5   .31    .2
  6 1988   7  10653.81  20.5  31.0   2.4   .31    .2
  6 1988   8  15727.18  21.0  32.5   2.7   .31    .3
  6 1988   9  15447.27  21.5  32.6   2.7   .31    .0
  6 1988  10  14254.71  20.5  31.6   2.5   .31   5.5
  6 1988  11   9199.67  21.0  29.5   2.5   .31   4.5
  6 1988  12  15523.89  20.0  31.6   2.5   .31    .0
  6 1988  13  16672.18  18.0  32.0   2.2   .31   4.7
  6 1988  14  12007.68  20.0  31.5   2.6   .31   3.1
  6 1988  15  16324.65  19.5  31.5   2.3   .31    .0
  6 1988  16  17277.70  18.5  32.5   2.1   .31    .0
  6 1988  17  17208.99  20.0  32.0   2.3   .31   2.1
  6 1988  18  15290.86  19.5  32.2   2.2   .31    .0
  6 1988  19  17484.89  20.0  32.6   2.4   .31    .0
  6 1988  20  15974.11  18.5  31.5   2.1   .31    .0
  6 1988  21  11357.50  20.5  30.0   2.5   .31    .0
  6 1988  22  17700.48  20.0  31.8   2.5   .31    .0
  6 1988  23  10891.18  18.0  30.0   2.1   .31   5.0
  6 1988  24  12580.62  21.5  31.0   2.5   .31    .0
  6 1988  25   8963.98  19.0  29.0   2.2   .31    .8
  6 1988  26   8151.48  19.0  26.0   2.5   .31 103.8
  6 1988  27   7858.90  20.0  25.0   2.3   .31  91.7
  6 1988  28   7565.29  20.0  22.5   2.4   .33 201.5
  6 1988  29   7690.82  19.5  23.0   2.3   .33 107.1
  6 1988  30  14975.78  20.0  29.5   2.3   .33   2.0
  6 1988  31  15117.95  18.0  31.5   2.3   .33   1.2
  6 1988  32  11454.71  21.0  31.0   2.6   .33   2.6
  6 1988  33  11484.22  22.5  30.5   2.8   .33   6.2
  6 1988  34  13106.66  23.5  30.5   3.0   .33  61.1
  6 1988  35   9521.99  22.0  29.0   2.7   .33  19.2
  6 1988  36  18612.16  20.0  31.0   2.6   .33    .0
  6 1988  37  16626.95  19.5  31.8   2.4   .33  11.1
  6 1988  38  10670.32  20.0  29.5   2.4   .33  16.2
  6 1988  39   7800.61  21.5  24.6   2.6   .33  24.7
  6 1988  40   9005.88  22.0  28.0   2.5   .33  27.8
  6 1988  41   8383.79  22.5  27.0   2.7   .33  39.1
  6 1988  42  14672.21  21.5  31.5   2.5   .33  11.3
  6 1988  43  13950.98  21.5  30.5   2.7   .33  10.0
  6 1988  44  13334.96  21.0  28.5   2.4   .33   6.2
  6 1988  45  13477.03  21.0  30.5   2.5   .33    .0
  6 1988  46  15144.32  21.0  31.5   2.6   .33  10.3
  6 1988  47   8523.23  22.5  27.0   2.7   .33   9.3
  6 1988  48  16420.38  22.0  31.0   2.8   .33    .8
  6 1988  49  10541.64  20.0  30.5   2.5   .33   2.8
  6 1988  50  17265.83  19.0  32.0   2.4   .33    .0
  6 1988  51  12904.99  22.5  31.0   2.5   .33    .0
  6 1988  52   9959.82  24.5  30.0   2.9   .33    .0
  6 1988  53  13076.53  22.0  31.0   2.4   .33    .0
  6 1988  54   8571.10  21.0  27.0   2.4   .33    .5
  6 1988  55  10920.27  22.0  29.0   2.5   .33   8.2
  6 1988  56  12611.35  19.5  30.5   2.5   .37   3.8
  6 1988  57  10415.26  21.5  30.0   2.4   .37    .0
  6 1988  58   8879.66  21.0  25.0   2.4   .37  10.1
  6 1988  59   8231.31  21.0  27.5   2.3   .37    .0
  6 1988  60  12945.80  21.0  28.5   2.4   .37    .0
  6 1988  61  11853.30  18.5  27.5   2.1   .37    .4
  6 1988  62  10420.50  20.0  28.5   2.2   .37   1.5
  6 1988  63  17854.38  20.0  31.0   2.5   .37   2.0
  6 1988  64  10127.21  20.8  31.0   2.4   .37  14.8
  6 1988  65   8346.24  22.5  26.5   2.7   .37   6.3
  6 1988  66   8364.35  21.5  26.5   2.5   .37  21.8
  6 1988  67   9059.70  20.6  27.0   2.4   .37  12.3
  6 1988  68   9078.02  18.5  29.5   2.3   .37    .7
  6 1988  69  17700.19  17.5  31.6   2.3   .37    .0
  6 1988  70  17728.02  19.0  31.8   2.5   .37    .0
  6 1988  71  19116.80  18.0  32.6   2.3   .37    .0
  6 1988  72  18235.71  17.0  32.0   2.0   .37    .0
  6 1988  73  11210.83  20.0  31.5   2.7   .37    .0
  6 1988  74  12594.86  22.5  32.5   2.7   .37    .0
  6 1988  75  18424.79  21.5  32.5   2.9   .37   8.6
  6 1988  76  10122.77  21.5  28.5   2.7   .37   7.8
  6 1988  77  14019.11  21.5  30.0   2.6   .37   2.7
  6 1988  78  13009.04  21.5  30.5   2.6   .37    .5
  6 1988  79   8795.75  21.0  29.5   2.4   .37  15.5
  6 1988  80   8579.95  21.0  24.0   2.4   .37  36.0
  6 1988  81   8592.38  20.0  24.5   2.5   .37  62.0
  6 1988  82  10322.55  21.5  27.5   2.8   .37  40.7
  6 1988  83  17211.53  20.0  30.4   2.5   .37   8.9
  6 1988  84   8741.77  21.5  26.0   2.6   .37   5.6
  6 1988  85  11276.30  20.0  28.5   2.5   .37   4.8
  6 1988  86  10599.07  21.5  28.5   2.6   .37   2.1
  6 1988  87  20482.55  20.5  31.0   2.6   .37    .0
  6 1988  88  19576.81  19.5  31.8   2.3   .37    .0
  6 1988  89  19358.77  19.0  32.0   2.2   .37   1.2
  6 1988  90  18795.01  21.5  32.0   2.7   .37   2.1
  6 1988  91  16391.66  21.0  31.0   2.4   .35   5.1
  6 1988  92  12378.07  22.0  31.4   2.8   .35   2.6
  6 1988  93  19510.69  21.8  30.5   2.5   .35    .0
  6 1988  94  18253.43  22.5  31.5   2.8   .35    .0
  6 1988  95  10559.94  20.5  31.0   2.7   .35    .0
  6 1988  96  20447.80  19.0  33.0   2.2   .35   3.5
  6 1988  97  13902.94  22.5  32.5   2.7   .35  13.6
  6 1988  98  10920.50  21.5  31.0   2.5   .35    .0
  6 1988  99  12073.19  20.5  31.0   2.6   .35    .0
  6 1988 100  10813.66  22.0  31.5   2.5   .35    .0
  6 1988 101  13686.39  22.5  31.5   2.8   .35    .0
  6 1988 102  14261.83  22.0  32.5   2.8   .35    .0
  6 1988 103  12083.63  22.5  31.5   2.9   .35    .0
  6 1988 104   9104.23  22.5  28.0   2.8   .35  23.4
  6 1988 105   8762.65  22.0  25.0   2.7   .35  32.0
  6 1988 106   9566.32  22.5  29.0   2.7   .35   5.7
  6 1988 107  16320.83  20.0  31.5   2.8   .35    .0
  6 1988 108  19749.46  20.0  31.5   2.7   .35    .0
  6 1988 109  20315.06  21.0  33.0   2.6   .35    .0
  6 1988 110  17223.24  20.5  33.0   2.7   .35    .0
  6 1988 111  19272.56  21.0  33.5   2.7   .35    .0
  6 1988 112  19492.92  20.0  33.0   2.4   .35    .0
  6 1988 113  19370.29  18.5  32.5   2.3   .35    .0
  6 1988 114  19019.40  22.0  32.5   2.9   .35    .0
  6 1988 115  16619.82  20.0  31.5   2.4   .35    .0
  6 1988 116  18886.11  21.5  33.0   2.6   .35    .0
  6 1988 117  19216.43  21.0  33.0   2.5   .35    .0
  6 1988 118  15799.65  21.0  32.5   2.8   .35    .0
  6 1988 119  18399.34  23.0  33.5   2.6   .30    .0
  6 1988 120  16574.93  23.0  32.5   3.0   .30   1.2
  6 1988 121  16677.85  22.0  33.0   2.9   .30    .0
  6 1988 122  13161.64  22.0  33.5   2.9   .30    .8
  6 1988 123  17446.71  21.0  35.0   2.7   .30    .0
  6 1988 124  17434.43  22.5  34.0   2.7   .30    .0
  6 1988 125  12574.39  22.0  32.0   2.6   .30   4.8
  6 1988 126  15156.68  23.5  33.5   2.9   .30   7.0
  6 1988 127   8733.88  23.0  27.5   2.7   .30  12.4
  6 1988 128   9404.02  23.0  25.5   2.8   .30  36.5
  6 1988 129  16582.94  20.0  31.0   2.7   .30    .0
  6 1988 130  15112.32  23.0  32.0   2.8   .30   4.1
  6 1988 131  12076.72  23.0  31.0   2.7   .30  17.9
  6 1988 132   8823.92  23.5  27.0   2.6   .30  24.2
  6 1988 133  12171.67  22.0  30.0   2.7   .30  20.7
  6 1988 134   9260.63  22.4  25.0   2.6   .30  34.1
  6 1988 135  17283.49  19.5  33.0   2.6   .30  11.2
  6 1988 136  15152.74  22.0  32.0   2.8   .30   2.4
  6 1988 137  16364.40  22.0  33.0   2.8   .30   1.9
  6 1988 138  15684.05  22.0  34.5   2.6   .30   3.2
  6 1988 139  15782.28  22.5  33.5   2.9   .30    .3
  6 1988 140  14771.38  24.0  34.0   3.0   .30    .0
  6 1988 141  17750.58  22.5  34.0   3.0   .30    .0
  6 1988 142  16518.53  23.5  34.0   2.9   .30    .0
  6 1988 143  14515.39  23.0  32.5   3.0   .30  19.2
  6 1988 144   9424.61  24.0  29.5   3.0   .30  13.3
  6 1988 145   8756.85  24.0  28.0   3.0   .30  36.1
  6 1988 146   9523.11  23.5  30.5   3.0   .30  12.0
  6 1988 147   9076.87  23.5  27.0   2.7   .30   3.4
  6 1988 148  11381.27  23.5  30.5   3.0   .30  20.6
  6 1988 149  12362.79  23.0  31.5   2.9   .30  42.1
  6 1988 150  10488.27  23.0  30.0   3.0   .30   1.7
  6 1988 151  16185.57  21.5  33.5   2.9   .30  18.0
  6 1988 152  16064.85  21.5  33.5   2.9   .30    .1
  6 1988 153  16820.63  22.5  34.0   2.9   .30    .0
  6 1988 154  14402.62  21.5  33.0   2.8   .27   8.8
  6 1988 155  17782.93  23.0  34.5   2.9   .27   4.5
  6 1988 156  18864.39  24.0  33.5   3.2   .27   2.4
  6 1988 157  18307.28  22.0  33.0   3.0   .27    .0
  6 1988 158  17096.88  24.0  33.0   3.1   .27   3.3
  6 1988 159  12727.04  22.5  31.5   3.1   .27   8.3
  6 1988 160  11304.70  23.0  31.0   3.0   .27    .0
  6 1988 161   9339.88  23.0  30.0   2.8   .27   1.0
  6 1988 162  10751.15  22.0  31.0   2.8   .27  26.1
  6 1988 163  11291.02  22.0  31.0   2.8   .27   2.5
  6 1988 164  16614.42  22.5  32.0   2.8   .27    .0
  6 1988 165  13130.84  22.0  32.5   2.8   .27   9.4
  6 1988 166  14321.72  23.0  32.5   2.8   .27   2.2
  6 1988 167  10625.35  24.0  30.0   2.9   .27    .3
  6 1988 168  19307.77  20.5  32.5   2.5   .27    .0
  6 1988 169  15504.54  21.0  32.5   2.7   .27    .3
  6 1988 170  11486.65  23.4  31.0   2.7   .27    .2
  6 1988 171  10725.41  23.0  31.5   2.8   .27  55.0
  6 1988 172  10724.02  22.0  30.0   2.6   .27    .0
  6 1988 173  19399.93  21.0  34.0   2.9   .27    .0
  6 1988 174  17988.72  22.5  33.5   3.0   .27   9.9
  6 1988 175  11914.70  23.5  31.5   2.8   .27   1.0
  6 1988 176   9420.05  23.2  30.0   2.8   .27    .5
  6 1988 177   8552.38  23.0  25.0   2.9   .27   8.2
  6 1988 178  12240.75  22.4  31.5   2.5   .27    .0
  6 1988 179  14628.52  21.5  32.0   2.6   .27   1.0
  6 1988 180  19404.82  22.5  33.0   2.7   .27    .0
  6 1988 181  15066.63  23.0  32.6   3.0   .27   2.8
  6 1988 182  12680.93  23.5  32.0   2.8   .29  16.9
  6 1988 183  12683.40  22.0  31.5   2.7   .29    .0
  6 1988 184   9535.73  23.0  29.0   2.8   .29    .0
  6 1988 185  19427.48  20.5  32.5   2.7   .29    .0
  6 1988 186   8561.32  22.5  27.5   2.7   .29   5.9
  6 1988 187  10194.86  21.5  28.5   2.6   .29    .8
  6 1988 188  16074.47  22.0  32.5   2.9   .29    .1
  6 1988 189  15862.90  21.0  32.0   2.8   .29    .0
  6 1988 190  11838.38  21.0  30.2   2.6   .29   2.8
  6 1988 191  14895.17  21.5  33.2   2.8   .29    .2
  6 1988 192   9556.95  23.0  30.5   2.9   .29  21.1
  6 1988 193  14144.70  21.0  32.5   2.9   .29   2.0
  6 1988 194  11857.73  21.0  31.5   2.4   .29   4.5
  6 1988 195  13721.23  22.0  32.4   2.9   .29    .9
  6 1988 196  11759.30  22.5  31.5   2.8   .29   2.4
  6 1988 197  14720.52  21.5  31.5   2.7   .29   5.9
  6 1988 198  14400.02  21.0  32.5   2.6   .29   1.0
  6 1988 199  17478.00  21.0  32.5   2.8   .29   4.6
  6 1988 200  11892.64  19.0  30.0   2.9   .29  20.3
  6 1988 201  10032.00  22.0  29.5   2.6   .29   1.4
  6 1988 202  16741.75  21.5  32.5   2.6   .29  23.9
  6 1988 203   8831.56  23.0  28.5   2.8   .29  12.1
  6 1988 204   8615.19  22.5  25.5   2.7   .29  28.8
  6 1988 205   8618.86  21.5  26.5   2.5   .29  25.6
  6 1988 206   8732.85  22.5  28.0   2.7   .29  20.3
  6 1988 207   8626.21  23.4  26.5   2.8   .29   5.9
  6 1988 208  16034.67  22.0  32.0   2.6   .29   1.1
  6 1988 209   9186.60  23.0  29.5   2.8   .29    .2
  6 1988 210  11958.94  23.0  30.0   2.9   .27   4.6
  6 1988 211  13073.99  23.0  31.5   2.7   .27    .2
  6 1988 212   8644.04  22.0  27.0   2.5   .27    .7
  6 1988 213  13422.49  23.0  30.5   2.7   .27   1.5
  6 1988 214  15320.00  23.0  32.0   2.7   .27   1.4
  6 1988 215  15218.32  22.0  32.5   2.7   .27    .1
  6 1988 216  12888.97  22.0  31.5   2.5   .27    .0
  6 1988 217   8771.48  23.0  26.5   2.7   .27  15.2
  6 1988 218  12902.79  23.0  31.5   2.8   .27  49.7
  6 1988 219  14584.66  22.5  32.0   2.7   .27    .0
  6 1988 220  12021.63  22.5  29.5   2.8   .27    .4
  6 1988 221   8782.37  22.0  28.5   2.8   .27   1.4
  6 1988 222   9792.56  22.0  31.0   2.8   .27   2.0
  6 1988 223   9123.05  23.0  30.0   2.7   .27    .2
  6 1988 224  13388.22  22.0  32.0   2.9   .27  52.0
  6 1988 225  13393.85  21.0  31.5   2.7   .27    .6
  6 1988 226  16208.48  23.5  32.0   2.8   .27   1.1
  6 1988 227  16440.70  22.0  32.5   2.9   .27    .1
  6 1988 228  15885.02  22.0  33.0   2.8   .27    .1
  6 1988 229  12061.52  23.0  31.0   2.8   .27    .0
  6 1988 230  19955.09  22.0  34.0   2.7   .27    .0
  6 1988 231  15225.59  23.5  32.5   2.8   .27    .0
  6 1988 232  16020.20  21.5  33.0   2.6   .27    .6
  6 1988 233  16250.62  21.5  33.0   2.8   .27  13.2
  6 1988 234  16480.82  22.0  33.5   2.7   .27   8.0
  6 1988 235  16823.88  22.0  33.2   2.8   .27   2.2
  6 1988 236  13545.53  23.0  31.5   2.7   .27  71.8
  6 1988 237  15018.51  21.0  30.5   2.6   .27  36.4
  6 1988 238  12527.57  22.0  32.0   2.8   .27   6.4
  6 1988 239  10713.74  22.5  31.0   2.7   .27   2.8
  6 1988 240  14567.25  24.0  32.0   2.9   .27    .1
  6 1988 241  12298.01  22.5  31.5   2.7   .27    .8
  6 1988 242  14565.60  21.0  32.0   2.7   .27  11.0
  6 1988 243  12066.59  22.0  32.5   2.8   .27   9.8
  6 1988 244  17627.44  21.0  34.0   2.6   .27  10.5
  6 1988 245  12741.53  22.0  32.0   2.8   .29    .2
  6 1988 246  14441.68  22.5  32.5   3.0   .29  81.4
  6 1988 247  15687.40  22.0  32.0   2.7   .29    .1
  6 1988 248  17046.46  22.5  33.5   2.7   .29    .0
  6 1988 249  12268.18  22.0  32.5   2.7   .29    .1
  6 1988 250  11352.86  23.5  31.0   2.8   .29   9.8
  6 1988 251  17028.83  22.5  34.5   2.9   .29    .2
  6 1988 252  15998.60  22.0  34.0   2.8   .29  68.7
  6 1988 253  13035.93  21.5  32.5   2.7   .29  52.0
  6 1988 254  13141.13  23.0  32.5   2.9   .29  14.3
  6 1988 255  13927.32  22.0  33.5   2.6   .29  73.5
  6 1988 256  13576.77  22.5  32.0   2.8   .29  39.4
  6 1988 257  10954.77  23.0  29.6   2.9   .29   3.5
  6 1988 258   9128.37  23.5  29.0   2.9   .29    .9
  6 1988 259  10253.05  22.0  32.0   2.7   .29    .1
  6 1988 260  17047.71  24.0  32.6   2.8   .29  13.0
  6 1988 261  11251.09  22.5  30.5   2.7   .29  57.0
  6 1988 262   9085.64  21.0  30.0   2.7   .29  20.4
  6 1988 263   8847.39  22.0  29.0   2.7   .29   2.3
  6 1988 264  15400.35  22.5  32.0   2.8   .29   6.9
  6 1988 265  17646.05  22.0  32.0   2.8   .29    .2
  6 1988 266  17966.26  21.5  32.0   3.0   .29  50.0
  6 1988 267  17833.35  23.0  32.6   3.0   .29   2.7
  6 1988 268  14426.63  23.5  32.5   3.0   .29   1.1
  6 1988 269   9220.34  23.0  30.0   3.1   .29  14.1
  6 1988 270   8867.53  23.5  30.0   2.9   .29   2.2
  6 1988 271   9753.21  23.5  27.5   3.0   .29    .1
  6 1988 272  18621.61  22.5  33.0   2.9   .29    .0
  6 1988 273  11518.11  23.0  30.5   3.1   .30  10.2
  6 1988 274  11948.18  23.0  31.5   2.8   .30    .1
  6 1988 275  11816.25  22.0  31.0   2.7   .30  16.6
  6 1988 276  16611.08  22.0  32.5   2.8   .30   1.9
  6 1988 277  11328.04  23.5  30.5   2.9   .30   1.6
  6 1988 278  12871.35  23.5  31.0   2.8   .30   5.1
  6 1988 279   8832.10  23.0  29.5   2.8   .30  43.9
  6 1988 280  10930.82  22.0  30.5   2.6   .30 136.3
  6 1988 281   8684.17  22.5  28.5   2.7   .30    .5
  6 1988 282  10332.16  22.5  29.0   2.8   .30    .2
  6 1988 283  11198.43  22.0  31.5   2.8   .30   6.5
  6 1988 284  11729.39  24.0  32.0   2.9   .30   3.4
  6 1988 285  13806.95  23.0  31.5   3.0   .30  26.9
  6 1988 286  13006.05  21.0  31.0   2.8   .30   1.5
  6 1988 287  11214.77  22.5  31.5   2.7   .30    .4
  6 1988 288  15814.10  23.0  31.0   2.8   .30    .1
  6 1988 289  16660.94  20.5  32.5   2.4   .30  29.3
  6 1988 290   8068.23  22.0  27.0   2.5   .30  31.8
  6 1988 291  10457.95  22.0  30.0   2.7   .30   1.5
  6 1988 292   8246.69  23.0  27.5   2.7   .30  56.0
  6 1988 293   8007.67  22.0  23.5   2.5   .30 110.6
  6 1988 294  12998.94  22.0  30.5   2.8   .30   8.6
  6 1988 295   7966.59  22.5  28.0   2.7   .30   3.6
  6 1988 296   7945.89  24.0  26.0   2.7   .30  11.7
  6 1988 297  10742.09  22.0  31.0   2.8   .30   2.4
  6 1988 298  15257.77  23.5  32.0   3.0   .30    .0
  6 1988 299  16949.65  22.0  32.5   2.8   .30    .0
  6 1988 300  13140.78  21.5  31.5   2.8   .30    .0
  6 1988 301  16012.33  21.0  32.0   2.7   .30   1.2
  6 1988 302  18657.78  23.0  32.5   2.9   .30    .0
  6 1988 303  18829.48  20.0  32.5   2.7   .30    .0
  6 1988 304  14297.72  20.5  30.0   2.7   .30    .0
  6 1988 305  11917.14  21.5  27.5   2.7   .30   2.3
  6 1988 306  14016.84  21.5  32.0   2.8   .30    .0
  6 1988 307  10690.10  22.5  29.2   2.7   .30  24.0
  6 1988 308  16918.52  21.0  32.2   2.9   .35    .0
  6 1988 309  16138.61  21.0  34.0   2.6   .35    .0
  6 1988 310  10399.01  22.5  33.0   2.7   .35   2.9
  6 1988 311  15220.56  21.5  33.5   2.9   .35   3.1
  6 1988 312   8243.99  23.0  30.0   2.8   .35   3.9
  6 1988 313   8852.40  23.0  29.0   2.8   .35  11.2
  6 1988 314  10401.24  23.5  30.0   3.0   .35   3.0
  6 1988 315  15602.98  23.0  31.5   2.9   .35    .1
  6 1988 316  14002.67  21.0  32.0   2.6   .35   8.7
  6 1988 317   7618.86  23.0  27.5   2.7   .35  17.0
  6 1988 318   7495.78  23.0  25.5   2.8   .35  16.2
  6 1988 319  14841.95  19.5  31.5   2.4   .35   1.6
  6 1988 320   7562.28  21.5  25.5   2.6   .35   6.7
  6 1988 321   7750.71  21.5  28.0   2.7   .35   1.6
  6 1988 322  14230.83  20.5  30.5   2.7   .35    .0
  6 1988 323  16260.35  21.5  33.5   2.9   .35   1.0
  6 1988 324  15610.86  23.0  33.0   2.6   .35    .0
  6 1988 325  14964.23  21.5  34.0   2.8   .35   5.3
  6 1988 326  13193.76  23.0  33.5   2.9   .35  11.7
  6 1988 327  11429.85  23.0  30.6   2.8   .35  18.6
  6 1988 328   8447.29  20.5  27.5   2.4   .35   7.6
  6 1988 329  13424.67  21.0  31.0   2.6   .35   4.2
  6 1988 330  15639.46  22.0  31.0   2.7   .35    .0
  6 1988 331  13682.25  18.0  31.5   2.5   .35    .0
  6 1988 332  13659.35  24.0  32.5   2.8   .35   2.2
  6 1988 333   8469.98  21.5  30.5   2.9   .35  10.7
  6 1988 334   7241.57  21.5  28.5   2.8   .35 125.3
  6 1988 335   7431.63  19.0  29.0   2.8   .35  53.9
  6 1988 336  11557.79  19.5  30.0   2.7   .35   7.0
  6 1988 337   7207.06  20.0  28.5   2.6   .35 156.2
  6 1988 338   7196.67  20.0  27.0   2.5   .35   4.2
  6 1988 339  10506.10  20.0  30.5   2.7   .35  11.8
  6 1988 340  10292.55  20.5  29.5   2.7   .35  37.6
  6 1988 341   8574.36  21.5  29.0   2.6   .35  15.3
  6 1988 342   8464.78  20.5  30.0   2.6   .35   4.3
  6 1988 343  11963.92  20.5  31.0   2.5   .35    .4
  6 1988 344  10651.65  20.0  31.5   2.4   .35    .9
  6 1988 345  16047.22  20.5  32.5   2.7   .35    .0
  6 1988 346  12135.65  20.5  32.0   2.8   .35  10.0
  6 1988 347   7129.91  20.0  27.0   2.7   .35  19.2
  6 1988 348   7125.63  21.5  23.0   2.6   .35 119.6
  6 1988 349  12615.28  21.0  30.5   2.7   .35   4.2
  6 1988 350  13009.95  21.0  30.0   2.5   .35  29.5
  6 1988 351   7116.70  20.5  23.0   2.6   .35 101.7
  6 1988 352  11306.87  19.5  30.0   2.6   .35  36.4
  6 1988 353   7513.23  20.0  25.0   2.8   .35  84.5
  6 1988 354   7313.30  19.5  24.0   2.5   .35  26.0
  6 1988 355  11904.45  21.0  27.6   2.4   .35  15.8
  6 1988 356  15499.36  21.0  31.5   2.7   .35   5.5
  6 1988 357  11010.24  21.5  31.5   2.7   .35   3.9
  6 1988 358  10114.92  21.0  32.0   2.6   .35   1.1
  6 1988 359  14414.57  21.5  31.5   2.7   .35   1.6
  6 1988 360  10223.87  22.0  31.5   2.7   .35  11.2
  6 1988 361  14829.32  19.5  31.5   2.6   .35   3.0
  6 1988 362  14738.69  20.0  31.0   2.6   .35    .0
  6 1988 363  13047.32  20.0  32.0   2.5   .35   4.9
  6 1988 364   7347.28  20.5  27.0   2.8   .35   7.2
  6 1988 365  11364.93  22.0  31.0   2.7   .35  31.8
  6 1988 366  14687.67  21.0  31.5   2.6   .35   1.0
