*---------------------------------------------------------              
* Station name: La Mola                                                 
* Author: Atlantic Zone Project, AUW-MAG-CATIE, Costa Rica              
* Source: IMN, San Jose, Costa Rica                                     
*                                                                       
* Comments: Wind speed still lacking                                    
*           Solar radiation data lacking                                
*           Check unit of vapor pressure                                
*                                                                       
* Longitude:  83  46 W, latitude:  10  21 N, altitude: 163 m.           
* Column  Daily value                                                   
*    1    station number                                                
*    2    year                                                          
*    3    month                                                         
*    4    day                                                           
*    5    julian date                                                   
*    6    irradiation            (cal cm-2 d-1)                         
*    7    minimum temperature    (degrees Celcius)                      
*    8    maximum temperature    (degrees Celcius)                      
*    9    vapor pressure at 0700 (mbar)                                 
*   10    vapor pressure at 1300 (mbar)                                 
*   11    vapor pressure at 1800 (mbar)                                 
*   12    mean wind speed        (kilometer per hour)                   
*   13    precipitation          (mm d-1)                               
*   14    sunshine hours         (hours)                                
* Missing value: -99                                                    
*---------------------------------------------------------              
*  data converted with WDC for CABO-format
*-------------------------------------------
  83.77  10.35    70.  .00  .00
  6 1982   1  16995.74  19.0  31.8   1.9   .31    .0
  6 1982   2  15405.93  18.8  32.0   1.8   .31    .0
  6 1982   3  14015.31  19.6  31.8   1.9   .31    .2
  6 1982   4  13126.11  20.5  31.2   2.0   .31    .0
  6 1982   5  10119.87  19.0  29.0   1.8   .31   5.4
  6 1982   6  15581.67  20.2  30.6   1.9   .31  15.4
  6 1982   7  15704.32  20.4  30.6   2.0   .31    .5
  6 1982   8  16637.47  20.4  30.5   1.8   .31    .0
  6 1982   9  12408.84  20.2  30.2   1.9   .31   5.0
  6 1982  10  14964.69  19.8  30.8   1.9   .31   4.4
  6 1982  11  10824.88  21.2  30.0   1.9   .31   1.4
  6 1982  12  14506.57  21.4  31.0   2.0   .31    .1
  6 1982  13  10864.29  19.0  30.8   1.9   .31    .1
  6 1982  14  12415.92  23.2  32.0   2.1   .31  10.3
  6 1982  15  13564.42  22.4  30.2   2.1   .31  12.4
  6 1982  16  15024.74  18.5  31.0   1.7   .31    .9
  6 1982  17  14849.46  21.5  30.8   2.0   .31    .0
  6 1982  18  10871.58  20.3  30.0   1.9   .31   6.8
  6 1982  19   8732.97  20.8  28.6   1.9   .31  18.0
  6 1982  20  15045.69  21.2  31.2   2.0   .31   1.5
  6 1982  21   7429.99  20.6  25.2   1.9   .31  14.5
  6 1982  22  11694.17  18.4  28.7   1.7   .31    .0
  6 1982  23  15352.95  19.0  32.2   1.8   .31    .0
  6 1982  24  16531.49  18.8  31.4   1.7   .31    .0
  6 1982  25  10735.06  19.0  30.2   1.8   .31    .0
  6 1982  26  15250.38  20.5  31.2   1.9   .31    .2
  6 1982  27  16855.56  20.0  31.0   1.9   .31    .0
  6 1982  28  17943.59  19.4  30.8   1.8   .33    .0
  6 1982  29  13678.82  18.8  31.2   1.8   .33    .0
  6 1982  30  16344.36  17.0  31.5   1.6   .33   1.6
  6 1982  31  10686.93  19.8  30.5   1.7   .33    .0
  6 1982  32  16318.13  20.0  31.6   1.9   .33   1.0
  6 1982  33  18053.36  19.3  32.2   1.8   .33    .0
  6 1982  34  16185.95  19.0  31.5   1.8   .33    .0
  6 1982  35  16970.80  18.0  31.5   1.7   .33    .0
  6 1982  36  14986.36  21.4  31.5   1.9   .33  17.7
  6 1982  37  15344.49  21.0  31.2   2.0   .33   2.2
  6 1982  38  16882.22  20.8  31.0   2.0   .33  19.0
  6 1982  39  18104.46  21.6  31.0   2.0   .33    .0
  6 1982  40  18578.86  19.2  31.2   1.8   .33    .5
  6 1982  41  17869.39  21.0  32.6   2.0   .33   4.7
  6 1982  42  11863.71  21.5  31.2   2.0   .33    .7
  6 1982  43  15899.42  20.3  32.0   1.9   .33   1.4
  6 1982  44  11707.86  20.4  29.4   2.0   .33  33.7
  6 1982  45  11737.86  21.3  29.4   2.0   .33   4.3
  6 1982  46  15035.40  21.0  31.2   2.0   .33    .0
  6 1982  47  19219.26  18.2  31.8   1.7   .33    .0
  6 1982  48  17623.38  19.5  32.0   1.8   .33    .0
  6 1982  49  15582.33  20.6  31.8   1.9   .33    .0
  6 1982  50  16497.27  18.7  31.8   1.8   .33    .0
  6 1982  51  18515.38  18.5  31.6   1.8   .33    .0
  6 1982  52  19107.87  18.0  31.6   2.1   .33    .0
  6 1982  53  19149.87  17.0  32.4   1.6   .33    .0
  6 1982  54  13659.99  19.4  31.0   1.8   .33    .0
  6 1982  55  11917.73  16.4  29.4   1.6   .33   8.8
  6 1982  56   8170.32  20.4  24.4   1.8   .37  13.1
  6 1982  57  11305.02  20.5  30.0   1.9   .37   5.1
  6 1982  58   8211.21  21.5  24.6   2.0   .37  11.0
  6 1982  59  13699.47  18.0  30.3   1.6   .37    .8
  6 1982  60  11492.69  19.5  30.2   1.9   .37  11.0
  6 1982  61   8270.74  21.0  27.3   2.0   .37   9.1
  6 1982  62  10756.88  21.0  29.0   1.9   .37   5.3
  6 1982  63   9881.25  19.0  30.0   1.8   .37    .0
  6 1982  64  16874.95  18.0  31.2   1.8   .37    .0
  6 1982  65  16905.53  18.5  32.2   1.8   .37    .0
  6 1982  66  18401.54  19.0  32.2   2.0   .37    .0
  6 1982  67  19336.12  19.5  31.6   1.7   .37    .0
  6 1982  68  13374.80  17.0  31.0   1.7   .37    .0
  6 1982  69  18492.68  19.6  31.8   1.9   .37   3.3
  6 1982  70  10587.06  19.5  29.2   1.9   .37   4.8
  6 1982  71  15258.54  20.4  31.0   1.9   .37    .0
  6 1982  72  19939.76  18.6  32.0   1.8   .37  18.7
  6 1982  73   8481.50  21.0  27.5   1.9   .37   4.0
  6 1982  74  15896.10  19.0  30.6   1.8   .37    .0
  6 1982  75  15690.12  19.0  31.0   1.8   .37    .0
  6 1982  76  17649.87  21.0  31.6   1.7   .37    .0
  6 1982  77  15160.55  21.0  30.4   1.9   .37    .0
  6 1982  78  17121.53  17.4  32.0   1.7   .37   4.3
  6 1982  79  14626.15  20.8  30.8   1.8   .37   2.3
  6 1982  80  16702.47  20.5  31.0   1.9   .37    .0
  6 1982  81  16605.71  18.8  31.2   1.7   .37   1.0
  6 1982  82  13758.89  22.0  30.6   2.0   .37    .0
  6 1982  83  19045.25  19.6  32.2   1.8   .37    .0
  6 1982  84  19405.60  18.8  32.5   1.7   .37    .0
  6 1982  85  19880.01  18.2  32.6   1.7   .37   1.6
  6 1982  86  20124.30  19.0  32.0   2.1   .37    .0
  6 1982  87  15660.88  19.2  31.8   1.8   .37   9.6
  6 1982  88  17969.10  21.0  31.4   1.9   .37   5.0
  6 1982  89   8676.39  21.5  30.2   2.1   .37   7.5
  6 1982  90  19254.56  20.0  31.5   1.8   .37    .0
  6 1982  91  21102.74  17.0  32.5   1.7   .35    .0
  6 1982  92  20422.19  18.0  32.4   1.6   .35    .0
  6 1982  93  12845.21  20.5  31.0   1.9   .35    .5
  6 1982  94  13771.45  20.8  31.0   1.9   .35    .0
  6 1982  95  15386.49  19.0  32.0   1.7   .35    .0
  6 1982  96  14357.71  20.5  32.0   1.9   .35   6.1
  6 1982  97   8732.81  21.5  28.8   2.0   .35   3.1
  6 1982  98  17583.03  20.4  31.4   1.9   .35   1.4
  6 1982  99  16322.46  22.0  32.8   1.9   .35    .0
  6 1982 100  11846.99  21.6  33.0   1.9   .35    .0
  6 1982 101  13686.39  20.8  33.2   2.1   .35    .0
  6 1982 102  11737.61  20.4  32.2   1.9   .35    .0
  6 1982 103  15065.61  20.3  31.5   1.8   .35   4.6
  6 1982 104   8989.58  21.6  28.6   2.0   .35   4.9
  6 1982 105  14377.40  19.4  31.0   2.0   .35    .3
  6 1982 106  10138.96  21.4  30.2   2.0   .35    .0
  6 1982 107  15290.66  21.0  31.6   2.0   .35    .0
  6 1982 108  16660.78  20.0  32.4   2.0   .35    .0
  6 1982 109  20315.06  19.0  32.6   2.0   .35    .0
  6 1982 110  20307.93  19.0  32.8   2.0   .35    .0
  6 1982 111  14591.68  19.2  32.0   1.8   .35   4.0
  6 1982 112  11735.19  20.0  30.5   2.0   .35  44.1
  6 1982 113  10592.50  20.0  29.5   2.0   .35  10.4
  6 1982 114   8767.79  22.4  27.5   2.1   .35   5.8
  6 1982 115  17416.51  19.8  31.0   2.0   .35   6.7
  6 1982 116   9106.51  21.6  28.2   2.1   .35   1.3
  6 1982 117   8877.33  22.2  29.0   2.1   .35    .0
  6 1982 118  14551.00  20.4  31.8   2.0   .35    .0
  6 1982 119   9326.65  21.5  31.2   2.1   .30    .0
  6 1982 120  16688.23  21.8  34.0   2.1   .30    .0
  6 1982 121  10678.73  22.8  32.2   2.2   .30   2.3
  6 1982 122  16327.85  20.6  33.5   2.0   .30    .0
  6 1982 123  13605.91  22.0  33.6   2.1   .30    .0
  6 1982 124  12807.63  20.6  33.5   2.0   .30    .0
  6 1982 125  16970.91  19.0  33.0   1.8   .30    .0
  6 1982 126  11102.65  20.6  31.8   2.0   .30   4.0
  6 1982 127  11208.70  20.6  32.5   2.0   .30    .0
  6 1982 128  17494.70  22.2  33.0   2.1   .30    .0
  6 1982 129   9960.29  21.0  31.6   2.0   .30   5.0
  6 1982 130  12533.44  21.6  32.5   2.2   .30   3.9
  6 1982 131  13196.74  21.0  32.4   2.1   .30   4.3
  6 1982 132  18781.04  21.8  33.6   2.1   .30   2.0
  6 1982 133  14518.50  22.2  32.2   2.2   .30   4.7
  6 1982 134  16516.54  21.5  33.0   2.0   .30    .0
  6 1982 135  16502.95  20.8  34.2   1.9   .30    .0
  6 1982 136  17825.90  21.0  33.8   2.1   .30    .0
  6 1982 137  14918.04  20.0  34.0   2.0   .30    .0
  6 1982 138  14572.69  21.7  34.2   2.1   .30   8.1
  6 1982 139   9454.45  21.8  30.5   2.1   .30   1.8
  6 1982 140   9448.47  22.2  31.0   2.1   .30    .0
  6 1982 141   9220.92  21.8  30.5   2.1   .30  23.5
  6 1982 142  16407.87  21.0  33.2   2.2   .30   4.3
  6 1982 143   9098.91  22.6  31.4   2.2   .30   5.0
  6 1982 144   9755.88  22.4  30.6   2.1   .30   3.0
  6 1982 145   8756.85  22.4  29.8   2.1   .30   1.5
  6 1982 146   9412.91  22.0  31.2   2.1   .30   1.1
  6 1982 147  12820.07  21.5  33.2   2.1   .30    .0
  6 1982 148  13361.05  22.7  33.6   2.2   .30   8.5
  6 1982 149  12033.13  22.5  32.5   2.1   .30  40.0
  6 1982 150  15318.75  23.0  32.5   2.2   .30    .4
  6 1982 151  11907.84  22.6  33.0   2.2   .30 123.2
  6 1982 152  14530.59  22.2  33.0   2.0   .30    .0
  6 1982 153  18791.60  22.6  33.8   2.3   .30    .0
  6 1982 154  17903.72  22.0  33.0   2.3   .27    .0
  6 1982 155  19422.79  22.5  34.8   2.3   .27    .0
  6 1982 156  16351.83  21.8  34.2   2.1   .27   5.2
  6 1982 157   9028.39  22.4  30.0   2.1   .27    .0
  6 1982 158  10660.66  21.6  30.7   2.3   .27   2.5
  6 1982 159  13599.18  20.5  31.4   2.0   .27   1.2
  6 1982 160   8580.94  22.0  30.2   2.1   .27   9.8
  6 1982 161   9775.43  22.0  30.5   2.1   .27   7.1
  6 1982 162  13580.68  21.0  32.0   2.1   .27  52.0
  6 1982 163  13357.70  21.0  32.5   2.1   .27  27.0
  6 1982 164  13244.04  21.0  33.5   2.0   .27    .0
  6 1982 165  17477.87  20.5  33.5   2.2   .27   1.5
  6 1982 166  15082.15  20.5  33.5   2.4   .27  14.8
  6 1982 167  15077.76  20.5  33.5   2.4   .27  24.5
  6 1982 168  16159.47  20.0  32.5   2.2   .27    .0
  6 1982 169  17241.07  20.5  34.0   2.2   .27    .0
  6 1982 170  17563.14  20.0  33.5   2.1   .27   8.0
  6 1982 171  12569.71  20.0  31.8   2.2   .27    .0
  6 1982 172   9639.29  20.0  31.0   2.0   .27  25.5
  6 1982 173  12675.27  20.0  32.0   2.2   .27   6.0
  6 1982 174   8553.05  19.5  31.0   2.1   .27    .0
  6 1982 175   9203.34  19.5  31.0   2.1   .27   1.5
  6 1982 176   8769.31  19.5  27.0   2.2   .27   1.0
  6 1982 177  13541.73  19.5  32.0   2.2   .27   9.4
  6 1982 178   8769.53  22.0  32.0   2.2   .27  12.5
  6 1982 179   9529.41  22.0  31.0   2.2   .27  12.0
  6 1982 180   8553.59  22.0  31.0   2.2   .27  20.0
  6 1982 181   8988.55  21.5  28.5   2.3   .27  95.0
  6 1982 182   8555.41  21.5  28.5   2.2   .29  35.5
  6 1982 183   8556.61  21.5  25.0   2.2   .29 166.5
  6 1982 184  12577.58  21.0  31.0   2.1   .29    .0
  6 1982 185  16167.11  21.0  33.0   2.2   .29 176.5
  6 1982 186   8561.32  20.5  26.5   2.0   .29  21.0
  6 1982 187   8563.25  20.5  26.5   2.1   .29  25.0
  6 1982 188  16727.44  20.0  32.0   2.1   .29  31.0
  6 1982 189   8567.60  20.0  26.0   2.1   .29  13.0
  6 1982 190   8570.00  20.0  27.0   2.1   .29   3.5
  6 1982 191  11079.80  19.5  29.5   2.1   .29   1.1
  6 1982 192  13374.70  20.0  31.0   2.0   .29  43.0
  6 1982 193   8578.07  19.5  31.0   2.1   .29  70.5
  6 1982 194   9454.81  19.0  30.5   2.1   .29  10.5
  6 1982 195  16563.07  19.5  31.5   2.1   .29    .0
  6 1982 196  13509.41  19.0  32.5   2.1   .29    .1
  6 1982 197  10451.40  19.0  32.5   2.3   .29  66.0
  6 1982 198  11003.96  19.0  30.0   2.1   .29  14.6
  6 1982 199  12653.90  19.0  30.0   2.2   .29  21.0
  6 1982 200   8820.22  18.5  30.0   2.2   .29   6.0
  6 1982 201  10361.46  18.5  30.0   2.0   .29  25.0
  6 1982 202  15862.41  18.5  32.0   2.1   .29  14.5
  6 1982 203   8611.54  18.5  32.0   2.1   .29  19.0
  6 1982 204  12028.66  18.5  29.4   2.0   .29   1.0
  6 1982 205  12476.28  18.5  31.0   2.1   .29   9.0
  6 1982 206   8622.54  18.0  27.0   2.0   .29  66.0
  6 1982 207   8626.21  18.0  25.0   2.1   .29 146.0
  6 1982 208   8629.86  17.5  28.0   2.0   .29   6.0
  6 1982 209  10901.27  17.5  31.5   2.0   .29  31.7
  6 1982 210  13176.96  18.0  31.0   2.0   .27  13.0
  6 1982 211  14625.69  22.2  31.4   2.2   .27   1.2
  6 1982 212  16742.77  21.8  32.0   2.1   .27  27.1
  6 1982 213  14810.59  22.6  28.0   2.3   .27  63.0
  6 1982 214  12874.60  21.8  30.2   2.0   .27   5.3
  6 1982 215  18667.40  20.4  33.0   2.1   .27  72.8
  6 1982 216   9213.87  21.5  29.3   2.0   .27  35.4
  6 1982 217  10666.51  22.2  29.8   2.1   .27  73.2
  6 1982 218   9220.74  22.0  29.0   2.2   .27  13.4
  6 1982 219  10899.18  21.6  29.0   2.1   .27    .3
  6 1982 220  10456.65  21.5  30.0   2.0   .27   4.3
  6 1982 221  10796.32  21.6  29.2   2.0   .27   1.2
  6 1982 222  10912.42  21.0  29.5   2.0   .27  20.4
  6 1982 223  11588.94  22.4  31.5   2.0   .27   6.4
  6 1982 224   9910.55  23.0  29.0   2.3   .27   9.2
  6 1982 225  19007.78  21.6  31.5   2.1   .27    .0
  6 1982 226   8679.55  21.0  28.5   1.9   .27    .5
  6 1982 227  17790.26  22.5  32.6   2.2   .27  50.6
  6 1982 228  12283.34  22.2  31.0   2.0   .27  20.4
  6 1982 229   8682.34  22.4  28.4   2.0   .27  23.2
  6 1982 230  15333.44  22.2  33.0   2.2   .27    .7
  6 1982 231   9472.57  23.0  30.0   2.2   .27  10.3
  6 1982 232  13875.43  23.6  31.0   2.4   .27  83.4
  6 1982 233   8795.39  22.5  25.2   2.1   .27  64.3
  6 1982 234   9020.83  20.5  28.5   2.0   .27   6.1
  6 1982 235  14901.20  22.0  31.8   2.2   .27  89.0
  6 1982 236  13319.20  23.0  30.8   2.1   .27  26.8
  6 1982 237  16150.77  24.0  32.0   2.4   .27  20.3
  6 1982 238  14113.55  21.8  32.5   2.2   .27  21.0
  6 1982 239  19327.45  23.0  32.0   2.2   .27    .0
  6 1982 240  14907.42  21.0  31.5   2.1   .27   1.5
  6 1982 241   9348.71  22.5  28.3   2.1   .27   6.1
  6 1982 242  10480.43  21.0  29.8   2.1   .27    .6
  6 1982 243  19218.02  20.5  32.4   2.2   .27  17.5
  6 1982 244   8657.14  22.4  24.2   2.1   .27  38.1
  6 1982 245  18533.96  20.0  31.2   2.0   .29  12.4
  6 1982 246  10352.03  22.4  31.0   2.1   .29   3.5
  6 1982 247  13869.46  22.8  32.8   2.2   .29   4.4
  6 1982 248   9319.19  23.3  28.5   2.2   .29    .3
  6 1982 249  15222.99  21.5  32.6   2.1   .29    .0
  6 1982 250  12262.07  21.5  31.3   2.1   .29   3.7
  6 1982 251  19756.49  22.0  32.5   2.3   .29  21.9
  6 1982 252   8838.78  22.3  29.0   2.1   .29   7.5
  6 1982 253  11217.72  20.5  30.2   1.9   .29    .8
  6 1982 254   9618.80  22.0  29.8   2.0   .29   4.0
  6 1982 255  11655.24  20.4  31.2   2.0   .29    .0
  6 1982 256  14144.66  21.0  31.2   2.1   .29   1.0
  6 1982 257  11295.42  22.8  31.6   2.2   .29  13.2
  6 1982 258  13101.34  21.4  32.2   2.0   .29  12.8
  6 1982 259  10820.42  22.0  31.6   2.2   .29    .3
  6 1982 260   8540.72  21.5  30.0   2.0   .29    .0
  6 1982 261  11817.96  21.2  30.4   2.1   .29    .3
  6 1982 262  10785.42  22.2  32.2   2.2   .29    .0
  6 1982 263   9526.93  21.2  30.2   2.1   .29    .8
  6 1982 264  17098.19  20.8  32.4   2.0   .29   1.4
  6 1982 265  12442.68  22.7  32.0   2.1   .29    .0
  6 1982 266  13783.82  20.6  31.3   2.2   .29   2.8
  6 1982 267   8796.88  21.3  29.5   2.0   .29  14.2
  6 1982 268  10814.87  20.5  30.0   2.0   .29    .5
  6 1982 269  15310.13  21.0  32.6   2.1   .29   4.1
  6 1982 270  17656.19  22.5  32.7   2.1   .29    .0
  6 1982 271  11216.64  22.0  30.6   2.2   .29   6.1
  6 1982 272  17946.84  20.2  33.0   2.0   .29    .0
  6 1982 273  13989.78  22.0  33.0   2.2   .30  20.0
  6 1982 274  11499.26  20.7  32.8   2.1   .30  12.3
  6 1982 275  12488.88  21.7  34.3   2.0   .30  35.6
  6 1982 276  15491.31  21.4  33.4   2.0   .30    .0
  6 1982 277  13341.22  21.5  31.8   2.1   .30  36.8
  6 1982 278  13988.41  20.4  32.0   2.0   .30  38.5
  6 1982 279  10728.67  21.0  31.0   2.1   .30   4.9
  6 1982 280   9705.25  21.5  30.5   2.1   .30  18.1
  6 1982 281  17807.85  20.7  33.4   1.9   .30   3.9
  6 1982 282   8221.10  21.4  29.5   2.0   .30    .5
  6 1982 283  10088.95  20.3  30.6   2.0   .30   5.0
  6 1982 284  11286.25  20.8  31.0   2.2   .30   1.1
  6 1982 285   9271.66  21.3  31.0   2.1   .30  37.5
  6 1982 286  12674.71  21.3  32.2   2.1   .30  21.4
  6 1982 287  16397.44  21.0  32.0   2.1   .30  20.0
  6 1982 288   8107.75  22.0  36.0   2.3   .30  12.4
  6 1982 289   9187.17  19.8  28.7   2.0   .30  27.1
  6 1982 290   9823.80  21.0  28.5   1.9   .30   1.4
  6 1982 291  15058.39  19.6  32.2   2.0   .30    .6
  6 1982 292   8465.38  21.4  29.0   2.1   .30   1.5
  6 1982 293   8553.41  21.0  30.7   2.2   .30  32.2
  6 1982 294   9294.60  22.5  26.4   2.1   .30  23.1
  6 1982 295  10032.88  21.5  31.8   1.9   .30    .7
  6 1982 296   8814.29  22.2  28.4   2.1   .30  34.7
  6 1982 297   9306.51  20.8  26.4   2.0   .30  78.0
  6 1982 298   9796.68  21.6  23.4   1.9   .30 213.3
  6 1982 299  10284.80  21.0  24.0   1.9   .30  40.6
  6 1982 300  10770.86  21.4  30.0   2.1   .30  20.7
  6 1982 301  12141.85  21.4  31.0   2.1   .30    .1
  6 1982 302  13614.59  21.4  31.5   2.1   .30    .3
  6 1982 303  16580.60  19.3  31.7   1.9   .30    .0
  6 1982 304  12053.32  22.2  31.2   2.1   .30    .3
  6 1982 305  12237.13  21.8  32.3   2.2   .30    .0
  6 1982 306  15187.77  21.0  33.0   2.1   .30    .3
  6 1982 307  10583.87  21.3  30.6   2.0   .30   7.2
  6 1982 308  14798.12  20.0  31.2   2.0   .35   6.7
  6 1982 309  12964.44  20.6  30.4   1.9   .35  21.6
  6 1982 310   9659.87  21.0  28.5   2.0   .35    .9
  6 1982 311   8792.40  21.5  30.0   2.1   .35  11.4
  6 1982 312   8138.82  21.7  29.2   2.0   .35  34.4
  6 1982 313   8222.66  22.3  28.4   2.0   .35  82.8
  6 1982 314   7573.04  22.5  25.5   2.0   .35 113.7
  6 1982 315   7553.37  21.0  26.8   2.0   .35   9.8
  6 1982 316  10768.30  22.0  31.2   2.2   .35   7.5
  6 1982 317   9180.82  21.0  29.0   2.1   .35  33.3
  6 1982 318   9886.15  20.8  29.3   1.9   .35   1.0
  6 1982 319   7477.12  19.0  26.7   1.9   .35  19.0
  6 1982 320  11496.56  22.0  31.0   2.1   .35   1.2
  6 1982 321  11884.31  20.5  30.5   2.0   .35   1.2
  6 1982 322  12477.29  20.0  31.3   2.0   .35    .0
  6 1982 323  16466.27  19.6  31.0   2.0   .35    .1
  6 1982 324  13863.62  20.8  31.3   2.0   .35   9.2
  6 1982 325  17529.21  20.5  32.2   2.1   .35   9.2
  6 1982 326  16368.89  21.3  32.0   2.0   .35    .1
  6 1982 327  13986.14  19.5  31.2   1.9   .35    .0
  6 1982 328  14674.44  18.5  30.5   1.7   .35    .0
  6 1982 329  13424.67  18.5  31.0   1.8   .35    .0
  6 1982 330   7294.85  19.5  25.7   1.9   .35   4.0
  6 1982 331  11040.38  21.6  30.0   2.1   .35  10.6
  6 1982 332  16906.14  18.5  30.0   2.0   .35    .0
  6 1982 333  15562.35  17.5  30.0   1.9   .35    .0
  6 1982 334  17359.81  17.0  32.0   1.7   .35    .2
  6 1982 335  18345.11  16.5  31.5   1.6   .35    .0
  6 1982 336  12466.12  16.0  32.0   1.7   .35    .0
  6 1982 337  11037.65  20.0  30.5   2.0   .35    .0
  6 1982 338  11526.39  19.4  30.7   1.8   .35    .0
  6 1982 339  12014.85  21.0  31.0   2.0   .35    .3
  6 1982 340  13708.95  19.5  30.7   1.9   .35   4.4
  6 1982 341  11887.16  21.4  32.0   2.1   .35   5.8
  6 1982 342  11674.37  21.6  30.4   2.1   .35  11.7
  6 1982 343   7454.09  21.2  26.8   2.1   .35  32.7
  6 1982 344   9349.78  21.0  29.7   2.0   .35   1.4
  6 1982 345  11944.09  19.5  30.0   2.0   .35   3.0
  6 1982 346  10235.34  21.2  30.7   2.1   .35  23.6
  6 1982 347   7529.76  21.2  26.0   1.9   .35  21.7
  6 1982 348   7525.30  21.4  27.8   1.9   .35   7.0
  6 1982 349   9818.70  21.4  29.6   2.0   .35  39.0
  6 1982 350   8317.17  22.2  28.2   2.0   .35  14.1
  6 1982 351  10011.54  21.4  29.4   2.0   .35   2.2
  6 1982 352   8212.90  20.0  29.0   1.9   .35  23.2
  6 1982 353   9509.15  20.5  29.0   1.9   .35   6.7
  6 1982 354   7113.71  19.5  21.8   1.7   .35  35.8
  6 1982 355   7114.05  19.8  22.8   1.8   .35  16.8
  6 1982 356  14501.23  20.0  29.7   1.9   .35    .0
  6 1982 357  12008.58  20.4  30.5   1.9   .35   2.9
  6 1982 358   9915.19  21.0  29.8   1.9   .35  22.5
  6 1982 359  15213.75  21.8  30.0   2.0   .35  11.9
  6 1982 360   8125.13  21.5  28.2   1.9   .35  36.2
  6 1982 361   8429.92  21.5  27.0   1.9   .35   3.5
  6 1982 362   7635.26  19.6  26.0   1.9   .35   1.5
  6 1982 363  11445.51  19.7  28.7   1.9   .35    .0
  6 1982 364  17065.26  18.0  30.6   1.6   .35    .0
  6 1982 365  17180.27  17.5  30.8   1.7   .35   5.0
