*---------------------------------------------------------              
* Station name: La Mola                                                 
* Author: Atlantic Zone Project, AUW-MAG-CATIE, Costa Rica              
* Source: IMN, San Jose, Costa Rica                                     
*                                                                       
* Comments: Wind speed still lacking                                    
*           Solar radiation data lacking                                
*           Check unit of vapor pressure                                
*                                                                       
* Longitude:  83  46 W, latitude:  10  21 N, altitude:  70 m.           
* Column  Daily value                                                   
*    1    station number                                                
*    2    year                                                          
*    3    month                                                         
*    4    day                                                           
*    5    julian date                                                   
*    6    irradiation            (cal cm-2 d-1)                         
*    7    minimum temperature    (degrees Celcius)                      
*    8    maximum temperature    (degrees Celcius)                      
*    9    vapor pressure at 0700 (mbar)                                 
*   10    vapor pressure at 1300 (mbar)                                 
*   11    vapor pressure at 1800 (mbar)                                 
*   12    mean wind speed        (kilometer per hour)                   
*   13    precipitation          (mm d-1)                               
*   14    sunshine hours         (hours)                                
* Missing value: -99                                                    
*---------------------------------------------------------              
*  data converted with WDC for CABO-format
*-------------------------------------------
  83.77  10.35    70.  .00  .00
  6 1980   1   8365.57  21.8  26.8   1.9   .31  14.6
  6 1980   2   7169.53  20.4  24.0   1.9   .31  69.3
  6 1980   3  10797.90  22.0  29.4   2.0   .31   3.1
  6 1980   4  15239.77  20.4  31.4   2.0   .31   3.8
  6 1980   5   8205.35  22.4  28.8   2.2   .31  58.1
  6 1980   6  11949.84  22.4  28.2   2.1   .31  18.4
  6 1980   7  16411.39  22.0  30.8   1.9   .31    .0
  6 1980   8   7534.63  21.4  26.4   1.9   .31   5.7
  6 1980   9  16966.49  22.2  30.4   2.0   .31   1.9
  6 1980  10  13341.88  21.8  31.0   2.0   .31    .0
  6 1980  11  14176.88  18.9  30.2   1.8   .31    .0
  6 1980  12  16642.93  18.8  31.2   1.7   .31    .0
  6 1980  13  12902.15  21.2  30.6   2.0   .31    .1
  6 1980  14  17416.82  20.6  31.4   1.6   .31    .5
  6 1980  15  15506.81  18.8  30.4   1.4   .31    .0
  6 1980  16   8982.72  21.0  28.4   1.6   .31    .0
  6 1980  17  13413.23  19.0  30.8   1.7   .31    .0
  6 1980  18  10357.71  21.4  30.0   1.9   .31    .2
  6 1980  19  16764.14  18.9  31.0   1.4   .31   4.1
  6 1980  20  14736.22  22.2  30.0   1.8   .31    .1
  6 1980  21  11874.28  20.0  30.2   1.9   .31   5.2
  6 1980  22  11072.83  21.8  29.4   2.0   .31    .0
  6 1980  23  14937.90  22.0  31.4   1.8   .31    .0
  6 1980  24  16947.37  20.0  31.4   1.9   .31    .0
  6 1980  25  14485.60  19.9  31.4   1.8   .31    .0
  6 1980  26  14415.22  21.8  32.0   2.1   .31   1.9
  6 1980  27  10055.76  22.9  30.4   2.2   .31    .2
  6 1980  28  16161.46  22.8  31.0   1.6   .33    .5
  6 1980  29  11787.87  22.0  29.0   1.7   .33  10.2
  6 1980  30   8238.14  21.8  26.8   2.0   .33  34.7
  6 1980  31  14906.95  19.0  29.2   1.6   .33    .0
  6 1980  32  18432.66  16.8  31.2   1.2   .33   1.9
  6 1980  33  13709.25  19.2  29.4   1.7   .33    .0
  6 1980  34  13106.66  20.2  29.4   1.6   .33  47.2
  6 1980  35   7712.99  20.2  23.6   1.8   .33  24.2
  6 1980  36   7841.39  20.0  24.0   1.6   .33   1.7
  6 1980  37   9145.94  19.6  25.0   1.7   .33  54.3
  6 1980  38   7778.57  19.4  21.5   1.7   .33  26.4
  6 1980  39  16709.15  20.8  28.0   1.9   .33   1.1
  6 1980  40  12878.10  21.0  27.0   2.0   .33    .3
  6 1980  41   9785.07  21.2  27.1   2.0   .33   9.1
  6 1980  42   9595.30  22.0  27.0   2.0   .33   8.2
  6 1980  43  17847.86  20.2  27.0   1.9   .33   1.7
  6 1980  44  10406.19  18.4  25.9   1.8   .33   3.3
  6 1980  45   8803.01  22.2  27.0   2.1   .33   2.8
  6 1980  46  11985.60  20.0  29.4   1.8   .33    .5
  6 1980  47  18673.54  19.4  31.2   1.7   .33    .0
  6 1980  48  15764.21  19.8  31.2   2.0   .33    .0
  6 1980  49  14157.79  22.0  32.6   1.7   .33    .0
  6 1980  50  17485.42  21.0  33.2   1.7   .33   8.1
  6 1980  51  18625.39  20.8  32.0   1.6   .33    .0
  6 1980  52  15691.13  19.0  30.8   1.8   .33   2.1
  6 1980  53  15395.44  21.4  30.4   2.0   .33   3.2
  6 1980  54  17642.61  19.4  30.0   2.0   .33   1.3
  6 1980  55  19121.59  17.6  31.4   1.9   .33    .0
  6 1980  56  19050.85  17.6  32.0   1.9   .37    .0
  6 1980  57  15420.14  17.8  31.2   1.8   .37    .0
  6 1980  58  15675.63  20.8  31.0   2.1   .37    .0
  6 1980  59  11467.57  20.0  30.0   1.9   .37  20.0
  6 1980  60  11716.25  20.6  30.4   2.0   .37    .0
  6 1980  61  15435.86  21.4  31.2   1.6   .37    .2
  6 1980  62  18493.75  21.5  32.4   2.0   .37    .0
  6 1980  63  11678.01  17.8  28.0   1.7   .37   3.8
  6 1980  64  13388.62  20.6  31.0   1.8   .37   2.4
  6 1980  65  19608.46  18.8  30.8   1.5   .37    .0
  6 1980  66  17724.88  20.6  31.4   1.4   .37   1.4
  6 1980  67  16851.71  20.6  31.4   1.6   .37    .0
  6 1980  68  16880.06  20.0  31.6   1.6   .37    .0
  6 1980  69  15549.13  20.0  31.8   1.7   .37    .0
  6 1980  70  16141.14  19.4  31.2   1.8   .37    .0
  6 1980  71  11627.23  21.6  31.0   1.9   .37    .0
  6 1980  72  18462.92  20.0  31.8   1.9   .37    .0
  6 1980  73  18716.50  21.0  32.4   1.8   .37    .0
  6 1980  74  17831.31  21.4  32.0   2.0   .37   1.5
  6 1980  75  14664.62  22.0  30.4   2.0   .37   1.3
  6 1980  76  17193.68  22.5  31.4   2.2   .37   3.4
  6 1980  77  14475.68  20.2  29.4   6.9   .37    .0
  6 1980  78  10038.92  23.6  29.4   2.1   .37   4.3
  6 1980  79  17598.51  20.0  30.8   2.0   .37   1.7
  6 1980  80   9495.17  19.0  28.0   2.0   .37    .0
  6 1980  81  19467.61  17.8  32.0   1.9   .37    .0
  6 1980  82  17309.78  20.8  32.0   1.9   .37    .0
  6 1980  83  17784.57  19.0  32.0   1.8   .37   1.0
  6 1980  84  17341.63  22.0  29.0   6.9   .37    .3
  6 1980  85  17126.82  19.4  29.5   1.8   .37    .2
  6 1980  86  14845.25  20.6  31.0   2.1   .37    .5
  6 1980  87  13938.85  23.8  31.4   2.3   .37   3.8
  6 1980  88  16820.74  24.2  32.4   2.3   .37    .5
  6 1980  89  11548.00  25.0  30.8   2.3   .37    .0
  6 1980  90  10982.69  24.6  30.6   2.5   .37    .0
  6 1980  91  11335.87  22.0  31.6   2.3   .35   1.0
  6 1980  92  13986.89  22.6  30.4   2.1   .35   1.7
  6 1980  93  14109.35  21.8  30.7   2.1   .35   4.0
  6 1980  94  14460.98  22.0  29.6   2.1   .35   6.2
  6 1980  95  15386.49  22.0  30.4   2.0   .35    .6
  6 1980  96  17230.39  22.8  30.4   2.0   .35    .2
  6 1980  97  20566.67  20.0  32.0   1.7   .35    .0
  6 1980  98  17238.41  19.6  31.2   1.5   .35    .0
  6 1980  99  18849.06  21.1  31.6   1.9   .35    .0
  6 1980 100  19539.54  20.0  31.4   1.8   .35    .0
  6 1980 101  20573.08  19.7  32.6   1.3   .35    .0
  6 1980 102  18048.17  18.0  31.6   1.7   .35    .0
  6 1980 103  19653.28  17.6  32.6   1.7   .35    .0
  6 1980 104  15180.22  18.0  32.2   1.6   .35    .0
  6 1980 105  16669.13  20.0  32.6   1.9   .35    .0
  6 1980 106  19186.61  19.8  33.0   2.0   .35    .2
  6 1980 107  17923.32  21.0  31.6   1.8   .35   1.1
  6 1980 108  15059.24  19.8  32.2   1.9   .35   5.8
  6 1980 109  10140.26  21.4  28.6   2.2   .35  88.4
  6 1980 110   9111.66  22.0  28.2   2.1   .35  98.6
  6 1980 111   9339.96  22.4  27.2   2.1   .35  27.6
  6 1980 112  12077.44  22.7  30.8   1.9   .35  66.5
  6 1980 113   8768.55  21.0  26.0   1.9   .35   7.0
  6 1980 114  11501.55  21.0  30.4   1.9   .35    .0
  6 1980 115  11725.86  22.0  31.0   1.7   .35    .0
  6 1980 116  12176.85  21.0  31.0   2.0   .35    .0
  6 1980 117  19670.89  21.8  33.4   2.0   .35    .0
  6 1980 118  12053.70  22.0  30.8   2.3   .35   6.6
  6 1980 119  13069.14  24.0  31.6   2.4   .30    .0
  6 1980 120  21220.27  21.0  31.2   1.9   .30    .0
  6 1980 121  18715.29  19.8  31.2   1.6   .30    .0
  6 1980 122  19946.37  20.1  30.3   2.0   .30    .0
  6 1980 123  15639.27  22.9  30.1   2.2   .30    .0
  6 1980 124  17208.73  23.5  30.5   2.4   .30    .0
  6 1980 125  16069.06  22.5  29.9   2.3   .30    .0
  6 1980 126  17071.09  21.5  32.3   1.9   .30   3.6
  6 1980 127   9746.30  23.5  30.7   2.2   .30   1.6
  6 1980 128  10977.20  21.8  30.8   1.9   .30    .1
  6 1980 129  15909.45  23.5  32.7   2.1   .30    .0
  6 1980 130  12533.44  23.5  32.0   2.1   .30    .0
  6 1980 131  19244.83  24.2  34.5   2.3   .30    .0
  6 1980 132  18892.92  23.5  33.1   2.1   .30   5.1
  6 1980 133  14071.48  24.5  30.9   2.3   .30  10.2
  6 1980 134   9037.38  24.0  28.1   2.2   .30   7.1
  6 1980 135  14495.86  23.5  32.0   2.2   .30    .0
  6 1980 136  16600.70  23.5  32.0   1.6   .30    .0
  6 1980 137  18923.34  23.3  32.0   1.9   .30  14.4
  6 1980 138  20907.44  23.5  31.8   2.3   .30    .0
  6 1980 139  13117.93  21.8  30.3   1.9   .30  12.8
  6 1980 140  10668.30  23.5  29.7   2.1   .30  15.5
  6 1980 141   8888.60  23.0  27.3   2.2   .30  35.0
  6 1980 142  14526.71  22.3  31.6   1.9   .30    .0
  6 1980 143  10093.78  23.5  31.6   2.1   .30    .0
  6 1980 144   8651.63  23.3  28.8   2.1   .30    .0
  6 1980 145  18685.03  22.3  32.0   2.1   .30    .0
  6 1980 146  20102.55  22.5  33.1   2.2   .30    .0
  6 1980 147  15021.95  22.5  32.0   2.2   .30   3.6
  6 1980 148  15230.85  21.4  30.1   2.2   .30  14.7
  6 1980 149  15329.67  21.2  29.2   2.2   .30  12.0
  6 1980 150  10927.40  21.4  26.8   2.1   .30    .0
  6 1980 151  13443.44  21.4  30.3   2.1   .30   9.1
  6 1980 152   8612.71  22.0  24.6   2.0   .30   1.4
  6 1980 153  17149.12  20.4  31.8   2.0   .30   4.4
  6 1980 154  14183.80  21.8  32.8   2.1   .27  66.0
  6 1980 155  18657.52  21.0  33.0   2.0   .27    .0
  6 1980 156  17662.73  21.4  33.0   2.1   .27    .0
  6 1980 157   8591.74  21.8  28.0   2.1   .27   2.2
  6 1980 158   9460.68  20.4  30.0   2.0   .27  20.5
  6 1980 159   8584.37  22.4  27.8   2.1   .27  10.7
  6 1980 160  11413.65  22.0  30.8   2.1   .27  41.8
  6 1980 161   8686.56  23.0  30.0   2.1   .27   1.3
  6 1980 162  13036.54  22.0  31.0   2.1   .27  13.9
  6 1980 163  12705.07  20.4  31.4   1.8   .27  15.3
  6 1980 164  13244.04  21.8  32.0   2.2   .27   1.2
  6 1980 165  14000.25  21.4  32.4   2.0   .27    .0
  6 1980 166  19753.39  22.0  32.8   2.3   .27    .0
  6 1980 167  13991.81  22.8  32.6   2.3   .27   2.6
  6 1980 168  13662.54  23.4  32.8   2.2   .27   5.4
  6 1980 169  14636.27  22.4  31.6   2.3   .27  39.5
  6 1980 170  12137.70  22.4  31.0   2.2   .27   1.7
  6 1980 171   8555.63  22.6  31.4   2.2   .27    .8
  6 1980 172  12893.49  22.0  31.4   2.1   .27   5.8
  6 1980 173   9963.71  21.0  29.8   1.9   .27   1.7
  6 1980 174  12240.55  21.0  30.4   2.0   .27    .4
  6 1980 175   8552.62  23.0  26.0   2.1   .27   5.0
  6 1980 176   8769.31  20.8  30.0   1.9   .27  14.0
  6 1980 177   8552.38  23.2  28.2   2.1   .27  66.2
  6 1980 178   9203.43  23.5  29.2   2.1   .27  63.9
  6 1980 179   9203.93  23.8  27.8   2.3   .27  59.9
  6 1980 180   8553.59  24.0  27.6   2.2   .27  57.3
  6 1980 181  10942.22  24.4  30.0   2.3   .27  50.4
  6 1980 182  12898.06  23.0  30.4   2.2   .29  22.9
  6 1980 183  16701.59  21.4  31.6   2.1   .29    .1
  6 1980 184  14641.69  23.0  31.8   2.1   .29   1.4
  6 1980 185   9972.40  22.8  29.4   2.1   .29   5.8
  6 1980 186  12475.42  22.6  29.2   2.1   .29   6.2
  6 1980 187  16721.33  23.0  32.0   2.2   .29  10.4
  6 1980 188  13353.77  23.5  32.2   2.2   .29  29.7
  6 1980 189  11398.61  23.4  30.8   2.1   .29    .0
  6 1980 190  11729.44  22.8  30.8   2.4   .29   1.6
  6 1980 191  16966.37  23.2  31.8   2.2   .29    .2
  6 1980 192  18828.61  23.0  33.2   2.1   .29    .0
  6 1980 193  10979.36  22.6  29.0   2.1   .29   2.3
  6 1980 194   8690.24  22.4  28.0   2.0   .29   4.0
  6 1980 195  16344.46  21.6  33.2   2.1   .29  44.9
  6 1980 196  11212.40  22.0  30.6   2.0   .29   8.2
  6 1980 197  15924.63  22.8  31.4   2.2   .29   7.5
  6 1980 198  14509.57  23.8  31.6   2.1   .29  12.9
  6 1980 199  17258.72  22.6  33.2   2.1   .29  63.8
  6 1980 200   9588.32  23.8  29.6   2.2   .29  41.3
  6 1980 201  12228.43  23.4  31.6   2.2   .29   1.3
  6 1980 202   9597.16  23.0  30.0   2.1   .29    .0
  6 1980 203  11581.90  23.4  31.0   2.1   .29  15.4
  6 1980 204  13570.23  21.4  31.6   1.9   .29  25.0
  6 1980 205  14680.52  21.6  31.4   2.0   .29   1.0
  6 1980 206  18550.73  21.6  32.6   2.0   .29   3.1
  6 1980 207  19446.96  22.0  32.8   2.1   .29    .0
  6 1980 208  15924.15  22.4  32.0   2.0   .29   9.2
  6 1980 209  16155.92  22.4  32.4   2.3   .29  24.2
  6 1980 210   8637.05  23.2  27.4   2.1   .27  14.7
  6 1980 211  10857.29  22.6  28.4   2.2   .27    .1
  6 1980 212  13081.70  21.6  32.2   2.0   .27  75.7
  6 1980 213  11423.63  22.8  30.6   2.1   .27   2.0
  6 1980 214  11763.06  22.6  31.8   2.1   .27  28.7
  6 1980 215  11546.72  21.6  31.6   1.9   .27   5.6
  6 1980 216  18457.31  21.0  32.4   2.0   .27   3.5
  6 1980 217  12450.07  23.0  31.6   2.1   .27    .3
  6 1980 218  19820.57  21.6  33.0   2.1   .27   2.8
  6 1980 219  20280.40  22.4  34.0   2.1   .27    .0
  6 1980 220  19175.82  21.0  33.8   2.0   .27    .0
  6 1980 221  13481.59  22.4  33.2   2.0   .27    .3
  6 1980 222  13712.09  23.0  33.8   2.0   .27   6.4
  6 1980 223  14278.99  21.6  32.6   2.0   .27    .4
  6 1980 224  18773.01  21.8  32.6   2.0   .27    .0
  6 1980 225  14965.75  22.2  32.6   2.3   .27    .7
  6 1980 226  10814.62  22.6  30.0   2.1   .27  39.7
  6 1980 227   9018.11  22.0  29.4   2.0   .27    .4
  6 1980 228  14984.60  21.8  32.2   2.0   .27    .8
  6 1980 229  10822.49  22.8  30.4   2.1   .27   1.1
  6 1980 230  10373.62  22.8  29.8   2.0   .27  12.6
  6 1980 231   8682.93  23.8  25.6   2.1   .27   2.9
  6 1980 232   9360.12  22.0  29.2   2.1   .27   1.3
  6 1980 233  15798.79  21.0  33.0   2.0   .27   8.2
  6 1980 234  13202.95  21.4  32.0   1.9   .27   1.4
  6 1980 235   9020.05  22.0  29.8   2.0   .27   1.6
  6 1980 236  18185.26  21.2  32.4   1.9   .27    .0
  6 1980 237  11734.95  22.8  29.4   2.1   .27  11.3
  6 1980 238  17851.93  23.2  32.8   2.2   .27   4.8
  6 1980 239  14793.92  23.6  32.8   2.3   .27  38.1
  6 1980 240  10031.71  23.0  29.8   2.1   .27   2.8
  6 1980 241  12524.88  23.0  31.0   2.1   .27  82.3
  6 1980 242   9345.67  22.6  28.6   2.0   .27  29.7
  6 1980 243  14223.37  21.4  31.6   2.1   .27   4.6
  6 1980 244  15583.57  22.0  32.2   2.0   .27    .6
  6 1980 245  13990.88  22.4  32.4   2.0   .29  11.2
  6 1980 246  12056.05  23.0  30.0   2.1   .29  11.8
  6 1980 247  13755.84  22.2  31.2   1.9   .29    .0
  6 1980 248  17614.65  22.8  32.4   2.0   .29    .0
  6 1980 249  19200.62  22.2  32.0   2.0   .29    .0
  6 1980 250  17149.11  23.2  33.2   2.2   .29   1.1
  6 1980 251  12710.03  23.0  31.8   2.1   .29  41.8
  6 1980 252   9179.72  24.0  29.0   2.1   .29   4.3
  6 1980 253  14740.51  23.8  32.4   2.2   .29   1.8
  6 1980 254  12118.52  23.6  31.8   2.1   .29   7.6
  6 1980 255  18471.48  22.6  33.4   2.1   .29    .2
  6 1980 256  13236.03  23.8  32.8   2.1   .29   5.1
  6 1980 257  18789.64  22.8  34.0   2.2   .29    .0
  6 1980 258  14349.98  23.2  32.2   2.2   .29   3.6
  6 1980 259  16947.93  22.2  32.6   2.0   .29  22.6
  6 1980 260  15119.46  21.8  32.2   2.0   .29  11.4
  6 1980 261  14992.47  22.8  32.2   2.0   .29   3.9
  6 1980 262   8519.05  22.6  26.6   2.0   .29   1.6
  6 1980 263  18247.69  22.4  32.0   2.0   .29   7.4
  6 1980 264   8608.99  22.8  29.6   1.9   .29  14.7
  6 1980 265  11198.39  23.4  31.0   2.2   .29   2.5
  6 1980 266  10844.81  22.8  30.4   2.1   .29   1.8
  6 1980 267  16477.88  22.4  33.0   2.0   .29  16.5
  6 1980 268  17248.32  22.8  33.0   2.1   .29  57.1
  6 1980 269  13392.98  23.0  32.4   2.0   .29    .0
  6 1980 270  11909.75  23.8  31.6   2.3   .29   7.6
  6 1980 271  10878.93  23.2  31.0   2.0   .29  58.4
  6 1980 272  14910.35  23.0  32.4   2.0   .29    .2
  6 1980 273   9495.84  24.2  29.4   2.2   .30   9.6
  6 1980 274  12846.01  23.2  32.6   2.0   .30    .0
  6 1980 275  14506.78  23.0  32.0   2.1   .30    .0
  6 1980 276  11348.16  23.0  32.0   2.1   .30  18.9
  6 1980 277  15466.25  22.8  33.2   2.0   .30   2.0
  6 1980 278  12647.94  23.0  33.0   2.1   .30   5.5
  6 1980 279   9724.60  23.4  33.0   2.1   .30   3.5
  6 1980 280  14718.96  23.0  33.0   2.1   .30   9.2
  6 1980 281  13468.54  23.0  33.0   2.1   .30   7.0
  6 1980 282  11665.47  23.4  33.0   2.1   .30  19.0
  6 1980 283  12751.71  22.8  31.6   2.0   .30   2.8
  6 1980 284   9956.83  23.0  28.8   2.2   .30    .0
  6 1980 285  16351.13  22.0  32.4   2.1   .30    .0
  6 1980 286  14441.83  22.6  32.4   2.2   .30  15.2
  6 1980 287   9560.72  23.8  30.4   2.2   .30    .0
  6 1980 288   9208.66  22.8  30.4   2.0   .30  14.0
  6 1980 289   8637.63  23.8  28.4   2.2   .30   1.2
  6 1980 290   9823.80  22.4  31.8   2.0   .30   1.5
  6 1980 291  17577.67  23.4  32.8   2.2   .30    .8
  6 1980 292  18852.92  22.4  32.8   2.0   .30    .0
  6 1980 293  18813.34  21.8  33.2   2.0   .30    .0
  6 1980 294  10928.87  21.8  31.2   1.8   .30    .0
  6 1980 295  15796.71  22.0  33.2   2.1   .30    .0
  6 1980 296  11745.14  23.0  32.0   2.1   .30   2.3
  6 1980 297  13450.75  23.8  31.8   2.1   .30   4.0
  6 1980 298   9418.19  23.8  30.0   2.1   .30  25.0
  6 1980 299   8638.82  24.0  28.6   2.1   .30   9.7
  6 1980 300  17880.63  22.0  31.0   2.2   .30  17.6
  6 1980 301  11066.71  23.0  31.0   2.0   .30   1.2
  6 1980 302  12112.36  23.2  32.4   2.2   .30   6.1
  6 1980 303   8441.80  22.4  29.2   2.0   .30  10.4
  6 1980 304  12373.95  23.6  30.8   2.1   .30  27.5
  6 1980 305  11810.48  23.8  31.4   2.1   .30  15.0
  6 1980 306   8587.98  22.4  29.8   2.0   .30  24.6
  6 1980 307   9734.00  23.0  29.4   2.0   .30  16.2
  6 1980 308  12147.63  22.8  31.8   2.1   .35   6.4
  6 1980 309  10636.71  23.8  30.8   2.1   .35   5.5
  6 1980 310  12510.86  23.2  30.2   2.2   .35   3.8
  6 1980 311   8054.74  24.2  29.8   2.1   .35   6.7
  6 1980 312  12450.71  23.0  31.4   2.0   .35    .0
  6 1980 313   8537.53  23.0  29.0   2.0   .35   7.6
  6 1980 314   9877.50  23.2  31.2   2.1   .35  24.8
  6 1980 315  11212.28  23.2  31.4   2.1   .35    .0
  6 1980 316  15567.69  23.4  32.2   2.2   .35  20.5
  6 1980 317   8660.16  24.0  29.4   2.1   .35  54.4
  6 1980 318  10613.66  23.0  28.6   2.0   .35    .0
  6 1980 319  10070.37  23.8  30.4   2.0   .35   9.7
  6 1980 320  11807.16  22.8  31.6   2.2   .35  22.0
  6 1980 321  14364.47  22.0  32.2   1.9   .35    .0
  6 1980 322  15365.48  22.0  33.6   2.0   .35    .0
  6 1980 323  15642.57  22.0  31.2   2.0   .35    .7
  6 1980 324  14480.29  23.0  31.2   2.0   .35  10.5
  6 1980 325  12912.25  22.8  31.6   2.0   .35  14.8
  6 1980 326   9199.25  21.1  29.0   2.0   .35    .0
  6 1980 327  10611.84  20.0  28.6   1.9   .35    .0
  6 1980 328  12122.33  20.4  30.4   2.1   .35   7.7
  6 1980 329   7513.23  23.3  27.4   2.1   .35  53.4
  6 1980 330   7294.85  21.1  27.2   1.9   .35  19.2
  6 1980 331   8398.51  22.2  28.0   2.1   .35   8.4
  6 1980 332   7774.53  22.2  28.2   2.0   .35  22.1
  6 1980 333   7254.14  21.1  25.8   1.9   .35  28.7
  6 1980 334   7747.49  21.1  28.2   1.9   .35  16.0
  6 1980 335   7229.53  21.6  25.4   2.0   .35  51.3
  6 1980 336   9034.67  21.1  29.2   2.0   .35   4.3
  6 1980 337  14868.24  20.0  30.6   1.9   .35    .0
  6 1980 338   9713.95  20.0  30.2   1.8   .35    .0
  6 1980 339  16339.95  18.4  31.2   1.7   .35   6.2
  6 1980 340  12704.13  20.0  31.0   1.8   .35    .2
  6 1980 341   8473.98  18.9  28.8   1.8   .35    .8
  6 1980 342  13078.57  20.0  31.2   1.8   .35   9.4
  6 1980 343   9157.81  21.8  28.2   2.0   .35  27.6
  6 1980 344   7847.62  20.6  29.0   1.7   .35    .0
  6 1980 345   8141.18  22.2  28.8   2.1   .35  14.0
  6 1980 346   8635.08  22.2  26.6   2.1   .35  64.8
  6 1980 347  11029.02  22.2  23.8   1.9   .35 137.5
  6 1980 348   8824.21  22.2  24.2   1.9   .35  85.7
  6 1980 349   8919.80  22.2  23.6   2.0   .35  67.0
  6 1980 350   9016.10  22.2  26.0   2.0   .35  55.6
  6 1980 351   9113.14  21.1  24.0   1.9   .35 104.2
  6 1980 352   9210.95  21.1  26.0   2.0   .35   8.3
  6 1980 353   9309.56  19.4  22.8   1.7   .35  23.0
  6 1980 354  11029.02  19.4  23.9   1.9   .35  63.9
  6 1980 355   9509.25  21.1  29.4   1.9   .35  30.6
  6 1980 356   7813.74  20.0  26.6   1.9   .35  20.2
  6 1980 357  11409.58  19.4  30.0   1.9   .35    .4
  6 1980 358  13410.36  17.2  29.2   1.7   .35    .0
  6 1980 359  12216.83  19.1  30.0   1.8   .35    .0
  6 1980 360  12122.74  17.7  30.5   1.6   .35   4.0
  6 1980 361   8929.87  21.1  28.4   1.9   .35  11.1
  6 1980 362   8135.50  21.1  28.0   1.8   .35    .7
  6 1980 363   7340.87  20.5  27.8   1.6   .35   1.6
  6 1980 364   7347.28  20.0  26.6   1.5   .35   2.0
  6 1980 365  11029.02  20.0  21.6   1.7   .35   8.0
  6 1980 366  11029.02  18.3  21.8   1.5   .35   6.5
