*---------------------------------------------------------              
* Station name: La Mola                                                 
* Author: Atlantic Zone Project, AUW-MAG-CATIE, Costa Rica              
* Source: IMN, San Jose, Costa Rica                                     
*                                                                       
* Comments: Wind speed still lacking                                    
*           Solar radiation data lacking                                
*           Check unit of vapor pressure                                
*                                                                       
* Longitude:  83  46 W, latitude:  10  21 N, altitude: 163 m.           
* Column  Daily value                                                   
*    1    station number                                                
*    2    year                                                          
*    3    month                                                         
*    4    day                                                           
*    5    julian date                                                   
*    6    irradiation            (cal cm-2 d-1)                         
*    7    minimum temperature    (degrees Celcius)                      
*    8    maximum temperature    (degrees Celcius)                      
*    9    vapor pressure at 0700 (mbar)                                 
*   10    vapor pressure at 1300 (mbar)                                 
*   11    vapor pressure at 1800 (mbar)                                 
*   12    mean wind speed        (kilometer per hour)                   
*   13    precipitation          (mm d-1)                               
*   14    sunshine hours         (hours)                                
* Missing value: -99                                                    
*---------------------------------------------------------              
*  data converted with WDC for CABO-format
*-------------------------------------------
  83.77  10.35    70.  .00  .00
  6 1985   1  16895.39  15.2  31.3   2.0   .31    .0
  6 1985   2  12593.50  15.4  31.0   2.3   .31    .0
  6 1985   3  13814.22  19.7  30.6   2.4   .31    .0
  6 1985   4   9603.33  18.5  29.5   2.3   .31   4.4
  6 1985   5   7197.71  18.6  25.4   2.4   .31  21.9
  6 1985   6   7208.30  17.5  22.6   2.1   .31   3.8
  6 1985   7   7522.49  16.6  26.8   2.3   .31   3.1
  6 1985   8  13805.47  18.6  29.5   2.5   .31    .0
  6 1985   9  17169.05  16.0  30.8   2.1   .31    .0
  6 1985  10  12023.35  19.5  29.5   2.4   .31   1.2
  6 1985  11  13059.55  18.5  30.6   2.3   .31    .0
  6 1985  12  16337.74  18.0  31.0   2.0   .31   7.5
  6 1985  13  11068.08  19.0  27.6   2.3   .31   2.8
  6 1985  14   9558.26  16.5  27.5   1.9   .31    .0
  6 1985  15  16529.11  18.5  30.5   2.4   .31   1.4
  6 1985  16  14307.89  19.5  30.0   2.4   .31    .2
  6 1985  17  15772.75  17.5  30.5   2.2   .31    .0
  6 1985  18  17346.33  17.5  31.2   2.3   .31    .0
  6 1985  19  15734.50  16.5  31.6   2.0   .31    .0
  6 1985  20   8134.12  21.5  29.5   2.5   .31    .4
  6 1985  21  16111.86  16.9  31.5   2.1   .31    .0
  6 1985  22  15422.23  16.5  31.3   2.1   .31    .5
  6 1985  23  12551.37  19.2  29.5   2.4   .31   6.6
  6 1985  24  16739.43  19.6  30.0   2.5   .31    .6
  6 1985  25  17506.87  17.9  32.0   2.3   .31    .0
  6 1985  26  14624.01  17.6  30.7   2.1   .31   6.4
  6 1985  27  14449.47  17.7  30.6   2.2   .31   7.8
  6 1985  28   8613.60  18.6  27.4   2.4   .33   4.4
  6 1985  29  16725.34  16.9  30.4   2.2   .33    .0
  6 1985  30  12975.54  16.6  30.2   2.0   .33    .0
  6 1985  31  12585.94  17.6  31.4   2.4   .33    .0
  6 1985  32  12723.43  16.7  30.3   2.1   .33   1.3
  6 1985  33  17523.59  18.7  31.4   2.4   .33    .0
  6 1985  34  16610.68  16.0  31.6   1.9   .33    .5
  6 1985  35  15906.68  16.5  30.8   2.2   .33  16.9
  6 1985  36  17332.47  18.1  31.3   2.3   .33   4.2
  6 1985  37   7863.49  19.2  27.2   2.5   .33   2.2
  6 1985  38   8956.69  18.2  29.5   2.3   .33   3.6
  6 1985  39  10054.58  20.3  29.2   2.6   .33  25.9
  6 1985  40  11802.48  19.9  28.5   2.6   .33  18.0
  6 1985  41  17977.18  19.5  30.6   2.4   .33    .5
  6 1985  42  13159.94  18.6  32.0   2.4   .33   3.3
  6 1985  43   9512.86  20.7  29.1   2.7   .33  46.6
  6 1985  44  11816.34  20.4  29.0   2.5   .33    .6
  6 1985  45  16520.58  19.5  29.5   2.6   .33   1.8
  6 1985  46   9698.25  19.5  28.4   2.5   .33  43.4
  6 1985  47   8523.23  18.4  27.6   2.4   .33   6.5
  6 1985  48  12702.05  18.0  28.8   2.2   .33    .5
  6 1985  49  10979.96  15.3  28.5   1.9   .33    .8
  6 1985  50  14740.54  17.0  30.9   2.5   .33    .0
  6 1985  51  18405.37  18.6  31.2   2.5   .33    .0
  6 1985  52  15250.25  20.5  31.3   2.6   .33    .6
  6 1985  53   9763.80  20.7  28.3   2.4   .33   9.3
  6 1985  54  10562.40  20.4  28.6   2.5   .33   4.7
  6 1985  55  17459.16  20.6  30.6   2.5   .33   1.0
  6 1985  56  14054.69  18.9  30.0   2.3   .37   3.3
  6 1985  57  16309.89  18.6  30.2   2.3   .37   4.2
  6 1985  58  19017.91  18.2  30.6   2.4   .37    .3
  6 1985  59  16712.54  17.5  30.9   2.4   .37   3.7
  6 1985  60  12498.69  16.9  30.0   2.2   .37    .6
  6 1985  61   9054.42  15.9  28.2   2.3   .37   6.6
  6 1985  62  10420.50  20.0  28.5   2.6   .37   8.2
  6 1985  63  18191.28  20.2  31.2   2.5   .37   1.6
  6 1985  64  19461.58  20.6  31.3   2.5   .37    .0
  6 1985  65  18257.00  18.2  30.8   2.4   .37   5.3
  6 1985  66  10845.46  18.5  28.7   2.5   .37   1.6
  6 1985  67  18319.78  17.0  31.1   2.3   .37   2.0
  6 1985  68   9530.32  19.2  30.0   2.4   .37  12.3
  6 1985  69  14530.21  21.0  30.3   2.6   .37   2.0
  6 1985  70   9566.93  19.9  27.2   2.4   .37   2.6
  6 1985  71  19684.19  15.1  31.7   2.0   .37    .0
  6 1985  72  17781.30  16.9  32.0   2.3   .37  22.2
  6 1985  73   8481.50  19.9  30.4   2.5   .37   1.7
  6 1985  74  13505.55  20.0  30.6   2.5   .37    .0
  6 1985  75  18538.73  16.5  31.8   2.1   .37    .0
  6 1985  76  17193.68  16.6  32.4   2.0   .37    .0
  6 1985  77  14932.26  19.5  32.0   2.2   .37    .0
  6 1985  78  17578.47  17.5  32.0   2.3   .37    .0
  6 1985  79  19541.98  17.5  32.5   2.6   .37    .0
  6 1985  80  16931.28  16.5  32.5   2.1   .37    .0
  6 1985  81  17864.94  16.0  32.5   2.6   .37    .0
  6 1985  82  18455.23  18.5  32.0   2.6   .37    .0
  6 1985  83  19847.51  16.5  32.0   2.4   .37    .4
  6 1985  84  18029.62  18.5  32.0   2.3   .37   2.9
  6 1985  85  13685.34  18.5  32.0   2.5   .37    .0
  6 1985  86  20468.58  18.0  32.0   2.3   .37    .0
  6 1985  87  20482.55  15.5  32.0   2.1   .37    .0
  6 1985  88  20265.82  16.5  33.0   2.0   .37    .0
  6 1985  89  18899.31  16.5  33.2   2.0   .37    .0
  6 1985  90  10063.59  20.5  31.5   2.5   .37   2.0
  6 1985  91  16966.18  20.0  32.5   2.6   .35    .0
  6 1985  92  14791.31  21.0  33.0   2.6   .35    .0
  6 1985  93  19740.53  17.0  33.0   2.3   .35    .0
  6 1985  94  20436.96  18.0  33.0   2.1   .35    .0
  6 1985  95  19753.36  17.0  32.5   1.9   .35    .0
  6 1985  96  10106.13  19.0  31.0   2.5   .35    .4
  6 1985  97  17464.59  18.0  31.8   2.4   .35    .0
  6 1985  98  17697.90  19.0  33.5   2.4   .35  19.6
  6 1985  99   9087.22  20.5  33.2   2.7   .35   7.9
  6 1985 100  20113.61  16.2  32.2   2.3   .35    .0
  6 1985 101  19769.63  17.0  33.1   2.3   .35   4.5
  6 1985 102  16671.32  22.4  32.4   2.8   .35   2.1
  6 1985 103  10019.18  21.3  29.6   2.8   .35   8.6
  6 1985 104  18275.54  19.6  32.1   2.6   .35    .5
  6 1985 105  17929.58  17.9  32.2   2.1   .35    .0
  6 1985 106  11856.87  20.5  30.5   2.6   .35  33.9
  6 1985 107  15862.98  21.4  31.0   2.7   .35    .0
  6 1985 108  14601.66  18.9  30.5   2.4   .35   7.0
  6 1985 109  19400.47  21.5  32.5   2.6   .35    .0
  6 1985 110  16994.75  20.2  30.6   2.3   .35    .0
  6 1985 111  15847.53  21.5  32.2   2.5   .35    .0
  6 1985 112  19036.59  17.5  32.1   2.0   .35    .0
  6 1985 113  19484.29  18.0  33.5   2.5   .35    .0
  6 1985 114  18449.86  19.6  32.9   2.5   .35    .0
  6 1985 115  15367.88  18.5  33.2   2.3   .35    .0
  6 1985 116  16156.92  20.0  33.7   2.6   .35    .0
  6 1985 117  18193.88  21.2  33.4   2.6   .35    .0
  6 1985 118  16026.68  20.6  33.0   2.5   .35    .0
  6 1985 119  18626.16  19.7  32.8   2.4   .30    .0
  6 1985 120  16235.03  18.3  31.7   2.3   .30    .0
  6 1985 121  18375.71  17.6  32.1   2.3   .30    .0
  6 1985 122  16440.93  21.2  32.7   2.4   .30    .0
  6 1985 123  19818.96  18.9  33.5   2.4   .30    .0
  6 1985 124  18224.37  18.0  32.7   2.2   .30    .0
  6 1985 125  16181.79  21.3  33.8   2.5   .30   2.8
  6 1985 126  14481.01  20.9  32.5   2.6   .30   1.0
  6 1985 127  10196.27  18.6  30.6   2.8   .30   6.9
  6 1985 128   9404.02  21.4  31.1   2.7   .30   3.6
  6 1985 129  12990.99  20.6  32.4   2.6   .30    .0
  6 1985 130  12981.94  21.5  32.8   2.8   .30    .0
  6 1985 131  15660.77  21.1  35.6   2.7   .30  45.2
  6 1985 132   9047.68  18.6  30.5   2.9   .30  18.3
  6 1985 133  10160.11  20.1  32.5   2.6   .30  11.2
  6 1985 134  17186.32  18.9  34.0   2.7   .30    .0
  6 1985 135  13938.33  18.6  32.6   2.7   .30   1.0
  6 1985 136   9695.03  19.6  31.3   2.6   .30    .2
  6 1985 137  19590.90  18.7  34.2   2.5   .30    .0
  6 1985 138  19796.08  18.6  34.8   2.4   .30    .0
  6 1985 139  20333.88  19.0  33.7   2.4   .30   8.6
  6 1985 140  16213.00  22.3  33.7   2.7   .30  14.6
  6 1985 141  16532.05  22.1  31.3   3.0   .30   1.6
  6 1985 142  16297.21  21.9  32.5   2.9   .30    .0
  6 1985 143  18052.69  19.6  33.5   2.7   .30   1.3
  6 1985 144  10970.57  21.8  33.5   2.7   .30    .3
  6 1985 145  10190.92  19.6  29.5   2.6   .30   9.1
  6 1985 146  15033.23  20.5  32.8   2.9   .30    .0
  6 1985 147  16343.08  20.5  33.7   2.8   .30    .0
  6 1985 148  16110.75  20.8  34.3   2.8   .30    .0
  6 1985 149  11593.60  20.7  32.6   2.6   .30    .0
  6 1985 150  10927.40  21.5  32.0   3.0   .30    .0
  6 1985 151  12017.53  22.0  32.7   2.9   .30  30.3
  6 1985 152   8612.71  21.5  29.3   2.8   .30   8.1
  6 1985 153  10469.73  20.5  31.5   2.6   .30    .5
  6 1985 154  10573.29  22.1  30.9   2.8   .27   6.2
  6 1985 155  12316.74  21.8  30.6   2.9   .27   7.8
  6 1985 156   8595.66  21.6  28.8   2.8   .27  81.4
  6 1985 157  13285.77  21.2  32.3   2.9   .27   1.1
  6 1985 158  14915.11  21.3  32.2   2.8   .27    .0
  6 1985 159  14362.30  20.9  32.3   2.9   .27   3.4
  6 1985 160  10759.95  20.4  30.9   2.7   .27   9.8
  6 1985 161   8577.67  22.0  29.0   2.8   .27   1.5
  6 1985 162  12492.40  21.3  32.2   2.9   .27   1.7
  6 1985 163  11399.79  21.1  32.4   2.6   .27   1.0
  6 1985 164  18353.98  19.5  33.8   2.7   .27  12.5
  6 1985 165  13674.22  22.0  32.5   2.8   .27    .0
  6 1985 166  15299.42  20.5  33.4   2.5   .27    .0
  6 1985 167   9865.18  20.3  29.7   2.5   .27   8.6
  6 1985 168  10622.80  22.0  32.0   2.7   .27  46.5
  6 1985 169   8992.55  21.6  30.3   2.8   .27    .3
  6 1985 170  13005.77  20.6  31.6   2.8   .27 162.4
  6 1985 171   8555.63  22.1  25.2   3.1   .27  65.6
  6 1985 172  10615.55  21.7  30.4   3.1   .27   8.1
  6 1985 173   8987.55  21.0  30.0   2.8   .27  29.5
  6 1985 174   8661.51  20.6  29.4   2.6   .27  10.0
  6 1985 175   8552.62  21.3  29.6   2.9   .27  27.1
  6 1985 176   8660.85  21.4  29.7   2.8   .27   6.2
  6 1985 177  13324.80  21.5  31.5   2.8   .27   3.9
  6 1985 178   9311.91  22.1  30.7   2.9   .27   1.3
  6 1985 179  12784.16  21.2  31.2   2.9   .27  21.6
  6 1985 180   8553.59  22.0  28.6   2.8   .27   3.3
  6 1985 181  11267.83  21.3  30.3   2.7   .27  13.7
  6 1985 182   9966.77  21.3  27.0   2.7   .29  34.2
  6 1985 183  17678.99  20.0  32.5   2.7   .29    .4
  6 1985 184  13012.13  21.0  32.2   2.7   .29   3.8
  6 1985 185   8559.57  22.0  25.1   2.8   .29  43.4
  6 1985 186  12040.52  20.0  32.7   2.6   .29    .3
  6 1985 187   8563.25  21.0  29.9   2.9   .29   2.2
  6 1985 188  16727.44  21.7  32.6   2.9   .29  65.9
  6 1985 189   8676.48  19.2  28.0   2.1   .29   5.7
  6 1985 190   9114.73  18.2  29.5   2.5   .29    .5
  6 1985 191  12714.96  19.2  32.3   2.5   .29  10.3
  6 1985 192  17410.60  21.2  32.6   2.8   .29    .0
  6 1985 193  16109.39  21.1  33.0   2.7   .29   1.0
  6 1985 194  10110.15  21.6  31.5   2.8   .29   1.1
  6 1985 195   8584.08  21.8  31.6   2.6   .29    .0
  6 1985 196   8587.24  20.7  27.5   2.8   .29   4.1
  6 1985 197  15267.84  18.3  31.0   2.5   .29  10.9
  6 1985 198  16371.92  20.5  32.8   3.2   .29    .0
  6 1985 199  10790.04  20.0  30.1   2.7   .29  21.5
  6 1985 200   8600.76  21.5  27.5   2.7   .29    .8
  6 1985 201   9373.06  21.2  27.0   2.7   .29  41.9
  6 1985 202   8607.91  19.9  30.5   2.6   .29    .5
  6 1985 203   9821.68  20.0  31.2   2.6   .29    .0
  6 1985 204  16763.47  19.5  33.0   2.6   .29    .5
  6 1985 205   9500.56  21.3  29.8   2.8   .29  28.8
  6 1985 206   8843.16  20.8  30.1   2.6   .29  12.2
  6 1985 207  15471.99  20.2  32.1   2.7   .29    .4
  6 1985 208  16145.18  20.1  32.6   2.7   .29   8.2
  6 1985 209  10845.96  20.5  30.7   2.6   .29   5.5
  6 1985 210   8858.51  21.1  29.3   2.7   .27    .7
  6 1985 211   8751.42  21.0  29.0   2.8   .27    .0
  6 1985 212  16409.95  19.6  31.6   2.4   .27  22.5
  6 1985 213   8647.43  20.0  27.8   2.7   .27   1.3
  6 1985 214   9762.28  21.5  28.8   2.8   .27  21.2
  6 1985 215   9655.29  20.2  29.0   2.6   .27    .3
  6 1985 216  11329.84  21.0  29.5   2.8   .27   2.0
  6 1985 217  14456.57  21.0  32.0   2.6   .27  13.2
  6 1985 218   8774.43  21.0  27.0   2.9   .27  89.8
  6 1985 219  10787.50  18.8  30.1   2.5   .27    .5
  6 1985 220  15039.80  18.9  31.8   2.6   .27   5.5
  6 1985 221  11467.64  21.8  31.0   2.8   .27   1.6
  6 1985 222  13264.14  21.3  31.0   2.7   .27   3.5
  6 1985 223  18874.51  19.8  33.1   2.5   .27    .0
  6 1985 224  19446.10  19.6  32.1   2.7   .27    .0
  6 1985 225   9800.94  20.5  30.5   2.7   .27   7.7
  6 1985 226  18680.67  21.1  33.0   2.8   .27  12.4
  6 1985 227  11717.24  22.0  31.0   2.8   .27   1.8
  6 1985 228   8681.65  20.0  29.0   2.7   .27   2.7
  6 1985 229   8682.34  21.0  26.0   2.7   .27  27.5
  6 1985 230   8795.50  20.5  26.0   2.5   .27   1.4
  6 1985 231   8682.93  20.5  24.8   2.6   .27  10.7
  6 1985 232  18164.97  20.5  31.9   2.6   .27  79.8
  6 1985 233  13426.67  21.5  32.0   2.1   .27    .0
  6 1985 234  15124.46  21.5  32.0   2.7   .27  15.8
  6 1985 235  12978.52  21.5  31.5   2.7   .27  16.6
  6 1985 236  12300.72  20.0  32.0   2.6   .27    .0
  6 1985 237  14452.38  20.0  33.0   2.6   .27   2.0
  6 1985 238  13886.98  19.5  33.0   2.7   .27    .3
  6 1985 239  14340.56  19.6  33.0   2.5   .27    .7
  6 1985 240   8784.43  21.0  29.0   2.8   .27   1.2
  6 1985 241  14339.84  19.0  32.0   2.4   .27    .0
  6 1985 242  11047.82  21.5  30.5   2.9   .27    .3
  6 1985 243  18196.38  21.3  31.4   2.9   .27  25.9
  6 1985 244  10360.36  21.2  28.8   2.6   .27   4.4
  6 1985 245  15694.54  21.7  33.0   2.7   .29  72.5
  6 1985 246  10124.83  23.7  29.9   2.9   .29   8.9
  6 1985 247  17164.48  23.1  33.1   2.7   .29    .2
  6 1985 248   8637.37  23.7  28.7   2.7   .29  38.4
  6 1985 249   8631.48  20.2  24.9   2.7   .29  42.8
  6 1985 250  12148.42  20.2  30.6   2.6   .29  19.6
  6 1985 251  12937.34  21.8  31.0   2.6   .29  26.4
  6 1985 252   9179.72  22.2  29.4   2.6   .29  31.8
  6 1985 253  12467.74  22.5  29.8   2.6   .29   9.1
  6 1985 254  19163.19  21.1  33.2   2.5   .29    .0
  6 1985 255  13018.49  22.0  32.5   2.6   .29   3.1
  6 1985 256  11191.61  22.4  31.8   2.6   .29    .0
  6 1985 257  19130.28  21.8  33.8   2.5   .29    .0
  6 1985 258  14236.47  22.0  32.9   2.5   .29    .0
  6 1985 259  12295.56  22.1  33.0   2.6   .29    .0
  6 1985 260  19996.80  24.1  34.0   2.9   .29    .0
  6 1985 261  17373.35  23.1  34.0   2.9   .29    .0
  6 1985 262  19170.99  22.7  34.9   2.7   .29   1.4
  6 1985 263  10999.27  23.8  30.6   3.0   .29    .0
  6 1985 264  15400.35  22.1  32.8   2.8   .29    .0
  6 1985 265  12103.33  22.8  33.5   2.6   .29   3.7
  6 1985 266  13218.63  22.3  33.8   2.6   .29    .0
  6 1985 267  18398.13  23.0  34.2   2.8   .29    .0
  6 1985 268  19054.20  21.7  35.8   2.3   .29    .0
  6 1985 269  18355.03  21.8  35.5   2.7   .29    .0
  6 1985 270  19233.64  21.2  35.1   2.1   .29   9.9
  6 1985 271  13918.35  22.7  31.3   2.8   .29    .0
  6 1985 272  11873.87  21.1  32.1   2.4   .29    .0
  6 1985 273  10169.93  22.0  31.5   2.6   .30   8.1
  6 1985 274  14529.46  23.5  33.5   2.7   .30    .6
  6 1985 275  14170.47  22.0  32.0   2.7   .30    .0
  6 1985 276  10340.36  22.9  32.2   2.6   .30   5.9
  6 1985 277  10992.51  22.2  30.5   2.7   .30  10.8
  6 1985 278   8291.42  22.9  25.6   2.7   .30   2.1
  6 1985 279  11844.30  22.8  31.5   2.6   .30    .2
  6 1985 280  18395.69  21.2  33.5   2.5   .30   8.8
  6 1985 281  18141.64  23.9  34.0   2.7   .30    .0
  6 1985 282  17109.79  21.5  33.5   2.5   .30    .0
  6 1985 283  10532.74  23.1  30.0   2.7   .30   1.3
  6 1985 284  10621.54  23.1  30.5   2.9   .30    .2
  6 1985 285   8165.49  21.9  28.5   2.8   .30   5.1
  6 1985 286   8146.47  20.0  26.5   2.5   .30  18.8
  6 1985 287  10773.69  21.5  30.5   2.5   .30  45.4
  6 1985 288  15153.56  22.0  32.5   2.7   .30   4.0
  6 1985 289  10176.35  22.5  31.0   2.8   .30   3.1
  6 1985 290   8068.23  23.5  28.5   2.8   .30   1.3
  6 1985 291  11881.90  21.5  31.0   2.7   .30   5.8
  6 1985 292  12073.68  21.5  31.2   2.5   .30   3.5
  6 1985 293  14447.41  22.9  32.0   2.7   .30    .0
  6 1985 294  14960.06  21.1  32.5   2.5   .30    .4
  6 1985 295  18515.51  19.5  33.0   2.3   .30    .0
  6 1985 296  16412.79  19.9  34.0   2.5   .30    .7
  6 1985 297  15942.71  19.9  33.5   2.6   .30  11.9
  6 1985 298  16555.45  20.5  33.5   2.5   .30    .7
  6 1985 299  16409.99  20.5  34.5   2.5   .30  36.8
  6 1985 300  14110.30  21.5  32.5   2.7   .30    .7
  6 1985 301  12786.93  19.8  33.6   2.6   .30    .0
  6 1985 302  12863.48  23.0  31.8   2.1   .30   3.9
  6 1985 303  17758.59  23.9  32.5   2.8   .30  15.5
  6 1985 304   9915.79  23.5  29.5   2.7   .30    .0
  6 1985 305  11597.15  22.8  31.5   2.8   .30   1.3
  6 1985 306  13697.50  23.9  34.0   2.8   .30    .0
  6 1985 307  12389.85  22.1  33.5   2.6   .30   5.7
  6 1985 308  12465.69  23.5  33.0   2.7   .35  12.9
  6 1985 309   7674.14  22.5  26.0   2.4   .35  25.4
  6 1985 310   7653.61  21.5  23.5   2.5   .35 103.3
  6 1985 311   8370.88  22.5  27.5   2.6   .35   4.6
  6 1985 312   8243.99  22.0  27.5   2.5   .35   6.8
  6 1985 313  13260.61  21.5  32.0   2.9   .35   2.6
  6 1985 314  12391.45  22.9  32.0   2.7   .35   8.6
  6 1985 315  16334.76  22.2  31.0   2.7   .35    .0
  6 1985 316  11185.64  21.1  30.0   2.6   .35    .8
  6 1985 317   8243.64  22.0  30.0   2.6   .35  10.3
  6 1985 318   9158.65  23.9  30.0   2.8   .35   7.0
  6 1985 319  10692.75  23.2  31.5   2.8   .35   4.2
  6 1985 320   8183.48  21.8  29.0   2.6   .35    .0
  6 1985 321  13847.77  21.0  31.5   2.3   .35   1.6
  6 1985 322   8867.05  21.1  28.0   2.4   .35    .9
  6 1985 323  15539.61  20.5  32.5   2.1   .35    .0
  6 1985 324  12321.93  21.5  32.5   2.6   .35    .0
  6 1985 325  10244.67  22.0  30.5   2.3   .35   7.7
  6 1985 326   8584.71  21.8  29.5   2.5   .35  10.6
  6 1985 327   7748.79  22.0  27.5   2.6   .35   3.8
  6 1985 328  12734.83  21.9  31.0   2.5   .35    .5
  6 1985 329  13424.67  20.2  31.5   2.5   .35    .0
  6 1985 330  16453.56  22.5  32.5   2.6   .35    .0
  6 1985 331  15917.67  20.1  31.5   2.3   .35    .0
  6 1985 332  15282.74  20.5  32.5   2.3   .35    .0
  6 1985 333  11104.29  21.5  31.0   2.4   .35    .8
  6 1985 334  14121.97  22.1  32.0   2.6   .35    .0
  6 1985 335   7431.63  20.5  27.0   2.7   .35  21.1
  6 1985 336   8227.27  20.5  29.5   2.7   .35   2.9
  6 1985 337  10432.82  19.5  31.5   2.5   .35  17.1
  6 1985 338   7498.74  20.5  28.0   2.8   .35   2.7
  6 1985 339   7388.00  21.0  27.0   2.7   .35    .5
  6 1985 340   7177.59  19.5  29.0   2.6   .35  14.4
  6 1985 341  12188.33  19.0  31.0   2.6   .35   4.5
  6 1985 342  11273.17  19.0  31.5   2.5   .35  46.3
  6 1985 343   7153.44  20.0  25.0   2.7   .35  47.7
  6 1985 344   7747.47  21.0  28.5   2.7   .35    .1
  6 1985 345  14145.77  20.0  31.5   2.7   .35    .5
  6 1985 346   8135.00  20.0  28.5   2.5   .35    .0
  6 1985 347   9828.91  20.0  30.0   2.7   .35   6.7
  6 1985 348  11521.96  20.5  28.5   2.6   .35   5.5
  6 1985 349  11316.86  17.0  29.5   2.3   .35   2.7
  6 1985 350  13109.80  18.0  30.0   2.5   .35   4.1
  6 1985 351  10610.47  19.0  30.0   2.5   .35    .5
  6 1985 352  14301.03  17.0  31.5   2.3   .35    .0
  6 1985 353  12802.42  17.0  31.0   2.3   .35   1.1
  6 1985 354  13101.37  18.5  31.0   2.5   .35   7.1
  6 1985 355  11804.65  18.0  30.5   2.5   .35   5.9
  6 1985 356  12804.40  19.0  30.5   2.6   .35    .5
  6 1985 357  15902.10  16.5  31.0   2.3   .35    .0
  6 1985 358  13709.94  18.0  32.0   2.2   .35    .0
  6 1985 359  14614.37  21.0  31.0   2.7   .35    .0
  6 1985 360  10823.51  20.0  28.0   2.5   .35   9.9
  6 1985 361   8929.87  19.0  28.5   2.4   .35   9.0
  6 1985 362   9536.17  19.5  31.0   2.5   .35   5.2
  6 1985 363  14448.91  16.5  29.5   2.4   .35    .0
  6 1985 364  11855.62  16.5  29.5   2.0   .35   7.7
  6 1985 365  14172.34  16.5  29.0   2.2   .35    .0
