*---------------------------------------------------------              
* Station name: La Mola                                                 
* Author: Atlantic Zone Project, AUW-MAG-CATIE, Costa Rica              
* Source: IMN, San Jose, Costa Rica                                     
*                                                                       
* Comments: Wind speed still lacking                                    
*           Solar radiation data lacking                                
*           Check unit of vapor pressure                                
*                                                                       
* Longitude:  83  46 W, latitude:  10  21 N, altitude: 163 m.           
* Column  Daily value                                                   
*    1    station number                                                
*    2    year                                                          
*    3    month                                                         
*    4    day                                                           
*    5    julian date                                                   
*    6    irradiation            (cal cm-2 d-1)                         
*    7    minimum temperature    (degrees Celcius)                      
*    8    maximum temperature    (degrees Celcius)                      
*    9    vapor pressure at 0700 (mbar)                                 
*   10    vapor pressure at 1300 (mbar)                                 
*   11    vapor pressure at 1800 (mbar)                                 
*   12    mean wind speed        (kilometer per hour)                   
*   13    precipitation          (mm d-1)                               
*   14    sunshine hours         (hours)                                
* Missing value: -99                                                    
*---------------------------------------------------------              
*  data converted with WDC for CABO-format
*-------------------------------------------
  83.77  10.35    70.  .00  .00
  6 1984   1   7161.36  17.9  22.6   2.3   .31  32.4
  6 1984   2   7169.53  20.0  23.2   2.4   .31  93.9
  6 1984   3   7178.32  20.0  22.2   2.4   .31  67.5
  6 1984   4   7187.71  20.0  26.4   2.5   .31  11.9
  6 1984   5   7197.71  20.5  25.4   2.5   .31   7.8
  6 1984   6   7309.18  19.0  25.6   2.4   .31  15.8
  6 1984   7   7219.46  19.5  26.2   2.4   .31   5.9
  6 1984   8   7231.20  19.2  26.0   2.4   .31   3.7
  6 1984   9  16865.21  18.2  30.8   2.3   .31    .0
  6 1984  10  17094.63  17.4  31.6   2.1   .31    .0
  6 1984  11  11332.76  17.0  30.6   2.1   .31  32.7
  6 1984  12  11149.43  20.5  30.5   2.5   .31    .4
  6 1984  13  16875.96  17.8  32.6   2.2   .31    .0
  6 1984  14  10476.79  18.0  29.8   2.2   .31    .0
  6 1984  15  17142.50  17.5  32.2   2.3   .31    .0
  6 1984  16  10211.61  18.0  30.6   2.2   .31   3.2
  6 1984  17  12284.76  19.5  31.0   2.5   .31    .7
  6 1984  18  12927.06  19.5  32.8   2.3   .31   4.6
  6 1984  19  10586.32  21.5  30.0   2.7   .31  12.2
  6 1984  20   8856.23  19.0  30.8   2.5   .31   5.4
  6 1984  21   8980.32  19.0  28.5   2.5   .31   2.7
  6 1984  22  14800.88  19.2  29.6   2.5   .31   1.5
  6 1984  23  16701.86  19.8  31.2   2.5   .31    .0
  6 1984  24  17467.22  17.4  32.5   2.1   .31    .0
  6 1984  25  17819.41  18.0  33.2   2.2   .31    .3
  6 1984  26  10656.97  18.2  30.3   2.2   .31    .0
  6 1984  27  10264.98  18.0  30.8   2.2   .31    .0
  6 1984  28  15951.80  17.8  32.5   2.1   .33    .0
  6 1984  29  10527.24  18.5  30.2   2.2   .33   1.0
  6 1984  30  11080.58  20.2  30.8   2.2   .33   5.3
  6 1984  31   7732.93  17.7  28.3   2.2   .33   3.5
  6 1984  32  16106.68  19.5  32.6   2.4   .33    .0
  6 1984  33  16040.24  17.3  31.5   2.1   .33    .0
  6 1984  34   9390.28  19.0  30.5   2.4   .33  10.3
  6 1984  35  16119.50  20.0  32.2   2.6   .33   2.8
  6 1984  36  14453.15  20.5  30.8   2.4   .33   2.5
  6 1984  37  10000.92  19.0  30.0   2.2   .33   8.9
  6 1984  38   8421.18  21.0  26.6   2.6   .33   9.1
  6 1984  39  16601.82  20.5  31.6   2.5   .33    .0
  6 1984  40  16104.94  17.5  32.2   2.3   .33    .0
  6 1984  41  14743.45  19.4  30.6   2.4   .33    .0
  6 1984  42  11863.71  18.0  31.2   2.3   .33    .5
  6 1984  43   8755.13  22.0  30.0   2.6   .33    .6
  6 1984  44  13660.38  18.5  31.5   2.4   .33    .8
  6 1984  45  17498.86  18.2  32.6   2.2   .33    .0
  6 1984  46  16342.46  19.4  32.5   2.3   .33    .0
  6 1984  47  18018.68  18.8  32.6   2.2   .33    .0
  6 1984  48  18935.73  18.6  32.5   2.4   .33    .0
  6 1984  49  19198.47  18.0  33.0   2.2   .33   1.5
  6 1984  50  18144.19  20.6  33.4   2.6   .33    .0
  6 1984  51  11364.88  19.0  31.6   2.5   .33   2.1
  6 1984  52  14037.86  21.4  32.2   2.6   .33   2.1
  6 1984  53   9322.10  22.0  30.2   2.7   .33  19.4
  6 1984  54   8681.72  20.5  28.3   2.5   .33   6.2
  6 1984  55  12139.38  18.8  30.8   2.3   .33  12.3
  6 1984  56   8281.34  21.8  28.2   2.6   .37  20.9
  6 1984  57   8858.19  21.2  28.0   2.7   .37   1.9
  6 1984  58  14004.49  21.6  32.0   2.8   .37    .0
  6 1984  59   9235.66  22.2  31.2   2.8   .37  27.8
  6 1984  60   8251.15  17.2  24.2   2.1   .37  71.7
  6 1984  61  12133.19  18.0  24.0   2.1   .37  20.3
  6 1984  62  16026.92  18.0  30.8   2.5   .37    .3
  6 1984  63  12464.10  20.1  30.8   2.3   .37    .0
  6 1984  64  17437.26  18.2  32.2   3.0   .37    .2
  6 1984  65   9134.60  21.3  29.0   2.6   .37   1.2
  6 1984  66  14454.33  22.0  31.2   2.7   .37    .0
  6 1984  67  12165.21  19.8  27.6   2.5   .37  12.8
  6 1984  68   9869.54  20.3  27.6   2.5   .37    .0
  6 1984  69  14530.21  18.5  30.5   2.5   .37   5.1
  6 1984  70  11947.25  18.3  30.3   2.4   .37    .2
  6 1984  71  19911.15  19.0  32.5   2.3   .37    .1
  6 1984  72  13464.38  19.5  31.0   2.5   .37   2.9
  6 1984  73  17806.72  18.2  32.5   2.3   .37   2.6
  6 1984  74  13050.20  20.5  31.0   2.5   .37   9.5
  6 1984  75  12157.85  21.0  30.2   2.5   .37   1.0
  6 1984  76  19360.58  17.4  32.2   2.3   .37    .3
  6 1984  77  18014.15  19.5  33.2   2.4   .37    .0
  6 1984  78  19292.01  17.1  32.8   2.3   .37    .0
  6 1984  79  18513.09  19.0  33.5   2.4   .37    .0
  6 1984  80  18075.29  19.0  33.8   2.4   .37    .0
  6 1984  81  13743.80  19.2  32.8   2.4   .37    .0
  6 1984  82  14331.62  19.4  33.0   2.4   .37    .0
  6 1984  83  15721.63  19.4  33.5   2.5   .37    .0
  6 1984  84  17456.30  19.0  34.2   2.5   .37    .0
  6 1984  85  15979.66  19.5  33.2   2.5   .37    .0
  6 1984  86  14271.45  21.5  33.2   2.5   .37    .0
  6 1984  87  17497.71  18.5  32.7   2.4   .37    .0
  6 1984  88  17165.25  22.3  34.0   2.6   .37    .0
  6 1984  89  17520.94  22.8  34.5   3.0   .37    .0
  6 1984  90  17186.59  19.6  33.8   2.2   .37    .0
  6 1984  91   9727.21  22.8  29.5   2.9   .35  11.4
  6 1984  92  16859.79  19.6  32.2   2.2   .35    .0
  6 1984  93  18131.62  19.4  32.5   2.5   .35    .0
  6 1984  94  19862.34  18.5  33.0   2.5   .35    .0
  6 1984  95  11134.53  21.6  32.0   2.4   .35   8.3
  6 1984  96  15506.78  23.0  32.5   2.8   .35    .3
  6 1984  97  19877.32  18.4  33.2   2.2   .35    .0
  6 1984  98  19076.35  19.0  33.2   2.4   .35    .0
  6 1984  99  16092.77  20.0  33.7   2.3   .35    .0
  6 1984 100  15750.67  20.0  34.2   2.7   .35    .0
  6 1984 101  17244.51  23.4  34.8   2.7   .35    .0
  6 1984 102  15065.00  20.8  34.2   2.8   .35    .0
  6 1984 103  19653.28  22.4  36.0   2.8   .35    .0
  6 1984 104  13804.53  23.0  34.2   2.9   .35    .0
  6 1984 105  17012.88  22.0  34.6   2.7   .35    .0
  6 1984 106  14261.94  22.8  35.0   3.0   .35    .0
  6 1984 107  15519.59  21.5  33.9   2.7   .35    .0
  6 1984 108   9339.46  20.3  27.2   2.5   .35  84.0
  6 1984 109  11397.82  20.5  29.5   2.5   .35   6.3
  6 1984 110  15623.78  21.8  32.0   2.4   .35    .4
  6 1984 111  19044.23  18.4  32.8   2.3   .35    .0
  6 1984 112  18580.25  19.5  33.2   2.4   .35    .0
  6 1984 113  13328.44  19.1  31.0   2.3   .35    .0
  6 1984 114  12412.80  23.0  33.0   2.7   .35    .0
  6 1984 115  16278.38  21.5  34.0   2.8   .35    .0
  6 1984 116  19454.69  19.0  34.0   2.4   .35    .0
  6 1984 117  15694.32  21.2  32.6   2.6   .35    .0
  6 1984 118  18069.93  21.5  33.7   2.7   .35    .0
  6 1984 119  15790.94  19.4  34.4   2.3   .30    .0
  6 1984 120  19520.76  20.2  34.0   2.3   .30    .0
  6 1984 121  19507.63  19.5  34.0   2.8   .30    .0
  6 1984 122  12935.48  20.4  32.5   2.6   .30  26.2
  6 1984 123  17220.78  20.8  33.0   2.7   .30    .0
  6 1984 124  18788.62  19.5  34.0   2.5   .30    .0
  6 1984 125  17872.76  21.2  34.5   2.8   .30    .0
  6 1984 126  15269.30  20.0  32.6   2.6   .30  36.0
  6 1984 127  11996.14  22.5  31.8   2.8   .30  10.5
  6 1984 128   9179.28  23.2  28.0   3.0   .30  23.3
  6 1984 129  11868.51  23.0  31.0   3.0   .30   6.2
  6 1984 130  15336.57  21.5  32.2   2.8   .30    .0
  6 1984 131  18684.82  19.0  34.0   2.4   .30    .0
  6 1984 132  10725.84  21.0  31.5   2.6   .30   3.5
  6 1984 133  10383.62  22.0  30.6   2.8   .30  23.7
  6 1984 134  12832.77  21.0  30.5   2.7   .30   1.5
  6 1984 135  18064.03  18.8  32.8   2.4   .30    .0
  6 1984 136  18716.95  18.6  33.2   2.4   .30    .0
  6 1984 137  17254.47  19.4  33.4   2.6   .30   2.2
  6 1984 138  15684.05  21.0  32.6   2.5   .30  47.7
  6 1984 139   8677.35  21.5  25.5   2.7   .30  35.2
  6 1984 140  11111.88  21.7  32.0   2.4   .30  19.4
  6 1984 141  17750.58  22.0  32.5   2.8   .30  42.2
  6 1984 142   8993.87  22.5  29.8   2.9   .30  13.4
  6 1984 143  13631.07  22.5  33.4   2.9   .30   4.3
  6 1984 144  10528.86  21.6  32.0   2.8   .30  28.9
  6 1984 145   8646.53  21.6  28.0   2.7   .30  34.5
  6 1984 146  14812.83  20.0  32.2   2.6   .30  30.0
  6 1984 147  15792.61  21.0  32.2   2.7   .30   2.4
  6 1984 148  13801.00  20.6  33.2   2.6   .30  55.9
  6 1984 149  14450.59  22.0  32.0   2.8   .30    .0
  6 1984 150  18612.25  21.5  33.0   2.8   .30  30.7
  6 1984 151   9714.13  22.8  31.2   2.9   .30    .0
  6 1984 152  11133.29  22.5  32.2   3.2   .30    .0
  6 1984 153  16163.64  20.8  34.0   2.5   .30    .0
  6 1984 154  15059.08  22.2  35.4   2.8   .27  22.9
  6 1984 155  13191.33  21.5  33.2   2.7   .27    .9
  6 1984 156  19847.57  20.8  34.0   2.7   .27    .0
  6 1984 157  16669.83  21.5  31.6   2.7   .27    .0
  6 1984 158  13496.96  21.0  30.6   2.7   .27  11.6
  6 1984 159  10328.65  22.5  31.4   2.5   .27   1.8
  6 1984 160  15117.96  20.0  33.0   2.8   .27   7.2
  6 1984 161  13804.26  20.5  32.8   2.6   .27    .8
  6 1984 162  15104.27  22.0  32.0   2.8   .27   2.0
  6 1984 163  12813.84  23.0  34.0   2.9   .27    .0
  6 1984 164   8677.70  22.4  29.5   2.8   .27   2.1
  6 1984 165  14543.63  21.0  33.4   2.9   .27   3.5
  6 1984 166   8998.68  22.0  30.6   2.8   .27  11.6
  6 1984 167   8562.03  22.2  27.0   2.8   .27  16.0
  6 1984 168  15182.41  22.8  33.0   3.0   .27   3.9
  6 1984 169   9643.74  22.6  31.6   2.6   .27  10.8
  6 1984 170   8556.92  22.8  27.3   3.0   .27    .0
  6 1984 171  10616.92  21.5  31.2   2.8   .27   1.1
  6 1984 172   9205.40  22.5  30.4   2.8   .27  24.9
  6 1984 173   8553.70  21.3  28.5   2.7   .27   4.0
  6 1984 174  11806.73  21.5  31.2   2.8   .27   4.7
  6 1984 175   8552.62  22.0  29.5   2.7   .27    .0
  6 1984 176   9853.88  21.5  30.4   2.5   .27  20.3
  6 1984 177   8552.38  19.8  28.5   2.6   .27   1.0
  6 1984 178  19183.20  20.4  33.7   2.6   .27    .0
  6 1984 179   9963.38  20.2  30.2   2.7   .27   3.1
  6 1984 180  13002.60  21.5  32.2   2.8   .27   2.1
  6 1984 181   8554.40  23.0  24.0   2.8   .27  41.2
  6 1984 182  11378.13  21.4  30.8   2.8   .29  17.8
  6 1984 183  10185.60  19.4  31.0   2.5   .29  35.2
  6 1984 184   9861.65  22.0  28.5   2.9   .29   2.8
  6 1984 185  13558.81  19.6  32.2   2.6   .29   1.6
  6 1984 186  14323.74  22.0  32.5   2.8   .29   3.4
  6 1984 187   8780.80  21.2  30.0   2.7   .29  11.6
  6 1984 188  11503.70  21.4  31.6   2.7   .29    .4
  6 1984 189  14011.86  22.4  32.2   2.8   .29   2.0
  6 1984 190  13254.68  20.0  33.0   2.7   .29   5.0
  6 1984 191  12060.89  20.6  31.0   2.8   .29    .0
  6 1984 192  12938.38  21.1  32.6   2.7   .29   2.4
  6 1984 193  18074.08  21.3  32.8   2.6   .29    .0
  6 1984 194  19721.85  19.5  33.4   2.4   .29    .0
  6 1984 195  16016.56  19.5  33.0   2.6   .29   4.4
  6 1984 196   8587.24  21.7  27.5   2.6   .29  17.2
  6 1984 197  12312.30  19.5  31.0   2.5   .29    .7
  6 1984 198  18343.83  19.3  32.7   2.7   .29   2.5
  6 1984 199   8597.27  21.5  27.6   2.6   .29  15.5
  6 1984 200  14306.68  19.8  33.0   2.5   .29   5.6
  6 1984 201  10141.82  22.5  29.8   2.9   .29   9.6
  6 1984 202  12674.83  21.4  31.5   2.7   .29  45.9
  6 1984 203  14882.30  21.0  31.6   2.6   .29    .0
  6 1984 204  11808.44  20.5  30.5   2.4   .29    .8
  6 1984 205  12586.49  20.7  30.8   2.6   .29   4.1
  6 1984 206  10608.18  22.0  29.5   2.7   .29    .0
  6 1984 207  18453.22  21.4  32.5   2.9   .29   8.0
  6 1984 208  16697.78  20.8  33.6   2.7   .29   3.8
  6 1984 209  17151.53  21.2  34.0   2.8   .29  30.4
  6 1984 210  13066.23  21.0  33.0   2.7   .27  19.0
  6 1984 211   9527.26  21.4  31.0   2.8   .27    .0
  6 1984 212  15633.36  22.6  33.8   2.9   .27  16.2
  6 1984 213  14421.92  21.0  32.5   2.7   .27  31.5
  6 1984 214  15542.31  19.8  32.0   2.7   .27    .0
  6 1984 215   9098.98  20.7  29.5   2.7   .27    .0
  6 1984 216   9213.87  21.0  30.2   2.7   .27    .3
  6 1984 217  10109.15  20.1  31.2   2.4   .27    .3
  6 1984 218   9890.20  21.8  29.4   3.0   .27   5.5
  6 1984 219   8888.92  21.2  30.0   2.7   .27  46.4
  6 1984 220   8779.88  23.0  29.5   3.0   .27  37.4
  6 1984 221   8670.48  22.4  27.0   2.7   .27  53.3
  6 1984 222   8672.69  22.0  24.5   2.9   .27  60.0
  6 1984 223   9683.48  21.5  28.8   2.7   .27    .7
  6 1984 224  13163.86  21.5  32.0   2.8   .27  47.4
  6 1984 225   9688.66  20.8  29.6   2.6   .27   4.4
  6 1984 226   9016.67  22.2  28.6   2.8   .27   4.7
  6 1984 227  12841.87  21.4  31.4   2.8   .27   6.9
  6 1984 228   8681.65  21.5  27.6   2.7   .27   6.0
  6 1984 229  12849.99  20.6  32.3   2.6   .27  21.8
  6 1984 230  13078.98  21.5  31.5   2.9   .27  44.1
  6 1984 231  14999.98  20.2  31.8   2.7   .27    .0
  6 1984 232  18277.86  20.2  31.7   2.4   .27    .0
  6 1984 233  15572.87  20.6  32.0   2.6   .27   2.8
  6 1984 234   9133.86  22.5  30.4   3.0   .27    .0
  6 1984 235  10264.14  21.5  31.0   2.7   .27   4.6
  6 1984 236   9245.28  21.5  27.2   2.7   .27  58.3
  6 1984 237  17622.71  19.8  32.6   2.6   .27  35.2
  6 1984 238  14566.69  21.5  31.0   2.7   .27    .0
  6 1984 239  17400.70  21.8  33.2   2.7   .27    .0
  6 1984 240   9351.38  22.2  29.8   2.9   .27   4.5
  6 1984 241  10142.75  22.5  30.8   2.9   .27  61.3
  6 1984 242  17969.91  20.5  33.2   2.7   .27    .0
  6 1984 243  17061.24  21.2  32.5   2.7   .27  13.1
  6 1984 244  10133.26  21.5  30.8   2.9   .27    .0
  6 1984 245  11378.61  22.0  30.4   2.8   .29   3.1
  6 1984 246  18644.94  20.5  33.0   2.8   .29    .0
  6 1984 247  16709.99  20.6  32.8   2.8   .29   3.4
  6 1984 248   9205.56  22.5  30.0   2.9   .29   1.6
  6 1984 249  17723.21  19.8  33.2   2.7   .29  23.0
  6 1984 250   9875.38  21.5  30.0   2.7   .29   1.1
  6 1984 251  11687.16  21.2  31.2   2.7   .29   2.1
  6 1984 252  14293.88  20.2  32.0   2.6   .29  51.4
  6 1984 253  18036.02  22.0  31.3   2.6   .29    .0
  6 1984 254  14391.00  21.8  32.0   2.9   .29   4.2
  6 1984 255  14495.34  20.6  31.8   2.8   .29   7.5
  6 1984 256  19596.45  20.0  32.0   2.6   .29    .0
  6 1984 257  14588.33  21.0  32.5   2.8   .29  22.0
  6 1984 258  12760.80  20.0  31.0   2.5   .29    .4
  6 1984 259  13884.17  20.5  32.1   2.7   .29  57.4
  6 1984 260  12737.50  19.1  31.0   2.7   .29  24.2
  6 1984 261  15559.35  20.2  32.6   2.8   .29    .0
  6 1984 262  16224.71  21.0  33.4   2.6   .29   1.2
  6 1984 263  16775.35  20.0  33.8   2.5   .29  19.0
  6 1984 264  19701.54  20.2  33.8   2.7   .29    .0
  6 1984 265  16967.35  21.2  33.2   2.8   .29  42.7
  6 1984 266  12992.55  20.6  31.4   2.7   .29    .0
  6 1984 267  13541.03  19.6  31.4   2.5   .29   5.3
  6 1984 268  15893.91  20.8  32.0   2.9   .29  63.3
  6 1984 269  15310.13  20.8  31.8   2.7   .29  30.7
  6 1984 270  19008.29  19.0  31.8   2.5   .29    .0
  6 1984 271  19434.35  20.0  33.2   2.7   .29    .0
  6 1984 272  19408.85  20.0  33.2   2.8   .29  45.4
  6 1984 273  15113.26  23.0  30.2   2.8   .30    .8
  6 1984 274  10938.11  22.0  31.5   2.5   .30   1.0
  6 1984 275  12825.20  21.5  31.8   2.8   .30   1.2
  6 1984 276  16499.10  22.0  33.2   2.9   .30  17.0
  6 1984 277  11663.57  22.0  31.5   2.8   .30  10.9
  6 1984 278   8291.42  22.1  26.2   2.8   .30    .8
  6 1984 279  10170.85  21.0  29.5   2.6   .30   1.1
  6 1984 280  15610.29  21.5  31.5   2.8   .30   4.0
  6 1984 281  11020.72  21.0  28.8   2.8   .30  11.4
  6 1984 282  14443.18  21.3  31.0   2.8   .30    .0
  6 1984 283  10865.59  19.5  30.7   2.7   .30    .0
  6 1984 284   8184.28  20.7  26.7   2.7   .30  29.0
  6 1984 285  14138.80  21.0  31.3   2.8   .30  85.4
  6 1984 286   8146.47  21.0  25.4   2.7   .30   6.0
  6 1984 287   9119.64  19.0  28.5   2.6   .30   6.3
  6 1984 288   8107.75  20.2  26.7   2.5   .30    .5
  6 1984 289   8088.09  21.6  30.8   2.9   .30    .4
  6 1984 290  16187.72  21.0  32.5   2.7   .30   2.6
  6 1984 291  11553.29  21.5  30.2   2.7   .30   2.7
  6 1984 292  16228.70  19.2  32.5   2.6   .30   1.5
  6 1984 293  18267.59  19.8  32.4   2.7   .30    .5
  6 1984 294  16485.38  19.1  33.6   2.8   .30    .3
  6 1984 295  14926.70  21.8  32.8   2.8   .30    .0
  6 1984 296  16629.89  21.0  33.8   2.8   .30  70.0
  6 1984 297  10525.40  21.8  30.6   2.7   .30   7.0
  6 1984 298   9201.91  21.2  30.5   2.7   .30  27.3
  6 1984 299   9286.42  22.2  29.8   2.9   .30    .5
  6 1984 300  10663.13  22.0  30.0   2.8   .30   7.5
  6 1984 301   7841.31  21.9  25.6   2.6   .30   2.9
  6 1984 302  12005.06  20.5  31.3   2.5   .30  26.4
  6 1984 303  12189.94  21.5  31.2   3.0   .30  14.1
  6 1984 304  15152.73  20.6  32.0   2.9   .30   1.1
  6 1984 305   7970.63  21.4  28.2   2.8   .30   3.0
  6 1984 306   8694.43  21.0  27.9   2.7   .30    .3
  6 1984 307   9521.53  20.5  32.0   2.6   .30    .0
  6 1984 308  14374.04  23.5  32.5   2.7   .35  38.8
  6 1984 309  15503.77  22.8  32.5   2.7   .35    .0
  6 1984 310  15784.23  19.0  32.8   2.5   .35   5.2
  6 1984 311  12164.55  21.0  32.5   2.5   .35    .0
  6 1984 312   8349.16  21.0  30.1   2.6   .35   1.0
  6 1984 313  10006.93  20.0  30.0   2.4   .35   5.4
  6 1984 314   7782.54  19.0  28.0   2.2   .35    .0
  6 1984 315  14662.12  19.5  32.5   2.2   .35    .0
  6 1984 316  14837.34  19.0  32.4   2.2   .35   1.1
  6 1984 317   9909.73  20.0  29.0   2.6   .35  12.0
  6 1984 318   8015.43  19.6  28.0   2.5   .35  38.1
  6 1984 319   7477.12  19.7  23.4   2.5   .35 156.5
  6 1984 320   7458.75  20.4  23.8   2.6   .35  65.0
  6 1984 321  15191.19  20.3  30.5   2.7   .35   1.3
  6 1984 322  13199.33  21.5  30.8   2.7   .35   1.4
  6 1984 323   8023.34  21.0  31.0   2.6   .35   1.2
  6 1984 324  10369.13  21.5  31.3   2.9   .35   3.2
  6 1984 325  10449.87  20.3  30.0   2.7   .35   3.0
  6 1984 326  13193.76  21.0  31.6   2.9   .35  35.2
  6 1984 327   7339.79  21.4  26.0   2.8   .35   8.5
  6 1984 328   7324.37  20.0  26.3   2.6   .35  25.9
  6 1984 329   7818.99  18.5  24.8   2.0   .35    .0
  6 1984 330   7294.85  20.3  26.7   2.5   .35  11.8
  6 1984 331   8500.12  20.7  29.2   2.7   .35   4.2
  6 1984 332  16297.37  18.5  31.9   2.5   .35    .0
  6 1984 333  15866.31  18.0  32.3   2.6   .35    .0
  6 1984 334  11997.14  19.0  30.9   2.4   .35   1.0
  6 1984 335   9250.54  20.5  29.8   2.6   .35    .0
  6 1984 336  13374.44  18.0  31.0   2.3   .35  14.2
  6 1984 337  10432.82  20.8  30.7   2.7   .35  16.0
  6 1984 338  11727.77  22.5  29.5   3.1   .35  10.6
  6 1984 339  16038.20  18.8  31.4   2.4   .35    .8
  6 1984 340  10593.99  20.0  30.5   2.7   .35   5.7
  6 1984 341  13995.31  21.8  30.5   2.7   .35   3.8
  6 1984 342  11473.77  21.0  29.6   2.6   .35  53.0
  6 1984 343  10560.87  20.4  28.5   2.6   .35  43.7
  6 1984 344   9850.50  20.0  29.8   2.5   .35   7.9
  6 1984 345  12844.77  19.2  30.6   2.5   .35    .4
  6 1984 346  14536.04  18.6  30.5   2.4   .35    .0
  6 1984 347  16726.34  17.7  31.2   2.0   .35    .0
  6 1984 348  16517.80  18.0  31.5   2.1   .35    .0
  6 1984 349  13913.69  18.0  30.8   2.2   .35  11.8
  6 1984 350  13708.87  19.4  31.0   2.6   .35  11.4
  6 1984 351  10311.01  20.5  29.8   2.6   .35   5.0
  6 1984 352  15398.89  18.3  31.4   2.4   .35    .2
  6 1984 353  13700.59  17.8  31.3   2.2   .35   1.8
  6 1984 354   7113.71  19.0  25.6   2.5   .35  34.1
  6 1984 355   7114.05  18.5  24.8   2.4   .35   5.0
  6 1984 356  13403.28  18.5  29.2   2.2   .35    .0
  6 1984 357  10710.74  15.8  29.7   2.0   .35    .0
  6 1984 358   8317.40  17.5  29.0   2.5   .35   4.9
  6 1984 359   7721.44  19.5  27.0   2.5   .35  15.9
  6 1984 360   9824.11  19.0  29.6   2.5   .35   5.6
  6 1984 361  13129.48  17.0  30.0   2.3   .35   3.7
  6 1984 362  11036.90  18.8  30.0   2.5   .35  27.1
  6 1984 363   9743.58  20.3  28.0   2.5   .35  19.2
  6 1984 364  13057.84  20.2  29.6   2.6   .35   8.1
  6 1984 365   8256.73  20.4  26.2   2.6   .35  43.3
  6 1984 366  12881.36  18.8  29.5   2.4   .35    .7
