*---------------------------------------------------------              
* Station name: La Mola                                                 
* Author: Atlantic Zone Project, AUW-MAG-CATIE, Costa Rica              
* Source: IMN, San Jose, Costa Rica                                     
*                                                                       
* Comments: Wind speed still lacking                                    
*           Solar radiation data lacking                                
*           Check unit of vapor pressure                                
*                                                                       
* Longitude:  83  46 W, latitude:  10  21 N, altitude: 163 m.           
* Column  Daily value                                                   
*    1    station number                                                
*    2    year                                                          
*    3    month                                                         
*    4    day                                                           
*    5    julian date                                                   
*    6    irradiation            (cal cm-2 d-1)                         
*    7    minimum temperature    (degrees Celcius)                      
*    8    maximum temperature    (degrees Celcius)                      
*    9    vapor pressure at 0700 (mbar)                                 
*   10    vapor pressure at 1300 (mbar)                                 
*   11    vapor pressure at 1800 (mbar)                                 
*   12    mean wind speed        (kilometer per hour)                   
*   13    precipitation          (mm d-1)                               
*   14    sunshine hours         (hours)                                
* Missing value: -99                                                    
*---------------------------------------------------------              
*  data converted with WDC for CABO-format
*-------------------------------------------
  83.77  10.35    70.  .00  .00
  6 1987   1  18400.65  20.5  33.5   2.2   .31   1.3
  6 1987   2   7973.08  21.0  27.5   2.4   .31  43.0
  6 1987   3  13110.41  21.5  31.0   2.5   .31   1.3
  6 1987   4  14535.22  18.0  32.5   1.6   .31   1.7
  6 1987   5   7197.71  19.0  21.8   2.3   .31  24.0
  6 1987   6   7208.30  19.5  25.0   2.2   .31    .0
  6 1987   7  11461.89  19.5  29.5   2.2   .31    .0
  6 1987   8  14816.90  18.0  32.0   2.0   .31    .0
  6 1987   9  12408.84  19.5  31.0   2.4   .31    .0
  6 1987  10  16181.80  19.0  32.0   2.2   .31    .0
  6 1987  11  13059.55  20.5  31.5   2.5   .31   7.3
  6 1987  12  12980.60  19.0  31.0   2.2   .31   3.5
  6 1987  13  13411.61  20.5  32.0   2.5   .31    .0
  6 1987  14  16702.40  20.0  32.0   2.4   .31    .3
  6 1987  15  13155.50  20.0  31.0   2.5   .31   2.2
  6 1987  16   7753.84  18.5  29.5   2.2   .31    .0
  6 1987  17  17106.40  19.0  33.0   2.2   .31    .8
  6 1987  18  16832.46  18.5  33.0   2.2   .31    .2
  6 1987  19  15734.50  22.0  33.0   2.5   .31    .0
  6 1987  20  12673.06  22.0  31.0   2.7   .31  67.8
  6 1987  21  10944.08  22.0  31.0   2.7   .31    .0
  6 1987  22  16975.58  18.5  33.5   2.2   .31    .0
  6 1987  23   8608.41  21.0  27.5   2.5   .31  58.8
  6 1987  24   7694.01  20.0  26.5   2.3   .31   4.9
  6 1987  25   9693.25  20.0  30.5   2.7   .31    .5
  6 1987  26  12536.09  20.5  30.5   2.5   .31   7.8
  6 1987  27   7545.06  20.0  23.0   2.4   .31  83.2
  6 1987  28   7565.29  20.5  22.5   2.3   .33  52.2
  6 1987  29  15569.76  20.5  31.5   2.5   .33    .5
  6 1987  30  13396.64  20.5  31.0   2.4   .33   1.6
  6 1987  31  15961.95  20.0  31.5   2.4   .33    .1
  6 1987  32  14732.23  21.5  31.0   2.4   .33    .0
  6 1987  33  15722.38  18.5  33.0   2.2   .33    .0
  6 1987  34  15017.94  20.5  33.0   2.5   .33    .2
  6 1987  35  10692.51  22.5  30.1   2.9   .33    .0
  6 1987  36  11360.55  22.5  33.0   3.0   .33   2.3
  6 1987  37  15665.10  22.0  33.0   2.7   .33    .4
  6 1987  38  15918.30  23.0  32.5   2.8   .33    .0
  6 1987  39   8444.60  19.5  24.8   2.3   .33  12.5
  6 1987  40   8037.83  19.0  24.4   2.2   .33   9.6
  6 1987  41   7844.84  20.0  22.8   2.3   .33   3.7
  6 1987  42   7975.01  20.5  27.0   2.3   .33    .3
  6 1987  43   7889.15  21.0  25.0   2.5   .33   1.9
  6 1987  44   7911.30  21.5  27.5   2.6   .33   1.0
  6 1987  45  12607.45  21.5  30.0   2.5   .33    .0
  6 1987  46  18520.89  20.5  33.0   2.5   .33    .0
  6 1987  47  16054.11  21.0  34.5   2.5   .33    .0
  6 1987  48  16857.84  23.0  34.5   2.9   .33    .0
  6 1987  49  15034.43  21.0  32.5   2.5   .33    .0
  6 1987  50  17485.42  22.5  32.0   2.8   .33    .0
  6 1987  51  17305.29  22.0  32.0   2.8   .33    .0
  6 1987  52  12715.25  22.0  31.0   2.5   .33   6.1
  6 1987  53   8659.56  21.5  29.0   2.4   .33   3.3
  6 1987  54   9677.38  23.0  29.0   2.8   .33   2.9
  6 1987  55  13469.33  21.5  30.0   2.7   .33    .0
  6 1987  56  15275.97  21.0  32.5   2.4   .37   9.7
  6 1987  57   8746.97  22.0  28.0   2.8   .37  13.7
  6 1987  58  10105.17  22.5  30.0   2.8   .37    .8
  6 1987  59  15708.19  23.5  31.0   2.9   .37    .1
  6 1987  60  10710.25  24.0  31.0   2.8   .37    .0
  6 1987  61  15100.00  22.5  32.0   2.7   .37    .0
  6 1987  62   9523.47  23.0  30.0   2.9   .37    .0
  6 1987  63   9432.06  20.5  30.5   2.5   .37    .0
  6 1987  64  14288.32  20.5  32.0   2.6   .37    .3
  6 1987  65   9810.33  21.0  31.0   2.4   .37    .6
  6 1987  66  12988.23  22.0  32.0   2.7   .37   3.2
  6 1987  67  11205.33  23.0  31.0   2.8   .37    .0
  6 1987  68  11113.34  23.0  31.5   2.8   .37    .0
  6 1987  69  17020.90  19.5  34.0   2.4   .37    .0
  6 1987  70  18861.50  21.5  33.0   2.7   .37    .3
  6 1987  71  10038.53  22.0  31.0   2.6   .37    .4
  6 1987  72  17894.90  21.0  32.5   2.5   .37    .0
  6 1987  73  13144.11  15.5  29.5   1.8   .37    .0
  6 1987  74  16009.94  20.0  31.0   2.4   .37    .0
  6 1987  75  16373.79  22.0  33.5   2.4   .37    .0
  6 1987  76  19474.63  20.0  34.5   2.5   .37    .0
  6 1987  77  17900.01  21.0  35.0   2.6   .37    .0
  6 1987  78  14494.11  22.0  33.0   2.7   .37    .0
  6 1987  79  17026.91  23.0  34.5   2.5   .37    .0
  6 1987  80  17503.29  24.0  34.0   3.0   .37    .9
  6 1987  81  11797.71  25.0  32.5   3.1   .37    .9
  6 1987  82  17424.33  22.0  35.5   2.8   .37    .0
  6 1987  83  13658.69  25.0  34.5   3.0   .37    .0
  6 1987  84  12411.05  24.0  34.0   3.2   .37    .0
  6 1987  85  14832.50  25.5  33.5   3.0   .37    .0
  6 1987  86  18288.11  24.0  34.5   2.7   .37   1.5
  6 1987  87  18301.32  24.0  34.5   2.9   .37   1.7
  6 1987  88   9700.92  24.0  30.0   2.9   .37   1.9
  6 1987  89  16372.30  23.5  33.5   2.8   .37    .0
  6 1987  90  19369.45  22.5  35.5   2.6   .37  30.7
  6 1987  91   8693.07  19.5  25.5   2.1   .35  23.2
  6 1987  92   8700.76  19.0  26.0   2.1   .35   2.4
  6 1987  93  10202.00  20.5  29.5   2.7   .35    .7
  6 1987  94  12162.53  22.5  32.0   2.8   .35  22.5
  6 1987  95   8721.26  22.0  26.0   2.5   .35  18.0
  6 1987  96  10450.85  22.0  30.0   2.6   .35  18.2
  6 1987  97   8732.81  22.0  26.0   2.8   .35  49.3
  6 1987  98  17812.77  22.5  33.0   2.8   .35   1.0
  6 1987  99   8742.68  23.5  28.5   2.8   .35   6.2
  6 1987 100  16784.00  22.0  25.5   2.5   .35   7.5
  6 1987 101   8750.92  21.0  32.0   2.7   .35   5.0
  6 1987 102  10131.29  22.0  31.0   2.6   .35  53.3
  6 1987 103  15983.15  22.0  33.0   2.9   .35    .0
  6 1987 104  15294.86  23.5  33.0   3.1   .35  19.8
  6 1987 105  13231.53  23.5  32.5   3.1   .35    .0
  6 1987 106  18155.86  20.5  33.5   2.7   .35    .0
  6 1987 107  18953.49  19.5  33.5   2.5   .35    .0
  6 1987 108  18719.90  20.0  34.0   2.5   .35    .0
  6 1987 109  19057.50  20.5  33.5   2.5   .35    .0
  6 1987 110  13224.58  20.5  33.0   2.6   .35   3.8
  6 1987 111  10824.14  24.0  31.5   3.0   .35    .8
  6 1987 112   8769.00  24.0  27.5   2.8   .35   8.4
  6 1987 113   9110.54  22.5  29.5   2.7   .35   1.0
  6 1987 114   8767.79  21.5  26.5   2.6   .35   2.9
  6 1987 115  11270.61  22.0  31.0   2.5   .35    .3
  6 1987 116   8765.36  21.5  27.5   2.6   .35   4.0
  6 1987 117   8763.72  22.0  27.0   2.6   .35    .0
  6 1987 118  11713.16  21.5  32.0   2.6   .35    .0
  6 1987 119   8759.61  21.0  29.5   2.5   .30   1.2
  6 1987 120   8757.17  22.0  28.0   2.5   .30   1.8
  6 1987 121   9207.25  21.0  29.5   2.8   .30    .0
  6 1987 122  15083.98  21.0  33.5   2.8   .30    .0
  6 1987 123  15413.34  21.5  34.0   2.8   .30    .0
  6 1987 124  14387.52  22.5  33.5   2.9   .30    .0
  6 1987 125  10770.69  24.0  31.0   3.2   .30  22.1
  6 1987 126  15719.75  21.0  33.5   2.9   .30    .0
  6 1987 127  18183.20  21.0  34.0   2.9   .30    .0
  6 1987 128  17719.44  21.0  34.5   2.7   .30    .0
  6 1987 129   9174.55  23.0  29.0   2.7   .30  11.7
  6 1987 130  10627.31  22.0  31.0   2.8   .30   6.9
  6 1987 131   9724.69  24.0  30.0   3.1   .30  19.2
  6 1987 132  16879.12  24.0  33.0   3.1   .30    .0
  6 1987 133  14183.24  22.5  33.5   3.0   .30   2.6
  6 1987 134   8702.49  23.0  25.2   2.8   .30  52.4
  6 1987 135   8697.58  23.5  26.5   2.9   .30  41.1
  6 1987 136   8803.98  22.0  28.5   2.6   .30    .2
  6 1987 137  15696.85  23.5  33.5   3.0   .30    .0
  6 1987 138  17239.95  23.0  33.5   2.7   .30    .0
  6 1987 139  11230.69  22.5  32.5   2.9   .30  11.1
  6 1987 140   9115.78  23.5  30.5   3.0   .30   9.4
  6 1987 141   8667.05  23.0  26.8   3.0   .30  24.9
  6 1987 142   9104.52  23.5  26.8   3.0   .30  24.4
  6 1987 143   9872.69  19.5  29.5   2.6   .30    .4
  6 1987 144  14835.47  22.0  33.0   2.8   .30  13.7
  6 1987 145  12397.18  20.0  32.5   2.8   .30   1.6
  6 1987 146  17678.09  23.5  33.5   3.0   .30    .0
  6 1987 147  14801.76  22.0  33.5   2.7   .30    .0
  6 1987 148  18530.49  21.5  34.5   2.9   .30    .0
  6 1987 149  18406.43  21.0  34.0   2.8   .30   3.5
  6 1987 150   9061.08  24.5  32.0   3.1   .30   3.8
  6 1987 151  14759.66  23.5  34.0   3.2   .30    .0
  6 1987 152  15078.54  24.0  34.0   3.1   .30    .7
  6 1987 153  13754.67  24.5  33.5   3.1   .30  53.3
  6 1987 154  11667.39  23.5  32.5   3.0   .27  10.3
  6 1987 155   8599.72  23.0  28.0   2.8   .27   3.6
  6 1987 156  14822.44  23.5  28.5   2.9   .27    .0
  6 1987 157  11866.64  22.5  32.5   2.7   .27    .0
  6 1987 158  11206.10  23.0  33.0   3.0   .27    .0
  6 1987 159  13054.09  22.5  32.5   3.0   .27    .0
  6 1987 160  17405.92  22.5  35.0   2.9   .27    .0
  6 1987 161  10973.19  25.0  32.5   3.1   .27    .0
  6 1987 162  11730.60  23.5  33.0   3.0   .27    .0
  6 1987 163  12922.61  24.0  33.5   3.0   .27  72.1
  6 1987 164  10417.26  23.0  31.0   2.8   .27  22.0
  6 1987 165  13456.87  22.5  32.0   2.9   .27  35.0
  6 1987 166  10302.28  23.0  31.0   2.9   .27  14.8
  6 1987 167  13557.43  22.5  33.0   2.8   .27   5.4
  6 1987 168  11382.73  23.5  31.5   2.9   .27   4.2
  6 1987 169  12899.74  22.5  32.5   2.9   .27    .0
  6 1987 170  17237.61  22.0  34.5   2.8   .27  19.2
  6 1987 171  15173.44  24.5  34.0   3.1   .27    .4
  6 1987 172  17557.84  23.0  34.0   3.0   .27   1.2
  6 1987 173  18098.39  24.0  34.5   2.9   .27    .0
  6 1987 174  16795.71  23.0  34.5   2.9   .27  11.7
  6 1987 175   9203.34  23.5  32.0   2.7   .27   1.3
  6 1987 176  13541.41  21.5  33.5   2.5   .27    .0
  6 1987 177  11263.98  23.0  32.0   3.1   .27    .8
  6 1987 178   9637.34  23.5  30.5   3.0   .27  20.6
  6 1987 179  15821.93  22.5  34.0   2.9   .27    .0
  6 1987 180   8987.64  23.0  30.0   2.9   .27  21.0
  6 1987 181   8554.40  23.5  30.0   2.9   .27  17.8
  6 1987 182   9098.24  20.5  31.5   2.5   .29   1.5
  6 1987 183  17570.39  22.5  34.0   2.9   .29  15.8
  6 1987 184  16488.53  22.0  34.0   2.7   .29  20.8
  6 1987 185   9646.36  23.0  31.0   3.1   .29   7.3
  6 1987 186   9104.95  22.0  31.5   3.0   .29    .3
  6 1987 187   9542.22  24.0  30.5   2.9   .29    .5
  6 1987 188  10633.07  23.0  31.5   2.9   .29  70.9
  6 1987 189   8567.60  22.0  27.0   2.8   .29  35.0
  6 1987 190  11293.65  22.0  31.5   2.7   .29    .6
  6 1987 191   8899.59  23.0  29.5   2.9   .29  47.0
  6 1987 192  10320.50  23.5  32.0   2.8   .29  13.5
  6 1987 193   9997.01  23.0  32.0   2.0   .29    .0
  6 1987 194  10437.82  23.5  32.0   2.9   .29  16.9
  6 1987 195   8584.08  23.0  29.0   2.8   .29  46.3
  6 1987 196  13071.88  23.0  32.5   2.8   .29   4.4
  6 1987 197   8590.50  23.5  30.0   3.0   .29   1.7
  6 1987 198   9579.80  23.5  32.5   3.0   .29    .4
  6 1987 199   8926.19  24.0  30.5   2.9   .29  77.4
  6 1987 200  10575.89  22.5  31.5   2.9   .29  40.3
  6 1987 201  12777.54  23.0  33.0   2.8   .29   5.0
  6 1987 202   8607.91  22.5  27.5   2.8   .29  17.3
  6 1987 203  16092.45  22.0  33.5   2.8   .29   9.8
  6 1987 204  12909.56  24.0  32.0   3.0   .29    .1
  6 1987 205  11153.74  23.5  32.0   2.9   .29    .7
  6 1987 206   9174.10  24.0  30.5   3.0   .29    .6
  6 1987 207   8626.21  23.5  27.2   2.8   .29    .5
  6 1987 208  11724.40  24.5  31.5   2.9   .29   2.7
  6 1987 209  14939.05  22.0  33.5   2.7   .29    .0
  6 1987 210  14394.98  22.0  33.0   2.9   .27    .2
  6 1987 211  15512.37  22.5  33.0   2.8   .27  10.7
  6 1987 212   8644.04  23.5  28.5   2.9   .27   4.5
  6 1987 213   9868.96  23.0  30.0   2.8   .27  22.6
  6 1987 214   9984.59  23.0  31.0   2.8   .27   2.9
  6 1987 215  12770.59  23.0  32.0   2.9   .27  50.2
  6 1987 216  15227.67  22.5  33.0   2.7   .27    .5
  6 1987 217  14902.46  21.0  33.0   2.6   .27   2.3
  6 1987 218  11117.55  23.0  31.0   2.9   .27   9.2
  6 1987 219  18605.18  21.0  34.5   2.7   .27    .0
  6 1987 220   9003.45  21.5  31.0   2.8   .27   6.1
  6 1987 221  10796.32  22.0  31.0   2.9   .27   9.7
  6 1987 222  13600.10  23.0  31.5   2.9   .27  50.0
  6 1987 223   8786.80  23.0  29.5   2.8   .27    .3
  6 1987 224  16865.89  21.0  34.0   2.8   .27    .0
  6 1987 225   9239.54  23.0  29.0   2.7   .27  15.0
  6 1987 226  12612.57  22.0  32.0   2.8   .27   5.3
  6 1987 227  17003.02  22.0  33.0   3.0   .27  29.8
  6 1987 228   8906.76  22.5  28.5   2.9   .27  36.1
  6 1987 229  13638.46  23.5  32.0   2.9   .27  10.6
  6 1987 230   9810.00  23.0  32.0   2.9   .27   7.0
  6 1987 231  10149.39  22.5  30.0   2.8   .27    .9
  6 1987 232  13198.13  23.5  32.0   2.9   .27  71.0
  6 1987 233  16702.45  23.6  32.0   2.8   .27    .8
  6 1987 234  13202.95  23.5  30.5   2.8   .27  10.8
  6 1987 235   8680.76  22.5  30.5   2.8   .27   2.9
  6 1987 236  11961.22  23.0  31.0   2.8   .27   7.5
  6 1987 237  12640.76  23.5  31.5   2.9   .27   2.3
  6 1987 238   9129.05  24.0  28.8   2.9   .27   6.4
  6 1987 239  10260.38  22.5  31.2   2.7   .27  22.7
  6 1987 240   9124.60  22.5  29.0   2.8   .27   9.3
  6 1987 241   8668.10  20.5  27.5   2.5   .27   1.0
  6 1987 242  11161.29  22.5  31.5   2.7   .27   7.0
  6 1987 243  12180.11  21.5  30.5   2.6   .27  28.1
  6 1987 244   8657.14  23.0  27.0   3.0   .27  27.4
  6 1987 245   9220.64  23.0  28.0   2.8   .29   3.0
  6 1987 246  15123.29  22.5  31.0   2.9   .29   3.6
  6 1987 247  15460.16  21.5  32.5   2.9   .29    .0
  6 1987 248  15796.46  24.5  33.3   2.9   .29  22.2
  6 1987 249  20223.44  21.0  32.5   2.7   .29    .0
  6 1987 250  18967.54  23.5  33.0   3.1   .29   1.6
  6 1987 251  18165.35  23.5  32.5   2.9   .29    .0
  6 1987 252  15771.31  23.5  33.0   2.9   .29   1.9
  6 1987 253  14399.59  23.0  32.5   2.8   .29  25.8
  6 1987 254  13368.38  23.0  31.0   3.0   .29   9.7
  6 1987 255  17108.23  22.0  33.0   2.8   .29  18.4
  6 1987 256   8579.29  22.3  27.0   2.9   .29  70.2
  6 1987 257  10387.03  22.5  30.5   2.9   .29  20.6
  6 1987 258  13101.34  21.5  30.5   2.8   .29    .6
  6 1987 259  11501.25  22.5  31.5   2.8   .29   6.1
  6 1987 260  15913.45  23.0  32.5   2.9   .29    .0
  6 1987 261  16126.22  23.5  32.5   3.0   .29   1.7
  6 1987 262  17924.49  23.5  33.5   3.0   .29    .0
  6 1987 263  14510.22  23.0  33.5   2.8   .29   2.0
  6 1987 264   9174.94  22.5  29.0   2.7   .29    .0
  6 1987 265  12782.03  22.5  32.5   2.8   .29   2.6
  6 1987 266  16948.91  24.0  33.0   3.0   .29    .5
  6 1987 267  14331.72  23.5  31.5   2.9   .29   2.3
  6 1987 268  12169.28  23.5  32.0   2.7   .29    .0
  6 1987 269   9220.34  22.0  30.5   2.6   .29   2.1
  6 1987 270  16529.44  23.0  32.5   3.0   .29   5.6
  6 1987 271   8852.64  24.0  30.5   2.9   .29   8.6
  6 1987 272  12548.64  23.0  32.0   2.7   .29    .8
  6 1987 273  15899.70  23.5  33.0   3.1   .30   7.7
  6 1987 274  13856.08  21.5  33.5   2.8   .30    .8
  6 1987 275  15739.95  23.0  33.0   2.8   .30    .0
  6 1987 276  12579.91  22.5  32.0   2.7   .30   5.5
  6 1987 277  15018.88  22.5  31.5   2.7   .30   1.6
  6 1987 278  17004.46  23.0  32.5   3.0   .30    .8
  6 1987 279  11621.17  23.0  31.0   2.9   .30  15.9
  6 1987 280   8702.50  23.5  30.0   2.9   .30   6.9
  6 1987 281  14358.65  23.5  33.5   2.9   .30   8.6
  6 1987 282  13665.42  23.0  34.2   2.9   .30  17.2
  6 1987 283  14748.79  22.5  35.5   2.8   .30  41.3
  6 1987 284  14388.22  22.5  33.2   2.9   .30   5.9
  6 1987 285  16682.98  22.0  33.5   2.7   .30    .0
  6 1987 286  13337.38  21.5  31.5   2.8   .30  50.0
  6 1987 287   8568.29  22.2  29.0   2.5   .30   5.6
  6 1987 288  11630.65  22.0  30.5   2.5   .30    .0
  6 1987 289   8088.09  22.0  31.5   2.6   .30   6.3
  6 1987 290   8068.23  22.5  27.5   2.6   .30   4.5
  6 1987 291   8048.20  22.0  30.5   2.7   .30   8.7
  6 1987 292   8028.01  23.0  31.5   2.7   .30  33.5
  6 1987 293   8007.67  22.0  30.5   2.8   .30   8.3
  6 1987 294   7987.19  23.5  29.5   2.9   .30  43.3
  6 1987 295   8619.10  23.0  27.5   2.8   .30  33.9
  6 1987 296   8271.54  23.0  29.5   2.8   .30  13.9
  6 1987 297   8033.44  23.5  27.5   2.8   .30  15.6
  6 1987 298   9634.47  23.0  30.0   2.8   .30   8.7
  6 1987 299  13387.87  21.0  32.0   2.6   .30    .0
  6 1987 300  13248.51  22.0  33.5   2.7   .30  16.8
  6 1987 301  11066.71  21.5  30.5   2.8   .30 132.0
  6 1987 302   7820.29  21.0  30.0   2.5   .30  12.3
  6 1987 303  11011.95  21.5  30.5   2.6   .30  17.4
  6 1987 304   9915.79  22.5  30.5   2.8   .30   8.2
  6 1987 305   9357.24  23.0  31.5   2.5   .30    .0
  6 1987 306  14123.29  19.5  31.6   2.4   .30    .0
  6 1987 307  14726.99  20.0  32.5   2.8   .30    .0
  6 1987 308  12995.79  21.5  30.5   2.7   .35   1.6
  6 1987 309  14763.13  19.0  32.0   2.2   .35   1.4
  6 1987 310  10293.42  22.0  32.0   2.5   .35    .0
  6 1987 311   8687.02  22.5  28.5   2.8   .35   2.8
  6 1987 312  14343.73  23.0  30.5   2.7   .35   2.3
  6 1987 313  15674.63  22.5  33.6   3.1   .35    .0
  6 1987 314  17105.11  22.0  32.5   2.8   .35    .0
  6 1987 315  17066.54  23.5  33.0   3.0   .35    .0
  6 1987 316  11498.64  22.5  30.5   2.9   .35  11.2
  6 1987 317   9284.95  23.0  30.0   2.9   .35   1.6
  6 1987 318   8846.86  24.0  31.0   2.9   .35   7.2
  6 1987 319   9033.07  23.0  29.0   2.8   .35  10.8
  6 1987 320  13256.63  23.0  32.0   2.8   .35   2.2
  6 1987 321  17154.65  21.5  33.0   2.8   .35   1.0
  6 1987 322  14540.28  23.5  33.0   3.0   .35   2.2
  6 1987 323  15230.72  22.0  33.2   2.7   .35   3.4
  6 1987 324   7594.10  23.5  28.0   2.8   .35  17.5
  6 1987 325   7371.89  23.0  25.5   3.0   .35  96.1
  6 1987 326  13910.73  23.0  30.5   2.8   .35    .9
  6 1987 327  15622.17  20.0  32.5   2.6   .35   5.4
  6 1987 328   8957.71  22.5  30.0   2.7   .35  11.1
  6 1987 329   9347.81  23.5  30.0   2.8   .35   8.2
  6 1987 330   9838.94  21.5  32.5   2.7   .35   3.2
  6 1987 331  14901.57  21.0  32.5   2.6   .35    .0
  6 1987 332  14369.58  21.5  32.0   2.6   .35    .0
  6 1987 333  12016.16  21.0  32.0   2.5   .35    .0
  6 1987 334  10985.32  23.0  30.0   2.7   .35    .0
  6 1987 335  13696.78  21.0  32.5   2.7   .35    .0
  6 1987 336  15897.56  21.5  33.0   2.9   .35    .0
  6 1987 337   9223.16  20.5  29.5   2.5   .35  15.0
  6 1987 338   7196.67  23.0  26.5   2.8   .35  10.2
  6 1987 339   8293.26  22.0  28.0   2.5   .35  26.2
  6 1987 340   7278.07  21.0  24.5   2.6   .35   9.9
  6 1987 341  13995.31  21.0  32.0   2.7   .35    .0
  6 1987 342  12577.07  21.0  32.5   2.7   .35   1.0
  6 1987 343   7454.09  23.0  27.0   2.7   .35    .3
  6 1987 344   8748.91  20.5  30.5   2.4   .35    .5
  6 1987 345   9542.25  22.0  30.0   2.5   .35   9.0
  6 1987 346   7134.84  22.5  27.0   2.6   .35   6.8
  6 1987 347  12228.02  21.0  31.5   2.6   .35   7.8
  6 1987 348  14719.30  22.0  32.5   2.8   .35    .0
  6 1987 349  16710.27  21.0  34.0   2.8   .35    .4
  6 1987 350  16105.19  23.0  32.5   2.9   .35   2.6
  6 1987 351  16699.63  21.0  32.0   2.6   .35  25.7
  6 1987 352   8711.92  22.0  27.0   2.7   .35  35.3
  6 1987 353   8411.39  23.0  28.0   2.8   .35  31.6
  6 1987 354   7213.51  23.5  26.0   2.8   .35  67.8
  6 1987 355  11605.05  24.0  30.5   3.0   .35  31.7
  6 1987 356   7614.12  23.5  27.5   3.1   .35  19.2
  6 1987 357   7615.89  22.5  27.5   2.9   .35   7.7
  6 1987 358  15507.46  22.0  32.0   2.7   .35    .8
  6 1987 359  16812.11  21.0  32.5   2.5   .35    .0
  6 1987 360  14821.13  19.0  32.0   2.4   .35   1.3
  6 1987 361  14729.33  22.0  32.0   2.6   .35   1.7
  6 1987 362  13137.92  20.5  31.5   2.5   .35   2.3
  6 1987 363  11245.28  22.0  31.5   2.6   .35   4.7
  6 1987 364  10953.95  22.0  30.5   2.6   .35    .9
  6 1987 365  11966.52  22.0  30.0   2.6   .35   3.0
