*---------------------------------------------------------              
* Station name: La Mola                                                 
* Author: Atlantic Zone Project, AUW-MAG-CATIE, Costa Rica              
* Source: IMN, San Jose, Costa Rica                                     
*                                                                       
* Comments: Wind speed still lacking                                    
*           Solar radiation data lacking                                
*           Check unit of vapor pressure                                
*                                                                       
* Longitude:  83  46 W, latitude:  10  21 N, altitude: 163 m.           
* Column  Daily value                                                   
*    1    station number                                                
*    2    year                                                          
*    3    month                                                         
*    4    day                                                           
*    5    julian date                                                   
*    6    irradiation            (cal cm-2 d-1)                         
*    7    minimum temperature    (degrees Celcius)                      
*    8    maximum temperature    (degrees Celcius)                      
*    9    vapor pressure at 0700 (mbar)                                 
*   10    vapor pressure at 1300 (mbar)                                 
*   11    vapor pressure at 1800 (mbar)                                 
*   12    mean wind speed        (kilometer per hour)                   
*   13    precipitation          (mm d-1)                               
*   14    sunshine hours         (hours)                                
* Missing value: -99                                                    
*---------------------------------------------------------              
*  data converted with WDC for CABO-format
*-------------------------------------------
  83.77  10.35    70.  .00  .00
  6 1983   1   8867.33  20.0  28.4   2.3   .31   4.4
  6 1983   2  10182.85  20.8  30.0   2.5   .31    .0
  6 1983   3  12406.60  17.8  30.7   2.3   .31  13.9
  6 1983   4  12320.90  22.0  29.4   2.7   .31  15.7
  6 1983   5   8003.82  20.8  28.0   2.5   .31   5.9
  6 1983   6  14169.29  21.2  30.5   2.7   .31   5.0
  6 1983   7   7623.50  20.8  27.5   2.6   .31  17.2
  6 1983   8  12288.33  22.2  29.4   2.8   .31   6.7
  6 1983   9   9876.81  22.4  29.8   2.8   .31   2.1
  6 1983  10  15370.39  21.8  31.5   2.8   .31   6.9
  6 1983  11  11637.49  22.5  29.5   2.9   .31   6.1
  6 1983  12   8911.34  20.2  28.5   2.6   .31   1.3
  6 1983  13   7399.94  20.5  22.2   2.4   .31  45.7
  6 1983  14   7312.96  20.3  23.7   2.5   .31  56.9
  6 1983  15   7328.35  20.0  23.4   2.4   .31  58.0
  6 1983  16   7446.62  19.4  22.0   2.3   .31  11.4
  6 1983  17   8181.23  19.0  26.0   2.2   .31    .0
  6 1983  18  10974.36  20.8  29.2   2.7   .31    .7
  6 1983  19  11924.85  21.4  30.6   2.7   .31    .0
  6 1983  20  15458.32  19.6  32.0   2.4   .31    .0
  6 1983  21  15181.66  20.2  32.6   2.6   .31    .0
  6 1983  22  14800.88  20.6  31.5   2.5   .31    .0
  6 1983  23   9127.22  22.4  30.4   2.7   .31    .1
  6 1983  24  13308.41  22.5  31.5   2.8   .31    .6
  6 1983  25  12506.15  22.0  31.5   2.7   .31    .0
  6 1983  26  13371.26  21.4  31.5   2.5   .31    .8
  6 1983  27  17378.62  19.0  32.7   2.4   .31    .0
  6 1983  28   7565.29  21.2  26.0   2.7   .33   2.6
  6 1983  29  12418.18  19.4  30.2   2.3   .33    .0
  6 1983  30  14238.85  20.8  30.8   2.5   .33    .0
  6 1983  31  13746.44  18.5  30.0   2.4   .33    .4
  6 1983  32  13886.42  19.5  31.0   2.5   .33    .0
  6 1983  33  14027.11  20.8  32.2   2.6   .33    .0
  6 1983  34  16292.13  20.2  32.0   2.6   .33    .2
  6 1983  35   8989.93  20.0  29.5   2.5   .33   2.0
  6 1983  36  11147.27  20.4  30.2   2.5   .33    .0
  6 1983  37  13527.67  20.3  31.2   2.7   .33    .0
  6 1983  38  15704.10  18.8  32.7   2.5   .33    .0
  6 1983  39  13811.19  19.6  31.4   2.4   .33   2.4
  6 1983  40  15352.01  20.0  31.5   2.4   .33    .0
  6 1983  41  14743.45  19.2  32.2   2.4   .33    .0
  6 1983  42   8299.07  21.5  29.2   2.8   .33    .1
  6 1983  43   9512.86  21.5  31.5   2.7   .33  23.7
  6 1983  44  12033.28  21.6  30.0   2.8   .33  22.4
  6 1983  45   7933.42  20.0  24.8   2.4   .33    .7
  6 1983  46  11985.60  21.8  30.6   2.7   .33    .0
  6 1983  47  15071.82  21.4  32.2   2.8   .33    .0
  6 1983  48  15108.03  20.6  31.7   2.7   .33  30.8
  6 1983  49  17664.35  21.6  31.0   2.7   .33    .0
  6 1983  50  17924.60  19.0  31.4   2.4   .33    .0
  6 1983  51   9604.75  20.0  28.3   2.6   .33   1.1
  6 1983  52  13376.56  21.3  31.0   2.6   .33   8.8
  6 1983  53   8107.44  23.0  28.5   2.8   .33   9.8
  6 1983  54  11226.17  22.0  30.6   2.7   .33  17.5
  6 1983  55   8149.55  22.3  29.0   2.8   .33   6.1
  6 1983  56   9835.71  22.3  29.5   2.9   .37   4.5
  6 1983  57  17088.43  20.5  33.5   2.7   .37    .0
  6 1983  58  15675.63  23.0  34.5   3.0   .37   3.4
  6 1983  59  18274.88  22.2  33.0   2.9   .37  22.7
  6 1983  60   8251.15  23.8  27.6   3.0   .37  93.9
  6 1983  61   8270.74  22.0  26.0   2.7   .37  11.0
  6 1983  62   8290.05  22.0  27.0   2.8   .37  13.3
  6 1983  63  16169.92  21.7  31.4   2.8   .37    .0
  6 1983  64  16425.10  21.6  32.0   2.6   .37    .0
  6 1983  65  16680.29  20.0  32.0   2.7   .37    .0
  6 1983  66  17499.32  22.0  32.6   2.6   .37    .0
  6 1983  67   9963.12  22.4  33.2   2.8   .37    .0
  6 1983  68  15975.48  22.6  33.0   2.7   .37    .0
  6 1983  69  15183.74  20.0  32.6   2.5   .37    .0
  6 1983  70  15183.74  20.0  32.4   2.5   .37  31.8
  6 1983  71  15183.74  20.4  24.0   2.5   .37  19.9
  6 1983  72  15183.74  20.6  27.2   2.5   .37    .1
  6 1983  73  15183.74  19.7  31.5   2.5   .37    .0
  6 1983  74  15183.74  20.8  32.7   2.7   .37    .0
  6 1983  75  15183.74  22.5  34.0   2.9   .37    .0
  6 1983  76  15183.74  23.0  33.0   3.1   .37    .0
  6 1983  77  15183.74  24.2  32.2   3.2   .37    .0
  6 1983  78  15183.74  24.2  33.2   3.0   .37    .0
  6 1983  79  15183.74  21.5  34.6   3.0   .37    .0
  6 1983  80  15183.74  24.5  35.2   3.3   .37    .0
  6 1983  81  15183.74  24.5  32.5   3.2   .37   7.2
  6 1983  82  15183.74  22.3  32.2   3.0   .37    .0
  6 1983  83  15183.74  23.5  32.0   2.8   .37    .0
  6 1983  84  14016.35  23.3  32.5   2.8   .37    .0
  6 1983  85  18618.13  18.6  32.4   2.3   .37    .0
  6 1983  86  11058.12  21.2  30.3   2.8   .37   3.4
  6 1983  87   8772.78  22.6  26.5   2.8   .37   4.0
  6 1983  88   9241.58  21.8  29.8   2.8   .37  39.5
  6 1983  89   9020.98  20.8  29.0   2.8   .37   4.3
  6 1983  90  14314.41  20.0  31.0   2.8   .37    .0
  6 1983  91  16276.75  21.3  33.1   2.7   .35    .5
  6 1983  92  10999.08  23.3  30.5   2.9   .35  15.5
  6 1983  93  16292.87  22.0  32.6   2.9   .35    .2
  6 1983  94  10668.54  22.2  31.0   2.8   .35   5.8
  6 1983  95  14696.98  22.7  31.0   2.9   .35   6.7
  6 1983  96  16885.67  22.7  32.8   2.8   .35   9.0
  6 1983  97  11260.43  22.8  30.5   3.0   .35   2.0
  6 1983  98  16089.70  20.0  31.7   2.6   .35    .0
  6 1983  99  12647.42  23.0  32.0   2.9   .35   5.1
  6 1983 100   9091.45  22.5  29.5   2.8   .35   2.2
  6 1983 101  20458.30  19.0  33.0   2.4   .35    .0
  6 1983 102  11508.14  19.0  29.4   2.4   .35   1.5
  6 1983 103  12198.32  21.0  31.2   2.5   .35    .0
  6 1983 104  18275.54  20.4  32.6   2.7   .35    .0
  6 1983 105  18846.27  20.8  33.3   2.6   .35    .0
  6 1983 106  18843.03  22.3  33.6   2.6   .35    .0
  6 1983 107  20212.59  18.5  33.2   2.8   .35    .3
  6 1983 108  10254.63  20.5  29.4   2.6   .35   1.4
  6 1983 109   8768.38  21.2  29.2   2.7   .35    .0
  6 1983 110  15738.02  19.3  32.3   2.5   .35    .0
  6 1983 111  14135.01  23.0  32.0   2.9   .35    .0
  6 1983 112  16983.07  23.0  31.8   2.8   .35    .1
  6 1983 113  15722.38  22.0  31.8   2.8   .35    .0
  6 1983 114  18108.14  20.9  32.7   2.6   .35    .0
  6 1983 115  13774.50  22.3  33.6   2.8   .35    .0
  6 1983 116  11494.55  20.7  32.7   2.7   .35    .0
  6 1983 117  16716.87  22.0  33.6   2.7   .35    .1
  6 1983 118  12280.72  21.6  31.2   2.8   .35   1.6
  6 1983 119  16584.80  21.4  32.3   2.8   .30    .4
  6 1983 120  19520.76  21.2  33.2   2.7   .30    .0
  6 1983 121  18828.48  20.1  34.2   2.7   .30    .0
  6 1983 122  19720.21  19.0  33.8   2.4   .30    .0
  6 1983 123  18124.50  22.8  34.6   2.9   .30    .0
  6 1983 124  17208.73  22.0  34.4   2.9   .30    .3
  6 1983 125  17421.83  21.7  34.2   2.9   .30  74.5
  6 1983 126   8737.79  22.7  24.6   2.8   .30  58.7
  6 1983 127  12671.09  20.5  31.3   3.1   .30  14.1
  6 1983 128  10302.98  23.0  29.6   3.0   .30  89.2
  6 1983 129  12093.01  22.8  32.5   2.8   .30  13.2
  6 1983 130  10963.68  23.0  30.5   3.0   .30 158.5
  6 1983 131   9948.69  22.8  29.2   2.9   .30  21.1
  6 1983 132  15200.95  22.6  31.8   3.1   .30    .7
  6 1983 133  14294.99  22.5  32.0   3.1   .30  19.6
  6 1983 134   9930.41  22.5  31.0   2.9   .30  18.8
  6 1983 135   9032.09  21.4  30.2   3.0   .30  14.2
  6 1983 136  14484.45  20.8  32.7   2.4   .30    .0
  6 1983 137   8687.56  22.8  27.0   3.0   .30   5.6
  6 1983 138   9015.88  23.4  28.4   3.0   .30  15.5
  6 1983 139   9676.48  22.5  29.0   3.1   .30  60.8
  6 1983 140  10113.83  23.0  30.0   3.0   .30   5.5
  6 1983 141   8888.60  23.5  27.7   2.9   .30   2.4
  6 1983 142  19727.58  20.0  32.6   2.7   .30    .0
  6 1983 143  20263.50  20.7  33.0   2.7   .30   1.0
  6 1983 144  19142.08  20.0  32.8   2.6   .30   2.9
  6 1983 145  12176.55  22.2  31.6   2.7   .30    .0
  6 1983 146  11947.56  23.0  31.4   2.8   .30   1.0
  6 1983 147  17664.21  20.3  32.8   2.7   .30    .0
  6 1983 148  13910.99  21.0  33.2   2.8   .30    .0
  6 1983 149  12472.67  21.0  33.2   3.0   .30    .0
  6 1983 150  13891.56  22.3  33.5   3.0   .30    .0
  6 1983 151  14759.66  23.0  33.3   2.9   .30   1.0
  6 1983 152  19571.74  21.5  33.5   2.9   .30   2.1
  6 1983 153  14521.16  23.5  34.0   3.1   .30  48.6
  6 1983 154   9588.61  22.5  31.7   2.9   .27  23.2
  6 1983 155  13519.30  23.5  33.0   2.9   .27   1.2
  6 1983 156  10889.74  22.8  32.8   3.1   .27    .1
  6 1983 157  19289.75  22.2  33.2   3.0   .27    .9
  6 1983 158  13606.05  24.0  33.8   3.1   .27   7.2
  6 1983 159  12072.93  23.0  33.6   3.0   .27    .0
  6 1983 160  15335.86  22.3  34.0   3.1   .27    .0
  6 1983 161   9013.22  21.7  31.0   2.8   .27    .5
  6 1983 162  14015.99  23.2  33.0   2.8   .27    .0
  6 1983 163  16620.89  22.6  35.0   3.0   .27    .0
  6 1983 164  15853.37  21.5  35.2   2.9   .27   1.1
  6 1983 165  15304.36  22.5  34.8   2.8   .27    .8
  6 1983 166  15625.32  22.0  35.2   3.0   .27    .0
  6 1983 167  15294.96  22.5  34.0   3.1   .27    .0
  6 1983 168  16268.03  22.5  34.8   2.9   .27    .0
  6 1983 169   8558.41  23.5  30.0   2.9   .27    .0
  6 1983 170  16803.58  23.5  35.0   3.1   .27   2.4
  6 1983 171  15390.42  23.6  33.8   3.2   .27    .0
  6 1983 172  11157.92  23.3  32.4   3.0   .27    .0
  6 1983 173  10831.41  21.5  32.7   2.9   .27   1.0
  6 1983 174   8553.05  22.0  28.2   2.9   .27   9.8
  6 1983 175  12131.60  19.6  32.7   2.5   .27    .0
  6 1983 176  16361.28  23.8  34.2   2.9   .27    .0
  6 1983 177  18314.14  21.4  34.5   3.0   .27   2.7
  6 1983 178   8552.58  21.4  26.7   3.0   .27  28.1
  6 1983 179  13435.11  21.5  31.6   2.9   .27  45.0
  6 1983 180   8770.62  22.4  29.2   2.8   .27   4.2
  6 1983 181  12787.35  21.6  31.5   2.9   .27  26.0
  6 1983 182   8555.41  22.5  30.0   2.7   .29   9.4
  6 1983 183  13009.20  22.3  31.5   2.9   .29    .0
  6 1983 184  13012.13  23.0  33.2   2.9   .29   3.8
  6 1983 185   9755.04  22.0  31.2   2.7   .29   1.0
  6 1983 186  10300.92  22.0  30.2   2.7   .29  12.7
  6 1983 187   8780.80  23.0  30.0   2.9   .29  37.6
  6 1983 188  14877.36  21.2  33.0   2.8   .29  49.4
  6 1983 189   9003.14  21.8  30.4   2.6   .29  14.7
  6 1983 190   8570.00  22.0  31.5   2.7   .29   7.0
  6 1983 191  17511.42  21.6  34.5   2.8   .29    .2
  6 1983 192   9556.95  22.0  29.0   2.8   .29   4.5
  6 1983 193  13380.65  21.5  32.0   2.6   .29   3.2
  6 1983 194  12840.75  23.8  31.2   3.0   .29  31.5
  6 1983 195  14923.55  23.6  33.8   3.0   .29   1.4
  6 1983 196  15368.90  23.0  35.2   3.0   .29  16.8
  6 1983 197  14282.66  23.0  32.3   2.9   .29   9.7
  6 1983 198   8593.85  22.2  29.8   2.8   .29    .8
  6 1983 199  13092.46  22.0  33.2   2.9   .29  14.3
  6 1983 200  10356.43  23.6  32.0   3.0   .29  23.1
  6 1983 201   8604.31  23.4  29.8   3.0   .29  61.6
  6 1983 202  14983.08  22.3  32.8   2.9   .29   4.4
  6 1983 203  10041.71  23.5  31.6   2.8   .29   8.1
  6 1983 204  14341.01  21.0  33.0   2.8   .29  17.7
  6 1983 205   8618.86  22.5  28.2   2.7   .29  24.8
  6 1983 206  15792.90  20.8  32.0   2.9   .29    .0
  6 1983 207  15251.16  23.0  32.2   2.9   .29    .4
  6 1983 208  16697.78  22.8  33.0   3.0   .29    .5
  6 1983 209  16598.41  23.3  32.5   2.9   .29  29.5
  6 1983 210   8637.05  21.4  28.2   2.8   .27   1.6
  6 1983 211  11078.96  21.5  31.0   2.8   .27  14.2
  6 1983 212   9087.81  22.4  30.4   2.8   .27   4.8
  6 1983 213  12200.97  22.0  31.8   2.9   .27    .7
  6 1983 214  15431.15  23.2  34.0   2.9   .27    .0
  6 1983 215  11324.20  22.0  31.8   2.8   .27   5.5
  6 1983 216   8879.77  22.2  29.8   2.8   .27  12.2
  6 1983 217  12115.65  22.8  31.2   3.0   .27  13.2
  6 1983 218   8662.85  22.5  29.3   2.7   .27  10.5
  6 1983 219  16594.92  21.7  33.6   2.8   .27  26.8
  6 1983 220  18952.25  23.0  33.2   3.1   .27    .0
  6 1983 221  14824.22  23.0  31.8   3.2   .27  51.8
  6 1983 222  15391.89  23.5  32.5   3.1   .27   7.3
  6 1983 223  10916.42  23.2  31.0   3.0   .27    .6
  6 1983 224  15295.33  20.5  32.2   2.6   .27    .9
  6 1983 225  19456.89  21.5  33.0   2.8   .27   4.4
  6 1983 226  18905.41  22.8  32.2   2.9   .27  45.0
  6 1983 227  11717.24  23.0  31.2   2.8   .27   5.7
  6 1983 228  17348.20  21.7  32.8   2.8   .27    .0
  6 1983 229  10935.12  22.4  30.4   2.8   .27  15.3
  6 1983 230   8682.77  22.8  25.0   2.9   .27  48.4
  6 1983 231   9923.78  19.7  31.3   2.6   .27    .0
  6 1983 232  14665.61  21.8  31.8   2.8   .27  29.0
  6 1983 233  15572.87  22.0  33.0   2.7   .27    .0
  6 1983 234   8681.74  22.8  28.8   2.8   .27   4.7
  6 1983 235  11621.33  22.8  31.8   2.8   .27  34.9
  6 1983 236  10490.09  22.4  29.8   2.8   .27  12.5
  6 1983 237  17509.48  22.5  32.4   2.8   .27  14.5
  6 1983 238  10828.31  22.7  31.2   2.8   .27   2.3
  6 1983 239  10713.74  21.5  32.0   2.7   .27  12.7
  6 1983 240   9351.38  22.2  29.8   2.8   .27   1.6
  6 1983 241  14112.97  22.0  32.6   2.8   .27   2.6
  6 1983 242  15927.33  22.0  33.0   2.8   .27    .0
  6 1983 243  13201.74  23.0  33.0   3.0   .27  25.5
  6 1983 244  16605.51  22.2  33.0   2.8   .27    .0
  6 1983 245  12400.80  21.8  32.8   2.7   .29    .0
  6 1983 246   8875.21  22.2  29.5   2.8   .29  13.3
  6 1983 247  10915.31  21.6  32.5   2.7   .29   9.8
  6 1983 248  11364.65  21.6  31.8   2.9   .29   6.6
  6 1983 249  19200.62  22.2  33.0   2.8   .29    .0
  6 1983 250  17603.72  22.0  32.6   2.8   .29    .0
  6 1983 251  11005.24  21.4  30.6   2.8   .29    .0
  6 1983 252  18044.27  23.0  33.7   3.0   .29  12.9
  6 1983 253  13035.93  21.0  32.0   2.8   .29  10.7
  6 1983 254  10527.79  23.0  31.2   2.9   .29  20.0
  6 1983 255  12904.89  21.5  30.6   2.8   .29    .0
  6 1983 256  13917.50  21.0  32.6   2.8   .29   7.5
  6 1983 257  15042.53  22.0  33.2   2.7   .29    .0
  6 1983 258  15031.06  21.6  33.4   2.9   .29  10.9
  6 1983 259  11614.72  22.4  32.8   3.0   .29   4.8
  6 1983 260  15232.89  22.0  33.0   2.9   .29    .0
  6 1983 261  10457.46  21.6  31.7   2.8   .29    .0
  6 1983 262   9652.24  22.5  30.5   2.9   .29    .3
  6 1983 263  15642.79  21.2  33.2   2.7   .29   1.6
  6 1983 264  13589.32  21.6  31.2   2.7   .29  11.3
  6 1983 265  11650.86  22.4  31.5   2.8   .29   2.0
  6 1983 266  14801.17  22.2  32.2   2.8   .29    .0
  6 1983 267  15348.32  22.4  33.2   2.9   .29    .8
  6 1983 268   8783.26  22.4  28.8   3.0   .29    .0
  6 1983 269  15986.78  20.8  32.6   2.7   .29   8.0
  6 1983 270  10219.63  22.7  31.4   2.9   .29    .0
  6 1983 271  15269.21  22.0  32.8   2.8   .29    .4
  6 1983 272   8949.85  22.6  27.5   3.0   .29   1.4
  6 1983 273  12529.25  21.8  33.2   2.9   .30   2.2
  6 1983 274  11499.26  21.6  32.6   2.9   .30  13.6
  6 1983 275  13385.73  21.2  31.6   2.9   .30    .7
  6 1983 276  15267.35  22.2  33.2   2.9   .30   1.6
  6 1983 277  12446.47  22.5  32.0   3.0   .30    .0
  6 1983 278   8291.42  22.8  27.5   2.9   .30    .0
  6 1983 279   8274.28  22.4  26.3   2.8   .30   2.5
  6 1983 280  15053.21  21.0  31.8   2.7   .30    .0
  6 1983 281  14692.44  20.7  32.5   2.6   .30  22.1
  6 1983 282  11109.92  22.0  30.8   2.8   .30  65.2
  6 1983 283  12862.66  21.0  31.7   2.7   .30  45.0
  6 1983 284  13391.16  21.0  30.2   2.7   .30    .0
  6 1983 285   8939.81  21.2  29.7   2.8   .30    .4
  6 1983 286  16098.51  22.5  32.3   2.8   .30   1.2
  6 1983 287   8458.02  21.8  31.0   2.8   .30   1.3
  6 1983 288  14933.38  21.0  32.7   2.9   .30    .0
  6 1983 289  13583.51  22.4  33.2   2.8   .30    .2
  6 1983 290  18601.62  21.8  34.0   2.8   .30    .0
  6 1983 291  17358.61  20.4  33.0   2.6   .30    .0
  6 1983 292  14151.19  20.0  31.8   2.7   .30    .0
  6 1983 293  13901.67  20.3  32.0   2.5   .30  12.5
  6 1983 294  11691.53  20.6  31.8   2.6   .30   6.5
  6 1983 295  15579.21  20.8  33.4   2.7   .30   5.0
  6 1983 296  14350.34  21.6  33.4   2.8   .30  28.5
  6 1983 297  16159.40  21.3  33.5   2.7   .30   4.3
  6 1983 298   8661.21  23.0  28.2   2.8   .30   1.7
  6 1983 299  16302.06  20.3  32.2   2.7   .30    .0
  6 1983 300  10663.13  22.0  32.0   2.8   .30  27.5
  6 1983 301   7841.31  22.3  25.6   2.8   .30  48.0
  6 1983 302   7820.29  21.2  25.2   2.8   .30  33.5
  6 1983 303   7799.27  21.5  27.2   2.7   .30  10.0
  6 1983 304   7778.27  21.6  28.5   2.8   .30   1.1
  6 1983 305  15223.67  19.5  33.0   2.6   .30    .0
  6 1983 306  10716.95  20.5  31.5   2.7   .30   5.2
  6 1983 307   7715.55  22.0  27.8   2.7   .30  10.7
  6 1983 308   7800.82  21.8  27.5   2.7   .35   6.8
  6 1983 309  11271.54  21.8  31.2   2.8   .35   8.5
  6 1983 310  11771.72  21.5  31.2   2.8   .35   3.4
  6 1983 311   8160.12  23.0  27.4   2.9   .35   9.3
  6 1983 312  16552.25  19.7  33.5   2.7   .35    .0
  6 1983 313  10741.63  21.3  32.2   2.8   .35    .0
  6 1983 314  13019.94  22.6  33.0   3.0   .35    .1
  6 1983 315  14348.50  22.2  33.7   2.9   .35    .0
  6 1983 316  11811.64  20.5  32.7   2.8   .35    .4
  6 1983 317  14074.96  20.4  32.4   2.7   .35   1.2
  6 1983 318   8639.00  22.4  31.6   3.0   .35    .2
  6 1983 319  13700.92  22.5  33.2   2.9   .35    .0
  6 1983 320  13981.36  20.2  33.0   2.4   .35   1.8
  6 1983 321  13021.05  21.0  32.5   2.6   .35    .1
  6 1983 322  12064.69  19.5  30.6   2.5   .35    .0
  6 1983 323  13377.40  22.0  32.0   2.7   .35    .0
  6 1983 324  10574.69  22.8  34.2   2.9   .35   2.5
  6 1983 325   7679.69  22.8  29.0   2.8   .35  11.5
  6 1983 326   9199.25  21.8  31.5   2.7   .35    .0
  6 1983 327  12043.36  21.0  32.0   2.9   .35   5.0
  6 1983 328   7528.53  21.5  32.0   2.7   .35    .0
  6 1983 329  12201.62  19.5  30.0   2.5   .35   3.0
  6 1983 330  11874.21  19.0  32.0   2.5   .35    .9
  6 1983 331   7280.79  19.0  30.0   2.9   .35    .0
  6 1983 332   7267.22  19.0  30.0   2.7   .35   1.9
  6 1983 333  10901.65  18.8  32.0   2.8   .35  13.0
  6 1983 334   7241.57  18.8  25.2   2.7   .35   3.0
  6 1983 335  12787.32  19.0  31.0   2.8   .35    .0
  6 1983 336  12466.12  18.5  31.5   2.3   .35    .0
  6 1983 337  16581.93  18.5  33.0   2.5   .35   4.5
  6 1983 338   9613.25  18.5  33.0   2.6   .35    .4
  6 1983 339   9198.51  18.5  31.0   2.8   .35   2.5
  6 1983 340  11799.78  19.0  30.8   2.5   .35   5.0
  6 1983 341  17006.94  18.5  32.4   2.3   .35    .0
  6 1983 342  16589.06  15.8  32.5   2.0   .35    .0
  6 1983 343  11462.83  16.0  32.6   2.7   .35   2.1
  6 1983 344   9349.78  19.5  30.5   2.4   .35   6.7
  6 1983 345   9742.40  19.8  30.8   2.5   .35   2.5
  6 1983 346  12235.66  19.4  31.2   2.6   .35    .0
  6 1983 347  10628.61  19.0  31.8   2.5   .35    .0
  6 1983 348   8024.88  19.0  29.5   2.6   .35    .0
  6 1983 349  13514.18  18.8  31.5   2.3   .35   1.0
  6 1983 350   9515.33  18.5  30.0   2.6   .35   3.5
  6 1983 351   7216.52  21.0  30.0   2.5   .35  17.0
  6 1983 352  14800.06  20.0  31.5   2.7   .35    .0
  6 1983 353   7712.82  19.5  31.5   2.5   .35   8.5
  6 1983 354  10606.51  19.5  30.5   2.4   .35   2.5
  6 1983 355   8511.25  18.6  30.6   2.4   .35  15.6
  6 1983 356   7115.05  22.0  26.0   2.7   .35   5.4
  6 1983 357   9712.40  20.8  30.4   2.8   .35    .0
  6 1983 358   8317.40  19.4  30.4   2.5   .35   1.7
  6 1983 359   7721.44  20.4  29.4   2.7   .35   8.6
  6 1983 360  14721.19  19.5  31.2   2.4   .35    .0
  6 1983 361  10029.77  21.6  30.5   2.6   .35    .7
  6 1983 362  13938.30  21.5  32.0   2.6   .35    .0
  6 1983 363  10344.26  21.6  32.3   2.6   .35   5.0
  6 1983 364   7247.10  21.8  27.5   2.8   .35  15.1
  6 1983 365   7354.35  18.8  25.3   2.5   .35  37.9
