*---------------------------------------------------------*
*   Country: Ghana
*   Station: Tafo
*      Year: 1968
*    Author: W. Gerritsma
*    Source: Cocoa Research Institute,
*            Annual Report 1968-1969 (1970)
* Longitude: 000 22 W
*  Latitude: 06 15 N
* Elevation: 200 m.
*  WMO-code: -
*  Comments: Cocoa Research Institute Ghana
*            Interpolated daily values
*  Columns:
*  ========
*  station number
*  year
*  day
*  radiation
*  minimum temperature (degrees Celsius)
*  maximum temperature (degrees Celsius)
*  vapour pressure (kPa)
*  mean wind speed (m s-1)
*  precipitation.rainy days (mm d-1.d)
*---------------------------------------------------------*
 359.63 6.25 200. 0.0 0.0
  19 1968    1 17529.  16.1 32.8 1.600 1.    0.
  19 1968    2 17509.  15.9 32.8 1.581 1.    0.
  19 1968    3 17490.  15.7 32.8 1.561 1.    0.
  19 1968    4 17471.  15.5 32.8 1.542 1.    0.
  19 1968    5 17454.  15.3 32.8 1.522 1.    0.
  19 1968    6 17438.  15.1 32.8 1.503 1.    0.
  19 1968    7 17423.  14.9 32.8 1.483 1.    2.
  19 1968    8 17408.  14.7 32.8 1.464 1.    0.
  19 1968    9 17394.  14.5 32.8 1.445 1.    0.
  19 1968   10 17382.  14.3 32.8 1.425 1.    0.
  19 1968   11 17370.  14.1 32.8 1.406 1.    0.
  19 1968   12 17359.  13.9 32.8 1.386 1.    0.
  19 1968   13 17348.  13.7 32.8 1.367 1.    0.
  19 1968   14 17339.  13.5 32.8 1.347 1.    0.
  19 1968   15 17330.  13.3 32.8 1.328 1.    0.
  19 1968   16 17359.  13.5 32.9 1.343 1.    0.
  19 1968   17 17389.  13.7 33.0 1.357 1.   15.
  19 1968   18 17420.  13.9 33.1 1.372 1.    0.
  19 1968   19 17452.  14.0 33.2 1.387 1.    0.
  19 1968   20 17484.  14.2 33.3 1.401 1.    0.
  19 1968   21 17517.  14.4 33.4 1.416 1.    0.
  19 1968   22 17551.  14.6 33.5 1.430 1.    0.
  19 1968   23 17585.  14.8 33.5 1.445 1.    0.
  19 1968   24 17619.  15.0 33.6 1.460 1.    0.
  19 1968   25 17654.  15.2 33.7 1.474 1.   11.
  19 1968   26 17689.  15.4 33.8 1.489 1.    0.
  19 1968   27 17725.  15.5 33.9 1.504 1.    0.
  19 1968   28 17761.  15.7 34.0 1.518 1.    0.
  19 1968   29 17798.  15.9 34.1 1.533 1.    0.
  19 1968   30 17834.  16.1 34.2 1.547 1.    0.
  19 1968   31 17871.  16.3 34.3 1.562 1.    0.
  19 1968   32 17908.  16.5 34.4 1.577 1.    0.
  19 1968   33 17945.  16.7 34.5 1.591 1.    0.
  19 1968   34 17983.  16.8 34.6 1.606 1.    0.
  19 1968   35 18020.  17.0 34.7 1.621 1.    0.
  19 1968   36 18058.  17.2 34.8 1.635 1.    5.
  19 1968   37 18095.  17.4 34.9 1.650 1.    0.
  19 1968   38 18133.  17.6 34.9 1.665 1.    0.
  19 1968   39 18170.  17.8 35.0 1.679 1.    0.
  19 1968   40 18208.  18.0 35.1 1.694 1.    0.
  19 1968   41 18245.  18.2 35.2 1.708 1.    1.
  19 1968   42 18282.  18.3 35.3 1.723 1.    0.
  19 1968   43 18319.  18.5 35.4 1.738 1.    0.
  19 1968   44 18356.  18.7 35.5 1.752 1.    0.
  19 1968   45 18392.  18.9 35.6 1.767 1.    0.
  19 1968   46 18421.  18.9 35.6 1.767 1.    0.
  19 1968   47 18449.  18.9 35.6 1.767 1.    5.
  19 1968   48 18478.  18.9 35.6 1.767 1.   21.
  19 1968   49 18505.  18.9 35.6 1.768 1.    0.
  19 1968   50 18533.  18.9 35.6 1.768 1.   14.
  19 1968   51 18560.  18.9 35.6 1.768 1.    0.
  19 1968   52 18586.  18.9 35.6 1.768 1.    0.
  19 1968   53 18612.  18.9 35.6 1.768 1.    0.
  19 1968   54 18637.  18.9 35.6 1.768 1.    0.
  19 1968   55 18662.  18.9 35.6 1.768 1.   18.
  19 1968   56 18686.  18.9 35.6 1.768 1.    0.
  19 1968   57 18709.  18.9 35.6 1.769 1.    0.
  19 1968   58 18732.  18.9 35.6 1.769 1.    2.
  19 1968   59 18754.  18.9 35.6 1.769 1.    0.
  19 1968   60 18776.  18.9 35.6 1.769 1.    0.
  19 1968   61 18797.  18.9 35.6 1.769 1.   17.
  19 1968   62 18817.  18.9 35.6 1.769 1.    0.
  19 1968   63 18836.  18.9 35.6 1.769 1.    0.
  19 1968   64 18854.  18.9 35.6 1.770 1.    0.
  19 1968   65 18872.  18.9 35.6 1.770 1.    2.
  19 1968   66 18889.  18.9 35.6 1.770 1.   42.
  19 1968   67 18905.  18.9 35.6 1.770 1.    5.
  19 1968   68 18920.  18.9 35.6 1.770 1.    0.
  19 1968   69 18934.  18.9 35.6 1.770 1.    0.
  19 1968   70 18948.  18.9 35.6 1.770 1.    0.
  19 1968   71 18960.  18.9 35.6 1.770 1.    5.
  19 1968   72 18972.  18.9 35.6 1.771 1.    0.
  19 1968   73 18983.  18.9 35.6 1.771 1.    0.
  19 1968   74 18993.  18.9 35.6 1.771 1.    0.
  19 1968   75 19002.  18.9 35.6 1.771 1.    0.
  19 1968   76 19038.  18.9 35.5 1.720 1.    0.
  19 1968   77 19073.  19.0 35.5 1.669 1.    0.
  19 1968   78 19107.  19.0 35.4 1.618 1.    1.
  19 1968   79 19140.  19.0 35.4 1.568 1.    0.
  19 1968   80 19172.  19.1 35.3 1.517 1.    0.
  19 1968   81 19203.  19.1 35.3 1.466 1.    0.
  19 1968   82 19234.  19.1 35.2 1.415 1.    0.
  19 1968   83 19263.  19.2 35.2 1.364 1.    0.
  19 1968   84 19291.  19.2 35.1 1.313 1.    0.
  19 1968   85 19319.  19.3 35.1 1.262 1.   38.
  19 1968   86 19345.  19.3 35.0 1.211 1.    0.
  19 1968   87 19371.  19.3 34.9 1.161 1.    0.
  19 1968   88 19395.  19.4 34.9 1.110 1.    2.
  19 1968   89 19419.  19.4 34.8 1.059 1.    0.
  19 1968   90 19442.  19.4 34.8 1.008 1.    0.
  19 1968   91 19463.  19.5 34.7  .957 1.    0.
  19 1968   92 19484.  19.5 34.7  .906 1.    0.
  19 1968   93 19504.  19.5 34.6  .855 1.    0.
  19 1968   94 19523.  19.6 34.6  .804 1.    2.
  19 1968   95 19541.  19.6 34.5  .754 1.    9.
  19 1968   96 19558.  19.6 34.4  .703 1.   52.
  19 1968   97 19575.  19.7 34.4  .652 1.    2.
  19 1968   98 19590.  19.7 34.3  .601 1.   24.
  19 1968   99 19604.  19.8 34.3  .550 1.    0.
  19 1968  100 19618.  19.8 34.2  .499 1.   28.
  19 1968  101 19631.  19.8 34.2  .448 1.    2.
  19 1968  102 19643.  19.9 34.1  .397 1.    4.
  19 1968  103 19654.  19.9 34.1  .347 1.    0.
  19 1968  104 19664.  19.9 34.0  .296 1.    0.
  19 1968  105 19674.  20.0 34.0  .245 1.    0.
  19 1968  106 19682.  20.0 33.9  .194 1.    0.
  19 1968  107 19673.  20.0 33.9  .251 1.    0.
  19 1968  108 19663.  20.0 33.9  .307 1.    0.
  19 1968  109 19653.  20.0 34.0  .364 1.    0.
  19 1968  110 19642.  20.0 34.0  .420 1.    6.
  19 1968  111 19630.  20.0 34.0  .477 1.   22.
  19 1968  112 19618.  20.0 34.0  .533 1.    0.
  19 1968  113 19605.  20.0 34.0  .590 1.    3.
  19 1968  114 19591.  20.0 34.0  .647 1.    9.
  19 1968  115 19577.  20.0 34.1  .703 1.    0.
  19 1968  116 19563.  20.0 34.1  .760 1.    0.
  19 1968  117 19548.  20.0 34.1  .816 1.    0.
  19 1968  118 19532.  20.0 34.1  .873 1.    5.
  19 1968  119 19516.  20.0 34.1  .929 1.    3.
  19 1968  120 19500.  20.0 34.1  .986 1.    0.
  19 1968  121 19483.  20.0 34.2 1.043 1.   14.
  19 1968  122 19466.  20.0 34.2 1.099 1.    0.
  19 1968  123 19449.  20.0 34.2 1.156 1.    0.
  19 1968  124 19432.  20.0 34.2 1.212 1.    0.
  19 1968  125 19414.  20.0 34.2 1.269 1.    0.
  19 1968  126 19396.  20.0 34.2 1.325 1.   29.
  19 1968  127 19378.  20.0 34.3 1.382 1.    7.
  19 1968  128 19359.  20.0 34.3 1.438 1.    5.
  19 1968  129 19341.  20.0 34.3 1.495 1.    8.
  19 1968  130 19322.  20.0 34.3 1.552 1.    8.
  19 1968  131 19303.  20.0 34.3 1.608 1.    0.
  19 1968  132 19285.  20.0 34.3 1.665 1.   15.
  19 1968  133 19266.  20.0 34.4 1.721 1.    9.
  19 1968  134 19248.  20.0 34.4 1.778 1.    0.
  19 1968  135 19229.  20.0 34.4 1.834 1.    2.
  19 1968  136 19211.  20.0 34.4 1.891 1.   35.
  19 1968  137 19090.  20.0 34.3 1.894 1.    1.
  19 1968  138 18970.  20.0 34.2 1.898 1.    0.
  19 1968  139 18851.  20.0 34.1 1.901 1.    2.
  19 1968  140 18732.  20.0 34.1 1.904 1.    6.
  19 1968  141 18614.  20.0 34.0 1.907 1.    0.
  19 1968  142 18496.  20.0 33.9 1.911 1.    0.
  19 1968  143 18378.  20.0 33.8 1.914 1.    0.
  19 1968  144 18262.  20.0 33.7 1.917 1.   12.
  19 1968  145 18146.  20.0 33.6 1.920 1.    0.
  19 1968  146 18030.  20.0 33.5 1.924 1.    0.
  19 1968  147 17915.  20.0 33.4 1.927 1.   50.
  19 1968  148 17801.  20.0 33.4 1.930 1.    0.
  19 1968  149 17688.  20.0 33.3 1.933 1.   12.
  19 1968  150 17575.  20.0 33.2 1.937 1.    1.
  19 1968  151 17463.  20.0 33.1 1.940 1.    0.
  19 1968  152 17351.  20.0 33.0 1.943 1.    1.
  19 1968  153 17241.  20.0 32.9 1.946 1.   38.
  19 1968  154 17131.  20.0 32.8 1.950 1.    5.
  19 1968  155 17022.  20.0 32.7 1.953 1.    2.
  19 1968  156 16913.  20.0 32.7 1.956 1.   11.
  19 1968  157 16806.  20.0 32.6 1.959 1.    2.
  19 1968  158 16699.  20.0 32.5 1.963 1.    3.
  19 1968  159 16593.  20.0 32.4 1.966 1.    4.
  19 1968  160 16488.  20.0 32.3 1.969 1.    6.
  19 1968  161 16383.  20.0 32.2 1.972 1.   20.
  19 1968  162 16279.  20.0 32.1 1.976 1.    0.
  19 1968  163 16176.  20.0 32.0 1.979 1.   84.
  19 1968  164 16074.  20.0 32.0 1.982 1.   20.
  19 1968  165 15973.  20.0 31.9 1.985 1.    0.
  19 1968  166 15872.  20.0 31.8 1.989 1.   10.
  19 1968  167 15772.  20.0 31.7 1.992 1.   10.
  19 1968  168 15728.  20.0 31.7 1.993 1.    3.
  19 1968  169 15686.  20.0 31.6 1.994 1.    0.
  19 1968  170 15643.  20.0 31.6 1.995 1.   12.
  19 1968  171 15602.  20.0 31.6 1.996 1.    0.
  19 1968  172 15561.  20.0 31.5 1.997 1.    0.
  19 1968  173 15521.  20.0 31.5 1.998 1.    0.
  19 1968  174 15482.  20.0 31.4 1.999 1.    5.
  19 1968  175 15443.  20.0 31.4 2.000 1.   12.
  19 1968  176 15405.  20.0 31.4 2.001 1.   21.
  19 1968  177 15368.  20.0 31.3 2.002 1.    0.
  19 1968  178 15331.  20.0 31.3 2.003 1.   23.
  19 1968  179 15295.  20.0 31.3 2.004 1.    8.
  19 1968  180 15260.  20.0 31.2 2.005 1.    0.
  19 1968  181 15225.  20.0 31.2 2.006 1.   18.
  19 1968  182 15191.  20.0 31.1 2.007 1.   65.
  19 1968  183 15157.  20.0 31.1 2.008 1.   17.
  19 1968  184 15124.  20.0 31.1 2.009 1.   28.
  19 1968  185 15092.  20.0 31.0 2.010 1.    0.
  19 1968  186 15060.  20.0 31.0 2.011 1.   15.
  19 1968  187 15029.  20.0 31.0 2.012 1.   10.
  19 1968  188 14998.  20.0 30.9 2.013 1.    9.
  19 1968  189 14968.  20.0 30.9 2.014 1.    0.
  19 1968  190 14938.  20.0 30.9 2.015 1.   32.
  19 1968  191 14908.  20.0 30.8 2.016 1.   13.
  19 1968  192 14879.  20.0 30.8 2.017 1.    1.
  19 1968  193 14851.  20.0 30.7 2.018 1.    0.
  19 1968  194 14823.  20.0 30.7 2.019 1.    0.
  19 1968  195 14795.  20.0 30.7 2.020 1.   20.
  19 1968  196 14767.  20.0 30.6 2.021 1.   43.
  19 1968  197 14740.  20.0 30.6 2.022 1.    3.
  19 1968  198 14725.  20.0 30.6 2.026 1.   17.
  19 1968  199 14709.  20.0 30.6 2.030 1.   27.
  19 1968  200 14694.  20.1 30.5 2.034 1.    6.
  19 1968  201 14680.  20.1 30.5 2.038 1.    0.
  19 1968  202 14665.  20.1 30.5 2.042 1.    0.
  19 1968  203 14651.  20.1 30.5 2.046 1.    0.
  19 1968  204 14637.  20.1 30.5 2.050 1.   20.
  19 1968  205 14623.  20.2 30.4 2.053 1.    0.
  19 1968  206 14609.  20.2 30.4 2.057 1.    0.
  19 1968  207 14595.  20.2 30.4 2.061 1.   25.
  19 1968  208 14581.  20.2 30.4 2.065 1.   13.
  19 1968  209 14568.  20.2 30.4 2.069 1.   19.
  19 1968  210 14554.  20.3 30.3 2.073 1.    0.
  19 1968  211 14541.  20.3 30.3 2.077 1.    4.
  19 1968  212 14528.  20.3 30.3 2.081 1.    3.
  19 1968  213 14514.  20.3 30.3 2.085 1.    0.
  19 1968  214 14501.  20.3 30.3 2.089 1.    0.
  19 1968  215 14487.  20.3 30.3 2.093 1.    0.
  19 1968  216 14473.  20.4 30.2 2.097 1.    8.
  19 1968  217 14459.  20.4 30.2 2.101 1.    0.
  19 1968  218 14445.  20.4 30.2 2.105 1.    0.
  19 1968  219 14431.  20.4 30.2 2.109 1.    4.
  19 1968  220 14417.  20.4 30.2 2.113 1.    6.
  19 1968  221 14403.  20.5 30.1 2.116 1.    0.
  19 1968  222 14388.  20.5 30.1 2.120 1.    1.
  19 1968  223 14373.  20.5 30.1 2.124 1.    0.
  19 1968  224 14358.  20.5 30.1 2.128 1.    4.
  19 1968  225 14342.  20.5 30.1 2.132 1.    0.
  19 1968  226 14326.  20.6 30.0 2.136 1.    8.
  19 1968  227 14310.  20.6 30.0 2.140 1.    0.
  19 1968  228 14294.  20.6 30.0 2.144 1.   21.
  19 1968  229 14354.  20.6 30.0 2.140 1.    3.
  19 1968  230 14414.  20.6 30.1 2.136 1.   13.
  19 1968  231 14474.  20.5 30.1 2.132 1.    2.
  19 1968  232 14533.  20.5 30.1 2.128 1.   22.
  19 1968  233 14593.  20.5 30.2 2.124 1.   25.
  19 1968  234 14652.  20.5 30.2 2.120 1.    0.
  19 1968  235 14710.  20.5 30.2 2.116 1.   10.
  19 1968  236 14769.  20.4 30.3 2.113 1.   40.
  19 1968  237 14827.  20.4 30.3 2.109 1.    1.
  19 1968  238 14884.  20.4 30.4 2.105 1.    3.
  19 1968  239 14942.  20.4 30.4 2.101 1.  109.
  19 1968  240 14998.  20.4 30.4 2.097 1.   16.
  19 1968  241 15055.  20.3 30.5 2.093 1.    6.
  19 1968  242 15111.  20.3 30.5 2.089 1.    7.
  19 1968  243 15166.  20.3 30.5 2.085 1.    8.
  19 1968  244 15221.  20.3 30.6 2.081 1.   19.
  19 1968  245 15276.  20.3 30.6 2.077 1.    0.
  19 1968  246 15330.  20.3 30.6 2.073 1.    1.
  19 1968  247 15383.  20.2 30.7 2.069 1.    1.
  19 1968  248 15436.  20.2 30.7 2.065 1.   10.
  19 1968  249 15488.  20.2 30.7 2.061 1.    3.
  19 1968  250 15540.  20.2 30.8 2.057 1.    0.
  19 1968  251 15591.  20.2 30.8 2.053 1.   12.
  19 1968  252 15641.  20.1 30.9 2.050 1.    1.
  19 1968  253 15691.  20.1 30.9 2.046 1.   10.
  19 1968  254 15740.  20.1 30.9 2.042 1.    1.
  19 1968  255 15789.  20.1 31.0 2.038 1.    7.
  19 1968  256 15836.  20.1 31.0 2.034 1.    0.
  19 1968  257 15883.  20.0 31.0 2.030 1.   29.
  19 1968  258 15930.  20.0 31.1 2.026 1.   19.
  19 1968  259 15976.  20.0 31.1 2.022 1.    6.
  19 1968  260 16093.  20.0 31.1 2.018 1.    8.
  19 1968  261 16211.  20.0 31.1 2.014 1.   24.
  19 1968  262 16327.  20.0 31.2 2.011 1.    8.
  19 1968  263 16443.  20.0 31.2 2.007 1.    9.
  19 1968  264 16557.  20.0 31.2 2.003 1.   23.
  19 1968  265 16672.  20.0 31.2 1.999 1.    1.
  19 1968  266 16785.  20.0 31.2 1.995 1.   15.
  19 1968  267 16897.  20.0 31.3 1.992 1.    0.
  19 1968  268 17009.  20.0 31.3 1.988 1.   19.
  19 1968  269 17119.  20.0 31.3 1.984 1.    0.
  19 1968  270 17229.  20.0 31.3 1.980 1.   16.
  19 1968  271 17338.  20.0 31.3 1.976 1.    1.
  19 1968  272 17446.  20.0 31.4 1.973 1.    5.
  19 1968  273 17554.  20.0 31.4 1.969 1.    0.
  19 1968  274 17660.  20.0 31.4 1.965 1.   30.
  19 1968  275 17765.  20.0 31.4 1.961 1.    0.
  19 1968  276 17870.  20.0 31.4 1.957 1.    0.
  19 1968  277 17973.  20.0 31.5 1.954 1.    4.
  19 1968  278 18076.  20.0 31.5 1.950 1.   29.
  19 1968  279 18177.  20.0 31.5 1.946 1.    0.
  19 1968  280 18278.  20.0 31.5 1.942 1.    0.
  19 1968  281 18378.  20.0 31.5 1.938 1.   27.
  19 1968  282 18477.  20.0 31.6 1.935 1.    0.
  19 1968  283 18575.  20.0 31.6 1.931 1.   13.
  19 1968  284 18672.  20.0 31.6 1.927 1.    4.
  19 1968  285 18768.  20.0 31.6 1.923 1.    0.
  19 1968  286 18863.  20.0 31.6 1.919 1.   25.
  19 1968  287 18957.  20.0 31.7 1.916 1.   13.
  19 1968  288 19051.  20.0 31.7 1.912 1.    0.
  19 1968  289 19143.  20.0 31.7 1.908 1.    0.
  19 1968  290 19122.  20.0 31.8 1.907 1.    0.
  19 1968  291 19100.  20.0 31.8 1.905 1.    0.
  19 1968  292 19077.  19.9 31.9 1.904 1.   14.
  19 1968  293 19054.  19.9 31.9 1.903 1.    5.
  19 1968  294 19030.  19.9 32.0 1.902 1.    1.
  19 1968  295 19006.  19.9 32.0 1.900 1.    0.
  19 1968  296 18981.  19.9 32.1 1.899 1.    0.
  19 1968  297 18956.  19.8 32.1 1.898 1.    0.
  19 1968  298 18931.  19.8 32.2 1.896 1.   11.
  19 1968  299 18905.  19.8 32.2 1.895 1.    7.
  19 1968  300 18879.  19.8 32.3 1.894 1.    0.
  19 1968  301 18853.  19.8 32.3 1.893 1.    1.
  19 1968  302 18826.  19.7 32.4 1.891 1.    8.
  19 1968  303 18799.  19.7 32.4 1.890 1.    0.
  19 1968  304 18772.  19.7 32.5 1.889 1.   10.
  19 1968  305 18745.  19.7 32.5 1.887 1.   36.
  19 1968  306 18718.  19.7 32.6 1.886 1.    0.
  19 1968  307 18690.  19.7 32.6 1.885 1.    0.
  19 1968  308 18663.  19.6 32.7 1.883 1.    0.
  19 1968  309 18636.  19.6 32.7 1.882 1.    1.
  19 1968  310 18608.  19.6 32.8 1.881 1.    0.
  19 1968  311 18581.  19.6 32.8 1.880 1.   33.
  19 1968  312 18553.  19.6 32.9 1.878 1.    0.
  19 1968  313 18526.  19.5 32.9 1.877 1.    2.
  19 1968  314 18499.  19.5 33.0 1.876 1.    0.
  19 1968  315 18473.  19.5 33.0 1.874 1.    0.
  19 1968  316 18446.  19.5 33.1 1.873 1.    0.
  19 1968  317 18420.  19.5 33.1 1.872 1.    3.
  19 1968  318 18394.  19.4 33.2 1.871 1.   23.
  19 1968  319 18368.  19.4 33.2 1.869 1.    3.
  19 1968  320 18343.  19.4 33.3 1.868 1.    9.
  19 1968  321 18318.  19.4 33.3 1.868 1.    0.
  19 1968  322 18294.  19.4 33.3 1.868 1.    0.
  19 1968  323 18271.  19.4 33.3 1.868 1.    0.
  19 1968  324 18248.  19.3 33.2 1.869 1.    0.
  19 1968  325 18225.  19.3 33.2 1.869 1.    0.
  19 1968  326 18203.  19.3 33.2 1.869 1.    0.
  19 1968  327 18182.  19.3 33.2 1.869 1.    0.
  19 1968  328 18161.  19.3 33.2 1.869 1.   11.
  19 1968  329 18141.  19.3 33.1 1.869 1.    0.
  19 1968  330 18122.  19.2 33.1 1.869 1.    0.
  19 1968  331 18104.  19.2 33.1 1.869 1.    0.
  19 1968  332 18086.  19.2 33.1 1.870 1.    0.
  19 1968  333 18070.  19.2 33.1 1.870 1.    0.
  19 1968  334 18054.  19.2 33.1 1.870 1.    0.
  19 1968  335 18039.  19.1 33.0 1.870 1.    0.
  19 1968  336 18025.  19.1 33.0 1.870 1.    0.
  19 1968  337 18012.  19.1 33.0 1.870 1.    0.
  19 1968  338 17999.  19.1 33.0 1.870 1.    0.
  19 1968  339 17988.  19.1 33.0 1.871 1.    0.
  19 1968  340 17978.  19.1 33.0 1.871 1.    0.
  19 1968  341 17969.  19.0 33.0 1.871 1.    0.
  19 1968  342 17961.  19.0 32.9 1.871 1.    0.
  19 1968  343 17954.  19.0 32.9 1.871 1.    0.
  19 1968  344 17949.  19.0 32.9 1.871 1.    0.
  19 1968  345 17944.  19.0 32.9 1.871 1.    2.
  19 1968  346 17941.  19.0 32.9 1.871 1.    0.
  19 1968  347 17938.  18.9 32.8 1.872 1.    0.
  19 1968  348 17937.  18.9 32.8 1.872 1.    0.
  19 1968  349 17937.  18.9 32.8 1.872 1.    0.
  19 1968  350 17939.  18.9 32.8 1.872 1.    0.
  19 1968  351 17904.  18.7 32.8 1.855 1.    0.
  19 1968  352 17871.  18.5 32.8 1.838 1.    0.
  19 1968  353 17838.  18.4 32.8 1.821 1.   15.
  19 1968  354 17808.  18.2 32.8 1.804 1.    0.
  19 1968  355 17778.  18.0 32.8 1.787 1.    0.
  19 1968  356 17749.  17.9 32.8 1.770 1.    0.
  19 1968  357 17722.  17.7 32.8 1.753 1.    0.
  19 1968  358 17696.  17.5 32.8 1.736 1.    0.
  19 1968  359 17671.  17.3 32.8 1.719 1.    0.
  19 1968  360 17647.  17.1 32.8 1.702 1.    0.
  19 1968  361 17625.  17.0 32.8 1.685 1.    0.
  19 1968  362 17603.  16.8 32.8 1.668 1.    0.
  19 1968  363 17583.  16.6 32.8 1.651 1.    0.
  19 1968  364 17564.  16.5 32.8 1.634 1.    0.
  19 1968  365 17546.  16.3 32.8 1.617 1.    2.
  19 1968  366 17529.  16.1 32.8 1.600 1.    0.
