*---------------------------------------------------------*
*   Country: Ghana
*   Station: Tafo
*      Year: 1975
*    Author: W. Gerritsma
*    Source: Cocoa Research Institute,
*            Annual Report 1975-1976
* Longitude: 000 22 W
*  Latitude: 06 15 N
* Elevation: 200 m.
*  WMO-code: -
*  Comments: Cocoa Research Institute Ghana
*            Interpolated daily values
*  Columns:
*  ========
*  station number
*  year
*  day
*  global radiation (kJ m-2 d-1)
*  minimum temperature (degrees Celsius)
*  maximum temperature (degrees Celsius)
*  vapour pressure (kPa)
*  mean wind speed (m s-1)
*  precipitation.rainy days (mm d-1.d)
*---------------------------------------------------------*
 359.63 6.25 200.0 0.0 0.0
  19 1975    1 14735.  18.7 31.7 1.776 1.    0.
  19 1975    2 14764.  18.6 31.8 1.763 1.    0.
  19 1975    3 14794.  18.5 31.8 1.751 1.    0.
  19 1975    4 14824.  18.5 31.9 1.738 1.    0.
  19 1975    5 14854.  18.4 32.0 1.726 1.    0.
  19 1975    6 14884.  18.3 32.0 1.713 1.    0.
  19 1975    7 14914.  18.2 32.1 1.701 1.    0.
  19 1975    8 14944.  18.2 32.1 1.688 1.    0.
  19 1975    9 14974.  18.1 32.2 1.676 1.    0.
  19 1975   10 15004.  18.0 32.3 1.663 1.    0.
  19 1975   11 15033.  17.9 32.3 1.651 1.    0.
  19 1975   12 15063.  17.8 32.4 1.638 1.    0.
  19 1975   13 15093.  17.8 32.5 1.626 1.    0.
  19 1975   14 15123.  17.7 32.5 1.613 1.    0.
  19 1975   15 15153.  17.6 32.6 1.601 1.    0.
  19 1975   16 15178.  17.7 32.6 1.615 1.    0.
  19 1975   17 15203.  17.8 32.6 1.629 1.    0.
  19 1975   18 15228.  17.9 32.6 1.643 1.    0.
  19 1975   19 15254.  18.0 32.6 1.657 1.    0.
  19 1975   20 15279.  18.1 32.6 1.671 1.    0.
  19 1975   21 15304.  18.3 32.7 1.685 1.    0.
  19 1975   22 15329.  18.4 32.7 1.699 1.    0.
  19 1975   23 15354.  18.5 32.7 1.714 1.    0.
  19 1975   24 15379.  18.6 32.7 1.728 1.    0.
  19 1975   25 15404.  18.7 32.7 1.742 1.    0.
  19 1975   26 15429.  18.8 32.7 1.756 1.    0.
  19 1975   27 15455.  18.9 32.7 1.770 1.    0.
  19 1975   28 15480.  19.0 32.7 1.784 1.    0.
  19 1975   29 15505.  19.1 32.7 1.798 1.    0.
  19 1975   30 15530.  19.3 32.8 1.812 1.    0.
  19 1975   31 15555.  19.4 32.8 1.826 1.    0.
  19 1975   32 15580.  19.5 32.8 1.840 1.    0.
  19 1975   33 15605.  19.6 32.8 1.854 1.   10.
  19 1975   34 15631.  19.7 32.8 1.868 1.    0.
  19 1975   35 15656.  19.8 32.8 1.882 1.    4.
  19 1975   36 15681.  19.9 32.8 1.896 1.   10.
  19 1975   37 15706.  20.0 32.8 1.910 1.    3.
  19 1975   38 15731.  20.1 32.8 1.925 1.    0.
  19 1975   39 15756.  20.2 32.8 1.939 1.    4.
  19 1975   40 15781.  20.4 32.9 1.953 1.    0.
  19 1975   41 15806.  20.5 32.9 1.967 1.    0.
  19 1975   42 15832.  20.6 32.9 1.981 1.   18.
  19 1975   43 15857.  20.7 32.9 1.995 1.    0.
  19 1975   44 15882.  20.8 32.9 2.009 1.    0.
  19 1975   45 15907.  20.9 32.9 2.023 1.    0.
  19 1975   46 15959.  20.9 32.9 2.029 1.    0.
  19 1975   47 16011.  21.0 32.9 2.035 1.    0.
  19 1975   48 16063.  21.0 32.8 2.040 1.    8.
  19 1975   49 16115.  21.0 32.8 2.046 1.    0.
  19 1975   50 16167.  21.1 32.8 2.052 1.    0.
  19 1975   51 16219.  21.1 32.8 2.058 1.    0.
  19 1975   52 16271.  21.1 32.8 2.064 1.    4.
  19 1975   53 16323.  21.2 32.8 2.070 1.    0.
  19 1975   54 16375.  21.2 32.7 2.075 1.   38.
  19 1975   55 16427.  21.2 32.7 2.081 1.    0.
  19 1975   56 16479.  21.3 32.7 2.087 1.    0.
  19 1975   57 16531.  21.3 32.7 2.093 1.   23.
  19 1975   58 16583.  21.3 32.7 2.099 1.    0.
  19 1975   59 16635.  21.4 32.7 2.105 1.    0.
  19 1975   60 16686.  21.4 32.6 2.110 1.    0.
  19 1975   61 16738.  21.5 32.6 2.116 1.    0.
  19 1975   62 16790.  21.5 32.6 2.122 1.    0.
  19 1975   63 16842.  21.5 32.6 2.128 1.    8.
  19 1975   64 16894.  21.6 32.6 2.134 1.   15.
  19 1975   65 16946.  21.6 32.6 2.140 1.    0.
  19 1975   66 16998.  21.6 32.5 2.145 1.    1.
  19 1975   67 17050.  21.7 32.5 2.151 1.    0.
  19 1975   68 17102.  21.7 32.5 2.157 1.    2.
  19 1975   69 17154.  21.7 32.5 2.163 1.    0.
  19 1975   70 17206.  21.8 32.5 2.169 1.    0.
  19 1975   71 17258.  21.8 32.5 2.175 1.    3.
  19 1975   72 17310.  21.8 32.4 2.180 1.   30.
  19 1975   73 17362.  21.9 32.4 2.186 1.    5.
  19 1975   74 17414.  21.9 32.4 2.192 1.   17.
  19 1975   75 17445.  21.9 32.4 2.187 1.    0.
  19 1975   76 17476.  21.9 32.4 2.183 1.    0.
  19 1975   77 17507.  21.8 32.4 2.178 1.    0.
  19 1975   78 17538.  21.8 32.4 2.173 1.   22.
  19 1975   79 17569.  21.8 32.4 2.168 1.    0.
  19 1975   80 17600.  21.8 32.4 2.164 1.   14.
  19 1975   81 17631.  21.8 32.4 2.159 1.    0.
  19 1975   82 17663.  21.7 32.4 2.154 1.   14.
  19 1975   83 17694.  21.7 32.4 2.149 1.    4.
  19 1975   84 17725.  21.7 32.4 2.145 1.    4.
  19 1975   85 17756.  21.7 32.4 2.140 1.    0.
  19 1975   86 17787.  21.7 32.4 2.135 1.    0.
  19 1975   87 17818.  21.6 32.4 2.130 1.    8.
  19 1975   88 17849.  21.6 32.4 2.126 1.    0.
  19 1975   89 17880.  21.6 32.4 2.121 1.    3.
  19 1975   90 17911.  21.6 32.4 2.116 1.    0.
  19 1975   91 17942.  21.6 32.4 2.111 1.    5.
  19 1975   92 17973.  21.6 32.4 2.107 1.    0.
  19 1975   93 18004.  21.5 32.4 2.102 1.   16.
  19 1975   94 18035.  21.5 32.4 2.097 1.   13.
  19 1975   95 18066.  21.5 32.4 2.092 1.    0.
  19 1975   96 18097.  21.5 32.4 2.088 1.   11.
  19 1975   97 18128.  21.5 32.4 2.083 1.    0.
  19 1975   98 18160.  21.4 32.4 2.078 1.    0.
  19 1975   99 18191.  21.4 32.4 2.073 1.    0.
  19 1975  100 18222.  21.4 32.4 2.069 1.    0.
  19 1975  101 18253.  21.4 32.4 2.064 1.    0.
  19 1975  102 18284.  21.4 32.4 2.059 1.    0.
  19 1975  103 18315.  21.3 32.4 2.054 1.    8.
  19 1975  104 18346.  21.3 32.4 2.050 1.   42.
  19 1975  105 18377.  21.3 32.4 2.045 1.    0.
  19 1975  106 18323.  21.3 32.4 2.048 1.   24.
  19 1975  107 18268.  21.3 32.3 2.052 1.    0.
  19 1975  108 18214.  21.3 32.3 2.055 1.   16.
  19 1975  109 18159.  21.4 32.2 2.058 1.    0.
  19 1975  110 18105.  21.4 32.2 2.062 1.    0.
  19 1975  111 18050.  21.4 32.2 2.065 1.    0.
  19 1975  112 17996.  21.4 32.1 2.068 1.    0.
  19 1975  113 17942.  21.4 32.1 2.072 1.    2.
  19 1975  114 17887.  21.4 32.0 2.075 1.    0.
  19 1975  115 17833.  21.4 32.0 2.078 1.    0.
  19 1975  116 17778.  21.4 32.0 2.082 1.    6.
  19 1975  117 17724.  21.5 31.9 2.085 1.    0.
  19 1975  118 17669.  21.5 31.9 2.088 1.    0.
  19 1975  119 17615.  21.5 31.8 2.092 1.    4.
  19 1975  120 17561.  21.5 31.8 2.095 1.    0.
  19 1975  121 17506.  21.5 31.8 2.098 1.    3.
  19 1975  122 17452.  21.5 31.7 2.102 1.    2.
  19 1975  123 17397.  21.5 31.7 2.105 1.    0.
  19 1975  124 17343.  21.6 31.6 2.108 1.   18.
  19 1975  125 17288.  21.6 31.6 2.112 1.    0.
  19 1975  126 17234.  21.6 31.6 2.115 1.   14.
  19 1975  127 17179.  21.6 31.5 2.118 1.    2.
  19 1975  128 17125.  21.6 31.5 2.122 1.    0.
  19 1975  129 17071.  21.6 31.4 2.125 1.    0.
  19 1975  130 17016.  21.6 31.4 2.128 1.    0.
  19 1975  131 16962.  21.6 31.4 2.132 1.    6.
  19 1975  132 16907.  21.7 31.3 2.135 1.    5.
  19 1975  133 16853.  21.7 31.3 2.138 1.    0.
  19 1975  134 16798.  21.7 31.2 2.142 1.   20.
  19 1975  135 16744.  21.7 31.2 2.145 1.    0.
  19 1975  136 16686.  21.7 31.2 2.144 1.    0.
  19 1975  137 16628.  21.7 31.1 2.143 1.    0.
  19 1975  138 16570.  21.7 31.1 2.142 1.    0.
  19 1975  139 16512.  21.7 31.0 2.141 1.    0.
  19 1975  140 16454.  21.7 31.0 2.140 1.    0.
  19 1975  141 16396.  21.6 30.9 2.139 1.    0.
  19 1975  142 16338.  21.6 30.9 2.138 1.   21.
  19 1975  143 16279.  21.6 30.8 2.137 1.    5.
  19 1975  144 16221.  21.6 30.8 2.136 1.    1.
  19 1975  145 16163.  21.6 30.7 2.135 1.    0.
  19 1975  146 16105.  21.6 30.7 2.134 1.    0.
  19 1975  147 16047.  21.6 30.6 2.133 1.    0.
  19 1975  148 15989.  21.6 30.6 2.132 1.   12.
  19 1975  149 15931.  21.6 30.5 2.131 1.    3.
  19 1975  150 15873.  21.6 30.5 2.130 1.    0.
  19 1975  151 15815.  21.5 30.4 2.128 1.    0.
  19 1975  152 15757.  21.5 30.4 2.127 1.    7.
  19 1975  153 15699.  21.5 30.3 2.126 1.    2.
  19 1975  154 15641.  21.5 30.3 2.125 1.   28.
  19 1975  155 15583.  21.5 30.2 2.124 1.    0.
  19 1975  156 15525.  21.5 30.2 2.123 1.    3.
  19 1975  157 15467.  21.5 30.1 2.122 1.    0.
  19 1975  158 15409.  21.5 30.1 2.121 1.    0.
  19 1975  159 15350.  21.5 30.0 2.120 1.    0.
  19 1975  160 15292.  21.5 30.0 2.119 1.    4.
  19 1975  161 15234.  21.4 29.9 2.118 1.    0.
  19 1975  162 15176.  21.4 29.9 2.117 1.    0.
  19 1975  163 15118.  21.4 29.8 2.116 1.    0.
  19 1975  164 15060.  21.4 29.8 2.115 1.    4.
  19 1975  165 15002.  21.4 29.7 2.114 1.    6.
  19 1975  166 14944.  21.4 29.7 2.113 1.   20.
  19 1975  167 14853.  21.4 29.7 2.114 1.    0.
  19 1975  168 14763.  21.4 29.6 2.115 1.    0.
  19 1975  169 14672.  21.4 29.6 2.117 1.   16.
  19 1975  170 14581.  21.4 29.5 2.118 1.    0.
  19 1975  171 14491.  21.4 29.5 2.119 1.    0.
  19 1975  172 14400.  21.4 29.4 2.120 1.    0.
  19 1975  173 14309.  21.4 29.4 2.122 1.   44.
  19 1975  174 14218.  21.3 29.3 2.123 1.    0.
  19 1975  175 14128.  21.3 29.3 2.124 1.    5.
  19 1975  176 14037.  21.3 29.2 2.125 1.    0.
  19 1975  177 13946.  21.3 29.2 2.127 1.    0.
  19 1975  178 13856.  21.3 29.1 2.128 1.    0.
  19 1975  179 13765.  21.3 29.1 2.129 1.    0.
  19 1975  180 13674.  21.3 29.0 2.130 1.    0.
  19 1975  181 13584.  21.3 29.0 2.132 1.    1.
  19 1975  182 13493.  21.3 29.0 2.133 1.   68.
  19 1975  183 13402.  21.3 28.9 2.134 1.    0.
  19 1975  184 13311.  21.3 28.9 2.135 1.   22.
  19 1975  185 13221.  21.3 28.8 2.136 1.    0.
  19 1975  186 13130.  21.3 28.8 2.138 1.    0.
  19 1975  187 13039.  21.3 28.7 2.139 1.    0.
  19 1975  188 12949.  21.3 28.7 2.140 1.    2.
  19 1975  189 12858.  21.2 28.6 2.141 1.    0.
  19 1975  190 12767.  21.2 28.6 2.143 1.    3.
  19 1975  191 12676.  21.2 28.5 2.144 1.   18.
  19 1975  192 12586.  21.2 28.5 2.145 1.    0.
  19 1975  193 12495.  21.2 28.4 2.146 1.    1.
  19 1975  194 12404.  21.2 28.4 2.148 1.    5.
  19 1975  195 12314.  21.2 28.3 2.149 1.    2.
  19 1975  196 12223.  21.2 28.3 2.150 1.    4.
  19 1975  197 12127.  21.2 28.3 2.150 1.    0.
  19 1975  198 12031.  21.2 28.2 2.151 1.    1.
  19 1975  199 11935.  21.2 28.2 2.151 1.   30.
  19 1975  200 11840.  21.2 28.1 2.151 1.   25.
  19 1975  201 11744.  21.2 28.1 2.151 1.   13.
  19 1975  202 11648.  21.2 28.0 2.152 1.    0.
  19 1975  203 11552.  21.2 28.0 2.152 1.    0.
  19 1975  204 11456.  21.2 27.9 2.152 1.    0.
  19 1975  205 11360.  21.2 27.9 2.152 1.    0.
  19 1975  206 11264.  21.2 27.8 2.153 1.    7.
  19 1975  207 11168.  21.2 27.8 2.153 1.    5.
  19 1975  208 11073.  21.2 27.7 2.153 1.   13.
  19 1975  209 10977.  21.2 27.7 2.153 1.    5.
  19 1975  210 10881.  21.2 27.6 2.154 1.    0.
  19 1975  211 10785.  21.2 27.6 2.154 1.    8.
  19 1975  212 10689.  21.1 27.5 2.154 1.    0.
  19 1975  213 10593.  21.1 27.5 2.154 1.    2.
  19 1975  214 10497.  21.1 27.4 2.155 1.    0.
  19 1975  215 10401.  21.1 27.4 2.155 1.    0.
  19 1975  216 10306.  21.1 27.3 2.155 1.    0.
  19 1975  217 10210.  21.1 27.3 2.155 1.    0.
  19 1975  218 10114.  21.1 27.2 2.156 1.    1.
  19 1975  219 10018.  21.1 27.2 2.156 1.    0.
  19 1975  220  9922.  21.1 27.1 2.156 1.    0.
  19 1975  221  9826.  21.1 27.1 2.156 1.    0.
  19 1975  222  9730.  21.1 27.0 2.157 1.   11.
  19 1975  223  9634.  21.1 27.0 2.157 1.    0.
  19 1975  224  9539.  21.1 26.9 2.157 1.    0.
  19 1975  225  9443.  21.1 26.9 2.157 1.    0.
  19 1975  226  9347.  21.1 26.8 2.158 1.    3.
  19 1975  227  9251.  21.1 26.8 2.158 1.    0.
  19 1975  228  9422.  21.1 26.8 2.158 1.    0.
  19 1975  229  9594.  21.1 26.8 2.159 1.    0.
  19 1975  230  9765.  21.1 26.8 2.159 1.    4.
  19 1975  231  9937.  21.1 26.9 2.159 1.    1.
  19 1975  232 10108.  21.1 26.9 2.159 1.    0.
  19 1975  233 10280.  21.2 26.9 2.160 1.    0.
  19 1975  234 10451.  21.2 26.9 2.160 1.    3.
  19 1975  235 10623.  21.2 26.9 2.160 1.    0.
  19 1975  236 10794.  21.2 26.9 2.161 1.    0.
  19 1975  237 10966.  21.2 26.9 2.161 1.    1.
  19 1975  238 11137.  21.2 26.9 2.161 1.    0.
  19 1975  239 11309.  21.2 27.0 2.161 1.    0.
  19 1975  240 11480.  21.2 27.0 2.162 1.    0.
  19 1975  241 11652.  21.2 27.0 2.162 1.    2.
  19 1975  242 11823.  21.2 27.0 2.162 1.    4.
  19 1975  243 11995.  21.3 27.0 2.163 1.    0.
  19 1975  244 12166.  21.3 27.0 2.163 1.   22.
  19 1975  245 12338.  21.3 27.0 2.163 1.    0.
  19 1975  246 12509.  21.3 27.0 2.164 1.    0.
  19 1975  247 12681.  21.3 27.1 2.164 1.   28.
  19 1975  248 12852.  21.3 27.1 2.164 1.   16.
  19 1975  249 13024.  21.3 27.1 2.164 1.    0.
  19 1975  250 13195.  21.3 27.1 2.165 1.    6.
  19 1975  251 13367.  21.3 27.1 2.165 1.    6.
  19 1975  252 13538.  21.3 27.1 2.165 1.   19.
  19 1975  253 13710.  21.4 27.1 2.166 1.    0.
  19 1975  254 13881.  21.4 27.1 2.166 1.    0.
  19 1975  255 14053.  21.4 27.2 2.166 1.    0.
  19 1975  256 14224.  21.4 27.2 2.166 1.   17.
  19 1975  257 14396.  21.4 27.2 2.167 1.    3.
  19 1975  258 14567.  21.4 27.2 2.167 1.    3.
  19 1975  259 14647.  21.4 27.3 2.164 1.    1.
  19 1975  260 14726.  21.4 27.4 2.161 1.    1.
  19 1975  261 14806.  21.4 27.6 2.158 1.    0.
  19 1975  262 14885.  21.4 27.7 2.155 1.    0.
  19 1975  263 14965.  21.4 27.8 2.152 1.    0.
  19 1975  264 15044.  21.4 27.9 2.149 1.   11.
  19 1975  265 15124.  21.4 28.0 2.146 1.    0.
  19 1975  266 15203.  21.4 28.1 2.143 1.    1.
  19 1975  267 15283.  21.4 28.3 2.140 1.    7.
  19 1975  268 15362.  21.4 28.4 2.137 1.    0.
  19 1975  269 15442.  21.4 28.5 2.134 1.    0.
  19 1975  270 15521.  21.4 28.6 2.131 1.    0.
  19 1975  271 15601.  21.4 28.7 2.128 1.    0.
  19 1975  272 15680.  21.4 28.8 2.125 1.    0.
  19 1975  273 15760.  21.4 29.0 2.122 1.    0.
  19 1975  274 15840.  21.3 29.1 2.118 1.    6.
  19 1975  275 15919.  21.3 29.2 2.115 1.    0.
  19 1975  276 15999.  21.3 29.3 2.112 1.    0.
  19 1975  277 16078.  21.3 29.4 2.109 1.    0.
  19 1975  278 16158.  21.3 29.5 2.106 1.   24.
  19 1975  279 16237.  21.3 29.7 2.103 1.    4.
  19 1975  280 16317.  21.3 29.8 2.100 1.   10.
  19 1975  281 16396.  21.3 29.9 2.097 1.    8.
  19 1975  282 16476.  21.3 30.0 2.094 1.    0.
  19 1975  283 16555.  21.3 30.1 2.091 1.    0.
  19 1975  284 16635.  21.3 30.2 2.088 1.    4.
  19 1975  285 16714.  21.3 30.4 2.085 1.    1.
  19 1975  286 16794.  21.3 30.5 2.082 1.    0.
  19 1975  287 16873.  21.3 30.6 2.079 1.    1.
  19 1975  288 16953.  21.3 30.7 2.076 1.    0.
  19 1975  289 16906.  21.3 30.5 2.077 1.    0.
  19 1975  290 16858.  21.3 30.4 2.079 1.    0.
  19 1975  291 16811.  21.3 30.2 2.080 1.   32.
  19 1975  292 16764.  21.3 30.1 2.082 1.    0.
  19 1975  293 16717.  21.3 29.9 2.083 1.    0.
  19 1975  294 16669.  21.3 29.8 2.085 1.    0.
  19 1975  295 16622.  21.3 29.6 2.086 1.   21.
  19 1975  296 16575.  21.4 29.5 2.087 1.    0.
  19 1975  297 16528.  21.4 29.3 2.089 1.    8.
  19 1975  298 16480.  21.4 29.2 2.090 1.    4.
  19 1975  299 16433.  21.4 29.0 2.092 1.    1.
  19 1975  300 16386.  21.4 28.8 2.093 1.    0.
  19 1975  301 16339.  21.4 28.7 2.094 1.    1.
  19 1975  302 16291.  21.4 28.5 2.096 1.    0.
  19 1975  303 16244.  21.4 28.4 2.097 1.    2.
  19 1975  304 16197.  21.4 28.2 2.099 1.    0.
  19 1975  305 16150.  21.4 28.1 2.100 1.    0.
  19 1975  306 16102.  21.4 27.9 2.102 1.    4.
  19 1975  307 16055.  21.4 27.8 2.103 1.    0.
  19 1975  308 16008.  21.4 27.6 2.104 1.    0.
  19 1975  309 15961.  21.4 27.4 2.106 1.   17.
  19 1975  310 15913.  21.4 27.3 2.107 1.    0.
  19 1975  311 15866.  21.4 27.1 2.109 1.    0.
  19 1975  312 15819.  21.5 27.0 2.110 1.   37.
  19 1975  313 15772.  21.5 26.8 2.111 1.    0.
  19 1975  314 15724.  21.5 26.7 2.113 1.    0.
  19 1975  315 15677.  21.5 26.5 2.114 1.   11.
  19 1975  316 15630.  21.5 26.4 2.116 1.    0.
  19 1975  317 15583.  21.5 26.2 2.117 1.    3.
  19 1975  318 15535.  21.5 26.1 2.119 1.    0.
  19 1975  319 15488.  21.5 25.9 2.120 1.    0.
  19 1975  320 15449.  21.4 26.1 2.114 1.    0.
  19 1975  321 15410.  21.4 26.2 2.109 1.    0.
  19 1975  322 15371.  21.3 26.4 2.103 1.    0.
  19 1975  323 15332.  21.3 26.6 2.097 1.    0.
  19 1975  324 15293.  21.2 26.7 2.092 1.    0.
  19 1975  325 15254.  21.2 26.9 2.086 1.    0.
  19 1975  326 15215.  21.1 27.0 2.080 1.    0.
  19 1975  327 15175.  21.0 27.2 2.075 1.    7.
  19 1975  328 15136.  21.0 27.4 2.069 1.    0.
  19 1975  329 15097.  20.9 27.5 2.063 1.    0.
  19 1975  330 15058.  20.9 27.7 2.058 1.    4.
  19 1975  331 15019.  20.8 27.9 2.052 1.    1.
  19 1975  332 14980.  20.8 28.0 2.046 1.   16.
  19 1975  333 14941.  20.7 28.2 2.041 1.    2.
  19 1975  334 14902.  20.6 28.4 2.035 1.    0.
  19 1975  335 14863.  20.6 28.5 2.029 1.    0.
  19 1975  336 14824.  20.5 28.7 2.024 1.    0.
  19 1975  337 14785.  20.5 28.8 2.018 1.    0.
  19 1975  338 14746.  20.4 29.0 2.012 1.    0.
  19 1975  339 14707.  20.4 29.2 2.007 1.    0.
  19 1975  340 14668.  20.3 29.3 2.001 1.    0.
  19 1975  341 14629.  20.3 29.5 1.995 1.    0.
  19 1975  342 14589.  20.2 29.7 1.990 1.    0.
  19 1975  343 14550.  20.1 29.8 1.984 1.    7.
  19 1975  344 14511.  20.1 30.0 1.978 1.    0.
  19 1975  345 14472.  20.0 30.1 1.973 1.    0.
  19 1975  346 14433.  20.0 30.3 1.967 1.    0.
  19 1975  347 14394.  19.9 30.5 1.961 1.    0.
  19 1975  348 14355.  19.9 30.6 1.956 1.    0.
  19 1975  349 14316.  19.8 30.8 1.950 1.    0.
  19 1975  350 14342.  19.7 30.9 1.939 1.    0.
  19 1975  351 14368.  19.7 30.9 1.928 1.    0.
  19 1975  352 14394.  19.6 31.0 1.917 1.    2.
  19 1975  353 14421.  19.5 31.0 1.906 1.    0.
  19 1975  354 14447.  19.5 31.1 1.895 1.    1.
  19 1975  355 14473.  19.4 31.1 1.885 1.    0.
  19 1975  356 14499.  19.3 31.2 1.874 1.    0.
  19 1975  357 14525.  19.3 31.3 1.863 1.    0.
  19 1975  358 14551.  19.2 31.3 1.852 1.    8.
  19 1975  359 14578.  19.1 31.4 1.841 1.    0.
  19 1975  360 14604.  19.0 31.4 1.830 1.    0.
  19 1975  361 14630.  19.0 31.5 1.819 1.    0.
  19 1975  362 14656.  18.9 31.5 1.808 1.    0.
  19 1975  363 14682.  18.8 31.6 1.797 1.    5.
  19 1975  364 14708.  18.8 31.6 1.786 1.    0.
  19 1975  365 14735.  18.7 31.7 1.776 1.    0.
