*---------------------------------------------------------*
*   Country: Ghana
*   Station: Tafo
*      Year: 1965
*    Author: W. Gerritsma
*    Source: Cocoa Research Institute,
*            Annual Report 1965-1966
* Longitude: 000 22 W
*  Latitude: 06 15 N
* Elevation: 200 m.
*  WMO-code: -
*  Comments: Cocoa Research Institute Ghana
*            Interpolated daily values
*  Columns:
*  ========
*  station number
*  year
*  day
*  radiation
*  minimum temperature (degrees Celsius)
*  maximum temperature (degrees Celsius)
*  vapour pressure (kPa)
*  mean wind speed (m s-1)
*  precipitation (mm d-1)
*---------------------------------------------------------*
 359.63 6.25 200. 0.0 0.0
  19 1965    1 17642.  14.4 33.3 1.332 1.    0.
  19 1965    2 17674.  14.4 33.3 1.327 1.   28.
  19 1965    3 17706.  14.4 33.3 1.321 1.    8.
  19 1965    4 17740.  14.3 33.3 1.316 1.    0.
  19 1965    5 17775.  14.3 33.3 1.311 1.    0.
  19 1965    6 17810.  14.3 33.3 1.306 1.    0.
  19 1965    7 17847.  14.2 33.3 1.300 1.    0.
  19 1965    8 17885.  14.2 33.3 1.295 1.    0.
  19 1965    9 17924.  14.1 33.3 1.290 1.    7.
  19 1965   10 17964.  14.1 33.3 1.284 1.    0.
  19 1965   11 18005.  14.1 33.3 1.279 1.    0.
  19 1965   12 18046.  14.0 33.3 1.274 1.    0.
  19 1965   13 18089.  14.0 33.3 1.269 1.    0.
  19 1965   14 18133.  13.9 33.3 1.263 1.    0.
  19 1965   15 18177.  13.9 33.3 1.258 1.    0.
  19 1965   16 18196.  14.0 33.3 1.274 1.    1.
  19 1965   17 18215.  14.2 33.3 1.290 1.    0.
  19 1965   18 18235.  14.3 33.3 1.306 1.    0.
  19 1965   19 18256.  14.5 33.3 1.322 1.    0.
  19 1965   20 18277.  14.6 33.3 1.338 1.    0.
  19 1965   21 18299.  14.8 33.3 1.354 1.    0.
  19 1965   22 18322.  14.9 33.3 1.370 1.    0.
  19 1965   23 18345.  15.1 33.3 1.385 1.    0.
  19 1965   24 18368.  15.2 33.3 1.401 1.    0.
  19 1965   25 18392.  15.4 33.3 1.417 1.    0.
  19 1965   26 18416.  15.5 33.3 1.433 1.    0.
  19 1965   27 18441.  15.7 33.3 1.449 1.    0.
  19 1965   28 18466.  15.8 33.3 1.465 1.    0.
  19 1965   29 18491.  16.0 33.3 1.481 1.    0.
  19 1965   30 18517.  16.1 33.3 1.497 1.    0.
  19 1965   31 18542.  16.2 33.3 1.513 1.    0.
  19 1965   32 18568.  16.4 33.3 1.529 1.   10.
  19 1965   33 18594.  16.5 33.3 1.545 1.   19.
  19 1965   34 18620.  16.7 33.3 1.561 1.    0.
  19 1965   35 18646.  16.8 33.3 1.577 1.    0.
  19 1965   36 18672.  17.0 33.3 1.593 1.    0.
  19 1965   37 18698.  17.1 33.3 1.609 1.    0.
  19 1965   38 18724.  17.3 33.3 1.624 1.    0.
  19 1965   39 18750.  17.4 33.3 1.640 1.    0.
  19 1965   40 18776.  17.6 33.3 1.656 1.    0.
  19 1965   41 18801.  17.7 33.3 1.672 1.   16.
  19 1965   42 18827.  17.9 33.3 1.688 1.    0.
  19 1965   43 18852.  18.0 33.3 1.704 1.    6.
  19 1965   44 18877.  18.2 33.3 1.720 1.    0.
  19 1965   45 18901.  18.3 33.3 1.736 1.   43.
  19 1965   46 18952.  18.4 33.3 1.741 1.   33.
  19 1965   47 19002.  18.4 33.3 1.746 1.    0.
  19 1965   48 19052.  18.5 33.3 1.751 1.    0.
  19 1965   49 19102.  18.5 33.3 1.756 1.    9.
  19 1965   50 19151.  18.6 33.3 1.762 1.    5.
  19 1965   51 19200.  18.7 33.3 1.767 1.    0.
  19 1965   52 19248.  18.7 33.3 1.772 1.    0.
  19 1965   53 19296.  18.8 33.3 1.777 1.    0.
  19 1965   54 19344.  18.8 33.3 1.782 1.    0.
  19 1965   55 19391.  18.9 33.3 1.787 1.    0.
  19 1965   56 19437.  18.9 33.3 1.792 1.    0.
  19 1965   57 19483.  19.0 33.3 1.797 1.    0.
  19 1965   58 19528.  19.1 33.3 1.802 1.    8.
  19 1965   59 19572.  19.1 33.3 1.807 1.    0.
  19 1965   60 19616.  19.2 33.3 1.813 1.    0.
  19 1965   61 19659.  19.2 33.3 1.818 1.   14.
  19 1965   62 19701.  19.3 33.3 1.823 1.    0.
  19 1965   63 19743.  19.4 33.3 1.828 1.    0.
  19 1965   64 19784.  19.4 33.3 1.833 1.    0.
  19 1965   65 19824.  19.5 33.3 1.838 1.   10.
  19 1965   66 19863.  19.5 33.3 1.843 1.    0.
  19 1965   67 19901.  19.6 33.3 1.848 1.    0.
  19 1965   68 19939.  19.6 33.3 1.853 1.    2.
  19 1965   69 19975.  19.7 33.3 1.858 1.   10.
  19 1965   70 20011.  19.8 33.3 1.864 1.    0.
  19 1965   71 20046.  19.8 33.3 1.869 1.    0.
  19 1965   72 20080.  19.9 33.3 1.874 1.    5.
  19 1965   73 20113.  19.9 33.3 1.879 1.    6.
  19 1965   74 20145.  20.0 33.3 1.884 1.    0.
  19 1965   75 20141.  20.0 33.3 1.883 1.    0.
  19 1965   76 20135.  20.0 33.3 1.882 1.   39.
  19 1965   77 20129.  20.0 33.4 1.880 1.   40.
  19 1965   78 20122.  20.0 33.4 1.879 1.    8.
  19 1965   79 20114.  20.0 33.4 1.878 1.    3.
  19 1965   80 20104.  20.0 33.4 1.877 1.    1.
  19 1965   81 20094.  20.0 33.4 1.876 1.    1.
  19 1965   82 20083.  20.0 33.5 1.874 1.    6.
  19 1965   83 20071.  20.0 33.5 1.873 1.    0.
  19 1965   84 20057.  20.0 33.5 1.872 1.    0.
  19 1965   85 20043.  20.0 33.5 1.871 1.    0.
  19 1965   86 20028.  20.0 33.5 1.870 1.    0.
  19 1965   87 20012.  20.0 33.6 1.868 1.   14.
  19 1965   88 19994.  20.0 33.6 1.867 1.   22.
  19 1965   89 19976.  20.0 33.6 1.866 1.    0.
  19 1965   90 19957.  20.0 33.6 1.865 1.    0.
  19 1965   91 19937.  20.0 33.6 1.864 1.    0.
  19 1965   92 19916.  20.0 33.6 1.863 1.    0.
  19 1965   93 19894.  20.0 33.7 1.861 1.   50.
  19 1965   94 19872.  20.0 33.7 1.860 1.   13.
  19 1965   95 19848.  20.0 33.7 1.859 1.    0.
  19 1965   96 19823.  20.0 33.7 1.858 1.    7.
  19 1965   97 19798.  20.0 33.7 1.857 1.   56.
  19 1965   98 19772.  20.0 33.8 1.855 1.    0.
  19 1965   99 19744.  20.0 33.8 1.854 1.    0.
  19 1965  100 19716.  20.0 33.8 1.853 1.    0.
  19 1965  101 19688.  20.0 33.8 1.852 1.    2.
  19 1965  102 19658.  20.0 33.8 1.851 1.   52.
  19 1965  103 19628.  20.0 33.9 1.849 1.   18.
  19 1965  104 19597.  20.0 33.9 1.848 1.    0.
  19 1965  105 19565.  20.0 33.9 1.847 1.    7.
  19 1965  106 19561.  20.0 33.9 1.849 1.    0.
  19 1965  107 19555.  20.0 33.9 1.851 1.    5.
  19 1965  108 19549.  20.0 33.8 1.853 1.    0.
  19 1965  109 19542.  20.0 33.8 1.855 1.    0.
  19 1965  110 19534.  20.0 33.8 1.857 1.    0.
  19 1965  111 19526.  20.0 33.8 1.859 1.    0.
  19 1965  112 19517.  20.0 33.8 1.861 1.    0.
  19 1965  113 19508.  20.0 33.7 1.862 1.    0.
  19 1965  114 19498.  20.0 33.7 1.864 1.   17.
  19 1965  115 19488.  20.0 33.7 1.866 1.    1.
  19 1965  116 19477.  20.0 33.7 1.868 1.    0.
  19 1965  117 19465.  20.0 33.7 1.870 1.    4.
  19 1965  118 19453.  20.0 33.6 1.872 1.    1.
  19 1965  119 19441.  20.0 33.6 1.874 1.    4.
  19 1965  120 19428.  20.0 33.6 1.876 1.    0.
  19 1965  121 19415.  20.0 33.6 1.878 1.    0.
  19 1965  122 19402.  20.0 33.6 1.880 1.   18.
  19 1965  123 19388.  20.0 33.5 1.882 1.    5.
  19 1965  124 19374.  20.0 33.5 1.884 1.    0.
  19 1965  125 19359.  20.0 33.5 1.886 1.    0.
  19 1965  126 19345.  20.0 33.5 1.888 1.   27.
  19 1965  127 19330.  20.0 33.5 1.890 1.    0.
  19 1965  128 19315.  20.0 33.4 1.891 1.    0.
  19 1965  129 19300.  20.0 33.4 1.893 1.    0.
  19 1965  130 19285.  20.0 33.4 1.895 1.    0.
  19 1965  131 19270.  20.0 33.4 1.897 1.    0.
  19 1965  132 19255.  20.0 33.4 1.899 1.    0.
  19 1965  133 19239.  20.0 33.3 1.901 1.    0.
  19 1965  134 19224.  20.0 33.3 1.903 1.    0.
  19 1965  135 19209.  20.0 33.3 1.905 1.    7.
  19 1965  136 19004.  19.9 33.2 1.901 1.    0.
  19 1965  137 18800.  19.9 33.2 1.897 1.    0.
  19 1965  138 18597.  19.8 33.1 1.894 1.   11.
  19 1965  139 18394.  19.8 33.1 1.890 1.    0.
  19 1965  140 18192.  19.7 33.0 1.886 1.    0.
  19 1965  141 17991.  19.7 33.0 1.882 1.    0.
  19 1965  142 17790.  19.6 32.9 1.878 1.    0.
  19 1965  143 17590.  19.6 32.9 1.875 1.    0.
  19 1965  144 17391.  19.5 32.8 1.871 1.   30.
  19 1965  145 17193.  19.5 32.8 1.867 1.   28.
  19 1965  146 16996.  19.4 32.7 1.863 1.    1.
  19 1965  147 16799.  19.3 32.7 1.859 1.    0.
  19 1965  148 16603.  19.3 32.6 1.856 1.    4.
  19 1965  149 16409.  19.2 32.6 1.852 1.    0.
  19 1965  150 16214.  19.2 32.5 1.848 1.   17.
  19 1965  151 16021.  19.1 32.5 1.844 1.    6.
  19 1965  152 15829.  19.1 32.4 1.840 1.    1.
  19 1965  153 15637.  19.0 32.4 1.836 1.    0.
  19 1965  154 15447.  19.0 32.3 1.833 1.    0.
  19 1965  155 15257.  18.9 32.3 1.829 1.    5.
  19 1965  156 15068.  18.8 32.2 1.825 1.    0.
  19 1965  157 14880.  18.8 32.2 1.821 1.   69.
  19 1965  158 14692.  18.7 32.1 1.817 1.   41.
  19 1965  159 14506.  18.7 32.1 1.814 1.    0.
  19 1965  160 14320.  18.6 32.0 1.810 1.   22.
  19 1965  161 14135.  18.6 32.0 1.806 1.    1.
  19 1965  162 13951.  18.5 31.9 1.802 1.    0.
  19 1965  163 13768.  18.5 31.9 1.798 1.    1.
  19 1965  164 13585.  18.4 31.8 1.795 1.    7.
  19 1965  165 13403.  18.4 31.8 1.791 1.    0.
  19 1965  166 13222.  18.3 31.7 1.787 1.   13.
  19 1965  167 13226.  18.4 31.6 1.795 1.   30.
  19 1965  168 13230.  18.4 31.5 1.802 1.    0.
  19 1965  169 13235.  18.5 31.5 1.810 1.   44.
  19 1965  170 13241.  18.5 31.4 1.817 1.    1.
  19 1965  171 13247.  18.6 31.3 1.825 1.    0.
  19 1965  172 13253.  18.6 31.2 1.833 1.   96.
  19 1965  173 13260.  18.7 31.2 1.840 1.    0.
  19 1965  174 13268.  18.8 31.1 1.848 1.    0.
  19 1965  175 13276.  18.8 31.0 1.855 1.   11.
  19 1965  176 13285.  18.9 30.9 1.863 1.    0.
  19 1965  177 13295.  18.9 30.9 1.871 1.    3.
  19 1965  178 13305.  19.0 30.8 1.878 1.    0.
  19 1965  179 13315.  19.0 30.7 1.886 1.    0.
  19 1965  180 13326.  19.1 30.6 1.893 1.    1.
  19 1965  181 13338.  19.1 30.5 1.901 1.    0.
  19 1965  182 13350.  19.2 30.5 1.909 1.   11.
  19 1965  183 13363.  19.3 30.4 1.916 1.   52.
  19 1965  184 13376.  19.3 30.3 1.924 1.    0.
  19 1965  185 13390.  19.4 30.2 1.931 1.    1.
  19 1965  186 13405.  19.4 30.2 1.939 1.    0.
  19 1965  187 13419.  19.5 30.1 1.947 1.    5.
  19 1965  188 13435.  19.5 30.0 1.954 1.    0.
  19 1965  189 13451.  19.6 29.9 1.962 1.   14.
  19 1965  190 13467.  19.7 29.9 1.969 1.   47.
  19 1965  191 13484.  19.7 29.8 1.977 1.   13.
  19 1965  192 13501.  19.8 29.7 1.985 1.   12.
  19 1965  193 13519.  19.8 29.6 1.992 1.   23.
  19 1965  194 13537.  19.9 29.6 2.000 1.    2.
  19 1965  195 13555.  19.9 29.5 2.007 1.   25.
  19 1965  196 13574.  20.0 29.4 2.015 1.    0.
  19 1965  197 13578.  20.0 29.4 2.016 1.    0.
  19 1965  198 13582.  20.0 29.5 2.016 1.    0.
  19 1965  199 13586.  20.0 29.5 2.017 1.    2.
  19 1965  200 13590.  20.0 29.6 2.017 1.    0.
  19 1965  201 13595.  20.0 29.6 2.018 1.   15.
  19 1965  202 13600.  20.0 29.6 2.019 1.   17.
  19 1965  203 13605.  20.0 29.7 2.019 1.    0.
  19 1965  204 13611.  20.0 29.7 2.020 1.    0.
  19 1965  205 13616.  20.0 29.7 2.021 1.    3.
  19 1965  206 13622.  20.0 29.8 2.021 1.    2.
  19 1965  207 13628.  20.0 29.8 2.022 1.   20.
  19 1965  208 13634.  20.0 29.9 2.022 1.    4.
  19 1965  209 13640.  20.0 29.9 2.023 1.    0.
  19 1965  210 13647.  20.0 29.9 2.024 1.    5.
  19 1965  211 13653.  20.0 30.0 2.024 1.    0.
  19 1965  212 13659.  20.0 30.0 2.025 1.   16.
  19 1965  213 13666.  20.0 30.1 2.025 1.    0.
  19 1965  214 13672.  20.0 30.1 2.026 1.    0.
  19 1965  215 13679.  20.0 30.1 2.027 1.    3.
  19 1965  216 13685.  20.0 30.2 2.027 1.    1.
  19 1965  217 13691.  20.0 30.2 2.028 1.    1.
  19 1965  218 13697.  20.0 30.3 2.028 1.    4.
  19 1965  219 13703.  20.0 30.3 2.029 1.   15.
  19 1965  220 13709.  20.0 30.3 2.030 1.    0.
  19 1965  221 13715.  20.0 30.4 2.030 1.    1.
  19 1965  222 13721.  20.0 30.4 2.031 1.    0.
  19 1965  223 13727.  20.0 30.4 2.032 1.    4.
  19 1965  224 13732.  20.0 30.5 2.032 1.    5.
  19 1965  225 13737.  20.0 30.5 2.033 1.    4.
  19 1965  226 13742.  20.0 30.6 2.033 1.    0.
  19 1965  227 13746.  20.0 30.6 2.034 1.    3.
  19 1965  228 13800.  19.9 30.6 2.022 1.    0.
  19 1965  229 13854.  19.8 30.6 2.010 1.    0.
  19 1965  230 13908.  19.7 30.6 1.997 1.   13.
  19 1965  231 13961.  19.6 30.6 1.985 1.   16.
  19 1965  232 14015.  19.5 30.6 1.973 1.    0.
  19 1965  233 14067.  19.5 30.6 1.961 1.    0.
  19 1965  234 14120.  19.4 30.6 1.949 1.   12.
  19 1965  235 14172.  19.3 30.6 1.936 1.    6.
  19 1965  236 14224.  19.2 30.6 1.924 1.    0.
  19 1965  237 14276.  19.1 30.6 1.912 1.    4.
  19 1965  238 14327.  19.0 30.6 1.900 1.    0.
  19 1965  239 14378.  18.9 30.6 1.888 1.    0.
  19 1965  240 14429.  18.8 30.6 1.875 1.   14.
  19 1965  241 14479.  18.7 30.6 1.863 1.    5.
  19 1965  242 14529.  18.6 30.6 1.851 1.    0.
  19 1965  243 14578.  18.6 30.6 1.839 1.    0.
  19 1965  244 14626.  18.5 30.6 1.827 1.   17.
  19 1965  245 14675.  18.4 30.6 1.815 1.    5.
  19 1965  246 14722.  18.3 30.6 1.802 1.    0.
  19 1965  247 14769.  18.2 30.6 1.790 1.    0.
  19 1965  248 14816.  18.1 30.6 1.778 1.    0.
  19 1965  249 14862.  18.0 30.6 1.766 1.    0.
  19 1965  250 14908.  17.9 30.6 1.754 1.   32.
  19 1965  251 14952.  17.8 30.6 1.741 1.    1.
  19 1965  252 14997.  17.7 30.6 1.729 1.    5.
  19 1965  253 15040.  17.7 30.6 1.717 1.    5.
  19 1965  254 15083.  17.6 30.6 1.705 1.    2.
  19 1965  255 15126.  17.5 30.6 1.693 1.    0.
  19 1965  256 15168.  17.4 30.6 1.680 1.   10.
  19 1965  257 15209.  17.3 30.6 1.668 1.   25.
  19 1965  258 15249.  17.2 30.6 1.656 1.    0.
  19 1965  259 15345.  17.3 30.6 1.665 1.   15.
  19 1965  260 15440.  17.4 30.7 1.674 1.    3.
  19 1965  261 15535.  17.5 30.7 1.683 1.    9.
  19 1965  262 15629.  17.6 30.7 1.691 1.   16.
  19 1965  263 15722.  17.7 30.8 1.700 1.   11.
  19 1965  264 15814.  17.8 30.8 1.709 1.    0.
  19 1965  265 15906.  17.9 30.9 1.718 1.    0.
  19 1965  266 15997.  17.9 30.9 1.727 1.    0.
  19 1965  267 16087.  18.0 30.9 1.736 1.    3.
  19 1965  268 16176.  18.1 31.0 1.745 1.    5.
  19 1965  269 16264.  18.2 31.0 1.754 1.    0.
  19 1965  270 16352.  18.3 31.0 1.762 1.    0.
  19 1965  271 16439.  18.4 31.1 1.771 1.   11.
  19 1965  272 16525.  18.5 31.1 1.780 1.    0.
  19 1965  273 16610.  18.6 31.2 1.789 1.    1.
  19 1965  274 16694.  18.7 31.2 1.798 1.   20.
  19 1965  275 16778.  18.8 31.2 1.807 1.    8.
  19 1965  276 16860.  18.9 31.3 1.816 1.   36.
  19 1965  277 16942.  19.0 31.3 1.824 1.    0.
  19 1965  278 17023.  19.1 31.3 1.833 1.    0.
  19 1965  279 17103.  19.2 31.4 1.842 1.    0.
  19 1965  280 17182.  19.3 31.4 1.851 1.    1.
  19 1965  281 17261.  19.3 31.4 1.860 1.   24.
  19 1965  282 17338.  19.4 31.5 1.869 1.    0.
  19 1965  283 17415.  19.5 31.5 1.878 1.    0.
  19 1965  284 17491.  19.6 31.6 1.887 1.    0.
  19 1965  285 17566.  19.7 31.6 1.895 1.    0.
  19 1965  286 17640.  19.8 31.6 1.904 1.    0.
  19 1965  287 17713.  19.9 31.7 1.913 1.   39.
  19 1965  288 17786.  20.0 31.7 1.922 1.    2.
  19 1965  289 17818.  20.0 31.8 1.920 1.   42.
  19 1965  290 17848.  20.0 31.8 1.919 1.    0.
  19 1965  291 17879.  20.0 31.9 1.917 1.    0.
  19 1965  292 17908.  20.0 31.9 1.915 1.   11.
  19 1965  293 17937.  20.0 32.0 1.913 1.   20.
  19 1965  294 17965.  20.0 32.0 1.912 1.   46.
  19 1965  295 17993.  20.0 32.1 1.910 1.    0.
  19 1965  296 18020.  20.0 32.1 1.908 1.   13.
  19 1965  297 18047.  20.0 32.2 1.906 1.    0.
  19 1965  298 18073.  20.0 32.2 1.905 1.    0.
  19 1965  299 18099.  20.0 32.3 1.903 1.    5.
  19 1965  300 18124.  20.0 32.3 1.901 1.    0.
  19 1965  301 18149.  20.0 32.4 1.899 1.   32.
  19 1965  302 18173.  20.0 32.4 1.898 1.   28.
  19 1965  303 18197.  20.0 32.5 1.896 1.    0.
  19 1965  304 18221.  20.0 32.5 1.894 1.    0.
  19 1965  305 18244.  20.0 32.6 1.892 1.    0.
  19 1965  306 18267.  20.0 32.6 1.891 1.    0.
  19 1965  307 18290.  20.0 32.7 1.889 1.    0.
  19 1965  308 18313.  20.0 32.7 1.887 1.    0.
  19 1965  309 18335.  20.0 32.8 1.885 1.    0.
  19 1965  310 18357.  20.0 32.8 1.884 1.    0.
  19 1965  311 18380.  20.0 32.9 1.882 1.    3.
  19 1965  312 18402.  20.0 32.9 1.880 1.    0.
  19 1965  313 18424.  20.0 33.0 1.878 1.    0.
  19 1965  314 18446.  20.0 33.0 1.877 1.    0.
  19 1965  315 18468.  20.0 33.1 1.875 1.    0.
  19 1965  316 18490.  20.0 33.1 1.873 1.    0.
  19 1965  317 18513.  20.0 33.2 1.871 1.    6.
  19 1965  318 18535.  20.0 33.2 1.870 1.    0.
  19 1965  319 18558.  20.0 33.3 1.868 1.    0.
  19 1965  320 18506.  19.8 33.3 1.853 1.    0.
  19 1965  321 18454.  19.7 33.3 1.837 1.    0.
  19 1965  322 18403.  19.5 33.3 1.822 1.    0.
  19 1965  323 18353.  19.3 33.3 1.806 1.    0.
  19 1965  324 18303.  19.2 33.3 1.791 1.    0.
  19 1965  325 18253.  19.0 33.3 1.776 1.    0.
  19 1965  326 18205.  18.8 33.3 1.760 1.    1.
  19 1965  327 18157.  18.7 33.3 1.745 1.    0.
  19 1965  328 18110.  18.5 33.3 1.729 1.    0.
  19 1965  329 18063.  18.3 33.3 1.714 1.    3.
  19 1965  330 18018.  18.2 33.3 1.699 1.    0.
  19 1965  331 17973.  18.0 33.3 1.683 1.    0.
  19 1965  332 17929.  17.8 33.3 1.668 1.    0.
  19 1965  333 17886.  17.7 33.3 1.652 1.    0.
  19 1965  334 17844.  17.5 33.3 1.637 1.    0.
  19 1965  335 17803.  17.3 33.3 1.622 1.    0.
  19 1965  336 17763.  17.2 33.3 1.606 1.    0.
  19 1965  337 17724.  17.0 33.3 1.591 1.    0.
  19 1965  338 17686.  16.8 33.3 1.575 1.    0.
  19 1965  339 17648.  16.7 33.3 1.560 1.    0.
  19 1965  340 17612.  16.5 33.3 1.545 1.    7.
  19 1965  341 17577.  16.3 33.3 1.529 1.    0.
  19 1965  342 17544.  16.2 33.3 1.514 1.    0.
  19 1965  343 17511.  16.0 33.3 1.498 1.    0.
  19 1965  344 17479.  15.8 33.3 1.483 1.    0.
  19 1965  345 17449.  15.7 33.3 1.468 1.    0.
  19 1965  346 17419.  15.5 33.3 1.452 1.    0.
  19 1965  347 17391.  15.3 33.3 1.437 1.    0.
  19 1965  348 17364.  15.2 33.3 1.421 1.    0.
  19 1965  349 17338.  15.0 33.3 1.406 1.    0.
  19 1965  350 17347.  15.0 33.3 1.401 1.    0.
  19 1965  351 17358.  14.9 33.3 1.397 1.    0.
  19 1965  352 17369.  14.9 33.3 1.392 1.    0.
  19 1965  353 17382.  14.9 33.3 1.388 1.    0.
  19 1965  354 17396.  14.8 33.3 1.383 1.    0.
  19 1965  355 17411.  14.8 33.3 1.378 1.    0.
  19 1965  356 17427.  14.8 33.3 1.374 1.    0.
  19 1965  357 17445.  14.7 33.3 1.369 1.    0.
  19 1965  358 17464.  14.7 33.3 1.364 1.    0.
  19 1965  359 17484.  14.7 33.3 1.360 1.    0.
  19 1965  360 17505.  14.6 33.3 1.355 1.    0.
  19 1965  361 17527.  14.6 33.3 1.350 1.    0.
  19 1965  362 17551.  14.6 33.3 1.346 1.    0.
  19 1965  363 17575.  14.5 33.3 1.341 1.    0.
  19 1965  364 17601.  14.5 33.3 1.337 1.    0.
  19 1965  365 17628.  14.4 33.3 1.332 1.    0.
