*---------------------------------------------------------*
*   Country: Ghana
*   Station: Tafo
*      Year: 1978
*    Author: W. Gerritsma
*    Source: Cocoa Research Institute,
*            Annual Report 1978-1979
* Longitude: 000 22 W
*  Latitude: 06 15 N
* Elevation: 200 m.
*  WMO-code: -
*  Comments: Cocoa Research Institute Ghana
*            Interpolated daily values
*  Columns:
*  ========
*  station number
*  year
*  day
*  global radiation (kJ m-2 d-1)
*  minimum temperature (degrees Celsius)
*  maximum temperature (degrees Celsius)
*  vapour pressure (kPa)
*  mean wind speed (m s-1)
*  precipitation.rainy days (mm d-1.d)
*---------------------------------------------------------*
 359.63 6.25 200.0 0.0 0.0
  19 1978    1 13228.  21.3 33.0 2.230 1.    0.
  19 1978    2 13326.  21.2 33.0 2.234 1.    0.
  19 1978    3 13425.  21.2 33.1 2.238 1.    0.
  19 1978    4 13524.  21.2 33.2 2.242 1.    0.
  19 1978    5 13622.  21.2 33.3 2.245 1.    0.
  19 1978    6 13721.  21.2 33.4 2.249 1.    0.
  19 1978    7 13820.  21.2 33.5 2.253 1.    0.
  19 1978    8 13918.  21.2 33.6 2.256 1.    0.
  19 1978    9 14017.  21.2 33.7 2.260 1.    0.
  19 1978   10 14116.  21.2 33.8 2.264 1.    0.
  19 1978   11 14214.  21.1 33.9 2.267 1.    0.
  19 1978   12 14313.  21.1 34.0 2.271 1.    0.
  19 1978   13 14412.  21.1 34.1 2.275 1.    0.
  19 1978   14 14510.  21.1 34.2 2.278 1.    0.
  19 1978   15 14609.  21.1 34.3 2.282 1.    0.
  19 1978   16 14513.  21.1 34.3 2.276 1.    0.
  19 1978   17 14416.  21.1 34.2 2.271 1.    0.
  19 1978   18 14320.  21.1 34.2 2.265 1.    0.
  19 1978   19 14224.  21.2 34.1 2.260 1.    0.
  19 1978   20 14128.  21.2 34.1 2.254 1.    0.
  19 1978   21 14031.  21.2 34.0 2.249 1.    0.
  19 1978   22 13935.  21.2 34.0 2.243 1.    7.
  19 1978   23 13839.  21.2 34.0 2.237 1.    0.
  19 1978   24 13743.  21.3 33.9 2.232 1.    0.
  19 1978   25 13646.  21.3 33.9 2.226 1.    0.
  19 1978   26 13550.  21.3 33.8 2.221 1.    0.
  19 1978   27 13454.  21.3 33.8 2.215 1.    0.
  19 1978   28 13358.  21.3 33.7 2.210 1.    0.
  19 1978   29 13261.  21.3 33.7 2.204 1.    0.
  19 1978   30 13165.  21.4 33.7 2.198 1.    0.
  19 1978   31 13069.  21.4 33.6 2.193 1.    0.
  19 1978   32 12972.  21.4 33.6 2.187 1.    0.
  19 1978   33 12876.  21.4 33.5 2.182 1.   34.
  19 1978   34 12780.  21.4 33.5 2.176 1.    6.
  19 1978   35 12684.  21.4 33.4 2.171 1.    6.
  19 1978   36 12587.  21.5 33.4 2.165 1.   16.
  19 1978   37 12491.  21.5 33.3 2.160 1.    0.
  19 1978   38 12395.  21.5 33.3 2.154 1.    0.
  19 1978   39 12299.  21.5 33.3 2.148 1.    0.
  19 1978   40 12202.  21.5 33.2 2.143 1.    3.
  19 1978   41 12106.  21.5 33.2 2.137 1.    2.
  19 1978   42 12010.  21.6 33.1 2.132 1.    0.
  19 1978   43 11914.  21.6 33.1 2.126 1.    4.
  19 1978   44 11817.  21.6 33.0 2.121 1.    0.
  19 1978   45 11721.  21.6 33.0 2.115 1.    0.
  19 1978   46 11965.  21.6 33.0 2.113 1.    0.
  19 1978   47 12209.  21.6 33.0 2.111 1.    0.
  19 1978   48 12453.  21.6 32.9 2.109 1.    0.
  19 1978   49 12697.  21.5 32.9 2.107 1.    1.
  19 1978   50 12941.  21.5 32.9 2.104 1.    2.
  19 1978   51 13185.  21.5 32.9 2.102 1.    9.
  19 1978   52 13429.  21.5 32.8 2.100 1.    1.
  19 1978   53 13672.  21.5 32.8 2.098 1.    0.
  19 1978   54 13916.  21.5 32.8 2.096 1.    0.
  19 1978   55 14160.  21.5 32.8 2.094 1.    4.
  19 1978   56 14404.  21.4 32.7 2.092 1.    0.
  19 1978   57 14648.  21.4 32.7 2.090 1.    0.
  19 1978   58 14892.  21.4 32.7 2.088 1.    3.
  19 1978   59 15136.  21.4 32.7 2.086 1.    0.
  19 1978   60 15380.  21.4 32.6 2.083 1.    0.
  19 1978   61 15624.  21.4 32.6 2.081 1.    3.
  19 1978   62 15868.  21.4 32.6 2.079 1.    0.
  19 1978   63 16112.  21.4 32.6 2.077 1.    5.
  19 1978   64 16356.  21.3 32.5 2.075 1.   24.
  19 1978   65 16600.  21.3 32.5 2.073 1.    0.
  19 1978   66 16844.  21.3 32.5 2.071 1.    0.
  19 1978   67 17087.  21.3 32.5 2.069 1.    0.
  19 1978   68 17331.  21.3 32.4 2.067 1.    0.
  19 1978   69 17575.  21.3 32.4 2.065 1.    0.
  19 1978   70 17819.  21.3 32.4 2.062 1.   25.
  19 1978   71 18063.  21.2 32.4 2.060 1.    0.
  19 1978   72 18307.  21.2 32.3 2.058 1.    5.
  19 1978   73 18551.  21.2 32.3 2.056 1.    9.
  19 1978   74 18795.  21.2 32.3 2.054 1.    0.
  19 1978   75 18707.  21.2 32.3 2.056 1.    0.
  19 1978   76 18619.  21.2 32.3 2.059 1.    5.
  19 1978   77 18532.  21.2 32.2 2.061 1.   74.
  19 1978   78 18444.  21.2 32.2 2.063 1.    0.
  19 1978   79 18356.  21.2 32.2 2.066 1.   67.
  19 1978   80 18268.  21.2 32.2 2.068 1.    1.
  19 1978   81 18181.  21.2 32.1 2.070 1.    2.
  19 1978   82 18093.  21.2 32.1 2.073 1.    0.
  19 1978   83 18005.  21.2 32.1 2.075 1.   28.
  19 1978   84 17917.  21.2 32.1 2.078 1.   15.
  19 1978   85 17829.  21.2 32.1 2.080 1.   33.
  19 1978   86 17742.  21.2 32.0 2.082 1.    0.
  19 1978   87 17654.  21.2 32.0 2.085 1.    7.
  19 1978   88 17566.  21.2 32.0 2.087 1.    0.
  19 1978   89 17478.  21.2 32.0 2.089 1.    0.
  19 1978   90 17391.  21.3 31.9 2.092 1.    0.
  19 1978   91 17303.  21.3 31.9 2.094 1.    6.
  19 1978   92 17215.  21.3 31.9 2.096 1.   38.
  19 1978   93 17127.  21.3 31.9 2.099 1.    0.
  19 1978   94 17040.  21.3 31.8 2.101 1.    0.
  19 1978   95 16952.  21.3 31.8 2.103 1.    5.
  19 1978   96 16864.  21.3 31.8 2.106 1.    0.
  19 1978   97 16776.  21.3 31.8 2.108 1.    0.
  19 1978   98 16688.  21.3 31.8 2.111 1.    3.
  19 1978   99 16601.  21.3 31.7 2.113 1.   18.
  19 1978  100 16513.  21.3 31.7 2.115 1.    0.
  19 1978  101 16425.  21.3 31.7 2.118 1.    0.
  19 1978  102 16337.  21.3 31.7 2.120 1.    0.
  19 1978  103 16250.  21.3 31.6 2.122 1.    0.
  19 1978  104 16162.  21.3 31.6 2.125 1.    2.
  19 1978  105 16074.  21.3 31.6 2.127 1.    7.
  19 1978  106 16020.  21.3 31.6 2.127 1.    0.
  19 1978  107 15965.  21.3 31.6 2.128 1.    8.
  19 1978  108 15911.  21.4 31.6 2.128 1.    0.
  19 1978  109 15856.  21.4 31.6 2.129 1.   81.
  19 1978  110 15802.  21.4 31.6 2.129 1.    0.
  19 1978  111 15748.  21.4 31.6 2.130 1.    0.
  19 1978  112 15693.  21.4 31.6 2.130 1.    6.
  19 1978  113 15639.  21.5 31.5 2.131 1.    3.
  19 1978  114 15584.  21.5 31.5 2.131 1.   16.
  19 1978  115 15530.  21.5 31.5 2.132 1.    7.
  19 1978  116 15476.  21.5 31.5 2.132 1.    6.
  19 1978  117 15421.  21.5 31.5 2.133 1.    0.
  19 1978  118 15367.  21.6 31.5 2.133 1.    8.
  19 1978  119 15312.  21.6 31.5 2.134 1.    0.
  19 1978  120 15258.  21.6 31.5 2.134 1.   15.
  19 1978  121 15204.  21.6 31.5 2.134 1.    2.
  19 1978  122 15149.  21.6 31.5 2.135 1.    0.
  19 1978  123 15095.  21.7 31.5 2.135 1.    0.
  19 1978  124 15040.  21.7 31.5 2.136 1.    0.
  19 1978  125 14986.  21.7 31.5 2.136 1.    3.
  19 1978  126 14932.  21.7 31.5 2.137 1.    0.
  19 1978  127 14877.  21.7 31.5 2.137 1.    0.
  19 1978  128 14823.  21.8 31.4 2.138 1.    4.
  19 1978  129 14768.  21.8 31.4 2.138 1.    0.
  19 1978  130 14714.  21.8 31.4 2.139 1.   13.
  19 1978  131 14660.  21.8 31.4 2.139 1.    0.
  19 1978  132 14605.  21.8 31.4 2.140 1.    2.
  19 1978  133 14551.  21.9 31.4 2.140 1.    0.
  19 1978  134 14496.  21.9 31.4 2.141 1.    9.
  19 1978  135 14442.  21.9 31.4 2.141 1.   19.
  19 1978  136 14424.  22.0 31.3 2.154 1.    0.
  19 1978  137 14407.  22.1 31.3 2.168 1.    0.
  19 1978  138 14389.  22.1 31.2 2.181 1.   19.
  19 1978  139 14372.  22.2 31.2 2.194 1.    6.
  19 1978  140 14354.  22.3 31.1 2.208 1.    0.
  19 1978  141 14337.  22.4 31.1 2.221 1.    0.
  19 1978  142 14319.  22.5 31.0 2.234 1.    0.
  19 1978  143 14302.  22.5 31.0 2.248 1.    0.
  19 1978  144 14284.  22.6 30.9 2.261 1.    0.
  19 1978  145 14267.  22.7 30.9 2.275 1.    4.
  19 1978  146 14249.  22.8 30.8 2.288 1.    0.
  19 1978  147 14231.  22.9 30.7 2.301 1.    1.
  19 1978  148 14214.  22.9 30.7 2.315 1.    0.
  19 1978  149 14196.  23.0 30.6 2.328 1.    6.
  19 1978  150 14179.  23.1 30.6 2.341 1.   27.
  19 1978  151 14161.  23.2 30.5 2.355 1.    0.
  19 1978  152 14144.  23.3 30.5 2.368 1.   15.
  19 1978  153 14126.  23.4 30.4 2.381 1.    0.
  19 1978  154 14109.  23.4 30.4 2.395 1.    0.
  19 1978  155 14091.  23.5 30.3 2.408 1.    0.
  19 1978  156 14073.  23.6 30.2 2.421 1.    0.
  19 1978  157 14056.  23.7 30.2 2.435 1.    0.
  19 1978  158 14038.  23.8 30.1 2.448 1.   11.
  19 1978  159 14021.  23.8 30.1 2.462 1.   37.
  19 1978  160 14003.  23.9 30.0 2.475 1.    0.
  19 1978  161 13986.  24.0 30.0 2.488 1.    0.
  19 1978  162 13968.  24.1 29.9 2.502 1.   17.
  19 1978  163 13951.  24.2 29.9 2.515 1.    1.
  19 1978  164 13933.  24.2 29.8 2.528 1.    0.
  19 1978  165 13916.  24.3 29.8 2.542 1.   30.
  19 1978  166 13898.  24.4 29.7 2.555 1.   35.
  19 1978  167 13870.  24.2 29.7 2.533 1.    0.
  19 1978  168 13842.  24.1 29.6 2.511 1.    2.
  19 1978  169 13814.  23.9 29.6 2.490 1.    0.
  19 1978  170 13786.  23.7 29.5 2.468 1.    0.
  19 1978  171 13758.  23.6 29.5 2.446 1.    0.
  19 1978  172 13730.  23.4 29.4 2.424 1.   18.
  19 1978  173 13702.  23.3 29.4 2.402 1.    0.
  19 1978  174 13675.  23.1 29.3 2.381 1.    0.
  19 1978  175 13647.  22.9 29.3 2.359 1.   63.
  19 1978  176 13619.  22.8 29.2 2.337 1.    9.
  19 1978  177 13591.  22.6 29.2 2.315 1.    0.
  19 1978  178 13563.  22.4 29.1 2.293 1.    0.
  19 1978  179 13535.  22.3 29.1 2.272 1.    0.
  19 1978  180 13507.  22.1 29.0 2.250 1.   41.
  19 1978  181 13479.  21.9 29.0 2.228 1.    6.
  19 1978  182 13451.  21.8 29.0 2.206 1.    1.
  19 1978  183 13423.  21.6 28.9 2.184 1.    0.
  19 1978  184 13395.  21.5 28.9 2.163 1.    0.
  19 1978  185 13367.  21.3 28.8 2.141 1.    0.
  19 1978  186 13339.  21.1 28.8 2.119 1.    0.
  19 1978  187 13311.  21.0 28.7 2.097 1.    3.
  19 1978  188 13283.  20.8 28.7 2.075 1.    0.
  19 1978  189 13256.  20.6 28.6 2.054 1.    0.
  19 1978  190 13228.  20.5 28.6 2.032 1.    1.
  19 1978  191 13200.  20.3 28.5 2.010 1.   11.
  19 1978  192 13172.  20.2 28.5 1.988 1.    0.
  19 1978  193 13144.  20.0 28.4 1.966 1.    2.
  19 1978  194 13116.  19.8 28.4 1.945 1.    0.
  19 1978  195 13088.  19.7 28.3 1.923 1.    0.
  19 1978  196 13060.  19.5 28.3 1.901 1.    0.
  19 1978  197 13051.  19.5 28.3 1.908 1.    0.
  19 1978  198 13041.  19.6 28.3 1.914 1.    0.
  19 1978  199 13032.  19.6 28.4 1.921 1.    0.
  19 1978  200 13022.  19.7 28.4 1.927 1.    0.
  19 1978  201 13013.  19.7 28.4 1.934 1.    0.
  19 1978  202 13003.  19.8 28.4 1.940 1.    0.
  19 1978  203 12994.  19.8 28.4 1.947 1.    1.
  19 1978  204 12984.  19.9 28.5 1.954 1.    0.
  19 1978  205 12975.  19.9 28.5 1.960 1.    3.
  19 1978  206 12965.  20.0 28.5 1.967 1.    0.
  19 1978  207 12956.  20.0 28.5 1.973 1.    0.
  19 1978  208 12947.  20.0 28.5 1.980 1.   14.
  19 1978  209 12937.  20.1 28.6 1.987 1.    0.
  19 1978  210 12928.  20.1 28.6 1.993 1.    0.
  19 1978  211 12918.  20.2 28.6 2.000 1.    0.
  19 1978  212 12909.  20.2 28.6 2.006 1.    0.
  19 1978  213 12899.  20.3 28.6 2.013 1.    0.
  19 1978  214 12890.  20.3 28.6 2.019 1.    0.
  19 1978  215 12880.  20.4 28.7 2.026 1.    9.
  19 1978  216 12871.  20.4 28.7 2.033 1.    0.
  19 1978  217 12862.  20.4 28.7 2.039 1.    0.
  19 1978  218 12852.  20.5 28.7 2.046 1.    0.
  19 1978  219 12843.  20.5 28.7 2.052 1.    0.
  19 1978  220 12833.  20.6 28.8 2.059 1.    0.
  19 1978  221 12824.  20.6 28.8 2.066 1.    0.
  19 1978  222 12814.  20.7 28.8 2.072 1.    0.
  19 1978  223 12805.  20.7 28.8 2.079 1.    0.
  19 1978  224 12795.  20.8 28.8 2.085 1.    0.
  19 1978  225 12786.  20.8 28.9 2.092 1.    6.
  19 1978  226 12776.  20.9 28.9 2.098 1.    0.
  19 1978  227 12767.  20.9 28.9 2.105 1.    0.
  19 1978  228 12755.  20.9 28.9 2.106 1.    0.
  19 1978  229 12743.  20.9 28.9 2.108 1.    0.
  19 1978  230 12731.  20.9 28.9 2.109 1.    0.
  19 1978  231 12718.  21.0 28.9 2.110 1.    0.
  19 1978  232 12706.  21.0 28.9 2.111 1.    0.
  19 1978  233 12694.  21.0 29.0 2.113 1.    0.
  19 1978  234 12682.  21.0 29.0 2.114 1.    0.
  19 1978  235 12670.  21.0 29.0 2.115 1.    0.
  19 1978  236 12658.  21.0 29.0 2.117 1.    4.
  19 1978  237 12646.  21.0 29.0 2.118 1.    0.
  19 1978  238 12634.  21.0 29.0 2.119 1.    0.
  19 1978  239 12621.  21.1 29.0 2.120 1.    0.
  19 1978  240 12609.  21.1 29.0 2.122 1.    0.
  19 1978  241 12597.  21.1 29.0 2.123 1.    2.
  19 1978  242 12585.  21.1 29.0 2.124 1.   19.
  19 1978  243 12573.  21.1 29.1 2.126 1.    0.
  19 1978  244 12561.  21.1 29.1 2.127 1.    1.
  19 1978  245 12549.  21.1 29.1 2.128 1.    0.
  19 1978  246 12537.  21.1 29.1 2.130 1.    1.
  19 1978  247 12524.  21.2 29.1 2.131 1.    5.
  19 1978  248 12512.  21.2 29.1 2.132 1.    7.
  19 1978  249 12500.  21.2 29.1 2.133 1.    0.
  19 1978  250 12488.  21.2 29.1 2.135 1.    2.
  19 1978  251 12476.  21.2 29.1 2.136 1.    0.
  19 1978  252 12464.  21.2 29.1 2.137 1.    0.
  19 1978  253 12452.  21.2 29.2 2.139 1.    0.
  19 1978  254 12440.  21.2 29.2 2.140 1.    3.
  19 1978  255 12427.  21.3 29.2 2.141 1.    1.
  19 1978  256 12415.  21.3 29.2 2.142 1.    1.
  19 1978  257 12403.  21.3 29.2 2.144 1.   12.
  19 1978  258 12391.  21.3 29.2 2.145 1.   38.
  19 1978  259 12268.  21.3 29.3 2.142 1.    4.
  19 1978  260 12145.  21.3 29.3 2.140 1.   10.
  19 1978  261 12023.  21.3 29.4 2.137 1.   15.
  19 1978  262 11900.  21.3 29.5 2.135 1.    0.
  19 1978  263 11777.  21.3 29.5 2.132 1.    3.
  19 1978  264 11654.  21.3 29.6 2.130 1.    0.
  19 1978  265 11531.  21.3 29.6 2.127 1.    0.
  19 1978  266 11409.  21.2 29.7 2.125 1.   11.
  19 1978  267 11286.  21.2 29.8 2.122 1.   30.
  19 1978  268 11163.  21.2 29.8 2.120 1.    0.
  19 1978  269 11040.  21.2 29.9 2.117 1.    8.
  19 1978  270 10917.  21.2 30.0 2.115 1.    0.
  19 1978  271 10795.  21.2 30.0 2.112 1.    0.
  19 1978  272 10672.  21.2 30.1 2.110 1.    0.
  19 1978  273 10549.  21.2 30.1 2.107 1.    0.
  19 1978  274 10426.  21.2 30.2 2.104 1.    5.
  19 1978  275 10303.  21.2 30.3 2.102 1.   18.
  19 1978  276 10181.  21.2 30.3 2.099 1.   12.
  19 1978  277 10058.  21.2 30.4 2.097 1.    0.
  19 1978  278  9935.  21.2 30.5 2.094 1.   31.
  19 1978  279  9812.  21.2 30.5 2.092 1.    0.
  19 1978  280  9689.  21.2 30.6 2.089 1.   19.
  19 1978  281  9567.  21.1 30.7 2.087 1.    5.
  19 1978  282  9444.  21.1 30.7 2.084 1.    5.
  19 1978  283  9321.  21.1 30.8 2.082 1.    0.
  19 1978  284  9198.  21.1 30.8 2.079 1.    4.
  19 1978  285  9075.  21.1 30.9 2.077 1.    2.
  19 1978  286  8953.  21.1 31.0 2.074 1.   19.
  19 1978  287  8830.  21.1 31.0 2.072 1.   15.
  19 1978  288  8707.  21.1 31.1 2.069 1.   16.
  19 1978  289  8783.  21.1 31.1 2.067 1.   46.
  19 1978  290  8858.  21.1 31.2 2.065 1.    0.
  19 1978  291  8934.  21.1 31.2 2.062 1.    9.
  19 1978  292  9009.  21.1 31.2 2.060 1.    1.
  19 1978  293  9085.  21.1 31.2 2.058 1.   19.
  19 1978  294  9161.  21.1 31.3 2.056 1.    2.
  19 1978  295  9236.  21.1 31.3 2.054 1.   10.
  19 1978  296  9312.  21.1 31.3 2.051 1.    4.
  19 1978  297  9388.  21.1 31.4 2.049 1.    8.
  19 1978  298  9463.  21.1 31.4 2.047 1.    1.
  19 1978  299  9539.  21.1 31.4 2.045 1.   21.
  19 1978  300  9614.  21.1 31.4 2.043 1.    0.
  19 1978  301  9690.  21.1 31.5 2.040 1.    0.
  19 1978  302  9766.  21.1 31.5 2.038 1.    0.
  19 1978  303  9841.  21.1 31.5 2.036 1.    0.
  19 1978  304  9917.  21.2 31.6 2.034 1.   30.
  19 1978  305  9992.  21.2 31.6 2.032 1.    0.
  19 1978  306 10068.  21.2 31.6 2.030 1.    0.
  19 1978  307 10144.  21.2 31.7 2.027 1.   10.
  19 1978  308 10219.  21.2 31.7 2.025 1.    0.
  19 1978  309 10295.  21.2 31.7 2.023 1.    0.
  19 1978  310 10370.  21.2 31.7 2.021 1.    0.
  19 1978  311 10446.  21.2 31.8 2.019 1.    0.
  19 1978  312 10522.  21.2 31.8 2.016 1.    0.
  19 1978  313 10597.  21.2 31.8 2.014 1.    0.
  19 1978  314 10673.  21.2 31.9 2.012 1.    0.
  19 1978  315 10749.  21.2 31.9 2.010 1.    3.
  19 1978  316 10824.  21.2 31.9 2.008 1.    0.
  19 1978  317 10900.  21.2 31.9 2.005 1.    2.
  19 1978  318 10975.  21.2 32.0 2.003 1.    0.
  19 1978  319 11051.  21.2 32.0 2.001 1.    0.
  19 1978  320 11077.  21.2 32.0 2.007 1.    0.
  19 1978  321 11104.  21.2 32.0 2.013 1.    0.
  19 1978  322 11131.  21.2 32.0 2.019 1.    0.
  19 1978  323 11157.  21.2 31.9 2.025 1.    4.
  19 1978  324 11183.  21.2 31.9 2.031 1.    0.
  19 1978  325 11210.  21.2 31.9 2.037 1.    0.
  19 1978  326 11237.  21.2 31.9 2.043 1.    0.
  19 1978  327 11263.  21.3 31.9 2.048 1.    0.
  19 1978  328 11289.  21.3 31.9 2.054 1.    0.
  19 1978  329 11316.  21.3 31.9 2.060 1.    0.
  19 1978  330 11343.  21.3 31.9 2.066 1.    0.
  19 1978  331 11369.  21.3 31.8 2.072 1.    1.
  19 1978  332 11395.  21.3 31.8 2.078 1.    0.
  19 1978  333 11422.  21.3 31.8 2.084 1.    0.
  19 1978  334 11449.  21.3 31.8 2.090 1.    0.
  19 1978  335 11475.  21.3 31.8 2.096 1.    0.
  19 1978  336 11502.  21.3 31.8 2.102 1.    0.
  19 1978  337 11528.  21.3 31.8 2.108 1.    0.
  19 1978  338 11555.  21.3 31.7 2.114 1.    0.
  19 1978  339 11581.  21.3 31.7 2.120 1.   19.
  19 1978  340 11608.  21.3 31.7 2.126 1.    0.
  19 1978  341 11634.  21.3 31.7 2.132 1.    0.
  19 1978  342 11661.  21.4 31.7 2.137 1.    0.
  19 1978  343 11687.  21.4 31.7 2.143 1.   11.
  19 1978  344 11714.  21.4 31.7 2.149 1.    0.
  19 1978  345 11740.  21.4 31.7 2.155 1.    0.
  19 1978  346 11767.  21.4 31.6 2.161 1.    0.
  19 1978  347 11793.  21.4 31.6 2.167 1.    1.
  19 1978  348 11820.  21.4 31.6 2.173 1.    0.
  19 1978  349 11846.  21.4 31.6 2.179 1.   34.
  19 1978  350 11932.  21.4 31.7 2.182 1.    6.
  19 1978  351 12019.  21.4 31.8 2.185 1.   34.
  19 1978  352 12105.  21.4 31.9 2.189 1.    0.
  19 1978  353 12191.  21.4 31.9 2.192 1.    0.
  19 1978  354 12278.  21.4 32.0 2.195 1.    0.
  19 1978  355 12364.  21.3 32.1 2.198 1.   13.
  19 1978  356 12450.  21.3 32.2 2.202 1.    0.
  19 1978  357 12537.  21.3 32.3 2.205 1.    0.
  19 1978  358 12623.  21.3 32.4 2.208 1.    0.
  19 1978  359 12709.  21.3 32.4 2.211 1.    0.
  19 1978  360 12796.  21.3 32.5 2.214 1.    0.
  19 1978  361 12882.  21.3 32.6 2.218 1.    0.
  19 1978  362 12968.  21.3 32.7 2.221 1.    0.
  19 1978  363 13055.  21.3 32.8 2.224 1.    0.
  19 1978  364 13141.  21.3 32.9 2.227 1.    0.
  19 1978  365 13228.  21.3 33.0 2.230 1.    0.
