*---------------------------------------------------------*
*   Country: Ghana
*   Station: Tafo
*      Year: 1977
*    Author: W. Gerritsma
*    Source: Cocoa Research Institute,
*            Annual Report 1977-1978
* Longitude: 000 22 W
*  Latitude: 06 15 N
* Elevation: 200 m.
*  WMO-code: -
*  Comments: Cocoa Research Institute Ghana
*            Interpolated daily values
*  Columns:
*  ========
*  station number
*  year
*  day
*  global radiation (kJ m-2 d-1)
*  minimum temperature (degrees Celsius)
*  maximum temperature (degrees Celsius)
*  vapour pressure (kPa)
*  mean wind speed (m s-1)
*  precipitation.rainy days (mm d-1.d)
*---------------------------------------------------------*
 359.63 6.25 200.0 0.0 0.0
  19 1977    1 14107.  20.1 31.6 1.993 1.    0.
  19 1977    2 14068.  20.2 31.6 1.995 1.    0.
  19 1977    3 14029.  20.2 31.7 1.998 1.    0.
  19 1977    4 13990.  20.2 31.7 2.001 1.    6.
  19 1977    5 13952.  20.3 31.7 2.004 1.    0.
  19 1977    6 13913.  20.3 31.8 2.007 1.    0.
  19 1977    7 13874.  20.3 31.8 2.009 1.    0.
  19 1977    8 13835.  20.3 31.8 2.012 1.    0.
  19 1977    9 13796.  20.4 31.9 2.015 1.    0.
  19 1977   10 13757.  20.4 31.9 2.018 1.    0.
  19 1977   11 13718.  20.4 32.0 2.021 1.    0.
  19 1977   12 13680.  20.4 32.0 2.024 1.    0.
  19 1977   13 13641.  20.5 32.0 2.026 1.    0.
  19 1977   14 13602.  20.5 32.1 2.029 1.    0.
  19 1977   15 13563.  20.5 32.1 2.032 1.    0.
  19 1977   16 13620.  20.5 32.1 2.035 1.    0.
  19 1977   17 13677.  20.5 32.1 2.038 1.    0.
  19 1977   18 13735.  20.5 32.2 2.040 1.    0.
  19 1977   19 13792.  20.6 32.2 2.043 1.    2.
  19 1977   20 13849.  20.6 32.2 2.046 1.   14.
  19 1977   21 13906.  20.6 32.2 2.049 1.    0.
  19 1977   22 13963.  20.6 32.2 2.052 1.    0.
  19 1977   23 14021.  20.6 32.3 2.054 1.    0.
  19 1977   24 14078.  20.6 32.3 2.057 1.   29.
  19 1977   25 14135.  20.7 32.3 2.060 1.    0.
  19 1977   26 14192.  20.7 32.3 2.063 1.    0.
  19 1977   27 14249.  20.7 32.3 2.066 1.    0.
  19 1977   28 14307.  20.7 32.4 2.068 1.    1.
  19 1977   29 14364.  20.7 32.4 2.071 1.    0.
  19 1977   30 14421.  20.8 32.4 2.074 1.    0.
  19 1977   31 14478.  20.8 32.4 2.077 1.    0.
  19 1977   32 14535.  20.8 32.4 2.080 1.    0.
  19 1977   33 14593.  20.8 32.5 2.082 1.   35.
  19 1977   34 14650.  20.8 32.5 2.085 1.    2.
  19 1977   35 14707.  20.8 32.5 2.088 1.    0.
  19 1977   36 14764.  20.9 32.5 2.091 1.    0.
  19 1977   37 14821.  20.9 32.5 2.094 1.    0.
  19 1977   38 14879.  20.9 32.6 2.096 1.   17.
  19 1977   39 14936.  20.9 32.6 2.099 1.    0.
  19 1977   40 14993.  20.9 32.6 2.102 1.    0.
  19 1977   41 15050.  20.9 32.6 2.105 1.   13.
  19 1977   42 15107.  21.0 32.6 2.108 1.    4.
  19 1977   43 15165.  21.0 32.7 2.110 1.    0.
  19 1977   44 15222.  21.0 32.7 2.113 1.    4.
  19 1977   45 15279.  21.0 32.7 2.116 1.    0.
  19 1977   46 15191.  21.0 32.7 2.113 1.    0.
  19 1977   47 15103.  21.0 32.7 2.109 1.    0.
  19 1977   48 15015.  21.0 32.6 2.106 1.    0.
  19 1977   49 14927.  21.0 32.6 2.103 1.    0.
  19 1977   50 14839.  21.0 32.6 2.099 1.    0.
  19 1977   51 14751.  21.0 32.6 2.096 1.    0.
  19 1977   52 14663.  21.0 32.6 2.093 1.    0.
  19 1977   53 14574.  21.0 32.5 2.089 1.    3.
  19 1977   54 14486.  21.0 32.5 2.086 1.    0.
  19 1977   55 14398.  21.0 32.5 2.083 1.    0.
  19 1977   56 14310.  21.0 32.5 2.079 1.    0.
  19 1977   57 14222.  21.0 32.5 2.076 1.    0.
  19 1977   58 14134.  21.0 32.4 2.073 1.    0.
  19 1977   59 14046.  21.0 32.4 2.069 1.    0.
  19 1977   60 13958.  21.1 32.4 2.066 1.    0.
  19 1977   61 13870.  21.1 32.4 2.062 1.   57.
  19 1977   62 13782.  21.1 32.3 2.059 1.    0.
  19 1977   63 13694.  21.1 32.3 2.056 1.   21.
  19 1977   64 13606.  21.1 32.3 2.052 1.    0.
  19 1977   65 13518.  21.1 32.3 2.049 1.    5.
  19 1977   66 13430.  21.1 32.3 2.046 1.    0.
  19 1977   67 13341.  21.1 32.2 2.042 1.    0.
  19 1977   68 13253.  21.1 32.2 2.039 1.   22.
  19 1977   69 13165.  21.1 32.2 2.036 1.    0.
  19 1977   70 13077.  21.1 32.2 2.032 1.    0.
  19 1977   71 12989.  21.1 32.2 2.029 1.    0.
  19 1977   72 12901.  21.1 32.1 2.026 1.    0.
  19 1977   73 12813.  21.1 32.1 2.022 1.    3.
  19 1977   74 12725.  21.1 32.1 2.019 1.    0.
  19 1977   75 12811.  21.1 32.1 2.020 1.    3.
  19 1977   76 12898.  21.2 32.1 2.021 1.    0.
  19 1977   77 12984.  21.2 32.2 2.022 1.    0.
  19 1977   78 13071.  21.2 32.2 2.023 1.    5.
  19 1977   79 13157.  21.2 32.2 2.024 1.    0.
  19 1977   80 13244.  21.3 32.2 2.025 1.    0.
  19 1977   81 13330.  21.3 32.3 2.026 1.    0.
  19 1977   82 13416.  21.3 32.3 2.028 1.    0.
  19 1977   83 13503.  21.3 32.3 2.029 1.    0.
  19 1977   84 13589.  21.4 32.3 2.030 1.    8.
  19 1977   85 13676.  21.4 32.3 2.031 1.    0.
  19 1977   86 13762.  21.4 32.4 2.032 1.    0.
  19 1977   87 13848.  21.4 32.4 2.033 1.    0.
  19 1977   88 13935.  21.5 32.4 2.034 1.    0.
  19 1977   89 14021.  21.5 32.4 2.035 1.    0.
  19 1977   90 14108.  21.5 32.5 2.036 1.    0.
  19 1977   91 14194.  21.5 32.5 2.037 1.    0.
  19 1977   92 14281.  21.6 32.5 2.038 1.    0.
  19 1977   93 14367.  21.6 32.5 2.039 1.    0.
  19 1977   94 14453.  21.6 32.6 2.040 1.   14.
  19 1977   95 14540.  21.6 32.6 2.041 1.    0.
  19 1977   96 14626.  21.7 32.6 2.042 1.    1.
  19 1977   97 14713.  21.7 32.6 2.043 1.    0.
  19 1977   98 14799.  21.7 32.6 2.045 1.    0.
  19 1977   99 14885.  21.7 32.7 2.046 1.    6.
  19 1977  100 14972.  21.8 32.7 2.047 1.    0.
  19 1977  101 15058.  21.8 32.7 2.048 1.    0.
  19 1977  102 15145.  21.8 32.7 2.049 1.    0.
  19 1977  103 15231.  21.8 32.8 2.050 1.    4.
  19 1977  104 15318.  21.9 32.8 2.051 1.    1.
  19 1977  105 15404.  21.9 32.8 2.052 1.    0.
  19 1977  106 15403.  21.9 32.8 2.052 1.    0.
  19 1977  107 15401.  21.9 32.7 2.053 1.    0.
  19 1977  108 15400.  21.9 32.7 2.053 1.    0.
  19 1977  109 15399.  21.8 32.6 2.053 1.    0.
  19 1977  110 15397.  21.8 32.6 2.054 1.    1.
  19 1977  111 15396.  21.8 32.6 2.054 1.    0.
  19 1977  112 15394.  21.8 32.5 2.054 1.    0.
  19 1977  113 15393.  21.8 32.5 2.054 1.    0.
  19 1977  114 15392.  21.8 32.4 2.055 1.    0.
  19 1977  115 15390.  21.7 32.4 2.055 1.    0.
  19 1977  116 15389.  21.7 32.4 2.055 1.    1.
  19 1977  117 15388.  21.7 32.3 2.056 1.    6.
  19 1977  118 15386.  21.7 32.3 2.056 1.    0.
  19 1977  119 15385.  21.7 32.2 2.056 1.    1.
  19 1977  120 15384.  21.6 32.2 2.057 1.    0.
  19 1977  121 15382.  21.6 32.2 2.057 1.   47.
  19 1977  122 15381.  21.6 32.1 2.057 1.    0.
  19 1977  123 15379.  21.6 32.1 2.057 1.    0.
  19 1977  124 15378.  21.6 32.0 2.058 1.    0.
  19 1977  125 15377.  21.6 32.0 2.058 1.    0.
  19 1977  126 15375.  21.5 32.0 2.058 1.    0.
  19 1977  127 15374.  21.5 31.9 2.059 1.    0.
  19 1977  128 15373.  21.5 31.9 2.059 1.    0.
  19 1977  129 15371.  21.5 31.8 2.059 1.    0.
  19 1977  130 15370.  21.5 31.8 2.060 1.    0.
  19 1977  131 15368.  21.5 31.8 2.060 1.    3.
  19 1977  132 15367.  21.4 31.7 2.060 1.    1.
  19 1977  133 15366.  21.4 31.7 2.060 1.    2.
  19 1977  134 15364.  21.4 31.6 2.061 1.   59.
  19 1977  135 15363.  21.4 31.6 2.061 1.   13.
  19 1977  136 15293.  21.4 31.5 2.067 1.    8.
  19 1977  137 15223.  21.4 31.5 2.073 1.    0.
  19 1977  138 15152.  21.5 31.4 2.079 1.    0.
  19 1977  139 15082.  21.5 31.4 2.085 1.    2.
  19 1977  140 15012.  21.5 31.3 2.091 1.    4.
  19 1977  141 14942.  21.5 31.3 2.097 1.    0.
  19 1977  142 14871.  21.5 31.2 2.103 1.   13.
  19 1977  143 14801.  21.6 31.2 2.110 1.    0.
  19 1977  144 14731.  21.6 31.1 2.116 1.    0.
  19 1977  145 14661.  21.6 31.1 2.122 1.    0.
  19 1977  146 14591.  21.6 31.0 2.128 1.    0.
  19 1977  147 14520.  21.6 30.9 2.134 1.   11.
  19 1977  148 14450.  21.7 30.9 2.140 1.    0.
  19 1977  149 14380.  21.7 30.8 2.146 1.    1.
  19 1977  150 14310.  21.7 30.8 2.152 1.   24.
  19 1977  151 14239.  21.7 30.7 2.158 1.    3.
  19 1977  152 14169.  21.7 30.7 2.164 1.   62.
  19 1977  153 14099.  21.7 30.6 2.170 1.    0.
  19 1977  154 14029.  21.8 30.6 2.176 1.    0.
  19 1977  155 13958.  21.8 30.5 2.182 1.    2.
  19 1977  156 13888.  21.8 30.4 2.188 1.    0.
  19 1977  157 13818.  21.8 30.4 2.194 1.   17.
  19 1977  158 13748.  21.8 30.3 2.200 1.    0.
  19 1977  159 13678.  21.9 30.3 2.207 1.    9.
  19 1977  160 13607.  21.9 30.2 2.213 1.    1.
  19 1977  161 13537.  21.9 30.2 2.219 1.    0.
  19 1977  162 13467.  21.9 30.1 2.225 1.    4.
  19 1977  163 13397.  21.9 30.1 2.231 1.    0.
  19 1977  164 13326.  22.0 30.0 2.237 1.    0.
  19 1977  165 13256.  22.0 30.0 2.243 1.    0.
  19 1977  166 13186.  22.0 29.9 2.249 1.    1.
  19 1977  167 13119.  22.0 29.8 2.249 1.    6.
  19 1977  168 13052.  22.0 29.8 2.248 1.    0.
  19 1977  169 12985.  22.0 29.7 2.248 1.   30.
  19 1977  170 12918.  22.0 29.7 2.247 1.    3.
  19 1977  171 12851.  22.0 29.6 2.247 1.   12.
  19 1977  172 12784.  21.9 29.5 2.247 1.    0.
  19 1977  173 12717.  21.9 29.5 2.246 1.    0.
  19 1977  174 12650.  21.9 29.4 2.246 1.   25.
  19 1977  175 12583.  21.9 29.4 2.245 1.    0.
  19 1977  176 12516.  21.9 29.3 2.245 1.    0.
  19 1977  177 12449.  21.9 29.2 2.245 1.    2.
  19 1977  178 12382.  21.9 29.2 2.244 1.    0.
  19 1977  179 12315.  21.9 29.1 2.244 1.    0.
  19 1977  180 12248.  21.9 29.1 2.243 1.    7.
  19 1977  181 12182.  21.9 29.0 2.243 1.    2.
  19 1977  182 12115.  21.8 28.9 2.243 1.    0.
  19 1977  183 12048.  21.8 28.9 2.242 1.    0.
  19 1977  184 11981.  21.8 28.8 2.242 1.    8.
  19 1977  185 11914.  21.8 28.8 2.241 1.    0.
  19 1977  186 11847.  21.8 28.7 2.241 1.    0.
  19 1977  187 11780.  21.8 28.6 2.241 1.    4.
  19 1977  188 11713.  21.8 28.6 2.240 1.    0.
  19 1977  189 11646.  21.8 28.5 2.240 1.    0.
  19 1977  190 11579.  21.8 28.5 2.239 1.    0.
  19 1977  191 11512.  21.8 28.4 2.239 1.    0.
  19 1977  192 11445.  21.7 28.3 2.239 1.    0.
  19 1977  193 11378.  21.7 28.3 2.238 1.    1.
  19 1977  194 11311.  21.7 28.2 2.238 1.    0.
  19 1977  195 11244.  21.7 28.2 2.237 1.    5.
  19 1977  196 11177.  21.7 28.1 2.237 1.    4.
  19 1977  197 11186.  21.7 28.1 2.235 1.    1.
  19 1977  198 11196.  21.7 28.1 2.232 1.    0.
  19 1977  199 11205.  21.7 28.1 2.230 1.    0.
  19 1977  200 11215.  21.6 28.0 2.228 1.    0.
  19 1977  201 11224.  21.6 28.0 2.225 1.    0.
  19 1977  202 11234.  21.6 28.0 2.223 1.    0.
  19 1977  203 11243.  21.6 28.0 2.221 1.    7.
  19 1977  204 11253.  21.6 28.0 2.218 1.    0.
  19 1977  205 11262.  21.6 28.0 2.216 1.   11.
  19 1977  206 11272.  21.6 28.0 2.214 1.    1.
  19 1977  207 11281.  21.6 28.0 2.211 1.    0.
  19 1977  208 11290.  21.5 27.9 2.209 1.    0.
  19 1977  209 11300.  21.5 27.9 2.207 1.    0.
  19 1977  210 11309.  21.5 27.9 2.204 1.    0.
  19 1977  211 11319.  21.5 27.9 2.202 1.    0.
  19 1977  212 11328.  21.5 27.9 2.200 1.    0.
  19 1977  213 11338.  21.5 27.9 2.198 1.    0.
  19 1977  214 11347.  21.5 27.9 2.195 1.    0.
  19 1977  215 11357.  21.5 27.9 2.193 1.    0.
  19 1977  216 11366.  21.4 27.8 2.191 1.    0.
  19 1977  217 11375.  21.4 27.8 2.188 1.    0.
  19 1977  218 11385.  21.4 27.8 2.186 1.    0.
  19 1977  219 11394.  21.4 27.8 2.184 1.    0.
  19 1977  220 11404.  21.4 27.8 2.181 1.    4.
  19 1977  221 11413.  21.4 27.8 2.179 1.    0.
  19 1977  222 11423.  21.4 27.8 2.177 1.    1.
  19 1977  223 11432.  21.4 27.8 2.174 1.    0.
  19 1977  224 11442.  21.3 27.7 2.172 1.    0.
  19 1977  225 11451.  21.3 27.7 2.170 1.    0.
  19 1977  226 11461.  21.3 27.7 2.167 1.    0.
  19 1977  227 11470.  21.3 27.7 2.165 1.    0.
  19 1977  228 11548.  21.3 27.7 2.170 1.    4.
  19 1977  229 11627.  21.4 27.8 2.174 1.    0.
  19 1977  230 11705.  21.4 27.8 2.179 1.    0.
  19 1977  231 11783.  21.4 27.9 2.184 1.    0.
  19 1977  232 11862.  21.4 27.9 2.189 1.    1.
  19 1977  233 11940.  21.5 28.0 2.193 1.    1.
  19 1977  234 12018.  21.5 28.0 2.198 1.    0.
  19 1977  235 12097.  21.5 28.1 2.203 1.    0.
  19 1977  236 12175.  21.6 28.1 2.208 1.    0.
  19 1977  237 12253.  21.6 28.2 2.212 1.    0.
  19 1977  238 12332.  21.6 28.2 2.217 1.    0.
  19 1977  239 12410.  21.6 28.3 2.222 1.    8.
  19 1977  240 12488.  21.7 28.3 2.227 1.    2.
  19 1977  241 12567.  21.7 28.4 2.231 1.    1.
  19 1977  242 12645.  21.7 28.4 2.236 1.    0.
  19 1977  243 12723.  21.8 28.5 2.241 1.    0.
  19 1977  244 12801.  21.8 28.5 2.246 1.    0.
  19 1977  245 12880.  21.8 28.6 2.250 1.    4.
  19 1977  246 12958.  21.9 28.6 2.255 1.    0.
  19 1977  247 13036.  21.9 28.7 2.260 1.    4.
  19 1977  248 13115.  21.9 28.7 2.265 1.    0.
  19 1977  249 13193.  21.9 28.8 2.269 1.   34.
  19 1977  250 13271.  22.0 28.8 2.274 1.   21.
  19 1977  251 13350.  22.0 28.9 2.279 1.    0.
  19 1977  252 13428.  22.0 28.9 2.284 1.    0.
  19 1977  253 13506.  22.1 29.0 2.288 1.    3.
  19 1977  254 13585.  22.1 29.0 2.293 1.    1.
  19 1977  255 13663.  22.1 29.1 2.298 1.   16.
  19 1977  256 13741.  22.1 29.1 2.303 1.    0.
  19 1977  257 13820.  22.2 29.2 2.307 1.    1.
  19 1977  258 13898.  22.2 29.2 2.312 1.    0.
  19 1977  259 13980.  22.2 29.3 2.308 1.   46.
  19 1977  260 14063.  22.2 29.4 2.304 1.   16.
  19 1977  261 14145.  22.2 29.5 2.300 1.    0.
  19 1977  262 14227.  22.2 29.6 2.296 1.   13.
  19 1977  263 14310.  22.2 29.7 2.292 1.    0.
  19 1977  264 14392.  22.2 29.8 2.288 1.    0.
  19 1977  265 14474.  22.2 29.9 2.284 1.    3.
  19 1977  266 14556.  22.2 29.9 2.281 1.    0.
  19 1977  267 14639.  22.2 30.0 2.277 1.   10.
  19 1977  268 14721.  22.2 30.1 2.273 1.   11.
  19 1977  269 14803.  22.2 30.2 2.269 1.    3.
  19 1977  270 14886.  22.2 30.3 2.265 1.    0.
  19 1977  271 14968.  22.2 30.4 2.261 1.   13.
  19 1977  272 15050.  22.2 30.5 2.257 1.    0.
  19 1977  273 15133.  22.2 30.6 2.253 1.    0.
  19 1977  274 15215.  22.2 30.7 2.249 1.    3.
  19 1977  275 15297.  22.2 30.8 2.245 1.    0.
  19 1977  276 15379.  22.2 30.9 2.241 1.   10.
  19 1977  277 15462.  22.2 31.0 2.237 1.   38.
  19 1977  278 15544.  22.2 31.1 2.233 1.    1.
  19 1977  279 15626.  22.2 31.2 2.229 1.    0.
  19 1977  280 15709.  22.2 31.3 2.225 1.    7.
  19 1977  281 15791.  22.2 31.3 2.222 1.   13.
  19 1977  282 15873.  22.2 31.4 2.218 1.   25.
  19 1977  283 15956.  22.2 31.5 2.214 1.    5.
  19 1977  284 16038.  22.2 31.6 2.210 1.    2.
  19 1977  285 16120.  22.2 31.7 2.206 1.    0.
  19 1977  286 16202.  22.2 31.8 2.202 1.   11.
  19 1977  287 16285.  22.2 31.9 2.198 1.    0.
  19 1977  288 16367.  22.2 32.0 2.194 1.    0.
  19 1977  289 16401.  22.2 32.0 2.188 1.    0.
  19 1977  290 16435.  22.1 32.0 2.182 1.    0.
  19 1977  291 16468.  22.1 32.0 2.176 1.   25.
  19 1977  292 16502.  22.1 32.0 2.169 1.    0.
  19 1977  293 16536.  22.1 32.0 2.163 1.   23.
  19 1977  294 16570.  22.0 32.1 2.157 1.    0.
  19 1977  295 16603.  22.0 32.1 2.151 1.    0.
  19 1977  296 16637.  22.0 32.1 2.145 1.    4.
  19 1977  297 16671.  22.0 32.1 2.139 1.    0.
  19 1977  298 16705.  21.9 32.1 2.132 1.   12.
  19 1977  299 16739.  21.9 32.1 2.126 1.    0.
  19 1977  300 16772.  21.9 32.1 2.120 1.    0.
  19 1977  301 16806.  21.9 32.1 2.114 1.    0.
  19 1977  302 16840.  21.8 32.1 2.108 1.    0.
  19 1977  303 16874.  21.8 32.1 2.102 1.    4.
  19 1977  304 16907.  21.8 32.2 2.095 1.    0.
  19 1977  305 16941.  21.8 32.2 2.089 1.    0.
  19 1977  306 16975.  21.7 32.2 2.083 1.    0.
  19 1977  307 17009.  21.7 32.2 2.077 1.    0.
  19 1977  308 17042.  21.7 32.2 2.071 1.    0.
  19 1977  309 17076.  21.7 32.2 2.065 1.    4.
  19 1977  310 17110.  21.6 32.2 2.058 1.    0.
  19 1977  311 17144.  21.6 32.2 2.052 1.    0.
  19 1977  312 17178.  21.6 32.2 2.046 1.    0.
  19 1977  313 17211.  21.6 32.2 2.040 1.    0.
  19 1977  314 17245.  21.5 32.3 2.034 1.    0.
  19 1977  315 17279.  21.5 32.3 2.028 1.    0.
  19 1977  316 17313.  21.5 32.3 2.021 1.    0.
  19 1977  317 17346.  21.5 32.3 2.015 1.    0.
  19 1977  318 17380.  21.4 32.3 2.009 1.    0.
  19 1977  319 17414.  21.4 32.3 2.003 1.    0.
  19 1977  320 17322.  21.3 32.3 2.001 1.    0.
  19 1977  321 17230.  21.3 32.2 2.000 1.    0.
  19 1977  322 17138.  21.2 32.2 1.998 1.    1.
  19 1977  323 17046.  21.2 32.1 1.996 1.    0.
  19 1977  324 16953.  21.1 32.1 1.995 1.    0.
  19 1977  325 16861.  21.1 32.1 1.993 1.    1.
  19 1977  326 16769.  21.0 32.0 1.991 1.    0.
  19 1977  327 16677.  21.0 32.0 1.990 1.    8.
  19 1977  328 16585.  20.9 31.9 1.988 1.    0.
  19 1977  329 16493.  20.9 31.9 1.986 1.    0.
  19 1977  330 16401.  20.8 31.9 1.985 1.    0.
  19 1977  331 16309.  20.8 31.8 1.983 1.    0.
  19 1977  332 16217.  20.7 31.8 1.981 1.    0.
  19 1977  333 16125.  20.7 31.7 1.980 1.    3.
  19 1977  334 16032.  20.6 31.7 1.978 1.    0.
  19 1977  335 15940.  20.5 31.7 1.976 1.    0.
  19 1977  336 15848.  20.5 31.6 1.975 1.    0.
  19 1977  337 15756.  20.4 31.6 1.973 1.    0.
  19 1977  338 15664.  20.4 31.5 1.971 1.    0.
  19 1977  339 15572.  20.3 31.5 1.970 1.    0.
  19 1977  340 15480.  20.3 31.5 1.968 1.    0.
  19 1977  341 15388.  20.2 31.4 1.966 1.    0.
  19 1977  342 15296.  20.2 31.4 1.965 1.    0.
  19 1977  343 15204.  20.1 31.3 1.963 1.    0.
  19 1977  344 15112.  20.1 31.3 1.961 1.    0.
  19 1977  345 15019.  20.0 31.3 1.960 1.    0.
  19 1977  346 14927.  20.0 31.2 1.958 1.    0.
  19 1977  347 14835.  19.9 31.2 1.956 1.    0.
  19 1977  348 14743.  19.9 31.1 1.955 1.    0.
  19 1977  349 14651.  19.8 31.1 1.953 1.    5.
  19 1977  350 14617.  19.8 31.1 1.955 1.    0.
  19 1977  351 14583.  19.8 31.2 1.958 1.   55.
  19 1977  352 14549.  19.9 31.2 1.960 1.    0.
  19 1977  353 14515.  19.9 31.2 1.963 1.    0.
  19 1977  354 14481.  19.9 31.3 1.965 1.    0.
  19 1977  355 14447.  19.9 31.3 1.968 1.    0.
  19 1977  356 14413.  20.0 31.3 1.970 1.    0.
  19 1977  357 14379.  20.0 31.3 1.973 1.    0.
  19 1977  358 14345.  20.0 31.4 1.975 1.    0.
  19 1977  359 14311.  20.0 31.4 1.978 1.    0.
  19 1977  360 14277.  20.0 31.4 1.980 1.    0.
  19 1977  361 14243.  20.1 31.5 1.983 1.    0.
  19 1977  362 14209.  20.1 31.5 1.985 1.    0.
  19 1977  363 14175.  20.1 31.5 1.988 1.    0.
  19 1977  364 14141.  20.1 31.6 1.990 1.    0.
  19 1977  365 14107.  20.1 31.6 1.993 1.    6.
