*---------------------------------------------------------*
*   Country: Ghana
*   Station: Tafo
*      Year: 1986
*    Author: W. Gerritsma
*    Source: Cocoa Research Institute,
*            Annual Report 1986/87
* Longitude: 000 22 W
*  Latitude: 06 15 N
* Elevation: 200 m.
*  WMO-code: -
*  Comments: Cocoa Research Institute Ghana
*            Interpolated daily values
*  Columns:
*  ========
*  station number
*  year
*  day
*  Global radiation
*  minimum temperature (degrees Celsius)
*  maximum temperature (degrees Celsius)
*  vapour pressure (kPa)
*  mean wind speed (m s-1)
*  precipitation.rainy days (mm d-1.d)
*---------------------------------------------------------*
 359.63 6.25 200.0 0.0 0.0
  19 1986    1 16623.  18.6 32.3 1.668 1.    0.
  19 1986    2 16625.  18.6 32.3 1.660 1.    0.
  19 1986    3 16628.  18.6 32.4 1.652 1.    0.
  19 1986    4 16632.  18.6 32.5 1.644 1.    5.
  19 1986    5 16637.  18.5 32.5 1.637 1.    0.
  19 1986    6 16643.  18.5 32.6 1.629 1.    0.
  19 1986    7 16650.  18.5 32.7 1.621 1.    0.
  19 1986    8 16658.  18.5 32.8 1.614 1.    0.
  19 1986    9 16667.  18.4 32.8 1.606 1.    0.
  19 1986   10 16676.  18.4 32.9 1.598 1.    0.
  19 1986   11 16687.  18.4 33.0 1.591 1.    0.
  19 1986   12 16698.  18.4 33.1 1.583 1.    0.
  19 1986   13 16710.  18.3 33.1 1.575 1.    0.
  19 1986   14 16723.  18.3 33.2 1.568 1.    0.
  19 1986   15 16736.  18.3 33.3 1.560 1.    0.
  19 1986   16 16795.  18.4 33.3 1.574 1.    0.
  19 1986   17 16855.  18.5 33.3 1.588 1.    0.
  19 1986   18 16916.  18.5 33.3 1.602 1.    0.
  19 1986   19 16977.  18.6 33.4 1.616 1.    0.
  19 1986   20 17039.  18.7 33.4 1.630 1.    0.
  19 1986   21 17102.  18.8 33.4 1.644 1.    0.
  19 1986   22 17165.  18.9 33.4 1.658 1.    0.
  19 1986   23 17229.  19.0 33.4 1.673 1.    0.
  19 1986   24 17294.  19.0 33.5 1.687 1.    0.
  19 1986   25 17359.  19.1 33.5 1.701 1.    0.
  19 1986   26 17425.  19.2 33.5 1.715 1.    0.
  19 1986   27 17491.  19.3 33.5 1.729 1.    0.
  19 1986   28 17557.  19.4 33.5 1.743 1.    0.
  19 1986   29 17624.  19.5 33.5 1.757 1.    0.
  19 1986   30 17692.  19.5 33.5 1.771 1.    0.
  19 1986   31 17759.  19.6 33.6 1.785 1.    0.
  19 1986   32 17827.  19.7 33.6 1.799 1.    0.
  19 1986   33 17896.  19.8 33.6 1.813 1.    0.
  19 1986   34 17964.  19.9 33.6 1.827 1.    0.
  19 1986   35 18033.  20.0 33.6 1.841 1.    0.
  19 1986   36 18102.  20.0 33.6 1.855 1.    0.
  19 1986   37 18171.  20.1 33.7 1.869 1.    0.
  19 1986   38 18240.  20.2 33.7 1.884 1.    0.
  19 1986   39 18309.  20.3 33.7 1.898 1.    0.
  19 1986   40 18378.  20.4 33.7 1.912 1.    0.
  19 1986   41 18447.  20.5 33.7 1.926 1.    0.
  19 1986   42 18516.  20.5 33.8 1.940 1.    1.
  19 1986   43 18585.  20.6 33.8 1.954 1.    0.
  19 1986   44 18654.  20.7 33.8 1.968 1.    0.
  19 1986   45 18723.  20.8 33.8 1.982 1.   40.
  19 1986   46 18706.  20.8 33.7 1.982 1.    0.
  19 1986   47 18689.  20.8 33.7 1.982 1.   18.
  19 1986   48 18671.  20.8 33.6 1.982 1.    0.
  19 1986   49 18652.  20.8 33.6 1.982 1.    2.
  19 1986   50 18633.  20.8 33.5 1.982 1.    0.
  19 1986   51 18613.  20.8 33.4 1.982 1.   41.
  19 1986   52 18593.  20.8 33.4 1.982 1.    0.
  19 1986   53 18572.  20.7 33.3 1.983 1.   18.
  19 1986   54 18551.  20.7 33.3 1.983 1.    0.
  19 1986   55 18528.  20.7 33.2 1.983 1.    0.
  19 1986   56 18505.  20.7 33.2 1.983 1.    2.
  19 1986   57 18481.  20.7 33.1 1.983 1.    0.
  19 1986   58 18457.  20.7 33.0 1.983 1.    0.
  19 1986   59 18431.  20.7 33.0 1.983 1.    6.
  19 1986   60 18405.  20.7 32.9 1.983 1.    0.
  19 1986   61 18378.  20.7 32.9 1.983 1.   20.
  19 1986   62 18350.  20.7 32.8 1.983 1.    0.
  19 1986   63 18322.  20.7 32.7 1.983 1.    5.
  19 1986   64 18292.  20.7 32.7 1.983 1.    0.
  19 1986   65 18262.  20.7 32.6 1.983 1.    0.
  19 1986   66 18231.  20.7 32.6 1.983 1.    0.
  19 1986   67 18199.  20.6 32.5 1.984 1.    0.
  19 1986   68 18166.  20.6 32.5 1.984 1.    0.
  19 1986   69 18132.  20.6 32.4 1.984 1.    3.
  19 1986   70 18097.  20.6 32.3 1.984 1.   16.
  19 1986   71 18061.  20.6 32.3 1.984 1.    0.
  19 1986   72 18025.  20.6 32.2 1.984 1.    0.
  19 1986   73 17987.  20.6 32.2 1.984 1.    0.
  19 1986   74 17949.  20.6 32.1 1.984 1.    0.
  19 1986   75 18035.  20.6 32.1 1.986 1.    0.
  19 1986   76 18121.  20.6 32.2 1.989 1.    0.
  19 1986   77 18205.  20.7 32.2 1.991 1.    7.
  19 1986   78 18289.  20.7 32.2 1.993 1.    9.
  19 1986   79 18372.  20.7 32.2 1.995 1.    0.
  19 1986   80 18454.  20.7 32.3 1.998 1.    0.
  19 1986   81 18536.  20.8 32.3 2.000 1.    2.
  19 1986   82 18616.  20.8 32.3 2.002 1.    0.
  19 1986   83 18695.  20.8 32.4 2.004 1.    0.
  19 1986   84 18774.  20.8 32.4 2.007 1.    0.
  19 1986   85 18852.  20.8 32.4 2.009 1.    0.
  19 1986   86 18928.  20.9 32.4 2.011 1.    0.
  19 1986   87 19004.  20.9 32.5 2.013 1.   27.
  19 1986   88 19079.  20.9 32.5 2.016 1.   15.
  19 1986   89 19153.  20.9 32.5 2.018 1.   19.
  19 1986   90 19226.  21.0 32.6 2.020 1.   28.
  19 1986   91 19298.  21.0 32.6 2.022 1.    0.
  19 1986   92 19369.  21.0 32.6 2.025 1.    0.
  19 1986   93 19439.  21.0 32.7 2.027 1.    0.
  19 1986   94 19508.  21.1 32.7 2.029 1.   50.
  19 1986   95 19576.  21.1 32.7 2.031 1.    0.
  19 1986   96 19643.  21.1 32.7 2.034 1.    0.
  19 1986   97 19709.  21.1 32.8 2.036 1.    0.
  19 1986   98 19774.  21.1 32.8 2.038 1.    0.
  19 1986   99 19839.  21.2 32.8 2.040 1.    0.
  19 1986  100 19902.  21.2 32.9 2.043 1.    0.
  19 1986  101 19964.  21.2 32.9 2.045 1.    0.
  19 1986  102 20026.  21.2 32.9 2.047 1.    0.
  19 1986  103 20087.  21.3 32.9 2.049 1.    2.
  19 1986  104 20146.  21.3 33.0 2.052 1.    0.
  19 1986  105 20205.  21.3 33.0 2.054 1.    0.
  19 1986  106 20143.  21.3 33.0 2.051 1.    0.
  19 1986  107 20081.  21.3 32.9 2.047 1.   24.
  19 1986  108 20019.  21.3 32.9 2.044 1.    1.
  19 1986  109 19955.  21.2 32.8 2.041 1.    0.
  19 1986  110 19892.  21.2 32.8 2.037 1.    0.
  19 1986  111 19827.  21.2 32.8 2.034 1.    0.
  19 1986  112 19762.  21.2 32.7 2.030 1.   11.
  19 1986  113 19697.  21.2 32.7 2.027 1.    0.
  19 1986  114 19631.  21.1 32.6 2.024 1.   13.
  19 1986  115 19565.  21.1 32.6 2.020 1.    0.
  19 1986  116 19499.  21.1 32.6 2.017 1.    0.
  19 1986  117 19432.  21.1 32.5 2.014 1.    0.
  19 1986  118 19365.  21.1 32.5 2.010 1.    0.
  19 1986  119 19297.  21.1 32.4 2.007 1.    0.
  19 1986  120 19229.  21.0 32.4 2.003 1.   56.
  19 1986  121 19161.  21.0 32.4 2.000 1.   42.
  19 1986  122 19093.  21.0 32.3 1.997 1.    0.
  19 1986  123 19025.  21.0 32.3 1.993 1.    0.
  19 1986  124 18956.  21.0 32.2 1.990 1.    0.
  19 1986  125 18888.  21.0 32.2 1.987 1.    0.
  19 1986  126 18819.  20.9 32.2 1.983 1.    0.
  19 1986  127 18751.  20.9 32.1 1.980 1.    9.
  19 1986  128 18682.  20.9 32.1 1.977 1.    0.
  19 1986  129 18613.  20.9 32.0 1.973 1.    0.
  19 1986  130 18545.  20.9 32.0 1.970 1.    0.
  19 1986  131 18476.  20.9 32.0 1.966 1.    2.
  19 1986  132 18408.  20.8 31.9 1.963 1.   33.
  19 1986  133 18340.  20.8 31.9 1.960 1.   42.
  19 1986  134 18272.  20.8 31.8 1.956 1.    5.
  19 1986  135 18204.  20.8 31.8 1.953 1.    1.
  19 1986  136 18142.  20.8 31.7 1.954 1.    8.
  19 1986  137 18080.  20.8 31.7 1.955 1.    0.
  19 1986  138 18018.  20.8 31.6 1.956 1.    0.
  19 1986  139 17957.  20.7 31.6 1.957 1.   10.
  19 1986  140 17896.  20.7 31.5 1.958 1.    1.
  19 1986  141 17835.  20.7 31.5 1.959 1.    8.
  19 1986  142 17775.  20.7 31.4 1.960 1.    9.
  19 1986  143 17715.  20.7 31.4 1.961 1.    0.
  19 1986  144 17656.  20.7 31.3 1.962 1.    0.
  19 1986  145 17597.  20.7 31.3 1.963 1.    0.
  19 1986  146 17538.  20.7 31.2 1.964 1.    3.
  19 1986  147 17480.  20.6 31.1 1.965 1.   16.
  19 1986  148 17423.  20.6 31.1 1.966 1.    1.
  19 1986  149 17366.  20.6 31.0 1.967 1.    3.
  19 1986  150 17310.  20.6 31.0 1.968 1.    2.
  19 1986  151 17254.  20.6 30.9 1.969 1.    1.
  19 1986  152 17199.  20.6 30.9 1.970 1.   10.
  19 1986  153 17144.  20.6 30.8 1.971 1.   37.
  19 1986  154 17090.  20.6 30.8 1.972 1.    0.
  19 1986  155 17037.  20.5 30.7 1.973 1.    9.
  19 1986  156 16984.  20.5 30.6 1.974 1.    0.
  19 1986  157 16932.  20.5 30.6 1.975 1.    0.
  19 1986  158 16881.  20.5 30.5 1.976 1.    0.
  19 1986  159 16830.  20.5 30.5 1.977 1.   14.
  19 1986  160 16780.  20.5 30.4 1.978 1.    5.
  19 1986  161 16731.  20.5 30.4 1.979 1.    0.
  19 1986  162 16682.  20.5 30.3 1.980 1.    0.
  19 1986  163 16635.  20.4 30.3 1.981 1.    0.
  19 1986  164 16588.  20.4 30.2 1.982 1.    0.
  19 1986  165 16541.  20.4 30.2 1.983 1.    0.
  19 1986  166 16496.  20.4 30.1 1.984 1.    0.
  19 1986  167 16388.  20.4 30.0 1.989 1.    0.
  19 1986  168 16282.  20.4 29.9 1.995 1.    5.
  19 1986  169 16176.  20.4 29.9 2.000 1.    0.
  19 1986  170 16071.  20.5 29.8 2.006 1.    1.
  19 1986  171 15967.  20.5 29.7 2.011 1.    0.
  19 1986  172 15863.  20.5 29.6 2.017 1.    0.
  19 1986  173 15760.  20.5 29.6 2.022 1.    0.
  19 1986  174 15658.  20.5 29.5 2.027 1.    1.
  19 1986  175 15557.  20.5 29.4 2.033 1.    9.
  19 1986  176 15456.  20.5 29.3 2.038 1.    0.
  19 1986  177 15356.  20.5 29.3 2.044 1.    0.
  19 1986  178 15256.  20.6 29.2 2.049 1.    8.
  19 1986  179 15158.  20.6 29.1 2.055 1.    0.
  19 1986  180 15059.  20.6 29.0 2.060 1.    5.
  19 1986  181 14962.  20.6 28.9 2.066 1.    2.
  19 1986  182 14865.  20.6 28.9 2.071 1.    0.
  19 1986  183 14768.  20.6 28.8 2.076 1.    0.
  19 1986  184 14672.  20.6 28.7 2.082 1.   11.
  19 1986  185 14576.  20.7 28.6 2.087 1.   16.
  19 1986  186 14481.  20.7 28.6 2.093 1.    3.
  19 1986  187 14387.  20.7 28.5 2.098 1.    0.
  19 1986  188 14292.  20.7 28.4 2.104 1.    0.
  19 1986  189 14198.  20.7 28.3 2.109 1.    1.
  19 1986  190 14105.  20.7 28.3 2.114 1.    6.
  19 1986  191 14012.  20.7 28.2 2.120 1.    0.
  19 1986  192 13919.  20.7 28.1 2.125 1.    2.
  19 1986  193 13826.  20.8 28.0 2.131 1.    0.
  19 1986  194 13734.  20.8 28.0 2.136 1.    1.
  19 1986  195 13642.  20.8 27.9 2.142 1.    0.
  19 1986  196 13550.  20.8 27.8 2.147 1.   30.
  19 1986  197 13594.  20.8 27.8 2.148 1.    0.
  19 1986  198 13638.  20.8 27.8 2.149 1.    0.
  19 1986  199 13683.  20.8 27.8 2.150 1.    0.
  19 1986  200 13728.  20.9 27.9 2.151 1.    0.
  19 1986  201 13773.  20.9 27.9 2.152 1.    0.
  19 1986  202 13819.  20.9 27.9 2.153 1.   12.
  19 1986  203 13865.  20.9 27.9 2.154 1.    0.
  19 1986  204 13912.  20.9 27.9 2.155 1.   18.
  19 1986  205 13959.  20.9 27.9 2.156 1.    4.
  19 1986  206 14006.  20.9 28.0 2.157 1.    0.
  19 1986  207 14053.  20.9 28.0 2.158 1.    0.
  19 1986  208 14101.  21.0 28.0 2.159 1.    0.
  19 1986  209 14148.  21.0 28.0 2.160 1.    0.
  19 1986  210 14196.  21.0 28.0 2.161 1.    0.
  19 1986  211 14244.  21.0 28.0 2.162 1.    0.
  19 1986  212 14293.  21.0 28.1 2.162 1.    5.
  19 1986  213 14341.  21.0 28.1 2.163 1.    0.
  19 1986  214 14390.  21.0 28.1 2.164 1.    0.
  19 1986  215 14438.  21.0 28.1 2.165 1.    0.
  19 1986  216 14487.  21.1 28.1 2.166 1.    0.
  19 1986  217 14536.  21.1 28.1 2.167 1.    0.
  19 1986  218 14585.  21.1 28.2 2.168 1.    0.
  19 1986  219 14633.  21.1 28.2 2.169 1.    0.
  19 1986  220 14682.  21.1 28.2 2.170 1.    0.
  19 1986  221 14731.  21.1 28.2 2.171 1.    0.
  19 1986  222 14779.  21.1 28.2 2.172 1.    0.
  19 1986  223 14828.  21.1 28.2 2.173 1.    0.
  19 1986  224 14876.  21.2 28.3 2.174 1.    0.
  19 1986  225 14925.  21.2 28.3 2.175 1.    0.
  19 1986  226 14973.  21.2 28.3 2.176 1.    0.
  19 1986  227 15021.  21.2 28.3 2.177 1.    0.
  19 1986  228 15029.  21.2 28.3 2.177 1.    2.
  19 1986  229 15038.  21.2 28.3 2.177 1.   16.
  19 1986  230 15046.  21.2 28.3 2.177 1.    2.
  19 1986  231 15053.  21.2 28.4 2.178 1.    0.
  19 1986  232 15061.  21.2 28.4 2.178 1.    7.
  19 1986  233 15067.  21.2 28.4 2.178 1.    0.
  19 1986  234 15074.  21.2 28.4 2.178 1.    0.
  19 1986  235 15080.  21.2 28.4 2.178 1.    3.
  19 1986  236 15086.  21.2 28.4 2.178 1.    1.
  19 1986  237 15091.  21.2 28.5 2.179 1.    0.
  19 1986  238 15095.  21.2 28.5 2.179 1.    0.
  19 1986  239 15099.  21.2 28.5 2.179 1.    0.
  19 1986  240 15103.  21.2 28.5 2.179 1.    2.
  19 1986  241 15106.  21.2 28.5 2.179 1.   11.
  19 1986  242 15109.  21.2 28.5 2.179 1.    0.
  19 1986  243 15111.  21.2 28.6 2.180 1.    3.
  19 1986  244 15112.  21.2 28.6 2.180 1.    0.
  19 1986  245 15113.  21.2 28.6 2.180 1.    0.
  19 1986  246 15113.  21.2 28.6 2.180 1.    0.
  19 1986  247 15113.  21.2 28.6 2.180 1.   26.
  19 1986  248 15112.  21.2 28.6 2.180 1.    0.
  19 1986  249 15110.  21.2 28.7 2.181 1.    0.
  19 1986  250 15108.  21.2 28.7 2.181 1.   36.
  19 1986  251 15105.  21.2 28.7 2.181 1.    0.
  19 1986  252 15102.  21.2 28.7 2.181 1.   16.
  19 1986  253 15098.  21.2 28.7 2.181 1.    3.
  19 1986  254 15093.  21.2 28.7 2.181 1.    0.
  19 1986  255 15087.  21.2 28.8 2.182 1.    0.
  19 1986  256 15081.  21.2 28.8 2.182 1.    2.
  19 1986  257 15074.  21.2 28.8 2.182 1.    3.
  19 1986  258 15067.  21.2 28.8 2.182 1.    0.
  19 1986  259 15163.  21.2 28.8 2.177 1.   10.
  19 1986  260 15258.  21.2 28.9 2.172 1.    3.
  19 1986  261 15352.  21.1 28.9 2.167 1.    0.
  19 1986  262 15446.  21.1 29.0 2.162 1.    4.
  19 1986  263 15539.  21.1 29.0 2.157 1.    0.
  19 1986  264 15632.  21.1 29.1 2.152 1.    0.
  19 1986  265 15723.  21.1 29.1 2.147 1.   13.
  19 1986  266 15814.  21.0 29.2 2.142 1.    0.
  19 1986  267 15904.  21.0 29.2 2.137 1.    0.
  19 1986  268 15993.  21.0 29.3 2.132 1.    3.
  19 1986  269 16082.  21.0 29.3 2.127 1.    9.
  19 1986  270 16170.  21.0 29.4 2.122 1.   12.
  19 1986  271 16257.  20.9 29.4 2.117 1.    1.
  19 1986  272 16343.  20.9 29.5 2.112 1.   10.
  19 1986  273 16428.  20.9 29.5 2.106 1.    0.
  19 1986  274 16512.  20.9 29.5 2.101 1.    0.
  19 1986  275 16596.  20.9 29.6 2.096 1.    0.
  19 1986  276 16679.  20.8 29.6 2.091 1.    0.
  19 1986  277 16761.  20.8 29.7 2.086 1.    3.
  19 1986  278 16842.  20.8 29.7 2.081 1.    0.
  19 1986  279 16922.  20.8 29.8 2.076 1.    2.
  19 1986  280 17001.  20.8 29.8 2.071 1.    0.
  19 1986  281 17080.  20.7 29.9 2.066 1.    0.
  19 1986  282 17158.  20.7 29.9 2.061 1.    0.
  19 1986  283 17234.  20.7 30.0 2.056 1.    0.
  19 1986  284 17310.  20.7 30.0 2.051 1.    1.
  19 1986  285 17386.  20.7 30.1 2.046 1.    0.
  19 1986  286 17460.  20.6 30.1 2.041 1.    0.
  19 1986  287 17534.  20.6 30.2 2.036 1.   19.
  19 1986  288 17607.  20.6 30.2 2.031 1.    0.
  19 1986  289 17652.  20.6 30.2 2.035 1.    6.
  19 1986  290 17697.  20.7 30.3 2.039 1.    0.
  19 1986  291 17741.  20.7 30.3 2.043 1.   35.
  19 1986  292 17784.  20.8 30.3 2.047 1.   15.
  19 1986  293 17826.  20.8 30.4 2.051 1.   61.
  19 1986  294 17868.  20.8 30.4 2.055 1.   21.
  19 1986  295 17910.  20.9 30.4 2.059 1.    0.
  19 1986  296 17951.  20.9 30.5 2.064 1.    3.
  19 1986  297 17991.  20.9 30.5 2.068 1.    0.
  19 1986  298 18031.  21.0 30.6 2.072 1.    0.
  19 1986  299 18070.  21.0 30.6 2.076 1.    0.
  19 1986  300 18108.  21.1 30.6 2.080 1.    0.
  19 1986  301 18147.  21.1 30.7 2.084 1.    0.
  19 1986  302 18184.  21.1 30.7 2.088 1.    0.
  19 1986  303 18222.  21.2 30.7 2.092 1.    2.
  19 1986  304 18259.  21.2 30.8 2.096 1.    6.
  19 1986  305 18295.  21.3 30.8 2.100 1.   32.
  19 1986  306 18332.  21.3 30.8 2.104 1.    0.
  19 1986  307 18368.  21.3 30.9 2.108 1.    0.
  19 1986  308 18403.  21.4 30.9 2.112 1.    0.
  19 1986  309 18439.  21.4 30.9 2.116 1.    0.
  19 1986  310 18474.  21.5 31.0 2.120 1.    0.
  19 1986  311 18510.  21.5 31.0 2.124 1.    0.
  19 1986  312 18545.  21.5 31.1 2.129 1.    4.
  19 1986  313 18580.  21.6 31.1 2.133 1.    0.
  19 1986  314 18615.  21.6 31.1 2.137 1.    0.
  19 1986  315 18650.  21.6 31.2 2.141 1.    0.
  19 1986  316 18685.  21.7 31.2 2.145 1.   11.
  19 1986  317 18720.  21.7 31.2 2.149 1.    0.
  19 1986  318 18755.  21.8 31.3 2.153 1.    0.
  19 1986  319 18791.  21.8 31.3 2.157 1.    0.
  19 1986  320 18709.  21.7 31.3 2.144 1.    0.
  19 1986  321 18628.  21.6 31.3 2.132 1.    0.
  19 1986  322 18548.  21.5 31.3 2.119 1.    0.
  19 1986  323 18469.  21.4 31.3 2.106 1.   20.
  19 1986  324 18390.  21.3 31.3 2.093 1.    0.
  19 1986  325 18312.  21.2 31.3 2.081 1.    8.
  19 1986  326 18234.  21.1 31.3 2.068 1.    0.
  19 1986  327 18158.  21.1 31.3 2.055 1.    0.
  19 1986  328 18082.  21.0 31.3 2.042 1.    0.
  19 1986  329 18007.  20.9 31.3 2.030 1.    0.
  19 1986  330 17933.  20.8 31.3 2.017 1.    0.
  19 1986  331 17860.  20.7 31.3 2.004 1.    0.
  19 1986  332 17788.  20.6 31.3 1.991 1.    1.
  19 1986  333 17716.  20.5 31.3 1.979 1.    0.
  19 1986  334 17646.  20.4 31.3 1.966 1.    0.
  19 1986  335 17577.  20.3 31.2 1.953 1.    0.
  19 1986  336 17509.  20.2 31.2 1.941 1.    0.
  19 1986  337 17441.  20.1 31.2 1.928 1.    0.
  19 1986  338 17375.  20.0 31.2 1.915 1.    0.
  19 1986  339 17310.  19.9 31.2 1.902 1.    0.
  19 1986  340 17246.  19.8 31.2 1.890 1.    0.
  19 1986  341 17183.  19.7 31.2 1.877 1.    0.
  19 1986  342 17122.  19.7 31.2 1.864 1.    0.
  19 1986  343 17061.  19.6 31.2 1.851 1.    0.
  19 1986  344 17001.  19.5 31.2 1.839 1.    0.
  19 1986  345 16943.  19.4 31.2 1.826 1.    0.
  19 1986  346 16886.  19.3 31.2 1.813 1.    0.
  19 1986  347 16830.  19.2 31.2 1.800 1.    0.
  19 1986  348 16775.  19.1 31.2 1.788 1.    0.
  19 1986  349 16721.  19.0 31.2 1.775 1.    0.
  19 1986  350 16706.  19.0 31.3 1.768 1.    0.
  19 1986  351 16691.  19.0 31.3 1.762 1.    0.
  19 1986  352 16678.  18.9 31.4 1.755 1.    0.
  19 1986  353 16666.  18.9 31.5 1.748 1.    0.
  19 1986  354 16655.  18.9 31.5 1.741 1.    0.
  19 1986  355 16645.  18.9 31.6 1.735 1.    0.
  19 1986  356 16637.  18.8 31.7 1.728 1.    0.
  19 1986  357 16629.  18.8 31.7 1.721 1.    0.
  19 1986  358 16623.  18.8 31.8 1.715 1.    0.
  19 1986  359 16618.  18.8 31.9 1.708 1.    0.
  19 1986  360 16614.  18.8 31.9 1.701 1.    0.
  19 1986  361 16611.  18.7 32.0 1.694 1.    0.
  19 1986  362 16609.  18.7 32.1 1.688 1.    0.
  19 1986  363 16608.  18.7 32.1 1.681 1.    0.
  19 1986  364 16609.  18.7 32.2 1.674 1.    0.
  19 1986  365 16610.  18.6 32.3 1.668 1.    0.
