*---------------------------------------------------------*
*   Country: Ghana
*   Station: Tafo
*      Year: 1970
*    Author: W. Gerritsma
*    Source: Cocoa Research Institute,
*            Annual Report 1970-1971 (1973)
* Longitude: 000 22 W
*  Latitude: 06 15 N
* Elevation: 200 m.
*  WMO-code: -
*  Comments: Cocoa Research Institute Ghana
*            Interpolated daily values
*  Columns:
*  ========
*  station number
*  year
*  day
*  global radiation (kJ m-2 d-1)
*  minimum temperature (degrees Celsius)
*  maximum temperature (degrees Celsius)
*  vapour pressure (kPa)
*  mean wind speed (m s-1)
*  precipitation.rainy days (mm d-1.d)
*---------------------------------------------------------*
 359.63 6.25 200.0 0.0 0.0
  19 1970    1 14798.  21.0 31.7 2.107 1.    0.
  19 1970    2 14787.  21.0 31.6 2.119 1.    0.
  19 1970    3 14777.  21.1 31.6 2.132 1.    0.
  19 1970    4 14766.  21.1 31.6 2.144 1.    6.
  19 1970    5 14756.  21.2 31.6 2.156 1.    0.
  19 1970    6 14745.  21.3 31.6 2.168 1.   15.
  19 1970    7 14735.  21.3 31.6 2.181 1.    0.
  19 1970    8 14724.  21.4 31.6 2.193 1.    4.
  19 1970    9 14714.  21.4 31.6 2.205 1.    0.
  19 1970   10 14703.  21.5 31.6 2.218 1.    0.
  19 1970   11 14693.  21.6 31.6 2.230 1.    0.
  19 1970   12 14682.  21.6 31.6 2.242 1.    0.
  19 1970   13 14672.  21.7 31.6 2.254 1.    0.
  19 1970   14 14661.  21.7 31.6 2.267 1.    0.
  19 1970   15 14651.  21.8 31.6 2.279 1.    0.
  19 1970   16 14673.  21.8 31.7 2.281 1.    0.
  19 1970   17 14696.  21.9 31.7 2.282 1.    0.
  19 1970   18 14718.  21.9 31.8 2.284 1.    0.
  19 1970   19 14740.  21.9 31.9 2.286 1.    2.
  19 1970   20 14763.  22.0 32.0 2.287 1.    0.
  19 1970   21 14785.  22.0 32.0 2.289 1.    4.
  19 1970   22 14807.  22.1 32.1 2.291 1.    0.
  19 1970   23 14830.  22.1 32.2 2.292 1.    9.
  19 1970   24 14852.  22.1 32.3 2.294 1.    8.
  19 1970   25 14874.  22.2 32.3 2.296 1.    0.
  19 1970   26 14897.  22.2 32.4 2.297 1.    0.
  19 1970   27 14919.  22.2 32.5 2.299 1.    0.
  19 1970   28 14941.  22.3 32.6 2.301 1.    0.
  19 1970   29 14964.  22.3 32.6 2.302 1.    0.
  19 1970   30 14986.  22.4 32.7 2.304 1.    0.
  19 1970   31 15008.  22.4 32.8 2.306 1.    1.
  19 1970   32 15031.  22.4 32.8 2.307 1.    0.
  19 1970   33 15053.  22.5 32.9 2.309 1.    0.
  19 1970   34 15075.  22.5 33.0 2.311 1.    0.
  19 1970   35 15098.  22.5 33.1 2.312 1.    0.
  19 1970   36 15120.  22.6 33.1 2.314 1.    0.
  19 1970   37 15142.  22.6 33.2 2.316 1.    0.
  19 1970   38 15165.  22.6 33.3 2.317 1.    0.
  19 1970   39 15187.  22.7 33.4 2.319 1.    0.
  19 1970   40 15209.  22.7 33.4 2.321 1.    6.
  19 1970   41 15232.  22.8 33.5 2.322 1.    0.
  19 1970   42 15254.  22.8 33.6 2.324 1.    0.
  19 1970   43 15276.  22.8 33.7 2.326 1.    0.
  19 1970   44 15299.  22.9 33.7 2.327 1.    1.
  19 1970   45 15321.  22.9 33.8 2.329 1.    2.
  19 1970   46 15429.  22.9 33.8 2.321 1.    0.
  19 1970   47 15537.  22.8 33.8 2.312 1.    0.
  19 1970   48 15646.  22.8 33.7 2.304 1.    0.
  19 1970   49 15754.  22.7 33.7 2.295 1.    0.
  19 1970   50 15862.  22.7 33.7 2.287 1.    1.
  19 1970   51 15970.  22.6 33.7 2.279 1.    0.
  19 1970   52 16079.  22.6 33.7 2.270 1.    0.
  19 1970   53 16187.  22.5 33.6 2.262 1.    0.
  19 1970   54 16295.  22.5 33.6 2.254 1.    0.
  19 1970   55 16403.  22.5 33.6 2.245 1.    0.
  19 1970   56 16512.  22.4 33.6 2.237 1.    0.
  19 1970   57 16620.  22.4 33.6 2.228 1.    6.
  19 1970   58 16728.  22.3 33.5 2.220 1.    0.
  19 1970   59 16836.  22.3 33.5 2.212 1.    0.
  19 1970   60 16945.  22.2 33.5 2.203 1.    0.
  19 1970   61 17053.  22.2 33.5 2.195 1.    0.
  19 1970   62 17161.  22.1 33.4 2.187 1.    0.
  19 1970   63 17269.  22.1 33.4 2.178 1.   25.
  19 1970   64 17378.  22.0 33.4 2.170 1.    0.
  19 1970   65 17486.  22.0 33.4 2.161 1.    0.
  19 1970   66 17594.  22.0 33.4 2.153 1.    0.
  19 1970   67 17702.  21.9 33.3 2.145 1.    0.
  19 1970   68 17811.  21.9 33.3 2.136 1.    4.
  19 1970   69 17919.  21.8 33.3 2.128 1.    1.
  19 1970   70 18027.  21.8 33.3 2.120 1.    0.
  19 1970   71 18135.  21.7 33.3 2.111 1.    0.
  19 1970   72 18244.  21.7 33.2 2.103 1.   10.
  19 1970   73 18352.  21.6 33.2 2.094 1.    0.
  19 1970   74 18460.  21.6 33.2 2.086 1.    0.
  19 1970   75 18438.  21.6 33.1 2.080 1.    0.
  19 1970   76 18417.  21.5 33.0 2.075 1.    0.
  19 1970   77 18395.  21.5 33.0 2.069 1.    0.
  19 1970   78 18374.  21.5 32.9 2.063 1.    5.
  19 1970   79 18352.  21.5 32.8 2.058 1.    1.
  19 1970   80 18331.  21.4 32.7 2.052 1.    6.
  19 1970   81 18309.  21.4 32.7 2.046 1.    0.
  19 1970   82 18287.  21.4 32.6 2.041 1.   28.
  19 1970   83 18266.  21.4 32.5 2.035 1.    1.
  19 1970   84 18244.  21.3 32.4 2.029 1.    0.
  19 1970   85 18223.  21.3 32.3 2.024 1.    0.
  19 1970   86 18201.  21.3 32.3 2.018 1.    0.
  19 1970   87 18179.  21.3 32.2 2.012 1.    0.
  19 1970   88 18158.  21.2 32.1 2.007 1.    8.
  19 1970   89 18136.  21.2 32.0 2.001 1.   38.
  19 1970   90 18115.  21.2 32.0 1.995 1.    2.
  19 1970   91 18093.  21.2 31.9 1.989 1.    0.
  19 1970   92 18072.  21.1 31.8 1.984 1.    0.
  19 1970   93 18050.  21.1 31.7 1.978 1.    0.
  19 1970   94 18028.  21.1 31.7 1.972 1.    0.
  19 1970   95 18007.  21.1 31.6 1.967 1.    0.
  19 1970   96 17985.  21.0 31.5 1.961 1.    0.
  19 1970   97 17964.  21.0 31.4 1.955 1.    0.
  19 1970   98 17942.  21.0 31.3 1.950 1.    0.
  19 1970   99 17920.  21.0 31.3 1.944 1.    0.
  19 1970  100 17899.  20.9 31.2 1.938 1.    0.
  19 1970  101 17877.  20.9 31.1 1.933 1.    0.
  19 1970  102 17856.  20.9 31.0 1.927 1.    0.
  19 1970  103 17834.  20.9 31.0 1.921 1.    0.
  19 1970  104 17813.  20.8 30.9 1.916 1.    0.
  19 1970  105 17791.  20.8 30.8 1.910 1.   66.
  19 1970  106 17762.  20.8 30.8 1.918 1.    0.
  19 1970  107 17732.  20.9 30.8 1.926 1.    0.
  19 1970  108 17703.  20.9 30.9 1.934 1.    0.
  19 1970  109 17674.  20.9 30.9 1.941 1.    0.
  19 1970  110 17644.  21.0 30.9 1.949 1.    0.
  19 1970  111 17615.  21.0 30.9 1.957 1.    0.
  19 1970  112 17586.  21.0 30.9 1.965 1.    0.
  19 1970  113 17556.  21.1 31.0 1.973 1.    0.
  19 1970  114 17527.  21.1 31.0 1.981 1.    0.
  19 1970  115 17498.  21.1 31.0 1.989 1.    0.
  19 1970  116 17468.  21.2 31.0 1.997 1.    0.
  19 1970  117 17439.  21.2 31.0 2.004 1.    0.
  19 1970  118 17410.  21.2 31.1 2.012 1.    0.
  19 1970  119 17380.  21.3 31.1 2.020 1.    0.
  19 1970  120 17351.  21.3 31.1 2.028 1.    0.
  19 1970  121 17322.  21.3 31.1 2.036 1.   15.
  19 1970  122 17292.  21.4 31.1 2.044 1.    0.
  19 1970  123 17263.  21.4 31.2 2.052 1.    0.
  19 1970  124 17234.  21.4 31.2 2.059 1.   10.
  19 1970  125 17204.  21.5 31.2 2.067 1.   12.
  19 1970  126 17175.  21.5 31.2 2.075 1.    0.
  19 1970  127 17146.  21.5 31.2 2.083 1.    8.
  19 1970  128 17116.  21.6 31.3 2.091 1.    0.
  19 1970  129 17087.  21.6 31.3 2.099 1.   49.
  19 1970  130 17058.  21.6 31.3 2.107 1.    0.
  19 1970  131 17028.  21.7 31.3 2.115 1.    0.
  19 1970  132 16999.  21.7 31.3 2.122 1.    0.
  19 1970  133 16970.  21.7 31.4 2.130 1.    0.
  19 1970  134 16940.  21.8 31.4 2.138 1.    0.
  19 1970  135 16911.  21.8 31.4 2.146 1.    4.
  19 1970  136 16873.  21.8 31.4 2.148 1.    0.
  19 1970  137 16835.  21.8 31.3 2.149 1.    5.
  19 1970  138 16798.  21.8 31.3 2.151 1.    0.
  19 1970  139 16760.  21.8 31.3 2.152 1.    0.
  19 1970  140 16722.  21.8 31.2 2.154 1.    2.
  19 1970  141 16684.  21.8 31.2 2.155 1.    0.
  19 1970  142 16646.  21.8 31.2 2.157 1.    0.
  19 1970  143 16609.  21.9 31.1 2.158 1.    0.
  19 1970  144 16571.  21.9 31.1 2.160 1.    0.
  19 1970  145 16533.  21.9 31.1 2.161 1.    0.
  19 1970  146 16495.  21.9 31.0 2.163 1.    8.
  19 1970  147 16457.  21.9 31.0 2.165 1.    6.
  19 1970  148 16420.  21.9 31.0 2.166 1.   10.
  19 1970  149 16382.  21.9 30.9 2.168 1.    6.
  19 1970  150 16344.  21.9 30.9 2.169 1.    0.
  19 1970  151 16306.  21.9 30.9 2.171 1.    0.
  19 1970  152 16268.  21.9 30.9 2.172 1.    0.
  19 1970  153 16230.  21.9 30.8 2.174 1.    0.
  19 1970  154 16193.  21.9 30.8 2.175 1.    0.
  19 1970  155 16155.  21.9 30.8 2.177 1.    0.
  19 1970  156 16117.  21.9 30.7 2.179 1.    0.
  19 1970  157 16079.  21.9 30.7 2.180 1.    0.
  19 1970  158 16041.  21.9 30.7 2.182 1.    0.
  19 1970  159 16004.  22.0 30.6 2.183 1.    9.
  19 1970  160 15966.  22.0 30.6 2.185 1.    0.
  19 1970  161 15928.  22.0 30.6 2.186 1.    0.
  19 1970  162 15890.  22.0 30.5 2.188 1.   11.
  19 1970  163 15852.  22.0 30.5 2.189 1.    0.
  19 1970  164 15815.  22.0 30.5 2.191 1.    0.
  19 1970  165 15777.  22.0 30.4 2.192 1.    0.
  19 1970  166 15739.  22.0 30.4 2.194 1.    0.
  19 1970  167 15654.  22.0 30.3 2.194 1.    0.
  19 1970  168 15569.  22.0 30.3 2.193 1.    0.
  19 1970  169 15484.  22.0 30.2 2.193 1.    0.
  19 1970  170 15399.  21.9 30.2 2.193 1.    0.
  19 1970  171 15314.  21.9 30.1 2.192 1.   44.
  19 1970  172 15228.  21.9 30.0 2.192 1.   10.
  19 1970  173 15143.  21.9 30.0 2.192 1.   23.
  19 1970  174 15058.  21.9 29.9 2.191 1.    2.
  19 1970  175 14973.  21.9 29.9 2.191 1.    3.
  19 1970  176 14888.  21.9 29.8 2.191 1.    0.
  19 1970  177 14803.  21.9 29.7 2.190 1.   41.
  19 1970  178 14718.  21.8 29.7 2.190 1.    0.
  19 1970  179 14633.  21.8 29.6 2.190 1.   10.
  19 1970  180 14548.  21.8 29.6 2.189 1.    0.
  19 1970  181 14463.  21.8 29.5 2.189 1.    0.
  19 1970  182 14377.  21.8 29.4 2.189 1.    4.
  19 1970  183 14292.  21.8 29.4 2.188 1.    0.
  19 1970  184 14207.  21.8 29.3 2.188 1.    0.
  19 1970  185 14122.  21.7 29.3 2.188 1.    0.
  19 1970  186 14037.  21.7 29.2 2.187 1.    0.
  19 1970  187 13952.  21.7 29.1 2.187 1.    8.
  19 1970  188 13867.  21.7 29.1 2.187 1.    0.
  19 1970  189 13782.  21.7 29.0 2.186 1.    8.
  19 1970  190 13697.  21.7 29.0 2.186 1.    7.
  19 1970  191 13612.  21.7 28.9 2.186 1.    6.
  19 1970  192 13526.  21.7 28.8 2.185 1.    0.
  19 1970  193 13441.  21.6 28.8 2.185 1.    0.
  19 1970  194 13356.  21.6 28.7 2.185 1.    0.
  19 1970  195 13271.  21.6 28.7 2.184 1.    0.
  19 1970  196 13186.  21.6 28.6 2.184 1.    0.
  19 1970  197 13148.  21.6 28.6 2.184 1.    0.
  19 1970  198 13110.  21.6 28.6 2.184 1.    0.
  19 1970  199 13073.  21.6 28.6 2.184 1.    0.
  19 1970  200 13035.  21.6 28.6 2.184 1.    0.
  19 1970  201 12997.  21.6 28.6 2.184 1.    0.
  19 1970  202 12959.  21.6 28.6 2.184 1.    9.
  19 1970  203 12921.  21.6 28.6 2.184 1.   14.
  19 1970  204 12884.  21.6 28.5 2.184 1.    5.
  19 1970  205 12846.  21.6 28.5 2.184 1.    7.
  19 1970  206 12808.  21.6 28.5 2.184 1.   28.
  19 1970  207 12770.  21.6 28.5 2.184 1.    0.
  19 1970  208 12732.  21.6 28.5 2.184 1.    0.
  19 1970  209 12695.  21.6 28.5 2.184 1.    0.
  19 1970  210 12657.  21.6 28.5 2.184 1.    2.
  19 1970  211 12619.  21.6 28.5 2.184 1.    4.
  19 1970  212 12581.  21.6 28.5 2.184 1.    2.
  19 1970  213 12543.  21.6 28.5 2.184 1.    0.
  19 1970  214 12505.  21.6 28.5 2.184 1.    6.
  19 1970  215 12468.  21.6 28.5 2.184 1.    0.
  19 1970  216 12430.  21.6 28.5 2.184 1.    0.
  19 1970  217 12392.  21.6 28.5 2.184 1.    0.
  19 1970  218 12354.  21.6 28.5 2.184 1.    0.
  19 1970  219 12316.  21.6 28.5 2.184 1.    0.
  19 1970  220 12279.  21.6 28.4 2.184 1.    0.
  19 1970  221 12241.  21.6 28.4 2.184 1.    0.
  19 1970  222 12203.  21.6 28.4 2.184 1.    0.
  19 1970  223 12165.  21.6 28.4 2.184 1.    3.
  19 1970  224 12127.  21.6 28.4 2.184 1.    2.
  19 1970  225 12090.  21.6 28.4 2.184 1.    0.
  19 1970  226 12052.  21.6 28.4 2.184 1.    0.
  19 1970  227 12014.  21.6 28.4 2.184 1.    0.
  19 1970  228 12098.  21.6 28.4 2.183 1.    0.
  19 1970  229 12181.  21.6 28.5 2.183 1.    0.
  19 1970  230 12265.  21.6 28.5 2.182 1.    0.
  19 1970  231 12349.  21.6 28.6 2.182 1.    0.
  19 1970  232 12433.  21.6 28.6 2.181 1.    0.
  19 1970  233 12516.  21.6 28.6 2.180 1.    0.
  19 1970  234 12600.  21.6 28.7 2.180 1.    0.
  19 1970  235 12684.  21.6 28.7 2.179 1.    0.
  19 1970  236 12767.  21.6 28.7 2.178 1.    6.
  19 1970  237 12851.  21.6 28.8 2.178 1.    0.
  19 1970  238 12935.  21.6 28.8 2.177 1.    0.
  19 1970  239 13019.  21.6 28.9 2.177 1.    3.
  19 1970  240 13102.  21.6 28.9 2.176 1.    0.
  19 1970  241 13186.  21.6 28.9 2.175 1.    0.
  19 1970  242 13270.  21.6 29.0 2.175 1.    0.
  19 1970  243 13353.  21.7 29.0 2.174 1.    0.
  19 1970  244 13437.  21.7 29.1 2.174 1.    0.
  19 1970  245 13521.  21.7 29.1 2.173 1.    0.
  19 1970  246 13604.  21.7 29.1 2.172 1.    0.
  19 1970  247 13688.  21.7 29.2 2.172 1.    0.
  19 1970  248 13772.  21.7 29.2 2.171 1.    0.
  19 1970  249 13856.  21.7 29.3 2.171 1.    0.
  19 1970  250 13939.  21.7 29.3 2.170 1.    6.
  19 1970  251 14023.  21.7 29.3 2.169 1.    0.
  19 1970  252 14107.  21.7 29.4 2.169 1.   29.
  19 1970  253 14190.  21.7 29.4 2.168 1.    0.
  19 1970  254 14274.  21.7 29.4 2.167 1.    0.
  19 1970  255 14358.  21.7 29.5 2.167 1.    3.
  19 1970  256 14442.  21.7 29.5 2.166 1.    0.
  19 1970  257 14525.  21.7 29.6 2.166 1.    0.
  19 1970  258 14609.  21.7 29.6 2.165 1.    0.
  19 1970  259 14675.  21.7 29.6 2.163 1.    0.
  19 1970  260 14740.  21.7 29.7 2.162 1.   10.
  19 1970  261 14806.  21.7 29.7 2.160 1.    0.
  19 1970  262 14871.  21.7 29.8 2.159 1.    0.
  19 1970  263 14937.  21.7 29.8 2.157 1.    8.
  19 1970  264 15003.  21.7 29.9 2.155 1.    0.
  19 1970  265 15068.  21.7 29.9 2.154 1.    0.
  19 1970  266 15134.  21.7 30.0 2.152 1.    0.
  19 1970  267 15199.  21.7 30.0 2.151 1.  154.
  19 1970  268 15265.  21.7 30.1 2.149 1.   15.
  19 1970  269 15331.  21.7 30.1 2.147 1.   18.
  19 1970  270 15396.  21.7 30.2 2.146 1.    0.
  19 1970  271 15462.  21.7 30.2 2.144 1.    0.
  19 1970  272 15527.  21.7 30.3 2.143 1.    0.
  19 1970  273 15593.  21.8 30.3 2.141 1.    0.
  19 1970  274 15659.  21.8 30.3 2.139 1.    8.
  19 1970  275 15724.  21.8 30.4 2.138 1.    9.
  19 1970  276 15790.  21.8 30.4 2.136 1.    0.
  19 1970  277 15855.  21.8 30.5 2.135 1.   19.
  19 1970  278 15921.  21.8 30.5 2.133 1.    0.
  19 1970  279 15987.  21.8 30.6 2.131 1.    0.
  19 1970  280 16052.  21.8 30.6 2.130 1.    0.
  19 1970  281 16118.  21.8 30.7 2.128 1.    6.
  19 1970  282 16183.  21.8 30.7 2.127 1.    4.
  19 1970  283 16249.  21.8 30.8 2.125 1.    3.
  19 1970  284 16315.  21.8 30.8 2.123 1.    4.
  19 1970  285 16380.  21.8 30.9 2.122 1.   63.
  19 1970  286 16446.  21.8 30.9 2.120 1.   18.
  19 1970  287 16511.  21.8 31.0 2.119 1.    9.
  19 1970  288 16577.  21.8 31.0 2.117 1.    0.
  19 1970  289 16596.  21.8 31.0 2.112 1.    0.
  19 1970  290 16615.  21.7 31.0 2.107 1.   18.
  19 1970  291 16634.  21.7 31.0 2.102 1.    0.
  19 1970  292 16653.  21.7 31.1 2.097 1.    0.
  19 1970  293 16672.  21.6 31.1 2.092 1.    0.
  19 1970  294 16690.  21.6 31.1 2.087 1.    6.
  19 1970  295 16709.  21.6 31.1 2.082 1.    4.
  19 1970  296 16728.  21.5 31.1 2.077 1.    0.
  19 1970  297 16747.  21.5 31.1 2.072 1.    0.
  19 1970  298 16766.  21.4 31.2 2.067 1.    0.
  19 1970  299 16785.  21.4 31.2 2.062 1.   36.
  19 1970  300 16804.  21.4 31.2 2.057 1.    6.
  19 1970  301 16823.  21.3 31.2 2.052 1.    0.
  19 1970  302 16842.  21.3 31.2 2.047 1.    1.
  19 1970  303 16861.  21.3 31.2 2.042 1.    3.
  19 1970  304 16879.  21.2 31.3 2.038 1.    0.
  19 1970  305 16898.  21.2 31.3 2.033 1.    0.
  19 1970  306 16917.  21.2 31.3 2.028 1.    0.
  19 1970  307 16936.  21.1 31.3 2.023 1.    0.
  19 1970  308 16955.  21.1 31.3 2.018 1.    4.
  19 1970  309 16974.  21.1 31.3 2.013 1.    1.
  19 1970  310 16993.  21.0 31.4 2.008 1.    0.
  19 1970  311 17012.  21.0 31.4 2.003 1.    0.
  19 1970  312 17031.  20.9 31.4 1.998 1.    0.
  19 1970  313 17050.  20.9 31.4 1.993 1.    1.
  19 1970  314 17068.  20.9 31.4 1.988 1.    3.
  19 1970  315 17087.  20.8 31.4 1.983 1.    4.
  19 1970  316 17106.  20.8 31.5 1.978 1.    0.
  19 1970  317 17125.  20.8 31.5 1.973 1.    0.
  19 1970  318 17144.  20.7 31.5 1.968 1.    0.
  19 1970  319 17163.  20.7 31.5 1.963 1.    1.
  19 1970  320 17089.  20.7 31.5 1.962 1.    0.
  19 1970  321 17015.  20.7 31.5 1.961 1.    0.
  19 1970  322 16941.  20.6 31.5 1.960 1.    0.
  19 1970  323 16867.  20.6 31.5 1.959 1.    0.
  19 1970  324 16793.  20.6 31.5 1.958 1.    0.
  19 1970  325 16719.  20.6 31.5 1.957 1.    0.
  19 1970  326 16645.  20.6 31.5 1.956 1.    0.
  19 1970  327 16571.  20.5 31.6 1.956 1.    0.
  19 1970  328 16497.  20.5 31.6 1.955 1.    4.
  19 1970  329 16423.  20.5 31.6 1.954 1.    3.
  19 1970  330 16349.  20.5 31.6 1.953 1.    1.
  19 1970  331 16275.  20.5 31.6 1.952 1.    0.
  19 1970  332 16201.  20.4 31.6 1.951 1.   13.
  19 1970  333 16127.  20.4 31.6 1.950 1.    0.
  19 1970  334 16054.  20.4 31.6 1.949 1.    0.
  19 1970  335 15980.  20.4 31.6 1.948 1.    1.
  19 1970  336 15906.  20.4 31.6 1.947 1.    0.
  19 1970  337 15832.  20.3 31.6 1.946 1.    0.
  19 1970  338 15758.  20.3 31.6 1.945 1.    0.
  19 1970  339 15684.  20.3 31.6 1.944 1.    0.
  19 1970  340 15610.  20.3 31.6 1.943 1.    0.
  19 1970  341 15536.  20.3 31.6 1.942 1.    0.
  19 1970  342 15462.  20.2 31.7 1.942 1.    0.
  19 1970  343 15388.  20.2 31.7 1.941 1.    0.
  19 1970  344 15314.  20.2 31.7 1.940 1.    0.
  19 1970  345 15240.  20.2 31.7 1.939 1.    0.
  19 1970  346 15166.  20.2 31.7 1.938 1.    0.
  19 1970  347 15092.  20.1 31.7 1.937 1.    0.
  19 1970  348 15018.  20.1 31.7 1.936 1.    0.
  19 1970  349 14944.  20.1 31.7 1.935 1.    0.
  19 1970  350 14935.  20.2 31.7 1.946 1.    0.
  19 1970  351 14926.  20.2 31.7 1.956 1.    0.
  19 1970  352 14917.  20.3 31.7 1.967 1.    0.
  19 1970  353 14907.  20.3 31.7 1.978 1.    0.
  19 1970  354 14898.  20.4 31.7 1.989 1.    0.
  19 1970  355 14889.  20.4 31.7 1.999 1.    0.
  19 1970  356 14880.  20.5 31.7 2.010 1.    0.
  19 1970  357 14871.  20.5 31.7 2.021 1.    0.
  19 1970  358 14862.  20.6 31.7 2.032 1.    0.
  19 1970  359 14852.  20.6 31.7 2.043 1.    0.
  19 1970  360 14843.  20.7 31.7 2.053 1.    0.
  19 1970  361 14834.  20.7 31.7 2.064 1.    0.
  19 1970  362 14825.  20.8 31.7 2.075 1.    0.
  19 1970  363 14816.  20.8 31.7 2.085 1.    0.
  19 1970  364 14807.  20.9 31.7 2.096 1.    0.
  19 1970  365 14798.  21.0 31.7 2.107 1.    0.
