*---------------------------------------------------------*
*   Country: Ghana
*   Station: Tafo
*      Year: 1963
*    Author: W. Gerritsma
*    Source: Cocoa Research Institute,
*            Report for the period 1963-1965
* Longitude: 000 22 W
*  Latitude: 06 15 N
* Elevation: 200 m.
*  WMO-code: -
*  Comments: Cocoa Research Institute Ghana
*            interpolated daily values
*  Columns:
*  ========
*  station number
*  year
*  day
*  radiation (kJ m-2 d-1)
*  minimum temperature (degrees Celsius)
*  maximum temperature (degrees Celsius)
*  vapour pressure (kPa)
*  mean wind speed (m s-1)
*  precipitation (mm d-1)
*---------------------------------------------------------*
 359.63 6.25 200. 0.0 0.0
  19 1963    1 17303.  18.0 33.3 1.773 1.    3.
  19 1963    2 17302.  18.1 33.4 1.787 1.    5.
  19 1963    3 17302.  18.2 33.4 1.802 1.    2.
  19 1963    4 17303.  18.3 33.5 1.816 1.    0.
  19 1963    5 17306.  18.4 33.5 1.830 1.    0.
  19 1963    6 17309.  18.5 33.5 1.845 1.    0.
  19 1963    7 17313.  18.6 33.6 1.859 1.    0.
  19 1963    8 17318.  18.7 33.6 1.873 1.    0.
  19 1963    9 17324.  18.8 33.7 1.888 1.    0.
  19 1963   10 17331.  18.9 33.7 1.902 1.    0.
  19 1963   11 17339.  19.0 33.7 1.917 1.    8.
  19 1963   12 17347.  19.1 33.8 1.931 1.    1.
  19 1963   13 17357.  19.2 33.8 1.945 1.   10.
  19 1963   14 17367.  19.3 33.9 1.960 1.    0.
  19 1963   15 17378.  19.4 33.9 1.974 1.    0.
  19 1963   16 17406.  19.4 33.9 1.966 1.    5.
  19 1963   17 17434.  19.3 33.9 1.958 1.    0.
  19 1963   18 17463.  19.3 33.9 1.950 1.    0.
  19 1963   19 17493.  19.3 33.9 1.942 1.   18.
  19 1963   20 17523.  19.2 33.9 1.934 1.    0.
  19 1963   21 17554.  19.2 33.9 1.926 1.    0.
  19 1963   22 17585.  19.1 33.9 1.918 1.    0.
  19 1963   23 17617.  19.1 33.9 1.911 1.    5.
  19 1963   24 17650.  19.1 33.9 1.903 1.    0.
  19 1963   25 17683.  19.0 33.9 1.895 1.   11.
  19 1963   26 17716.  19.0 33.9 1.887 1.    0.
  19 1963   27 17750.  19.0 33.9 1.879 1.    0.
  19 1963   28 17784.  18.9 33.9 1.871 1.    0.
  19 1963   29 17818.  18.9 33.9 1.863 1.    0.
  19 1963   30 17853.  18.8 33.9 1.855 1.   12.
  19 1963   31 17888.  18.8 33.9 1.847 1.    0.
  19 1963   32 17923.  18.8 33.9 1.839 1.   19.
  19 1963   33 17958.  18.7 33.9 1.831 1.    0.
  19 1963   34 17993.  18.7 33.9 1.823 1.    3.
  19 1963   35 18029.  18.7 33.9 1.815 1.    0.
  19 1963   36 18064.  18.6 33.9 1.807 1.    0.
  19 1963   37 18100.  18.6 33.9 1.799 1.    0.
  19 1963   38 18135.  18.6 33.9 1.792 1.    0.
  19 1963   39 18170.  18.5 33.9 1.784 1.    0.
  19 1963   40 18206.  18.5 33.9 1.776 1.    0.
  19 1963   41 18241.  18.4 33.9 1.768 1.    5.
  19 1963   42 18276.  18.4 33.9 1.760 1.    0.
  19 1963   43 18310.  18.4 33.9 1.752 1.    0.
  19 1963   44 18345.  18.3 33.9 1.744 1.    0.
  19 1963   45 18379.  18.3 33.9 1.736 1.    0.
  19 1963   46 18409.  18.2 33.9 1.725 1.    2.
  19 1963   47 18439.  18.1 34.0 1.714 1.    0.
  19 1963   48 18468.  18.1 34.0 1.702 1.    3.
  19 1963   49 18497.  18.0 34.1 1.691 1.    0.
  19 1963   50 18526.  17.9 34.1 1.680 1.    0.
  19 1963   51 18554.  17.8 34.1 1.669 1.    0.
  19 1963   52 18581.  17.8 34.2 1.658 1.    0.
  19 1963   53 18608.  17.7 34.2 1.646 1.    0.
  19 1963   54 18635.  17.6 34.2 1.635 1.    0.
  19 1963   55 18660.  17.5 34.3 1.624 1.    0.
  19 1963   56 18686.  17.5 34.3 1.613 1.    0.
  19 1963   57 18710.  17.4 34.4 1.602 1.    6.
  19 1963   58 18734.  17.3 34.4 1.590 1.    0.
  19 1963   59 18758.  17.2 34.4 1.579 1.    0.
  19 1963   60 18780.  17.2 34.5 1.568 1.    0.
  19 1963   61 18802.  17.1 34.5 1.557 1.    2.
  19 1963   62 18823.  17.0 34.5 1.545 1.    8.
  19 1963   63 18844.  16.9 34.6 1.534 1.    0.
  19 1963   64 18863.  16.9 34.6 1.523 1.   20.
  19 1963   65 18882.  16.8 34.7 1.512 1.   18.
  19 1963   66 18900.  16.7 34.7 1.501 1.    0.
  19 1963   67 18918.  16.6 34.7 1.489 1.    2.
  19 1963   68 18934.  16.6 34.8 1.478 1.    0.
  19 1963   69 18950.  16.5 34.8 1.467 1.    0.
  19 1963   70 18964.  16.4 34.8 1.456 1.    0.
  19 1963   71 18978.  16.3 34.9 1.445 1.    0.
  19 1963   72 18991.  16.3 34.9 1.433 1.    9.
  19 1963   73 19003.  16.2 35.0 1.422 1.    0.
  19 1963   74 19014.  16.1 35.0 1.411 1.    0.
  19 1963   75 19039.  16.2 35.0 1.425 1.    0.
  19 1963   76 19063.  16.4 34.9 1.439 1.    0.
  19 1963   77 19086.  16.5 34.9 1.453 1.   10.
  19 1963   78 19108.  16.6 34.9 1.466 1.    0.
  19 1963   79 19129.  16.7 34.8 1.480 1.    0.
  19 1963   80 19149.  16.9 34.8 1.494 1.    1.
  19 1963   81 19169.  17.0 34.8 1.508 1.    0.
  19 1963   82 19187.  17.1 34.7 1.522 1.    0.
  19 1963   83 19205.  17.2 34.7 1.536 1.   16.
  19 1963   84 19221.  17.4 34.6 1.549 1.    0.
  19 1963   85 19237.  17.5 34.6 1.563 1.    0.
  19 1963   86 19251.  17.6 34.6 1.577 1.    0.
  19 1963   87 19265.  17.7 34.5 1.591 1.    8.
  19 1963   88 19278.  17.9 34.5 1.605 1.    4.
  19 1963   89 19289.  18.0 34.5 1.619 1.    0.
  19 1963   90 19300.  18.1 34.4 1.632 1.    0.
  19 1963   91 19310.  18.2 34.4 1.646 1.    1.
  19 1963   92 19319.  18.4 34.4 1.660 1.    0.
  19 1963   93 19327.  18.5 34.3 1.674 1.   36.
  19 1963   94 19334.  18.6 34.3 1.688 1.    0.
  19 1963   95 19341.  18.7 34.3 1.702 1.    0.
  19 1963   96 19346.  18.9 34.2 1.715 1.    0.
  19 1963   97 19350.  19.0 34.2 1.729 1.    0.
  19 1963   98 19354.  19.1 34.1 1.743 1.    0.
  19 1963   99 19357.  19.2 34.1 1.757 1.    0.
  19 1963  100 19359.  19.4 34.1 1.771 1.   97.
  19 1963  101 19360.  19.5 34.0 1.785 1.    0.
  19 1963  102 19360.  19.6 34.0 1.798 1.    0.
  19 1963  103 19360.  19.7 34.0 1.812 1.    0.
  19 1963  104 19358.  19.9 33.9 1.826 1.    6.
  19 1963  105 19356.  20.0 33.9 1.840 1.    0.
  19 1963  106 19317.  20.0 33.9 1.843 1.    0.
  19 1963  107 19277.  20.0 33.9 1.847 1.    0.
  19 1963  108 19236.  20.1 34.0 1.850 1.    0.
  19 1963  109 19195.  20.1 34.0 1.854 1.    0.
  19 1963  110 19153.  20.1 34.0 1.857 1.    0.
  19 1963  111 19111.  20.1 34.0 1.861 1.    0.
  19 1963  112 19068.  20.1 34.0 1.864 1.   53.
  19 1963  113 19025.  20.2 34.0 1.867 1.    0.
  19 1963  114 18981.  20.2 34.1 1.871 1.    0.
  19 1963  115 18937.  20.2 34.1 1.874 1.    0.
  19 1963  116 18892.  20.2 34.1 1.878 1.    0.
  19 1963  117 18847.  20.2 34.1 1.881 1.    0.
  19 1963  118 18802.  20.3 34.1 1.885 1.   10.
  19 1963  119 18756.  20.3 34.1 1.888 1.    0.
  19 1963  120 18710.  20.3 34.2 1.891 1.    0.
  19 1963  121 18663.  20.3 34.2 1.895 1.    0.
  19 1963  122 18617.  20.3 34.2 1.898 1.    8.
  19 1963  123 18570.  20.4 34.2 1.902 1.    8.
  19 1963  124 18523.  20.4 34.2 1.905 1.    2.
  19 1963  125 18476.  20.4 34.2 1.909 1.    0.
  19 1963  126 18429.  20.4 34.3 1.912 1.    0.
  19 1963  127 18381.  20.4 34.3 1.916 1.    0.
  19 1963  128 18334.  20.5 34.3 1.919 1.   22.
  19 1963  129 18286.  20.5 34.3 1.922 1.    0.
  19 1963  130 18239.  20.5 34.3 1.926 1.    0.
  19 1963  131 18192.  20.5 34.3 1.929 1.    3.
  19 1963  132 18144.  20.5 34.4 1.933 1.    3.
  19 1963  133 18097.  20.6 34.4 1.936 1.    0.
  19 1963  134 18050.  20.6 34.4 1.940 1.   10.
  19 1963  135 18003.  20.6 34.4 1.943 1.   11.
  19 1963  136 17895.  20.6 34.4 1.943 1.    0.
  19 1963  137 17787.  20.6 34.4 1.943 1.    0.
  19 1963  138 17680.  20.5 34.4 1.942 1.    2.
  19 1963  139 17573.  20.5 34.3 1.942 1.    0.
  19 1963  140 17467.  20.5 34.3 1.942 1.    0.
  19 1963  141 17361.  20.5 34.3 1.942 1.    0.
  19 1963  142 17256.  20.5 34.3 1.941 1.    0.
  19 1963  143 17151.  20.4 34.3 1.941 1.    0.
  19 1963  144 17047.  20.4 34.3 1.941 1.   15.
  19 1963  145 16943.  20.4 34.2 1.941 1.   38.
  19 1963  146 16840.  20.4 34.2 1.941 1.    0.
  19 1963  147 16737.  20.4 34.2 1.940 1.    1.
  19 1963  148 16635.  20.3 34.2 1.940 1.    0.
  19 1963  149 16533.  20.3 34.2 1.940 1.    0.
  19 1963  150 16433.  20.3 34.2 1.940 1.    0.
  19 1963  151 16333.  20.3 34.1 1.939 1.   12.
  19 1963  152 16233.  20.3 34.1 1.939 1.   10.
  19 1963  153 16134.  20.3 34.1 1.939 1.    2.
  19 1963  154 16036.  20.2 34.1 1.939 1.    0.
  19 1963  155 15939.  20.2 34.1 1.938 1.    3.
  19 1963  156 15842.  20.2 34.1 1.938 1.    0.
  19 1963  157 15746.  20.2 34.0 1.938 1.    8.
  19 1963  158 15651.  20.2 34.0 1.938 1.    0.
  19 1963  159 15556.  20.1 34.0 1.938 1.   11.
  19 1963  160 15462.  20.1 34.0 1.937 1.    0.
  19 1963  161 15369.  20.1 34.0 1.937 1.    1.
  19 1963  162 15276.  20.1 34.0 1.937 1.   23.
  19 1963  163 15185.  20.1 33.9 1.937 1.   13.
  19 1963  164 15094.  20.0 33.9 1.936 1.   10.
  19 1963  165 15003.  20.0 33.9 1.936 1.    0.
  19 1963  166 14914.  20.0 33.9 1.936 1.    0.
  19 1963  167 14860.  20.0 33.8 1.938 1.    0.
  19 1963  168 14808.  20.0 33.7 1.939 1.    9.
  19 1963  169 14756.  20.0 33.6 1.941 1.    0.
  19 1963  170 14705.  20.0 33.5 1.943 1.   11.
  19 1963  171 14654.  20.0 33.4 1.944 1.    4.
  19 1963  172 14604.  20.0 33.3 1.946 1.    0.
  19 1963  173 14555.  20.0 33.2 1.948 1.   19.
  19 1963  174 14506.  20.0 33.2 1.950 1.    0.
  19 1963  175 14458.  20.0 33.1 1.951 1.    0.
  19 1963  176 14411.  20.0 33.0 1.953 1.   32.
  19 1963  177 14364.  20.0 32.9 1.955 1.    0.
  19 1963  178 14318.  20.0 32.8 1.956 1.    0.
  19 1963  179 14273.  20.0 32.7 1.958 1.    2.
  19 1963  180 14228.  20.0 32.6 1.960 1.   18.
  19 1963  181 14183.  20.0 32.5 1.962 1.   48.
  19 1963  182 14139.  20.0 32.4 1.963 1.    0.
  19 1963  183 14096.  20.0 32.3 1.965 1.    9.
  19 1963  184 14053.  20.0 32.2 1.967 1.    0.
  19 1963  185 14011.  20.0 32.1 1.968 1.    0.
  19 1963  186 13969.  20.0 32.0 1.970 1.    5.
  19 1963  187 13928.  20.0 31.9 1.972 1.    0.
  19 1963  188 13887.  20.0 31.8 1.973 1.   11.
  19 1963  189 13847.  20.0 31.8 1.975 1.    2.
  19 1963  190 13807.  20.0 31.7 1.977 1.    5.
  19 1963  191 13767.  20.0 31.6 1.979 1.    0.
  19 1963  192 13728.  20.0 31.5 1.980 1.    1.
  19 1963  193 13689.  20.0 31.4 1.982 1.    9.
  19 1963  194 13650.  20.0 31.3 1.984 1.   11.
  19 1963  195 13612.  20.0 31.2 1.985 1.    0.
  19 1963  196 13574.  20.0 31.1 1.987 1.   49.
  19 1963  197 13578.  20.0 31.1 1.992 1.    5.
  19 1963  198 13582.  20.1 31.1 1.998 1.    1.
  19 1963  199 13586.  20.1 31.1 2.003 1.    1.
  19 1963  200 13590.  20.1 31.0 2.008 1.    3.
  19 1963  201 13595.  20.2 31.0 2.013 1.   28.
  19 1963  202 13600.  20.2 31.0 2.019 1.    0.
  19 1963  203 13605.  20.2 31.0 2.024 1.    0.
  19 1963  204 13611.  20.3 31.0 2.029 1.   10.
  19 1963  205 13616.  20.3 31.0 2.034 1.    0.
  19 1963  206 13622.  20.4 30.9 2.040 1.   53.
  19 1963  207 13628.  20.4 30.9 2.045 1.    5.
  19 1963  208 13634.  20.4 30.9 2.050 1.    0.
  19 1963  209 13640.  20.5 30.9 2.055 1.    0.
  19 1963  210 13647.  20.5 30.9 2.061 1.    0.
  19 1963  211 13653.  20.5 30.9 2.066 1.    0.
  19 1963  212 13659.  20.6 30.8 2.071 1.    3.
  19 1963  213 13666.  20.6 30.8 2.076 1.    1.
  19 1963  214 13672.  20.6 30.8 2.082 1.    0.
  19 1963  215 13679.  20.7 30.8 2.087 1.    0.
  19 1963  216 13685.  20.7 30.8 2.092 1.    2.
  19 1963  217 13691.  20.7 30.8 2.097 1.   27.
  19 1963  218 13697.  20.8 30.7 2.103 1.   11.
  19 1963  219 13703.  20.8 30.7 2.108 1.    0.
  19 1963  220 13709.  20.9 30.7 2.113 1.    0.
  19 1963  221 13715.  20.9 30.7 2.118 1.    0.
  19 1963  222 13721.  20.9 30.7 2.124 1.    9.
  19 1963  223 13727.  21.0 30.7 2.129 1.    1.
  19 1963  224 13732.  21.0 30.6 2.134 1.    8.
  19 1963  225 13737.  21.0 30.6 2.139 1.    0.
  19 1963  226 13742.  21.1 30.6 2.145 1.    0.
  19 1963  227 13746.  21.1 30.6 2.150 1.   10.
  19 1963  228 13785.  21.1 30.6 2.146 1.   28.
  19 1963  229 13824.  21.1 30.7 2.142 1.    7.
  19 1963  230 13862.  21.1 30.7 2.138 1.    6.
  19 1963  231 13900.  21.0 30.7 2.134 1.    0.
  19 1963  232 13938.  21.0 30.8 2.130 1.    1.
  19 1963  233 13976.  21.0 30.8 2.126 1.    0.
  19 1963  234 14013.  21.0 30.8 2.122 1.   22.
  19 1963  235 14050.  21.0 30.9 2.118 1.    0.
  19 1963  236 14086.  21.0 30.9 2.114 1.    0.
  19 1963  237 14122.  20.9 31.0 2.110 1.   10.
  19 1963  238 14158.  20.9 31.0 2.106 1.    4.
  19 1963  239 14193.  20.9 31.0 2.102 1.   14.
  19 1963  240 14228.  20.9 31.1 2.098 1.   26.
  19 1963  241 14263.  20.9 31.1 2.094 1.    5.
  19 1963  242 14297.  20.9 31.1 2.090 1.   15.
  19 1963  243 14330.  20.8 31.2 2.087 1.   10.
  19 1963  244 14364.  20.8 31.2 2.083 1.   44.
  19 1963  245 14396.  20.8 31.2 2.079 1.    0.
  19 1963  246 14428.  20.8 31.3 2.075 1.   22.
  19 1963  247 14460.  20.8 31.3 2.071 1.   38.
  19 1963  248 14490.  20.8 31.3 2.067 1.    1.
  19 1963  249 14521.  20.7 31.4 2.063 1.    0.
  19 1963  250 14551.  20.7 31.4 2.059 1.    4.
  19 1963  251 14580.  20.7 31.5 2.055 1.    0.
  19 1963  252 14608.  20.7 31.5 2.051 1.   12.
  19 1963  253 14636.  20.7 31.5 2.047 1.    1.
  19 1963  254 14664.  20.7 31.6 2.043 1.    2.
  19 1963  255 14691.  20.6 31.6 2.039 1.    3.
  19 1963  256 14717.  20.6 31.6 2.035 1.   35.
  19 1963  257 14742.  20.6 31.7 2.031 1.    0.
  19 1963  258 14767.  20.6 31.7 2.027 1.   20.
  19 1963  259 14851.  20.6 31.7 2.025 1.   33.
  19 1963  260 14934.  20.6 31.7 2.023 1.   29.
  19 1963  261 15016.  20.6 31.8 2.021 1.   20.
  19 1963  262 15098.  20.6 31.8 2.019 1.    0.
  19 1963  263 15179.  20.6 31.8 2.017 1.    1.
  19 1963  264 15259.  20.6 31.8 2.015 1.    5.
  19 1963  265 15338.  20.6 31.8 2.013 1.    0.
  19 1963  266 15417.  20.6 31.8 2.011 1.    0.
  19 1963  267 15495.  20.6 31.9 2.009 1.    3.
  19 1963  268 15572.  20.6 31.9 2.007 1.   26.
  19 1963  269 15649.  20.6 31.9 2.005 1.    0.
  19 1963  270 15725.  20.6 31.9 2.003 1.    6.
  19 1963  271 15800.  20.6 31.9 2.001 1.   13.
  19 1963  272 15874.  20.6 31.9 1.999 1.    0.
  19 1963  273 15947.  20.6 32.0 1.997 1.   13.
  19 1963  274 16020.  20.6 32.0 1.995 1.    0.
  19 1963  275 16092.  20.6 32.0 1.993 1.   49.
  19 1963  276 16163.  20.6 32.0 1.991 1.   17.
  19 1963  277 16233.  20.6 32.0 1.989 1.   11.
  19 1963  278 16302.  20.6 32.0 1.987 1.   45.
  19 1963  279 16371.  20.6 32.0 1.985 1.   45.
  19 1963  280 16439.  20.6 32.1 1.983 1.    3.
  19 1963  281 16505.  20.6 32.1 1.981 1.    0.
  19 1963  282 16572.  20.6 32.1 1.979 1.    0.
  19 1963  283 16637.  20.6 32.1 1.977 1.    0.
  19 1963  284 16702.  20.6 32.1 1.975 1.    0.
  19 1963  285 16766.  20.6 32.2 1.973 1.   40.
  19 1963  286 16829.  20.6 32.2 1.971 1.   20.
  19 1963  287 16891.  20.6 32.2 1.969 1.    2.
  19 1963  288 16953.  20.6 32.2 1.967 1.    0.
  19 1963  289 16992.  20.5 32.2 1.957 1.    6.
  19 1963  290 17030.  20.5 32.3 1.947 1.    0.
  19 1963  291 17068.  20.4 32.3 1.937 1.    6.
  19 1963  292 17105.  20.3 32.3 1.927 1.   28.
  19 1963  293 17142.  20.2 32.4 1.917 1.    1.
  19 1963  294 17178.  20.2 32.4 1.907 1.    3.
  19 1963  295 17213.  20.1 32.4 1.897 1.    1.
  19 1963  296 17248.  20.0 32.5 1.887 1.    0.
  19 1963  297 17282.  19.9 32.5 1.877 1.    0.
  19 1963  298 17316.  19.9 32.6 1.867 1.    0.
  19 1963  299 17349.  19.8 32.6 1.857 1.   18.
  19 1963  300 17382.  19.7 32.6 1.847 1.    7.
  19 1963  301 17414.  19.6 32.7 1.837 1.    0.
  19 1963  302 17446.  19.6 32.7 1.827 1.   64.
  19 1963  303 17478.  19.5 32.7 1.817 1.    4.
  19 1963  304 17509.  19.4 32.8 1.806 1.    8.
  19 1963  305 17540.  19.3 32.8 1.796 1.    0.
  19 1963  306 17571.  19.3 32.8 1.786 1.    0.
  19 1963  307 17601.  19.2 32.9 1.776 1.    1.
  19 1963  308 17631.  19.1 32.9 1.766 1.    0.
  19 1963  309 17661.  19.0 32.9 1.756 1.    1.
  19 1963  310 17691.  19.0 33.0 1.746 1.    0.
  19 1963  311 17721.  18.9 33.0 1.736 1.    0.
  19 1963  312 17750.  18.8 33.1 1.726 1.    0.
  19 1963  313 17780.  18.7 33.1 1.716 1.    0.
  19 1963  314 17809.  18.7 33.1 1.706 1.    0.
  19 1963  315 17839.  18.6 33.2 1.696 1.    0.
  19 1963  316 17869.  18.5 33.2 1.686 1.    0.
  19 1963  317 17898.  18.4 33.2 1.676 1.    0.
  19 1963  318 17928.  18.4 33.3 1.666 1.    0.
  19 1963  319 17958.  18.3 33.3 1.656 1.    0.
  19 1963  320 17931.  18.2 33.3 1.653 1.    0.
  19 1963  321 17903.  18.2 33.3 1.650 1.    7.
  19 1963  322 17877.  18.1 33.3 1.648 1.    0.
  19 1963  323 17850.  18.1 33.2 1.645 1.    0.
  19 1963  324 17825.  18.0 33.2 1.642 1.    0.
  19 1963  325 17799.  18.0 33.2 1.639 1.    0.
  19 1963  326 17775.  17.9 33.2 1.636 1.    0.
  19 1963  327 17751.  17.9 33.2 1.634 1.    0.
  19 1963  328 17728.  17.8 33.1 1.631 1.    5.
  19 1963  329 17705.  17.8 33.1 1.628 1.    4.
  19 1963  330 17683.  17.7 33.1 1.625 1.    0.
  19 1963  331 17662.  17.7 33.1 1.622 1.    0.
  19 1963  332 17642.  17.6 33.1 1.620 1.    0.
  19 1963  333 17623.  17.6 33.1 1.617 1.    0.
  19 1963  334 17604.  17.5 33.0 1.614 1.    7.
  19 1963  335 17586.  17.4 33.0 1.611 1.    0.
  19 1963  336 17570.  17.4 33.0 1.608 1.    0.
  19 1963  337 17554.  17.3 33.0 1.606 1.    0.
  19 1963  338 17539.  17.3 33.0 1.603 1.   11.
  19 1963  339 17525.  17.2 33.0 1.600 1.    0.
  19 1963  340 17512.  17.2 33.0 1.597 1.    0.
  19 1963  341 17500.  17.1 32.9 1.594 1.    0.
  19 1963  342 17490.  17.1 32.9 1.592 1.    0.
  19 1963  343 17480.  17.0 32.9 1.589 1.    0.
  19 1963  344 17471.  17.0 32.9 1.586 1.    0.
  19 1963  345 17464.  16.9 32.9 1.583 1.    0.
  19 1963  346 17457.  16.9 32.8 1.580 1.    0.
  19 1963  347 17452.  16.8 32.8 1.578 1.    0.
  19 1963  348 17448.  16.8 32.8 1.575 1.    0.
  19 1963  349 17445.  16.7 32.8 1.572 1.    0.
  19 1963  350 17426.  16.8 32.8 1.585 1.   54.
  19 1963  351 17409.  16.9 32.9 1.597 1.    0.
  19 1963  352 17393.  17.0 32.9 1.610 1.    0.
  19 1963  353 17378.  17.0 32.9 1.622 1.    0.
  19 1963  354 17364.  17.1 33.0 1.635 1.    0.
  19 1963  355 17351.  17.2 33.0 1.647 1.    0.
  19 1963  356 17340.  17.3 33.0 1.660 1.    0.
  19 1963  357 17329.  17.4 33.1 1.673 1.   27.
  19 1963  358 17320.  17.5 33.1 1.685 1.    0.
  19 1963  359 17312.  17.5 33.1 1.698 1.    0.
  19 1963  360 17306.  17.6 33.2 1.710 1.    0.
  19 1963  361 17300.  17.7 33.2 1.723 1.    0.
  19 1963  362 17295.  17.8 33.2 1.735 1.    0.
  19 1963  363 17292.  17.9 33.3 1.748 1.    0.
  19 1963  364 17290.  18.0 33.3 1.760 1.    0.
  19 1963  365 17289.  18.0 33.3 1.773 1.    0.
