*---------------------------------------------------------*
*   Country: Ghana
*   Station: Tafo
*      Year: 1972
*    Author: W. Gerritsma
*    Source: Cocoa Research Institute,
*            Annual Report 1972-1973 (1975)
* Longitude: 000 22 W
*  Latitude: 06 15 N
* Elevation: 200 m.
*  WMO-code: -
*  Comments: Cocoa Research Institute Ghana
*            Interpolated daily values
*  Columns:
*  ========
*  station number
*  year
*  day
*  global radiation (kJ m-2 d-1)
*  minimum temperature (degrees Celsius)
*  maximum temperature (degrees Celsius)
*  vapour pressure (kPa)
*  mean wind speed (m s-1)
*  precipitation.rainy days (mm d-1.d)
*---------------------------------------------------------*
 359.63 6.25 200.0 0.0 0.0
  19 1972    1 13186.  20.7 31.8 2.091 1.    0.
  19 1972    2 13239.  20.6 31.8 2.087 1.    0.
  19 1972    3 13293.  20.6 31.8 2.083 1.    0.
  19 1972    4 13347.  20.5 31.8 2.079 1.    0.
  19 1972    5 13401.  20.5 31.8 2.075 1.    0.
  19 1972    6 13455.  20.5 31.8 2.071 1.   35.
  19 1972    7 13508.  20.4 31.8 2.067 1.    0.
  19 1972    8 13562.  20.4 31.8 2.063 1.    0.
  19 1972    9 13616.  20.3 31.8 2.058 1.    0.
  19 1972   10 13670.  20.3 31.8 2.054 1.    0.
  19 1972   11 13724.  20.3 31.8 2.050 1.   21.
  19 1972   12 13778.  20.2 31.8 2.046 1.    0.
  19 1972   13 13831.  20.2 31.8 2.042 1.    0.
  19 1972   14 13885.  20.1 31.8 2.038 1.    0.
  19 1972   15 13939.  20.1 31.8 2.034 1.    0.
  19 1972   16 14000.  20.1 31.8 2.035 1.    0.
  19 1972   17 14062.  20.2 31.9 2.037 1.    0.
  19 1972   18 14123.  20.2 31.9 2.038 1.   40.
  19 1972   19 14185.  20.2 32.0 2.039 1.    0.
  19 1972   20 14246.  20.2 32.0 2.041 1.    0.
  19 1972   21 14307.  20.3 32.0 2.042 1.    0.
  19 1972   22 14369.  20.3 32.1 2.043 1.    0.
  19 1972   23 14430.  20.3 32.1 2.045 1.    0.
  19 1972   24 14492.  20.3 32.2 2.046 1.    0.
  19 1972   25 14553.  20.4 32.2 2.047 1.    0.
  19 1972   26 14614.  20.4 32.2 2.049 1.    0.
  19 1972   27 14676.  20.4 32.3 2.050 1.    0.
  19 1972   28 14737.  20.4 32.3 2.051 1.    0.
  19 1972   29 14799.  20.5 32.4 2.053 1.    0.
  19 1972   30 14860.  20.5 32.4 2.054 1.    0.
  19 1972   31 14921.  20.5 32.4 2.055 1.    0.
  19 1972   32 14983.  20.6 32.5 2.057 1.    0.
  19 1972   33 15044.  20.6 32.5 2.058 1.    0.
  19 1972   34 15106.  20.6 32.6 2.059 1.   24.
  19 1972   35 15167.  20.6 32.6 2.061 1.    0.
  19 1972   36 15228.  20.7 32.6 2.062 1.    0.
  19 1972   37 15290.  20.7 32.7 2.063 1.    1.
  19 1972   38 15351.  20.7 32.7 2.065 1.    0.
  19 1972   39 15413.  20.7 32.8 2.066 1.    0.
  19 1972   40 15474.  20.8 32.8 2.067 1.    0.
  19 1972   41 15535.  20.8 32.8 2.069 1.    0.
  19 1972   42 15597.  20.8 32.9 2.070 1.    0.
  19 1972   43 15658.  20.8 32.9 2.071 1.    0.
  19 1972   44 15720.  20.9 33.0 2.073 1.    5.
  19 1972   45 15781.  20.9 33.0 2.074 1.    8.
  19 1972   46 15805.  20.9 33.0 2.073 1.    0.
  19 1972   47 15828.  20.9 33.0 2.072 1.    0.
  19 1972   48 15852.  20.9 32.9 2.071 1.    3.
  19 1972   49 15876.  20.9 32.9 2.070 1.    0.
  19 1972   50 15900.  20.9 32.9 2.069 1.    0.
  19 1972   51 15923.  20.9 32.9 2.068 1.    5.
  19 1972   52 15947.  20.9 32.8 2.067 1.    1.
  19 1972   53 15971.  21.0 32.8 2.066 1.    0.
  19 1972   54 15995.  21.0 32.8 2.065 1.    0.
  19 1972   55 16018.  21.0 32.8 2.064 1.    0.
  19 1972   56 16042.  21.0 32.7 2.063 1.    0.
  19 1972   57 16066.  21.0 32.7 2.062 1.    0.
  19 1972   58 16090.  21.0 32.7 2.061 1.   13.
  19 1972   59 16113.  21.0 32.7 2.060 1.    0.
  19 1972   60 16137.  21.0 32.6 2.059 1.    0.
  19 1972   61 16161.  21.0 32.6 2.059 1.   23.
  19 1972   62 16184.  21.0 32.6 2.058 1.   15.
  19 1972   63 16208.  21.0 32.6 2.057 1.   12.
  19 1972   64 16232.  21.0 32.6 2.056 1.    0.
  19 1972   65 16256.  21.0 32.5 2.055 1.    0.
  19 1972   66 16279.  21.0 32.5 2.054 1.    0.
  19 1972   67 16303.  21.0 32.5 2.053 1.    0.
  19 1972   68 16327.  21.1 32.5 2.052 1.    0.
  19 1972   69 16351.  21.1 32.4 2.051 1.    1.
  19 1972   70 16374.  21.1 32.4 2.050 1.    1.
  19 1972   71 16398.  21.1 32.4 2.049 1.    0.
  19 1972   72 16422.  21.1 32.4 2.048 1.    6.
  19 1972   73 16446.  21.1 32.3 2.047 1.    0.
  19 1972   74 16469.  21.1 32.3 2.046 1.    6.
  19 1972   75 16493.  21.1 32.3 2.045 1.    5.
  19 1972   76 16490.  21.1 32.3 2.046 1.    3.
  19 1972   77 16488.  21.1 32.3 2.046 1.    0.
  19 1972   78 16485.  21.1 32.3 2.047 1.    0.
  19 1972   79 16482.  21.2 32.3 2.048 1.    0.
  19 1972   80 16479.  21.2 32.3 2.048 1.    0.
  19 1972   81 16477.  21.2 32.3 2.049 1.    0.
  19 1972   82 16474.  21.2 32.3 2.050 1.   12.
  19 1972   83 16471.  21.2 32.2 2.050 1.    6.
  19 1972   84 16469.  21.2 32.2 2.051 1.    0.
  19 1972   85 16466.  21.3 32.2 2.052 1.    0.
  19 1972   86 16463.  21.3 32.2 2.052 1.    0.
  19 1972   87 16460.  21.3 32.2 2.053 1.    0.
  19 1972   88 16458.  21.3 32.2 2.054 1.    0.
  19 1972   89 16455.  21.3 32.2 2.054 1.    0.
  19 1972   90 16452.  21.3 32.2 2.055 1.   74.
  19 1972   91 16450.  21.4 32.2 2.056 1.    0.
  19 1972   92 16447.  21.4 32.2 2.057 1.    0.
  19 1972   93 16444.  21.4 32.2 2.057 1.    9.
  19 1972   94 16442.  21.4 32.2 2.058 1.    0.
  19 1972   95 16439.  21.4 32.2 2.059 1.    0.
  19 1972   96 16436.  21.4 32.2 2.059 1.    0.
  19 1972   97 16433.  21.5 32.2 2.060 1.    5.
  19 1972   98 16431.  21.5 32.2 2.061 1.   16.
  19 1972   99 16428.  21.5 32.1 2.061 1.    0.
  19 1972  100 16425.  21.5 32.1 2.062 1.   33.
  19 1972  101 16423.  21.5 32.1 2.063 1.    8.
  19 1972  102 16420.  21.5 32.1 2.063 1.    0.
  19 1972  103 16417.  21.6 32.1 2.064 1.    0.
  19 1972  104 16414.  21.6 32.1 2.065 1.   44.
  19 1972  105 16412.  21.6 32.1 2.065 1.    0.
  19 1972  106 16409.  21.6 32.1 2.066 1.    0.
  19 1972  107 16369.  21.6 32.1 2.073 1.   10.
  19 1972  108 16328.  21.6 32.1 2.079 1.    0.
  19 1972  109 16288.  21.7 32.0 2.086 1.    8.
  19 1972  110 16247.  21.7 32.0 2.093 1.    0.
  19 1972  111 16207.  21.7 32.0 2.099 1.    0.
  19 1972  112 16166.  21.7 32.0 2.106 1.    6.
  19 1972  113 16126.  21.7 32.0 2.113 1.    0.
  19 1972  114 16085.  21.8 32.0 2.120 1.    0.
  19 1972  115 16045.  21.8 31.9 2.126 1.    0.
  19 1972  116 16004.  21.8 31.9 2.133 1.    0.
  19 1972  117 15964.  21.8 31.9 2.140 1.    0.
  19 1972  118 15923.  21.8 31.9 2.146 1.    0.
  19 1972  119 15883.  21.9 31.9 2.153 1.    0.
  19 1972  120 15842.  21.9 31.9 2.160 1.   19.
  19 1972  121 15802.  21.9 31.9 2.167 1.    0.
  19 1972  122 15762.  21.9 31.8 2.173 1.    1.
  19 1972  123 15721.  21.9 31.8 2.180 1.    1.
  19 1972  124 15681.  22.0 31.8 2.187 1.    2.
  19 1972  125 15640.  22.0 31.8 2.193 1.    0.
  19 1972  126 15600.  22.0 31.8 2.200 1.    5.
  19 1972  127 15559.  22.0 31.8 2.207 1.    0.
  19 1972  128 15519.  22.0 31.7 2.213 1.    0.
  19 1972  129 15478.  22.1 31.7 2.220 1.   10.
  19 1972  130 15438.  22.1 31.7 2.227 1.    0.
  19 1972  131 15397.  22.1 31.7 2.234 1.   50.
  19 1972  132 15357.  22.1 31.7 2.240 1.    1.
  19 1972  133 15316.  22.1 31.6 2.247 1.    0.
  19 1972  134 15276.  22.2 31.6 2.254 1.    0.
  19 1972  135 15235.  22.2 31.6 2.260 1.    2.
  19 1972  136 15195.  22.2 31.6 2.267 1.   17.
  19 1972  137 15137.  22.2 31.5 2.264 1.    0.
  19 1972  138 15079.  22.2 31.5 2.260 1.    7.
  19 1972  139 15021.  22.1 31.4 2.257 1.   10.
  19 1972  140 14963.  22.1 31.3 2.254 1.    0.
  19 1972  141 14905.  22.1 31.3 2.250 1.    0.
  19 1972  142 14847.  22.1 31.2 2.247 1.    0.
  19 1972  143 14789.  22.1 31.1 2.244 1.    0.
  19 1972  144 14730.  22.0 31.1 2.240 1.    0.
  19 1972  145 14672.  22.0 31.0 2.237 1.   18.
  19 1972  146 14614.  22.0 30.9 2.234 1.    4.
  19 1972  147 14556.  22.0 30.9 2.230 1.   18.
  19 1972  148 14498.  22.0 30.8 2.227 1.   27.
  19 1972  149 14440.  21.9 30.7 2.224 1.    1.
  19 1972  150 14382.  21.9 30.7 2.220 1.    0.
  19 1972  151 14324.  21.9 30.6 2.217 1.   12.
  19 1972  152 14266.  21.9 30.5 2.214 1.    0.
  19 1972  153 14208.  21.9 30.4 2.211 1.    0.
  19 1972  154 14150.  21.9 30.4 2.207 1.    0.
  19 1972  155 14092.  21.8 30.3 2.204 1.    0.
  19 1972  156 14034.  21.8 30.2 2.201 1.   11.
  19 1972  157 13976.  21.8 30.2 2.197 1.    1.
  19 1972  158 13918.  21.8 30.1 2.194 1.    0.
  19 1972  159 13860.  21.8 30.0 2.191 1.   12.
  19 1972  160 13801.  21.7 30.0 2.187 1.    1.
  19 1972  161 13743.  21.7 29.9 2.184 1.    4.
  19 1972  162 13685.  21.7 29.8 2.181 1.    0.
  19 1972  163 13627.  21.7 29.8 2.177 1.   15.
  19 1972  164 13569.  21.7 29.7 2.174 1.    0.
  19 1972  165 13511.  21.6 29.6 2.171 1.   21.
  19 1972  166 13453.  21.6 29.6 2.167 1.   49.
  19 1972  167 13395.  21.6 29.5 2.164 1.    0.
  19 1972  168 13289.  21.6 29.5 2.169 1.    0.
  19 1972  169 13183.  21.6 29.4 2.174 1.    8.
  19 1972  170 13077.  21.7 29.4 2.180 1.    0.
  19 1972  171 12971.  21.7 29.4 2.185 1.    0.
  19 1972  172 12865.  21.7 29.4 2.190 1.    0.
  19 1972  173 12759.  21.7 29.3 2.195 1.    0.
  19 1972  174 12653.  21.7 29.3 2.200 1.    0.
  19 1972  175 12547.  21.8 29.3 2.206 1.    0.
  19 1972  176 12441.  21.8 29.3 2.211 1.    2.
  19 1972  177 12335.  21.8 29.2 2.216 1.    0.
  19 1972  178 12229.  21.8 29.2 2.221 1.    6.
  19 1972  179 12123.  21.8 29.2 2.226 1.    2.
  19 1972  180 12017.  21.9 29.2 2.232 1.    3.
  19 1972  181 11911.  21.9 29.1 2.237 1.    2.
  19 1972  182 11805.  21.9 29.1 2.242 1.    0.
  19 1972  183 11698.  21.9 29.1 2.247 1.    6.
  19 1972  184 11592.  21.9 29.0 2.252 1.    1.
  19 1972  185 11486.  22.0 29.0 2.258 1.    3.
  19 1972  186 11380.  22.0 29.0 2.263 1.    1.
  19 1972  187 11274.  22.0 29.0 2.268 1.    0.
  19 1972  188 11168.  22.0 28.9 2.273 1.    0.
  19 1972  189 11062.  22.0 28.9 2.278 1.    3.
  19 1972  190 10956.  22.1 28.9 2.284 1.    4.
  19 1972  191 10850.  22.1 28.9 2.289 1.    0.
  19 1972  192 10744.  22.1 28.8 2.294 1.    8.
  19 1972  193 10638.  22.1 28.8 2.299 1.    0.
  19 1972  194 10532.  22.1 28.8 2.304 1.    0.
  19 1972  195 10426.  22.2 28.8 2.310 1.    0.
  19 1972  196 10320.  22.2 28.7 2.315 1.    0.
  19 1972  197 10214.  22.2 28.7 2.320 1.    0.
  19 1972  198 10264.  22.2 28.7 2.316 1.    2.
  19 1972  199 10314.  22.1 28.7 2.312 1.   11.
  19 1972  200 10364.  22.1 28.6 2.308 1.    4.
  19 1972  201 10414.  22.1 28.6 2.304 1.    1.
  19 1972  202 10464.  22.1 28.6 2.300 1.    0.
  19 1972  203 10514.  22.0 28.6 2.296 1.    0.
  19 1972  204 10564.  22.0 28.6 2.292 1.    0.
  19 1972  205 10614.  22.0 28.5 2.289 1.    0.
  19 1972  206 10664.  21.9 28.5 2.285 1.    0.
  19 1972  207 10714.  21.9 28.5 2.281 1.    0.
  19 1972  208 10764.  21.9 28.5 2.277 1.    0.
  19 1972  209 10814.  21.9 28.5 2.273 1.    0.
  19 1972  210 10864.  21.8 28.4 2.269 1.    2.
  19 1972  211 10914.  21.8 28.4 2.265 1.   11.
  19 1972  212 10964.  21.8 28.4 2.261 1.    3.
  19 1972  213 11013.  21.7 28.4 2.257 1.    0.
  19 1972  214 11063.  21.7 28.4 2.253 1.    0.
  19 1972  215 11113.  21.7 28.4 2.249 1.    2.
  19 1972  216 11163.  21.6 28.3 2.245 1.    0.
  19 1972  217 11213.  21.6 28.3 2.241 1.    0.
  19 1972  218 11263.  21.6 28.3 2.237 1.    0.
  19 1972  219 11313.  21.6 28.3 2.233 1.    0.
  19 1972  220 11363.  21.5 28.3 2.229 1.    0.
  19 1972  221 11413.  21.5 28.2 2.226 1.    1.
  19 1972  222 11463.  21.5 28.2 2.222 1.    9.
  19 1972  223 11513.  21.4 28.2 2.218 1.    1.
  19 1972  224 11563.  21.4 28.2 2.214 1.    0.
  19 1972  225 11613.  21.4 28.2 2.210 1.    0.
  19 1972  226 11663.  21.4 28.1 2.206 1.   14.
  19 1972  227 11713.  21.3 28.1 2.202 1.    0.
  19 1972  228 11763.  21.3 28.1 2.198 1.    0.
  19 1972  229 11786.  21.3 28.1 2.200 1.    0.
  19 1972  230 11809.  21.3 28.2 2.202 1.   15.
  19 1972  231 11832.  21.4 28.2 2.204 1.    0.
  19 1972  232 11855.  21.4 28.3 2.206 1.    5.
  19 1972  233 11878.  21.4 28.3 2.208 1.   12.
  19 1972  234 11901.  21.4 28.4 2.210 1.    0.
  19 1972  235 11924.  21.4 28.4 2.212 1.    6.
  19 1972  236 11946.  21.5 28.4 2.213 1.    2.
  19 1972  237 11969.  21.5 28.5 2.215 1.    0.
  19 1972  238 11992.  21.5 28.5 2.217 1.    2.
  19 1972  239 12015.  21.5 28.6 2.219 1.    0.
  19 1972  240 12038.  21.5 28.6 2.221 1.    0.
  19 1972  241 12061.  21.6 28.6 2.223 1.    0.
  19 1972  242 12084.  21.6 28.7 2.225 1.    3.
  19 1972  243 12107.  21.6 28.7 2.227 1.    0.
  19 1972  244 12130.  21.6 28.8 2.229 1.    1.
  19 1972  245 12153.  21.6 28.8 2.231 1.    0.
  19 1972  246 12176.  21.6 28.9 2.233 1.   10.
  19 1972  247 12199.  21.7 28.9 2.235 1.    6.
  19 1972  248 12222.  21.7 28.9 2.237 1.    6.
  19 1972  249 12245.  21.7 29.0 2.239 1.    0.
  19 1972  250 12268.  21.7 29.0 2.241 1.    1.
  19 1972  251 12291.  21.7 29.1 2.243 1.    1.
  19 1972  252 12313.  21.8 29.1 2.244 1.    0.
  19 1972  253 12336.  21.8 29.1 2.246 1.    1.
  19 1972  254 12359.  21.8 29.2 2.248 1.    1.
  19 1972  255 12382.  21.8 29.2 2.250 1.    0.
  19 1972  256 12405.  21.8 29.3 2.252 1.    0.
  19 1972  257 12428.  21.9 29.3 2.254 1.   11.
  19 1972  258 12451.  21.9 29.4 2.256 1.    0.
  19 1972  259 12474.  21.9 29.4 2.258 1.    6.
  19 1972  260 12583.  21.9 29.5 2.267 1.    0.
  19 1972  261 12692.  21.9 29.5 2.276 1.    0.
  19 1972  262 12801.  21.9 29.6 2.286 1.    0.
  19 1972  263 12909.  22.0 29.6 2.295 1.    3.
  19 1972  264 13018.  22.0 29.7 2.304 1.    0.
  19 1972  265 13127.  22.0 29.7 2.313 1.    0.
  19 1972  266 13236.  22.0 29.8 2.323 1.    0.
  19 1972  267 13345.  22.0 29.9 2.332 1.    1.
  19 1972  268 13454.  22.0 29.9 2.341 1.    0.
  19 1972  269 13562.  22.0 30.0 2.350 1.   15.
  19 1972  270 13671.  22.0 30.0 2.360 1.    0.
  19 1972  271 13780.  22.1 30.1 2.369 1.    0.
  19 1972  272 13889.  22.1 30.1 2.378 1.    0.
  19 1972  273 13998.  22.1 30.2 2.387 1.   16.
  19 1972  274 14107.  22.1 30.3 2.397 1.    0.
  19 1972  275 14215.  22.1 30.3 2.406 1.   20.
  19 1972  276 14324.  22.1 30.4 2.415 1.   14.
  19 1972  277 14433.  22.1 30.4 2.424 1.    4.
  19 1972  278 14542.  22.2 30.5 2.433 1.    0.
  19 1972  279 14651.  22.2 30.5 2.443 1.    0.
  19 1972  280 14760.  22.2 30.6 2.452 1.    0.
  19 1972  281 14868.  22.2 30.6 2.461 1.    0.
  19 1972  282 14977.  22.2 30.7 2.470 1.   13.
  19 1972  283 15086.  22.2 30.8 2.480 1.    0.
  19 1972  284 15195.  22.2 30.8 2.489 1.    4.
  19 1972  285 15304.  22.2 30.9 2.498 1.    1.
  19 1972  286 15413.  22.3 30.9 2.507 1.    0.
  19 1972  287 15521.  22.3 31.0 2.517 1.    0.
  19 1972  288 15630.  22.3 31.0 2.526 1.    0.
  19 1972  289 15739.  22.3 31.1 2.535 1.    0.
  19 1972  290 15740.  22.3 31.1 2.522 1.    0.
  19 1972  291 15742.  22.3 31.2 2.510 1.   12.
  19 1972  292 15743.  22.3 31.2 2.497 1.    0.
  19 1972  293 15744.  22.2 31.3 2.484 1.    0.
  19 1972  294 15746.  22.2 31.3 2.472 1.    6.
  19 1972  295 15747.  22.2 31.3 2.459 1.    0.
  19 1972  296 15748.  22.2 31.4 2.446 1.    8.
  19 1972  297 15750.  22.2 31.4 2.434 1.   16.
  19 1972  298 15751.  22.2 31.4 2.421 1.   11.
  19 1972  299 15753.  22.2 31.5 2.408 1.    4.
  19 1972  300 15754.  22.2 31.5 2.396 1.   13.
  19 1972  301 15755.  22.1 31.6 2.383 1.    0.
  19 1972  302 15757.  22.1 31.6 2.370 1.    0.
  19 1972  303 15758.  22.1 31.6 2.358 1.    3.
  19 1972  304 15759.  22.1 31.7 2.345 1.   11.
  19 1972  305 15761.  22.1 31.7 2.332 1.    0.
  19 1972  306 15762.  22.1 31.8 2.319 1.    0.
  19 1972  307 15763.  22.1 31.8 2.307 1.    0.
  19 1972  308 15765.  22.1 31.8 2.294 1.    1.
  19 1972  309 15766.  22.0 31.9 2.281 1.    0.
  19 1972  310 15767.  22.0 31.9 2.269 1.    0.
  19 1972  311 15769.  22.0 32.0 2.256 1.    0.
  19 1972  312 15770.  22.0 32.0 2.243 1.    0.
  19 1972  313 15772.  22.0 32.0 2.231 1.    0.
  19 1972  314 15773.  22.0 32.1 2.218 1.    1.
  19 1972  315 15774.  22.0 32.1 2.205 1.    2.
  19 1972  316 15776.  22.0 32.1 2.193 1.    0.
  19 1972  317 15777.  21.9 32.2 2.180 1.    7.
  19 1972  318 15778.  21.9 32.2 2.167 1.    0.
  19 1972  319 15780.  21.9 32.3 2.155 1.    0.
  19 1972  320 15781.  21.9 32.3 2.142 1.    0.
  19 1972  321 15669.  21.9 32.3 2.142 1.    0.
  19 1972  322 15558.  21.9 32.3 2.142 1.    0.
  19 1972  323 15446.  21.8 32.3 2.143 1.    0.
  19 1972  324 15334.  21.8 32.2 2.143 1.    0.
  19 1972  325 15223.  21.8 32.2 2.143 1.    0.
  19 1972  326 15111.  21.8 32.2 2.143 1.    0.
  19 1972  327 15000.  21.7 32.2 2.143 1.    0.
  19 1972  328 14888.  21.7 32.2 2.144 1.    0.
  19 1972  329 14776.  21.7 32.2 2.144 1.    1.
  19 1972  330 14665.  21.7 32.2 2.144 1.    0.
  19 1972  331 14553.  21.6 32.2 2.144 1.    0.
  19 1972  332 14441.  21.6 32.1 2.144 1.    1.
  19 1972  333 14330.  21.6 32.1 2.145 1.    0.
  19 1972  334 14218.  21.6 32.1 2.145 1.    0.
  19 1972  335 14107.  21.6 32.1 2.145 1.    0.
  19 1972  336 13995.  21.5 32.1 2.145 1.    0.
  19 1972  337 13883.  21.5 32.1 2.145 1.   21.
  19 1972  338 13772.  21.5 32.1 2.146 1.    0.
  19 1972  339 13660.  21.5 32.0 2.146 1.    0.
  19 1972  340 13548.  21.4 32.0 2.146 1.    0.
  19 1972  341 13437.  21.4 32.0 2.146 1.    0.
  19 1972  342 13325.  21.4 32.0 2.146 1.    0.
  19 1972  343 13213.  21.4 32.0 2.147 1.    3.
  19 1972  344 13102.  21.3 32.0 2.147 1.   18.
  19 1972  345 12990.  21.3 32.0 2.147 1.    0.
  19 1972  346 12879.  21.3 32.0 2.147 1.    0.
  19 1972  347 12767.  21.3 31.9 2.147 1.    0.
  19 1972  348 12655.  21.2 31.9 2.148 1.    0.
  19 1972  349 12544.  21.2 31.9 2.148 1.    4.
  19 1972  350 12432.  21.2 31.9 2.148 1.    0.
  19 1972  351 12479.  21.2 31.9 2.144 1.    0.
  19 1972  352 12526.  21.1 31.9 2.141 1.    0.
  19 1972  353 12573.  21.1 31.9 2.137 1.    0.
  19 1972  354 12620.  21.1 31.9 2.134 1.    0.
  19 1972  355 12667.  21.0 31.9 2.130 1.    0.
  19 1972  356 12715.  21.0 31.9 2.127 1.    0.
  19 1972  357 12762.  21.0 31.9 2.123 1.    0.
  19 1972  358 12809.  20.9 31.9 2.120 1.    0.
  19 1972  359 12856.  20.9 31.9 2.116 1.    0.
  19 1972  360 12903.  20.9 31.9 2.112 1.    0.
  19 1972  361 12950.  20.8 31.9 2.109 1.    1.
  19 1972  362 12997.  20.8 31.9 2.105 1.    0.
  19 1972  363 13044.  20.8 31.9 2.102 1.    0.
  19 1972  364 13091.  20.7 31.9 2.098 1.   15.
  19 1972  365 13138.  20.7 31.9 2.095 1.    4.
  19 1972  366 13186.  20.7 31.8 2.091 1.    0.
