*---------------------------------------------------------*
*   Country: Ghana
*   Station: Tafo
*      Year: 1982
*    Author: W. Gerritsma
*    Source: Cocoa Research Institute,
*            Annual Report 1982/83
* Longitude: 000 22 W
*  Latitude: 06 15 N
* Elevation: 200 m.
*  WMO-code: -
*  Comments: Cocoa Research Institute Ghana
*            Interpolated daily values
*  Columns:
*  ========
*  station number
*  year
*  day
*  global radiation
*  minimum temperature (degrees Celsius)
*  maximum temperature (degrees Celsius)
*  vapour pressure (kPa)
*  mean wind speed (m s-1)
*  precipitation.rainy days (mm d-1.d)
*---------------------------------------------------------*
 359.63 6.25 200.0 0.0 0.0
  19 1982    1 17589.  19.4 32.8 2.647 1.    0.
  19 1982    2 17638.  19.3 32.9 2.572 1.    0.
  19 1982    3 17689.  19.2 33.0 2.496 1.    0.
  19 1982    4 17741.  19.1 33.1 2.421 1.    0.
  19 1982    5 17794.  19.0 33.1 2.345 1.    0.
  19 1982    6 17848.  18.9 33.2 2.270 1.    0.
  19 1982    7 17904.  18.8 33.3 2.194 1.    0.
  19 1982    8 17960.  18.6 33.4 2.119 1.    0.
  19 1982    9 18017.  18.5 33.5 2.044 1.    0.
  19 1982   10 18076.  18.4 33.6 1.968 1.    0.
  19 1982   11 18135.  18.3 33.7 1.893 1.    0.
  19 1982   12 18196.  18.2 33.7 1.817 1.    0.
  19 1982   13 18257.  18.1 33.8 1.742 1.    0.
  19 1982   14 18320.  18.0 33.9 1.666 1.    0.
  19 1982   15 18383.  17.9 34.0 1.591 1.    0.
  19 1982   16 18352.  18.0 34.0 1.610 1.    0.
  19 1982   17 18322.  18.1 34.0 1.630 1.    0.
  19 1982   18 18293.  18.2 34.0 1.649 1.    0.
  19 1982   19 18263.  18.4 34.0 1.669 1.    0.
  19 1982   20 18235.  18.5 34.0 1.688 1.    0.
  19 1982   21 18207.  18.6 34.1 1.707 1.    0.
  19 1982   22 18179.  18.7 34.1 1.727 1.    0.
  19 1982   23 18151.  18.8 34.1 1.746 1.    0.
  19 1982   24 18124.  18.9 34.1 1.766 1.    0.
  19 1982   25 18097.  19.0 34.1 1.785 1.    1.
  19 1982   26 18070.  19.1 34.1 1.804 1.    0.
  19 1982   27 18044.  19.3 34.1 1.824 1.    0.
  19 1982   28 18017.  19.4 34.1 1.843 1.    0.
  19 1982   29 17991.  19.5 34.1 1.863 1.    0.
  19 1982   30 17964.  19.6 34.2 1.882 1.    0.
  19 1982   31 17938.  19.7 34.2 1.901 1.    0.
  19 1982   32 17912.  19.8 34.2 1.921 1.    0.
  19 1982   33 17886.  19.9 34.2 1.940 1.    2.
  19 1982   34 17859.  20.1 34.2 1.960 1.    0.
  19 1982   35 17833.  20.2 34.2 1.979 1.    0.
  19 1982   36 17806.  20.3 34.2 1.998 1.    1.
  19 1982   37 17779.  20.4 34.2 2.018 1.    0.
  19 1982   38 17752.  20.5 34.2 2.037 1.    0.
  19 1982   39 17724.  20.6 34.2 2.057 1.    0.
  19 1982   40 17696.  20.7 34.3 2.076 1.    0.
  19 1982   41 17668.  20.8 34.3 2.095 1.    0.
  19 1982   42 17640.  21.0 34.3 2.115 1.    6.
  19 1982   43 17611.  21.1 34.3 2.134 1.    0.
  19 1982   44 17582.  21.2 34.3 2.154 1.    0.
  19 1982   45 17552.  21.3 34.3 2.173 1.    0.
  19 1982   46 17620.  21.3 34.3 2.174 1.    1.
  19 1982   47 17688.  21.3 34.2 2.175 1.    0.
  19 1982   48 17756.  21.4 34.2 2.176 1.    0.
  19 1982   49 17824.  21.4 34.1 2.177 1.    0.
  19 1982   50 17891.  21.4 34.1 2.178 1.    0.
  19 1982   51 17958.  21.4 34.0 2.179 1.   18.
  19 1982   52 18024.  21.5 34.0 2.180 1.    0.
  19 1982   53 18091.  21.5 33.9 2.181 1.    0.
  19 1982   54 18156.  21.5 33.9 2.182 1.   15.
  19 1982   55 18222.  21.5 33.9 2.183 1.    0.
  19 1982   56 18286.  21.6 33.8 2.184 1.   11.
  19 1982   57 18351.  21.6 33.8 2.185 1.    0.
  19 1982   58 18415.  21.6 33.7 2.186 1.   17.
  19 1982   59 18478.  21.6 33.7 2.187 1.    5.
  19 1982   60 18540.  21.7 33.6 2.188 1.    0.
  19 1982   61 18603.  21.7 33.6 2.189 1.   13.
  19 1982   62 18664.  21.7 33.5 2.190 1.    0.
  19 1982   63 18725.  21.7 33.5 2.191 1.    0.
  19 1982   64 18785.  21.8 33.4 2.192 1.    0.
  19 1982   65 18844.  21.8 33.4 2.193 1.    0.
  19 1982   66 18903.  21.8 33.4 2.194 1.    0.
  19 1982   67 18960.  21.8 33.3 2.195 1.    2.
  19 1982   68 19018.  21.9 33.3 2.196 1.    8.
  19 1982   69 19074.  21.9 33.2 2.197 1.    0.
  19 1982   70 19129.  21.9 33.2 2.198 1.    0.
  19 1982   71 19184.  21.9 33.1 2.199 1.    0.
  19 1982   72 19238.  22.0 33.1 2.200 1.   15.
  19 1982   73 19291.  22.0 33.0 2.201 1.    0.
  19 1982   74 19343.  22.0 33.0 2.202 1.    6.
  19 1982   75 19329.  22.0 33.0 2.202 1.    0.
  19 1982   76 19315.  22.0 32.9 2.203 1.    0.
  19 1982   77 19299.  22.0 32.9 2.203 1.    4.
  19 1982   78 19283.  22.0 32.9 2.203 1.    0.
  19 1982   79 19265.  22.0 32.9 2.203 1.   12.
  19 1982   80 19247.  22.0 32.8 2.204 1.    4.
  19 1982   81 19227.  22.0 32.8 2.204 1.    0.
  19 1982   82 19207.  22.1 32.8 2.204 1.    9.
  19 1982   83 19186.  22.1 32.7 2.204 1.    4.
  19 1982   84 19164.  22.1 32.7 2.205 1.    0.
  19 1982   85 19141.  22.1 32.7 2.205 1.    0.
  19 1982   86 19116.  22.1 32.7 2.205 1.   33.
  19 1982   87 19091.  22.1 32.6 2.205 1.    0.
  19 1982   88 19065.  22.1 32.6 2.206 1.    0.
  19 1982   89 19039.  22.1 32.6 2.206 1.    0.
  19 1982   90 19011.  22.1 32.5 2.206 1.    0.
  19 1982   91 18982.  22.1 32.5 2.206 1.    0.
  19 1982   92 18953.  22.1 32.5 2.207 1.   13.
  19 1982   93 18922.  22.1 32.4 2.207 1.    1.
  19 1982   94 18891.  22.1 32.4 2.207 1.    0.
  19 1982   95 18859.  22.1 32.4 2.207 1.    0.
  19 1982   96 18826.  22.1 32.4 2.208 1.   17.
  19 1982   97 18792.  22.1 32.3 2.208 1.    0.
  19 1982   98 18757.  22.2 32.3 2.208 1.    0.
  19 1982   99 18722.  22.2 32.3 2.208 1.    0.
  19 1982  100 18686.  22.2 32.2 2.209 1.    0.
  19 1982  101 18649.  22.2 32.2 2.209 1.    0.
  19 1982  102 18612.  22.2 32.2 2.209 1.    0.
  19 1982  103 18573.  22.2 32.2 2.209 1.    0.
  19 1982  104 18534.  22.2 32.1 2.210 1.    0.
  19 1982  105 18495.  22.2 32.1 2.210 1.   13.
  19 1982  106 18470.  22.2 32.0 2.210 1.    2.
  19 1982  107 18445.  22.2 32.0 2.211 1.   12.
  19 1982  108 18419.  22.2 31.9 2.211 1.   29.
  19 1982  109 18393.  22.2 31.9 2.211 1.    1.
  19 1982  110 18365.  22.2 31.8 2.212 1.    0.
  19 1982  111 18338.  22.1 31.8 2.212 1.    0.
  19 1982  112 18310.  22.1 31.7 2.212 1.    2.
  19 1982  113 18281.  22.1 31.7 2.213 1.    0.
  19 1982  114 18252.  22.1 31.6 2.213 1.   18.
  19 1982  115 18222.  22.1 31.6 2.213 1.    0.
  19 1982  116 18192.  22.1 31.5 2.214 1.    0.
  19 1982  117 18162.  22.1 31.5 2.214 1.    2.
  19 1982  118 18131.  22.1 31.4 2.214 1.    5.
  19 1982  119 18100.  22.1 31.4 2.215 1.    0.
  19 1982  120 18068.  22.1 31.3 2.215 1.    0.
  19 1982  121 18036.  22.0 31.3 2.215 1.    0.
  19 1982  122 18004.  22.0 31.3 2.216 1.    0.
  19 1982  123 17972.  22.0 31.2 2.216 1.    0.
  19 1982  124 17939.  22.0 31.1 2.216 1.    0.
  19 1982  125 17907.  22.0 31.1 2.217 1.   13.
  19 1982  126 17874.  22.0 31.0 2.217 1.    0.
  19 1982  127 17841.  22.0 31.0 2.217 1.    0.
  19 1982  128 17808.  22.0 31.0 2.218 1.    1.
  19 1982  129 17775.  22.0 30.9 2.218 1.   16.
  19 1982  130 17741.  22.0 30.9 2.218 1.    0.
  19 1982  131 17708.  21.9 30.8 2.219 1.    0.
  19 1982  132 17675.  21.9 30.8 2.219 1.    0.
  19 1982  133 17642.  21.9 30.7 2.219 1.    0.
  19 1982  134 17609.  21.9 30.6 2.220 1.    4.
  19 1982  135 17576.  21.9 30.6 2.220 1.    0.
  19 1982  136 17480.  21.9 30.6 2.225 1.   19.
  19 1982  137 17386.  21.9 30.5 2.230 1.    4.
  19 1982  138 17291.  22.0 30.5 2.235 1.    0.
  19 1982  139 17197.  22.0 30.4 2.239 1.    0.
  19 1982  140 17103.  22.0 30.4 2.244 1.   23.
  19 1982  141 17010.  22.0 30.3 2.249 1.    0.
  19 1982  142 16917.  22.0 30.3 2.254 1.   26.
  19 1982  143 16825.  22.1 30.3 2.259 1.    0.
  19 1982  144 16733.  22.1 30.2 2.264 1.    0.
  19 1982  145 16641.  22.1 30.2 2.269 1.    1.
  19 1982  146 16550.  22.1 30.1 2.274 1.   38.
  19 1982  147 16460.  22.1 30.1 2.278 1.    0.
  19 1982  148 16370.  22.2 30.1 2.283 1.    0.
  19 1982  149 16281.  22.2 30.0 2.288 1.    6.
  19 1982  150 16193.  22.2 30.0 2.293 1.    0.
  19 1982  151 16105.  22.2 29.9 2.298 1.    0.
  19 1982  152 16017.  22.2 29.9 2.303 1.    5.
  19 1982  153 15931.  22.2 29.8 2.308 1.    4.
  19 1982  154 15845.  22.3 29.8 2.313 1.    0.
  19 1982  155 15759.  22.3 29.8 2.317 1.    0.
  19 1982  156 15674.  22.3 29.7 2.322 1.    0.
  19 1982  157 15590.  22.3 29.7 2.327 1.    0.
  19 1982  158 15507.  22.3 29.6 2.332 1.   24.
  19 1982  159 15424.  22.4 29.6 2.337 1.    8.
  19 1982  160 15342.  22.4 29.6 2.342 1.   20.
  19 1982  161 15261.  22.4 29.5 2.347 1.   10.
  19 1982  162 15180.  22.4 29.5 2.352 1.    1.
  19 1982  163 15101.  22.4 29.4 2.356 1.    0.
  19 1982  164 15021.  22.5 29.4 2.361 1.    9.
  19 1982  165 14943.  22.5 29.3 2.366 1.    0.
  19 1982  166 14865.  22.5 29.3 2.371 1.    6.
  19 1982  167 14816.  22.5 29.2 2.369 1.    1.
  19 1982  168 14768.  22.4 29.2 2.367 1.   10.
  19 1982  169 14721.  22.4 29.1 2.365 1.    0.
  19 1982  170 14674.  22.4 29.1 2.363 1.   16.
  19 1982  171 14628.  22.4 29.0 2.361 1.    2.
  19 1982  172 14582.  22.3 29.0 2.359 1.    7.
  19 1982  173 14538.  22.3 28.9 2.357 1.    0.
  19 1982  174 14494.  22.3 28.9 2.355 1.    0.
  19 1982  175 14450.  22.3 28.8 2.353 1.    0.
  19 1982  176 14407.  22.2 28.8 2.351 1.   14.
  19 1982  177 14365.  22.2 28.7 2.349 1.    7.
  19 1982  178 14323.  22.2 28.7 2.347 1.   16.
  19 1982  179 14282.  22.2 28.6 2.345 1.   13.
  19 1982  180 14242.  22.1 28.6 2.343 1.    2.
  19 1982  181 14202.  22.1 28.5 2.340 1.   11.
  19 1982  182 14162.  22.1 28.4 2.338 1.   12.
  19 1982  183 14123.  22.0 28.4 2.336 1.    4.
  19 1982  184 14085.  22.0 28.3 2.334 1.   21.
  19 1982  185 14047.  22.0 28.3 2.332 1.    0.
  19 1982  186 14010.  22.0 28.2 2.330 1.    0.
  19 1982  187 13973.  21.9 28.2 2.328 1.    5.
  19 1982  188 13937.  21.9 28.1 2.326 1.   12.
  19 1982  189 13901.  21.9 28.1 2.324 1.    0.
  19 1982  190 13865.  21.9 28.0 2.322 1.    0.
  19 1982  191 13830.  21.8 28.0 2.320 1.    0.
  19 1982  192 13796.  21.8 27.9 2.318 1.    0.
  19 1982  193 13761.  21.8 27.9 2.316 1.    1.
  19 1982  194 13727.  21.8 27.8 2.314 1.    0.
  19 1982  195 13693.  21.7 27.8 2.312 1.    0.
  19 1982  196 13660.  21.7 27.7 2.310 1.   10.
  19 1982  197 13651.  21.7 27.7 2.307 1.    0.
  19 1982  198 13643.  21.7 27.7 2.303 1.    0.
  19 1982  199 13635.  21.7 27.7 2.300 1.    7.
  19 1982  200 13627.  21.6 27.6 2.297 1.    0.
  19 1982  201 13620.  21.6 27.6 2.294 1.    1.
  19 1982  202 13612.  21.6 27.6 2.290 1.    0.
  19 1982  203 13605.  21.6 27.6 2.287 1.    0.
  19 1982  204 13598.  21.6 27.6 2.284 1.   13.
  19 1982  205 13591.  21.6 27.6 2.280 1.    0.
  19 1982  206 13585.  21.5 27.6 2.277 1.    0.
  19 1982  207 13578.  21.5 27.6 2.274 1.    0.
  19 1982  208 13572.  21.5 27.5 2.271 1.    0.
  19 1982  209 13565.  21.5 27.5 2.267 1.   13.
  19 1982  210 13559.  21.5 27.5 2.264 1.    0.
  19 1982  211 13553.  21.5 27.5 2.261 1.    0.
  19 1982  212 13547.  21.4 27.5 2.257 1.    0.
  19 1982  213 13540.  21.4 27.5 2.254 1.   15.
  19 1982  214 13534.  21.4 27.5 2.251 1.    0.
  19 1982  215 13528.  21.4 27.5 2.247 1.    0.
  19 1982  216 13521.  21.4 27.4 2.244 1.    0.
  19 1982  217 13515.  21.4 27.4 2.241 1.    0.
  19 1982  218 13508.  21.3 27.4 2.238 1.    3.
  19 1982  219 13502.  21.3 27.4 2.234 1.    0.
  19 1982  220 13495.  21.3 27.4 2.231 1.    0.
  19 1982  221 13488.  21.3 27.4 2.228 1.    5.
  19 1982  222 13480.  21.3 27.4 2.224 1.    2.
  19 1982  223 13473.  21.3 27.4 2.221 1.    0.
  19 1982  224 13465.  21.2 27.3 2.218 1.    0.
  19 1982  225 13457.  21.2 27.3 2.215 1.    7.
  19 1982  226 13449.  21.2 27.3 2.211 1.   11.
  19 1982  227 13440.  21.2 27.3 2.208 1.    2.
  19 1982  228 13527.  21.2 27.4 2.211 1.    4.
  19 1982  229 13614.  21.2 27.4 2.214 1.   10.
  19 1982  230 13700.  21.3 27.5 2.217 1.    0.
  19 1982  231 13786.  21.3 27.6 2.221 1.   14.
  19 1982  232 13872.  21.3 27.7 2.224 1.    0.
  19 1982  233 13958.  21.3 27.7 2.227 1.    0.
  19 1982  234 14044.  21.3 27.8 2.230 1.    0.
  19 1982  235 14129.  21.4 27.9 2.233 1.    0.
  19 1982  236 14215.  21.4 27.9 2.236 1.    0.
  19 1982  237 14299.  21.4 28.0 2.240 1.    0.
  19 1982  238 14384.  21.4 28.1 2.243 1.    0.
  19 1982  239 14468.  21.4 28.2 2.246 1.    0.
  19 1982  240 14552.  21.5 28.2 2.249 1.    5.
  19 1982  241 14636.  21.5 28.3 2.252 1.    0.
  19 1982  242 14719.  21.5 28.4 2.255 1.   31.
  19 1982  243 14802.  21.5 28.4 2.259 1.    0.
  19 1982  244 14884.  21.5 28.5 2.262 1.    0.
  19 1982  245 14966.  21.5 28.6 2.265 1.    0.
  19 1982  246 15047.  21.6 28.6 2.268 1.    0.
  19 1982  247 15128.  21.6 28.7 2.271 1.    0.
  19 1982  248 15208.  21.6 28.8 2.274 1.    0.
  19 1982  249 15288.  21.6 28.9 2.278 1.    8.
  19 1982  250 15367.  21.6 28.9 2.281 1.    2.
  19 1982  251 15446.  21.7 29.0 2.284 1.    0.
  19 1982  252 15524.  21.7 29.1 2.287 1.    0.
  19 1982  253 15602.  21.7 29.1 2.290 1.    0.
  19 1982  254 15678.  21.7 29.2 2.293 1.    0.
  19 1982  255 15755.  21.7 29.3 2.297 1.    1.
  19 1982  256 15830.  21.8 29.4 2.300 1.    0.
  19 1982  257 15905.  21.8 29.4 2.303 1.    0.
  19 1982  258 15979.  21.8 29.5 2.306 1.    4.
  19 1982  259 16049.  21.8 29.5 2.307 1.    0.
  19 1982  260 16119.  21.8 29.6 2.307 1.    0.
  19 1982  261 16188.  21.8 29.6 2.308 1.   14.
  19 1982  262 16256.  21.8 29.6 2.309 1.    0.
  19 1982  263 16324.  21.8 29.6 2.309 1.    0.
  19 1982  264 16390.  21.8 29.7 2.310 1.   12.
  19 1982  265 16456.  21.8 29.7 2.310 1.   13.
  19 1982  266 16521.  21.8 29.7 2.311 1.    0.
  19 1982  267 16585.  21.8 29.8 2.312 1.    0.
  19 1982  268 16649.  21.8 29.8 2.312 1.    0.
  19 1982  269 16712.  21.8 29.8 2.313 1.    1.
  19 1982  270 16773.  21.8 29.9 2.314 1.    0.
  19 1982  271 16834.  21.8 29.9 2.314 1.    0.
  19 1982  272 16895.  21.8 29.9 2.315 1.    1.
  19 1982  273 16954.  21.8 30.0 2.316 1.    0.
  19 1982  274 17013.  21.9 30.0 2.316 1.   42.
  19 1982  275 17070.  21.9 30.0 2.317 1.    0.
  19 1982  276 17127.  21.9 30.0 2.317 1.    0.
  19 1982  277 17183.  21.9 30.1 2.318 1.    1.
  19 1982  278 17239.  21.9 30.1 2.319 1.    6.
  19 1982  279 17293.  21.9 30.1 2.319 1.   18.
  19 1982  280 17347.  21.9 30.2 2.320 1.    9.
  19 1982  281 17400.  21.9 30.2 2.321 1.    0.
  19 1982  282 17452.  21.9 30.2 2.321 1.   10.
  19 1982  283 17503.  21.9 30.3 2.322 1.    0.
  19 1982  284 17553.  21.9 30.3 2.322 1.    0.
  19 1982  285 17603.  21.9 30.3 2.323 1.    0.
  19 1982  286 17652.  21.9 30.3 2.324 1.    0.
  19 1982  287 17700.  21.9 30.4 2.324 1.    0.
  19 1982  288 17748.  21.9 30.4 2.325 1.   62.
  19 1982  289 17783.  21.9 30.4 2.319 1.   23.
  19 1982  290 17817.  21.9 30.5 2.313 1.    3.
  19 1982  291 17851.  21.9 30.5 2.307 1.    0.
  19 1982  292 17885.  21.9 30.5 2.301 1.    0.
  19 1982  293 17917.  21.9 30.6 2.295 1.    6.
  19 1982  294 17949.  21.8 30.6 2.289 1.    0.
  19 1982  295 17981.  21.8 30.6 2.283 1.    0.
  19 1982  296 18012.  21.8 30.7 2.278 1.    0.
  19 1982  297 18042.  21.8 30.7 2.272 1.    8.
  19 1982  298 18072.  21.8 30.7 2.266 1.    1.
  19 1982  299 18101.  21.8 30.8 2.260 1.    0.
  19 1982  300 18130.  21.8 30.8 2.254 1.    0.
  19 1982  301 18158.  21.8 30.8 2.248 1.   18.
  19 1982  302 18186.  21.8 30.9 2.242 1.    0.
  19 1982  303 18214.  21.8 30.9 2.236 1.    1.
  19 1982  304 18241.  21.7 30.9 2.230 1.   61.
  19 1982  305 18268.  21.7 30.9 2.224 1.    0.
  19 1982  306 18295.  21.7 31.0 2.218 1.   21.
  19 1982  307 18321.  21.7 31.0 2.212 1.    0.
  19 1982  308 18348.  21.7 31.0 2.206 1.    0.
  19 1982  309 18374.  21.7 31.1 2.200 1.    0.
  19 1982  310 18399.  21.7 31.1 2.194 1.    0.
  19 1982  311 18425.  21.7 31.1 2.188 1.    0.
  19 1982  312 18451.  21.7 31.2 2.183 1.    0.
  19 1982  313 18476.  21.7 31.2 2.177 1.    0.
  19 1982  314 18502.  21.6 31.2 2.171 1.    0.
  19 1982  315 18528.  21.6 31.3 2.165 1.    0.
  19 1982  316 18554.  21.6 31.3 2.159 1.    0.
  19 1982  317 18579.  21.6 31.3 2.153 1.    0.
  19 1982  318 18605.  21.6 31.4 2.147 1.    8.
  19 1982  319 18632.  21.6 31.4 2.141 1.    0.
  19 1982  320 18566.  21.6 31.4 2.193 1.    0.
  19 1982  321 18501.  21.6 31.4 2.245 1.    0.
  19 1982  322 18437.  21.5 31.4 2.297 1.    1.
  19 1982  323 18374.  21.5 31.4 2.349 1.    0.
  19 1982  324 18311.  21.5 31.4 2.401 1.    8.
  19 1982  325 18248.  21.5 31.4 2.453 1.    0.
  19 1982  326 18187.  21.4 31.4 2.505 1.    0.
  19 1982  327 18126.  21.4 31.5 2.558 1.    0.
  19 1982  328 18066.  21.4 31.5 2.610 1.    0.
  19 1982  329 18007.  21.4 31.5 2.662 1.    0.
  19 1982  330 17949.  21.3 31.5 2.714 1.    0.
  19 1982  331 17891.  21.3 31.5 2.766 1.    0.
  19 1982  332 17835.  21.3 31.5 2.818 1.   16.
  19 1982  333 17779.  21.3 31.5 2.870 1.    0.
  19 1982  334 17724.  21.3 31.5 2.922 1.    0.
  19 1982  335 17670.  21.2 31.5 2.974 1.    0.
  19 1982  336 17618.  21.2 31.5 3.026 1.    0.
  19 1982  337 17566.  21.2 31.5 3.078 1.    0.
  19 1982  338 17515.  21.2 31.5 3.130 1.    0.
  19 1982  339 17465.  21.1 31.5 3.182 1.    0.
  19 1982  340 17417.  21.1 31.5 3.234 1.    0.
  19 1982  341 17369.  21.1 31.5 3.286 1.    0.
  19 1982  342 17323.  21.1 31.6 3.339 1.    0.
  19 1982  343 17278.  21.0 31.6 3.391 1.    0.
  19 1982  344 17233.  21.0 31.6 3.443 1.    0.
  19 1982  345 17190.  21.0 31.6 3.495 1.    0.
  19 1982  346 17148.  21.0 31.6 3.547 1.    0.
  19 1982  347 17108.  20.9 31.6 3.599 1.    0.
  19 1982  348 17068.  20.9 31.6 3.651 1.    0.
  19 1982  349 17030.  20.9 31.6 3.703 1.    0.
  19 1982  350 17055.  20.8 31.7 3.637 1.    0.
  19 1982  351 17081.  20.7 31.8 3.571 1.    0.
  19 1982  352 17109.  20.6 31.8 3.505 1.    0.
  19 1982  353 17137.  20.5 31.9 3.439 1.    0.
  19 1982  354 17167.  20.4 32.0 3.373 1.    0.
  19 1982  355 17198.  20.3 32.0 3.307 1.    0.
  19 1982  356 17231.  20.2 32.1 3.241 1.    0.
  19 1982  357 17264.  20.1 32.2 3.175 1.    0.
  19 1982  358 17299.  20.1 32.3 3.109 1.    0.
  19 1982  359 17335.  20.0 32.3 3.043 1.    0.
  19 1982  360 17372.  19.9 32.4 2.977 1.    0.
  19 1982  361 17410.  19.8 32.5 2.911 1.    0.
  19 1982  362 17449.  19.7 32.6 2.845 1.    0.
  19 1982  363 17490.  19.6 32.6 2.779 1.    0.
  19 1982  364 17532.  19.5 32.7 2.713 1.    0.
  19 1982  365 17575.  19.4 32.8 2.647 1.    0.
