*---------------------------------------------------------*
*   Country: Ghana
*   Station: Tafo
*      Year: 1987
*    Author: W. Gerritsma
*    Source: Cocoa Research Institute,
*            Annual Report 1987/88
* Longitude: 000 22 W
*  Latitude: 06 15 N
* Elevation: 200 m.
*  WMO-code: -
*  Comments: Cocoa Research Institute Ghana
*            interpolated daily values
*  Columns:
*  ========
*  station number
*  year
*  day
*  Global radiation
*  minimum temperature (degrees Celsius)
*  maximum temperature (degrees Celsius)
*  vapour pressure (kPa)
*  mean wind speed (m s-1)
*  precipitation.rainy days (mm d-1.d)
*---------------------------------------------------------*
 359.63 6.25 200.0 0.0 0.0
  19 1987    1 16474.  20.6 32.7 2.025 1.    0.
  19 1987    2 16484.  20.6 32.7 2.033 1.    0.
  19 1987    3 16495.  20.7 32.8 2.041 1.    0.
  19 1987    4 16507.  20.7 32.8 2.050 1.    0.
  19 1987    5 16520.  20.8 32.8 2.058 1.    0.
  19 1987    6 16534.  20.8 32.9 2.066 1.    0.
  19 1987    7 16549.  20.9 32.9 2.074 1.    0.
  19 1987    8 16565.  20.9 33.0 2.083 1.    0.
  19 1987    9 16582.  20.9 33.0 2.091 1.    0.
  19 1987   10 16599.  21.0 33.0 2.099 1.    9.
  19 1987   11 16618.  21.0 33.1 2.107 1.    0.
  19 1987   12 16637.  21.1 33.1 2.115 1.    0.
  19 1987   13 16657.  21.1 33.1 2.124 1.    6.
  19 1987   14 16678.  21.2 33.2 2.132 1.    0.
  19 1987   15 16700.  21.2 33.2 2.140 1.    0.
  19 1987   16 16775.  21.2 33.2 2.137 1.    0.
  19 1987   17 16852.  21.2 33.2 2.134 1.    2.
  19 1987   18 16929.  21.2 33.2 2.130 1.    0.
  19 1987   19 17007.  21.2 33.3 2.127 1.    0.
  19 1987   20 17086.  21.2 33.3 2.124 1.    0.
  19 1987   21 17165.  21.2 33.3 2.121 1.    0.
  19 1987   22 17246.  21.2 33.3 2.118 1.    0.
  19 1987   23 17326.  21.2 33.3 2.114 1.    0.
  19 1987   24 17408.  21.2 33.3 2.111 1.    0.
  19 1987   25 17490.  21.2 33.3 2.108 1.    0.
  19 1987   26 17573.  21.2 33.3 2.105 1.    0.
  19 1987   27 17656.  21.2 33.4 2.102 1.    0.
  19 1987   28 17740.  21.2 33.4 2.098 1.    0.
  19 1987   29 17824.  21.2 33.4 2.095 1.    0.
  19 1987   30 17909.  21.2 33.4 2.092 1.    0.
  19 1987   31 17994.  21.2 33.4 2.089 1.    0.
  19 1987   32 18079.  21.2 33.4 2.086 1.   20.
  19 1987   33 18165.  21.2 33.4 2.082 1.    0.
  19 1987   34 18251.  21.2 33.5 2.079 1.    0.
  19 1987   35 18337.  21.2 33.5 2.076 1.    0.
  19 1987   36 18424.  21.2 33.5 2.073 1.    0.
  19 1987   37 18511.  21.2 33.5 2.070 1.    0.
  19 1987   38 18598.  21.2 33.5 2.066 1.    0.
  19 1987   39 18685.  21.2 33.5 2.063 1.    0.
  19 1987   40 18772.  21.2 33.5 2.060 1.    0.
  19 1987   41 18859.  21.2 33.5 2.057 1.    0.
  19 1987   42 18946.  21.2 33.6 2.054 1.    5.
  19 1987   43 19033.  21.2 33.6 2.050 1.    3.
  19 1987   44 19120.  21.2 33.6 2.047 1.   27.
  19 1987   45 19207.  21.2 33.6 2.044 1.    1.
  19 1987   46 19201.  21.2 33.6 2.045 1.    0.
  19 1987   47 19194.  21.2 33.6 2.046 1.   12.
  19 1987   48 19187.  21.3 33.5 2.047 1.    8.
  19 1987   49 19180.  21.3 33.5 2.048 1.    0.
  19 1987   50 19172.  21.3 33.5 2.050 1.   21.
  19 1987   51 19163.  21.3 33.5 2.051 1.   64.
  19 1987   52 19154.  21.3 33.5 2.052 1.    0.
  19 1987   53 19144.  21.4 33.5 2.053 1.    0.
  19 1987   54 19133.  21.4 33.4 2.054 1.    0.
  19 1987   55 19122.  21.4 33.4 2.055 1.    1.
  19 1987   56 19110.  21.4 33.4 2.056 1.    8.
  19 1987   57 19097.  21.4 33.4 2.057 1.    0.
  19 1987   58 19083.  21.5 33.4 2.058 1.    0.
  19 1987   59 19069.  21.5 33.4 2.059 1.    0.
  19 1987   60 19054.  21.5 33.3 2.061 1.    0.
  19 1987   61 19038.  21.5 33.3 2.062 1.    1.
  19 1987   62 19021.  21.6 33.3 2.063 1.   17.
  19 1987   63 19003.  21.6 33.3 2.064 1.    0.
  19 1987   64 18985.  21.6 33.3 2.065 1.    0.
  19 1987   65 18966.  21.6 33.3 2.066 1.    0.
  19 1987   66 18945.  21.6 33.2 2.067 1.    0.
  19 1987   67 18924.  21.7 33.2 2.068 1.    0.
  19 1987   68 18902.  21.7 33.2 2.069 1.    0.
  19 1987   69 18879.  21.7 33.2 2.070 1.    2.
  19 1987   70 18856.  21.7 33.2 2.072 1.    1.
  19 1987   71 18831.  21.7 33.2 2.073 1.    0.
  19 1987   72 18805.  21.8 33.1 2.074 1.    0.
  19 1987   73 18778.  21.8 33.1 2.075 1.    0.
  19 1987   74 18751.  21.8 33.1 2.076 1.    0.
  19 1987   75 18787.  21.8 33.1 2.083 1.    0.
  19 1987   76 18822.  21.9 33.1 2.090 1.    0.
  19 1987   77 18856.  21.9 33.1 2.097 1.    0.
  19 1987   78 18889.  21.9 33.1 2.105 1.    0.
  19 1987   79 18921.  22.0 33.1 2.112 1.    5.
  19 1987   80 18952.  22.0 33.2 2.119 1.    4.
  19 1987   81 18983.  22.0 33.2 2.126 1.    2.
  19 1987   82 19012.  22.1 33.2 2.133 1.    3.
  19 1987   83 19040.  22.1 33.2 2.140 1.    0.
  19 1987   84 19068.  22.2 33.2 2.148 1.    0.
  19 1987   85 19095.  22.2 33.2 2.155 1.    1.
  19 1987   86 19120.  22.2 33.2 2.162 1.    0.
  19 1987   87 19145.  22.3 33.2 2.169 1.    0.
  19 1987   88 19169.  22.3 33.2 2.176 1.    0.
  19 1987   89 19192.  22.3 33.2 2.183 1.    8.
  19 1987   90 19213.  22.4 33.3 2.191 1.    0.
  19 1987   91 19234.  22.4 33.3 2.198 1.    6.
  19 1987   92 19254.  22.4 33.3 2.205 1.   11.
  19 1987   93 19274.  22.5 33.3 2.212 1.   11.
  19 1987   94 19292.  22.5 33.3 2.219 1.    3.
  19 1987   95 19309.  22.5 33.3 2.226 1.    0.
  19 1987   96 19326.  22.6 33.3 2.234 1.   27.
  19 1987   97 19341.  22.6 33.3 2.241 1.    0.
  19 1987   98 19356.  22.7 33.3 2.248 1.    0.
  19 1987   99 19370.  22.7 33.3 2.255 1.   12.
  19 1987  100 19382.  22.7 33.4 2.262 1.    0.
  19 1987  101 19395.  22.8 33.4 2.269 1.    3.
  19 1987  102 19406.  22.8 33.4 2.277 1.    0.
  19 1987  103 19416.  22.8 33.4 2.284 1.    9.
  19 1987  104 19426.  22.9 33.4 2.291 1.    8.
  19 1987  105 19435.  22.9 33.4 2.298 1.    3.
  19 1987  106 19441.  22.9 33.4 2.296 1.    4.
  19 1987  107 19446.  22.9 33.3 2.294 1.   28.
  19 1987  108 19450.  22.9 33.3 2.292 1.    0.
  19 1987  109 19454.  22.8 33.2 2.290 1.    9.
  19 1987  110 19456.  22.8 33.2 2.288 1.    2.
  19 1987  111 19459.  22.8 33.2 2.285 1.    3.
  19 1987  112 19460.  22.8 33.1 2.283 1.    2.
  19 1987  113 19461.  22.8 33.1 2.281 1.    4.
  19 1987  114 19462.  22.8 33.0 2.279 1.    0.
  19 1987  115 19462.  22.8 33.0 2.277 1.    1.
  19 1987  116 19461.  22.8 33.0 2.275 1.    0.
  19 1987  117 19460.  22.7 32.9 2.273 1.    0.
  19 1987  118 19458.  22.7 32.9 2.271 1.    7.
  19 1987  119 19456.  22.7 32.8 2.269 1.   12.
  19 1987  120 19454.  22.7 32.8 2.266 1.    0.
  19 1987  121 19451.  22.7 32.8 2.264 1.    0.
  19 1987  122 19448.  22.7 32.7 2.262 1.    1.
  19 1987  123 19444.  22.7 32.7 2.260 1.    1.
  19 1987  124 19440.  22.6 32.6 2.258 1.    1.
  19 1987  125 19436.  22.6 32.6 2.256 1.    0.
  19 1987  126 19431.  22.6 32.6 2.254 1.    0.
  19 1987  127 19427.  22.6 32.5 2.252 1.    0.
  19 1987  128 19422.  22.6 32.5 2.250 1.    0.
  19 1987  129 19417.  22.6 32.4 2.248 1.   22.
  19 1987  130 19412.  22.6 32.4 2.245 1.   99.
  19 1987  131 19406.  22.6 32.4 2.243 1.    7.
  19 1987  132 19401.  22.5 32.3 2.241 1.    0.
  19 1987  133 19396.  22.5 32.3 2.239 1.    0.
  19 1987  134 19390.  22.5 32.2 2.237 1.    0.
  19 1987  135 19385.  22.5 32.2 2.235 1.    0.
  19 1987  136 19296.  22.5 32.2 2.237 1.    4.
  19 1987  137 19208.  22.5 32.1 2.240 1.   12.
  19 1987  138 19120.  22.5 32.1 2.242 1.    0.
  19 1987  139 19033.  22.5 32.0 2.245 1.   20.
  19 1987  140 18946.  22.5 32.0 2.247 1.   17.
  19 1987  141 18860.  22.5 31.9 2.250 1.   24.
  19 1987  142 18773.  22.5 31.9 2.252 1.    0.
  19 1987  143 18688.  22.5 31.9 2.255 1.    0.
  19 1987  144 18603.  22.5 31.8 2.257 1.    0.
  19 1987  145 18518.  22.5 31.8 2.260 1.    0.
  19 1987  146 18434.  22.5 31.7 2.262 1.    0.
  19 1987  147 18351.  22.5 31.7 2.264 1.    0.
  19 1987  148 18268.  22.5 31.7 2.267 1.    0.
  19 1987  149 18186.  22.5 31.6 2.269 1.    8.
  19 1987  150 18104.  22.5 31.6 2.272 1.    0.
  19 1987  151 18024.  22.6 31.5 2.274 1.    0.
  19 1987  152 17943.  22.6 31.5 2.277 1.    7.
  19 1987  153 17864.  22.6 31.4 2.279 1.    8.
  19 1987  154 17785.  22.6 31.4 2.282 1.    0.
  19 1987  155 17707.  22.6 31.4 2.284 1.    2.
  19 1987  156 17629.  22.6 31.3 2.286 1.    4.
  19 1987  157 17553.  22.6 31.3 2.289 1.    0.
  19 1987  158 17477.  22.6 31.2 2.291 1.    0.
  19 1987  159 17402.  22.6 31.2 2.294 1.    1.
  19 1987  160 17327.  22.6 31.2 2.296 1.   54.
  19 1987  161 17254.  22.6 31.1 2.299 1.    0.
  19 1987  162 17181.  22.6 31.1 2.301 1.    1.
  19 1987  163 17109.  22.6 31.0 2.304 1.    0.
  19 1987  164 17038.  22.6 31.0 2.306 1.   12.
  19 1987  165 16967.  22.6 30.9 2.309 1.   37.
  19 1987  166 16897.  22.6 30.9 2.311 1.    2.
  19 1987  167 16857.  22.6 30.9 2.312 1.   23.
  19 1987  168 16817.  22.6 30.9 2.313 1.    0.
  19 1987  169 16778.  22.6 30.8 2.315 1.   22.
  19 1987  170 16739.  22.6 30.8 2.316 1.    0.
  19 1987  171 16702.  22.6 30.8 2.317 1.    8.
  19 1987  172 16665.  22.6 30.8 2.318 1.   70.
  19 1987  173 16629.  22.6 30.7 2.319 1.    0.
  19 1987  174 16593.  22.6 30.7 2.321 1.    0.
  19 1987  175 16559.  22.6 30.7 2.322 1.    0.
  19 1987  176 16525.  22.6 30.7 2.323 1.    0.
  19 1987  177 16492.  22.6 30.6 2.324 1.    0.
  19 1987  178 16459.  22.6 30.6 2.325 1.    0.
  19 1987  179 16428.  22.6 30.6 2.327 1.    0.
  19 1987  180 16397.  22.6 30.6 2.328 1.    3.
  19 1987  181 16366.  22.6 30.6 2.329 1.   14.
  19 1987  182 16336.  22.6 30.5 2.330 1.    0.
  19 1987  183 16307.  22.6 30.5 2.331 1.    0.
  19 1987  184 16279.  22.6 30.5 2.333 1.   11.
  19 1987  185 16251.  22.6 30.5 2.334 1.    0.
  19 1987  186 16224.  22.6 30.4 2.335 1.   17.
  19 1987  187 16197.  22.6 30.4 2.336 1.    0.
  19 1987  188 16171.  22.6 30.4 2.337 1.    1.
  19 1987  189 16146.  22.6 30.4 2.339 1.    0.
  19 1987  190 16121.  22.6 30.3 2.340 1.    0.
  19 1987  191 16097.  22.6 30.3 2.341 1.    0.
  19 1987  192 16073.  22.6 30.3 2.342 1.    0.
  19 1987  193 16049.  22.6 30.3 2.343 1.   38.
  19 1987  194 16026.  22.6 30.2 2.345 1.    0.
  19 1987  195 16003.  22.6 30.2 2.346 1.   19.
  19 1987  196 15981.  22.6 30.2 2.347 1.   19.
  19 1987  197 15936.  22.6 30.2 2.348 1.    6.
  19 1987  198 15891.  22.6 30.1 2.349 1.    0.
  19 1987  199 15846.  22.6 30.1 2.350 1.   25.
  19 1987  200 15802.  22.6 30.1 2.350 1.    0.
  19 1987  201 15758.  22.6 30.1 2.351 1.    0.
  19 1987  202 15713.  22.6 30.0 2.352 1.   11.
  19 1987  203 15670.  22.6 30.0 2.353 1.    0.
  19 1987  204 15626.  22.6 30.0 2.354 1.    0.
  19 1987  205 15582.  22.6 29.9 2.355 1.    1.
  19 1987  206 15539.  22.6 29.9 2.355 1.   23.
  19 1987  207 15495.  22.6 29.9 2.356 1.   10.
  19 1987  208 15452.  22.6 29.9 2.357 1.   83.
  19 1987  209 15408.  22.6 29.8 2.358 1.    0.
  19 1987  210 15365.  22.6 29.8 2.359 1.    1.
  19 1987  211 15322.  22.6 29.8 2.360 1.    0.
  19 1987  212 15278.  22.5 29.7 2.360 1.    0.
  19 1987  213 15234.  22.5 29.7 2.361 1.   10.
  19 1987  214 15191.  22.5 29.7 2.362 1.    0.
  19 1987  215 15147.  22.5 29.6 2.363 1.    2.
  19 1987  216 15103.  22.5 29.6 2.364 1.    1.
  19 1987  217 15058.  22.5 29.6 2.365 1.    1.
  19 1987  218 15014.  22.5 29.6 2.365 1.    0.
  19 1987  219 14969.  22.5 29.5 2.366 1.   21.
  19 1987  220 14924.  22.5 29.5 2.367 1.    2.
  19 1987  221 14879.  22.5 29.5 2.368 1.    0.
  19 1987  222 14833.  22.5 29.4 2.369 1.    8.
  19 1987  223 14787.  22.5 29.4 2.370 1.    3.
  19 1987  224 14741.  22.5 29.4 2.370 1.    3.
  19 1987  225 14695.  22.5 29.4 2.371 1.   90.
  19 1987  226 14648.  22.5 29.3 2.372 1.   28.
  19 1987  227 14600.  22.5 29.3 2.373 1.   18.
  19 1987  228 14630.  22.5 29.3 2.371 1.    1.
  19 1987  229 14659.  22.5 29.3 2.369 1.   17.
  19 1987  230 14688.  22.5 29.4 2.367 1.   23.
  19 1987  231 14717.  22.5 29.4 2.365 1.    5.
  19 1987  232 14745.  22.5 29.4 2.363 1.    0.
  19 1987  233 14773.  22.5 29.4 2.361 1.    0.
  19 1987  234 14801.  22.5 29.4 2.359 1.    2.
  19 1987  235 14828.  22.4 29.5 2.357 1.    4.
  19 1987  236 14855.  22.4 29.5 2.355 1.    2.
  19 1987  237 14882.  22.4 29.5 2.353 1.    0.
  19 1987  238 14908.  22.4 29.5 2.351 1.    2.
  19 1987  239 14933.  22.4 29.5 2.349 1.    0.
  19 1987  240 14958.  22.4 29.6 2.347 1.   27.
  19 1987  241 14983.  22.4 29.6 2.345 1.    8.
  19 1987  242 15007.  22.4 29.6 2.343 1.    1.
  19 1987  243 15031.  22.4 29.6 2.340 1.   35.
  19 1987  244 15054.  22.4 29.6 2.338 1.    6.
  19 1987  245 15077.  22.4 29.6 2.336 1.   23.
  19 1987  246 15099.  22.4 29.7 2.334 1.   25.
  19 1987  247 15120.  22.4 29.7 2.332 1.   25.
  19 1987  248 15141.  22.4 29.7 2.330 1.   11.
  19 1987  249 15161.  22.4 29.7 2.328 1.    0.
  19 1987  250 15181.  22.4 29.7 2.326 1.   13.
  19 1987  251 15200.  22.3 29.8 2.324 1.    2.
  19 1987  252 15218.  22.3 29.8 2.322 1.    0.
  19 1987  253 15236.  22.3 29.8 2.320 1.    0.
  19 1987  254 15253.  22.3 29.8 2.318 1.    0.
  19 1987  255 15269.  22.3 29.8 2.316 1.    0.
  19 1987  256 15285.  22.3 29.9 2.314 1.   20.
  19 1987  257 15300.  22.3 29.9 2.312 1.    6.
  19 1987  258 15314.  22.3 29.9 2.310 1.   19.
  19 1987  259 15409.  22.3 29.9 2.307 1.    7.
  19 1987  260 15503.  22.3 30.0 2.303 1.    0.
  19 1987  261 15596.  22.3 30.0 2.300 1.   25.
  19 1987  262 15689.  22.3 30.0 2.297 1.    0.
  19 1987  263 15780.  22.3 30.1 2.293 1.    0.
  19 1987  264 15871.  22.3 30.1 2.290 1.    6.
  19 1987  265 15962.  22.3 30.2 2.287 1.   59.
  19 1987  266 16051.  22.3 30.2 2.283 1.    0.
  19 1987  267 16140.  22.3 30.2 2.280 1.    5.
  19 1987  268 16228.  22.3 30.3 2.277 1.    5.
  19 1987  269 16315.  22.3 30.3 2.273 1.    3.
  19 1987  270 16401.  22.3 30.3 2.270 1.    0.
  19 1987  271 16487.  22.3 30.4 2.267 1.    0.
  19 1987  272 16571.  22.3 30.4 2.263 1.    0.
  19 1987  273 16655.  22.3 30.5 2.260 1.   38.
  19 1987  274 16738.  22.2 30.5 2.257 1.    0.
  19 1987  275 16820.  22.2 30.5 2.253 1.    0.
  19 1987  276 16902.  22.2 30.6 2.250 1.    5.
  19 1987  277 16982.  22.2 30.6 2.247 1.    0.
  19 1987  278 17062.  22.2 30.6 2.243 1.    6.
  19 1987  279 17141.  22.2 30.7 2.240 1.    0.
  19 1987  280 17218.  22.2 30.7 2.237 1.   10.
  19 1987  281 17296.  22.2 30.7 2.233 1.    0.
  19 1987  282 17372.  22.2 30.8 2.230 1.    0.
  19 1987  283 17447.  22.2 30.8 2.227 1.   11.
  19 1987  284 17522.  22.2 30.9 2.223 1.    4.
  19 1987  285 17595.  22.2 30.9 2.220 1.    4.
  19 1987  286 17668.  22.2 30.9 2.217 1.   12.
  19 1987  287 17740.  22.2 31.0 2.213 1.    0.
  19 1987  288 17812.  22.2 31.0 2.210 1.   18.
  19 1987  289 17838.  22.2 31.0 2.208 1.    6.
  19 1987  290 17863.  22.2 31.0 2.207 1.    1.
  19 1987  291 17888.  22.2 31.1 2.205 1.    0.
  19 1987  292 17912.  22.2 31.1 2.203 1.   18.
  19 1987  293 17936.  22.2 31.1 2.202 1.    1.
  19 1987  294 17959.  22.2 31.1 2.200 1.    0.
  19 1987  295 17981.  22.2 31.2 2.198 1.    9.
  19 1987  296 18003.  22.2 31.2 2.197 1.    1.
  19 1987  297 18024.  22.2 31.2 2.195 1.    0.
  19 1987  298 18045.  22.2 31.2 2.194 1.    3.
  19 1987  299 18066.  22.2 31.2 2.192 1.    0.
  19 1987  300 18086.  22.2 31.3 2.190 1.    5.
  19 1987  301 18105.  22.2 31.3 2.189 1.    0.
  19 1987  302 18124.  22.2 31.3 2.187 1.    0.
  19 1987  303 18143.  22.2 31.3 2.185 1.    3.
  19 1987  304 18162.  22.2 31.4 2.184 1.    0.
  19 1987  305 18180.  22.2 31.4 2.182 1.    0.
  19 1987  306 18198.  22.2 31.4 2.180 1.    0.
  19 1987  307 18215.  22.2 31.4 2.179 1.    0.
  19 1987  308 18233.  22.2 31.5 2.177 1.    0.
  19 1987  309 18250.  22.2 31.5 2.175 1.    0.
  19 1987  310 18268.  22.2 31.5 2.174 1.    0.
  19 1987  311 18285.  22.2 31.5 2.172 1.    0.
  19 1987  312 18302.  22.2 31.5 2.171 1.    0.
  19 1987  313 18319.  22.2 31.6 2.169 1.    0.
  19 1987  314 18336.  22.2 31.6 2.167 1.    0.
  19 1987  315 18353.  22.2 31.6 2.166 1.    0.
  19 1987  316 18371.  22.2 31.6 2.164 1.    0.
  19 1987  317 18388.  22.2 31.7 2.162 1.    0.
  19 1987  318 18406.  22.2 31.7 2.161 1.    0.
  19 1987  319 18423.  22.2 31.7 2.159 1.    0.
  19 1987  320 18346.  22.1 31.7 2.151 1.    0.
  19 1987  321 18269.  22.1 31.7 2.142 1.    7.
  19 1987  322 18192.  22.0 31.8 2.134 1.    0.
  19 1987  323 18116.  21.9 31.8 2.126 1.    0.
  19 1987  324 18041.  21.8 31.8 2.117 1.    0.
  19 1987  325 17967.  21.8 31.8 2.109 1.    0.
  19 1987  326 17893.  21.7 31.8 2.101 1.    0.
  19 1987  327 17820.  21.6 31.8 2.093 1.    0.
  19 1987  328 17748.  21.5 31.9 2.084 1.    0.
  19 1987  329 17677.  21.5 31.9 2.076 1.    0.
  19 1987  330 17607.  21.4 31.9 2.068 1.    0.
  19 1987  331 17537.  21.3 31.9 2.059 1.    0.
  19 1987  332 17469.  21.2 31.9 2.051 1.    0.
  19 1987  333 17401.  21.2 31.9 2.043 1.    0.
  19 1987  334 17334.  21.1 32.0 2.034 1.    0.
  19 1987  335 17269.  21.0 32.0 2.026 1.    0.
  19 1987  336 17204.  21.0 32.0 2.018 1.    0.
  19 1987  337 17140.  20.9 32.0 2.010 1.    0.
  19 1987  338 17077.  20.8 32.0 2.001 1.    0.
  19 1987  339 17016.  20.7 32.0 1.993 1.    0.
  19 1987  340 16955.  20.7 32.0 1.985 1.    0.
  19 1987  341 16896.  20.6 32.1 1.976 1.    0.
  19 1987  342 16837.  20.5 32.1 1.968 1.    0.
  19 1987  343 16780.  20.4 32.1 1.960 1.    0.
  19 1987  344 16724.  20.4 32.1 1.951 1.    0.
  19 1987  345 16669.  20.3 32.1 1.943 1.    0.
  19 1987  346 16615.  20.2 32.2 1.935 1.    0.
  19 1987  347 16562.  20.1 32.2 1.927 1.    0.
  19 1987  348 16510.  20.1 32.2 1.918 1.    0.
  19 1987  349 16460.  20.0 32.2 1.910 1.    0.
  19 1987  350 16451.  20.0 32.2 1.917 1.    0.
  19 1987  351 16444.  20.1 32.3 1.924 1.    0.
  19 1987  352 16438.  20.1 32.3 1.932 1.    0.
  19 1987  353 16433.  20.1 32.3 1.939 1.    0.
  19 1987  354 16429.  20.2 32.4 1.946 1.    0.
  19 1987  355 16426.  20.2 32.4 1.953 1.    0.
  19 1987  356 16425.  20.3 32.4 1.960 1.    0.
  19 1987  357 16424.  20.3 32.5 1.967 1.    0.
  19 1987  358 16425.  20.3 32.5 1.975 1.    8.
  19 1987  359 16427.  20.4 32.5 1.982 1.    0.
  19 1987  360 16430.  20.4 32.5 1.989 1.    0.
  19 1987  361 16434.  20.5 32.6 1.996 1.    0.
  19 1987  362 16439.  20.5 32.6 2.003 1.    3.
  19 1987  363 16445.  20.5 32.6 2.011 1.    0.
  19 1987  364 16453.  20.6 32.7 2.018 1.    0.
  19 1987  365 16461.  20.6 32.7 2.025 1.    0.
