*---------------------------------------------------------*
*   Country: Ghana
*   Station: Tafo
*      Year: 1976
*    Author: W. Gerritsma
*    Source: Cocoa Research Institute,
*            Annual Report 1976-1977
* Longitude: 000 22 W
*  Latitude: 06 15 N
* Elevation: 200 m.
*  WMO-code: -
*  Comments: Cocoa Research Institute Ghana
*            Interpolated daily values
*  Columns:
*  ========
*  station number
*  year
*  day
*  global radiation (kJ m-2 d-1)
*  minimum temperature (degrees Celsius)
*  maximum temperature (degrees Celsius)
*  vapour pressure (kPa)
*  mean wind speed (m s-1)
*  precipitation.rainy days (mm d-1.d)
*---------------------------------------------------------*
 359.63 6.25 200.0 0.0 0.0
  19 1976    1 13835.  19.1 31.9 1.812 1.    0.
  19 1976    2 13860.  19.0 31.9 1.806 1.    0.
  19 1976    3 13886.  19.0 31.9 1.800 1.    0.
  19 1976    4 13911.  18.9 31.9 1.795 1.    0.
  19 1976    5 13937.  18.9 31.9 1.789 1.    0.
  19 1976    6 13962.  18.8 31.9 1.783 1.    0.
  19 1976    7 13988.  18.8 31.9 1.777 1.    0.
  19 1976    8 14013.  18.7 31.9 1.771 1.    0.
  19 1976    9 14038.  18.7 31.9 1.766 1.    0.
  19 1976   10 14064.  18.6 31.9 1.760 1.    9.
  19 1976   11 14089.  18.6 32.0 1.754 1.    0.
  19 1976   12 14115.  18.5 32.0 1.748 1.    0.
  19 1976   13 14140.  18.5 32.0 1.743 1.    0.
  19 1976   14 14166.  18.4 32.0 1.737 1.    0.
  19 1976   15 14191.  18.4 32.0 1.731 1.    0.
  19 1976   16 14268.  18.5 32.0 1.741 1.    0.
  19 1976   17 14344.  18.6 32.0 1.751 1.    0.
  19 1976   18 14421.  18.6 32.0 1.762 1.    0.
  19 1976   19 14498.  18.7 32.0 1.772 1.    0.
  19 1976   20 14575.  18.8 32.0 1.782 1.    8.
  19 1976   21 14651.  18.9 32.0 1.792 1.    0.
  19 1976   22 14728.  18.9 32.0 1.802 1.    0.
  19 1976   23 14805.  19.0 32.1 1.812 1.    0.
  19 1976   24 14882.  19.1 32.1 1.822 1.    0.
  19 1976   25 14958.  19.2 32.1 1.833 1.    0.
  19 1976   26 15035.  19.2 32.1 1.843 1.    0.
  19 1976   27 15112.  19.3 32.1 1.853 1.    0.
  19 1976   28 15189.  19.4 32.1 1.863 1.    0.
  19 1976   29 15265.  19.5 32.1 1.873 1.    0.
  19 1976   30 15342.  19.6 32.1 1.883 1.    0.
  19 1976   31 15419.  19.6 32.1 1.894 1.    0.
  19 1976   32 15495.  19.7 32.1 1.904 1.    0.
  19 1976   33 15572.  19.8 32.1 1.914 1.    0.
  19 1976   34 15649.  19.9 32.1 1.924 1.    8.
  19 1976   35 15726.  19.9 32.1 1.934 1.    0.
  19 1976   36 15802.  20.0 32.1 1.944 1.    0.
  19 1976   37 15879.  20.1 32.1 1.955 1.    0.
  19 1976   38 15956.  20.2 32.2 1.965 1.    0.
  19 1976   39 16033.  20.2 32.2 1.975 1.    0.
  19 1976   40 16109.  20.3 32.2 1.985 1.    1.
  19 1976   41 16186.  20.4 32.2 1.995 1.    0.
  19 1976   42 16263.  20.5 32.2 2.006 1.    8.
  19 1976   43 16340.  20.5 32.2 2.016 1.    0.
  19 1976   44 16416.  20.6 32.2 2.026 1.    5.
  19 1976   45 16493.  20.7 32.2 2.036 1.   55.
  19 1976   46 16478.  20.7 32.2 2.038 1.    0.
  19 1976   47 16462.  20.7 32.2 2.040 1.    2.
  19 1976   48 16447.  20.8 32.2 2.043 1.    0.
  19 1976   49 16432.  20.8 32.2 2.045 1.    1.
  19 1976   50 16416.  20.8 32.2 2.047 1.    0.
  19 1976   51 16401.  20.8 32.2 2.049 1.    0.
  19 1976   52 16385.  20.8 32.2 2.051 1.    0.
  19 1976   53 16370.  20.9 32.3 2.054 1.    0.
  19 1976   54 16355.  20.9 32.3 2.056 1.    0.
  19 1976   55 16339.  20.9 32.3 2.058 1.    0.
  19 1976   56 16324.  20.9 32.3 2.060 1.    9.
  19 1976   57 16309.  20.9 32.3 2.062 1.    0.
  19 1976   58 16293.  21.0 32.3 2.065 1.    0.
  19 1976   59 16278.  21.0 32.3 2.067 1.    2.
  19 1976   60 16262.  21.0 32.3 2.069 1.    0.
  19 1976   61 16247.  21.0 32.3 2.071 1.    0.
  19 1976   62 16232.  21.0 32.3 2.073 1.    2.
  19 1976   63 16216.  21.1 32.3 2.076 1.   11.
  19 1976   64 16201.  21.1 32.3 2.078 1.    0.
  19 1976   65 16186.  21.1 32.3 2.080 1.    3.
  19 1976   66 16170.  21.1 32.3 2.082 1.    0.
  19 1976   67 16155.  21.1 32.3 2.084 1.   23.
  19 1976   68 16140.  21.2 32.4 2.087 1.    0.
  19 1976   69 16124.  21.2 32.4 2.089 1.   23.
  19 1976   70 16109.  21.2 32.4 2.091 1.   35.
  19 1976   71 16093.  21.2 32.4 2.093 1.    1.
  19 1976   72 16078.  21.2 32.4 2.095 1.    0.
  19 1976   73 16063.  21.3 32.4 2.098 1.    3.
  19 1976   74 16047.  21.3 32.4 2.100 1.    0.
  19 1976   75 16032.  21.3 32.4 2.102 1.    0.
  19 1976   76 15990.  21.3 32.4 2.103 1.    3.
  19 1976   77 15948.  21.3 32.3 2.104 1.    0.
  19 1976   78 15906.  21.3 32.3 2.106 1.    0.
  19 1976   79 15865.  21.4 32.3 2.107 1.   20.
  19 1976   80 15823.  21.4 32.3 2.108 1.   16.
  19 1976   81 15781.  21.4 32.2 2.109 1.    0.
  19 1976   82 15739.  21.4 32.2 2.110 1.    0.
  19 1976   83 15697.  21.4 32.2 2.112 1.   20.
  19 1976   84 15655.  21.4 32.1 2.113 1.    1.
  19 1976   85 15614.  21.4 32.1 2.114 1.    0.
  19 1976   86 15572.  21.4 32.1 2.115 1.    0.
  19 1976   87 15530.  21.5 32.1 2.116 1.    0.
  19 1976   88 15488.  21.5 32.0 2.118 1.   13.
  19 1976   89 15446.  21.5 32.0 2.119 1.   16.
  19 1976   90 15404.  21.5 32.0 2.120 1.    0.
  19 1976   91 15363.  21.5 31.9 2.121 1.    0.
  19 1976   92 15321.  21.5 31.9 2.122 1.   10.
  19 1976   93 15279.  21.5 31.9 2.123 1.    0.
  19 1976   94 15237.  21.5 31.8 2.125 1.    0.
  19 1976   95 15195.  21.6 31.8 2.126 1.   31.
  19 1976   96 15153.  21.6 31.8 2.127 1.    6.
  19 1976   97 15112.  21.6 31.8 2.128 1.    0.
  19 1976   98 15070.  21.6 31.7 2.129 1.    3.
  19 1976   99 15028.  21.6 31.7 2.131 1.    0.
  19 1976  100 14986.  21.6 31.7 2.132 1.    4.
  19 1976  101 14944.  21.6 31.6 2.133 1.    0.
  19 1976  102 14902.  21.6 31.6 2.134 1.    2.
  19 1976  103 14861.  21.7 31.6 2.135 1.    0.
  19 1976  104 14819.  21.7 31.6 2.137 1.    0.
  19 1976  105 14777.  21.7 31.5 2.138 1.    1.
  19 1976  106 14735.  21.7 31.5 2.139 1.    0.
  19 1976  107 14796.  21.7 31.5 2.138 1.    8.
  19 1976  108 14858.  21.7 31.5 2.136 1.    0.
  19 1976  109 14919.  21.7 31.5 2.135 1.    0.
  19 1976  110 14981.  21.7 31.5 2.133 1.    0.
  19 1976  111 15042.  21.7 31.5 2.132 1.    0.
  19 1976  112 15103.  21.7 31.5 2.131 1.    0.
  19 1976  113 15165.  21.7 31.5 2.129 1.    9.
  19 1976  114 15226.  21.7 31.5 2.128 1.   11.
  19 1976  115 15288.  21.7 31.5 2.126 1.    5.
  19 1976  116 15349.  21.7 31.5 2.125 1.    0.
  19 1976  117 15410.  21.7 31.5 2.124 1.    8.
  19 1976  118 15472.  21.7 31.5 2.122 1.    0.
  19 1976  119 15533.  21.7 31.5 2.121 1.    0.
  19 1976  120 15595.  21.7 31.5 2.119 1.   14.
  19 1976  121 15656.  21.7 31.5 2.118 1.   10.
  19 1976  122 15717.  21.6 31.6 2.117 1.    0.
  19 1976  123 15779.  21.6 31.6 2.115 1.    0.
  19 1976  124 15840.  21.6 31.6 2.114 1.    0.
  19 1976  125 15902.  21.6 31.6 2.112 1.   21.
  19 1976  126 15963.  21.6 31.6 2.111 1.    0.
  19 1976  127 16024.  21.6 31.6 2.110 1.    1.
  19 1976  128 16086.  21.6 31.6 2.108 1.    0.
  19 1976  129 16147.  21.6 31.6 2.107 1.    0.
  19 1976  130 16209.  21.6 31.6 2.105 1.    0.
  19 1976  131 16270.  21.6 31.6 2.104 1.    0.
  19 1976  132 16331.  21.6 31.6 2.103 1.    0.
  19 1976  133 16393.  21.6 31.6 2.101 1.   23.
  19 1976  134 16454.  21.6 31.6 2.100 1.   46.
  19 1976  135 16516.  21.6 31.6 2.098 1.    0.
  19 1976  136 16577.  21.6 31.6 2.097 1.    0.
  19 1976  137 16488.  21.6 31.5 2.100 1.    0.
  19 1976  138 16399.  21.6 31.5 2.104 1.    0.
  19 1976  139 16310.  21.6 31.4 2.107 1.    4.
  19 1976  140 16220.  21.6 31.3 2.110 1.    0.
  19 1976  141 16131.  21.6 31.2 2.113 1.    0.
  19 1976  142 16042.  21.6 31.2 2.117 1.    0.
  19 1976  143 15953.  21.6 31.1 2.120 1.    4.
  19 1976  144 15864.  21.6 31.0 2.123 1.    0.
  19 1976  145 15775.  21.6 31.0 2.126 1.    0.
  19 1976  146 15686.  21.6 30.9 2.130 1.    0.
  19 1976  147 15597.  21.6 30.8 2.133 1.   38.
  19 1976  148 15507.  21.6 30.7 2.136 1.    0.
  19 1976  149 15418.  21.6 30.7 2.139 1.    0.
  19 1976  150 15329.  21.6 30.6 2.143 1.    0.
  19 1976  151 15240.  21.6 30.5 2.146 1.    0.
  19 1976  152 15151.  21.6 30.5 2.149 1.    9.
  19 1976  153 15062.  21.6 30.4 2.152 1.    0.
  19 1976  154 14973.  21.6 30.3 2.156 1.   19.
  19 1976  155 14884.  21.6 30.3 2.159 1.    0.
  19 1976  156 14794.  21.6 30.2 2.162 1.    1.
  19 1976  157 14705.  21.6 30.1 2.165 1.   50.
  19 1976  158 14616.  21.6 30.0 2.169 1.    0.
  19 1976  159 14527.  21.6 30.0 2.172 1.   12.
  19 1976  160 14438.  21.6 29.9 2.175 1.    0.
  19 1976  161 14349.  21.6 29.8 2.178 1.   29.
  19 1976  162 14260.  21.6 29.8 2.182 1.    1.
  19 1976  163 14171.  21.6 29.7 2.185 1.    0.
  19 1976  164 14081.  21.6 29.6 2.188 1.    0.
  19 1976  165 13992.  21.6 29.5 2.191 1.   37.
  19 1976  166 13903.  21.6 29.5 2.195 1.    0.
  19 1976  167 13814.  21.6 29.4 2.198 1.   48.
  19 1976  168 13669.  21.6 29.3 2.194 1.   20.
  19 1976  169 13524.  21.6 29.3 2.191 1.   24.
  19 1976  170 13379.  21.5 29.2 2.187 1.   15.
  19 1976  171 13233.  21.5 29.2 2.183 1.   66.
  19 1976  172 13088.  21.5 29.1 2.179 1.    1.
  19 1976  173 12943.  21.5 29.1 2.176 1.   18.
  19 1976  174 12798.  21.4 29.0 2.172 1.   31.
  19 1976  175 12653.  21.4 29.0 2.168 1.    0.
  19 1976  176 12508.  21.4 28.9 2.164 1.    0.
  19 1976  177 12363.  21.4 28.9 2.161 1.    0.
  19 1976  178 12218.  21.3 28.8 2.157 1.    0.
  19 1976  179 12072.  21.3 28.8 2.153 1.    4.
  19 1976  180 11927.  21.3 28.7 2.149 1.   43.
  19 1976  181 11782.  21.3 28.7 2.146 1.    8.
  19 1976  182 11637.  21.3 28.6 2.142 1.   29.
  19 1976  183 11492.  21.2 28.5 2.138 1.    0.
  19 1976  184 11347.  21.2 28.5 2.135 1.    0.
  19 1976  185 11202.  21.2 28.4 2.131 1.    0.
  19 1976  186 11056.  21.2 28.4 2.127 1.    0.
  19 1976  187 10911.  21.1 28.3 2.123 1.    0.
  19 1976  188 10766.  21.1 28.3 2.120 1.    4.
  19 1976  189 10621.  21.1 28.2 2.116 1.   11.
  19 1976  190 10476.  21.1 28.2 2.112 1.    0.
  19 1976  191 10331.  21.0 28.1 2.108 1.    0.
  19 1976  192 10186.  21.0 28.1 2.105 1.    0.
  19 1976  193 10041.  21.0 28.0 2.101 1.    0.
  19 1976  194  9895.  21.0 28.0 2.097 1.    0.
  19 1976  195  9750.  20.9 27.9 2.093 1.    0.
  19 1976  196  9605.  20.9 27.9 2.090 1.    2.
  19 1976  197  9460.  20.9 27.8 2.086 1.    0.
  19 1976  198  9537.  20.9 27.8 2.086 1.    0.
  19 1976  199  9614.  20.9 27.8 2.085 1.    0.
  19 1976  200  9691.  20.9 27.8 2.085 1.    0.
  19 1976  201  9768.  20.9 27.9 2.085 1.    0.
  19 1976  202  9845.  20.9 27.9 2.085 1.    0.
  19 1976  203  9922.  20.8 27.9 2.084 1.    0.
  19 1976  204  9999.  20.8 27.9 2.084 1.    0.
  19 1976  205 10076.  20.8 27.9 2.084 1.    0.
  19 1976  206 10153.  20.8 27.9 2.083 1.    6.
  19 1976  207 10230.  20.8 27.9 2.083 1.    1.
  19 1976  208 10307.  20.8 27.9 2.083 1.    2.
  19 1976  209 10384.  20.8 28.0 2.083 1.    5.
  19 1976  210 10461.  20.8 28.0 2.082 1.    0.
  19 1976  211 10538.  20.8 28.0 2.082 1.    0.
  19 1976  212 10615.  20.8 28.0 2.082 1.    4.
  19 1976  213 10691.  20.7 28.0 2.081 1.    9.
  19 1976  214 10768.  20.7 28.0 2.081 1.    0.
  19 1976  215 10845.  20.7 28.0 2.081 1.    0.
  19 1976  216 10922.  20.7 28.0 2.080 1.    2.
  19 1976  217 10999.  20.7 28.1 2.080 1.    3.
  19 1976  218 11076.  20.7 28.1 2.080 1.    0.
  19 1976  219 11153.  20.7 28.1 2.080 1.    0.
  19 1976  220 11230.  20.7 28.1 2.079 1.    0.
  19 1976  221 11307.  20.7 28.1 2.079 1.    2.
  19 1976  222 11384.  20.7 28.1 2.079 1.    0.
  19 1976  223 11461.  20.6 28.1 2.078 1.    0.
  19 1976  224 11538.  20.6 28.1 2.078 1.    0.
  19 1976  225 11615.  20.6 28.2 2.078 1.    0.
  19 1976  226 11692.  20.6 28.2 2.078 1.    4.
  19 1976  227 11769.  20.6 28.2 2.077 1.    0.
  19 1976  228 11846.  20.6 28.2 2.077 1.    0.
  19 1976  229 11896.  20.6 28.2 2.077 1.    0.
  19 1976  230 11946.  20.6 28.3 2.078 1.    0.
  19 1976  231 11996.  20.6 28.3 2.078 1.    0.
  19 1976  232 12046.  20.7 28.4 2.079 1.    2.
  19 1976  233 12096.  20.7 28.4 2.079 1.    0.
  19 1976  234 12146.  20.7 28.5 2.079 1.    1.
  19 1976  235 12196.  20.7 28.5 2.080 1.    0.
  19 1976  236 12246.  20.7 28.6 2.080 1.    0.
  19 1976  237 12296.  20.7 28.6 2.080 1.   25.
  19 1976  238 12346.  20.7 28.7 2.081 1.    0.
  19 1976  239 12396.  20.7 28.7 2.081 1.    0.
  19 1976  240 12446.  20.8 28.8 2.082 1.    0.
  19 1976  241 12496.  20.8 28.8 2.082 1.    6.
  19 1976  242 12546.  20.8 28.9 2.082 1.    0.
  19 1976  243 12596.  20.8 28.9 2.083 1.    0.
  19 1976  244 12645.  20.8 29.0 2.083 1.    0.
  19 1976  245 12695.  20.8 29.0 2.084 1.    0.
  19 1976  246 12745.  20.8 29.1 2.084 1.    0.
  19 1976  247 12795.  20.8 29.1 2.084 1.    0.
  19 1976  248 12845.  20.9 29.2 2.085 1.   11.
  19 1976  249 12895.  20.9 29.2 2.085 1.    0.
  19 1976  250 12945.  20.9 29.3 2.086 1.    1.
  19 1976  251 12995.  20.9 29.3 2.086 1.    0.
  19 1976  252 13045.  20.9 29.4 2.086 1.    2.
  19 1976  253 13095.  20.9 29.4 2.087 1.    0.
  19 1976  254 13145.  20.9 29.5 2.087 1.    0.
  19 1976  255 13195.  20.9 29.5 2.087 1.    3.
  19 1976  256 13245.  21.0 29.6 2.088 1.    0.
  19 1976  257 13295.  21.0 29.6 2.088 1.    0.
  19 1976  258 13345.  21.0 29.7 2.089 1.    0.
  19 1976  259 13395.  21.0 29.7 2.089 1.    0.
  19 1976  260 13375.  21.0 30.0 2.092 1.   22.
  19 1976  261 13356.  21.0 30.4 2.095 1.    0.
  19 1976  262 13336.  21.1 30.7 2.099 1.    0.
  19 1976  263 13317.  21.1 31.0 2.102 1.    0.
  19 1976  264 13297.  21.1 31.4 2.105 1.    0.
  19 1976  265 13278.  21.1 31.7 2.108 1.    0.
  19 1976  266 13258.  21.1 32.0 2.111 1.    0.
  19 1976  267 13239.  21.2 32.4 2.115 1.    0.
  19 1976  268 13219.  21.2 32.7 2.118 1.   20.
  19 1976  269 13200.  21.2 33.0 2.121 1.   20.
  19 1976  270 13180.  21.2 33.4 2.124 1.    1.
  19 1976  271 13161.  21.2 33.7 2.127 1.    0.
  19 1976  272 13141.  21.3 34.0 2.131 1.    0.
  19 1976  273 13122.  21.3 34.4 2.134 1.    1.
  19 1976  274 13102.  21.3 34.7 2.137 1.    0.
  19 1976  275 13082.  21.3 35.0 2.140 1.    0.
  19 1976  276 13063.  21.3 35.4 2.143 1.    0.
  19 1976  277 13043.  21.4 35.7 2.147 1.    3.
  19 1976  278 13024.  21.4 36.0 2.150 1.    0.
  19 1976  279 13004.  21.4 36.4 2.153 1.    7.
  19 1976  280 12985.  21.4 36.7 2.156 1.    0.
  19 1976  281 12965.  21.4 37.0 2.159 1.    0.
  19 1976  282 12946.  21.5 37.4 2.163 1.    0.
  19 1976  283 12926.  21.5 37.7 2.166 1.    5.
  19 1976  284 12907.  21.5 38.0 2.169 1.    0.
  19 1976  285 12887.  21.5 38.4 2.172 1.    5.
  19 1976  286 12868.  21.5 38.7 2.175 1.    1.
  19 1976  287 12848.  21.6 39.0 2.179 1.    0.
  19 1976  288 12829.  21.6 39.4 2.182 1.   11.
  19 1976  289 12809.  21.6 39.7 2.185 1.    2.
  19 1976  290 12914.  21.6 39.4 2.180 1.   12.
  19 1976  291 13020.  21.6 39.2 2.175 1.    0.
  19 1976  292 13125.  21.5 38.9 2.170 1.    5.
  19 1976  293 13230.  21.5 38.7 2.164 1.    6.
  19 1976  294 13336.  21.5 38.4 2.159 1.    5.
  19 1976  295 13441.  21.5 38.1 2.154 1.    2.
  19 1976  296 13546.  21.5 37.9 2.149 1.    3.
  19 1976  297 13652.  21.4 37.6 2.144 1.    7.
  19 1976  298 13757.  21.4 37.3 2.139 1.    0.
  19 1976  299 13862.  21.4 37.1 2.134 1.    0.
  19 1976  300 13968.  21.4 36.8 2.129 1.    4.
  19 1976  301 14073.  21.4 36.6 2.123 1.    9.
  19 1976  302 14178.  21.3 36.3 2.118 1.   19.
  19 1976  303 14284.  21.3 36.0 2.113 1.   12.
  19 1976  304 14389.  21.3 35.8 2.108 1.    0.
  19 1976  305 14494.  21.3 35.5 2.103 1.    0.
  19 1976  306 14599.  21.3 35.3 2.098 1.    4.
  19 1976  307 14705.  21.3 35.0 2.093 1.    0.
  19 1976  308 14810.  21.2 34.7 2.088 1.   32.
  19 1976  309 14915.  21.2 34.5 2.082 1.    0.
  19 1976  310 15021.  21.2 34.2 2.077 1.    2.
  19 1976  311 15126.  21.2 34.0 2.072 1.    3.
  19 1976  312 15231.  21.2 33.7 2.067 1.    0.
  19 1976  313 15337.  21.1 33.4 2.062 1.    0.
  19 1976  314 15442.  21.1 33.2 2.057 1.    0.
  19 1976  315 15547.  21.1 32.9 2.052 1.   37.
  19 1976  316 15653.  21.1 32.6 2.047 1.    0.
  19 1976  317 15758.  21.1 32.4 2.041 1.    0.
  19 1976  318 15863.  21.0 32.1 2.036 1.    0.
  19 1976  319 15969.  21.0 31.9 2.031 1.    0.
  19 1976  320 16074.  21.0 31.6 2.026 1.   10.
  19 1976  321 15987.  21.0 31.6 2.022 1.    0.
  19 1976  322 15901.  20.9 31.6 2.017 1.    1.
  19 1976  323 15815.  20.9 31.6 2.013 1.    0.
  19 1976  324 15728.  20.8 31.6 2.008 1.    0.
  19 1976  325 15642.  20.8 31.6 2.004 1.    7.
  19 1976  326 15555.  20.8 31.6 1.999 1.    0.
  19 1976  327 15468.  20.7 31.6 1.995 1.    0.
  19 1976  328 15382.  20.7 31.6 1.991 1.    2.
  19 1976  329 15296.  20.6 31.6 1.986 1.   49.
  19 1976  330 15209.  20.6 31.6 1.982 1.    0.
  19 1976  331 15122.  20.6 31.6 1.977 1.   13.
  19 1976  332 15036.  20.5 31.6 1.973 1.    0.
  19 1976  333 14950.  20.5 31.6 1.968 1.    0.
  19 1976  334 14863.  20.4 31.6 1.964 1.   36.
  19 1976  335 14777.  20.4 31.6 1.960 1.    0.
  19 1976  336 14690.  20.4 31.7 1.955 1.    0.
  19 1976  337 14603.  20.3 31.7 1.951 1.    0.
  19 1976  338 14517.  20.3 31.7 1.946 1.    0.
  19 1976  339 14431.  20.2 31.7 1.942 1.    2.
  19 1976  340 14344.  20.2 31.7 1.937 1.    0.
  19 1976  341 14258.  20.2 31.7 1.933 1.    0.
  19 1976  342 14171.  20.1 31.7 1.928 1.    6.
  19 1976  343 14085.  20.1 31.7 1.924 1.   45.
  19 1976  344 13998.  20.0 31.7 1.920 1.    0.
  19 1976  345 13912.  20.0 31.7 1.915 1.    0.
  19 1976  346 13825.  20.0 31.7 1.911 1.    0.
  19 1976  347 13739.  19.9 31.7 1.906 1.    0.
  19 1976  348 13652.  19.9 31.7 1.902 1.    2.
  19 1976  349 13566.  19.8 31.7 1.897 1.    0.
  19 1976  350 13479.  19.8 31.7 1.893 1.    0.
  19 1976  351 13501.  19.8 31.7 1.888 1.    0.
  19 1976  352 13524.  19.7 31.7 1.883 1.   25.
  19 1976  353 13546.  19.7 31.7 1.878 1.    0.
  19 1976  354 13568.  19.6 31.7 1.873 1.    0.
  19 1976  355 13590.  19.6 31.7 1.868 1.    0.
  19 1976  356 13613.  19.5 31.8 1.863 1.    0.
  19 1976  357 13635.  19.5 31.8 1.858 1.    0.
  19 1976  358 13657.  19.4 31.8 1.852 1.    3.
  19 1976  359 13679.  19.4 31.8 1.847 1.    0.
  19 1976  360 13702.  19.4 31.8 1.842 1.    0.
  19 1976  361 13724.  19.3 31.8 1.837 1.    0.
  19 1976  362 13746.  19.3 31.8 1.832 1.    0.
  19 1976  363 13768.  19.2 31.8 1.827 1.    0.
  19 1976  364 13791.  19.2 31.8 1.822 1.    0.
  19 1976  365 13813.  19.1 31.8 1.817 1.    0.
  19 1976  366 13835.  19.1 31.9 1.812 1.    0.
