*---------------------------------------------------------*
*   Country: Ghana
*   Station: Tafo
*      Year: 1981
*    Author: W. Gerritsma
*    Source: Cocoa Research Institute,
*            Annual Report 1981/82
* Longitude: 000 22 W
*  Latitude: 06 15 N
* Elevation: 200 m.
*  WMO-code: -
*  Comments: Cocoa Research Institute Ghana
*            Interpolated daily values
*  Columns:
*  ========
*  station number
*  year
*  day
*  global radiation
*  minimum temperature (degrees Celsius)
*  maximum temperature (degrees Celsius)
*  vapour pressure (kPa)
*  mean wind speed (m s-1)
*  precipitation.rainy days (mm d-1.d)
*---------------------------------------------------------*
 359.63 6.25 200.0 0.0 0.0
  19 1981    1 17148.  20.3 32.3 2.034 1.    0.
  19 1981    2 17167.  20.1 32.3 2.014 1.    0.
  19 1981    3 17188.  20.0 32.3 1.994 1.    0.
  19 1981    4 17209.  19.9 32.3 1.974 1.    0.
  19 1981    5 17232.  19.7 32.4 1.954 1.    0.
  19 1981    6 17256.  19.6 32.4 1.934 1.    0.
  19 1981    7 17280.  19.5 32.4 1.915 1.    0.
  19 1981    8 17306.  19.3 32.5 1.895 1.   15.
  19 1981    9 17333.  19.2 32.5 1.875 1.    0.
  19 1981   10 17360.  19.1 32.5 1.855 1.    0.
  19 1981   11 17389.  18.9 32.6 1.835 1.    0.
  19 1981   12 17418.  18.8 32.6 1.815 1.    0.
  19 1981   13 17448.  18.7 32.6 1.796 1.    0.
  19 1981   14 17479.  18.5 32.7 1.776 1.    0.
  19 1981   15 17511.  18.4 32.7 1.756 1.    0.
  19 1981   16 17520.  18.5 32.7 1.770 1.    0.
  19 1981   17 17530.  18.6 32.7 1.784 1.    0.
  19 1981   18 17540.  18.7 32.8 1.797 1.    0.
  19 1981   19 17550.  18.8 32.8 1.811 1.    0.
  19 1981   20 17562.  18.9 32.8 1.825 1.    0.
  19 1981   21 17574.  19.1 32.8 1.839 1.    0.
  19 1981   22 17586.  19.2 32.8 1.853 1.    0.
  19 1981   23 17599.  19.3 32.8 1.866 1.    0.
  19 1981   24 17612.  19.4 32.9 1.880 1.    0.
  19 1981   25 17625.  19.5 32.9 1.894 1.    0.
  19 1981   26 17639.  19.6 32.9 1.908 1.    0.
  19 1981   27 17654.  19.7 32.9 1.922 1.    0.
  19 1981   28 17668.  19.8 32.9 1.935 1.    0.
  19 1981   29 17683.  19.9 32.9 1.949 1.    0.
  19 1981   30 17698.  20.0 33.0 1.963 1.    0.
  19 1981   31 17713.  20.2 33.0 1.977 1.    0.
  19 1981   32 17728.  20.3 33.0 1.991 1.    0.
  19 1981   33 17743.  20.4 33.0 2.004 1.    0.
  19 1981   34 17759.  20.5 33.0 2.018 1.    8.
  19 1981   35 17774.  20.6 33.0 2.032 1.    0.
  19 1981   36 17789.  20.7 33.0 2.046 1.    0.
  19 1981   37 17805.  20.8 33.1 2.060 1.    0.
  19 1981   38 17820.  20.9 33.1 2.073 1.    0.
  19 1981   39 17835.  21.0 33.1 2.087 1.    0.
  19 1981   40 17850.  21.1 33.1 2.101 1.   17.
  19 1981   41 17865.  21.3 33.1 2.115 1.    0.
  19 1981   42 17879.  21.4 33.2 2.129 1.    0.
  19 1981   43 17893.  21.5 33.2 2.142 1.    0.
  19 1981   44 17907.  21.6 33.2 2.156 1.    2.
  19 1981   45 17921.  21.7 33.2 2.170 1.    0.
  19 1981   46 17966.  21.7 33.2 2.168 1.    1.
  19 1981   47 18011.  21.7 33.2 2.167 1.    0.
  19 1981   48 18055.  21.7 33.2 2.165 1.    0.
  19 1981   49 18100.  21.7 33.1 2.164 1.    1.
  19 1981   50 18143.  21.7 33.1 2.162 1.    0.
  19 1981   51 18187.  21.7 33.1 2.160 1.    0.
  19 1981   52 18230.  21.7 33.1 2.159 1.    0.
  19 1981   53 18272.  21.7 33.1 2.157 1.   29.
  19 1981   54 18314.  21.7 33.1 2.155 1.    0.
  19 1981   55 18356.  21.7 33.1 2.154 1.    5.
  19 1981   56 18397.  21.7 33.0 2.152 1.    5.
  19 1981   57 18437.  21.7 33.0 2.151 1.    0.
  19 1981   58 18477.  21.7 33.0 2.149 1.    0.
  19 1981   59 18516.  21.7 33.0 2.147 1.    0.
  19 1981   60 18554.  21.6 33.0 2.146 1.    8.
  19 1981   61 18592.  21.6 33.0 2.144 1.    0.
  19 1981   62 18629.  21.6 33.0 2.142 1.    0.
  19 1981   63 18666.  21.6 33.0 2.141 1.    0.
  19 1981   64 18701.  21.6 32.9 2.139 1.    0.
  19 1981   65 18736.  21.6 32.9 2.138 1.    0.
  19 1981   66 18770.  21.6 32.9 2.136 1.    0.
  19 1981   67 18804.  21.6 32.9 2.134 1.    2.
  19 1981   68 18836.  21.6 32.9 2.133 1.    0.
  19 1981   69 18868.  21.6 32.9 2.131 1.    0.
  19 1981   70 18899.  21.6 32.9 2.129 1.    0.
  19 1981   71 18929.  21.6 32.8 2.128 1.    1.
  19 1981   72 18958.  21.6 32.8 2.126 1.    0.
  19 1981   73 18987.  21.6 32.8 2.125 1.    0.
  19 1981   74 19014.  21.6 32.8 2.123 1.    1.
  19 1981   75 19064.  21.6 32.8 2.122 1.    0.
  19 1981   76 19113.  21.6 32.8 2.122 1.    0.
  19 1981   77 19161.  21.6 32.8 2.121 1.    1.
  19 1981   78 19208.  21.6 32.8 2.120 1.    0.
  19 1981   79 19255.  21.6 32.8 2.120 1.    0.
  19 1981   80 19300.  21.6 32.8 2.119 1.    0.
  19 1981   81 19344.  21.6 32.8 2.118 1.    0.
  19 1981   82 19388.  21.7 32.9 2.118 1.    0.
  19 1981   83 19430.  21.7 32.9 2.117 1.    0.
  19 1981   84 19472.  21.7 32.9 2.116 1.    0.
  19 1981   85 19513.  21.7 32.9 2.116 1.    0.
  19 1981   86 19552.  21.7 32.9 2.115 1.    0.
  19 1981   87 19591.  21.7 32.9 2.114 1.    0.
  19 1981   88 19629.  21.7 32.9 2.114 1.    0.
  19 1981   89 19666.  21.7 32.9 2.113 1.    0.
  19 1981   90 19701.  21.7 32.9 2.112 1.    0.
  19 1981   91 19736.  21.7 32.9 2.111 1.    0.
  19 1981   92 19770.  21.7 32.9 2.111 1.    0.
  19 1981   93 19803.  21.7 32.9 2.110 1.    2.
  19 1981   94 19835.  21.7 32.9 2.109 1.    0.
  19 1981   95 19866.  21.7 32.9 2.109 1.   10.
  19 1981   96 19896.  21.7 32.9 2.108 1.    0.
  19 1981   97 19925.  21.7 32.9 2.107 1.    0.
  19 1981   98 19954.  21.8 33.0 2.107 1.    0.
  19 1981   99 19981.  21.8 33.0 2.106 1.    0.
  19 1981  100 20007.  21.8 33.0 2.105 1.    0.
  19 1981  101 20033.  21.8 33.0 2.105 1.    0.
  19 1981  102 20058.  21.8 33.0 2.104 1.   19.
  19 1981  103 20081.  21.8 33.0 2.103 1.    4.
  19 1981  104 20104.  21.8 33.0 2.103 1.    0.
  19 1981  105 20127.  21.8 33.0 2.102 1.    0.
  19 1981  106 20057.  21.8 32.9 2.107 1.    0.
  19 1981  107 19986.  21.8 32.9 2.111 1.    0.
  19 1981  108 19915.  21.9 32.8 2.116 1.   11.
  19 1981  109 19843.  21.9 32.7 2.120 1.    0.
  19 1981  110 19770.  21.9 32.6 2.125 1.    0.
  19 1981  111 19697.  21.9 32.6 2.130 1.    0.
  19 1981  112 19624.  21.9 32.5 2.134 1.    0.
  19 1981  113 19550.  22.0 32.4 2.139 1.    0.
  19 1981  114 19476.  22.0 32.3 2.143 1.    0.
  19 1981  115 19402.  22.0 32.3 2.148 1.    0.
  19 1981  116 19327.  22.0 32.2 2.153 1.    0.
  19 1981  117 19251.  22.0 32.1 2.157 1.    0.
  19 1981  118 19176.  22.1 32.0 2.162 1.   19.
  19 1981  119 19100.  22.1 32.0 2.166 1.    2.
  19 1981  120 19024.  22.1 31.9 2.171 1.    2.
  19 1981  121 18948.  22.1 31.8 2.176 1.    0.
  19 1981  122 18871.  22.1 31.8 2.180 1.    0.
  19 1981  123 18795.  22.2 31.7 2.185 1.    4.
  19 1981  124 18718.  22.2 31.6 2.189 1.   28.
  19 1981  125 18642.  22.2 31.5 2.194 1.    0.
  19 1981  126 18565.  22.2 31.5 2.199 1.    5.
  19 1981  127 18488.  22.2 31.4 2.203 1.    0.
  19 1981  128 18411.  22.3 31.3 2.208 1.    0.
  19 1981  129 18335.  22.3 31.2 2.212 1.    5.
  19 1981  130 18258.  22.3 31.2 2.217 1.    0.
  19 1981  131 18182.  22.3 31.1 2.222 1.    0.
  19 1981  132 18105.  22.3 31.0 2.226 1.    0.
  19 1981  133 18029.  22.4 30.9 2.231 1.    0.
  19 1981  134 17953.  22.4 30.9 2.235 1.    0.
  19 1981  135 17877.  22.4 30.8 2.240 1.    0.
  19 1981  136 17833.  22.4 30.8 2.239 1.   14.
  19 1981  137 17789.  22.4 30.8 2.239 1.   28.
  19 1981  138 17745.  22.4 30.8 2.238 1.    0.
  19 1981  139 17701.  22.3 30.7 2.237 1.    4.
  19 1981  140 17658.  22.3 30.7 2.237 1.    0.
  19 1981  141 17615.  22.3 30.7 2.236 1.    0.
  19 1981  142 17572.  22.3 30.7 2.235 1.    0.
  19 1981  143 17530.  22.3 30.7 2.235 1.    0.
  19 1981  144 17488.  22.3 30.7 2.234 1.    0.
  19 1981  145 17447.  22.3 30.6 2.234 1.   14.
  19 1981  146 17405.  22.3 30.6 2.233 1.   23.
  19 1981  147 17365.  22.2 30.6 2.232 1.   22.
  19 1981  148 17325.  22.2 30.6 2.232 1.    0.
  19 1981  149 17285.  22.2 30.6 2.231 1.    0.
  19 1981  150 17246.  22.2 30.6 2.230 1.    0.
  19 1981  151 17207.  22.2 30.5 2.230 1.   25.
  19 1981  152 17169.  22.2 30.5 2.229 1.    1.
  19 1981  153 17131.  22.2 30.5 2.228 1.   64.
  19 1981  154 17094.  22.2 30.5 2.228 1.    0.
  19 1981  155 17058.  22.1 30.5 2.227 1.    0.
  19 1981  156 17022.  22.1 30.5 2.226 1.    0.
  19 1981  157 16987.  22.1 30.4 2.226 1.    0.
  19 1981  158 16953.  22.1 30.4 2.225 1.    0.
  19 1981  159 16919.  22.1 30.4 2.225 1.   14.
  19 1981  160 16886.  22.1 30.4 2.224 1.    0.
  19 1981  161 16854.  22.1 30.4 2.223 1.   41.
  19 1981  162 16822.  22.1 30.4 2.223 1.    0.
  19 1981  163 16791.  22.0 30.3 2.222 1.    2.
  19 1981  164 16761.  22.0 30.3 2.221 1.    6.
  19 1981  165 16731.  22.0 30.3 2.221 1.    1.
  19 1981  166 16703.  22.0 30.3 2.220 1.   38.
  19 1981  167 16538.  22.0 30.2 2.223 1.    7.
  19 1981  168 16373.  22.0 30.1 2.225 1.    0.
  19 1981  169 16210.  22.0 30.0 2.227 1.   30.
  19 1981  170 16047.  22.0 29.9 2.230 1.    7.
  19 1981  171 15886.  22.0 29.8 2.233 1.    4.
  19 1981  172 15725.  22.0 29.7 2.235 1.    8.
  19 1981  173 15564.  22.0 29.6 2.237 1.    6.
  19 1981  174 15405.  21.9 29.5 2.240 1.    7.
  19 1981  175 15246.  21.9 29.4 2.243 1.   15.
  19 1981  176 15087.  21.9 29.3 2.245 1.   12.
  19 1981  177 14930.  21.9 29.2 2.247 1.    0.
  19 1981  178 14773.  21.9 29.1 2.250 1.    0.
  19 1981  179 14616.  21.9 29.0 2.253 1.    5.
  19 1981  180 14460.  21.9 28.9 2.255 1.   23.
  19 1981  181 14305.  21.9 28.8 2.257 1.    1.
  19 1981  182 14150.  21.9 28.8 2.260 1.    5.
  19 1981  183 13996.  21.9 28.7 2.263 1.    3.
  19 1981  184 13842.  21.9 28.6 2.265 1.    0.
  19 1981  185 13688.  21.9 28.5 2.268 1.    1.
  19 1981  186 13535.  21.9 28.4 2.270 1.    0.
  19 1981  187 13382.  21.9 28.3 2.273 1.   10.
  19 1981  188 13229.  21.9 28.2 2.275 1.    0.
  19 1981  189 13077.  21.8 28.1 2.278 1.    0.
  19 1981  190 12924.  21.8 28.0 2.280 1.   34.
  19 1981  191 12772.  21.8 27.9 2.283 1.    0.
  19 1981  192 12621.  21.8 27.8 2.285 1.    1.
  19 1981  193 12469.  21.8 27.7 2.288 1.    9.
  19 1981  194 12317.  21.8 27.6 2.290 1.    6.
  19 1981  195 12166.  21.8 27.5 2.293 1.    1.
  19 1981  196 12014.  21.8 27.4 2.295 1.    0.
  19 1981  197 12078.  21.8 27.4 2.295 1.    0.
  19 1981  198 12141.  21.8 27.4 2.294 1.   10.
  19 1981  199 12205.  21.8 27.5 2.294 1.    0.
  19 1981  200 12269.  21.8 27.5 2.293 1.    7.
  19 1981  201 12334.  21.8 27.5 2.293 1.    0.
  19 1981  202 12399.  21.8 27.5 2.292 1.   12.
  19 1981  203 12464.  21.8 27.6 2.292 1.    0.
  19 1981  204 12530.  21.7 27.6 2.291 1.   14.
  19 1981  205 12596.  21.7 27.6 2.291 1.    3.
  19 1981  206 12662.  21.7 27.6 2.290 1.    0.
  19 1981  207 12729.  21.7 27.6 2.290 1.   19.
  19 1981  208 12795.  21.7 27.7 2.289 1.    8.
  19 1981  209 12862.  21.7 27.7 2.289 1.    0.
  19 1981  210 12930.  21.7 27.7 2.288 1.    0.
  19 1981  211 12997.  21.7 27.7 2.288 1.   13.
  19 1981  212 13065.  21.7 27.8 2.287 1.   37.
  19 1981  213 13133.  21.7 27.8 2.287 1.    0.
  19 1981  214 13201.  21.7 27.8 2.286 1.    5.
  19 1981  215 13269.  21.7 27.8 2.286 1.    5.
  19 1981  216 13337.  21.7 27.9 2.285 1.    4.
  19 1981  217 13406.  21.7 27.9 2.285 1.    1.
  19 1981  218 13474.  21.7 27.9 2.284 1.    0.
  19 1981  219 13543.  21.7 27.9 2.284 1.   11.
  19 1981  220 13611.  21.6 27.9 2.283 1.    0.
  19 1981  221 13680.  21.6 28.0 2.283 1.    4.
  19 1981  222 13748.  21.6 28.0 2.282 1.    3.
  19 1981  223 13817.  21.6 28.0 2.282 1.    0.
  19 1981  224 13885.  21.6 28.0 2.281 1.    0.
  19 1981  225 13954.  21.6 28.1 2.281 1.    1.
  19 1981  226 14022.  21.6 28.1 2.280 1.    0.
  19 1981  227 14090.  21.6 28.1 2.280 1.    4.
  19 1981  228 14163.  21.6 28.1 2.280 1.    0.
  19 1981  229 14236.  21.6 28.2 2.279 1.    0.
  19 1981  230 14309.  21.6 28.2 2.279 1.    1.
  19 1981  231 14381.  21.7 28.3 2.279 1.   13.
  19 1981  232 14454.  21.7 28.3 2.278 1.    0.
  19 1981  233 14526.  21.7 28.4 2.278 1.    0.
  19 1981  234 14597.  21.7 28.4 2.278 1.   16.
  19 1981  235 14669.  21.7 28.5 2.277 1.    3.
  19 1981  236 14740.  21.7 28.5 2.277 1.    0.
  19 1981  237 14811.  21.8 28.6 2.276 1.    1.
  19 1981  238 14881.  21.8 28.6 2.276 1.    0.
  19 1981  239 14952.  21.8 28.7 2.276 1.    0.
  19 1981  240 15021.  21.8 28.7 2.275 1.   10.
  19 1981  241 15091.  21.8 28.8 2.275 1.    5.
  19 1981  242 15160.  21.8 28.8 2.275 1.    0.
  19 1981  243 15228.  21.9 28.9 2.274 1.   13.
  19 1981  244 15296.  21.9 28.9 2.274 1.    6.
  19 1981  245 15364.  21.9 29.0 2.274 1.   46.
  19 1981  246 15430.  21.9 29.0 2.273 1.   36.
  19 1981  247 15497.  21.9 29.1 2.273 1.    0.
  19 1981  248 15563.  21.9 29.1 2.273 1.   16.
  19 1981  249 15628.  22.0 29.2 2.272 1.    0.
  19 1981  250 15693.  22.0 29.2 2.272 1.   24.
  19 1981  251 15757.  22.0 29.3 2.271 1.    3.
  19 1981  252 15820.  22.0 29.3 2.271 1.    0.
  19 1981  253 15883.  22.0 29.4 2.271 1.   16.
  19 1981  254 15946.  22.0 29.4 2.270 1.    0.
  19 1981  255 16007.  22.1 29.5 2.270 1.    0.
  19 1981  256 16068.  22.1 29.5 2.270 1.    0.
  19 1981  257 16128.  22.1 29.6 2.269 1.    0.
  19 1981  258 16188.  22.1 29.6 2.269 1.    6.
  19 1981  259 16300.  22.1 29.5 2.265 1.    0.
  19 1981  260 16412.  22.1 29.3 2.261 1.    0.
  19 1981  261 16523.  22.1 29.2 2.257 1.   34.
  19 1981  262 16633.  22.1 29.1 2.253 1.    0.
  19 1981  263 16743.  22.1 28.9 2.249 1.    0.
  19 1981  264 16852.  22.0 28.8 2.245 1.    0.
  19 1981  265 16960.  22.0 28.6 2.241 1.    0.
  19 1981  266 17067.  22.0 28.5 2.237 1.    9.
  19 1981  267 17173.  22.0 28.4 2.233 1.    0.
  19 1981  268 17278.  22.0 28.2 2.229 1.    5.
  19 1981  269 17383.  22.0 28.1 2.225 1.    0.
  19 1981  270 17486.  22.0 28.0 2.221 1.   21.
  19 1981  271 17589.  22.0 27.8 2.217 1.    0.
  19 1981  272 17691.  22.0 27.7 2.213 1.    7.
  19 1981  273 17792.  22.0 27.5 2.209 1.    0.
  19 1981  274 17892.  21.9 27.4 2.205 1.    0.
  19 1981  275 17991.  21.9 27.3 2.201 1.    0.
  19 1981  276 18090.  21.9 27.1 2.197 1.    2.
  19 1981  277 18187.  21.9 27.0 2.193 1.    0.
  19 1981  278 18283.  21.9 26.9 2.189 1.    6.
  19 1981  279 18379.  21.9 26.7 2.185 1.    0.
  19 1981  280 18473.  21.9 26.6 2.181 1.    0.
  19 1981  281 18567.  21.9 26.5 2.177 1.    0.
  19 1981  282 18660.  21.9 26.3 2.173 1.   22.
  19 1981  283 18751.  21.9 26.2 2.169 1.    0.
  19 1981  284 18842.  21.8 26.0 2.165 1.    1.
  19 1981  285 18932.  21.8 25.9 2.161 1.    0.
  19 1981  286 19021.  21.8 25.8 2.157 1.   10.
  19 1981  287 19109.  21.8 25.6 2.153 1.    0.
  19 1981  288 19197.  21.8 25.5 2.149 1.    6.
  19 1981  289 19156.  21.8 25.7 2.145 1.    8.
  19 1981  290 19114.  21.7 25.9 2.141 1.    6.
  19 1981  291 19072.  21.7 26.1 2.138 1.    5.
  19 1981  292 19030.  21.7 26.3 2.134 1.   17.
  19 1981  293 18987.  21.7 26.5 2.130 1.    0.
  19 1981  294 18944.  21.6 26.7 2.126 1.    0.
  19 1981  295 18900.  21.6 26.9 2.122 1.   41.
  19 1981  296 18856.  21.6 27.1 2.119 1.    0.
  19 1981  297 18812.  21.6 27.3 2.115 1.    3.
  19 1981  298 18767.  21.5 27.5 2.111 1.    2.
  19 1981  299 18722.  21.5 27.7 2.107 1.    6.
  19 1981  300 18676.  21.5 27.9 2.103 1.    0.
  19 1981  301 18631.  21.5 28.1 2.100 1.    0.
  19 1981  302 18585.  21.4 28.3 2.096 1.   19.
  19 1981  303 18539.  21.4 28.5 2.092 1.   17.
  19 1981  304 18493.  21.4 28.8 2.088 1.    0.
  19 1981  305 18447.  21.4 29.0 2.084 1.    9.
  19 1981  306 18401.  21.3 29.2 2.080 1.    0.
  19 1981  307 18355.  21.3 29.4 2.077 1.    0.
  19 1981  308 18309.  21.3 29.6 2.073 1.    0.
  19 1981  309 18262.  21.3 29.8 2.069 1.    0.
  19 1981  310 18216.  21.2 30.0 2.065 1.    0.
  19 1981  311 18170.  21.2 30.2 2.061 1.    0.
  19 1981  312 18125.  21.2 30.4 2.058 1.    0.
  19 1981  313 18079.  21.2 30.6 2.054 1.    0.
  19 1981  314 18034.  21.1 30.8 2.050 1.    0.
  19 1981  315 17988.  21.1 31.0 2.046 1.    0.
  19 1981  316 17944.  21.1 31.2 2.042 1.    0.
  19 1981  317 17899.  21.1 31.4 2.039 1.    0.
  19 1981  318 17855.  21.0 31.6 2.035 1.    0.
  19 1981  319 17811.  21.0 31.8 2.031 1.    3.
  19 1981  320 17774.  21.0 31.8 2.040 1.    0.
  19 1981  321 17737.  21.1 31.8 2.050 1.    0.
  19 1981  322 17700.  21.1 31.8 2.059 1.    0.
  19 1981  323 17664.  21.1 31.8 2.068 1.    0.
  19 1981  324 17628.  21.2 31.8 2.078 1.    0.
  19 1981  325 17593.  21.2 31.8 2.087 1.    0.
  19 1981  326 17559.  21.3 31.8 2.096 1.    5.
  19 1981  327 17525.  21.3 31.8 2.106 1.    0.
  19 1981  328 17492.  21.3 31.8 2.115 1.    0.
  19 1981  329 17460.  21.4 31.8 2.124 1.    4.
  19 1981  330 17428.  21.4 31.8 2.134 1.    0.
  19 1981  331 17398.  21.4 31.8 2.143 1.    0.
  19 1981  332 17368.  21.5 31.8 2.152 1.    0.
  19 1981  333 17338.  21.5 31.8 2.162 1.    0.
  19 1981  334 17310.  21.6 31.8 2.171 1.    0.
  19 1981  335 17283.  21.6 31.8 2.180 1.    6.
  19 1981  336 17256.  21.6 31.8 2.190 1.    0.
  19 1981  337 17231.  21.7 31.8 2.199 1.    7.
  19 1981  338 17206.  21.7 31.8 2.208 1.    0.
  19 1981  339 17183.  21.7 31.8 2.218 1.    0.
  19 1981  340 17160.  21.8 31.8 2.227 1.    0.
  19 1981  341 17139.  21.8 31.8 2.236 1.    0.
  19 1981  342 17118.  21.8 31.8 2.246 1.    0.
  19 1981  343 17099.  21.9 31.8 2.255 1.    0.
  19 1981  344 17081.  21.9 31.8 2.264 1.    0.
  19 1981  345 17064.  22.0 31.8 2.274 1.    0.
  19 1981  346 17047.  22.0 31.8 2.283 1.    0.
  19 1981  347 17032.  22.0 31.8 2.292 1.   10.
  19 1981  348 17019.  22.1 31.8 2.302 1.    0.
  19 1981  349 17006.  22.1 31.8 2.311 1.    0.
  19 1981  350 17005.  22.0 31.8 2.294 1.    0.
  19 1981  351 17006.  21.9 31.9 2.276 1.    0.
  19 1981  352 17007.  21.8 31.9 2.259 1.   16.
  19 1981  353 17010.  21.6 31.9 2.242 1.    0.
  19 1981  354 17014.  21.5 31.9 2.224 1.    0.
  19 1981  355 17019.  21.4 32.0 2.207 1.    0.
  19 1981  356 17025.  21.3 32.0 2.190 1.    0.
  19 1981  357 17033.  21.2 32.0 2.172 1.    0.
  19 1981  358 17041.  21.1 32.1 2.155 1.    0.
  19 1981  359 17051.  20.9 32.1 2.138 1.    0.
  19 1981  360 17062.  20.8 32.1 2.120 1.    0.
  19 1981  361 17074.  20.7 32.1 2.103 1.    0.
  19 1981  362 17087.  20.6 32.2 2.086 1.    0.
  19 1981  363 17102.  20.5 32.2 2.068 1.    0.
  19 1981  364 17117.  20.4 32.2 2.051 1.    0.
  19 1981  365 17134.  20.3 32.3 2.034 1.    0.
