*---------------------------------------------------------*
*   Country: Ghana
*   Station: Tafo
*      Year: 1974
*    Author: W. Gerritsma
*    Source: Cocoa Research Institute,
*            Annual Report 1974-1975
* Longitude: 000 22 W
*  Latitude: 06 15 N
* Elevation: 200 m.
*  WMO-code: -
*  Comments: Cocoa Research Institute Ghana
*            interpolated daily values
*  Columns:
*  ========
*  station number
*  year
*  day
*  global radiation (kJ m-2 d-1)
*  minimum temperature (degrees Celsius)
*  maximum temperature (degrees Celsius)
*  vapour pressure (kPa)
*  mean wind speed (m s-1)
*  precipitation.rainy days (mm d-1.d)
*---------------------------------------------------------*
 359.63 6.25 200.0 0.0 0.0
  19 1974    1 13458.  19.6 31.1 1.878 1.    0.
  19 1974    2 13415.  19.6 31.1 1.873 1.    0.
  19 1974    3 13371.  19.5 31.1 1.868 1.    0.
  19 1974    4 13328.  19.5 31.1 1.863 1.    0.
  19 1974    5 13285.  19.5 31.0 1.858 1.    0.
  19 1974    6 13241.  19.4 31.0 1.853 1.    0.
  19 1974    7 13198.  19.4 31.0 1.848 1.    0.
  19 1974    8 13155.  19.4 31.0 1.843 1.    0.
  19 1974    9 13111.  19.3 31.0 1.838 1.    0.
  19 1974   10 13068.  19.3 31.0 1.833 1.    0.
  19 1974   11 13024.  19.2 31.0 1.828 1.    0.
  19 1974   12 12981.  19.2 30.9 1.823 1.    0.
  19 1974   13 12938.  19.2 30.9 1.818 1.    0.
  19 1974   14 12894.  19.1 30.9 1.813 1.    0.
  19 1974   15 12851.  19.1 30.9 1.808 1.    0.
  19 1974   16 12918.  19.2 31.0 1.817 1.    0.
  19 1974   17 12985.  19.2 31.1 1.825 1.   32.
  19 1974   18 13052.  19.3 31.1 1.834 1.    0.
  19 1974   19 13119.  19.4 31.2 1.843 1.    0.
  19 1974   20 13186.  19.5 31.3 1.852 1.    0.
  19 1974   21 13253.  19.5 31.4 1.860 1.    0.
  19 1974   22 13320.  19.6 31.5 1.869 1.    0.
  19 1974   23 13387.  19.7 31.5 1.878 1.    0.
  19 1974   24 13454.  19.7 31.6 1.887 1.    0.
  19 1974   25 13521.  19.8 31.7 1.895 1.    0.
  19 1974   26 13588.  19.9 31.8 1.904 1.    0.
  19 1974   27 13655.  19.9 31.9 1.913 1.    0.
  19 1974   28 13722.  20.0 31.9 1.922 1.    0.
  19 1974   29 13789.  20.1 32.0 1.930 1.    0.
  19 1974   30 13855.  20.2 32.1 1.939 1.    0.
  19 1974   31 13922.  20.2 32.2 1.948 1.    1.
  19 1974   32 13989.  20.3 32.3 1.956 1.    2.
  19 1974   33 14056.  20.4 32.3 1.965 1.    0.
  19 1974   34 14123.  20.4 32.4 1.974 1.    0.
  19 1974   35 14190.  20.5 32.5 1.983 1.    0.
  19 1974   36 14257.  20.6 32.6 1.991 1.    0.
  19 1974   37 14324.  20.6 32.7 2.000 1.    0.
  19 1974   38 14391.  20.7 32.7 2.009 1.    0.
  19 1974   39 14458.  20.8 32.8 2.018 1.    0.
  19 1974   40 14525.  20.9 32.9 2.026 1.    4.
  19 1974   41 14592.  20.9 33.0 2.035 1.    0.
  19 1974   42 14659.  21.0 33.1 2.044 1.    0.
  19 1974   43 14726.  21.1 33.1 2.053 1.    9.
  19 1974   44 14793.  21.1 33.2 2.061 1.    0.
  19 1974   45 14860.  21.2 33.3 2.070 1.    0.
  19 1974   46 14965.  21.2 33.3 2.070 1.    0.
  19 1974   47 15071.  21.2 33.3 2.070 1.    0.
  19 1974   48 15176.  21.3 33.3 2.070 1.    0.
  19 1974   49 15282.  21.3 33.3 2.070 1.    0.
  19 1974   50 15387.  21.3 33.3 2.070 1.    0.
  19 1974   51 15492.  21.3 33.3 2.070 1.    0.
  19 1974   52 15598.  21.3 33.3 2.070 1.    3.
  19 1974   53 15703.  21.3 33.3 2.071 1.    0.
  19 1974   54 15808.  21.4 33.3 2.071 1.    0.
  19 1974   55 15914.  21.4 33.3 2.071 1.    0.
  19 1974   56 16019.  21.4 33.3 2.071 1.    0.
  19 1974   57 16125.  21.4 33.3 2.071 1.    0.
  19 1974   58 16230.  21.4 33.3 2.071 1.    0.
  19 1974   59 16335.  21.4 33.3 2.071 1.    0.
  19 1974   60 16441.  21.5 33.3 2.071 1.    0.
  19 1974   61 16546.  21.5 33.3 2.071 1.    0.
  19 1974   62 16651.  21.5 33.3 2.071 1.    0.
  19 1974   63 16757.  21.5 33.3 2.071 1.    0.
  19 1974   64 16862.  21.5 33.3 2.071 1.    0.
  19 1974   65 16968.  21.5 33.3 2.071 1.    0.
  19 1974   66 17073.  21.6 33.3 2.071 1.    3.
  19 1974   67 17178.  21.6 33.3 2.072 1.   26.
  19 1974   68 17284.  21.6 33.3 2.072 1.   84.
  19 1974   69 17389.  21.6 33.3 2.072 1.    0.
  19 1974   70 17494.  21.6 33.3 2.072 1.   37.
  19 1974   71 17600.  21.6 33.3 2.072 1.    0.
  19 1974   72 17705.  21.7 33.3 2.072 1.    0.
  19 1974   73 17811.  21.7 33.3 2.072 1.    0.
  19 1974   74 17916.  21.7 33.3 2.072 1.   52.
  19 1974   75 17913.  21.7 33.3 2.072 1.    0.
  19 1974   76 17911.  21.7 33.2 2.071 1.   27.
  19 1974   77 17908.  21.7 33.2 2.071 1.    0.
  19 1974   78 17905.  21.7 33.2 2.071 1.    0.
  19 1974   79 17902.  21.7 33.2 2.070 1.    0.
  19 1974   80 17900.  21.7 33.1 2.070 1.    0.
  19 1974   81 17897.  21.7 33.1 2.070 1.    0.
  19 1974   82 17894.  21.7 33.1 2.069 1.    0.
  19 1974   83 17892.  21.7 33.0 2.069 1.    7.
  19 1974   84 17889.  21.7 33.0 2.068 1.    0.
  19 1974   85 17886.  21.7 33.0 2.068 1.    0.
  19 1974   86 17883.  21.7 33.0 2.068 1.    0.
  19 1974   87 17881.  21.7 32.9 2.067 1.    8.
  19 1974   88 17878.  21.7 32.9 2.067 1.    7.
  19 1974   89 17875.  21.7 32.9 2.067 1.    0.
  19 1974   90 17873.  21.6 32.8 2.066 1.    0.
  19 1974   91 17870.  21.6 32.8 2.066 1.   35.
  19 1974   92 17867.  21.6 32.8 2.066 1.    0.
  19 1974   93 17865.  21.6 32.7 2.065 1.    0.
  19 1974   94 17862.  21.6 32.7 2.065 1.    0.
  19 1974   95 17859.  21.6 32.7 2.065 1.    0.
  19 1974   96 17856.  21.6 32.7 2.064 1.    0.
  19 1974   97 17854.  21.6 32.6 2.064 1.    0.
  19 1974   98 17851.  21.6 32.6 2.063 1.    4.
  19 1974   99 17848.  21.6 32.6 2.063 1.   12.
  19 1974  100 17846.  21.6 32.5 2.063 1.    0.
  19 1974  101 17843.  21.6 32.5 2.062 1.    0.
  19 1974  102 17840.  21.6 32.5 2.062 1.    0.
  19 1974  103 17837.  21.6 32.5 2.062 1.    0.
  19 1974  104 17835.  21.6 32.4 2.061 1.    0.
  19 1974  105 17832.  21.6 32.4 2.061 1.   19.
  19 1974  106 17773.  21.6 32.3 2.064 1.    1.
  19 1974  107 17715.  21.6 32.3 2.067 1.   27.
  19 1974  108 17656.  21.6 32.2 2.070 1.    0.
  19 1974  109 17598.  21.6 32.2 2.072 1.    0.
  19 1974  110 17539.  21.6 32.1 2.075 1.    0.
  19 1974  111 17480.  21.6 32.1 2.078 1.    0.
  19 1974  112 17422.  21.6 32.0 2.081 1.    0.
  19 1974  113 17363.  21.6 32.0 2.084 1.   20.
  19 1974  114 17305.  21.6 31.9 2.087 1.   44.
  19 1974  115 17246.  21.6 31.9 2.090 1.    0.
  19 1974  116 17187.  21.6 31.8 2.093 1.    0.
  19 1974  117 17129.  21.6 31.8 2.095 1.    0.
  19 1974  118 17070.  21.6 31.7 2.098 1.    0.
  19 1974  119 17012.  21.6 31.7 2.101 1.    0.
  19 1974  120 16953.  21.6 31.6 2.104 1.    0.
  19 1974  121 16894.  21.7 31.5 2.107 1.    0.
  19 1974  122 16836.  21.7 31.5 2.110 1.    0.
  19 1974  123 16777.  21.7 31.4 2.113 1.    5.
  19 1974  124 16719.  21.7 31.4 2.115 1.    0.
  19 1974  125 16660.  21.7 31.3 2.118 1.    0.
  19 1974  126 16601.  21.7 31.3 2.121 1.    0.
  19 1974  127 16543.  21.7 31.2 2.124 1.   10.
  19 1974  128 16484.  21.7 31.2 2.127 1.    0.
  19 1974  129 16426.  21.7 31.1 2.130 1.    0.
  19 1974  130 16367.  21.7 31.1 2.133 1.    0.
  19 1974  131 16308.  21.7 31.0 2.136 1.    0.
  19 1974  132 16250.  21.7 31.0 2.138 1.    0.
  19 1974  133 16191.  21.7 30.9 2.141 1.    0.
  19 1974  134 16133.  21.7 30.9 2.144 1.    0.
  19 1974  135 16074.  21.7 30.8 2.147 1.    0.
  19 1974  136 16004.  21.7 30.8 2.149 1.    3.
  19 1974  137 15934.  21.7 30.7 2.150 1.   34.
  19 1974  138 15863.  21.7 30.7 2.152 1.    0.
  19 1974  139 15793.  21.7 30.6 2.153 1.   24.
  19 1974  140 15723.  21.7 30.6 2.155 1.    0.
  19 1974  141 15653.  21.7 30.5 2.156 1.    0.
  19 1974  142 15583.  21.7 30.5 2.158 1.    0.
  19 1974  143 15512.  21.7 30.5 2.159 1.    7.
  19 1974  144 15442.  21.7 30.4 2.161 1.   21.
  19 1974  145 15372.  21.7 30.4 2.162 1.   13.
  19 1974  146 15302.  21.7 30.3 2.164 1.    5.
  19 1974  147 15232.  21.7 30.3 2.165 1.    6.
  19 1974  148 15161.  21.7 30.3 2.167 1.    0.
  19 1974  149 15091.  21.7 30.2 2.168 1.    0.
  19 1974  150 15021.  21.7 30.2 2.170 1.   11.
  19 1974  151 14951.  21.6 30.1 2.171 1.    0.
  19 1974  152 14881.  21.6 30.1 2.173 1.    0.
  19 1974  153 14811.  21.6 30.0 2.174 1.    7.
  19 1974  154 14740.  21.6 30.0 2.176 1.    0.
  19 1974  155 14670.  21.6 30.0 2.177 1.    0.
  19 1974  156 14600.  21.6 29.9 2.179 1.    1.
  19 1974  157 14530.  21.6 29.9 2.180 1.    0.
  19 1974  158 14460.  21.6 29.8 2.182 1.    7.
  19 1974  159 14389.  21.6 29.8 2.183 1.    0.
  19 1974  160 14319.  21.6 29.8 2.185 1.    0.
  19 1974  161 14249.  21.6 29.7 2.186 1.    1.
  19 1974  162 14179.  21.6 29.7 2.188 1.    2.
  19 1974  163 14109.  21.6 29.6 2.189 1.    0.
  19 1974  164 14038.  21.6 29.6 2.191 1.   15.
  19 1974  165 13968.  21.6 29.5 2.192 1.   15.
  19 1974  166 13898.  21.6 29.5 2.194 1.   29.
  19 1974  167 13848.  21.6 29.5 2.194 1.    8.
  19 1974  168 13798.  21.6 29.4 2.194 1.    0.
  19 1974  169 13747.  21.6 29.4 2.194 1.    0.
  19 1974  170 13697.  21.6 29.3 2.195 1.   10.
  19 1974  171 13647.  21.6 29.3 2.195 1.    0.
  19 1974  172 13597.  21.6 29.2 2.195 1.    8.
  19 1974  173 13546.  21.6 29.2 2.195 1.   10.
  19 1974  174 13496.  21.6 29.2 2.195 1.    0.
  19 1974  175 13446.  21.6 29.1 2.195 1.    0.
  19 1974  176 13396.  21.6 29.1 2.196 1.    0.
  19 1974  177 13345.  21.6 29.0 2.196 1.    5.
  19 1974  178 13295.  21.6 29.0 2.196 1.    0.
  19 1974  179 13245.  21.6 28.9 2.196 1.    4.
  19 1974  180 13195.  21.6 28.9 2.196 1.    0.
  19 1974  181 13145.  21.6 28.9 2.196 1.    0.
  19 1974  182 13094.  21.6 28.8 2.197 1.    1.
  19 1974  183 13044.  21.6 28.8 2.197 1.    2.
  19 1974  184 12994.  21.6 28.7 2.197 1.    8.
  19 1974  185 12944.  21.6 28.7 2.197 1.    1.
  19 1974  186 12893.  21.6 28.6 2.197 1.    0.
  19 1974  187 12843.  21.6 28.6 2.197 1.    2.
  19 1974  188 12793.  21.6 28.5 2.198 1.    3.
  19 1974  189 12743.  21.6 28.5 2.198 1.   28.
  19 1974  190 12692.  21.6 28.5 2.198 1.   30.
  19 1974  191 12642.  21.6 28.4 2.198 1.    0.
  19 1974  192 12592.  21.6 28.4 2.198 1.    0.
  19 1974  193 12542.  21.6 28.3 2.198 1.   43.
  19 1974  194 12491.  21.6 28.3 2.199 1.    0.
  19 1974  195 12441.  21.6 28.2 2.199 1.    0.
  19 1974  196 12391.  21.6 28.2 2.199 1.    6.
  19 1974  197 12431.  21.6 28.2 2.198 1.    3.
  19 1974  198 12472.  21.6 28.2 2.197 1.    0.
  19 1974  199 12512.  21.6 28.2 2.197 1.   32.
  19 1974  200 12553.  21.6 28.3 2.196 1.   14.
  19 1974  201 12593.  21.6 28.3 2.195 1.    0.
  19 1974  202 12634.  21.6 28.3 2.194 1.    2.
  19 1974  203 12674.  21.6 28.3 2.193 1.    0.
  19 1974  204 12715.  21.6 28.3 2.193 1.    3.
  19 1974  205 12755.  21.6 28.3 2.192 1.    3.
  19 1974  206 12796.  21.6 28.3 2.191 1.    2.
  19 1974  207 12836.  21.6 28.3 2.190 1.    3.
  19 1974  208 12877.  21.6 28.4 2.189 1.    0.
  19 1974  209 12917.  21.6 28.4 2.189 1.   15.
  19 1974  210 12958.  21.6 28.4 2.188 1.    6.
  19 1974  211 12998.  21.6 28.4 2.187 1.   10.
  19 1974  212 13039.  21.5 28.4 2.186 1.    0.
  19 1974  213 13079.  21.5 28.4 2.185 1.    0.
  19 1974  214 13120.  21.5 28.4 2.184 1.    0.
  19 1974  215 13160.  21.5 28.4 2.184 1.    0.
  19 1974  216 13201.  21.5 28.5 2.183 1.    5.
  19 1974  217 13241.  21.5 28.5 2.182 1.    0.
  19 1974  218 13282.  21.5 28.5 2.181 1.    1.
  19 1974  219 13322.  21.5 28.5 2.180 1.   32.
  19 1974  220 13363.  21.5 28.5 2.180 1.    0.
  19 1974  221 13403.  21.5 28.5 2.179 1.    0.
  19 1974  222 13444.  21.5 28.5 2.178 1.    0.
  19 1974  223 13484.  21.5 28.5 2.177 1.    0.
  19 1974  224 13525.  21.5 28.6 2.176 1.   36.
  19 1974  225 13565.  21.5 28.6 2.176 1.   19.
  19 1974  226 13606.  21.5 28.6 2.175 1.   13.
  19 1974  227 13646.  21.5 28.6 2.174 1.    9.
  19 1974  228 13618.  21.5 28.6 2.176 1.    0.
  19 1974  229 13589.  21.5 28.6 2.178 1.    0.
  19 1974  230 13561.  21.5 28.6 2.180 1.    3.
  19 1974  231 13533.  21.5 28.6 2.182 1.    0.
  19 1974  232 13504.  21.5 28.6 2.184 1.   13.
  19 1974  233 13476.  21.5 28.6 2.186 1.    0.
  19 1974  234 13448.  21.5 28.6 2.188 1.    0.
  19 1974  235 13419.  21.6 28.5 2.191 1.    0.
  19 1974  236 13391.  21.6 28.5 2.193 1.    0.
  19 1974  237 13362.  21.6 28.5 2.195 1.    4.
  19 1974  238 13334.  21.6 28.5 2.197 1.    0.
  19 1974  239 13306.  21.6 28.5 2.199 1.    0.
  19 1974  240 13277.  21.6 28.5 2.201 1.    0.
  19 1974  241 13249.  21.6 28.5 2.203 1.    0.
  19 1974  242 13221.  21.6 28.5 2.205 1.    0.
  19 1974  243 13192.  21.6 28.5 2.207 1.    0.
  19 1974  244 13164.  21.6 28.5 2.209 1.    1.
  19 1974  245 13136.  21.6 28.5 2.211 1.   11.
  19 1974  246 13107.  21.6 28.5 2.213 1.    1.
  19 1974  247 13079.  21.6 28.5 2.215 1.    1.
  19 1974  248 13051.  21.6 28.5 2.217 1.    7.
  19 1974  249 13022.  21.6 28.5 2.219 1.   26.
  19 1974  250 12994.  21.6 28.5 2.221 1.   13.
  19 1974  251 12965.  21.7 28.4 2.224 1.    7.
  19 1974  252 12937.  21.7 28.4 2.226 1.    3.
  19 1974  253 12909.  21.7 28.4 2.228 1.   13.
  19 1974  254 12880.  21.7 28.4 2.230 1.   13.
  19 1974  255 12852.  21.7 28.4 2.232 1.    4.
  19 1974  256 12824.  21.7 28.4 2.234 1.    0.
  19 1974  257 12795.  21.7 28.4 2.236 1.    0.
  19 1974  258 12767.  21.7 28.4 2.238 1.   37.
  19 1974  259 12876.  21.7 28.5 2.236 1.    1.
  19 1974  260 12985.  21.7 28.5 2.234 1.    0.
  19 1974  261 13094.  21.7 28.6 2.232 1.    2.
  19 1974  262 13202.  21.7 28.7 2.230 1.    8.
  19 1974  263 13311.  21.7 28.8 2.228 1.    3.
  19 1974  264 13420.  21.7 28.8 2.226 1.   11.
  19 1974  265 13529.  21.7 28.9 2.224 1.   20.
  19 1974  266 13638.  21.7 29.0 2.223 1.   15.
  19 1974  267 13747.  21.7 29.0 2.221 1.    2.
  19 1974  268 13855.  21.7 29.1 2.219 1.    0.
  19 1974  269 13964.  21.7 29.2 2.217 1.    3.
  19 1974  270 14073.  21.7 29.2 2.215 1.    5.
  19 1974  271 14182.  21.7 29.3 2.213 1.    7.
  19 1974  272 14291.  21.7 29.4 2.211 1.    6.
  19 1974  273 14400.  21.8 29.5 2.209 1.    4.
  19 1974  274 14508.  21.8 29.5 2.207 1.    2.
  19 1974  275 14617.  21.8 29.6 2.205 1.    0.
  19 1974  276 14726.  21.8 29.7 2.203 1.    0.
  19 1974  277 14835.  21.8 29.7 2.201 1.   13.
  19 1974  278 14944.  21.8 29.8 2.199 1.    1.
  19 1974  279 15053.  21.8 29.9 2.197 1.   25.
  19 1974  280 15161.  21.8 29.9 2.195 1.    6.
  19 1974  281 15270.  21.8 30.0 2.194 1.   33.
  19 1974  282 15379.  21.8 30.1 2.192 1.   60.
  19 1974  283 15488.  21.8 30.1 2.190 1.   68.
  19 1974  284 15597.  21.8 30.2 2.188 1.    0.
  19 1974  285 15706.  21.8 30.3 2.186 1.    0.
  19 1974  286 15814.  21.8 30.4 2.184 1.    0.
  19 1974  287 15923.  21.8 30.4 2.182 1.    0.
  19 1974  288 16032.  21.8 30.5 2.180 1.    0.
  19 1974  289 16037.  21.8 30.5 2.177 1.    2.
  19 1974  290 16043.  21.8 30.5 2.174 1.    0.
  19 1974  291 16048.  21.8 30.5 2.170 1.    0.
  19 1974  292 16054.  21.8 30.5 2.167 1.    0.
  19 1974  293 16059.  21.8 30.5 2.164 1.    4.
  19 1974  294 16065.  21.8 30.4 2.161 1.    3.
  19 1974  295 16070.  21.8 30.4 2.157 1.    3.
  19 1974  296 16075.  21.8 30.4 2.154 1.    0.
  19 1974  297 16081.  21.8 30.4 2.151 1.    4.
  19 1974  298 16086.  21.8 30.4 2.148 1.   16.
  19 1974  299 16092.  21.8 30.4 2.145 1.    0.
  19 1974  300 16097.  21.8 30.4 2.141 1.    0.
  19 1974  301 16102.  21.8 30.4 2.138 1.    3.
  19 1974  302 16108.  21.8 30.4 2.135 1.    0.
  19 1974  303 16113.  21.8 30.4 2.132 1.    0.
  19 1974  304 16119.  21.7 30.3 2.128 1.    1.
  19 1974  305 16124.  21.7 30.3 2.125 1.    3.
  19 1974  306 16130.  21.7 30.3 2.122 1.    0.
  19 1974  307 16135.  21.7 30.3 2.119 1.    6.
  19 1974  308 16140.  21.7 30.3 2.115 1.    0.
  19 1974  309 16146.  21.7 30.3 2.112 1.    0.
  19 1974  310 16151.  21.7 30.3 2.109 1.    0.
  19 1974  311 16157.  21.7 30.3 2.106 1.    0.
  19 1974  312 16162.  21.7 30.3 2.103 1.    0.
  19 1974  313 16167.  21.7 30.3 2.099 1.    0.
  19 1974  314 16173.  21.7 30.2 2.096 1.    0.
  19 1974  315 16178.  21.7 30.2 2.093 1.    0.
  19 1974  316 16184.  21.7 30.2 2.090 1.    4.
  19 1974  317 16189.  21.7 30.2 2.086 1.    0.
  19 1974  318 16195.  21.7 30.2 2.083 1.    0.
  19 1974  319 16200.  21.7 30.2 2.080 1.    0.
  19 1974  320 16129.  21.6 30.2 2.076 1.    1.
  19 1974  321 16058.  21.6 30.3 2.071 1.    0.
  19 1974  322 15987.  21.5 30.3 2.067 1.    0.
  19 1974  323 15915.  21.5 30.3 2.062 1.    0.
  19 1974  324 15844.  21.4 30.4 2.058 1.    0.
  19 1974  325 15773.  21.4 30.4 2.053 1.    0.
  19 1974  326 15702.  21.3 30.5 2.049 1.    0.
  19 1974  327 15631.  21.3 30.5 2.045 1.    0.
  19 1974  328 15560.  21.2 30.5 2.040 1.    0.
  19 1974  329 15488.  21.2 30.6 2.036 1.    0.
  19 1974  330 15417.  21.1 30.6 2.031 1.    0.
  19 1974  331 15346.  21.1 30.6 2.027 1.    0.
  19 1974  332 15275.  21.0 30.7 2.022 1.    0.
  19 1974  333 15204.  21.0 30.7 2.018 1.    0.
  19 1974  334 15133.  20.9 30.8 2.013 1.    0.
  19 1974  335 15061.  20.8 30.8 2.009 1.    0.
  19 1974  336 14990.  20.8 30.8 2.005 1.    0.
  19 1974  337 14919.  20.7 30.9 2.000 1.    0.
  19 1974  338 14848.  20.7 30.9 1.996 1.    0.
  19 1974  339 14777.  20.6 30.9 1.991 1.    0.
  19 1974  340 14706.  20.6 31.0 1.987 1.   45.
  19 1974  341 14634.  20.5 31.0 1.982 1.    0.
  19 1974  342 14563.  20.5 31.0 1.978 1.    0.
  19 1974  343 14492.  20.4 31.1 1.974 1.    0.
  19 1974  344 14421.  20.4 31.1 1.969 1.    0.
  19 1974  345 14350.  20.3 31.2 1.965 1.    0.
  19 1974  346 14279.  20.3 31.2 1.960 1.    0.
  19 1974  347 14207.  20.2 31.2 1.956 1.    0.
  19 1974  348 14136.  20.2 31.3 1.951 1.    0.
  19 1974  349 14065.  20.1 31.3 1.947 1.    0.
  19 1974  350 14027.  20.1 31.3 1.943 1.    0.
  19 1974  351 13989.  20.0 31.3 1.938 1.    0.
  19 1974  352 13951.  20.0 31.3 1.934 1.    0.
  19 1974  353 13913.  20.0 31.3 1.930 1.    0.
  19 1974  354 13875.  19.9 31.2 1.925 1.    0.
  19 1974  355 13837.  19.9 31.2 1.921 1.    0.
  19 1974  356 13799.  19.9 31.2 1.917 1.    0.
  19 1974  357 13761.  19.9 31.2 1.912 1.    0.
  19 1974  358 13724.  19.8 31.2 1.908 1.    0.
  19 1974  359 13686.  19.8 31.2 1.904 1.    0.
  19 1974  360 13648.  19.8 31.2 1.899 1.    0.
  19 1974  361 13610.  19.7 31.1 1.895 1.    0.
  19 1974  362 13572.  19.7 31.1 1.891 1.    0.
  19 1974  363 13534.  19.7 31.1 1.886 1.    0.
  19 1974  364 13496.  19.6 31.1 1.882 1.    1.
  19 1974  365 13458.  19.6 31.1 1.878 1.    0.
