*---------------------------------------------------------*
*   Country: Ghana
*   Station: Tafo
*      Year: 1969
*    Author: W. Gerritsma
*    Source: Cocoa Research Institute,
*            Annual Report 1969-1970 (1972)
* Longitude: 000 22 W
*  Latitude: 06 15 N
* Elevation: 200 m.
*  WMO-code: -
*  Comments: Cocoa Research Institute Ghana
*            Interpolated daily values
*  Columns:
*  ========
*  station number
*  year
*  day
*  radiation
*  minimum temperature (degrees Celsius)
*  maximum temperature (degrees Celsius)
*  vapour pressure (kPa)
*  mean wind speed (m s-1)
*  precipitation.rainy days (mm d-1.d)
*---------------------------------------------------------*
 359.63 6.25 200. 0.0 0.0
  19 1969    1 18066.  18.0 33.9 1.786 1.    0.
  19 1969    2 18101.  17.9 34.0 1.771 1.    3.
  19 1969    3 18138.  17.8 34.1 1.755 1.    0.
  19 1969    4 18176.  17.6 34.1 1.739 1.    4.
  19 1969    5 18215.  17.5 34.2 1.723 1.    0.
  19 1969    6 18255.  17.4 34.3 1.707 1.    0.
  19 1969    7 18296.  17.2 34.4 1.691 1.    0.
  19 1969    8 18338.  17.1 34.5 1.675 1.    0.
  19 1969    9 18381.  16.9 34.5 1.659 1.    0.
  19 1969   10 18426.  16.8 34.6 1.643 1.    0.
  19 1969   11 18471.  16.7 34.7 1.627 1.    0.
  19 1969   12 18517.  16.5 34.8 1.611 1.    0.
  19 1969   13 18564.  16.4 34.8 1.595 1.    0.
  19 1969   14 18612.  16.2 34.9 1.579 1.   14.
  19 1969   15 18661.  16.1 35.0 1.563 1.    0.
  19 1969   16 18689.  16.2 35.0 1.571 1.    0.
  19 1969   17 18718.  16.3 35.0 1.579 1.    0.
  19 1969   18 18747.  16.4 35.0 1.587 1.    0.
  19 1969   19 18777.  16.5 35.0 1.595 1.    0.
  19 1969   20 18808.  16.6 35.0 1.603 1.    0.
  19 1969   21 18840.  16.7 35.0 1.611 1.    0.
  19 1969   22 18871.  16.8 35.0 1.619 1.    0.
  19 1969   23 18904.  16.8 35.0 1.627 1.    0.
  19 1969   24 18937.  16.9 35.0 1.635 1.    0.
  19 1969   25 18970.  17.0 35.0 1.643 1.    0.
  19 1969   26 19004.  17.1 35.0 1.651 1.    0.
  19 1969   27 19038.  17.2 35.0 1.659 1.    0.
  19 1969   28 19073.  17.3 35.0 1.667 1.    0.
  19 1969   29 19108.  17.4 35.0 1.675 1.    0.
  19 1969   30 19143.  17.5 35.0 1.683 1.    0.
  19 1969   31 19179.  17.6 35.0 1.690 1.    0.
  19 1969   32 19214.  17.7 35.0 1.698 1.    9.
  19 1969   33 19250.  17.8 35.0 1.706 1.    0.
  19 1969   34 19286.  17.9 35.0 1.714 1.    0.
  19 1969   35 19322.  18.0 35.0 1.722 1.    6.
  19 1969   36 19358.  18.1 35.0 1.730 1.    0.
  19 1969   37 19394.  18.2 35.0 1.738 1.    0.
  19 1969   38 19430.  18.2 35.0 1.746 1.    0.
  19 1969   39 19466.  18.3 35.0 1.754 1.    1.
  19 1969   40 19502.  18.4 35.0 1.762 1.   30.
  19 1969   41 19537.  18.5 35.0 1.770 1.    0.
  19 1969   42 19573.  18.6 35.0 1.778 1.    0.
  19 1969   43 19608.  18.7 35.0 1.786 1.    3.
  19 1969   44 19643.  18.8 35.0 1.794 1.    0.
  19 1969   45 19678.  18.9 35.0 1.802 1.    2.
  19 1969   46 19699.  18.9 35.0 1.803 1.    0.
  19 1969   47 19720.  18.9 35.1 1.805 1.    0.
  19 1969   48 19740.  19.0 35.1 1.806 1.    0.
  19 1969   49 19760.  19.0 35.2 1.807 1.    2.
  19 1969   50 19779.  19.0 35.2 1.809 1.    0.
  19 1969   51 19798.  19.0 35.2 1.810 1.    0.
  19 1969   52 19816.  19.0 35.3 1.811 1.    0.
  19 1969   53 19834.  19.0 35.3 1.813 1.    0.
  19 1969   54 19851.  19.1 35.3 1.814 1.    0.
  19 1969   55 19867.  19.1 35.4 1.815 1.    1.
  19 1969   56 19883.  19.1 35.4 1.817 1.    0.
  19 1969   57 19898.  19.1 35.5 1.818 1.    0.
  19 1969   58 19912.  19.1 35.5 1.819 1.    0.
  19 1969   59 19925.  19.1 35.5 1.821 1.    0.
  19 1969   60 19938.  19.2 35.6 1.822 1.    0.
  19 1969   61 19950.  19.2 35.6 1.824 1.    0.
  19 1969   62 19961.  19.2 35.6 1.825 1.    5.
  19 1969   63 19972.  19.2 35.7 1.826 1.    0.
  19 1969   64 19981.  19.2 35.7 1.828 1.    0.
  19 1969   65 19990.  19.2 35.8 1.829 1.    0.
  19 1969   66 19998.  19.3 35.8 1.830 1.    0.
  19 1969   67 20005.  19.3 35.8 1.832 1.    3.
  19 1969   68 20011.  19.3 35.9 1.833 1.    0.
  19 1969   69 20016.  19.3 35.9 1.834 1.    0.
  19 1969   70 20020.  19.3 35.9 1.836 1.    0.
  19 1969   71 20023.  19.3 36.0 1.837 1.    1.
  19 1969   72 20025.  19.4 36.0 1.838 1.    1.
  19 1969   73 20026.  19.4 36.1 1.840 1.    0.
  19 1969   74 20027.  19.4 36.1 1.841 1.    0.
  19 1969   75 20027.  19.4 36.0 1.842 1.   16.
  19 1969   76 20025.  19.4 36.0 1.843 1.    0.
  19 1969   77 20023.  19.5 35.9 1.845 1.    0.
  19 1969   78 20020.  19.5 35.9 1.846 1.    2.
  19 1969   79 20016.  19.5 35.8 1.847 1.    0.
  19 1969   80 20011.  19.5 35.8 1.848 1.    0.
  19 1969   81 20005.  19.5 35.7 1.850 1.   41.
  19 1969   82 19998.  19.6 35.7 1.851 1.   33.
  19 1969   83 19990.  19.6 35.6 1.852 1.    0.
  19 1969   84 19981.  19.6 35.6 1.853 1.    9.
  19 1969   85 19971.  19.6 35.5 1.854 1.    0.
  19 1969   86 19960.  19.6 35.4 1.856 1.    0.
  19 1969   87 19948.  19.7 35.4 1.857 1.    2.
  19 1969   88 19935.  19.7 35.3 1.858 1.    1.
  19 1969   89 19921.  19.7 35.3 1.859 1.    0.
  19 1969   90 19907.  19.7 35.2 1.861 1.    0.
  19 1969   91 19891.  19.7 35.2 1.862 1.    0.
  19 1969   92 19874.  19.7 35.1 1.863 1.    0.
  19 1969   93 19857.  19.8 35.1 1.864 1.    0.
  19 1969   94 19838.  19.8 35.0 1.866 1.    0.
  19 1969   95 19819.  19.8 34.9 1.867 1.    7.
  19 1969   96 19798.  19.8 34.9 1.868 1.    0.
  19 1969   97 19777.  19.8 34.8 1.869 1.   11.
  19 1969   98 19755.  19.9 34.8 1.870 1.    0.
  19 1969   99 19732.  19.9 34.7 1.872 1.   15.
  19 1969  100 19708.  19.9 34.7 1.873 1.   10.
  19 1969  101 19684.  19.9 34.6 1.874 1.    0.
  19 1969  102 19659.  19.9 34.6 1.875 1.    0.
  19 1969  103 19633.  20.0 34.5 1.877 1.    0.
  19 1969  104 19606.  20.0 34.5 1.878 1.    0.
  19 1969  105 19578.  20.0 34.4 1.879 1.    4.
  19 1969  106 19605.  20.0 34.4 1.882 1.    6.
  19 1969  107 19631.  20.0 34.4 1.885 1.    2.
  19 1969  108 19656.  20.1 34.4 1.887 1.    0.
  19 1969  109 19680.  20.1 34.3 1.890 1.   11.
  19 1969  110 19703.  20.1 34.3 1.893 1.    0.
  19 1969  111 19726.  20.1 34.3 1.896 1.    0.
  19 1969  112 19748.  20.1 34.3 1.899 1.    0.
  19 1969  113 19770.  20.2 34.3 1.902 1.    0.
  19 1969  114 19790.  20.2 34.3 1.905 1.    0.
  19 1969  115 19811.  20.2 34.2 1.907 1.    0.
  19 1969  116 19830.  20.2 34.2 1.910 1.    0.
  19 1969  117 19849.  20.2 34.2 1.913 1.   15.
  19 1969  118 19868.  20.3 34.2 1.916 1.    1.
  19 1969  119 19885.  20.3 34.2 1.919 1.   40.
  19 1969  120 19903.  20.3 34.2 1.921 1.   10.
  19 1969  121 19920.  20.3 34.1 1.924 1.    0.
  19 1969  122 19936.  20.3 34.1 1.927 1.    9.
  19 1969  123 19953.  20.4 34.1 1.930 1.    0.
  19 1969  124 19968.  20.4 34.1 1.933 1.    1.
  19 1969  125 19984.  20.4 34.1 1.936 1.    0.
  19 1969  126 19999.  20.4 34.1 1.938 1.   70.
  19 1969  127 20014.  20.4 34.0 1.941 1.   44.
  19 1969  128 20028.  20.5 34.0 1.944 1.    0.
  19 1969  129 20043.  20.5 34.0 1.947 1.    3.
  19 1969  130 20057.  20.5 34.0 1.950 1.    1.
  19 1969  131 20071.  20.5 34.0 1.953 1.    0.
  19 1969  132 20085.  20.5 34.0 1.956 1.    0.
  19 1969  133 20099.  20.6 33.9 1.958 1.   27.
  19 1969  134 20112.  20.6 33.9 1.961 1.    0.
  19 1969  135 20126.  20.6 33.9 1.964 1.    6.
  19 1969  136 19984.  20.6 33.8 1.965 1.    0.
  19 1969  137 19843.  20.6 33.8 1.965 1.    0.
  19 1969  138 19702.  20.5 33.7 1.966 1.    0.
  19 1969  139 19562.  20.5 33.7 1.967 1.    0.
  19 1969  140 19423.  20.5 33.6 1.968 1.    0.
  19 1969  141 19284.  20.5 33.6 1.968 1.    0.
  19 1969  142 19145.  20.5 33.5 1.969 1.    0.
  19 1969  143 19007.  20.4 33.5 1.970 1.    0.
  19 1969  144 18870.  20.4 33.4 1.971 1.    0.
  19 1969  145 18734.  20.4 33.4 1.971 1.   32.
  19 1969  146 18598.  20.4 33.3 1.972 1.    0.
  19 1969  147 18463.  20.4 33.2 1.973 1.    0.
  19 1969  148 18329.  20.3 33.2 1.974 1.    0.
  19 1969  149 18195.  20.3 33.1 1.974 1.   29.
  19 1969  150 18062.  20.3 33.1 1.975 1.   26.
  19 1969  151 17930.  20.3 33.0 1.976 1.    0.
  19 1969  152 17799.  20.3 33.0 1.977 1.    0.
  19 1969  153 17668.  20.3 32.9 1.977 1.    7.
  19 1969  154 17539.  20.2 32.9 1.978 1.    0.
  19 1969  155 17410.  20.2 32.8 1.979 1.   50.
  19 1969  156 17282.  20.2 32.7 1.980 1.   15.
  19 1969  157 17154.  20.2 32.7 1.980 1.   26.
  19 1969  158 17028.  20.2 32.6 1.981 1.    0.
  19 1969  159 16902.  20.1 32.6 1.982 1.    2.
  19 1969  160 16777.  20.1 32.5 1.983 1.    0.
  19 1969  161 16653.  20.1 32.5 1.983 1.    0.
  19 1969  162 16530.  20.1 32.4 1.984 1.    5.
  19 1969  163 16408.  20.1 32.4 1.985 1.    0.
  19 1969  164 16286.  20.0 32.3 1.986 1.   18.
  19 1969  165 16165.  20.0 32.3 1.986 1.   17.
  19 1969  166 16045.  20.0 32.2 1.987 1.    0.
  19 1969  167 15956.  20.0 32.1 1.991 1.    0.
  19 1969  168 15868.  20.0 32.1 1.994 1.    1.
  19 1969  169 15781.  20.1 32.0 1.998 1.    4.
  19 1969  170 15694.  20.1 32.0 2.002 1.   23.
  19 1969  171 15608.  20.1 31.9 2.006 1.   31.
  19 1969  172 15523.  20.1 31.9 2.009 1.   17.
  19 1969  173 15438.  20.1 31.8 2.013 1.    0.
  19 1969  174 15354.  20.2 31.8 2.017 1.    0.
  19 1969  175 15271.  20.2 31.7 2.020 1.    6.
  19 1969  176 15189.  20.2 31.7 2.024 1.    3.
  19 1969  177 15107.  20.2 31.6 2.028 1.    0.
  19 1969  178 15025.  20.2 31.6 2.031 1.    2.
  19 1969  179 14945.  20.3 31.5 2.035 1.    0.
  19 1969  180 14865.  20.3 31.5 2.039 1.    2.
  19 1969  181 14785.  20.3 31.4 2.043 1.    0.
  19 1969  182 14706.  20.3 31.3 2.046 1.    0.
  19 1969  183 14628.  20.3 31.3 2.050 1.   12.
  19 1969  184 14550.  20.4 31.2 2.054 1.    0.
  19 1969  185 14473.  20.4 31.2 2.057 1.    0.
  19 1969  186 14396.  20.4 31.1 2.061 1.   11.
  19 1969  187 14319.  20.4 31.1 2.065 1.    9.
  19 1969  188 14243.  20.4 31.0 2.068 1.    3.
  19 1969  189 14168.  20.5 31.0 2.072 1.   31.
  19 1969  190 14093.  20.5 30.9 2.076 1.   10.
  19 1969  191 14018.  20.5 30.9 2.079 1.   12.
  19 1969  192 13943.  20.5 30.8 2.083 1.    1.
  19 1969  193 13869.  20.5 30.8 2.087 1.    0.
  19 1969  194 13795.  20.6 30.7 2.091 1.    0.
  19 1969  195 13721.  20.6 30.7 2.094 1.    2.
  19 1969  196 13648.  20.6 30.6 2.098 1.    0.
  19 1969  197 13665.  20.6 30.6 2.101 1.    0.
  19 1969  198 13683.  20.6 30.6 2.105 1.    0.
  19 1969  199 13701.  20.6 30.5 2.108 1.   43.
  19 1969  200 13720.  20.7 30.5 2.111 1.    2.
  19 1969  201 13739.  20.7 30.5 2.115 1.    1.
  19 1969  202 13758.  20.7 30.5 2.118 1.    0.
  19 1969  203 13777.  20.7 30.5 2.121 1.    0.
  19 1969  204 13797.  20.7 30.4 2.125 1.    4.
  19 1969  205 13817.  20.7 30.4 2.128 1.    0.
  19 1969  206 13837.  20.8 30.4 2.131 1.   15.
  19 1969  207 13857.  20.8 30.4 2.135 1.   31.
  19 1969  208 13877.  20.8 30.4 2.138 1.   18.
  19 1969  209 13898.  20.8 30.3 2.141 1.    0.
  19 1969  210 13919.  20.8 30.3 2.145 1.    3.
  19 1969  211 13939.  20.8 30.3 2.148 1.    5.
  19 1969  212 13960.  20.9 30.3 2.151 1.    0.
  19 1969  213 13981.  20.9 30.3 2.154 1.   17.
  19 1969  214 14002.  20.9 30.3 2.158 1.    8.
  19 1969  215 14023.  20.9 30.2 2.161 1.    0.
  19 1969  216 14044.  20.9 30.2 2.164 1.    0.
  19 1969  217 14065.  20.9 30.2 2.168 1.   25.
  19 1969  218 14086.  21.0 30.2 2.171 1.    0.
  19 1969  219 14107.  21.0 30.2 2.174 1.    6.
  19 1969  220 14128.  21.0 30.1 2.178 1.    0.
  19 1969  221 14148.  21.0 30.1 2.181 1.   14.
  19 1969  222 14169.  21.0 30.1 2.184 1.    0.
  19 1969  223 14189.  21.0 30.1 2.188 1.   13.
  19 1969  224 14209.  21.1 30.1 2.191 1.    8.
  19 1969  225 14229.  21.1 30.0 2.194 1.    0.
  19 1969  226 14249.  21.1 30.0 2.198 1.    0.
  19 1969  227 14269.  21.1 30.0 2.201 1.    3.
  19 1969  228 14316.  21.1 30.0 2.198 1.    0.
  19 1969  229 14362.  21.1 30.1 2.194 1.    1.
  19 1969  230 14409.  21.1 30.1 2.191 1.    5.
  19 1969  231 14455.  21.0 30.1 2.188 1.    1.
  19 1969  232 14501.  21.0 30.2 2.184 1.    3.
  19 1969  233 14546.  21.0 30.2 2.181 1.    2.
  19 1969  234 14592.  21.0 30.2 2.178 1.    2.
  19 1969  235 14637.  21.0 30.3 2.174 1.    0.
  19 1969  236 14681.  21.0 30.3 2.171 1.   11.
  19 1969  237 14725.  20.9 30.4 2.168 1.    0.
  19 1969  238 14769.  20.9 30.4 2.164 1.    4.
  19 1969  239 14813.  20.9 30.4 2.161 1.    7.
  19 1969  240 14856.  20.9 30.5 2.158 1.    0.
  19 1969  241 14898.  20.9 30.5 2.154 1.    0.
  19 1969  242 14940.  20.9 30.5 2.151 1.    6.
  19 1969  243 14982.  20.8 30.6 2.148 1.    0.
  19 1969  244 15023.  20.8 30.6 2.145 1.    0.
  19 1969  245 15063.  20.8 30.6 2.141 1.    5.
  19 1969  246 15103.  20.8 30.7 2.138 1.    5.
  19 1969  247 15143.  20.8 30.7 2.135 1.    0.
  19 1969  248 15181.  20.8 30.7 2.131 1.    0.
  19 1969  249 15220.  20.7 30.8 2.128 1.    0.
  19 1969  250 15257.  20.7 30.8 2.125 1.    0.
  19 1969  251 15295.  20.7 30.9 2.121 1.    0.
  19 1969  252 15331.  20.7 30.9 2.118 1.    6.
  19 1969  253 15367.  20.7 30.9 2.115 1.    1.
  19 1969  254 15402.  20.7 31.0 2.111 1.    6.
  19 1969  255 15436.  20.6 31.0 2.108 1.    0.
  19 1969  256 15470.  20.6 31.0 2.105 1.   34.
  19 1969  257 15503.  20.6 31.1 2.101 1.    0.
  19 1969  258 15536.  20.6 31.1 2.098 1.    0.
  19 1969  259 15664.  20.6 31.1 2.090 1.    0.
  19 1969  260 15792.  20.5 31.1 2.081 1.    0.
  19 1969  261 15919.  20.5 31.2 2.073 1.    0.
  19 1969  262 16046.  20.4 31.2 2.064 1.    7.
  19 1969  263 16171.  20.4 31.2 2.056 1.    4.
  19 1969  264 16296.  20.4 31.2 2.047 1.    1.
  19 1969  265 16420.  20.3 31.2 2.039 1.    0.
  19 1969  266 16544.  20.3 31.3 2.031 1.    1.
  19 1969  267 16666.  20.2 31.3 2.022 1.    0.
  19 1969  268 16788.  20.2 31.3 2.014 1.    0.
  19 1969  269 16909.  20.2 31.3 2.005 1.    8.
  19 1969  270 17028.  20.1 31.3 1.997 1.    0.
  19 1969  271 17148.  20.1 31.4 1.988 1.    0.
  19 1969  272 17266.  20.0 31.4 1.980 1.    3.
  19 1969  273 17383.  20.0 31.4 1.972 1.    0.
  19 1969  274 17499.  20.0 31.4 1.963 1.    0.
  19 1969  275 17615.  19.9 31.4 1.955 1.    3.
  19 1969  276 17729.  19.9 31.5 1.946 1.    0.
  19 1969  277 17843.  19.8 31.5 1.938 1.   41.
  19 1969  278 17955.  19.8 31.5 1.929 1.    2.
  19 1969  279 18067.  19.8 31.5 1.921 1.    0.
  19 1969  280 18178.  19.7 31.5 1.912 1.    0.
  19 1969  281 18287.  19.7 31.6 1.904 1.    0.
  19 1969  282 18396.  19.6 31.6 1.896 1.    0.
  19 1969  283 18504.  19.6 31.6 1.887 1.    0.
  19 1969  284 18611.  19.6 31.6 1.879 1.    4.
  19 1969  285 18717.  19.5 31.6 1.870 1.    0.
  19 1969  286 18822.  19.5 31.7 1.862 1.    0.
  19 1969  287 18927.  19.4 31.7 1.853 1.   16.
  19 1969  288 19030.  19.4 31.7 1.845 1.    0.
  19 1969  289 19044.  19.4 31.8 1.848 1.    0.
  19 1969  290 19057.  19.4 31.8 1.851 1.   14.
  19 1969  291 19070.  19.5 31.9 1.854 1.   13.
  19 1969  292 19082.  19.5 32.0 1.856 1.    3.
  19 1969  293 19093.  19.5 32.1 1.859 1.    0.
  19 1969  294 19104.  19.5 32.1 1.862 1.    9.
  19 1969  295 19114.  19.5 32.2 1.865 1.    0.
  19 1969  296 19123.  19.6 32.3 1.868 1.   12.
  19 1969  297 19133.  19.6 32.3 1.871 1.    3.
  19 1969  298 19141.  19.6 32.4 1.873 1.   18.
  19 1969  299 19149.  19.6 32.5 1.876 1.    0.
  19 1969  300 19157.  19.6 32.6 1.879 1.    0.
  19 1969  301 19164.  19.7 32.6 1.882 1.    6.
  19 1969  302 19171.  19.7 32.7 1.885 1.    0.
  19 1969  303 19178.  19.7 32.8 1.888 1.   39.
  19 1969  304 19185.  19.7 32.8 1.890 1.    0.
  19 1969  305 19191.  19.7 32.9 1.893 1.    5.
  19 1969  306 19196.  19.7 33.0 1.896 1.    1.
  19 1969  307 19202.  19.8 33.0 1.899 1.    0.
  19 1969  308 19208.  19.8 33.1 1.902 1.    0.
  19 1969  309 19213.  19.8 33.2 1.905 1.    1.
  19 1969  310 19218.  19.8 33.3 1.907 1.    0.
  19 1969  311 19224.  19.8 33.3 1.910 1.    0.
  19 1969  312 19229.  19.9 33.4 1.913 1.    0.
  19 1969  313 19234.  19.9 33.5 1.916 1.    0.
  19 1969  314 19239.  19.9 33.5 1.919 1.    0.
  19 1969  315 19245.  19.9 33.6 1.922 1.    1.
  19 1969  316 19250.  19.9 33.7 1.924 1.    0.
  19 1969  317 19256.  20.0 33.8 1.927 1.    0.
  19 1969  318 19262.  20.0 33.8 1.930 1.    1.
  19 1969  319 19268.  20.0 33.9 1.933 1.    0.
  19 1969  320 19204.  20.0 33.9 1.936 1.    0.
  19 1969  321 19140.  20.0 33.8 1.938 1.    0.
  19 1969  322 19077.  20.0 33.8 1.941 1.   36.
  19 1969  323 19015.  20.0 33.8 1.943 1.    0.
  19 1969  324 18953.  20.0 33.7 1.946 1.    0.
  19 1969  325 18892.  20.0 33.7 1.948 1.    1.
  19 1969  326 18831.  20.0 33.6 1.951 1.    0.
  19 1969  327 18772.  20.0 33.6 1.954 1.    2.
  19 1969  328 18713.  20.0 33.6 1.956 1.    1.
  19 1969  329 18655.  20.0 33.5 1.959 1.    0.
  19 1969  330 18597.  20.0 33.5 1.961 1.    0.
  19 1969  331 18541.  20.0 33.5 1.964 1.    0.
  19 1969  332 18486.  20.0 33.4 1.966 1.    0.
  19 1969  333 18431.  20.0 33.4 1.969 1.    5.
  19 1969  334 18378.  20.0 33.3 1.972 1.    0.
  19 1969  335 18326.  20.0 33.3 1.974 1.    0.
  19 1969  336 18274.  20.0 33.3 1.977 1.    0.
  19 1969  337 18224.  20.0 33.2 1.979 1.    0.
  19 1969  338 18174.  20.0 33.2 1.982 1.    0.
  19 1969  339 18126.  20.0 33.2 1.984 1.    0.
  19 1969  340 18079.  20.0 33.1 1.987 1.    0.
  19 1969  341 18033.  20.0 33.1 1.989 1.    0.
  19 1969  342 17988.  20.0 33.1 1.992 1.    0.
  19 1969  343 17944.  20.0 33.0 1.995 1.    2.
  19 1969  344 17902.  20.0 33.0 1.997 1.    0.
  19 1969  345 17860.  20.0 32.9 2.000 1.    3.
  19 1969  346 17820.  20.0 32.9 2.002 1.    0.
  19 1969  347 17781.  20.0 32.9 2.005 1.    0.
  19 1969  348 17743.  20.0 32.8 2.007 1.    0.
  19 1969  349 17706.  20.0 32.8 2.010 1.    0.
  19 1969  350 17719.  19.9 32.9 1.996 1.    0.
  19 1969  351 17732.  19.8 32.9 1.982 1.    0.
  19 1969  352 17747.  19.6 33.0 1.968 1.    0.
  19 1969  353 17763.  19.5 33.1 1.954 1.    0.
  19 1969  354 17780.  19.4 33.1 1.940 1.    3.
  19 1969  355 17799.  19.3 33.2 1.926 1.    0.
  19 1969  356 17819.  19.1 33.3 1.912 1.    0.
  19 1969  357 17840.  19.0 33.3 1.898 1.    0.
  19 1969  358 17862.  18.9 33.4 1.884 1.    6.
  19 1969  359 17885.  18.8 33.5 1.870 1.    0.
  19 1969  360 17910.  18.7 33.6 1.856 1.    0.
  19 1969  361 17936.  18.5 33.6 1.842 1.   10.
  19 1969  362 17963.  18.4 33.7 1.828 1.    0.
  19 1969  363 17991.  18.3 33.8 1.814 1.    0.
  19 1969  364 18021.  18.2 33.8 1.800 1.    0.
  19 1969  365 18051.  18.0 33.9 1.786 1.    0.
