*---------------------------------------------------------*
*   Country: Ghana
*   Station: Tafo
*      Year: 1985
*    Author: W. Gerritsma
*    Source: Cocoa Research Institute,
*            Annual Report 1985/86
* Longitude: 000 22 W
*  Latitude: 06 15 N
* Elevation: 200 m.
*  WMO-code: -
*  Comments: Cocoa Research Institute Ghana
*            interpolated daily values
*  Columns:
*  ========
*  station number
*  year
*  day
*  Global radiation
*  minimum temperature (degrees Celsius)
*  maximum temperature (degrees Celsius)
*  vapour pressure (kPa)
*  mean wind speed (m s-1)
*  precipitation.rainy days (mm d-1.d)
*---------------------------------------------------------*
 359.63 6.25 200.0 0.0 0.0
  19 1985    1 16248.  19.4 31.5 1.833 1.    0.
  19 1985    2 16321.  19.4 31.5 1.843 1.    0.
  19 1985    3 16396.  19.5 31.6 1.852 1.    0.
  19 1985    4 16472.  19.5 31.6 1.862 1.    0.
  19 1985    5 16549.  19.6 31.7 1.871 1.    0.
  19 1985    6 16628.  19.7 31.7 1.881 1.    7.
  19 1985    7 16707.  19.7 31.8 1.890 1.    0.
  19 1985    8 16787.  19.8 31.8 1.900 1.    0.
  19 1985    9 16868.  19.8 31.9 1.910 1.    0.
  19 1985   10 16951.  19.9 31.9 1.919 1.    0.
  19 1985   11 17034.  20.0 32.0 1.929 1.    0.
  19 1985   12 17119.  20.0 32.0 1.938 1.    0.
  19 1985   13 17204.  20.1 32.1 1.948 1.    0.
  19 1985   14 17291.  20.1 32.1 1.957 1.    0.
  19 1985   15 17378.  20.2 32.2 1.967 1.    0.
  19 1985   16 17389.  20.2 32.3 1.966 1.    0.
  19 1985   17 17402.  20.2 32.4 1.965 1.   13.
  19 1985   18 17414.  20.2 32.5 1.964 1.    0.
  19 1985   19 17428.  20.2 32.5 1.963 1.    0.
  19 1985   20 17442.  20.2 32.6 1.962 1.    0.
  19 1985   21 17456.  20.2 32.7 1.961 1.    0.
  19 1985   22 17471.  20.2 32.8 1.960 1.    0.
  19 1985   23 17487.  20.1 32.9 1.959 1.    0.
  19 1985   24 17503.  20.1 33.0 1.958 1.    0.
  19 1985   25 17519.  20.1 33.1 1.957 1.    0.
  19 1985   26 17535.  20.1 33.2 1.956 1.    0.
  19 1985   27 17552.  20.1 33.2 1.955 1.    0.
  19 1985   28 17570.  20.1 33.3 1.954 1.    0.
  19 1985   29 17587.  20.1 33.4 1.953 1.   31.
  19 1985   30 17605.  20.1 33.5 1.952 1.    0.
  19 1985   31 17623.  20.1 33.6 1.952 1.    0.
  19 1985   32 17640.  20.1 33.7 1.951 1.    0.
  19 1985   33 17659.  20.1 33.8 1.950 1.    0.
  19 1985   34 17677.  20.1 33.8 1.949 1.    0.
  19 1985   35 17695.  20.1 33.9 1.948 1.    0.
  19 1985   36 17713.  20.1 34.0 1.947 1.    0.
  19 1985   37 17731.  20.1 34.1 1.946 1.    0.
  19 1985   38 17749.  20.0 34.2 1.945 1.    0.
  19 1985   39 17767.  20.0 34.3 1.944 1.    0.
  19 1985   40 17785.  20.0 34.4 1.943 1.    0.
  19 1985   41 17802.  20.0 34.5 1.942 1.    4.
  19 1985   42 17820.  20.0 34.5 1.941 1.    0.
  19 1985   43 17837.  20.0 34.6 1.940 1.    0.
  19 1985   44 17854.  20.0 34.7 1.939 1.    0.
  19 1985   45 17870.  20.0 34.8 1.938 1.    1.
  19 1985   46 17894.  20.1 34.7 1.945 1.   19.
  19 1985   47 17918.  20.1 34.7 1.953 1.    5.
  19 1985   48 17941.  20.2 34.6 1.960 1.    0.
  19 1985   49 17964.  20.3 34.5 1.967 1.    1.
  19 1985   50 17986.  20.3 34.5 1.974 1.    0.
  19 1985   51 18008.  20.4 34.4 1.982 1.    0.
  19 1985   52 18029.  20.5 34.3 1.989 1.    0.
  19 1985   53 18050.  20.5 34.3 1.996 1.    0.
  19 1985   54 18070.  20.6 34.2 2.003 1.    0.
  19 1985   55 18090.  20.7 34.1 2.011 1.    0.
  19 1985   56 18109.  20.7 34.1 2.018 1.    0.
  19 1985   57 18128.  20.8 34.0 2.025 1.    0.
  19 1985   58 18146.  20.9 33.9 2.033 1.    0.
  19 1985   59 18163.  20.9 33.9 2.040 1.   27.
  19 1985   60 18180.  21.0 33.8 2.047 1.    0.
  19 1985   61 18195.  21.0 33.8 2.054 1.    0.
  19 1985   62 18211.  21.1 33.7 2.062 1.    2.
  19 1985   63 18225.  21.2 33.6 2.069 1.    0.
  19 1985   64 18239.  21.2 33.6 2.076 1.    0.
  19 1985   65 18251.  21.3 33.5 2.084 1.    0.
  19 1985   66 18264.  21.4 33.4 2.091 1.    0.
  19 1985   67 18275.  21.4 33.4 2.098 1.    2.
  19 1985   68 18285.  21.5 33.3 2.105 1.    0.
  19 1985   69 18295.  21.6 33.2 2.113 1.    0.
  19 1985   70 18304.  21.6 33.2 2.120 1.    0.
  19 1985   71 18312.  21.7 33.1 2.127 1.    7.
  19 1985   72 18319.  21.8 33.0 2.134 1.    0.
  19 1985   73 18325.  21.8 33.0 2.142 1.    0.
  19 1985   74 18330.  21.9 32.9 2.149 1.    0.
  19 1985   75 18358.  21.9 32.9 2.150 1.    6.
  19 1985   76 18385.  21.9 32.9 2.152 1.    0.
  19 1985   77 18411.  21.9 32.9 2.153 1.    0.
  19 1985   78 18437.  21.9 32.9 2.154 1.   10.
  19 1985   79 18461.  21.9 32.9 2.156 1.    0.
  19 1985   80 18485.  21.9 32.8 2.157 1.    0.
  19 1985   81 18507.  21.9 32.8 2.158 1.    0.
  19 1985   82 18529.  22.0 32.8 2.160 1.    1.
  19 1985   83 18550.  22.0 32.8 2.161 1.    0.
  19 1985   84 18569.  22.0 32.8 2.163 1.    0.
  19 1985   85 18588.  22.0 32.8 2.164 1.    0.
  19 1985   86 18606.  22.0 32.8 2.165 1.    0.
  19 1985   87 18624.  22.0 32.8 2.167 1.   19.
  19 1985   88 18640.  22.0 32.8 2.168 1.   15.
  19 1985   89 18655.  22.0 32.8 2.169 1.    0.
  19 1985   90 18669.  22.0 32.7 2.171 1.   12.
  19 1985   91 18683.  22.0 32.7 2.172 1.    0.
  19 1985   92 18696.  22.0 32.7 2.173 1.    7.
  19 1985   93 18707.  22.0 32.7 2.175 1.   21.
  19 1985   94 18718.  22.0 32.7 2.176 1.    0.
  19 1985   95 18728.  22.0 32.7 2.177 1.    0.
  19 1985   96 18737.  22.0 32.7 2.179 1.    0.
  19 1985   97 18745.  22.0 32.7 2.180 1.    7.
  19 1985   98 18753.  22.1 32.7 2.182 1.    0.
  19 1985   99 18759.  22.1 32.7 2.183 1.    0.
  19 1985  100 18765.  22.1 32.6 2.184 1.    0.
  19 1985  101 18770.  22.1 32.6 2.186 1.    0.
  19 1985  102 18774.  22.1 32.6 2.187 1.    0.
  19 1985  103 18778.  22.1 32.6 2.188 1.    0.
  19 1985  104 18780.  22.1 32.6 2.190 1.   21.
  19 1985  105 18782.  22.1 32.6 2.191 1.    5.
  19 1985  106 18740.  22.1 32.5 2.192 1.    1.
  19 1985  107 18698.  22.1 32.5 2.193 1.    0.
  19 1985  108 18655.  22.1 32.4 2.194 1.    3.
  19 1985  109 18611.  22.1 32.3 2.195 1.    0.
  19 1985  110 18567.  22.1 32.3 2.196 1.    0.
  19 1985  111 18522.  22.1 32.2 2.197 1.    0.
  19 1985  112 18477.  22.1 32.2 2.198 1.    0.
  19 1985  113 18431.  22.0 32.1 2.199 1.    0.
  19 1985  114 18385.  22.0 32.0 2.200 1.    0.
  19 1985  115 18338.  22.0 32.0 2.201 1.   11.
  19 1985  116 18291.  22.0 31.9 2.202 1.    0.
  19 1985  117 18244.  22.0 31.8 2.203 1.    0.
  19 1985  118 18196.  22.0 31.8 2.204 1.   23.
  19 1985  119 18149.  22.0 31.7 2.205 1.    4.
  19 1985  120 18100.  22.0 31.6 2.206 1.    0.
  19 1985  121 18052.  22.0 31.6 2.206 1.    2.
  19 1985  122 18003.  22.0 31.5 2.207 1.   14.
  19 1985  123 17954.  22.0 31.5 2.208 1.    0.
  19 1985  124 17905.  22.0 31.4 2.209 1.    0.
  19 1985  125 17856.  22.0 31.3 2.210 1.    7.
  19 1985  126 17806.  22.0 31.3 2.211 1.   16.
  19 1985  127 17757.  22.0 31.2 2.212 1.    0.
  19 1985  128 17708.  21.9 31.1 2.213 1.   24.
  19 1985  129 17658.  21.9 31.1 2.214 1.    0.
  19 1985  130 17608.  21.9 31.0 2.215 1.   55.
  19 1985  131 17559.  21.9 31.0 2.216 1.    0.
  19 1985  132 17510.  21.9 30.9 2.217 1.    0.
  19 1985  133 17460.  21.9 30.8 2.218 1.    0.
  19 1985  134 17411.  21.9 30.8 2.219 1.    4.
  19 1985  135 17362.  21.9 30.7 2.220 1.    0.
  19 1985  136 17355.  21.9 30.7 2.220 1.    0.
  19 1985  137 17348.  21.9 30.6 2.219 1.    0.
  19 1985  138 17341.  21.9 30.6 2.219 1.    0.
  19 1985  139 17334.  21.9 30.6 2.218 1.    0.
  19 1985  140 17328.  21.9 30.6 2.218 1.    0.
  19 1985  141 17321.  21.9 30.5 2.217 1.   15.
  19 1985  142 17315.  21.9 30.5 2.217 1.    0.
  19 1985  143 17309.  21.9 30.5 2.217 1.    7.
  19 1985  144 17304.  21.9 30.5 2.216 1.    0.
  19 1985  145 17298.  21.9 30.4 2.216 1.    4.
  19 1985  146 17293.  21.9 30.4 2.215 1.    0.
  19 1985  147 17289.  21.9 30.4 2.215 1.    0.
  19 1985  148 17284.  21.9 30.4 2.215 1.    0.
  19 1985  149 17281.  21.9 30.3 2.214 1.    0.
  19 1985  150 17277.  21.9 30.3 2.214 1.    3.
  19 1985  151 17274.  21.8 30.3 2.213 1.   14.
  19 1985  152 17272.  21.8 30.3 2.213 1.    0.
  19 1985  153 17270.  21.8 30.2 2.212 1.    3.
  19 1985  154 17268.  21.8 30.2 2.212 1.    0.
  19 1985  155 17267.  21.8 30.2 2.212 1.    5.
  19 1985  156 17267.  21.8 30.2 2.211 1.    5.
  19 1985  157 17267.  21.8 30.1 2.211 1.   21.
  19 1985  158 17268.  21.8 30.1 2.210 1.    0.
  19 1985  159 17270.  21.8 30.1 2.210 1.    3.
  19 1985  160 17272.  21.8 30.1 2.210 1.    0.
  19 1985  161 17275.  21.8 30.0 2.209 1.   33.
  19 1985  162 17278.  21.8 30.0 2.209 1.   13.
  19 1985  163 17282.  21.8 30.0 2.208 1.    1.
  19 1985  164 17287.  21.8 30.0 2.208 1.    0.
  19 1985  165 17293.  21.8 29.9 2.207 1.   53.
  19 1985  166 17299.  21.8 29.9 2.207 1.   18.
  19 1985  167 17228.  21.8 29.9 2.207 1.    0.
  19 1985  168 17157.  21.8 29.8 2.207 1.    0.
  19 1985  169 17088.  21.8 29.8 2.206 1.   34.
  19 1985  170 17019.  21.7 29.8 2.206 1.    0.
  19 1985  171 16951.  21.7 29.7 2.206 1.    0.
  19 1985  172 16884.  21.7 29.7 2.206 1.    0.
  19 1985  173 16817.  21.7 29.7 2.206 1.    0.
  19 1985  174 16751.  21.7 29.6 2.205 1.    1.
  19 1985  175 16686.  21.6 29.6 2.205 1.    0.
  19 1985  176 16622.  21.6 29.6 2.205 1.    0.
  19 1985  177 16559.  21.6 29.5 2.205 1.    0.
  19 1985  178 16496.  21.6 29.5 2.205 1.    0.
  19 1985  179 16434.  21.6 29.5 2.204 1.    0.
  19 1985  180 16372.  21.6 29.4 2.204 1.   16.
  19 1985  181 16311.  21.5 29.4 2.204 1.    0.
  19 1985  182 16251.  21.5 29.4 2.204 1.   49.
  19 1985  183 16192.  21.5 29.3 2.204 1.    2.
  19 1985  184 16133.  21.5 29.3 2.203 1.    0.
  19 1985  185 16075.  21.5 29.3 2.203 1.    0.
  19 1985  186 16017.  21.5 29.2 2.203 1.   44.
  19 1985  187 15960.  21.4 29.2 2.203 1.    8.
  19 1985  188 15903.  21.4 29.2 2.203 1.    0.
  19 1985  189 15847.  21.4 29.1 2.202 1.    0.
  19 1985  190 15791.  21.4 29.1 2.202 1.    0.
  19 1985  191 15736.  21.4 29.1 2.202 1.    0.
  19 1985  192 15681.  21.4 29.0 2.202 1.    0.
  19 1985  193 15627.  21.3 29.0 2.202 1.    0.
  19 1985  194 15573.  21.3 29.0 2.201 1.   28.
  19 1985  195 15519.  21.3 28.9 2.201 1.   20.
  19 1985  196 15465.  21.3 28.9 2.201 1.   51.
  19 1985  197 15446.  21.3 28.9 2.205 1.    0.
  19 1985  198 15427.  21.4 28.9 2.209 1.   36.
  19 1985  199 15408.  21.4 28.9 2.213 1.   34.
  19 1985  200 15389.  21.4 28.9 2.217 1.    3.
  19 1985  201 15370.  21.5 28.9 2.221 1.    2.
  19 1985  202 15352.  21.5 28.9 2.225 1.    0.
  19 1985  203 15334.  21.5 28.9 2.229 1.   13.
  19 1985  204 15317.  21.6 28.9 2.233 1.    0.
  19 1985  205 15299.  21.6 28.9 2.237 1.   57.
  19 1985  206 15282.  21.6 28.9 2.241 1.    0.
  19 1985  207 15264.  21.7 28.9 2.245 1.    7.
  19 1985  208 15247.  21.7 28.9 2.249 1.    0.
  19 1985  209 15230.  21.7 28.9 2.253 1.    1.
  19 1985  210 15213.  21.8 28.9 2.257 1.   14.
  19 1985  211 15196.  21.8 28.9 2.261 1.    0.
  19 1985  212 15179.  21.8 29.0 2.266 1.   54.
  19 1985  213 15162.  21.8 29.0 2.270 1.    0.
  19 1985  214 15144.  21.9 29.0 2.274 1.    0.
  19 1985  215 15127.  21.9 29.0 2.278 1.    1.
  19 1985  216 15110.  21.9 29.0 2.282 1.   13.
  19 1985  217 15092.  22.0 29.0 2.286 1.    0.
  19 1985  218 15075.  22.0 29.0 2.290 1.    1.
  19 1985  219 15057.  22.0 29.0 2.294 1.    0.
  19 1985  220 15039.  22.1 29.0 2.298 1.   38.
  19 1985  221 15021.  22.1 29.0 2.302 1.    2.
  19 1985  222 15002.  22.1 29.0 2.306 1.    0.
  19 1985  223 14984.  22.2 29.0 2.310 1.    0.
  19 1985  224 14965.  22.2 29.0 2.314 1.    0.
  19 1985  225 14946.  22.2 29.0 2.318 1.    0.
  19 1985  226 14926.  22.3 29.0 2.322 1.    0.
  19 1985  227 14906.  22.3 29.0 2.326 1.    0.
  19 1985  228 14933.  22.3 29.0 2.324 1.    3.
  19 1985  229 14961.  22.3 29.0 2.321 1.    1.
  19 1985  230 14988.  22.2 29.0 2.319 1.    0.
  19 1985  231 15014.  22.2 29.0 2.317 1.    6.
  19 1985  232 15040.  22.2 29.0 2.315 1.    0.
  19 1985  233 15066.  22.2 29.0 2.312 1.    1.
  19 1985  234 15092.  22.2 29.0 2.310 1.    0.
  19 1985  235 15117.  22.1 29.1 2.308 1.    0.
  19 1985  236 15142.  22.1 29.1 2.305 1.    5.
  19 1985  237 15166.  22.1 29.1 2.303 1.    1.
  19 1985  238 15190.  22.1 29.1 2.301 1.    1.
  19 1985  239 15213.  22.1 29.1 2.299 1.    0.
  19 1985  240 15236.  22.0 29.1 2.296 1.    0.
  19 1985  241 15258.  22.0 29.1 2.294 1.    0.
  19 1985  242 15280.  22.0 29.1 2.292 1.   41.
  19 1985  243 15302.  22.0 29.1 2.289 1.    0.
  19 1985  244 15322.  22.0 29.1 2.287 1.   12.
  19 1985  245 15343.  22.0 29.1 2.285 1.    0.
  19 1985  246 15362.  21.9 29.1 2.282 1.    2.
  19 1985  247 15381.  21.9 29.1 2.280 1.   17.
  19 1985  248 15400.  21.9 29.1 2.278 1.   21.
  19 1985  249 15418.  21.9 29.1 2.276 1.    0.
  19 1985  250 15435.  21.9 29.1 2.273 1.    3.
  19 1985  251 15451.  21.8 29.2 2.271 1.    0.
  19 1985  252 15467.  21.8 29.2 2.269 1.    0.
  19 1985  253 15483.  21.8 29.2 2.266 1.    0.
  19 1985  254 15497.  21.8 29.2 2.264 1.    0.
  19 1985  255 15511.  21.8 29.2 2.262 1.    0.
  19 1985  256 15524.  21.7 29.2 2.260 1.    0.
  19 1985  257 15537.  21.7 29.2 2.257 1.    0.
  19 1985  258 15549.  21.7 29.2 2.255 1.   54.
  19 1985  259 15680.  21.6 29.3 2.245 1.    0.
  19 1985  260 15810.  21.6 29.3 2.234 1.    0.
  19 1985  261 15939.  21.5 29.4 2.224 1.    0.
  19 1985  262 16068.  21.5 29.4 2.213 1.   31.
  19 1985  263 16195.  21.4 29.5 2.203 1.   16.
  19 1985  264 16322.  21.4 29.6 2.193 1.    0.
  19 1985  265 16449.  21.3 29.6 2.182 1.    0.
  19 1985  266 16574.  21.2 29.7 2.172 1.    2.
  19 1985  267 16699.  21.2 29.7 2.161 1.    0.
  19 1985  268 16823.  21.1 29.8 2.151 1.   37.
  19 1985  269 16945.  21.1 29.9 2.141 1.    6.
  19 1985  270 17068.  21.0 29.9 2.130 1.   12.
  19 1985  271 17189.  21.0 30.0 2.120 1.    0.
  19 1985  272 17309.  20.9 30.0 2.109 1.    0.
  19 1985  273 17428.  20.9 30.1 2.099 1.    9.
  19 1985  274 17547.  20.8 30.2 2.089 1.    0.
  19 1985  275 17664.  20.7 30.2 2.078 1.    0.
  19 1985  276 17781.  20.7 30.3 2.068 1.    0.
  19 1985  277 17897.  20.6 30.3 2.057 1.    0.
  19 1985  278 18011.  20.6 30.4 2.047 1.    0.
  19 1985  279 18125.  20.5 30.5 2.037 1.   21.
  19 1985  280 18238.  20.5 30.5 2.026 1.    0.
  19 1985  281 18350.  20.4 30.6 2.016 1.    1.
  19 1985  282 18461.  20.3 30.6 2.005 1.    4.
  19 1985  283 18571.  20.3 30.7 1.995 1.   17.
  19 1985  284 18680.  20.2 30.8 1.985 1.    0.
  19 1985  285 18788.  20.2 30.8 1.974 1.    0.
  19 1985  286 18895.  20.1 30.9 1.964 1.    0.
  19 1985  287 19001.  20.1 30.9 1.953 1.    7.
  19 1985  288 19107.  20.0 31.0 1.943 1.    3.
  19 1985  289 19088.  20.0 31.0 1.949 1.   18.
  19 1985  290 19069.  20.1 31.0 1.954 1.    1.
  19 1985  291 19050.  20.1 31.0 1.960 1.   19.
  19 1985  292 19030.  20.2 31.0 1.966 1.    8.
  19 1985  293 19009.  20.2 31.0 1.972 1.   36.
  19 1985  294 18988.  20.3 31.1 1.977 1.    0.
  19 1985  295 18966.  20.3 31.1 1.983 1.    4.
  19 1985  296 18944.  20.4 31.1 1.989 1.    0.
  19 1985  297 18922.  20.4 31.1 1.994 1.    0.
  19 1985  298 18899.  20.5 31.1 2.000 1.    0.
  19 1985  299 18875.  20.5 31.1 2.006 1.    0.
  19 1985  300 18852.  20.6 31.1 2.012 1.    1.
  19 1985  301 18828.  20.6 31.1 2.017 1.   16.
  19 1985  302 18804.  20.7 31.1 2.023 1.   14.
  19 1985  303 18780.  20.7 31.1 2.029 1.    0.
  19 1985  304 18755.  20.8 31.2 2.034 1.    0.
  19 1985  305 18730.  20.8 31.2 2.040 1.    0.
  19 1985  306 18705.  20.9 31.2 2.046 1.    0.
  19 1985  307 18680.  20.9 31.2 2.051 1.    3.
  19 1985  308 18655.  21.0 31.2 2.057 1.    0.
  19 1985  309 18630.  21.0 31.2 2.063 1.    6.
  19 1985  310 18605.  21.1 31.2 2.069 1.    3.
  19 1985  311 18580.  21.1 31.2 2.074 1.    0.
  19 1985  312 18555.  21.2 31.2 2.080 1.   10.
  19 1985  313 18531.  21.2 31.2 2.086 1.    0.
  19 1985  314 18506.  21.3 31.3 2.091 1.    0.
  19 1985  315 18482.  21.3 31.3 2.097 1.   27.
  19 1985  316 18458.  21.4 31.3 2.103 1.    0.
  19 1985  317 18434.  21.4 31.3 2.109 1.    0.
  19 1985  318 18410.  21.5 31.3 2.114 1.    0.
  19 1985  319 18387.  21.5 31.3 2.120 1.   30.
  19 1985  320 18272.  21.4 31.3 2.106 1.    0.
  19 1985  321 18158.  21.3 31.3 2.092 1.    0.
  19 1985  322 18045.  21.2 31.2 2.078 1.    0.
  19 1985  323 17932.  21.1 31.2 2.064 1.    0.
  19 1985  324 17821.  21.0 31.2 2.050 1.    0.
  19 1985  325 17710.  20.9 31.2 2.036 1.    0.
  19 1985  326 17600.  20.8 31.2 2.022 1.    0.
  19 1985  327 17490.  20.7 31.1 2.008 1.    0.
  19 1985  328 17382.  20.6 31.1 1.994 1.    0.
  19 1985  329 17275.  20.5 31.1 1.980 1.    0.
  19 1985  330 17168.  20.4 31.1 1.966 1.    0.
  19 1985  331 17063.  20.3 31.1 1.952 1.    0.
  19 1985  332 16958.  20.2 31.0 1.938 1.    0.
  19 1985  333 16855.  20.1 31.0 1.924 1.    0.
  19 1985  334 16752.  20.0 31.0 1.909 1.    0.
  19 1985  335 16651.  19.9 31.0 1.895 1.    0.
  19 1985  336 16551.  19.8 31.0 1.881 1.    0.
  19 1985  337 16451.  19.7 30.9 1.867 1.    0.
  19 1985  338 16353.  19.6 30.9 1.853 1.    0.
  19 1985  339 16256.  19.5 30.9 1.839 1.    0.
  19 1985  340 16160.  19.4 30.9 1.825 1.    0.
  19 1985  341 16065.  19.3 30.9 1.811 1.    0.
  19 1985  342 15971.  19.2 30.8 1.797 1.    0.
  19 1985  343 15878.  19.1 30.8 1.783 1.    0.
  19 1985  344 15786.  19.0 30.8 1.769 1.    0.
  19 1985  345 15695.  18.9 30.8 1.755 1.    0.
  19 1985  346 15606.  18.8 30.8 1.741 1.    0.
  19 1985  347 15518.  18.7 30.7 1.727 1.    0.
  19 1985  348 15430.  18.6 30.7 1.713 1.    0.
  19 1985  349 15344.  18.5 30.7 1.699 1.    0.
  19 1985  350 15392.  18.6 30.7 1.707 1.    0.
  19 1985  351 15440.  18.6 30.8 1.716 1.    0.
  19 1985  352 15490.  18.7 30.8 1.724 1.    0.
  19 1985  353 15540.  18.7 30.9 1.732 1.    7.
  19 1985  354 15592.  18.8 30.9 1.741 1.    0.
  19 1985  355 15645.  18.8 31.0 1.749 1.    0.
  19 1985  356 15699.  18.9 31.0 1.758 1.    0.
  19 1985  357 15754.  18.9 31.1 1.766 1.    0.
  19 1985  358 15810.  19.0 31.1 1.774 1.    0.
  19 1985  359 15867.  19.0 31.2 1.783 1.    0.
  19 1985  360 15926.  19.1 31.2 1.791 1.    0.
  19 1985  361 15985.  19.1 31.3 1.799 1.    0.
  19 1985  362 16046.  19.2 31.3 1.808 1.    0.
  19 1985  363 16108.  19.2 31.4 1.816 1.    0.
  19 1985  364 16171.  19.3 31.4 1.825 1.    0.
  19 1985  365 16235.  19.4 31.5 1.833 1.    0.
