*---------------------------------------------------------*
*   Country: Ghana
*   Station: Tafo
*      Year: 1967
*    Author: W. Gerritsma
*    Source: Cocoa Research Institute,
*            Annual Report 1967-1968
* Longitude: 000 22 W
*  Latitude: 06 15 N
* Elevation: 200 m.
*  WMO-code: -
*  Comments: Cocoa Research Institute Ghana
*            Interpolated daily values
*  Columns:
*  ========
*  station number
*  year
*  day
*  radiation
*  minimum temperature (degrees Celsius)
*  maximum temperature (degrees Celsius)
*  vapour pressure (kPa)
*  mean wind speed (m s-1)
*  precipitation.rainy days (mm d-1.d)
*---------------------------------------------------------*
 359.63 6.25 200. 0.0 0.0
  19 1967    1 16969.  15.3 33.1 1.451 1.    0.
  19 1967    2 16963.  15.1 33.1 1.439 1.    0.
  19 1967    3 16958.  15.0 33.2 1.427 1.    0.
  19 1967    4 16953.  14.8 33.2 1.414 1.    0.
  19 1967    5 16950.  14.7 33.3 1.402 1.    0.
  19 1967    6 16948.  14.6 33.4 1.390 1.    0.
  19 1967    7 16946.  14.4 33.4 1.377 1.    0.
  19 1967    8 16946.  14.3 33.5 1.365 1.    0.
  19 1967    9 16947.  14.1 33.5 1.352 1.    0.
  19 1967   10 16948.  14.0 33.6 1.340 1.    0.
  19 1967   11 16950.  13.9 33.7 1.328 1.    0.
  19 1967   12 16953.  13.7 33.7 1.315 1.    0.
  19 1967   13 16957.  13.6 33.8 1.303 1.    0.
  19 1967   14 16961.  13.4 33.8 1.290 1.    0.
  19 1967   15 16966.  13.3 33.9 1.278 1.    0.
  19 1967   16 17015.  13.5 33.9 1.292 1.    0.
  19 1967   17 17064.  13.6 34.0 1.307 1.    0.
  19 1967   18 17114.  13.8 34.0 1.321 1.    0.
  19 1967   19 17165.  14.0 34.0 1.335 1.    0.
  19 1967   20 17216.  14.1 34.1 1.350 1.    0.
  19 1967   21 17268.  14.3 34.1 1.364 1.    0.
  19 1967   22 17321.  14.5 34.2 1.378 1.    0.
  19 1967   23 17374.  14.6 34.2 1.392 1.    0.
  19 1967   24 17428.  14.8 34.2 1.407 1.    0.
  19 1967   25 17482.  15.0 34.3 1.421 1.    0.
  19 1967   26 17537.  15.1 34.3 1.435 1.    0.
  19 1967   27 17592.  15.3 34.3 1.450 1.    0.
  19 1967   28 17647.  15.5 34.4 1.464 1.    0.
  19 1967   29 17703.  15.6 34.4 1.478 1.    0.
  19 1967   30 17760.  15.8 34.5 1.493 1.    0.
  19 1967   31 17816.  16.0 34.5 1.507 1.    0.
  19 1967   32 17873.  16.1 34.5 1.521 1.    0.
  19 1967   33 17930.  16.3 34.6 1.535 1.    8.
  19 1967   34 17988.  16.5 34.6 1.550 1.    0.
  19 1967   35 18045.  16.6 34.6 1.564 1.    0.
  19 1967   36 18103.  16.8 34.7 1.578 1.    0.
  19 1967   37 18161.  17.0 34.7 1.593 1.    0.
  19 1967   38 18218.  17.1 34.7 1.607 1.    0.
  19 1967   39 18276.  17.3 34.8 1.621 1.    0.
  19 1967   40 18334.  17.5 34.8 1.636 1.    3.
  19 1967   41 18392.  17.6 34.9 1.650 1.    0.
  19 1967   42 18449.  17.8 34.9 1.664 1.    0.
  19 1967   43 18507.  18.0 34.9 1.678 1.    0.
  19 1967   44 18564.  18.1 35.0 1.693 1.    0.
  19 1967   45 18621.  18.3 35.0 1.707 1.    0.
  19 1967   46 18619.  18.3 35.0 1.712 1.    0.
  19 1967   47 18617.  18.4 35.0 1.718 1.    0.
  19 1967   48 18615.  18.4 35.0 1.723 1.    9.
  19 1967   49 18612.  18.5 35.0 1.728 1.    0.
  19 1967   50 18608.  18.5 35.0 1.734 1.    7.
  19 1967   51 18604.  18.5 35.0 1.739 1.    0.
  19 1967   52 18599.  18.6 35.0 1.744 1.    0.
  19 1967   53 18594.  18.6 35.0 1.749 1.    0.
  19 1967   54 18587.  18.6 35.0 1.755 1.    0.
  19 1967   55 18581.  18.7 35.0 1.760 1.   31.
  19 1967   56 18573.  18.7 35.0 1.765 1.    0.
  19 1967   57 18565.  18.8 35.0 1.771 1.    0.
  19 1967   58 18556.  18.8 35.0 1.776 1.    0.
  19 1967   59 18547.  18.8 35.0 1.781 1.    0.
  19 1967   60 18536.  18.9 35.0 1.787 1.    5.
  19 1967   61 18525.  18.9 35.0 1.792 1.    0.
  19 1967   62 18513.  18.9 35.0 1.797 1.   13.
  19 1967   63 18501.  19.0 35.0 1.803 1.    4.
  19 1967   64 18487.  19.0 35.0 1.808 1.    3.
  19 1967   65 18473.  19.1 35.0 1.813 1.    0.
  19 1967   66 18457.  19.1 35.0 1.819 1.    9.
  19 1967   67 18441.  19.1 35.0 1.824 1.    1.
  19 1967   68 18424.  19.2 35.0 1.829 1.    8.
  19 1967   69 18407.  19.2 35.0 1.834 1.    6.
  19 1967   70 18388.  19.2 35.0 1.840 1.    0.
  19 1967   71 18368.  19.3 35.0 1.845 1.    0.
  19 1967   72 18348.  19.3 35.0 1.850 1.    2.
  19 1967   73 18326.  19.4 35.0 1.856 1.    0.
  19 1967   74 18304.  19.4 35.0 1.861 1.   12.
  19 1967   75 18354.  19.4 35.0 1.861 1.    7.
  19 1967   76 18404.  19.4 35.0 1.862 1.    0.
  19 1967   77 18452.  19.5 34.9 1.862 1.    0.
  19 1967   78 18500.  19.5 34.9 1.863 1.    0.
  19 1967   79 18547.  19.5 34.9 1.863 1.    0.
  19 1967   80 18593.  19.5 34.9 1.864 1.   11.
  19 1967   81 18639.  19.5 34.9 1.864 1.    0.
  19 1967   82 18683.  19.6 34.8 1.865 1.    7.
  19 1967   83 18726.  19.6 34.8 1.865 1.   40.
  19 1967   84 18769.  19.6 34.8 1.866 1.   22.
  19 1967   85 18810.  19.6 34.8 1.866 1.    0.
  19 1967   86 18851.  19.6 34.8 1.866 1.    0.
  19 1967   87 18890.  19.7 34.7 1.867 1.    0.
  19 1967   88 18929.  19.7 34.7 1.867 1.   27.
  19 1967   89 18967.  19.7 34.7 1.868 1.    0.
  19 1967   90 19004.  19.7 34.7 1.868 1.    0.
  19 1967   91 19039.  19.7 34.7 1.869 1.    0.
  19 1967   92 19074.  19.7 34.7 1.869 1.   49.
  19 1967   93 19108.  19.8 34.6 1.870 1.    0.
  19 1967   94 19142.  19.8 34.6 1.870 1.    0.
  19 1967   95 19174.  19.8 34.6 1.870 1.    0.
  19 1967   96 19205.  19.8 34.6 1.871 1.    2.
  19 1967   97 19236.  19.8 34.6 1.871 1.    3.
  19 1967   98 19265.  19.9 34.5 1.872 1.    0.
  19 1967   99 19294.  19.9 34.5 1.872 1.    0.
  19 1967  100 19322.  19.9 34.5 1.873 1.    3.
  19 1967  101 19348.  19.9 34.5 1.873 1.    3.
  19 1967  102 19375.  19.9 34.5 1.874 1.    0.
  19 1967  103 19400.  20.0 34.4 1.874 1.    0.
  19 1967  104 19424.  20.0 34.4 1.875 1.   36.
  19 1967  105 19448.  20.0 34.4 1.875 1.   68.
  19 1967  106 19459.  20.0 34.4 1.875 1.    4.
  19 1967  107 19470.  20.0 34.3 1.874 1.    0.
  19 1967  108 19480.  19.9 34.3 1.874 1.    2.
  19 1967  109 19489.  19.9 34.3 1.873 1.    0.
  19 1967  110 19498.  19.9 34.2 1.873 1.    0.
  19 1967  111 19505.  19.9 34.2 1.873 1.    0.
  19 1967  112 19513.  19.9 34.1 1.872 1.    0.
  19 1967  113 19519.  19.8 34.1 1.872 1.    1.
  19 1967  114 19525.  19.8 34.1 1.871 1.    0.
  19 1967  115 19531.  19.8 34.0 1.871 1.    8.
  19 1967  116 19536.  19.8 34.0 1.871 1.    0.
  19 1967  117 19540.  19.8 34.0 1.870 1.    0.
  19 1967  118 19544.  19.7 33.9 1.870 1.    0.
  19 1967  119 19547.  19.7 33.9 1.869 1.    2.
  19 1967  120 19550.  19.7 33.8 1.869 1.    6.
  19 1967  121 19553.  19.7 33.8 1.869 1.    2.
  19 1967  122 19555.  19.7 33.8 1.868 1.    0.
  19 1967  123 19556.  19.6 33.7 1.868 1.    0.
  19 1967  124 19558.  19.6 33.7 1.867 1.    0.
  19 1967  125 19559.  19.6 33.7 1.867 1.    2.
  19 1967  126 19560.  19.6 33.6 1.867 1.    0.
  19 1967  127 19561.  19.6 33.6 1.866 1.    0.
  19 1967  128 19561.  19.5 33.6 1.866 1.    3.
  19 1967  129 19561.  19.5 33.5 1.865 1.   41.
  19 1967  130 19561.  19.5 33.5 1.865 1.    0.
  19 1967  131 19561.  19.5 33.4 1.865 1.    0.
  19 1967  132 19561.  19.5 33.4 1.864 1.    2.
  19 1967  133 19561.  19.4 33.4 1.864 1.    0.
  19 1967  134 19561.  19.4 33.3 1.863 1.    0.
  19 1967  135 19561.  19.4 33.3 1.863 1.    0.
  19 1967  136 19435.  19.4 33.2 1.868 1.    0.
  19 1967  137 19310.  19.4 33.2 1.873 1.    0.
  19 1967  138 19185.  19.5 33.1 1.878 1.    0.
  19 1967  139 19061.  19.5 33.0 1.883 1.    0.
  19 1967  140 18938.  19.5 32.9 1.888 1.   44.
  19 1967  141 18815.  19.5 32.9 1.892 1.   24.
  19 1967  142 18692.  19.5 32.8 1.897 1.    0.
  19 1967  143 18570.  19.6 32.7 1.902 1.    0.
  19 1967  144 18449.  19.6 32.7 1.907 1.   13.
  19 1967  145 18328.  19.6 32.6 1.912 1.    0.
  19 1967  146 18208.  19.6 32.5 1.917 1.    0.
  19 1967  147 18088.  19.6 32.4 1.922 1.    0.
  19 1967  148 17970.  19.7 32.4 1.927 1.    3.
  19 1967  149 17852.  19.7 32.3 1.932 1.    0.
  19 1967  150 17734.  19.7 32.2 1.937 1.    0.
  19 1967  151 17618.  19.7 32.2 1.941 1.    0.
  19 1967  152 17502.  19.7 32.1 1.946 1.    0.
  19 1967  153 17387.  19.7 32.0 1.951 1.   12.
  19 1967  154 17272.  19.8 32.0 1.956 1.   40.
  19 1967  155 17159.  19.8 31.9 1.961 1.    6.
  19 1967  156 17046.  19.8 31.8 1.966 1.    3.
  19 1967  157 16934.  19.8 31.7 1.971 1.    0.
  19 1967  158 16822.  19.8 31.7 1.976 1.    0.
  19 1967  159 16712.  19.9 31.6 1.981 1.    0.
  19 1967  160 16602.  19.9 31.5 1.986 1.   17.
  19 1967  161 16493.  19.9 31.5 1.990 1.    2.
  19 1967  162 16385.  19.9 31.4 1.995 1.   15.
  19 1967  163 16278.  19.9 31.3 2.000 1.   22.
  19 1967  164 16171.  20.0 31.2 2.005 1.    3.
  19 1967  165 16065.  20.0 31.2 2.010 1.    0.
  19 1967  166 15960.  20.0 31.1 2.015 1.    7.
  19 1967  167 15879.  20.0 31.1 2.010 1.    0.
  19 1967  168 15799.  19.9 31.0 2.005 1.    2.
  19 1967  169 15719.  19.9 31.0 1.999 1.    7.
  19 1967  170 15640.  19.9 31.0 1.994 1.   31.
  19 1967  171 15562.  19.8 30.9 1.989 1.    0.
  19 1967  172 15484.  19.8 30.9 1.984 1.    7.
  19 1967  173 15407.  19.7 30.8 1.979 1.    0.
  19 1967  174 15331.  19.7 30.8 1.973 1.    1.
  19 1967  175 15255.  19.7 30.8 1.968 1.    7.
  19 1967  176 15181.  19.6 30.7 1.963 1.    2.
  19 1967  177 15106.  19.6 30.7 1.958 1.    2.
  19 1967  178 15033.  19.6 30.7 1.953 1.    0.
  19 1967  179 14960.  19.5 30.6 1.947 1.   19.
  19 1967  180 14887.  19.5 30.6 1.942 1.   19.
  19 1967  181 14816.  19.4 30.5 1.937 1.   26.
  19 1967  182 14744.  19.4 30.5 1.932 1.    0.
  19 1967  183 14674.  19.4 30.5 1.927 1.    0.
  19 1967  184 14604.  19.3 30.4 1.921 1.    0.
  19 1967  185 14534.  19.3 30.4 1.916 1.    0.
  19 1967  186 14465.  19.3 30.4 1.911 1.    0.
  19 1967  187 14396.  19.2 30.3 1.906 1.    1.
  19 1967  188 14328.  19.2 30.3 1.901 1.    2.
  19 1967  189 14260.  19.2 30.3 1.895 1.    4.
  19 1967  190 14193.  19.1 30.2 1.890 1.    0.
  19 1967  191 14126.  19.1 30.2 1.885 1.    0.
  19 1967  192 14059.  19.0 30.1 1.880 1.    0.
  19 1967  193 13993.  19.0 30.1 1.875 1.    1.
  19 1967  194 13927.  19.0 30.1 1.869 1.    3.
  19 1967  195 13861.  18.9 30.0 1.864 1.    1.
  19 1967  196 13795.  18.9 30.0 1.859 1.    0.
  19 1967  197 13770.  19.0 30.0 1.866 1.    4.
  19 1967  198 13745.  19.0 30.0 1.873 1.    0.
  19 1967  199 13720.  19.1 30.0 1.880 1.    0.
  19 1967  200 13696.  19.1 30.0 1.886 1.    0.
  19 1967  201 13672.  19.2 30.0 1.893 1.    1.
  19 1967  202 13648.  19.2 30.0 1.900 1.    0.
  19 1967  203 13624.  19.3 30.0 1.907 1.    3.
  19 1967  204 13600.  19.3 30.0 1.914 1.    8.
  19 1967  205 13577.  19.4 30.0 1.921 1.    0.
  19 1967  206 13553.  19.4 30.0 1.927 1.    0.
  19 1967  207 13530.  19.5 30.0 1.934 1.    0.
  19 1967  208 13506.  19.6 30.0 1.941 1.    1.
  19 1967  209 13483.  19.6 30.0 1.948 1.    0.
  19 1967  210 13460.  19.7 30.0 1.955 1.    3.
  19 1967  211 13436.  19.7 30.0 1.962 1.    0.
  19 1967  212 13413.  19.8 30.0 1.968 1.    0.
  19 1967  213 13390.  19.8 30.0 1.975 1.    0.
  19 1967  214 13366.  19.9 30.0 1.982 1.    4.
  19 1967  215 13343.  19.9 30.0 1.989 1.    0.
  19 1967  216 13319.  20.0 30.0 1.996 1.    0.
  19 1967  217 13295.  20.1 30.0 2.003 1.    0.
  19 1967  218 13271.  20.1 30.0 2.009 1.    0.
  19 1967  219 13247.  20.2 30.0 2.016 1.    0.
  19 1967  220 13223.  20.2 30.0 2.023 1.    1.
  19 1967  221 13198.  20.3 30.0 2.030 1.    0.
  19 1967  222 13173.  20.3 30.0 2.037 1.    0.
  19 1967  223 13148.  20.4 30.0 2.044 1.    0.
  19 1967  224 13123.  20.4 30.0 2.050 1.    3.
  19 1967  225 13097.  20.5 30.0 2.057 1.    0.
  19 1967  226 13072.  20.5 30.0 2.064 1.    0.
  19 1967  227 13045.  20.6 30.0 2.071 1.    1.
  19 1967  228 13095.  20.5 30.0 2.062 1.    1.
  19 1967  229 13145.  20.5 30.1 2.054 1.    2.
  19 1967  230 13195.  20.4 30.1 2.045 1.    0.
  19 1967  231 13244.  20.3 30.1 2.036 1.    2.
  19 1967  232 13293.  20.2 30.2 2.028 1.    5.
  19 1967  233 13342.  20.2 30.2 2.019 1.    1.
  19 1967  234 13390.  20.1 30.2 2.010 1.    0.
  19 1967  235 13439.  20.0 30.3 2.002 1.    0.
  19 1967  236 13487.  19.9 30.3 1.993 1.    1.
  19 1967  237 13534.  19.9 30.4 1.984 1.    0.
  19 1967  238 13582.  19.8 30.4 1.976 1.    0.
  19 1967  239 13629.  19.7 30.4 1.967 1.    2.
  19 1967  240 13675.  19.6 30.5 1.958 1.    1.
  19 1967  241 13721.  19.6 30.5 1.950 1.    1.
  19 1967  242 13767.  19.5 30.5 1.941 1.    0.
  19 1967  243 13812.  19.4 30.6 1.932 1.    0.
  19 1967  244 13857.  19.3 30.6 1.923 1.   11.
  19 1967  245 13901.  19.3 30.6 1.915 1.    0.
  19 1967  246 13945.  19.2 30.7 1.906 1.    1.
  19 1967  247 13988.  19.1 30.7 1.897 1.    0.
  19 1967  248 14031.  19.0 30.7 1.889 1.    7.
  19 1967  249 14073.  19.0 30.8 1.880 1.    0.
  19 1967  250 14115.  18.9 30.8 1.871 1.    0.
  19 1967  251 14156.  18.8 30.9 1.863 1.    5.
  19 1967  252 14197.  18.7 30.9 1.854 1.    0.
  19 1967  253 14237.  18.7 30.9 1.845 1.   20.
  19 1967  254 14276.  18.6 31.0 1.837 1.   14.
  19 1967  255 14315.  18.5 31.0 1.828 1.   11.
  19 1967  256 14353.  18.4 31.0 1.819 1.   15.
  19 1967  257 14391.  18.4 31.1 1.811 1.   10.
  19 1967  258 14428.  18.3 31.1 1.802 1.   13.
  19 1967  259 14409.  18.4 31.1 1.807 1.    0.
  19 1967  260 14389.  18.4 31.1 1.811 1.    3.
  19 1967  261 14368.  18.5 31.2 1.816 1.   33.
  19 1967  262 14347.  18.5 31.2 1.821 1.    0.
  19 1967  263 14325.  18.6 31.2 1.826 1.    0.
  19 1967  264 14302.  18.6 31.2 1.830 1.   23.
  19 1967  265 14279.  18.7 31.2 1.835 1.    2.
  19 1967  266 14255.  18.8 31.3 1.840 1.    0.
  19 1967  267 14230.  18.8 31.3 1.844 1.    0.
  19 1967  268 14205.  18.9 31.3 1.849 1.    0.
  19 1967  269 14179.  18.9 31.3 1.854 1.    2.
  19 1967  270 14153.  19.0 31.3 1.858 1.    0.
  19 1967  271 14126.  19.0 31.4 1.863 1.    1.
  19 1967  272 14098.  19.1 31.4 1.868 1.    0.
  19 1967  273 14070.  19.1 31.4 1.873 1.    8.
  19 1967  274 14041.  19.2 31.4 1.877 1.    1.
  19 1967  275 14011.  19.3 31.4 1.882 1.    7.
  19 1967  276 13981.  19.3 31.5 1.887 1.   12.
  19 1967  277 13951.  19.4 31.5 1.891 1.    0.
  19 1967  278 13920.  19.4 31.5 1.896 1.    0.
  19 1967  279 13888.  19.5 31.5 1.901 1.    0.
  19 1967  280 13856.  19.5 31.5 1.905 1.    2.
  19 1967  281 13823.  19.6 31.6 1.910 1.    0.
  19 1967  282 13790.  19.7 31.6 1.915 1.    1.
  19 1967  283 13756.  19.7 31.6 1.919 1.   11.
  19 1967  284 13722.  19.8 31.6 1.924 1.    0.
  19 1967  285 13687.  19.8 31.6 1.929 1.   26.
  19 1967  286 13652.  19.9 31.7 1.934 1.    2.
  19 1967  287 13616.  19.9 31.7 1.938 1.    2.
  19 1967  288 13580.  20.0 31.7 1.943 1.    9.
  19 1967  289 13724.  20.0 31.8 1.937 1.    0.
  19 1967  290 13867.  19.9 31.8 1.931 1.    4.
  19 1967  291 14008.  19.9 31.9 1.925 1.    7.
  19 1967  292 14150.  19.9 31.9 1.918 1.    1.
  19 1967  293 14290.  19.8 32.0 1.912 1.    1.
  19 1967  294 14429.  19.8 32.0 1.906 1.    0.
  19 1967  295 14568.  19.8 32.1 1.900 1.    0.
  19 1967  296 14706.  19.7 32.1 1.894 1.    0.
  19 1967  297 14843.  19.7 32.2 1.888 1.    0.
  19 1967  298 14980.  19.6 32.2 1.881 1.    2.
  19 1967  299 15116.  19.6 32.3 1.875 1.    4.
  19 1967  300 15251.  19.6 32.3 1.869 1.    3.
  19 1967  301 15385.  19.5 32.4 1.863 1.   14.
  19 1967  302 15519.  19.5 32.4 1.857 1.    0.
  19 1967  303 15652.  19.5 32.5 1.851 1.    5.
  19 1967  304 15784.  19.4 32.5 1.844 1.    1.
  19 1967  305 15916.  19.4 32.6 1.838 1.    0.
  19 1967  306 16047.  19.4 32.6 1.832 1.    0.
  19 1967  307 16178.  19.3 32.7 1.826 1.    0.
  19 1967  308 16308.  19.3 32.7 1.820 1.    0.
  19 1967  309 16437.  19.3 32.8 1.814 1.    0.
  19 1967  310 16567.  19.2 32.8 1.807 1.    1.
  19 1967  311 16695.  19.2 32.9 1.801 1.    0.
  19 1967  312 16824.  19.1 32.9 1.795 1.    0.
  19 1967  313 16951.  19.1 33.0 1.789 1.    0.
  19 1967  314 17079.  19.1 33.0 1.783 1.    7.
  19 1967  315 17206.  19.0 33.1 1.777 1.    0.
  19 1967  316 17333.  19.0 33.1 1.770 1.    0.
  19 1967  317 17460.  19.0 33.2 1.764 1.    5.
  19 1967  318 17587.  18.9 33.2 1.758 1.    0.
  19 1967  319 17713.  18.9 33.3 1.752 1.    0.
  19 1967  320 17685.  18.8 33.3 1.748 1.    0.
  19 1967  321 17658.  18.8 33.2 1.744 1.    0.
  19 1967  322 17630.  18.7 33.2 1.739 1.    3.
  19 1967  323 17604.  18.7 33.2 1.735 1.    2.
  19 1967  324 17578.  18.6 33.1 1.731 1.    0.
  19 1967  325 17552.  18.6 33.1 1.727 1.    0.
  19 1967  326 17527.  18.5 33.0 1.722 1.    3.
  19 1967  327 17503.  18.4 33.0 1.718 1.    0.
  19 1967  328 17479.  18.4 33.0 1.714 1.    6.
  19 1967  329 17456.  18.3 32.9 1.710 1.    0.
  19 1967  330 17434.  18.3 32.9 1.705 1.    0.
  19 1967  331 17412.  18.2 32.9 1.701 1.    0.
  19 1967  332 17391.  18.2 32.8 1.697 1.    4.
  19 1967  333 17371.  18.1 32.8 1.693 1.    6.
  19 1967  334 17352.  18.1 32.8 1.689 1.    0.
  19 1967  335 17334.  18.0 32.7 1.684 1.    8.
  19 1967  336 17317.  17.9 32.7 1.680 1.    0.
  19 1967  337 17300.  17.9 32.6 1.676 1.    0.
  19 1967  338 17285.  17.8 32.6 1.672 1.    0.
  19 1967  339 17270.  17.8 32.6 1.667 1.    1.
  19 1967  340 17257.  17.7 32.5 1.663 1.    0.
  19 1967  341 17245.  17.7 32.5 1.659 1.    0.
  19 1967  342 17233.  17.6 32.5 1.655 1.   19.
  19 1967  343 17223.  17.5 32.4 1.650 1.   57.
  19 1967  344 17214.  17.5 32.4 1.646 1.   17.
  19 1967  345 17205.  17.4 32.3 1.642 1.    0.
  19 1967  346 17198.  17.4 32.3 1.638 1.    0.
  19 1967  347 17192.  17.3 32.3 1.633 1.    1.
  19 1967  348 17188.  17.3 32.2 1.629 1.    0.
  19 1967  349 17184.  17.2 32.2 1.625 1.    0.
  19 1967  350 17161.  17.1 32.3 1.614 1.    0.
  19 1967  351 17139.  17.0 32.3 1.603 1.    1.
  19 1967  352 17118.  16.8 32.4 1.592 1.    0.
  19 1967  353 17099.  16.7 32.4 1.582 1.    0.
  19 1967  354 17081.  16.6 32.5 1.571 1.    0.
  19 1967  355 17063.  16.5 32.5 1.560 1.    4.
  19 1967  356 17047.  16.3 32.6 1.549 1.    0.
  19 1967  357 17033.  16.2 32.6 1.538 1.    0.
  19 1967  358 17019.  16.1 32.7 1.527 1.   22.
  19 1967  359 17007.  16.0 32.7 1.517 1.    0.
  19 1967  360 16995.  15.9 32.8 1.506 1.   11.
  19 1967  361 16985.  15.7 32.8 1.495 1.    1.
  19 1967  362 16976.  15.6 32.9 1.484 1.    0.
  19 1967  363 16968.  15.5 32.9 1.473 1.    0.
  19 1967  364 16961.  15.4 33.0 1.462 1.    0.
  19 1967  365 16955.  15.3 33.1 1.451 1.   12.
