*---------------------------------------------------------*
*   Country: Ghana
*   Station: Tafo
*      Year: 1971
*    Author: W. Gerritsma
*    Source: Cocoa Research Institute,
*            Annual Report 1971-1972 (1973)
* Longitude: 000 22 W
*  Latitude: 06 15 N
* Elevation: 200 m.
*  WMO-code: -
*  Comments: Cocoa Research Institute Ghana
*            Interpolated daily values
*  Columns:
*  ========
*  station number
*  year
*  day
*  global radiation (kJ m-2 d-1)
*  minimum temperature (degrees Celsius)
*  maximum temperature (degrees Celsius)
*  vapour pressure (kPa)
*  mean wind speed (m s-1)
*  precipitation.rainy days (mm d-1.d)
*---------------------------------------------------------*
 359.63 6.25 200.0 0.0 0.0
  19 1971    1 14421.  19.1 31.2 1.880 1.    0.
  19 1971    2 14392.  19.2 31.2 1.886 1.    0.
  19 1971    3 14364.  19.2 31.3 1.892 1.    0.
  19 1971    4 14335.  19.2 31.3 1.898 1.    0.
  19 1971    5 14307.  19.2 31.3 1.904 1.   27.
  19 1971    6 14279.  19.2 31.3 1.910 1.    0.
  19 1971    7 14250.  19.3 31.4 1.916 1.    0.
  19 1971    8 14222.  19.3 31.4 1.922 1.    0.
  19 1971    9 14193.  19.3 31.4 1.927 1.    0.
  19 1971   10 14165.  19.3 31.5 1.933 1.    0.
  19 1971   11 14137.  19.3 31.5 1.939 1.    3.
  19 1971   12 14108.  19.3 31.5 1.945 1.    3.
  19 1971   13 14080.  19.4 31.5 1.951 1.    0.
  19 1971   14 14051.  19.4 31.6 1.957 1.    0.
  19 1971   15 14023.  19.4 31.6 1.963 1.    0.
  19 1971   16 14135.  19.4 31.6 1.965 1.    0.
  19 1971   17 14246.  19.5 31.7 1.967 1.    0.
  19 1971   18 14358.  19.5 31.7 1.968 1.    0.
  19 1971   19 14470.  19.6 31.7 1.970 1.    0.
  19 1971   20 14581.  19.6 31.7 1.972 1.    0.
  19 1971   21 14693.  19.6 31.8 1.974 1.    0.
  19 1971   22 14804.  19.7 31.8 1.976 1.    0.
  19 1971   23 14916.  19.7 31.8 1.977 1.    0.
  19 1971   24 15028.  19.8 31.8 1.979 1.    0.
  19 1971   25 15139.  19.8 31.9 1.981 1.    0.
  19 1971   26 15251.  19.8 31.9 1.983 1.   20.
  19 1971   27 15363.  19.9 31.9 1.985 1.    0.
  19 1971   28 15474.  19.9 31.9 1.986 1.    0.
  19 1971   29 15586.  20.0 32.0 1.988 1.    0.
  19 1971   30 15697.  20.0 32.0 1.990 1.    0.
  19 1971   31 15809.  20.0 32.0 1.992 1.    0.
  19 1971   32 15921.  20.1 32.1 1.994 1.   65.
  19 1971   33 16032.  20.1 32.1 1.995 1.    4.
  19 1971   34 16144.  20.2 32.1 1.997 1.    0.
  19 1971   35 16256.  20.2 32.1 1.999 1.    0.
  19 1971   36 16367.  20.2 32.2 2.001 1.    0.
  19 1971   37 16479.  20.3 32.2 2.003 1.    0.
  19 1971   38 16591.  20.3 32.2 2.004 1.    0.
  19 1971   39 16702.  20.4 32.2 2.006 1.    3.
  19 1971   40 16814.  20.4 32.3 2.008 1.    0.
  19 1971   41 16925.  20.4 32.3 2.010 1.    0.
  19 1971   42 17037.  20.5 32.3 2.012 1.    0.
  19 1971   43 17149.  20.5 32.3 2.013 1.    0.
  19 1971   44 17260.  20.6 32.4 2.015 1.    0.
  19 1971   45 17372.  20.6 32.4 2.017 1.    0.
  19 1971   46 17366.  20.6 32.4 2.018 1.   80.
  19 1971   47 17360.  20.6 32.4 2.019 1.    0.
  19 1971   48 17355.  20.7 32.4 2.019 1.   13.
  19 1971   49 17349.  20.7 32.4 2.020 1.    0.
  19 1971   50 17343.  20.7 32.4 2.021 1.    0.
  19 1971   51 17337.  20.7 32.4 2.022 1.    4.
  19 1971   52 17331.  20.7 32.4 2.023 1.    1.
  19 1971   53 17326.  20.7 32.4 2.023 1.    0.
  19 1971   54 17320.  20.8 32.4 2.024 1.    0.
  19 1971   55 17314.  20.8 32.4 2.025 1.    4.
  19 1971   56 17308.  20.8 32.4 2.026 1.    0.
  19 1971   57 17302.  20.8 32.4 2.027 1.   10.
  19 1971   58 17297.  20.8 32.4 2.027 1.    0.
  19 1971   59 17291.  20.8 32.4 2.028 1.    0.
  19 1971   60 17285.  20.9 32.3 2.029 1.    0.
  19 1971   61 17279.  20.9 32.3 2.030 1.    0.
  19 1971   62 17274.  20.9 32.3 2.030 1.   16.
  19 1971   63 17268.  20.9 32.3 2.031 1.    5.
  19 1971   64 17262.  20.9 32.3 2.032 1.    0.
  19 1971   65 17256.  20.9 32.3 2.033 1.    0.
  19 1971   66 17250.  21.0 32.3 2.034 1.    0.
  19 1971   67 17245.  21.0 32.3 2.034 1.    0.
  19 1971   68 17239.  21.0 32.3 2.035 1.    0.
  19 1971   69 17233.  21.0 32.3 2.036 1.    1.
  19 1971   70 17227.  21.0 32.3 2.037 1.   11.
  19 1971   71 17221.  21.0 32.3 2.038 1.    1.
  19 1971   72 17216.  21.1 32.3 2.038 1.    0.
  19 1971   73 17210.  21.1 32.3 2.039 1.    0.
  19 1971   74 17204.  21.1 32.3 2.040 1.   17.
  19 1971   75 17220.  21.1 32.3 2.038 1.    3.
  19 1971   76 17236.  21.1 32.3 2.037 1.    5.
  19 1971   77 17253.  21.1 32.3 2.035 1.    5.
  19 1971   78 17269.  21.1 32.4 2.033 1.    0.
  19 1971   79 17285.  21.1 32.4 2.032 1.    0.
  19 1971   80 17301.  21.1 32.4 2.030 1.    0.
  19 1971   81 17318.  21.1 32.4 2.028 1.    0.
  19 1971   82 17334.  21.2 32.4 2.027 1.    0.
  19 1971   83 17350.  21.2 32.4 2.025 1.    0.
  19 1971   84 17366.  21.2 32.4 2.023 1.   13.
  19 1971   85 17382.  21.2 32.4 2.022 1.    0.
  19 1971   86 17399.  21.2 32.5 2.020 1.    0.
  19 1971   87 17415.  21.2 32.5 2.018 1.    0.
  19 1971   88 17431.  21.2 32.5 2.017 1.    0.
  19 1971   89 17447.  21.2 32.5 2.015 1.    8.
  19 1971   90 17464.  21.2 32.5 2.013 1.    0.
  19 1971   91 17480.  21.2 32.5 2.011 1.    0.
  19 1971   92 17496.  21.2 32.5 2.010 1.    0.
  19 1971   93 17512.  21.2 32.5 2.008 1.    0.
  19 1971   94 17529.  21.2 32.6 2.006 1.    0.
  19 1971   95 17545.  21.2 32.6 2.005 1.   19.
  19 1971   96 17561.  21.2 32.6 2.003 1.   20.
  19 1971   97 17577.  21.2 32.6 2.001 1.    0.
  19 1971   98 17593.  21.3 32.6 2.000 1.    0.
  19 1971   99 17610.  21.3 32.6 1.998 1.    0.
  19 1971  100 17626.  21.3 32.6 1.996 1.    0.
  19 1971  101 17642.  21.3 32.6 1.995 1.   50.
  19 1971  102 17658.  21.3 32.7 1.993 1.    0.
  19 1971  103 17675.  21.3 32.7 1.991 1.    0.
  19 1971  104 17691.  21.3 32.7 1.990 1.    5.
  19 1971  105 17707.  21.3 32.7 1.988 1.    0.
  19 1971  106 17763.  21.3 32.7 1.987 1.    0.
  19 1971  107 17819.  21.3 32.7 1.985 1.    0.
  19 1971  108 17874.  21.3 32.6 1.984 1.   14.
  19 1971  109 17930.  21.2 32.6 1.982 1.   26.
  19 1971  110 17986.  21.2 32.6 1.980 1.    0.
  19 1971  111 18042.  21.2 32.6 1.979 1.    0.
  19 1971  112 18098.  21.2 32.6 1.977 1.    0.
  19 1971  113 18153.  21.2 32.5 1.976 1.    0.
  19 1971  114 18209.  21.2 32.5 1.975 1.    0.
  19 1971  115 18265.  21.2 32.5 1.973 1.    0.
  19 1971  116 18321.  21.2 32.5 1.972 1.    0.
  19 1971  117 18377.  21.1 32.5 1.970 1.    0.
  19 1971  118 18432.  21.1 32.4 1.969 1.    0.
  19 1971  119 18488.  21.1 32.4 1.967 1.    5.
  19 1971  120 18544.  21.1 32.4 1.965 1.    0.
  19 1971  121 18600.  21.1 32.4 1.964 1.    0.
  19 1971  122 18656.  21.1 32.4 1.962 1.    5.
  19 1971  123 18711.  21.1 32.3 1.961 1.    0.
  19 1971  124 18767.  21.0 32.3 1.959 1.    0.
  19 1971  125 18823.  21.0 32.3 1.958 1.    2.
  19 1971  126 18879.  21.0 32.3 1.956 1.    6.
  19 1971  127 18935.  21.0 32.3 1.955 1.    0.
  19 1971  128 18990.  21.0 32.2 1.954 1.   40.
  19 1971  129 19046.  21.0 32.2 1.952 1.    0.
  19 1971  130 19102.  21.0 32.2 1.951 1.    0.
  19 1971  131 19158.  21.0 32.2 1.949 1.    0.
  19 1971  132 19214.  20.9 32.2 1.947 1.    0.
  19 1971  133 19269.  20.9 32.1 1.946 1.    6.
  19 1971  134 19325.  20.9 32.1 1.944 1.   34.
  19 1971  135 19381.  20.9 32.1 1.943 1.    1.
  19 1971  136 19353.  20.9 32.0 1.949 1.   43.
  19 1971  137 19324.  20.9 32.0 1.955 1.    0.
  19 1971  138 19296.  20.9 31.9 1.961 1.    0.
  19 1971  139 19268.  20.9 31.8 1.967 1.   65.
  19 1971  140 19239.  20.9 31.7 1.973 1.    3.
  19 1971  141 19211.  21.0 31.7 1.979 1.    0.
  19 1971  142 19183.  21.0 31.6 1.985 1.    0.
  19 1971  143 19154.  21.0 31.5 1.991 1.    0.
  19 1971  144 19126.  21.0 31.4 1.997 1.    0.
  19 1971  145 19097.  21.0 31.4 2.003 1.    0.
  19 1971  146 19069.  21.0 31.3 2.009 1.   24.
  19 1971  147 19041.  21.0 31.2 2.015 1.    0.
  19 1971  148 19012.  21.0 31.1 2.021 1.    0.
  19 1971  149 18984.  21.0 31.1 2.027 1.    8.
  19 1971  150 18956.  21.0 31.0 2.033 1.    0.
  19 1971  151 18927.  21.1 30.9 2.038 1.    0.
  19 1971  152 18899.  21.1 30.8 2.044 1.    0.
  19 1971  153 18871.  21.1 30.8 2.050 1.    0.
  19 1971  154 18842.  21.1 30.7 2.056 1.    5.
  19 1971  155 18814.  21.1 30.6 2.062 1.    0.
  19 1971  156 18786.  21.1 30.5 2.068 1.    1.
  19 1971  157 18757.  21.1 30.5 2.074 1.   15.
  19 1971  158 18729.  21.1 30.4 2.080 1.    0.
  19 1971  159 18700.  21.1 30.3 2.086 1.   30.
  19 1971  160 18672.  21.1 30.2 2.092 1.    0.
  19 1971  161 18644.  21.2 30.2 2.098 1.    0.
  19 1971  162 18615.  21.2 30.1 2.104 1.    0.
  19 1971  163 18587.  21.2 30.0 2.110 1.    1.
  19 1971  164 18559.  21.2 29.9 2.116 1.   10.
  19 1971  165 18530.  21.2 29.9 2.122 1.    6.
  19 1971  166 18502.  21.2 29.8 2.128 1.    3.
  19 1971  167 18470.  21.2 29.8 2.128 1.   65.
  19 1971  168 18438.  21.2 29.7 2.127 1.    0.
  19 1971  169 18406.  21.2 29.7 2.127 1.    1.
  19 1971  170 18374.  21.2 29.6 2.126 1.    6.
  19 1971  171 18342.  21.2 29.6 2.126 1.   13.
  19 1971  172 18309.  21.2 29.5 2.125 1.   21.
  19 1971  173 18277.  21.2 29.5 2.125 1.    5.
  19 1971  174 18245.  21.2 29.4 2.125 1.    4.
  19 1971  175 18213.  21.2 29.4 2.124 1.   23.
  19 1971  176 18181.  21.2 29.3 2.124 1.    0.
  19 1971  177 18149.  21.2 29.3 2.123 1.    8.
  19 1971  178 18117.  21.2 29.2 2.123 1.    0.
  19 1971  179 18085.  21.2 29.2 2.122 1.   18.
  19 1971  180 18053.  21.2 29.1 2.122 1.    0.
  19 1971  181 18021.  21.2 29.1 2.122 1.    0.
  19 1971  182 17988.  21.2 29.1 2.121 1.    1.
  19 1971  183 17956.  21.2 29.0 2.121 1.   10.
  19 1971  184 17924.  21.2 29.0 2.120 1.    0.
  19 1971  185 17892.  21.2 28.9 2.120 1.   61.
  19 1971  186 17860.  21.2 28.9 2.119 1.    0.
  19 1971  187 17828.  21.2 28.8 2.119 1.    0.
  19 1971  188 17796.  21.2 28.8 2.118 1.    3.
  19 1971  189 17764.  21.2 28.7 2.118 1.    0.
  19 1971  190 17732.  21.2 28.7 2.118 1.    0.
  19 1971  191 17700.  21.2 28.6 2.117 1.    0.
  19 1971  192 17667.  21.2 28.6 2.117 1.    5.
  19 1971  193 17635.  21.2 28.5 2.116 1.    0.
  19 1971  194 17603.  21.2 28.5 2.116 1.    2.
  19 1971  195 17571.  21.2 28.4 2.115 1.    0.
  19 1971  196 17539.  21.2 28.4 2.115 1.    0.
  19 1971  197 17407.  21.2 28.4 2.117 1.    0.
  19 1971  198 17274.  21.2 28.3 2.119 1.   14.
  19 1971  199 17142.  21.2 28.3 2.121 1.    1.
  19 1971  200 17010.  21.2 28.2 2.122 1.    0.
  19 1971  201 16877.  21.2 28.2 2.124 1.    4.
  19 1971  202 16745.  21.2 28.2 2.126 1.    0.
  19 1971  203 16613.  21.2 28.1 2.128 1.    0.
  19 1971  204 16480.  21.2 28.1 2.130 1.    0.
  19 1971  205 16348.  21.2 28.1 2.132 1.    4.
  19 1971  206 16216.  21.2 28.0 2.134 1.   17.
  19 1971  207 16083.  21.2 28.0 2.136 1.    1.
  19 1971  208 15951.  21.2 27.9 2.137 1.   33.
  19 1971  209 15819.  21.2 27.9 2.139 1.   45.
  19 1971  210 15686.  21.2 27.9 2.141 1.    0.
  19 1971  211 15554.  21.2 27.8 2.143 1.    5.
  19 1971  212 15422.  21.1 27.8 2.145 1.    0.
  19 1971  213 15290.  21.1 27.7 2.147 1.    3.
  19 1971  214 15157.  21.1 27.7 2.149 1.    0.
  19 1971  215 15025.  21.1 27.7 2.151 1.    7.
  19 1971  216 14893.  21.1 27.6 2.152 1.    0.
  19 1971  217 14760.  21.1 27.6 2.154 1.   14.
  19 1971  218 14628.  21.1 27.5 2.156 1.    4.
  19 1971  219 14496.  21.1 27.5 2.158 1.    0.
  19 1971  220 14363.  21.1 27.5 2.160 1.    6.
  19 1971  221 14231.  21.1 27.4 2.162 1.    0.
  19 1971  222 14099.  21.1 27.4 2.164 1.    5.
  19 1971  223 13966.  21.1 27.4 2.166 1.    0.
  19 1971  224 13834.  21.1 27.3 2.167 1.    0.
  19 1971  225 13702.  21.1 27.3 2.169 1.   24.
  19 1971  226 13569.  21.1 27.2 2.171 1.    5.
  19 1971  227 13437.  21.1 27.2 2.173 1.    0.
  19 1971  228 13467.  21.1 27.3 2.172 1.    1.
  19 1971  229 13496.  21.1 27.3 2.172 1.    2.
  19 1971  230 13526.  21.1 27.4 2.171 1.   37.
  19 1971  231 13556.  21.2 27.5 2.170 1.    0.
  19 1971  232 13586.  21.2 27.5 2.169 1.   14.
  19 1971  233 13615.  21.2 27.6 2.169 1.    6.
  19 1971  234 13645.  21.2 27.7 2.168 1.   14.
  19 1971  235 13675.  21.2 27.7 2.167 1.   27.
  19 1971  236 13704.  21.2 27.8 2.167 1.    0.
  19 1971  237 13734.  21.3 27.8 2.166 1.    2.
  19 1971  238 13764.  21.3 27.9 2.165 1.    0.
  19 1971  239 13794.  21.3 28.0 2.164 1.    0.
  19 1971  240 13823.  21.3 28.0 2.164 1.    3.
  19 1971  241 13853.  21.3 28.1 2.163 1.    3.
  19 1971  242 13883.  21.3 28.2 2.162 1.    2.
  19 1971  243 13912.  21.4 28.2 2.162 1.    0.
  19 1971  244 13942.  21.4 28.3 2.161 1.   17.
  19 1971  245 13972.  21.4 28.4 2.160 1.   12.
  19 1971  246 14001.  21.4 28.4 2.160 1.   12.
  19 1971  247 14031.  21.4 28.5 2.159 1.    1.
  19 1971  248 14061.  21.4 28.6 2.158 1.   15.
  19 1971  249 14091.  21.5 28.6 2.157 1.    0.
  19 1971  250 14120.  21.5 28.7 2.157 1.    9.
  19 1971  251 14150.  21.5 28.7 2.156 1.    0.
  19 1971  252 14180.  21.5 28.8 2.155 1.    0.
  19 1971  253 14209.  21.5 28.9 2.155 1.    0.
  19 1971  254 14239.  21.5 28.9 2.154 1.   11.
  19 1971  255 14269.  21.6 29.0 2.153 1.    0.
  19 1971  256 14299.  21.6 29.1 2.152 1.    0.
  19 1971  257 14328.  21.6 29.1 2.152 1.   21.
  19 1971  258 14358.  21.6 29.2 2.151 1.    5.
  19 1971  259 14421.  21.6 29.2 2.150 1.    2.
  19 1971  260 14484.  21.6 29.3 2.150 1.    4.
  19 1971  261 14546.  21.6 29.3 2.149 1.    6.
  19 1971  262 14609.  21.6 29.4 2.148 1.   15.
  19 1971  263 14672.  21.6 29.4 2.148 1.   11.
  19 1971  264 14735.  21.6 29.5 2.147 1.    0.
  19 1971  265 14798.  21.6 29.5 2.146 1.    0.
  19 1971  266 14860.  21.6 29.6 2.146 1.   30.
  19 1971  267 14923.  21.6 29.6 2.145 1.    0.
  19 1971  268 14986.  21.6 29.7 2.144 1.    0.
  19 1971  269 15049.  21.6 29.7 2.144 1.    0.
  19 1971  270 15112.  21.6 29.8 2.143 1.    2.
  19 1971  271 15174.  21.6 29.8 2.142 1.   16.
  19 1971  272 15237.  21.6 29.9 2.142 1.    0.
  19 1971  273 15300.  21.6 29.9 2.141 1.   15.
  19 1971  274 15363.  21.7 29.9 2.140 1.    0.
  19 1971  275 15426.  21.7 30.0 2.140 1.   16.
  19 1971  276 15488.  21.7 30.0 2.139 1.    1.
  19 1971  277 15551.  21.7 30.1 2.138 1.    0.
  19 1971  278 15614.  21.7 30.1 2.138 1.    2.
  19 1971  279 15677.  21.7 30.2 2.137 1.    1.
  19 1971  280 15740.  21.7 30.2 2.136 1.    0.
  19 1971  281 15802.  21.7 30.3 2.136 1.    0.
  19 1971  282 15865.  21.7 30.3 2.135 1.    0.
  19 1971  283 15928.  21.7 30.4 2.134 1.    0.
  19 1971  284 15991.  21.7 30.4 2.134 1.    0.
  19 1971  285 16054.  21.7 30.5 2.133 1.    4.
  19 1971  286 16116.  21.7 30.5 2.132 1.    0.
  19 1971  287 16179.  21.7 30.6 2.132 1.    0.
  19 1971  288 16242.  21.7 30.6 2.131 1.    0.
  19 1971  289 16265.  21.7 30.6 2.127 1.   11.
  19 1971  290 16288.  21.7 30.7 2.122 1.   10.
  19 1971  291 16311.  21.7 30.7 2.118 1.    1.
  19 1971  292 16334.  21.6 30.7 2.114 1.   30.
  19 1971  293 16357.  21.6 30.8 2.109 1.    0.
  19 1971  294 16380.  21.6 30.8 2.105 1.    0.
  19 1971  295 16403.  21.6 30.8 2.101 1.   26.
  19 1971  296 16425.  21.6 30.9 2.096 1.    0.
  19 1971  297 16448.  21.6 30.9 2.092 1.    5.
  19 1971  298 16471.  21.6 31.0 2.087 1.    0.
  19 1971  299 16494.  21.6 31.0 2.083 1.    0.
  19 1971  300 16517.  21.5 31.0 2.079 1.    0.
  19 1971  301 16540.  21.5 31.1 2.074 1.    1.
  19 1971  302 16563.  21.5 31.1 2.070 1.    5.
  19 1971  303 16586.  21.5 31.1 2.066 1.    0.
  19 1971  304 16609.  21.5 31.2 2.061 1.    0.
  19 1971  305 16632.  21.5 31.2 2.057 1.    0.
  19 1971  306 16655.  21.5 31.2 2.053 1.    0.
  19 1971  307 16678.  21.5 31.3 2.048 1.    0.
  19 1971  308 16701.  21.4 31.3 2.044 1.    0.
  19 1971  309 16724.  21.4 31.3 2.040 1.    3.
  19 1971  310 16747.  21.4 31.4 2.035 1.    0.
  19 1971  311 16770.  21.4 31.4 2.031 1.    0.
  19 1971  312 16792.  21.4 31.5 2.026 1.    0.
  19 1971  313 16815.  21.4 31.5 2.022 1.   14.
  19 1971  314 16838.  21.4 31.5 2.018 1.    0.
  19 1971  315 16861.  21.4 31.6 2.013 1.    0.
  19 1971  316 16884.  21.3 31.6 2.009 1.    0.
  19 1971  317 16907.  21.3 31.6 2.005 1.    0.
  19 1971  318 16930.  21.3 31.7 2.000 1.   39.
  19 1971  319 16953.  21.3 31.7 1.996 1.    0.
  19 1971  320 16882.  21.2 31.7 1.989 1.    0.
  19 1971  321 16811.  21.1 31.6 1.983 1.   16.
  19 1971  322 16740.  21.1 31.6 1.976 1.    7.
  19 1971  323 16668.  21.0 31.6 1.969 1.    2.
  19 1971  324 16597.  20.9 31.6 1.963 1.    0.
  19 1971  325 16526.  20.8 31.5 1.956 1.    0.
  19 1971  326 16455.  20.7 31.5 1.950 1.    0.
  19 1971  327 16384.  20.7 31.5 1.943 1.    0.
  19 1971  328 16313.  20.6 31.4 1.936 1.    0.
  19 1971  329 16241.  20.5 31.4 1.930 1.    0.
  19 1971  330 16170.  20.4 31.4 1.923 1.    0.
  19 1971  331 16099.  20.3 31.3 1.916 1.    0.
  19 1971  332 16028.  20.3 31.3 1.910 1.    0.
  19 1971  333 15957.  20.2 31.3 1.903 1.    0.
  19 1971  334 15886.  20.1 31.3 1.896 1.    0.
  19 1971  335 15814.  20.0 31.2 1.890 1.    0.
  19 1971  336 15743.  19.9 31.2 1.883 1.    0.
  19 1971  337 15672.  19.9 31.2 1.877 1.    0.
  19 1971  338 15601.  19.8 31.1 1.870 1.    0.
  19 1971  339 15530.  19.7 31.1 1.863 1.    0.
  19 1971  340 15459.  19.6 31.1 1.857 1.    0.
  19 1971  341 15387.  19.5 31.0 1.850 1.    0.
  19 1971  342 15316.  19.5 31.0 1.843 1.    0.
  19 1971  343 15245.  19.4 31.0 1.837 1.    0.
  19 1971  344 15174.  19.3 30.9 1.830 1.    0.
  19 1971  345 15103.  19.2 30.9 1.824 1.    0.
  19 1971  346 15032.  19.1 30.9 1.817 1.    0.
  19 1971  347 14960.  19.1 30.9 1.810 1.    0.
  19 1971  348 14889.  19.0 30.8 1.804 1.   14.
  19 1971  349 14818.  18.9 30.8 1.797 1.    0.
  19 1971  350 14793.  18.9 30.8 1.802 1.    0.
  19 1971  351 14768.  18.9 30.8 1.807 1.    0.
  19 1971  352 14743.  18.9 30.9 1.813 1.    1.
  19 1971  353 14719.  19.0 30.9 1.818 1.    0.
  19 1971  354 14694.  19.0 30.9 1.823 1.    0.
  19 1971  355 14669.  19.0 31.0 1.828 1.    0.
  19 1971  356 14644.  19.0 31.0 1.833 1.    0.
  19 1971  357 14619.  19.0 31.0 1.839 1.    0.
  19 1971  358 14594.  19.0 31.0 1.844 1.   19.
  19 1971  359 14570.  19.1 31.0 1.849 1.    0.
  19 1971  360 14545.  19.1 31.1 1.854 1.    4.
  19 1971  361 14520.  19.1 31.1 1.859 1.    0.
  19 1971  362 14495.  19.1 31.1 1.864 1.    0.
  19 1971  363 14470.  19.1 31.2 1.870 1.    0.
  19 1971  364 14445.  19.1 31.2 1.875 1.    0.
  19 1971  365 14421.  19.1 31.2 1.880 1.    0.
