*---------------------------------------------------------*
*   Country: Ghana
*   Station: Tafo
*      Year: 1988
*    Author: W. Gerritsma
*    Source: Cocoa Research Institute,
*            Annual Report 1988/89 (1991)
* Longitude: 000 22 W
*  Latitude: 06 15 N
* Elevation: 200 m.
*  WMO-code: -
*  Comments: Cocoa Research Institute Ghana
*            interpolated daily vales
*  Columns:
*  ========
*  station number
*  year
*  day
*  global radiation
*  minimum temperature (degrees Celsius)
*  maximum temperature (degrees Celsius)
*  vapour pressure (kPa)
*  mean wind speed (m s-1)
*  precipitation.rainy days (mm d-1.d)
*---------------------------------------------------------*
 359.63 6.25 200.0 0.0 0.0
  19 1988    1 14740.  19.5 32.2 1.826 1.    0.
  19 1988    2 14603.  19.4 32.3 1.819 1.    0.
  19 1988    3 14467.  19.4 32.4 1.812 1.    0.
  19 1988    4 14332.  19.4 32.4 1.805 1.    0.
  19 1988    5 14197.  19.4 32.5 1.798 1.    0.
  19 1988    6 14063.  19.4 32.6 1.791 1.    0.
  19 1988    7 13929.  19.4 32.7 1.784 1.    0.
  19 1988    8 13796.  19.4 32.8 1.777 1.    0.
  19 1988    9 13663.  19.4 32.8 1.770 1.    0.
  19 1988   10 13531.  19.4 32.9 1.763 1.    0.
  19 1988   11 13399.  19.4 33.0 1.755 1.    0.
  19 1988   12 13267.  19.4 33.1 1.748 1.    0.
  19 1988   13 13136.  19.4 33.1 1.741 1.    0.
  19 1988   14 13005.  19.4 33.2 1.734 1.    2.
  19 1988   15 12873.  19.4 33.3 1.727 1.    0.
  19 1988   16 12989.  19.5 33.3 1.738 1.    0.
  19 1988   17 13105.  19.6 33.3 1.749 1.    0.
  19 1988   18 13222.  19.6 33.3 1.760 1.    0.
  19 1988   19 13340.  19.7 33.3 1.772 1.    0.
  19 1988   20 13458.  19.8 33.3 1.783 1.    0.
  19 1988   21 13578.  19.9 33.4 1.794 1.    0.
  19 1988   22 13698.  20.0 33.4 1.805 1.    0.
  19 1988   23 13818.  20.1 33.4 1.816 1.    0.
  19 1988   24 13940.  20.1 33.4 1.827 1.    0.
  19 1988   25 14062.  20.2 33.4 1.839 1.    0.
  19 1988   26 14185.  20.3 33.4 1.850 1.    0.
  19 1988   27 14309.  20.4 33.4 1.861 1.    0.
  19 1988   28 14433.  20.5 33.4 1.872 1.    0.
  19 1988   29 14558.  20.6 33.4 1.883 1.    0.
  19 1988   30 14683.  20.6 33.5 1.895 1.   11.
  19 1988   31 14809.  20.7 33.5 1.906 1.    0.
  19 1988   32 14935.  20.8 33.5 1.917 1.   31.
  19 1988   33 15062.  20.9 33.5 1.928 1.    0.
  19 1988   34 15189.  21.0 33.5 1.939 1.    0.
  19 1988   35 15317.  21.1 33.5 1.950 1.    0.
  19 1988   36 15445.  21.1 33.5 1.962 1.    0.
  19 1988   37 15573.  21.2 33.5 1.973 1.    0.
  19 1988   38 15702.  21.3 33.5 1.984 1.    0.
  19 1988   39 15831.  21.4 33.5 1.995 1.    0.
  19 1988   40 15960.  21.5 33.5 2.006 1.    0.
  19 1988   41 16090.  21.6 33.6 2.017 1.    0.
  19 1988   42 16220.  21.6 33.6 2.029 1.    0.
  19 1988   43 16350.  21.7 33.6 2.040 1.    0.
  19 1988   44 16480.  21.8 33.6 2.051 1.    0.
  19 1988   45 16610.  21.9 33.6 2.062 1.    0.
  19 1988   46 16640.  21.9 33.6 2.064 1.    0.
  19 1988   47 16669.  21.9 33.6 2.067 1.    5.
  19 1988   48 16698.  21.9 33.6 2.069 1.    0.
  19 1988   49 16727.  21.9 33.5 2.072 1.    0.
  19 1988   50 16756.  21.9 33.5 2.074 1.    0.
  19 1988   51 16784.  21.9 33.5 2.077 1.    0.
  19 1988   52 16812.  21.9 33.5 2.079 1.    0.
  19 1988   53 16839.  22.0 33.5 2.082 1.   10.
  19 1988   54 16866.  22.0 33.5 2.084 1.    4.
  19 1988   55 16892.  22.0 33.5 2.087 1.    0.
  19 1988   56 16917.  22.0 33.5 2.089 1.    0.
  19 1988   57 16943.  22.0 33.4 2.092 1.    0.
  19 1988   58 16967.  22.0 33.4 2.094 1.    0.
  19 1988   59 16991.  22.0 33.4 2.097 1.    0.
  19 1988   60 17014.  22.0 33.4 2.099 1.    0.
  19 1988   61 17037.  22.0 33.4 2.101 1.    0.
  19 1988   62 17059.  22.0 33.4 2.104 1.    1.
  19 1988   63 17080.  22.0 33.4 2.106 1.   11.
  19 1988   64 17101.  22.0 33.3 2.109 1.    0.
  19 1988   65 17121.  22.0 33.3 2.111 1.    2.
  19 1988   66 17140.  22.0 33.3 2.114 1.    3.
  19 1988   67 17159.  22.0 33.3 2.116 1.    1.
  19 1988   68 17176.  22.1 33.3 2.119 1.    3.
  19 1988   69 17193.  22.1 33.3 2.121 1.    1.
  19 1988   70 17209.  22.1 33.3 2.124 1.    4.
  19 1988   71 17225.  22.1 33.3 2.126 1.   17.
  19 1988   72 17239.  22.1 33.2 2.129 1.   10.
  19 1988   73 17253.  22.1 33.2 2.131 1.    0.
  19 1988   74 17266.  22.1 33.2 2.134 1.    0.
  19 1988   75 17278.  22.1 33.2 2.136 1.    0.
  19 1988   76 17329.  22.1 33.2 2.136 1.    0.
  19 1988   77 17379.  22.1 33.2 2.136 1.    0.
  19 1988   78 17428.  22.1 33.2 2.135 1.    1.
  19 1988   79 17477.  22.1 33.2 2.135 1.    2.
  19 1988   80 17524.  22.1 33.2 2.135 1.    5.
  19 1988   81 17571.  22.1 33.3 2.135 1.    0.
  19 1988   82 17617.  22.1 33.3 2.135 1.   29.
  19 1988   83 17662.  22.1 33.3 2.134 1.    1.
  19 1988   84 17706.  22.1 33.3 2.134 1.    9.
  19 1988   85 17749.  22.1 33.3 2.134 1.    0.
  19 1988   86 17791.  22.1 33.3 2.134 1.    1.
  19 1988   87 17833.  22.1 33.3 2.134 1.    1.
  19 1988   88 17873.  22.1 33.3 2.133 1.    0.
  19 1988   89 17913.  22.1 33.3 2.133 1.    4.
  19 1988   90 17952.  22.1 33.3 2.133 1.    4.
  19 1988   91 17990.  22.2 33.4 2.133 1.   17.
  19 1988   92 18027.  22.2 33.4 2.133 1.    0.
  19 1988   93 18063.  22.2 33.4 2.133 1.    0.
  19 1988   94 18098.  22.2 33.4 2.132 1.   16.
  19 1988   95 18133.  22.2 33.4 2.132 1.    0.
  19 1988   96 18166.  22.2 33.4 2.132 1.    0.
  19 1988   97 18199.  22.2 33.4 2.132 1.    0.
  19 1988   98 18231.  22.2 33.4 2.132 1.    0.
  19 1988   99 18262.  22.2 33.4 2.131 1.   15.
  19 1988  100 18292.  22.2 33.4 2.131 1.    0.
  19 1988  101 18321.  22.2 33.5 2.131 1.    2.
  19 1988  102 18350.  22.2 33.5 2.131 1.    0.
  19 1988  103 18378.  22.2 33.5 2.131 1.   16.
  19 1988  104 18405.  22.2 33.5 2.130 1.   23.
  19 1988  105 18431.  22.2 33.5 2.130 1.    0.
  19 1988  106 18456.  22.2 33.5 2.130 1.    0.
  19 1988  107 18526.  22.2 33.5 2.131 1.   37.
  19 1988  108 18594.  22.2 33.4 2.131 1.    0.
  19 1988  109 18662.  22.2 33.4 2.132 1.    0.
  19 1988  110 18729.  22.2 33.3 2.133 1.   14.
  19 1988  111 18795.  22.2 33.3 2.134 1.    0.
  19 1988  112 18861.  22.2 33.2 2.134 1.    0.
  19 1988  113 18926.  22.2 33.2 2.135 1.   23.
  19 1988  114 18990.  22.1 33.2 2.136 1.    0.
  19 1988  115 19053.  22.1 33.1 2.137 1.    0.
  19 1988  116 19116.  22.1 33.1 2.137 1.    0.
  19 1988  117 19178.  22.1 33.0 2.138 1.    0.
  19 1988  118 19239.  22.1 33.0 2.139 1.    8.
  19 1988  119 19300.  22.1 32.9 2.140 1.    0.
  19 1988  120 19360.  22.1 32.9 2.140 1.   15.
  19 1988  121 19419.  22.1 32.9 2.141 1.    0.
  19 1988  122 19478.  22.1 32.8 2.142 1.    0.
  19 1988  123 19537.  22.1 32.8 2.142 1.    0.
  19 1988  124 19595.  22.1 32.7 2.143 1.    0.
  19 1988  125 19652.  22.1 32.7 2.144 1.   18.
  19 1988  126 19710.  22.1 32.6 2.145 1.    3.
  19 1988  127 19766.  22.1 32.6 2.145 1.    0.
  19 1988  128 19823.  22.1 32.5 2.146 1.    0.
  19 1988  129 19879.  22.0 32.5 2.147 1.    0.
  19 1988  130 19935.  22.0 32.5 2.148 1.    0.
  19 1988  131 19990.  22.0 32.4 2.148 1.   92.
  19 1988  132 20045.  22.0 32.4 2.149 1.    0.
  19 1988  133 20100.  22.0 32.3 2.150 1.    0.
  19 1988  134 20155.  22.0 32.3 2.151 1.    0.
  19 1988  135 20210.  22.0 32.2 2.151 1.   19.
  19 1988  136 20264.  22.0 32.2 2.152 1.    0.
  19 1988  137 20132.  22.0 32.1 2.151 1.    0.
  19 1988  138 19999.  21.9 32.1 2.149 1.    0.
  19 1988  139 19868.  21.9 32.0 2.148 1.    0.
  19 1988  140 19737.  21.9 31.9 2.146 1.    1.
  19 1988  141 19606.  21.9 31.8 2.145 1.    0.
  19 1988  142 19476.  21.8 31.8 2.144 1.    0.
  19 1988  143 19347.  21.8 31.7 2.142 1.    0.
  19 1988  144 19218.  21.8 31.6 2.141 1.    6.
  19 1988  145 19090.  21.7 31.6 2.140 1.   12.
  19 1988  146 18962.  21.7 31.5 2.138 1.    0.
  19 1988  147 18836.  21.7 31.4 2.137 1.   13.
  19 1988  148 18710.  21.7 31.3 2.135 1.    3.
  19 1988  149 18584.  21.6 31.3 2.134 1.    0.
  19 1988  150 18460.  21.6 31.2 2.133 1.   10.
  19 1988  151 18336.  21.6 31.1 2.131 1.    3.
  19 1988  152 18213.  21.5 31.1 2.130 1.    0.
  19 1988  153 18091.  21.5 31.0 2.128 1.    5.
  19 1988  154 17969.  21.5 30.9 2.127 1.   41.
  19 1988  155 17849.  21.4 30.9 2.126 1.    8.
  19 1988  156 17729.  21.4 30.8 2.124 1.    9.
  19 1988  157 17610.  21.4 30.7 2.123 1.    0.
  19 1988  158 17492.  21.4 30.6 2.121 1.    0.
  19 1988  159 17375.  21.3 30.6 2.120 1.    0.
  19 1988  160 17258.  21.3 30.5 2.119 1.   11.
  19 1988  161 17142.  21.3 30.4 2.117 1.   10.
  19 1988  162 17027.  21.2 30.4 2.116 1.    0.
  19 1988  163 16913.  21.2 30.3 2.115 1.    0.
  19 1988  164 16800.  21.2 30.2 2.113 1.    0.
  19 1988  165 16688.  21.2 30.1 2.112 1.    2.
  19 1988  166 16576.  21.1 30.1 2.110 1.    0.
  19 1988  167 16465.  21.1 30.0 2.109 1.    0.
  19 1988  168 16406.  21.1 30.0 2.110 1.    2.
  19 1988  169 16348.  21.1 29.9 2.112 1.    1.
  19 1988  170 16290.  21.1 29.9 2.113 1.    1.
  19 1988  171 16233.  21.1 29.8 2.114 1.    0.
  19 1988  172 16177.  21.1 29.8 2.116 1.    0.
  19 1988  173 16121.  21.1 29.7 2.117 1.    0.
  19 1988  174 16067.  21.1 29.7 2.118 1.   10.
  19 1988  175 16013.  21.1 29.6 2.120 1.    0.
  19 1988  176 15959.  21.1 29.6 2.121 1.    6.
  19 1988  177 15907.  21.1 29.5 2.122 1.    5.
  19 1988  178 15855.  21.1 29.5 2.124 1.    4.
  19 1988  179 15803.  21.1 29.4 2.125 1.    0.
  19 1988  180 15753.  21.1 29.4 2.126 1.    0.
  19 1988  181 15703.  21.1 29.3 2.128 1.    5.
  19 1988  182 15653.  21.1 29.3 2.129 1.    0.
  19 1988  183 15604.  21.1 29.3 2.130 1.    2.
  19 1988  184 15556.  21.1 29.2 2.132 1.    6.
  19 1988  185 15509.  21.1 29.2 2.133 1.   27.
  19 1988  186 15461.  21.1 29.1 2.134 1.    3.
  19 1988  187 15415.  21.1 29.1 2.136 1.    0.
  19 1988  188 15369.  21.1 29.0 2.137 1.    0.
  19 1988  189 15323.  21.1 29.0 2.138 1.    0.
  19 1988  190 15278.  21.1 28.9 2.140 1.    0.
  19 1988  191 15234.  21.1 28.9 2.141 1.   10.
  19 1988  192 15189.  21.1 28.8 2.142 1.    9.
  19 1988  193 15146.  21.1 28.8 2.144 1.    0.
  19 1988  194 15102.  21.1 28.7 2.145 1.    0.
  19 1988  195 15059.  21.1 28.7 2.146 1.    0.
  19 1988  196 15016.  21.1 28.6 2.148 1.   70.
  19 1988  197 14974.  21.1 28.6 2.149 1.    0.
  19 1988  198 14958.  21.1 28.6 2.149 1.    0.
  19 1988  199 14943.  21.1 28.6 2.150 1.   33.
  19 1988  200 14927.  21.1 28.6 2.150 1.    0.
  19 1988  201 14913.  21.1 28.6 2.151 1.   12.
  19 1988  202 14898.  21.1 28.6 2.151 1.    0.
  19 1988  203 14883.  21.1 28.5 2.151 1.    0.
  19 1988  204 14869.  21.1 28.5 2.152 1.    0.
  19 1988  205 14855.  21.1 28.5 2.152 1.    4.
  19 1988  206 14841.  21.1 28.5 2.152 1.    2.
  19 1988  207 14827.  21.1 28.5 2.153 1.    0.
  19 1988  208 14814.  21.1 28.5 2.153 1.    9.
  19 1988  209 14800.  21.1 28.5 2.154 1.    1.
  19 1988  210 14786.  21.1 28.5 2.154 1.    1.
  19 1988  211 14773.  21.1 28.5 2.154 1.    0.
  19 1988  212 14759.  21.1 28.5 2.155 1.    0.
  19 1988  213 14746.  21.1 28.4 2.155 1.   44.
  19 1988  214 14732.  21.1 28.4 2.156 1.    7.
  19 1988  215 14718.  21.1 28.4 2.156 1.    2.
  19 1988  216 14704.  21.1 28.4 2.156 1.    0.
  19 1988  217 14690.  21.1 28.4 2.157 1.    0.
  19 1988  218 14676.  21.1 28.4 2.157 1.    0.
  19 1988  219 14662.  21.1 28.4 2.158 1.    0.
  19 1988  220 14648.  21.1 28.4 2.158 1.    0.
  19 1988  221 14633.  21.1 28.4 2.158 1.    3.
  19 1988  222 14618.  21.1 28.4 2.159 1.    0.
  19 1988  223 14603.  21.1 28.3 2.159 1.    0.
  19 1988  224 14588.  21.1 28.3 2.159 1.    0.
  19 1988  225 14572.  21.1 28.3 2.160 1.    0.
  19 1988  226 14556.  21.1 28.3 2.160 1.    8.
  19 1988  227 14540.  21.1 28.3 2.161 1.    4.
  19 1988  228 14524.  21.1 28.3 2.161 1.    0.
  19 1988  229 14565.  21.1 28.3 2.162 1.    4.
  19 1988  230 14606.  21.1 28.4 2.163 1.    6.
  19 1988  231 14646.  21.2 28.4 2.164 1.    0.
  19 1988  232 14686.  21.2 28.4 2.165 1.    1.
  19 1988  233 14726.  21.2 28.4 2.166 1.    3.
  19 1988  234 14766.  21.2 28.5 2.167 1.    2.
  19 1988  235 14805.  21.2 28.5 2.168 1.    0.
  19 1988  236 14844.  21.3 28.5 2.169 1.    1.
  19 1988  237 14883.  21.3 28.6 2.170 1.    8.
  19 1988  238 14921.  21.3 28.6 2.171 1.    0.
  19 1988  239 14959.  21.3 28.6 2.172 1.    2.
  19 1988  240 14996.  21.3 28.6 2.173 1.    0.
  19 1988  241 15033.  21.4 28.7 2.174 1.    0.
  19 1988  242 15069.  21.4 28.7 2.175 1.    0.
  19 1988  243 15105.  21.4 28.7 2.176 1.    0.
  19 1988  244 15140.  21.4 28.8 2.178 1.    0.
  19 1988  245 15175.  21.4 28.8 2.179 1.   25.
  19 1988  246 15209.  21.4 28.8 2.180 1.   11.
  19 1988  247 15243.  21.5 28.9 2.181 1.    0.
  19 1988  248 15276.  21.5 28.9 2.182 1.    0.
  19 1988  249 15308.  21.5 28.9 2.183 1.    1.
  19 1988  250 15340.  21.5 28.9 2.184 1.   29.
  19 1988  251 15371.  21.5 29.0 2.185 1.    0.
  19 1988  252 15402.  21.6 29.0 2.186 1.    0.
  19 1988  253 15432.  21.6 29.0 2.187 1.    0.
  19 1988  254 15461.  21.6 29.1 2.188 1.    0.
  19 1988  255 15490.  21.6 29.1 2.189 1.    1.
  19 1988  256 15518.  21.6 29.1 2.190 1.   12.
  19 1988  257 15545.  21.7 29.1 2.191 1.    7.
  19 1988  258 15572.  21.7 29.2 2.192 1.    0.
  19 1988  259 15598.  21.7 29.2 2.193 1.    0.
  19 1988  260 15691.  21.7 29.3 2.189 1.    6.
  19 1988  261 15783.  21.7 29.3 2.186 1.    4.
  19 1988  262 15875.  21.7 29.4 2.182 1.    0.
  19 1988  263 15966.  21.7 29.4 2.179 1.   16.
  19 1988  264 16056.  21.7 29.5 2.175 1.    0.
  19 1988  265 16145.  21.6 29.5 2.172 1.    2.
  19 1988  266 16234.  21.6 29.6 2.168 1.   19.
  19 1988  267 16321.  21.6 29.6 2.165 1.    0.
  19 1988  268 16408.  21.6 29.7 2.161 1.    7.
  19 1988  269 16495.  21.6 29.7 2.158 1.    0.
  19 1988  270 16580.  21.6 29.8 2.154 1.    1.
  19 1988  271 16665.  21.6 29.8 2.151 1.    0.
  19 1988  272 16748.  21.6 29.9 2.147 1.    0.
  19 1988  273 16831.  21.6 29.9 2.144 1.    0.
  19 1988  274 16913.  21.6 30.0 2.140 1.    0.
  19 1988  275 16994.  21.5 30.0 2.136 1.    0.
  19 1988  276 17075.  21.5 30.1 2.133 1.    0.
  19 1988  277 17154.  21.5 30.1 2.129 1.    0.
  19 1988  278 17233.  21.5 30.2 2.126 1.    0.
  19 1988  279 17310.  21.5 30.2 2.122 1.   11.
  19 1988  280 17387.  21.5 30.3 2.119 1.    0.
  19 1988  281 17463.  21.5 30.3 2.115 1.    0.
  19 1988  282 17539.  21.5 30.4 2.112 1.   22.
  19 1988  283 17613.  21.5 30.4 2.108 1.    0.
  19 1988  284 17687.  21.5 30.5 2.105 1.    0.
  19 1988  285 17759.  21.4 30.5 2.101 1.    0.
  19 1988  286 17831.  21.4 30.6 2.098 1.    1.
  19 1988  287 17902.  21.4 30.6 2.094 1.    0.
  19 1988  288 17972.  21.4 30.7 2.091 1.    0.
  19 1988  289 18042.  21.4 30.7 2.087 1.    0.
  19 1988  290 18078.  21.4 30.7 2.081 1.    1.
  19 1988  291 18113.  21.3 30.8 2.076 1.   17.
  19 1988  292 18148.  21.3 30.8 2.070 1.   21.
  19 1988  293 18182.  21.3 30.8 2.065 1.    0.
  19 1988  294 18215.  21.3 30.8 2.059 1.    0.
  19 1988  295 18248.  21.2 30.9 2.054 1.    0.
  19 1988  296 18280.  21.2 30.9 2.048 1.    0.
  19 1988  297 18311.  21.2 30.9 2.042 1.    2.
  19 1988  298 18342.  21.2 30.9 2.037 1.   10.
  19 1988  299 18373.  21.1 31.0 2.031 1.    0.
  19 1988  300 18403.  21.1 31.0 2.026 1.    0.
  19 1988  301 18433.  21.1 31.0 2.020 1.   19.
  19 1988  302 18462.  21.1 31.0 2.014 1.   41.
  19 1988  303 18491.  21.0 31.1 2.009 1.   53.
  19 1988  304 18519.  21.0 31.1 2.003 1.    0.
  19 1988  305 18547.  21.0 31.1 1.998 1.    1.
  19 1988  306 18575.  21.0 31.1 1.992 1.    0.
  19 1988  307 18603.  20.9 31.2 1.987 1.    0.
  19 1988  308 18630.  20.9 31.2 1.981 1.    0.
  19 1988  309 18657.  20.9 31.2 1.975 1.    0.
  19 1988  310 18684.  20.9 31.2 1.970 1.    0.
  19 1988  311 18711.  20.8 31.3 1.964 1.    0.
  19 1988  312 18738.  20.8 31.3 1.959 1.    0.
  19 1988  313 18765.  20.8 31.3 1.953 1.    0.
  19 1988  314 18792.  20.8 31.3 1.947 1.   17.
  19 1988  315 18818.  20.7 31.4 1.942 1.    0.
  19 1988  316 18845.  20.7 31.4 1.936 1.    0.
  19 1988  317 18872.  20.7 31.4 1.931 1.    0.
  19 1988  318 18899.  20.7 31.4 1.925 1.    0.
  19 1988  319 18927.  20.6 31.5 1.920 1.    0.
  19 1988  320 18954.  20.6 31.5 1.914 1.    0.
  19 1988  321 18868.  20.6 31.5 1.914 1.    0.
  19 1988  322 18782.  20.5 31.5 1.915 1.    0.
  19 1988  323 18697.  20.5 31.5 1.915 1.    0.
  19 1988  324 18612.  20.5 31.4 1.916 1.    0.
  19 1988  325 18528.  20.4 31.4 1.916 1.    0.
  19 1988  326 18445.  20.4 31.4 1.916 1.    2.
  19 1988  327 18363.  20.3 31.4 1.917 1.    0.
  19 1988  328 18282.  20.3 31.4 1.917 1.    0.
  19 1988  329 18202.  20.3 31.4 1.918 1.    0.
  19 1988  330 18122.  20.2 31.4 1.918 1.    0.
  19 1988  331 18044.  20.2 31.4 1.918 1.    0.
  19 1988  332 17966.  20.2 31.3 1.919 1.    0.
  19 1988  333 17889.  20.1 31.3 1.919 1.   10.
  19 1988  334 17814.  20.1 31.3 1.920 1.    0.
  19 1988  335 17739.  20.0 31.3 1.920 1.    1.
  19 1988  336 17665.  20.0 31.3 1.920 1.    0.
  19 1988  337 17593.  20.0 31.3 1.921 1.    0.
  19 1988  338 17521.  19.9 31.3 1.921 1.    2.
  19 1988  339 17451.  19.9 31.2 1.922 1.    1.
  19 1988  340 17382.  19.9 31.2 1.922 1.    0.
  19 1988  341 17314.  19.8 31.2 1.922 1.    0.
  19 1988  342 17247.  19.8 31.2 1.923 1.    0.
  19 1988  343 17181.  19.8 31.2 1.923 1.    0.
  19 1988  344 17116.  19.7 31.2 1.924 1.    0.
  19 1988  345 17052.  19.7 31.2 1.924 1.    0.
  19 1988  346 16990.  19.6 31.2 1.924 1.   27.
  19 1988  347 16929.  19.6 31.1 1.925 1.    0.
  19 1988  348 16869.  19.6 31.1 1.925 1.    0.
  19 1988  349 16810.  19.5 31.1 1.926 1.    0.
  19 1988  350 16752.  19.5 31.1 1.926 1.    0.
  19 1988  351 16618.  19.5 31.2 1.920 1.    0.
  19 1988  352 16486.  19.5 31.2 1.914 1.    0.
  19 1988  353 16354.  19.5 31.3 1.907 1.    0.
  19 1988  354 16224.  19.5 31.4 1.901 1.    0.
  19 1988  355 16095.  19.5 31.4 1.895 1.    0.
  19 1988  356 15967.  19.5 31.5 1.889 1.    0.
  19 1988  357 15840.  19.5 31.6 1.882 1.    0.
  19 1988  358 15714.  19.5 31.7 1.876 1.    0.
  19 1988  359 15589.  19.5 31.7 1.870 1.    0.
  19 1988  360 15465.  19.5 31.8 1.864 1.    0.
  19 1988  361 15342.  19.5 31.9 1.858 1.    0.
  19 1988  362 15220.  19.5 31.9 1.851 1.    0.
  19 1988  363 15098.  19.5 32.0 1.845 1.    0.
  19 1988  364 14978.  19.5 32.1 1.839 1.    0.
  19 1988  365 14859.  19.5 32.1 1.833 1.    0.
  19 1988  366 14740.  19.5 32.2 1.826 1.    0.
