*---------------------------------------------------------*
*   Country: Ghana
*   Station: Tafo
*      Year: 1973
*    Author: W. Gerritsma
*    Source: Cocoa Research Institute,
*            Annual Report 1973-1974
* Longitude: 000 22 W
*  Latitude: 06 15 N
* Elevation: 200 m.
*  WMO-code: -
*  Comments: Cocoa Research Institute Ghana
*            Interpolated daily values
*  Columns:
*  ========
*  station number
*  year
*  day
*  global radiation (kJ m-2 d-1)
*  minimum temperature (degrees Celsius)
*  maximum temperature (degrees Celsius)
*  vapour pressure (kPa)
*  mean wind speed (m s-1)
*  precipitation.rainy days (mm d-1.d)
*---------------------------------------------------------*
 359.63 6.25 200.0 0.0 0.0
  19 1973    1 14296.  20.3 32.1 2.023 1.    0.
  19 1973    2 14282.  20.3 32.2 2.025 1.    0.
  19 1973    3 14269.  20.4 32.2 2.028 1.    4.
  19 1973    4 14255.  20.4 32.3 2.030 1.    0.
  19 1973    5 14242.  20.4 32.4 2.033 1.    0.
  19 1973    6 14228.  20.4 32.5 2.035 1.    0.
  19 1973    7 14215.  20.5 32.5 2.038 1.    0.
  19 1973    8 14201.  20.5 32.6 2.040 1.    0.
  19 1973    9 14188.  20.5 32.7 2.043 1.    0.
  19 1973   10 14174.  20.6 32.7 2.045 1.    0.
  19 1973   11 14161.  20.6 32.8 2.048 1.    0.
  19 1973   12 14147.  20.6 32.9 2.050 1.    6.
  19 1973   13 14134.  20.6 33.0 2.053 1.    0.
  19 1973   14 14120.  20.7 33.0 2.055 1.    0.
  19 1973   15 14107.  20.7 33.1 2.058 1.    0.
  19 1973   16 14152.  20.7 33.1 2.059 1.    0.
  19 1973   17 14196.  20.7 33.2 2.060 1.    0.
  19 1973   18 14241.  20.8 33.2 2.062 1.    0.
  19 1973   19 14286.  20.8 33.2 2.063 1.    0.
  19 1973   20 14330.  20.8 33.3 2.064 1.    0.
  19 1973   21 14375.  20.8 33.3 2.065 1.    0.
  19 1973   22 14419.  20.8 33.4 2.067 1.    4.
  19 1973   23 14464.  20.8 33.4 2.068 1.    0.
  19 1973   24 14509.  20.9 33.4 2.069 1.    2.
  19 1973   25 14553.  20.9 33.5 2.070 1.    0.
  19 1973   26 14598.  20.9 33.5 2.072 1.    0.
  19 1973   27 14643.  20.9 33.5 2.073 1.    0.
  19 1973   28 14687.  20.9 33.6 2.074 1.    0.
  19 1973   29 14732.  20.9 33.6 2.075 1.    0.
  19 1973   30 14777.  21.0 33.7 2.077 1.    0.
  19 1973   31 14821.  21.0 33.7 2.078 1.    0.
  19 1973   32 14866.  21.0 33.7 2.079 1.    0.
  19 1973   33 14910.  21.0 33.8 2.080 1.   10.
  19 1973   34 14955.  21.0 33.8 2.081 1.    0.
  19 1973   35 15000.  21.0 33.8 2.083 1.    0.
  19 1973   36 15044.  21.1 33.9 2.084 1.    7.
  19 1973   37 15089.  21.1 33.9 2.085 1.    0.
  19 1973   38 15134.  21.1 33.9 2.086 1.    1.
  19 1973   39 15178.  21.1 34.0 2.088 1.   10.
  19 1973   40 15223.  21.1 34.0 2.089 1.    6.
  19 1973   41 15267.  21.1 34.1 2.090 1.    0.
  19 1973   42 15312.  21.2 34.1 2.091 1.    0.
  19 1973   43 15357.  21.2 34.1 2.093 1.    0.
  19 1973   44 15401.  21.2 34.2 2.094 1.    0.
  19 1973   45 15446.  21.2 34.2 2.095 1.    0.
  19 1973   46 15471.  21.2 34.2 2.091 1.    5.
  19 1973   47 15495.  21.2 34.2 2.088 1.    0.
  19 1973   48 15520.  21.2 34.3 2.084 1.    1.
  19 1973   49 15544.  21.3 34.3 2.081 1.    1.
  19 1973   50 15569.  21.3 34.3 2.077 1.    0.
  19 1973   51 15593.  21.3 34.3 2.074 1.    0.
  19 1973   52 15618.  21.3 34.3 2.070 1.    0.
  19 1973   53 15642.  21.3 34.3 2.067 1.    0.
  19 1973   54 15667.  21.3 34.4 2.063 1.   12.
  19 1973   55 15692.  21.3 34.4 2.060 1.    0.
  19 1973   56 15716.  21.4 34.4 2.056 1.    0.
  19 1973   57 15741.  21.4 34.4 2.053 1.    6.
  19 1973   58 15765.  21.4 34.4 2.049 1.    0.
  19 1973   59 15790.  21.4 34.4 2.046 1.   17.
  19 1973   60 15814.  21.4 34.5 2.042 1.    0.
  19 1973   61 15839.  21.4 34.5 2.039 1.    0.
  19 1973   62 15863.  21.4 34.5 2.035 1.    1.
  19 1973   63 15888.  21.4 34.5 2.032 1.    0.
  19 1973   64 15912.  21.5 34.5 2.028 1.    0.
  19 1973   65 15937.  21.5 34.5 2.025 1.    0.
  19 1973   66 15962.  21.5 34.6 2.021 1.   17.
  19 1973   67 15986.  21.5 34.6 2.018 1.    0.
  19 1973   68 16011.  21.5 34.6 2.014 1.    8.
  19 1973   69 16035.  21.5 34.6 2.011 1.   15.
  19 1973   70 16060.  21.5 34.6 2.007 1.    0.
  19 1973   71 16084.  21.6 34.6 2.004 1.    0.
  19 1973   72 16109.  21.6 34.7 2.000 1.    4.
  19 1973   73 16133.  21.6 34.7 1.997 1.    0.
  19 1973   74 16158.  21.6 34.7 1.993 1.    0.
  19 1973   75 16197.  21.6 34.6 1.999 1.    0.
  19 1973   76 16236.  21.6 34.6 2.004 1.   19.
  19 1973   77 16275.  21.7 34.5 2.010 1.    0.
  19 1973   78 16315.  21.7 34.5 2.016 1.    0.
  19 1973   79 16354.  21.7 34.4 2.022 1.   26.
  19 1973   80 16393.  21.7 34.4 2.027 1.    0.
  19 1973   81 16432.  21.7 34.3 2.033 1.    0.
  19 1973   82 16471.  21.8 34.2 2.039 1.    0.
  19 1973   83 16510.  21.8 34.2 2.044 1.    0.
  19 1973   84 16550.  21.8 34.1 2.050 1.   19.
  19 1973   85 16589.  21.8 34.1 2.056 1.   22.
  19 1973   86 16628.  21.8 34.0 2.062 1.    0.
  19 1973   87 16667.  21.9 33.9 2.067 1.    0.
  19 1973   88 16706.  21.9 33.9 2.073 1.    0.
  19 1973   89 16745.  21.9 33.8 2.079 1.   19.
  19 1973   90 16785.  21.9 33.8 2.084 1.    0.
  19 1973   91 16824.  21.9 33.7 2.090 1.    0.
  19 1973   92 16863.  21.9 33.7 2.096 1.    0.
  19 1973   93 16902.  22.0 33.6 2.101 1.    3.
  19 1973   94 16941.  22.0 33.5 2.107 1.   33.
  19 1973   95 16980.  22.0 33.5 2.113 1.    0.
  19 1973   96 17020.  22.0 33.4 2.119 1.    7.
  19 1973   97 17059.  22.0 33.4 2.124 1.    0.
  19 1973   98 17098.  22.1 33.3 2.130 1.   16.
  19 1973   99 17137.  22.1 33.2 2.136 1.   10.
  19 1973  100 17176.  22.1 33.2 2.141 1.    0.
  19 1973  101 17215.  22.1 33.1 2.147 1.    0.
  19 1973  102 17255.  22.1 33.1 2.153 1.    0.
  19 1973  103 17294.  22.2 33.0 2.159 1.   12.
  19 1973  104 17333.  22.2 33.0 2.164 1.    0.
  19 1973  105 17372.  22.2 32.9 2.170 1.    2.
  19 1973  106 17411.  22.2 32.9 2.167 1.    0.
  19 1973  107 17450.  22.2 32.9 2.164 1.    5.
  19 1973  108 17489.  22.2 32.9 2.162 1.   21.
  19 1973  109 17528.  22.2 32.9 2.159 1.    0.
  19 1973  110 17567.  22.2 32.9 2.156 1.    0.
  19 1973  111 17606.  22.2 32.8 2.153 1.    0.
  19 1973  112 17645.  22.2 32.8 2.151 1.    0.
  19 1973  113 17685.  22.2 32.8 2.148 1.    0.
  19 1973  114 17724.  22.2 32.8 2.145 1.    0.
  19 1973  115 17763.  22.2 32.8 2.142 1.    0.
  19 1973  116 17802.  22.2 32.8 2.140 1.   53.
  19 1973  117 17841.  22.2 32.8 2.137 1.    0.
  19 1973  118 17880.  22.2 32.8 2.134 1.    0.
  19 1973  119 17919.  22.2 32.8 2.131 1.    0.
  19 1973  120 17958.  22.2 32.8 2.128 1.    0.
  19 1973  121 17997.  22.1 32.7 2.126 1.    0.
  19 1973  122 18036.  22.1 32.7 2.123 1.    0.
  19 1973  123 18075.  22.1 32.7 2.120 1.    0.
  19 1973  124 18114.  22.1 32.7 2.117 1.    0.
  19 1973  125 18153.  22.1 32.7 2.115 1.    0.
  19 1973  126 18192.  22.1 32.7 2.112 1.    0.
  19 1973  127 18231.  22.1 32.7 2.109 1.    0.
  19 1973  128 18271.  22.1 32.7 2.106 1.    0.
  19 1973  129 18310.  22.1 32.7 2.104 1.    0.
  19 1973  130 18349.  22.1 32.6 2.101 1.    0.
  19 1973  131 18388.  22.1 32.6 2.098 1.    0.
  19 1973  132 18427.  22.1 32.6 2.095 1.    8.
  19 1973  133 18466.  22.1 32.6 2.093 1.   40.
  19 1973  134 18505.  22.1 32.6 2.090 1.   15.
  19 1973  135 18544.  22.1 32.6 2.087 1.    0.
  19 1973  136 18412.  22.1 32.5 2.091 1.    0.
  19 1973  137 18279.  22.1 32.4 2.095 1.    0.
  19 1973  138 18147.  22.1 32.4 2.099 1.    0.
  19 1973  139 18015.  22.1 32.3 2.103 1.    0.
  19 1973  140 17882.  22.1 32.2 2.107 1.    4.
  19 1973  141 17750.  22.1 32.1 2.111 1.    0.
  19 1973  142 17618.  22.1 32.1 2.115 1.    0.
  19 1973  143 17485.  22.1 32.0 2.118 1.    0.
  19 1973  144 17353.  22.1 31.9 2.122 1.    0.
  19 1973  145 17221.  22.1 31.8 2.126 1.   10.
  19 1973  146 17088.  22.1 31.7 2.130 1.    0.
  19 1973  147 16956.  22.1 31.7 2.134 1.    0.
  19 1973  148 16824.  22.1 31.6 2.138 1.   15.
  19 1973  149 16691.  22.1 31.5 2.142 1.    0.
  19 1973  150 16559.  22.1 31.4 2.146 1.    0.
  19 1973  151 16427.  22.1 31.4 2.150 1.   12.
  19 1973  152 16295.  22.1 31.3 2.154 1.    0.
  19 1973  153 16162.  22.1 31.2 2.158 1.   10.
  19 1973  154 16030.  22.1 31.1 2.162 1.   16.
  19 1973  155 15898.  22.1 31.1 2.166 1.    5.
  19 1973  156 15765.  22.1 31.0 2.170 1.   12.
  19 1973  157 15633.  22.1 30.9 2.174 1.    0.
  19 1973  158 15501.  22.1 30.8 2.178 1.    0.
  19 1973  159 15368.  22.1 30.7 2.181 1.    4.
  19 1973  160 15236.  22.1 30.7 2.185 1.    9.
  19 1973  161 15104.  22.1 30.6 2.189 1.    0.
  19 1973  162 14971.  22.1 30.5 2.193 1.    0.
  19 1973  163 14839.  22.1 30.4 2.197 1.    2.
  19 1973  164 14707.  22.1 30.4 2.201 1.    0.
  19 1973  165 14574.  22.1 30.3 2.205 1.    4.
  19 1973  166 14442.  22.1 30.2 2.209 1.    3.
  19 1973  167 14453.  22.1 30.2 2.208 1.    0.
  19 1973  168 14464.  22.1 30.2 2.207 1.    0.
  19 1973  169 14476.  22.1 30.1 2.206 1.    0.
  19 1973  170 14487.  22.1 30.1 2.205 1.   33.
  19 1973  171 14498.  22.1 30.1 2.204 1.    8.
  19 1973  172 14509.  22.0 30.1 2.203 1.    0.
  19 1973  173 14520.  22.0 30.1 2.202 1.    7.
  19 1973  174 14531.  22.0 30.0 2.200 1.    4.
  19 1973  175 14543.  22.0 30.0 2.199 1.    0.
  19 1973  176 14554.  22.0 30.0 2.198 1.    0.
  19 1973  177 14565.  22.0 30.0 2.197 1.    0.
  19 1973  178 14576.  22.0 30.0 2.196 1.    0.
  19 1973  179 14587.  22.0 29.9 2.195 1.    0.
  19 1973  180 14598.  22.0 29.9 2.194 1.    0.
  19 1973  181 14610.  22.0 29.9 2.193 1.    0.
  19 1973  182 14621.  21.9 29.9 2.192 1.    0.
  19 1973  183 14632.  21.9 29.9 2.191 1.    9.
  19 1973  184 14643.  21.9 29.8 2.190 1.    0.
  19 1973  185 14654.  21.9 29.8 2.189 1.    0.
  19 1973  186 14665.  21.9 29.8 2.188 1.    0.
  19 1973  187 14677.  21.9 29.8 2.187 1.    1.
  19 1973  188 14688.  21.9 29.8 2.186 1.    0.
  19 1973  189 14699.  21.9 29.7 2.184 1.    0.
  19 1973  190 14710.  21.9 29.7 2.183 1.    0.
  19 1973  191 14721.  21.9 29.7 2.182 1.    0.
  19 1973  192 14732.  21.8 29.7 2.181 1.    1.
  19 1973  193 14744.  21.8 29.7 2.180 1.    0.
  19 1973  194 14755.  21.8 29.6 2.179 1.    0.
  19 1973  195 14766.  21.8 29.6 2.178 1.    0.
  19 1973  196 14777.  21.8 29.6 2.177 1.    0.
  19 1973  197 14699.  21.8 29.6 2.181 1.   13.
  19 1973  198 14620.  21.8 29.5 2.185 1.    4.
  19 1973  199 14542.  21.8 29.5 2.189 1.    0.
  19 1973  200 14464.  21.8 29.5 2.193 1.    0.
  19 1973  201 14385.  21.8 29.4 2.197 1.    0.
  19 1973  202 14307.  21.8 29.4 2.201 1.    0.
  19 1973  203 14229.  21.8 29.4 2.205 1.    1.
  19 1973  204 14150.  21.8 29.3 2.209 1.    0.
  19 1973  205 14072.  21.8 29.3 2.213 1.    0.
  19 1973  206 13994.  21.8 29.3 2.217 1.   21.
  19 1973  207 13915.  21.8 29.2 2.221 1.    0.
  19 1973  208 13837.  21.8 29.2 2.225 1.    0.
  19 1973  209 13759.  21.8 29.2 2.229 1.    0.
  19 1973  210 13680.  21.8 29.1 2.233 1.   12.
  19 1973  211 13602.  21.8 29.1 2.237 1.    0.
  19 1973  212 13524.  21.9 29.1 2.240 1.    9.
  19 1973  213 13446.  21.9 29.1 2.244 1.    0.
  19 1973  214 13367.  21.9 29.0 2.248 1.    0.
  19 1973  215 13289.  21.9 29.0 2.252 1.    1.
  19 1973  216 13211.  21.9 29.0 2.256 1.    0.
  19 1973  217 13132.  21.9 28.9 2.260 1.   17.
  19 1973  218 13054.  21.9 28.9 2.264 1.    5.
  19 1973  219 12976.  21.9 28.9 2.268 1.   15.
  19 1973  220 12897.  21.9 28.8 2.272 1.   32.
  19 1973  221 12819.  21.9 28.8 2.276 1.    0.
  19 1973  222 12741.  21.9 28.8 2.280 1.    0.
  19 1973  223 12662.  21.9 28.7 2.284 1.    0.
  19 1973  224 12584.  21.9 28.7 2.288 1.    4.
  19 1973  225 12506.  21.9 28.7 2.292 1.    0.
  19 1973  226 12427.  21.9 28.6 2.296 1.    0.
  19 1973  227 12349.  21.9 28.6 2.300 1.   53.
  19 1973  228 12381.  21.9 28.6 2.299 1.    0.
  19 1973  229 12414.  21.9 28.7 2.297 1.   27.
  19 1973  230 12446.  21.9 28.7 2.296 1.    0.
  19 1973  231 12479.  21.9 28.7 2.295 1.   23.
  19 1973  232 12511.  21.9 28.8 2.294 1.    0.
  19 1973  233 12543.  21.9 28.8 2.292 1.    4.
  19 1973  234 12576.  21.9 28.8 2.291 1.    5.
  19 1973  235 12608.  22.0 28.9 2.290 1.    0.
  19 1973  236 12640.  22.0 28.9 2.288 1.   15.
  19 1973  237 12673.  22.0 28.9 2.287 1.    0.
  19 1973  238 12705.  22.0 29.0 2.286 1.    2.
  19 1973  239 12738.  22.0 29.0 2.285 1.    0.
  19 1973  240 12770.  22.0 29.0 2.283 1.   37.
  19 1973  241 12802.  22.0 29.1 2.282 1.    2.
  19 1973  242 12835.  22.0 29.1 2.281 1.    6.
  19 1973  243 12867.  22.0 29.1 2.279 1.    6.
  19 1973  244 12900.  22.0 29.1 2.278 1.    0.
  19 1973  245 12932.  22.0 29.2 2.277 1.    0.
  19 1973  246 12964.  22.0 29.2 2.275 1.   16.
  19 1973  247 12997.  22.0 29.2 2.274 1.   14.
  19 1973  248 13029.  22.0 29.3 2.273 1.   11.
  19 1973  249 13062.  22.0 29.3 2.272 1.    0.
  19 1973  250 13094.  22.0 29.3 2.270 1.    6.
  19 1973  251 13126.  22.1 29.4 2.269 1.    8.
  19 1973  252 13159.  22.1 29.4 2.268 1.   25.
  19 1973  253 13191.  22.1 29.4 2.266 1.    6.
  19 1973  254 13223.  22.1 29.5 2.265 1.    0.
  19 1973  255 13256.  22.1 29.5 2.264 1.    0.
  19 1973  256 13288.  22.1 29.5 2.263 1.    4.
  19 1973  257 13321.  22.1 29.6 2.261 1.    0.
  19 1973  258 13353.  22.1 29.6 2.260 1.    0.
  19 1973  259 13487.  22.1 29.7 2.256 1.    0.
  19 1973  260 13621.  22.1 29.7 2.252 1.   11.
  19 1973  261 13755.  22.1 29.8 2.248 1.    4.
  19 1973  262 13889.  22.1 29.8 2.244 1.    5.
  19 1973  263 14023.  22.1 29.9 2.240 1.    0.
  19 1973  264 14157.  22.1 29.9 2.235 1.    4.
  19 1973  265 14291.  22.1 30.0 2.231 1.    2.
  19 1973  266 14425.  22.0 30.0 2.227 1.    2.
  19 1973  267 14559.  22.0 30.1 2.223 1.    6.
  19 1973  268 14693.  22.0 30.1 2.219 1.    9.
  19 1973  269 14827.  22.0 30.2 2.215 1.    0.
  19 1973  270 14961.  22.0 30.2 2.211 1.    0.
  19 1973  271 15095.  22.0 30.3 2.207 1.    2.
  19 1973  272 15229.  22.0 30.3 2.203 1.   10.
  19 1973  273 15363.  22.0 30.4 2.199 1.    0.
  19 1973  274 15496.  22.0 30.5 2.194 1.    0.
  19 1973  275 15630.  22.0 30.5 2.190 1.    0.
  19 1973  276 15764.  22.0 30.6 2.186 1.   17.
  19 1973  277 15898.  22.0 30.6 2.182 1.    6.
  19 1973  278 16032.  22.0 30.7 2.178 1.    0.
  19 1973  279 16166.  22.0 30.7 2.174 1.    0.
  19 1973  280 16300.  22.0 30.8 2.170 1.    0.
  19 1973  281 16434.  21.9 30.8 2.166 1.    0.
  19 1973  282 16568.  21.9 30.9 2.162 1.    4.
  19 1973  283 16702.  21.9 30.9 2.158 1.    0.
  19 1973  284 16836.  21.9 31.0 2.153 1.   13.
  19 1973  285 16970.  21.9 31.0 2.149 1.    0.
  19 1973  286 17104.  21.9 31.1 2.145 1.    6.
  19 1973  287 17238.  21.9 31.1 2.141 1.    0.
  19 1973  288 17372.  21.9 31.2 2.137 1.    0.
  19 1973  289 17392.  21.9 31.2 2.131 1.   13.
  19 1973  290 17413.  21.8 31.3 2.125 1.    0.
  19 1973  291 17433.  21.8 31.3 2.119 1.    0.
  19 1973  292 17453.  21.8 31.3 2.113 1.    0.
  19 1973  293 17473.  21.8 31.4 2.107 1.    0.
  19 1973  294 17494.  21.7 31.4 2.101 1.   15.
  19 1973  295 17514.  21.7 31.4 2.095 1.    8.
  19 1973  296 17534.  21.7 31.5 2.088 1.    0.
  19 1973  297 17554.  21.6 31.5 2.082 1.    3.
  19 1973  298 17575.  21.6 31.6 2.076 1.   14.
  19 1973  299 17595.  21.6 31.6 2.070 1.   25.
  19 1973  300 17615.  21.6 31.6 2.064 1.    1.
  19 1973  301 17635.  21.5 31.7 2.058 1.    1.
  19 1973  302 17656.  21.5 31.7 2.052 1.   11.
  19 1973  303 17676.  21.5 31.7 2.046 1.   13.
  19 1973  304 17696.  21.4 31.8 2.040 1.    0.
  19 1973  305 17716.  21.4 31.8 2.034 1.    0.
  19 1973  306 17737.  21.4 31.8 2.028 1.    0.
  19 1973  307 17757.  21.3 31.9 2.022 1.    0.
  19 1973  308 17777.  21.3 31.9 2.016 1.    0.
  19 1973  309 17797.  21.3 31.9 2.010 1.    0.
  19 1973  310 17818.  21.3 32.0 2.004 1.    0.
  19 1973  311 17838.  21.2 32.0 1.998 1.    0.
  19 1973  312 17858.  21.2 32.1 1.991 1.    8.
  19 1973  313 17878.  21.2 32.1 1.985 1.    0.
  19 1973  314 17899.  21.1 32.1 1.979 1.    7.
  19 1973  315 17919.  21.1 32.2 1.973 1.    0.
  19 1973  316 17939.  21.1 32.2 1.967 1.    7.
  19 1973  317 17959.  21.1 32.2 1.961 1.    1.
  19 1973  318 17980.  21.0 32.3 1.955 1.    0.
  19 1973  319 18000.  21.0 32.3 1.949 1.    0.
  19 1973  320 17883.  21.0 32.3 1.950 1.   15.
  19 1973  321 17766.  20.9 32.2 1.952 1.    0.
  19 1973  322 17648.  20.9 32.2 1.953 1.    2.
  19 1973  323 17531.  20.9 32.1 1.954 1.    0.
  19 1973  324 17414.  20.8 32.1 1.955 1.    0.
  19 1973  325 17297.  20.8 32.1 1.957 1.    0.
  19 1973  326 17180.  20.7 32.0 1.958 1.    0.
  19 1973  327 17062.  20.7 32.0 1.959 1.    0.
  19 1973  328 16945.  20.7 31.9 1.960 1.    0.
  19 1973  329 16828.  20.6 31.9 1.962 1.    0.
  19 1973  330 16711.  20.6 31.9 1.963 1.    0.
  19 1973  331 16594.  20.6 31.8 1.964 1.    0.
  19 1973  332 16476.  20.5 31.8 1.965 1.    0.
  19 1973  333 16359.  20.5 31.7 1.967 1.    1.
  19 1973  334 16242.  20.4 31.7 1.968 1.    0.
  19 1973  335 16125.  20.4 31.7 1.969 1.    0.
  19 1973  336 16008.  20.4 31.6 1.971 1.   13.
  19 1973  337 15890.  20.3 31.6 1.972 1.    0.
  19 1973  338 15773.  20.3 31.5 1.973 1.    0.
  19 1973  339 15656.  20.3 31.5 1.974 1.    0.
  19 1973  340 15539.  20.2 31.5 1.976 1.    0.
  19 1973  341 15422.  20.2 31.4 1.977 1.   53.
  19 1973  342 15304.  20.2 31.4 1.978 1.    0.
  19 1973  343 15187.  20.1 31.3 1.979 1.    0.
  19 1973  344 15070.  20.1 31.3 1.981 1.    0.
  19 1973  345 14953.  20.0 31.3 1.982 1.    0.
  19 1973  346 14836.  20.0 31.2 1.983 1.    0.
  19 1973  347 14718.  20.0 31.2 1.984 1.    0.
  19 1973  348 14601.  19.9 31.1 1.986 1.    0.
  19 1973  349 14484.  19.9 31.1 1.987 1.    0.
  19 1973  350 14472.  19.9 31.2 1.989 1.   19.
  19 1973  351 14460.  19.9 31.2 1.991 1.    0.
  19 1973  352 14449.  20.0 31.3 1.994 1.    0.
  19 1973  353 14437.  20.0 31.4 1.996 1.   13.
  19 1973  354 14425.  20.0 31.4 1.998 1.    0.
  19 1973  355 14413.  20.0 31.5 2.000 1.    0.
  19 1973  356 14402.  20.1 31.5 2.003 1.    0.
  19 1973  357 14390.  20.1 31.6 2.005 1.    1.
  19 1973  358 14378.  20.1 31.7 2.007 1.    1.
  19 1973  359 14366.  20.1 31.7 2.009 1.    0.
  19 1973  360 14354.  20.2 31.8 2.011 1.    0.
  19 1973  361 14343.  20.2 31.8 2.014 1.    0.
  19 1973  362 14331.  20.2 31.9 2.016 1.    0.
  19 1973  363 14319.  20.3 32.0 2.018 1.    0.
  19 1973  364 14307.  20.3 32.0 2.020 1.    6.
  19 1973  365 14296.  20.3 32.1 2.023 1.    0.
