*-------------------------------------------------------------*
* Station name: Bah Lias Research Station
* Year: 1983
* Author: W. Gerritsma
* Source: Meteorological records, Bah Lias Research Station
*         P.T.P.P. London Sumatra Indonesia
*         P.O. box 1054
*         Medan 20011
*         Sumatra Utara
*         Indonesia
*
* Longitude: 99 20 E, latitude: 3 11 N, altitude: 30 m
*
* Interpolated daily values
*
* Column  Daily value
* 1       station number
* 2       year
* 3       day
* 4       daily shortwave radiation     (kJ m-2 d-1)
* 5       minimum temperature           (degrees C)
* 6       maximum temperature           (degrees C)
* 7       early morning vapour pressure (kPa)
* 8       mean wind speed (height: 2 m) (m s-1)
* 9       precipitation                 (mm day-1)
*-------------------------------------------------------------*
99.3  3.16  30.0  0.00  0.00
 3 1983   1 14398 22.0 31.0 2.87 1.   3.
 3 1983   2 14481 22.0 31.0 2.87 1.   1.
 3 1983   3 14564 22.0 31.0 2.87 1.   0.
 3 1983   4 14647 22.0 31.0 2.87 1.   0.
 3 1983   5 14730 22.0 31.0 2.87 1.   0.
 3 1983   6 14813 22.0 31.0 2.87 1.   0.
 3 1983   7 14897 22.0 31.0 2.87 1.   0.
 3 1983   8 14980 22.0 31.0 2.87 1.  42.
 3 1983   9 15063 22.0 31.0 2.87 1.   0.
 3 1983  10 15146 22.0 31.0 2.87 1.  13.
 3 1983  11 15229 22.0 31.0 2.87 1.   0.
 3 1983  12 15312 22.0 31.0 2.87 1.   0.
 3 1983  13 15396 22.0 31.0 2.87 1.   0.
 3 1983  14 15479 22.0 31.0 2.87 1.   0.
 3 1983  15 15562 22.0 31.0 2.87 1.   0.
 3 1983  16 15620 22.0 31.0 2.87 1.   0.
 3 1983  17 15677 22.0 31.0 2.87 1.  43.
 3 1983  18 15735 22.0 31.0 2.87 1.   0.
 3 1983  19 15793 22.0 31.0 2.87 1.   0.
 3 1983  20 15851 22.0 31.0 2.87 1.   0.
 3 1983  21 15908 22.0 31.0 2.87 1.   0.
 3 1983  22 15966 22.0 31.0 2.87 1.   0.
 3 1983  23 16024 22.0 31.0 2.87 1.   9.
 3 1983  24 16082 22.0 31.0 2.87 1.   1.
 3 1983  25 16139 22.0 31.0 2.87 1.   0.
 3 1983  26 16197 22.0 31.0 2.87 1.   0.
 3 1983  27 16255 22.0 31.0 2.87 1.   0.
 3 1983  28 16313 22.0 31.0 2.87 1.   0.
 3 1983  29 16370 22.0 31.0 2.87 1.  43.
 3 1983  30 16428 22.0 31.0 2.87 1.   0.
 3 1983  31 16486 22.0 31.0 2.87 1.  17.
 3 1983  32 16543 22.0 31.0 2.87 1.   0.
 3 1983  33 16601 22.0 31.0 2.87 1.   2.
 3 1983  34 16659 22.0 31.0 2.87 1.   0.
 3 1983  35 16717 22.0 31.0 2.87 1.   0.
 3 1983  36 16774 22.0 31.0 2.87 1.   0.
 3 1983  37 16832 22.0 31.0 2.87 1.   0.
 3 1983  38 16890 22.0 31.0 2.87 1.   0.
 3 1983  39 16948 22.0 31.0 2.87 1.   0.
 3 1983  40 17005 22.0 31.0 2.87 1.   0.
 3 1983  41 17063 22.0 31.0 2.87 1.   0.
 3 1983  42 17121 22.0 31.0 2.87 1.   0.
 3 1983  43 17179 22.0 31.0 2.87 1.   0.
 3 1983  44 17236 22.0 31.0 2.87 1.   0.
 3 1983  45 17294 22.0 31.0 2.87 1.   0.
 3 1983  46 17306 22.0 31.0 2.87 1.   0.
 3 1983  47 17319 22.0 31.0 2.87 1.   0.
 3 1983  48 17331 22.0 31.0 2.87 1.   0.
 3 1983  49 17343 22.0 31.0 2.87 1.   0.
 3 1983  50 17356 22.0 31.0 2.87 1.   0.
 3 1983  51 17368 22.0 31.0 2.87 1.   0.
 3 1983  52 17380 22.0 31.0 2.87 1.   0.
 3 1983  53 17392 22.0 31.0 2.87 1.   0.
 3 1983  54 17405 22.0 31.0 2.87 1.   0.
 3 1983  55 17417 22.0 31.0 2.87 1.   0.
 3 1983  56 17429 22.0 31.0 2.87 1.   0.
 3 1983  57 17442 22.0 31.0 2.87 1.   0.
 3 1983  58 17454 22.0 31.0 2.87 1.   0.
 3 1983  59 17466 22.0 31.0 2.87 1.  25.
 3 1983  60 17479 22.0 31.0 2.87 1.   0.
 3 1983  61 17491 22.0 31.0 2.87 1.   0.
 3 1983  62 17503 22.0 31.0 2.87 1.   0.
 3 1983  63 17516 22.0 31.0 2.87 1.   0.
 3 1983  64 17528 22.0 31.0 2.87 1.   0.
 3 1983  65 17540 22.0 31.0 2.87 1.   0.
 3 1983  66 17553 22.0 31.0 2.87 1.   2.
 3 1983  67 17565 22.0 31.0 2.87 1.   0.
 3 1983  68 17577 22.0 31.0 2.87 1.   0.
 3 1983  69 17589 22.0 31.0 2.87 1.   0.
 3 1983  70 17602 22.0 31.0 2.87 1.   0.
 3 1983  71 17614 22.0 31.0 2.87 1.   0.
 3 1983  72 17626 22.0 31.0 2.87 1.   0.
 3 1983  73 17639 22.0 31.0 2.87 1.   0.
 3 1983  74 17651 22.0 31.0 2.87 1.   0.
 3 1983  75 17624 22.0 31.0 2.87 1.   0.
 3 1983  76 17597 22.0 31.0 2.87 1.   0.
 3 1983  77 17570 22.0 31.0 2.87 1.   0.
 3 1983  78 17543 22.0 31.0 2.87 1.   3.
 3 1983  79 17516 22.0 31.0 2.87 1.   0.
 3 1983  80 17489 22.0 31.0 2.87 1.   0.
 3 1983  81 17462 22.0 31.0 2.87 1.   3.
 3 1983  82 17435 22.0 31.0 2.87 1.   0.
 3 1983  83 17408 22.0 31.0 2.87 1.   0.
 3 1983  84 17381 22.0 31.0 2.87 1.   0.
 3 1983  85 17354 22.0 31.0 2.87 1.   0.
 3 1983  86 17327 22.0 31.0 2.87 1.   0.
 3 1983  87 17300 22.0 31.0 2.87 1.   0.
 3 1983  88 17273 22.0 31.0 2.87 1.   2.
 3 1983  89 17246 22.0 31.0 2.87 1.   0.
 3 1983  90 17220 22.0 31.0 2.87 1.   0.
 3 1983  91 17193 22.0 31.0 2.87 1.   0.
 3 1983  92 17166 22.0 31.0 2.87 1.   0.
 3 1983  93 17139 22.0 31.0 2.87 1.   2.
 3 1983  94 17112 22.0 31.0 2.87 1.   0.
 3 1983  95 17085 22.0 31.0 2.87 1.   0.
 3 1983  96 17058 22.0 31.0 2.87 1.  15.
 3 1983  97 17031 22.0 31.0 2.87 1.   0.
 3 1983  98 17004 22.0 31.0 2.87 1.   0.
 3 1983  99 16977 22.0 31.0 2.87 1.   0.
 3 1983 100 16950 22.0 31.0 2.87 1.   2.
 3 1983 101 16923 22.0 31.0 2.87 1.   0.
 3 1983 102 16896 22.0 31.0 2.87 1.   0.
 3 1983 103 16869 22.0 31.0 2.87 1.   0.
 3 1983 104 16842 22.0 31.0 2.87 1.   0.
 3 1983 105 16815 22.0 31.0 2.87 1.   4.
 3 1983 106 16813 22.0 31.0 2.87 1.   0.
 3 1983 107 16811 22.0 31.0 2.87 1.   0.
 3 1983 108 16808 22.0 31.0 2.87 1.   0.
 3 1983 109 16806 22.0 31.0 2.87 1.   0.
 3 1983 110 16804 22.0 31.0 2.87 1.   0.
 3 1983 111 16802 22.0 31.0 2.87 1.   0.
 3 1983 112 16800 22.0 31.0 2.87 1.   0.
 3 1983 113 16797 22.0 31.0 2.87 1.   0.
 3 1983 114 16795 22.0 31.0 2.87 1.   0.
 3 1983 115 16793 22.0 31.0 2.87 1.   0.
 3 1983 116 16791 22.0 31.0 2.87 1.   0.
 3 1983 117 16789 22.0 31.0 2.87 1.   0.
 3 1983 118 16786 22.0 31.0 2.87 1.   0.
 3 1983 119 16784 22.0 31.0 2.87 1.   0.
 3 1983 120 16782 22.0 31.0 2.87 1.   0.
 3 1983 121 16780 22.0 31.0 2.87 1.   0.
 3 1983 122 16778 22.0 31.0 2.87 1.   0.
 3 1983 123 16775 22.0 31.0 2.87 1.   0.
 3 1983 124 16773 22.0 31.0 2.87 1.   0.
 3 1983 125 16771 22.0 31.0 2.87 1.   0.
 3 1983 126 16769 22.0 31.0 2.87 1.   0.
 3 1983 127 16767 22.0 31.0 2.87 1.   0.
 3 1983 128 16764 22.0 31.0 2.87 1.   0.
 3 1983 129 16762 22.0 31.0 2.87 1.  11.
 3 1983 130 16760 22.0 31.0 2.87 1.   0.
 3 1983 131 16758 22.0 31.0 2.87 1.   0.
 3 1983 132 16756 22.0 31.0 2.87 1.   0.
 3 1983 133 16753 22.0 31.0 2.87 1.  57.
 3 1983 134 16751 22.0 31.0 2.87 1.   0.
 3 1983 135 16749 22.0 31.0 2.87 1.   0.
 3 1983 136 16759 22.0 31.0 2.87 1.   0.
 3 1983 137 16769 22.0 31.0 2.87 1.   0.
 3 1983 138 16779 22.0 31.0 2.87 1.   0.
 3 1983 139 16789 22.0 31.0 2.87 1.   0.
 3 1983 140 16799 22.0 31.0 2.87 1.   0.
 3 1983 141 16809 22.0 31.0 2.87 1.   0.
 3 1983 142 16819 22.0 31.0 2.87 1.   0.
 3 1983 143 16829 22.0 31.0 2.87 1.   0.
 3 1983 144 16839 22.0 31.0 2.87 1.   0.
 3 1983 145 16849 22.0 31.0 2.87 1.   0.
 3 1983 146 16859 22.0 31.0 2.87 1.   0.
 3 1983 147 16869 22.0 31.0 2.87 1.  13.
 3 1983 148 16879 22.0 31.0 2.87 1.   0.
 3 1983 149 16889 22.0 31.0 2.87 1.   0.
 3 1983 150 16899 22.0 31.0 2.87 1.   0.
 3 1983 151 16908 22.0 31.0 2.87 1.   0.
 3 1983 152 16918 22.0 31.0 2.87 1.   0.
 3 1983 153 16928 22.0 31.0 2.87 1.   0.
 3 1983 154 16938 22.0 31.0 2.87 1.  10.
 3 1983 155 16948 22.0 31.0 2.87 1.   0.
 3 1983 156 16958 22.0 31.0 2.87 1.   0.
 3 1983 157 16968 22.0 31.0 2.87 1.  25.
 3 1983 158 16978 22.0 31.0 2.87 1.   0.
 3 1983 159 16988 22.0 31.0 2.87 1.   0.
 3 1983 160 16998 22.0 31.0 2.87 1.   0.
 3 1983 161 17008 22.0 31.0 2.87 1.   0.
 3 1983 162 17018 22.0 31.0 2.87 1.   2.
 3 1983 163 17028 22.0 31.0 2.87 1.   0.
 3 1983 164 17038 22.0 31.0 2.87 1.   0.
 3 1983 165 17048 22.0 31.0 2.87 1.  15.
 3 1983 166 17058 22.0 31.0 2.87 1.   0.
 3 1983 167 17095 22.0 31.0 2.87 1.   0.
 3 1983 168 17133 22.0 31.0 2.87 1.   8.
 3 1983 169 17170 22.0 31.0 2.87 1.   0.
 3 1983 170 17208 22.0 31.0 2.87 1.   1.
 3 1983 171 17245 22.0 31.0 2.87 1.   0.
 3 1983 172 17283 22.0 31.0 2.87 1.   5.
 3 1983 173 17320 22.0 31.0 2.87 1.   0.
 3 1983 174 17358 22.0 31.0 2.87 1.   9.
 3 1983 175 17395 22.0 31.0 2.87 1.   0.
 3 1983 176 17433 22.0 31.0 2.87 1.   0.
 3 1983 177 17470 22.0 31.0 2.87 1.   0.
 3 1983 178 17508 22.0 31.0 2.87 1.   0.
 3 1983 179 17545 22.0 31.0 2.87 1.   0.
 3 1983 180 17583 22.0 31.0 2.87 1.   0.
 3 1983 181 17620 22.0 31.0 2.87 1.   0.
 3 1983 182 17657 22.0 31.0 2.87 1.   0.
 3 1983 183 17695 22.0 31.0 2.87 1.  15.
 3 1983 184 17732 22.0 31.0 2.87 1.   0.
 3 1983 185 17770 22.0 31.0 2.87 1.   0.
 3 1983 186 17807 22.0 31.0 2.87 1.   0.
 3 1983 187 17845 22.0 31.0 2.87 1.   0.
 3 1983 188 17882 22.0 31.0 2.87 1.   0.
 3 1983 189 17920 22.0 31.0 2.87 1.   1.
 3 1983 190 17957 22.0 31.0 2.87 1.  14.
 3 1983 191 17995 22.0 31.0 2.87 1.  29.
 3 1983 192 18032 22.0 31.0 2.87 1.   0.
 3 1983 193 18070 22.0 31.0 2.87 1.   0.
 3 1983 194 18107 22.0 31.0 2.87 1.   0.
 3 1983 195 18145 22.0 31.0 2.87 1.   0.
 3 1983 196 18182 22.0 31.0 2.87 1.   0.
 3 1983 197 18143 22.0 31.0 2.87 1.  17.
 3 1983 198 18104 22.0 31.0 2.87 1.   0.
 3 1983 199 18065 22.0 31.0 2.87 1.   0.
 3 1983 200 18025 22.0 31.0 2.87 1.   0.
 3 1983 201 17986 22.0 31.0 2.87 1.   3.
 3 1983 202 17947 22.0 31.0 2.87 1.   0.
 3 1983 203 17908 22.0 31.0 2.87 1.   0.
 3 1983 204 17869 22.0 31.0 2.87 1.   0.
 3 1983 205 17830 22.0 31.0 2.87 1.   0.
 3 1983 206 17790 22.0 31.0 2.87 1.  54.
 3 1983 207 17751 22.0 31.0 2.87 1.   0.
 3 1983 208 17712 22.0 31.0 2.87 1.   0.
 3 1983 209 17673 22.0 31.0 2.87 1.  33.
 3 1983 210 17634 22.0 31.0 2.87 1.  17.
 3 1983 211 17595 22.0 31.0 2.87 1.   0.
 3 1983 212 17555 22.0 31.0 2.87 1.   1.
 3 1983 213 17516 22.0 31.0 2.87 1.   0.
 3 1983 214 17477 22.0 31.0 2.87 1.  12.
 3 1983 215 17438 22.0 31.0 2.87 1.   0.
 3 1983 216 17399 22.0 31.0 2.87 1.  33.
 3 1983 217 17360 22.0 31.0 2.87 1.   0.
 3 1983 218 17320 22.0 31.0 2.87 1.   9.
 3 1983 219 17281 22.0 31.0 2.87 1.  13.
 3 1983 220 17242 22.0 31.0 2.87 1.   0.
 3 1983 221 17203 22.0 31.0 2.87 1.   0.
 3 1983 222 17164 22.0 31.0 2.87 1.   0.
 3 1983 223 17125 22.0 31.0 2.87 1.   5.
 3 1983 224 17085 22.0 31.0 2.87 1.   0.
 3 1983 225 17046 22.0 31.0 2.87 1.   0.
 3 1983 226 17007 22.0 31.0 2.87 1.   0.
 3 1983 227 16968 22.0 31.0 2.87 1.  13.
 3 1983 228 16992 22.0 31.0 2.87 1.   0.
 3 1983 229 17017 22.0 31.0 2.87 1.  18.
 3 1983 230 17041 22.0 31.0 2.87 1.   0.
 3 1983 231 17065 22.0 31.0 2.87 1.   0.
 3 1983 232 17089 22.0 31.0 2.87 1.   3.
 3 1983 233 17114 22.0 31.0 2.87 1.  28.
 3 1983 234 17138 22.0 31.0 2.87 1.   3.
 3 1983 235 17162 22.0 31.0 2.87 1.   0.
 3 1983 236 17186 22.0 31.0 2.87 1.  12.
 3 1983 237 17211 22.0 31.0 2.87 1.   5.
 3 1983 238 17235 22.0 31.0 2.87 1.   0.
 3 1983 239 17259 22.0 31.0 2.87 1.   0.
 3 1983 240 17283 22.0 31.0 2.87 1.  15.
 3 1983 241 17308 22.0 31.0 2.87 1.  11.
 3 1983 242 17332 22.0 31.0 2.87 1.   0.
 3 1983 243 17356 22.0 31.0 2.87 1.  13.
 3 1983 244 17380 22.0 31.0 2.87 1.   0.
 3 1983 245 17405 22.0 31.0 2.87 1.   0.
 3 1983 246 17429 22.0 31.0 2.87 1.   0.
 3 1983 247 17453 22.0 31.0 2.87 1.   0.
 3 1983 248 17477 22.0 31.0 2.87 1.   4.
 3 1983 249 17502 22.0 31.0 2.87 1.   3.
 3 1983 250 17526 22.0 31.0 2.87 1.   0.
 3 1983 251 17550 22.0 31.0 2.87 1.   1.
 3 1983 252 17574 22.0 31.0 2.87 1.   0.
 3 1983 253 17599 22.0 31.0 2.87 1.   0.
 3 1983 254 17623 22.0 31.0 2.87 1.   4.
 3 1983 255 17647 22.0 31.0 2.87 1.   2.
 3 1983 256 17671 22.0 31.0 2.87 1.  36.
 3 1983 257 17696 22.0 31.0 2.87 1.   0.
 3 1983 258 17720 22.0 31.0 2.87 1.   0.
 3 1983 259 17668 22.0 31.0 2.87 1.   6.
 3 1983 260 17616 22.0 31.0 2.87 1.   0.
 3 1983 261 17564 22.0 31.0 2.87 1.   0.
 3 1983 262 17511 22.0 31.0 2.87 1.  73.
 3 1983 263 17459 22.0 31.0 2.87 1.   0.
 3 1983 264 17407 22.0 31.0 2.87 1.  11.
 3 1983 265 17355 22.0 31.0 2.87 1.   0.
 3 1983 266 17303 22.0 31.0 2.87 1.   0.
 3 1983 267 17251 22.0 31.0 2.87 1.   2.
 3 1983 268 17199 22.0 31.0 2.87 1.  17.
 3 1983 269 17147 22.0 31.0 2.87 1.   0.
 3 1983 270 17094 22.0 31.0 2.87 1.   5.
 3 1983 271 17042 22.0 31.0 2.87 1.   0.
 3 1983 272 16990 22.0 31.0 2.87 1.   7.
 3 1983 273 16938 22.0 31.0 2.87 1.  12.
 3 1983 274 16886 22.0 31.0 2.87 1.   0.
 3 1983 275 16834 22.0 31.0 2.87 1.  81.
 3 1983 276 16782 22.0 31.0 2.87 1.   5.
 3 1983 277 16729 22.0 31.0 2.87 1.   9.
 3 1983 278 16677 22.0 31.0 2.87 1.   3.
 3 1983 279 16625 22.0 31.0 2.87 1.   9.
 3 1983 280 16573 22.0 31.0 2.87 1.   0.
 3 1983 281 16521 22.0 31.0 2.87 1.  11.
 3 1983 282 16469 22.0 31.0 2.87 1.   0.
 3 1983 283 16417 22.0 31.0 2.87 1.  27.
 3 1983 284 16365 22.0 31.0 2.87 1.  11.
 3 1983 285 16312 22.0 31.0 2.87 1.   0.
 3 1983 286 16260 22.0 31.0 2.87 1.   9.
 3 1983 287 16208 22.0 31.0 2.87 1.   0.
 3 1983 288 16156 22.0 31.0 2.87 1.   0.
 3 1983 289 16122 22.0 31.0 2.87 1.  17.
 3 1983 290 16089 22.0 31.0 2.87 1.   8.
 3 1983 291 16055 22.0 31.0 2.87 1.   0.
 3 1983 292 16021 22.0 31.0 2.87 1.   0.
 3 1983 293 15987 22.0 31.0 2.87 1.   0.
 3 1983 294 15954 22.0 31.0 2.87 1.  18.
 3 1983 295 15920 22.0 31.0 2.87 1.   0.
 3 1983 296 15886 22.0 31.0 2.87 1.   0.
 3 1983 297 15853 22.0 31.0 2.87 1.   7.
 3 1983 298 15819 22.0 31.0 2.87 1.   0.
 3 1983 299 15785 22.0 31.0 2.87 1.   0.
 3 1983 300 15751 22.0 31.0 2.87 1.   0.
 3 1983 301 15718 22.0 31.0 2.87 1.   0.
 3 1983 302 15684 22.0 31.0 2.87 1.   0.
 3 1983 303 15650 22.0 31.0 2.87 1.   0.
 3 1983 304 15617 22.0 31.0 2.87 1.  28.
 3 1983 305 15583 22.0 31.0 2.87 1.   0.
 3 1983 306 15549 22.0 31.0 2.87 1.  20.
 3 1983 307 15516 22.0 31.0 2.87 1.  19.
 3 1983 308 15482 22.0 31.0 2.87 1.   1.
 3 1983 309 15448 22.0 31.0 2.87 1.   4.
 3 1983 310 15414 22.0 31.0 2.87 1.   2.
 3 1983 311 15381 22.0 31.0 2.87 1.   0.
 3 1983 312 15347 22.0 31.0 2.87 1.   0.
 3 1983 313 15313 22.0 31.0 2.87 1.   0.
 3 1983 314 15280 22.0 31.0 2.87 1.  13.
 3 1983 315 15246 22.0 31.0 2.87 1.  28.
 3 1983 316 15212 22.0 31.0 2.87 1.  16.
 3 1983 317 15178 22.0 31.0 2.87 1.   0.
 3 1983 318 15145 22.0 31.0 2.87 1.   0.
 3 1983 319 15111 22.0 31.0 2.87 1.   0.
 3 1983 320 15048 22.0 31.0 2.87 1.   8.
 3 1983 321 14986 22.0 31.0 2.87 1.   0.
 3 1983 322 14923 22.0 31.0 2.87 1.   0.
 3 1983 323 14861 22.0 31.0 2.87 1.   0.
 3 1983 324 14798 22.0 31.0 2.87 1.   0.
 3 1983 325 14735 22.0 31.0 2.87 1.   0.
 3 1983 326 14673 22.0 31.0 2.87 1.  14.
 3 1983 327 14610 22.0 31.0 2.87 1.   0.
 3 1983 328 14548 22.0 31.0 2.87 1.   0.
 3 1983 329 14485 22.0 31.0 2.87 1.   0.
 3 1983 330 14422 22.0 31.0 2.87 1.   0.
 3 1983 331 14360 22.0 31.0 2.87 1.   1.
 3 1983 332 14297 22.0 31.0 2.87 1.   2.
 3 1983 333 14235 22.0 31.0 2.87 1.   0.
 3 1983 334 14172 22.0 31.0 2.87 1.   6.
 3 1983 335 14109 22.0 31.0 2.87 1.   0.
 3 1983 336 14047 22.0 31.0 2.87 1.   0.
 3 1983 337 13984 22.0 31.0 2.87 1.   7.
 3 1983 338 13922 22.0 31.0 2.87 1.   0.
 3 1983 339 13859 22.0 31.0 2.87 1.   2.
 3 1983 340 13796 22.0 31.0 2.87 1.   1.
 3 1983 341 13734 22.0 31.0 2.87 1.   0.
 3 1983 342 13671 22.0 31.0 2.87 1.   2.
 3 1983 343 13609 22.0 31.0 2.87 1.   0.
 3 1983 344 13546 22.0 31.0 2.87 1.   0.
 3 1983 345 13483 22.0 31.0 2.87 1.   0.
 3 1983 346 13421 22.0 31.0 2.87 1.   0.
 3 1983 347 13358 22.0 31.0 2.87 1.  10.
 3 1983 348 13296 22.0 31.0 2.87 1.   2.
 3 1983 349 13233 22.0 31.0 2.87 1.   9.
 3 1983 350 13306 22.0 31.0 2.87 1.   0.
 3 1983 351 13379 22.0 31.0 2.87 1.   0.
 3 1983 352 13451 22.0 31.0 2.87 1.   0.
 3 1983 353 13524 22.0 31.0 2.87 1.   5.
 3 1983 354 13597 22.0 31.0 2.87 1.   0.
 3 1983 355 13670 22.0 31.0 2.87 1.   7.
 3 1983 356 13742 22.0 31.0 2.87 1.   0.
 3 1983 357 13815 22.0 31.0 2.87 1.   0.
 3 1983 358 13888 22.0 31.0 2.87 1.   2.
 3 1983 359 13961 22.0 31.0 2.87 1.   0.
 3 1983 360 14034 22.0 31.0 2.87 1.   0.
 3 1983 361 14106 22.0 31.0 2.87 1.   0.
 3 1983 362 14179 22.0 31.0 2.87 1.  16.
 3 1983 363 14252 22.0 31.0 2.87 1.   0.
 3 1983 364 14325 22.0 31.0 2.87 1.   0.
 3 1983 365 14398 22.0 31.0 2.87 1.   2.
