*-------------------------------------------------------------*
* Station name: Bah Lias Research Station
* Year: 1980
* Author: W. Gerritsma
* Source: Meteorological records, Bah Lias Research Station
*         P.T.P.P. London Sumatra Indonesia
*         P.O. box 1054
*         Medan 20011
*         Sumatra Utara
*         Indonesia
*
* Longitude: 99 20 E, latitude: 3 11 N, altitude: 30 m
*
* Interpolated daily values
*
* Column  Daily value
* 1       station number
* 2       year
* 3       day
* 4       daily shortwave radiation     (kJ m-2 d-1)
* 5       minimum temperature           (degrees C)
* 6       maximum temperature           (degrees C)
* 7       early morning vapour pressure (kPa)
* 8       mean wind speed (height: 2 m) (m s-1)
* 9       precipitation                 (mm day-1)
*-------------------------------------------------------------*
99.3  3.16  30.0  0.00  0.00
 3 1980   1 14411 22.0 31.0 2.87 1.   0.
 3 1980   2 14506 22.0 31.0 2.87 1.   0.
 3 1980   3 14601 22.0 31.0 2.87 1.   0.
 3 1980   4 14696 22.0 31.0 2.87 1.   0.
 3 1980   5 14790 22.0 31.0 2.87 1.   0.
 3 1980   6 14885 22.0 31.0 2.87 1.   0.
 3 1980   7 14980 22.0 31.0 2.87 1.   0.
 3 1980   8 15075 22.0 31.0 2.87 1.   0.
 3 1980   9 15170 22.0 31.0 2.87 1.   0.
 3 1980  10 15264 22.0 31.0 2.87 1.   0.
 3 1980  11 15359 22.0 31.0 2.87 1.   0.
 3 1980  12 15454 22.0 31.0 2.87 1.   0.
 3 1980  13 15549 22.0 31.0 2.87 1.  45.
 3 1980  14 15643 22.0 31.0 2.87 1.   0.
 3 1980  15 15738 22.0 31.0 2.87 1.   0.
 3 1980  16 15803 22.0 31.0 2.87 1.   0.
 3 1980  17 15868 22.0 31.0 2.87 1.   0.
 3 1980  18 15934 22.0 31.0 2.87 1.   0.
 3 1980  19 15999 22.0 31.0 2.87 1.   0.
 3 1980  20 16064 22.0 31.0 2.87 1.   3.
 3 1980  21 16129 22.0 31.0 2.87 1.   0.
 3 1980  22 16194 22.0 31.0 2.87 1.   0.
 3 1980  23 16259 22.0 31.0 2.87 1.   0.
 3 1980  24 16325 22.0 31.0 2.87 1.   0.
 3 1980  25 16390 22.0 31.0 2.87 1.   0.
 3 1980  26 16455 22.0 31.0 2.87 1.   0.
 3 1980  27 16520 22.0 31.0 2.87 1.   0.
 3 1980  28 16585 22.0 31.0 2.87 1.   0.
 3 1980  29 16650 22.0 31.0 2.87 1.   0.
 3 1980  30 16715 22.0 31.0 2.87 1.   0.
 3 1980  31 16781 22.0 31.0 2.87 1.   0.
 3 1980  32 16846 22.0 31.0 2.87 1.   0.
 3 1980  33 16911 22.0 31.0 2.87 1.   0.
 3 1980  34 16976 22.0 31.0 2.87 1.   0.
 3 1980  35 17041 22.0 31.0 2.87 1.   0.
 3 1980  36 17107 22.0 31.0 2.87 1.   0.
 3 1980  37 17172 22.0 31.0 2.87 1.   0.
 3 1980  38 17237 22.0 31.0 2.87 1.  12.
 3 1980  39 17302 22.0 31.0 2.87 1.   0.
 3 1980  40 17367 22.0 31.0 2.87 1.   0.
 3 1980  41 17432 22.0 31.0 2.87 1.  22.
 3 1980  42 17498 22.0 31.0 2.87 1.  17.
 3 1980  43 17563 22.0 31.0 2.87 1.   0.
 3 1980  44 17628 22.0 31.0 2.87 1.   0.
 3 1980  45 17693 22.0 31.0 2.87 1.  34.
 3 1980  46 17712 22.0 31.0 2.87 1.   0.
 3 1980  47 17730 22.0 31.0 2.87 1.   0.
 3 1980  48 17749 22.0 31.0 2.87 1.   0.
 3 1980  49 17767 22.0 31.0 2.87 1.  26.
 3 1980  50 17786 22.0 31.0 2.87 1.   0.
 3 1980  51 17804 22.0 31.0 2.87 1.   0.
 3 1980  52 17823 22.0 31.0 2.87 1.   0.
 3 1980  53 17841 22.0 31.0 2.87 1.   0.
 3 1980  54 17860 22.0 31.0 2.87 1.   0.
 3 1980  55 17878 22.0 31.0 2.87 1.   0.
 3 1980  56 17897 22.0 31.0 2.87 1.   0.
 3 1980  57 17915 22.0 31.0 2.87 1.   0.
 3 1980  58 17934 22.0 31.0 2.87 1.   0.
 3 1980  59 17952 22.0 31.0 2.87 1.   0.
 3 1980  60 17971 22.0 31.0 2.87 1.   0.
 3 1980  61 17990 22.0 31.0 2.87 1.   0.
 3 1980  62 18008 22.0 31.0 2.87 1.   2.
 3 1980  63 18027 22.0 31.0 2.87 1.   0.
 3 1980  64 18045 22.0 31.0 2.87 1.  17.
 3 1980  65 18064 22.0 31.0 2.87 1.   0.
 3 1980  66 18082 22.0 31.0 2.87 1.   0.
 3 1980  67 18101 22.0 31.0 2.87 1.   0.
 3 1980  68 18119 22.0 31.0 2.87 1.   0.
 3 1980  69 18138 22.0 31.0 2.87 1.   0.
 3 1980  70 18156 22.0 31.0 2.87 1.   0.
 3 1980  71 18175 22.0 31.0 2.87 1.   0.
 3 1980  72 18193 22.0 31.0 2.87 1.   0.
 3 1980  73 18212 22.0 31.0 2.87 1.  29.
 3 1980  74 18230 22.0 31.0 2.87 1.   0.
 3 1980  75 18249 22.0 31.0 2.87 1.   0.
 3 1980  76 18207 22.0 31.0 2.87 1.   0.
 3 1980  77 18166 22.0 31.0 2.87 1.   0.
 3 1980  78 18124 22.0 31.0 2.87 1.   0.
 3 1980  79 18082 22.0 31.0 2.87 1.   0.
 3 1980  80 18040 22.0 31.0 2.87 1.   0.
 3 1980  81 17999 22.0 31.0 2.87 1.   0.
 3 1980  82 17957 22.0 31.0 2.87 1.   0.
 3 1980  83 17915 22.0 31.0 2.87 1.   0.
 3 1980  84 17874 22.0 31.0 2.87 1.   0.
 3 1980  85 17832 22.0 31.0 2.87 1.   0.
 3 1980  86 17790 22.0 31.0 2.87 1.   0.
 3 1980  87 17748 22.0 31.0 2.87 1.   0.
 3 1980  88 17707 22.0 31.0 2.87 1.   0.
 3 1980  89 17665 22.0 31.0 2.87 1.   0.
 3 1980  90 17623 22.0 31.0 2.87 1.   0.
 3 1980  91 17582 22.0 31.0 2.87 1.   0.
 3 1980  92 17540 22.0 31.0 2.87 1.   0.
 3 1980  93 17498 22.0 31.0 2.87 1.   3.
 3 1980  94 17457 22.0 31.0 2.87 1.   0.
 3 1980  95 17415 22.0 31.0 2.87 1.   0.
 3 1980  96 17373 22.0 31.0 2.87 1.   0.
 3 1980  97 17331 22.0 31.0 2.87 1.   0.
 3 1980  98 17290 22.0 31.0 2.87 1.  35.
 3 1980  99 17248 22.0 31.0 2.87 1.   0.
 3 1980 100 17206 22.0 31.0 2.87 1.   0.
 3 1980 101 17165 22.0 31.0 2.87 1.   0.
 3 1980 102 17123 22.0 31.0 2.87 1.   0.
 3 1980 103 17081 22.0 31.0 2.87 1.   0.
 3 1980 104 17039 22.0 31.0 2.87 1.   0.
 3 1980 105 16998 22.0 31.0 2.87 1.   0.
 3 1980 106 16956 22.0 31.0 2.87 1.   0.
 3 1980 107 17001 22.0 31.0 2.87 1.   0.
 3 1980 108 17047 22.0 31.0 2.87 1.   0.
 3 1980 109 17092 22.0 31.0 2.87 1.   4.
 3 1980 110 17137 22.0 31.0 2.87 1.   0.
 3 1980 111 17183 22.0 31.0 2.87 1.   0.
 3 1980 112 17228 22.0 31.0 2.87 1.   0.
 3 1980 113 17273 22.0 31.0 2.87 1.   0.
 3 1980 114 17319 22.0 31.0 2.87 1.   0.
 3 1980 115 17364 22.0 31.0 2.87 1.   0.
 3 1980 116 17409 22.0 31.0 2.87 1.   0.
 3 1980 117 17455 22.0 31.0 2.87 1.   0.
 3 1980 118 17500 22.0 31.0 2.87 1.  20.
 3 1980 119 17545 22.0 31.0 2.87 1.   0.
 3 1980 120 17591 22.0 31.0 2.87 1.   0.
 3 1980 121 17636 22.0 31.0 2.87 1.   1.
 3 1980 122 17681 22.0 31.0 2.87 1.   0.
 3 1980 123 17727 22.0 31.0 2.87 1.   0.
 3 1980 124 17772 22.0 31.0 2.87 1.   0.
 3 1980 125 17817 22.0 31.0 2.87 1.   7.
 3 1980 126 17863 22.0 31.0 2.87 1.   0.
 3 1980 127 17908 22.0 31.0 2.87 1.   0.
 3 1980 128 17953 22.0 31.0 2.87 1.   0.
 3 1980 129 17999 22.0 31.0 2.87 1.   0.
 3 1980 130 18044 22.0 31.0 2.87 1.   0.
 3 1980 131 18089 22.0 31.0 2.87 1.  37.
 3 1980 132 18135 22.0 31.0 2.87 1.  36.
 3 1980 133 18180 22.0 31.0 2.87 1.   0.
 3 1980 134 18225 22.0 31.0 2.87 1.   1.
 3 1980 135 18271 22.0 31.0 2.87 1.   2.
 3 1980 136 18316 22.0 31.0 2.87 1.   0.
 3 1980 137 18294 22.0 31.0 2.87 1.   0.
 3 1980 138 18272 22.0 31.0 2.87 1.   8.
 3 1980 139 18250 22.0 31.0 2.87 1.   0.
 3 1980 140 18229 22.0 31.0 2.87 1.   0.
 3 1980 141 18207 22.0 31.0 2.87 1.   0.
 3 1980 142 18185 22.0 31.0 2.87 1.   0.
 3 1980 143 18163 22.0 31.0 2.87 1.   0.
 3 1980 144 18141 22.0 31.0 2.87 1.   0.
 3 1980 145 18119 22.0 31.0 2.87 1.   0.
 3 1980 146 18097 22.0 31.0 2.87 1.   0.
 3 1980 147 18075 22.0 31.0 2.87 1.  13.
 3 1980 148 18054 22.0 31.0 2.87 1.   0.
 3 1980 149 18032 22.0 31.0 2.87 1.   0.
 3 1980 150 18010 22.0 31.0 2.87 1.  20.
 3 1980 151 17988 22.0 31.0 2.87 1.   0.
 3 1980 152 17966 22.0 31.0 2.87 1.   0.
 3 1980 153 17944 22.0 31.0 2.87 1.   0.
 3 1980 154 17922 22.0 31.0 2.87 1.   0.
 3 1980 155 17900 22.0 31.0 2.87 1.   0.
 3 1980 156 17879 22.0 31.0 2.87 1.   4.
 3 1980 157 17857 22.0 31.0 2.87 1.   1.
 3 1980 158 17835 22.0 31.0 2.87 1.   0.
 3 1980 159 17813 22.0 31.0 2.87 1.   0.
 3 1980 160 17791 22.0 31.0 2.87 1.   0.
 3 1980 161 17769 22.0 31.0 2.87 1.   0.
 3 1980 162 17747 22.0 31.0 2.87 1.   0.
 3 1980 163 17725 22.0 31.0 2.87 1.   0.
 3 1980 164 17704 22.0 31.0 2.87 1.   0.
 3 1980 165 17682 22.0 31.0 2.87 1.   0.
 3 1980 166 17660 22.0 31.0 2.87 1.   0.
 3 1980 167 17638 22.0 31.0 2.87 1.  28.
 3 1980 168 17660 22.0 31.0 2.87 1.   0.
 3 1980 169 17682 22.0 31.0 2.87 1.   0.
 3 1980 170 17703 22.0 31.0 2.87 1.   0.
 3 1980 171 17725 22.0 31.0 2.87 1.   0.
 3 1980 172 17747 22.0 31.0 2.87 1.   0.
 3 1980 173 17769 22.0 31.0 2.87 1.   0.
 3 1980 174 17790 22.0 31.0 2.87 1.  38.
 3 1980 175 17812 22.0 31.0 2.87 1.   0.
 3 1980 176 17834 22.0 31.0 2.87 1.   0.
 3 1980 177 17856 22.0 31.0 2.87 1.   0.
 3 1980 178 17877 22.0 31.0 2.87 1.   1.
 3 1980 179 17899 22.0 31.0 2.87 1.   0.
 3 1980 180 17921 22.0 31.0 2.87 1.   0.
 3 1980 181 17943 22.0 31.0 2.87 1.   0.
 3 1980 182 17965 22.0 31.0 2.87 1.   0.
 3 1980 183 17986 22.0 31.0 2.87 1.   0.
 3 1980 184 18008 22.0 31.0 2.87 1.   0.
 3 1980 185 18030 22.0 31.0 2.87 1.   0.
 3 1980 186 18052 22.0 31.0 2.87 1.   0.
 3 1980 187 18073 22.0 31.0 2.87 1.  16.
 3 1980 188 18095 22.0 31.0 2.87 1.   0.
 3 1980 189 18117 22.0 31.0 2.87 1.  14.
 3 1980 190 18139 22.0 31.0 2.87 1.   2.
 3 1980 191 18160 22.0 31.0 2.87 1.   0.
 3 1980 192 18182 22.0 31.0 2.87 1.   0.
 3 1980 193 18204 22.0 31.0 2.87 1.   1.
 3 1980 194 18226 22.0 31.0 2.87 1.  16.
 3 1980 195 18247 22.0 31.0 2.87 1.   0.
 3 1980 196 18269 22.0 31.0 2.87 1.   0.
 3 1980 197 18291 22.0 31.0 2.87 1.   0.
 3 1980 198 18279 22.0 31.0 2.87 1.   0.
 3 1980 199 18267 22.0 31.0 2.87 1.  26.
 3 1980 200 18255 22.0 31.0 2.87 1.   0.
 3 1980 201 18243 22.0 31.0 2.87 1.   0.
 3 1980 202 18231 22.0 31.0 2.87 1.   8.
 3 1980 203 18219 22.0 31.0 2.87 1.   0.
 3 1980 204 18207 22.0 31.0 2.87 1.   0.
 3 1980 205 18195 22.0 31.0 2.87 1.   1.
 3 1980 206 18183 22.0 31.0 2.87 1.   0.
 3 1980 207 18171 22.0 31.0 2.87 1.   0.
 3 1980 208 18159 22.0 31.0 2.87 1.  30.
 3 1980 209 18147 22.0 31.0 2.87 1.  41.
 3 1980 210 18135 22.0 31.0 2.87 1.   0.
 3 1980 211 18123 22.0 31.0 2.87 1.   0.
 3 1980 212 18111 22.0 31.0 2.87 1.   0.
 3 1980 213 18098 22.0 31.0 2.87 1.   0.
 3 1980 214 18086 22.0 31.0 2.87 1.  14.
 3 1980 215 18074 22.0 31.0 2.87 1.   0.
 3 1980 216 18062 22.0 31.0 2.87 1.   3.
 3 1980 217 18050 22.0 31.0 2.87 1.   4.
 3 1980 218 18038 22.0 31.0 2.87 1.   0.
 3 1980 219 18026 22.0 31.0 2.87 1.  13.
 3 1980 220 18014 22.0 31.0 2.87 1.   0.
 3 1980 221 18002 22.0 31.0 2.87 1.  76.
 3 1980 222 17990 22.0 31.0 2.87 1.   0.
 3 1980 223 17978 22.0 31.0 2.87 1.   5.
 3 1980 224 17966 22.0 31.0 2.87 1.   0.
 3 1980 225 17954 22.0 31.0 2.87 1.   3.
 3 1980 226 17942 22.0 31.0 2.87 1.   0.
 3 1980 227 17930 22.0 31.0 2.87 1.   0.
 3 1980 228 17918 22.0 31.0 2.87 1.   0.
 3 1980 229 17880 22.0 31.0 2.87 1.   0.
 3 1980 230 17842 22.0 31.0 2.87 1.  16.
 3 1980 231 17804 22.0 31.0 2.87 1.   0.
 3 1980 232 17767 22.0 31.0 2.87 1.   0.
 3 1980 233 17729 22.0 31.0 2.87 1.  32.
 3 1980 234 17691 22.0 31.0 2.87 1.   0.
 3 1980 235 17653 22.0 31.0 2.87 1.   0.
 3 1980 236 17615 22.0 31.0 2.87 1.  17.
 3 1980 237 17577 22.0 31.0 2.87 1.   0.
 3 1980 238 17540 22.0 31.0 2.87 1.   0.
 3 1980 239 17502 22.0 31.0 2.87 1.   0.
 3 1980 240 17464 22.0 31.0 2.87 1.  11.
 3 1980 241 17426 22.0 31.0 2.87 1.  10.
 3 1980 242 17388 22.0 31.0 2.87 1.  13.
 3 1980 243 17350 22.0 31.0 2.87 1.   0.
 3 1980 244 17313 22.0 31.0 2.87 1.   1.
 3 1980 245 17275 22.0 31.0 2.87 1.   1.
 3 1980 246 17237 22.0 31.0 2.87 1.  39.
 3 1980 247 17199 22.0 31.0 2.87 1.   0.
 3 1980 248 17161 22.0 31.0 2.87 1.  21.
 3 1980 249 17123 22.0 31.0 2.87 1.   9.
 3 1980 250 17086 22.0 31.0 2.87 1.  20.
 3 1980 251 17048 22.0 31.0 2.87 1.   0.
 3 1980 252 17010 22.0 31.0 2.87 1.   2.
 3 1980 253 16972 22.0 31.0 2.87 1.   0.
 3 1980 254 16934 22.0 31.0 2.87 1.  25.
 3 1980 255 16896 22.0 31.0 2.87 1.   0.
 3 1980 256 16859 22.0 31.0 2.87 1.   0.
 3 1980 257 16821 22.0 31.0 2.87 1.   0.
 3 1980 258 16783 22.0 31.0 2.87 1.  18.
 3 1980 259 16745 22.0 31.0 2.87 1.  26.
 3 1980 260 16648 22.0 31.0 2.87 1.   0.
 3 1980 261 16551 22.0 31.0 2.87 1.   0.
 3 1980 262 16454 22.0 31.0 2.87 1.   0.
 3 1980 263 16356 22.0 31.0 2.87 1.  21.
 3 1980 264 16259 22.0 31.0 2.87 1.   2.
 3 1980 265 16162 22.0 31.0 2.87 1.   1.
 3 1980 266 16065 22.0 31.0 2.87 1.   0.
 3 1980 267 15968 22.0 31.0 2.87 1.   0.
 3 1980 268 15871 22.0 31.0 2.87 1.   9.
 3 1980 269 15774 22.0 31.0 2.87 1.   0.
 3 1980 270 15677 22.0 31.0 2.87 1.   0.
 3 1980 271 15579 22.0 31.0 2.87 1.   0.
 3 1980 272 15482 22.0 31.0 2.87 1.   0.
 3 1980 273 15385 22.0 31.0 2.87 1.   0.
 3 1980 274 15288 22.0 31.0 2.87 1.  53.
 3 1980 275 15191 22.0 31.0 2.87 1.   0.
 3 1980 276 15094 22.0 31.0 2.87 1.  38.
 3 1980 277 14997 22.0 31.0 2.87 1.   5.
 3 1980 278 14899 22.0 31.0 2.87 1.   0.
 3 1980 279 14802 22.0 31.0 2.87 1.   0.
 3 1980 280 14705 22.0 31.0 2.87 1.   0.
 3 1980 281 14608 22.0 31.0 2.87 1.   0.
 3 1980 282 14511 22.0 31.0 2.87 1.   0.
 3 1980 283 14414 22.0 31.0 2.87 1.   0.
 3 1980 284 14317 22.0 31.0 2.87 1.   0.
 3 1980 285 14220 22.0 31.0 2.87 1.   0.
 3 1980 286 14122 22.0 31.0 2.87 1.  56.
 3 1980 287 14025 22.0 31.0 2.87 1.   0.
 3 1980 288 13928 22.0 31.0 2.87 1.   2.
 3 1980 289 13831 22.0 31.0 2.87 1.   0.
 3 1980 290 13792 22.0 31.0 2.87 1.  11.
 3 1980 291 13753 22.0 31.0 2.87 1.   0.
 3 1980 292 13714 22.0 31.0 2.87 1.   0.
 3 1980 293 13676 22.0 31.0 2.87 1.   0.
 3 1980 294 13637 22.0 31.0 2.87 1.   4.
 3 1980 295 13598 22.0 31.0 2.87 1.  17.
 3 1980 296 13559 22.0 31.0 2.87 1.   3.
 3 1980 297 13520 22.0 31.0 2.87 1.   0.
 3 1980 298 13481 22.0 31.0 2.87 1.  11.
 3 1980 299 13442 22.0 31.0 2.87 1.   0.
 3 1980 300 13403 22.0 31.0 2.87 1.   0.
 3 1980 301 13365 22.0 31.0 2.87 1.  17.
 3 1980 302 13326 22.0 31.0 2.87 1.   0.
 3 1980 303 13287 22.0 31.0 2.87 1.   2.
 3 1980 304 13248 22.0 31.0 2.87 1.  25.
 3 1980 305 13209 22.0 31.0 2.87 1.   0.
 3 1980 306 13170 22.0 31.0 2.87 1.   0.
 3 1980 307 13131 22.0 31.0 2.87 1.  71.
 3 1980 308 13092 22.0 31.0 2.87 1.   0.
 3 1980 309 13054 22.0 31.0 2.87 1.   7.
 3 1980 310 13015 22.0 31.0 2.87 1.   0.
 3 1980 311 12976 22.0 31.0 2.87 1.   1.
 3 1980 312 12937 22.0 31.0 2.87 1.   0.
 3 1980 313 12898 22.0 31.0 2.87 1.   0.
 3 1980 314 12859 22.0 31.0 2.87 1.   0.
 3 1980 315 12820 22.0 31.0 2.87 1.   0.
 3 1980 316 12781 22.0 31.0 2.87 1.   0.
 3 1980 317 12743 22.0 31.0 2.87 1.   0.
 3 1980 318 12704 22.0 31.0 2.87 1.   0.
 3 1980 319 12665 22.0 31.0 2.87 1.   0.
 3 1980 320 12626 22.0 31.0 2.87 1.   0.
 3 1980 321 12641 22.0 31.0 2.87 1.  23.
 3 1980 322 12657 22.0 31.0 2.87 1.  23.
 3 1980 323 12672 22.0 31.0 2.87 1.   0.
 3 1980 324 12687 22.0 31.0 2.87 1.   0.
 3 1980 325 12703 22.0 31.0 2.87 1.   1.
 3 1980 326 12718 22.0 31.0 2.87 1.   1.
 3 1980 327 12733 22.0 31.0 2.87 1.   0.
 3 1980 328 12748 22.0 31.0 2.87 1.  16.
 3 1980 329 12764 22.0 31.0 2.87 1.   0.
 3 1980 330 12779 22.0 31.0 2.87 1.   0.
 3 1980 331 12794 22.0 31.0 2.87 1.   0.
 3 1980 332 12810 22.0 31.0 2.87 1.   0.
 3 1980 333 12825 22.0 31.0 2.87 1.   0.
 3 1980 334 12840 22.0 31.0 2.87 1.   0.
 3 1980 335 12856 22.0 31.0 2.87 1.  32.
 3 1980 336 12871 22.0 31.0 2.87 1.   0.
 3 1980 337 12886 22.0 31.0 2.87 1.   0.
 3 1980 338 12901 22.0 31.0 2.87 1.   0.
 3 1980 339 12917 22.0 31.0 2.87 1.  11.
 3 1980 340 12932 22.0 31.0 2.87 1.   0.
 3 1980 341 12947 22.0 31.0 2.87 1.   0.
 3 1980 342 12963 22.0 31.0 2.87 1.   0.
 3 1980 343 12978 22.0 31.0 2.87 1.   0.
 3 1980 344 12993 22.0 31.0 2.87 1.   0.
 3 1980 345 13009 22.0 31.0 2.87 1.   0.
 3 1980 346 13024 22.0 31.0 2.87 1.  71.
 3 1980 347 13039 22.0 31.0 2.87 1.  18.
 3 1980 348 13054 22.0 31.0 2.87 1.  29.
 3 1980 349 13070 22.0 31.0 2.87 1.   0.
 3 1980 350 13085 22.0 31.0 2.87 1.   5.
 3 1980 351 13168 22.0 31.0 2.87 1.   5.
 3 1980 352 13251 22.0 31.0 2.87 1.   0.
 3 1980 353 13334 22.0 31.0 2.87 1.   0.
 3 1980 354 13417 22.0 31.0 2.87 1.   0.
 3 1980 355 13500 22.0 31.0 2.87 1.   0.
 3 1980 356 13582 22.0 31.0 2.87 1.  24.
 3 1980 357 13665 22.0 31.0 2.87 1.   0.
 3 1980 358 13748 22.0 31.0 2.87 1.  10.
 3 1980 359 13831 22.0 31.0 2.87 1.   0.
 3 1980 360 13914 22.0 31.0 2.87 1.   0.
 3 1980 361 13997 22.0 31.0 2.87 1.   0.
 3 1980 362 14080 22.0 31.0 2.87 1.   0.
 3 1980 363 14163 22.0 31.0 2.87 1.   0.
 3 1980 364 14246 22.0 31.0 2.87 1.   0.
 3 1980 365 14329 22.0 31.0 2.87 1.   6.
 3 1980 366 14411 22.0 31.0 2.87 1.   0.
