*-------------------------------------------------------------*
* Station name: Bah Lias Research Station
* Year: 1987
* Author: W. Gerritsma
* Source: Meteorological records, Bah Lias Research Station
*         P.T.P.P. London Sumatra Indonesia
*         P.O. box 1054
*         Medan 20011
*         Sumatra Utara
*         Indonesia
*
* Longitude: 99 20 E, latitude: 3 11 N, altitude: 30 m
*
* Interploated daily values
*
* Column  Daily value
* 1       station number
* 2       year
* 3       day
* 4       daily shortwave radiation     (kJ m-2 d-1)
* 5       minimum temperature           (degrees C)
* 6       maximum temperature           (degrees C)
* 7       early morning vapour pressure (kPa)
* 8       mean wind speed (height: 2 m) (m s-1)
* 9       precipitation                 (mm day-1)
*-------------------------------------------------------------*
99.3  3.16  30.0  0.00  0.00
 3 1987   1 13577 22.0 31.0 2.87 1.   0.
 3 1987   2 13582 22.0 31.0 2.87 1.   2.
 3 1987   3 13587 22.0 31.0 2.87 1.   0.
 3 1987   4 13591 22.0 31.0 2.87 1.   0.
 3 1987   5 13596 22.0 31.0 2.87 1.   0.
 3 1987   6 13601 22.0 31.0 2.87 1.  10.
 3 1987   7 13606 22.0 31.0 2.87 1.   0.
 3 1987   8 13611 22.0 31.0 2.87 1.   0.
 3 1987   9 13615 22.0 31.0 2.87 1.   0.
 3 1987  10 13620 22.0 31.0 2.87 1.  11.
 3 1987  11 13625 22.0 31.0 2.87 1.   0.
 3 1987  12 13630 22.0 31.0 2.87 1.   0.
 3 1987  13 13634 22.0 31.0 2.87 1.   0.
 3 1987  14 13639 22.0 31.0 2.87 1.   0.
 3 1987  15 13644 22.0 31.0 2.87 1.   0.
 3 1987  16 13816 22.0 31.0 2.87 1.   0.
 3 1987  17 13987 22.0 31.0 2.87 1.   0.
 3 1987  18 14159 22.0 31.0 2.87 1.   5.
 3 1987  19 14331 22.0 31.0 2.87 1.   0.
 3 1987  20 14502 22.0 31.0 2.87 1.  20.
 3 1987  21 14674 22.0 31.0 2.87 1.   0.
 3 1987  22 14845 22.0 31.0 2.87 1.   0.
 3 1987  23 15017 22.0 31.0 2.87 1.   0.
 3 1987  24 15189 22.0 31.0 2.87 1.   4.
 3 1987  25 15360 22.0 31.0 2.87 1.   0.
 3 1987  26 15532 22.0 31.0 2.87 1.   0.
 3 1987  27 15704 22.0 31.0 2.87 1.   0.
 3 1987  28 15875 22.0 31.0 2.87 1.   5.
 3 1987  29 16047 22.0 31.0 2.87 1.   9.
 3 1987  30 16219 22.0 31.0 2.87 1.   0.
 3 1987  31 16390 22.0 31.0 2.87 1.   0.
 3 1987  32 16562 22.0 31.0 2.87 1.   0.
 3 1987  33 16733 22.0 31.0 2.87 1.   0.
 3 1987  34 16905 22.0 31.0 2.87 1.   0.
 3 1987  35 17077 22.0 31.0 2.87 1.   0.
 3 1987  36 17248 22.0 31.0 2.87 1.   0.
 3 1987  37 17420 22.0 31.0 2.87 1.   8.
 3 1987  38 17592 22.0 31.0 2.87 1.   0.
 3 1987  39 17763 22.0 31.0 2.87 1.   0.
 3 1987  40 17935 22.0 31.0 2.87 1.   0.
 3 1987  41 18106 22.0 31.0 2.87 1.   0.
 3 1987  42 18278 22.0 31.0 2.87 1.   0.
 3 1987  43 18450 22.0 31.0 2.87 1.   0.
 3 1987  44 18621 22.0 31.0 2.87 1.   0.
 3 1987  45 18793 22.0 31.0 2.87 1.   0.
 3 1987  46 18654 22.0 31.0 2.87 1.   5.
 3 1987  47 18515 22.0 31.0 2.87 1.   0.
 3 1987  48 18375 22.0 31.0 2.87 1.   0.
 3 1987  49 18236 22.0 31.0 2.87 1.   0.
 3 1987  50 18097 22.0 31.0 2.87 1.   0.
 3 1987  51 17958 22.0 31.0 2.87 1.   0.
 3 1987  52 17819 22.0 31.0 2.87 1.   0.
 3 1987  53 17680 22.0 31.0 2.87 1.   0.
 3 1987  54 17540 22.0 31.0 2.87 1.   0.
 3 1987  55 17401 22.0 31.0 2.87 1.   0.
 3 1987  56 17262 22.0 31.0 2.87 1.   0.
 3 1987  57 17123 22.0 31.0 2.87 1.   0.
 3 1987  58 16984 22.0 31.0 2.87 1.   0.
 3 1987  59 16845 22.0 31.0 2.87 1.   0.
 3 1987  60 16705 22.0 31.0 2.87 1.   0.
 3 1987  61 16566 22.0 31.0 2.87 1.   0.
 3 1987  62 16427 22.0 31.0 2.87 1.   0.
 3 1987  63 16288 22.0 31.0 2.87 1.   0.
 3 1987  64 16149 22.0 31.0 2.87 1.   0.
 3 1987  65 16010 22.0 31.0 2.87 1.   0.
 3 1987  66 15870 22.0 31.0 2.87 1.   0.
 3 1987  67 15731 22.0 31.0 2.87 1.   0.
 3 1987  68 15592 22.0 31.0 2.87 1.   0.
 3 1987  69 15453 22.0 31.0 2.87 1.   0.
 3 1987  70 15314 22.0 31.0 2.87 1.   1.
 3 1987  71 15175 22.0 31.0 2.87 1.   0.
 3 1987  72 15035 22.0 31.0 2.87 1.   0.
 3 1987  73 14896 22.0 31.0 2.87 1.   2.
 3 1987  74 14757 22.0 31.0 2.87 1.   9.
 3 1987  75 14814 22.0 31.0 2.87 1.   0.
 3 1987  76 14871 22.0 31.0 2.87 1.   7.
 3 1987  77 14929 22.0 31.0 2.87 1.   0.
 3 1987  78 14986 22.0 31.0 2.87 1.   0.
 3 1987  79 15043 22.0 31.0 2.87 1.   7.
 3 1987  80 15100 22.0 31.0 2.87 1.   0.
 3 1987  81 15157 22.0 31.0 2.87 1.   0.
 3 1987  82 15215 22.0 31.0 2.87 1.   0.
 3 1987  83 15272 22.0 31.0 2.87 1.   7.
 3 1987  84 15329 22.0 31.0 2.87 1.   0.
 3 1987  85 15386 22.0 31.0 2.87 1.   0.
 3 1987  86 15443 22.0 31.0 2.87 1.   0.
 3 1987  87 15501 22.0 31.0 2.87 1.   0.
 3 1987  88 15558 22.0 31.0 2.87 1.   1.
 3 1987  89 15615 22.0 31.0 2.87 1.   2.
 3 1987  90 15672 22.0 31.0 2.87 1.   0.
 3 1987  91 15729 22.0 31.0 2.87 1.   0.
 3 1987  92 15786 22.0 31.0 2.87 1.   0.
 3 1987  93 15844 22.0 31.0 2.87 1.   0.
 3 1987  94 15901 22.0 31.0 2.87 1.   0.
 3 1987  95 15958 22.0 31.0 2.87 1.   0.
 3 1987  96 16015 22.0 31.0 2.87 1.   0.
 3 1987  97 16072 22.0 31.0 2.87 1.  10.
 3 1987  98 16130 22.0 31.0 2.87 1.   1.
 3 1987  99 16187 22.0 31.0 2.87 1.   2.
 3 1987 100 16244 22.0 31.0 2.87 1.   0.
 3 1987 101 16301 22.0 31.0 2.87 1.  18.
 3 1987 102 16358 22.0 31.0 2.87 1.   0.
 3 1987 103 16416 22.0 31.0 2.87 1.   0.
 3 1987 104 16473 22.0 31.0 2.87 1.   1.
 3 1987 105 16530 22.0 31.0 2.87 1.   6.
 3 1987 106 16465 22.0 31.0 2.87 1.   6.
 3 1987 107 16399 22.0 31.0 2.87 1.   0.
 3 1987 108 16334 22.0 31.0 2.87 1.   7.
 3 1987 109 16269 22.0 31.0 2.87 1.  12.
 3 1987 110 16204 22.0 31.0 2.87 1.  11.
 3 1987 111 16138 22.0 31.0 2.87 1.   0.
 3 1987 112 16073 22.0 31.0 2.87 1.   0.
 3 1987 113 16008 22.0 31.0 2.87 1.   2.
 3 1987 114 15943 22.0 31.0 2.87 1.   1.
 3 1987 115 15877 22.0 31.0 2.87 1.  14.
 3 1987 116 15812 22.0 31.0 2.87 1.   0.
 3 1987 117 15747 22.0 31.0 2.87 1.   0.
 3 1987 118 15682 22.0 31.0 2.87 1.   1.
 3 1987 119 15616 22.0 31.0 2.87 1.  13.
 3 1987 120 15551 22.0 31.0 2.87 1.  15.
 3 1987 121 15486 22.0 31.0 2.87 1.   1.
 3 1987 122 15420 22.0 31.0 2.87 1.   0.
 3 1987 123 15355 22.0 31.0 2.87 1.   0.
 3 1987 124 15290 22.0 31.0 2.87 1.   0.
 3 1987 125 15225 22.0 31.0 2.87 1.   0.
 3 1987 126 15159 22.0 31.0 2.87 1.   0.
 3 1987 127 15094 22.0 31.0 2.87 1.   9.
 3 1987 128 15029 22.0 31.0 2.87 1.   5.
 3 1987 129 14964 22.0 31.0 2.87 1.   0.
 3 1987 130 14898 22.0 31.0 2.87 1.   0.
 3 1987 131 14833 22.0 31.0 2.87 1.   7.
 3 1987 132 14768 22.0 31.0 2.87 1.   2.
 3 1987 133 14703 22.0 31.0 2.87 1.   0.
 3 1987 134 14637 22.0 31.0 2.87 1.   0.
 3 1987 135 14572 22.0 31.0 2.87 1.   8.
 3 1987 136 14569 22.0 31.0 2.87 1.   0.
 3 1987 137 14565 22.0 31.0 2.87 1.   0.
 3 1987 138 14562 22.0 31.0 2.87 1.   0.
 3 1987 139 14559 22.0 31.0 2.87 1.   0.
 3 1987 140 14555 22.0 31.0 2.87 1.   0.
 3 1987 141 14552 22.0 31.0 2.87 1.   0.
 3 1987 142 14549 22.0 31.0 2.87 1.   3.
 3 1987 143 14545 22.0 31.0 2.87 1.   0.
 3 1987 144 14542 22.0 31.0 2.87 1.  25.
 3 1987 145 14538 22.0 31.0 2.87 1.   0.
 3 1987 146 14535 22.0 31.0 2.87 1.   0.
 3 1987 147 14532 22.0 31.0 2.87 1.  11.
 3 1987 148 14528 22.0 31.0 2.87 1.   0.
 3 1987 149 14525 22.0 31.0 2.87 1.   7.
 3 1987 150 14522 22.0 31.0 2.87 1.   0.
 3 1987 151 14518 22.0 31.0 2.87 1.   5.
 3 1987 152 14515 22.0 31.0 2.87 1.  10.
 3 1987 153 14512 22.0 31.0 2.87 1.   0.
 3 1987 154 14508 22.0 31.0 2.87 1.   0.
 3 1987 155 14505 22.0 31.0 2.87 1.   0.
 3 1987 156 14502 22.0 31.0 2.87 1.   0.
 3 1987 157 14498 22.0 31.0 2.87 1.   1.
 3 1987 158 14495 22.0 31.0 2.87 1.   0.
 3 1987 159 14491 22.0 31.0 2.87 1.   1.
 3 1987 160 14488 22.0 31.0 2.87 1.   0.
 3 1987 161 14485 22.0 31.0 2.87 1.   0.
 3 1987 162 14481 22.0 31.0 2.87 1.   0.
 3 1987 163 14478 22.0 31.0 2.87 1.  10.
 3 1987 164 14475 22.0 31.0 2.87 1.   0.
 3 1987 165 14471 22.0 31.0 2.87 1.   0.
 3 1987 166 14468 22.0 31.0 2.87 1.   0.
 3 1987 167 14593 22.0 31.0 2.87 1.   0.
 3 1987 168 14718 22.0 31.0 2.87 1.   0.
 3 1987 169 14843 22.0 31.0 2.87 1.   0.
 3 1987 170 14968 22.0 31.0 2.87 1.   0.
 3 1987 171 15093 22.0 31.0 2.87 1.   0.
 3 1987 172 15218 22.0 31.0 2.87 1.   5.
 3 1987 173 15343 22.0 31.0 2.87 1.   0.
 3 1987 174 15468 22.0 31.0 2.87 1.   0.
 3 1987 175 15593 22.0 31.0 2.87 1.  36.
 3 1987 176 15718 22.0 31.0 2.87 1.   0.
 3 1987 177 15843 22.0 31.0 2.87 1.   0.
 3 1987 178 15968 22.0 31.0 2.87 1.   0.
 3 1987 179 16093 22.0 31.0 2.87 1.   0.
 3 1987 180 16218 22.0 31.0 2.87 1.   1.
 3 1987 181 16343 22.0 31.0 2.87 1.   8.
 3 1987 182 16468 22.0 31.0 2.87 1.   0.
 3 1987 183 16593 22.0 31.0 2.87 1.   0.
 3 1987 184 16718 22.0 31.0 2.87 1.   0.
 3 1987 185 16843 22.0 31.0 2.87 1.   0.
 3 1987 186 16968 22.0 31.0 2.87 1.  21.
 3 1987 187 17093 22.0 31.0 2.87 1.   0.
 3 1987 188 17218 22.0 31.0 2.87 1.   0.
 3 1987 189 17343 22.0 31.0 2.87 1.  15.
 3 1987 190 17468 22.0 31.0 2.87 1.   0.
 3 1987 191 17593 22.0 31.0 2.87 1.   0.
 3 1987 192 17718 22.0 31.0 2.87 1.   0.
 3 1987 193 17843 22.0 31.0 2.87 1.   0.
 3 1987 194 17968 22.0 31.0 2.87 1.   0.
 3 1987 195 18093 22.0 31.0 2.87 1.   0.
 3 1987 196 18218 22.0 31.0 2.87 1.   0.
 3 1987 197 18155 22.0 31.0 2.87 1.   0.
 3 1987 198 18092 22.0 31.0 2.87 1.   0.
 3 1987 199 18028 22.0 31.0 2.87 1.   0.
 3 1987 200 17965 22.0 31.0 2.87 1.   0.
 3 1987 201 17902 22.0 31.0 2.87 1.   0.
 3 1987 202 17839 22.0 31.0 2.87 1.  38.
 3 1987 203 17775 22.0 31.0 2.87 1.   0.
 3 1987 204 17712 22.0 31.0 2.87 1.   0.
 3 1987 205 17649 22.0 31.0 2.87 1.   0.
 3 1987 206 17586 22.0 31.0 2.87 1.   0.
 3 1987 207 17523 22.0 31.0 2.87 1.   0.
 3 1987 208 17459 22.0 31.0 2.87 1.   4.
 3 1987 209 17396 22.0 31.0 2.87 1.   0.
 3 1987 210 17333 22.0 31.0 2.87 1.   6.
 3 1987 211 17270 22.0 31.0 2.87 1.  24.
 3 1987 212 17206 22.0 31.0 2.87 1.   6.
 3 1987 213 17143 22.0 31.0 2.87 1.   0.
 3 1987 214 17080 22.0 31.0 2.87 1.   0.
 3 1987 215 17017 22.0 31.0 2.87 1.   0.
 3 1987 216 16953 22.0 31.0 2.87 1.   6.
 3 1987 217 16890 22.0 31.0 2.87 1.   3.
 3 1987 218 16827 22.0 31.0 2.87 1.   0.
 3 1987 219 16764 22.0 31.0 2.87 1.   0.
 3 1987 220 16701 22.0 31.0 2.87 1.   0.
 3 1987 221 16637 22.0 31.0 2.87 1.   0.
 3 1987 222 16574 22.0 31.0 2.87 1.   0.
 3 1987 223 16511 22.0 31.0 2.87 1.  19.
 3 1987 224 16448 22.0 31.0 2.87 1.   0.
 3 1987 225 16384 22.0 31.0 2.87 1.   0.
 3 1987 226 16321 22.0 31.0 2.87 1.   4.
 3 1987 227 16258 22.0 31.0 2.87 1.   8.
 3 1987 228 16231 22.0 31.0 2.87 1.  10.
 3 1987 229 16205 22.0 31.0 2.87 1.   0.
 3 1987 230 16178 22.0 31.0 2.87 1.  20.
 3 1987 231 16152 22.0 31.0 2.87 1.   7.
 3 1987 232 16125 22.0 31.0 2.87 1.   0.
 3 1987 233 16099 22.0 31.0 2.87 1.   1.
 3 1987 234 16072 22.0 31.0 2.87 1.   0.
 3 1987 235 16046 22.0 31.0 2.87 1.   0.
 3 1987 236 16019 22.0 31.0 2.87 1.   1.
 3 1987 237 15993 22.0 31.0 2.87 1.   0.
 3 1987 238 15966 22.0 31.0 2.87 1.   0.
 3 1987 239 15940 22.0 31.0 2.87 1.   0.
 3 1987 240 15913 22.0 31.0 2.87 1.   9.
 3 1987 241 15887 22.0 31.0 2.87 1.  16.
 3 1987 242 15860 22.0 31.0 2.87 1.   0.
 3 1987 243 15834 22.0 31.0 2.87 1.   5.
 3 1987 244 15807 22.0 31.0 2.87 1.   0.
 3 1987 245 15781 22.0 31.0 2.87 1.   0.
 3 1987 246 15754 22.0 31.0 2.87 1.   4.
 3 1987 247 15728 22.0 31.0 2.87 1.   0.
 3 1987 248 15701 22.0 31.0 2.87 1.  15.
 3 1987 249 15675 22.0 31.0 2.87 1.  14.
 3 1987 250 15648 22.0 31.0 2.87 1.  57.
 3 1987 251 15622 22.0 31.0 2.87 1.   0.
 3 1987 252 15595 22.0 31.0 2.87 1.   0.
 3 1987 253 15569 22.0 31.0 2.87 1.   0.
 3 1987 254 15542 22.0 31.0 2.87 1.   0.
 3 1987 255 15516 22.0 31.0 2.87 1.   0.
 3 1987 256 15489 22.0 31.0 2.87 1.  64.
 3 1987 257 15463 22.0 31.0 2.87 1.  39.
 3 1987 258 15436 22.0 31.0 2.87 1.   3.
 3 1987 259 15420 22.0 31.0 2.87 1.   0.
 3 1987 260 15404 22.0 31.0 2.87 1.   0.
 3 1987 261 15388 22.0 31.0 2.87 1.   0.
 3 1987 262 15372 22.0 31.0 2.87 1.   8.
 3 1987 263 15356 22.0 31.0 2.87 1.   0.
 3 1987 264 15340 22.0 31.0 2.87 1.   0.
 3 1987 265 15324 22.0 31.0 2.87 1.   0.
 3 1987 266 15308 22.0 31.0 2.87 1.   3.
 3 1987 267 15292 22.0 31.0 2.87 1.   8.
 3 1987 268 15276 22.0 31.0 2.87 1.  55.
 3 1987 269 15260 22.0 31.0 2.87 1.   0.
 3 1987 270 15244 22.0 31.0 2.87 1.   0.
 3 1987 271 15228 22.0 31.0 2.87 1.   0.
 3 1987 272 15212 22.0 31.0 2.87 1.  59.
 3 1987 273 15196 22.0 31.0 2.87 1.  37.
 3 1987 274 15181 22.0 31.0 2.87 1.  11.
 3 1987 275 15165 22.0 31.0 2.87 1.   0.
 3 1987 276 15149 22.0 31.0 2.87 1.   0.
 3 1987 277 15133 22.0 31.0 2.87 1.   0.
 3 1987 278 15117 22.0 31.0 2.87 1.   0.
 3 1987 279 15101 22.0 31.0 2.87 1.   0.
 3 1987 280 15085 22.0 31.0 2.87 1.   1.
 3 1987 281 15069 22.0 31.0 2.87 1.   0.
 3 1987 282 15053 22.0 31.0 2.87 1.  92.
 3 1987 283 15037 22.0 31.0 2.87 1.   4.
 3 1987 284 15021 22.0 31.0 2.87 1.   0.
 3 1987 285 15005 22.0 31.0 2.87 1.   0.
 3 1987 286 14989 22.0 31.0 2.87 1.   2.
 3 1987 287 14973 22.0 31.0 2.87 1.   0.
 3 1987 288 14957 22.0 31.0 2.87 1.   0.
 3 1987 289 14950 22.0 31.0 2.87 1.   0.
 3 1987 290 14943 22.0 31.0 2.87 1.   0.
 3 1987 291 14936 22.0 31.0 2.87 1.   0.
 3 1987 292 14930 22.0 31.0 2.87 1.   4.
 3 1987 293 14923 22.0 31.0 2.87 1.   3.
 3 1987 294 14916 22.0 31.0 2.87 1.   0.
 3 1987 295 14909 22.0 31.0 2.87 1.  29.
 3 1987 296 14902 22.0 31.0 2.87 1.   0.
 3 1987 297 14895 22.0 31.0 2.87 1.   0.
 3 1987 298 14889 22.0 31.0 2.87 1.   0.
 3 1987 299 14882 22.0 31.0 2.87 1.   6.
 3 1987 300 14875 22.0 31.0 2.87 1.  11.
 3 1987 301 14868 22.0 31.0 2.87 1.   0.
 3 1987 302 14861 22.0 31.0 2.87 1.   7.
 3 1987 303 14854 22.0 31.0 2.87 1.   7.
 3 1987 304 14848 22.0 31.0 2.87 1.   0.
 3 1987 305 14841 22.0 31.0 2.87 1.   0.
 3 1987 306 14834 22.0 31.0 2.87 1.   0.
 3 1987 307 14827 22.0 31.0 2.87 1.  54.
 3 1987 308 14820 22.0 31.0 2.87 1.   2.
 3 1987 309 14813 22.0 31.0 2.87 1.  11.
 3 1987 310 14807 22.0 31.0 2.87 1.   0.
 3 1987 311 14800 22.0 31.0 2.87 1.   2.
 3 1987 312 14793 22.0 31.0 2.87 1.   3.
 3 1987 313 14786 22.0 31.0 2.87 1.  28.
 3 1987 314 14779 22.0 31.0 2.87 1.  15.
 3 1987 315 14772 22.0 31.0 2.87 1.   0.
 3 1987 316 14766 22.0 31.0 2.87 1.  52.
 3 1987 317 14759 22.0 31.0 2.87 1.   8.
 3 1987 318 14752 22.0 31.0 2.87 1.   0.
 3 1987 319 14745 22.0 31.0 2.87 1.  43.
 3 1987 320 14704 22.0 31.0 2.87 1.   0.
 3 1987 321 14663 22.0 31.0 2.87 1.  14.
 3 1987 322 14622 22.0 31.0 2.87 1.   0.
 3 1987 323 14580 22.0 31.0 2.87 1.   0.
 3 1987 324 14539 22.0 31.0 2.87 1.   0.
 3 1987 325 14498 22.0 31.0 2.87 1.   0.
 3 1987 326 14457 22.0 31.0 2.87 1.  14.
 3 1987 327 14416 22.0 31.0 2.87 1.   0.
 3 1987 328 14375 22.0 31.0 2.87 1.   2.
 3 1987 329 14333 22.0 31.0 2.87 1.   0.
 3 1987 330 14292 22.0 31.0 2.87 1.   0.
 3 1987 331 14251 22.0 31.0 2.87 1.   0.
 3 1987 332 14210 22.0 31.0 2.87 1.   0.
 3 1987 333 14169 22.0 31.0 2.87 1.   0.
 3 1987 334 14127 22.0 31.0 2.87 1.   2.
 3 1987 335 14086 22.0 31.0 2.87 1.   0.
 3 1987 336 14045 22.0 31.0 2.87 1.  11.
 3 1987 337 14004 22.0 31.0 2.87 1.  11.
 3 1987 338 13963 22.0 31.0 2.87 1.   0.
 3 1987 339 13922 22.0 31.0 2.87 1.   0.
 3 1987 340 13880 22.0 31.0 2.87 1.   0.
 3 1987 341 13839 22.0 31.0 2.87 1.   0.
 3 1987 342 13798 22.0 31.0 2.87 1.   0.
 3 1987 343 13757 22.0 31.0 2.87 1.   0.
 3 1987 344 13716 22.0 31.0 2.87 1.   0.
 3 1987 345 13675 22.0 31.0 2.87 1.   2.
 3 1987 346 13634 22.0 31.0 2.87 1.  18.
 3 1987 347 13592 22.0 31.0 2.87 1.   0.
 3 1987 348 13551 22.0 31.0 2.87 1.   7.
 3 1987 349 13510 22.0 31.0 2.87 1.   0.
 3 1987 350 13514 22.0 31.0 2.87 1.   1.
 3 1987 351 13518 22.0 31.0 2.87 1.   0.
 3 1987 352 13523 22.0 31.0 2.87 1.   5.
 3 1987 353 13527 22.0 31.0 2.87 1.   5.
 3 1987 354 13531 22.0 31.0 2.87 1.   0.
 3 1987 355 13535 22.0 31.0 2.87 1.   0.
 3 1987 356 13539 22.0 31.0 2.87 1.   0.
 3 1987 357 13543 22.0 31.0 2.87 1.   5.
 3 1987 358 13548 22.0 31.0 2.87 1.   0.
 3 1987 359 13552 22.0 31.0 2.87 1.   0.
 3 1987 360 13556 22.0 31.0 2.87 1.   0.
 3 1987 361 13560 22.0 31.0 2.87 1.   0.
 3 1987 362 13564 22.0 31.0 2.87 1.   1.
 3 1987 363 13569 22.0 31.0 2.87 1.   2.
 3 1987 364 13573 22.0 31.0 2.87 1.   0.
 3 1987 365 13577 22.0 31.0 2.87 1.   0.
