*---------------------------------------------------------*
*   Country: Indonesia
*   Station: Bah Lias
*      Year: 1993
*    Author: W. Gerritsma
*    Source: Meteorological records, Bah Lias Research Station
*            P.T.P.P. London Sumatra Indonesia
*            P.O. box 1054
*            Medan 20011
*            Sumatra Utara
*            Indonesia
* Longitude: 99 20 E
*  Latitude: 03 11 S
* Elevation: 30 m.
*  WMO-code: -
*  Comments:
*
*  Columns:
*  ========
*  station number
*  year
*  day
*  global radiation (kJ m-2 d-1)
*  minimum temperature (degrees Celsius)
*  maximum temperature (degrees Celsius)
*  vapour pressure (kPa)
*  mean wind speed (m s-1)
*  precipitation (mm d-1)
*---------------------------------------------------------*
99.3  3.16  30.0  0.00  0.00
3 1993   1 11520 22.0 30.7 2.56 1.00  0.0
3 1993   2 14256 22.3 31.5 2.61 0.82  3.0
3 1993   3 14940 20.0 31.0 2.27 0.45  0.0
3 1993   4 11052 22.0 31.0 2.56 0.42 13.5
3 1993   5 12564 21.7 31.0 2.52 0.67 11.4
3 1993   6 14832 22.2 31.9 2.60 0.53  0.0
3 1993   7 14832 22.8 32.0 2.69 0.47  1.0
3 1993   8 16416 21.0 31.5 2.41 0.72 41.5
3 1993   9 19980 22.5 32.5 2.59 0.85  0.0
3 1993  10 17460 22.8 32.5 2.53 0.77  0.0
3 1993  11 16200 22.4 33.0 2.46 0.53  0.0
3 1993  12  8100 21.8 29.8 2.51 0.46 10.8
3 1993  13 23292 20.2 33.8 2.30 0.72  0.0
3 1993  14 15516 22.4 31.7 2.63 0.60  0.0
3 1993  15  8568 23.7 30.7 2.87 0.53 25.0
3 1993  16 16308 23.0 31.1 2.72 0.72  0.0
3 1993  17 11880 22.7 31.3 2.59 0.51 10.0
3 1993  18 19728 23.2 32.4 2.79 1.09 20.8
3 1993  19 12420 22.6 30.6 2.66 0.66  0.0
3 1993  20 19044 22.8 34.2 2.64 1.12 35.0
3 1993  21 15624 23.2 32.0 2.76 0.80  0.0
3 1993  22 20088 23.0 31.6 2.72 0.85  0.0
3 1993  23 13248 22.2 32.1 2.49 0.30  0.0
3 1993  24 20664 19.8 32.4 2.24 0.55  0.0
3 1993  25 15984 22.2 31.2 2.54 0.66  0.0
3 1993  26 14724 21.7 31.2 2.52 0.63  0.0
3 1993  27 17208 22.0 30.7 2.56 0.56  0.0
3 1993  28 13464 23.1 30.3 2.71 0.65  0.0
3 1993  29 20412 22.8 31.4 2.69 0.86  0.0
3 1993  30 16524 22.1 30.7 2.58 1.21  1.0
3 1993  31  9000 18.5 29.0 1.96 0.70  0.7
3 1993  32 13680 21.7 30.2 2.39 0.75  0.0
3 1993  33 18720 21.7 32.4 2.47 0.49  0.0
3 1993  34 19404 21.7 32.1 2.52 0.75  0.0
3 1993  35 12096 24.7 31.7 2.89 0.66  8.5
3 1993  36 14940 22.5 31.0 2.59 0.87  6.7
3 1993  37 10944 24.6 30.2 2.75 0.81  1.0
3 1993  38 29664 21.4 32.1 2.40 0.75  0.0
3 1993  39 23040 21.5 32.1 2.49 0.72  0.0
3 1993  40 14364 20.0 32.3 2.24 0.47 16.0
3 1993  41 15624 22.5 31.5 2.64 0.79  5.0
3 1993  42 11988 22.8 30.5 2.72 0.64  5.0
3 1993  43 14256 22.2 31.5 2.54 0.64  9.4
3 1993  44 21564 21.5 31.8 2.49 0.89  0.0
3 1993  45 21204 21.6 32.1 2.48 0.85  0.0
3 1993  46  5004 23.2 28.8 2.70 0.47  5.0
3 1993  47 16992 21.5 31.6 2.49 0.66  0.0
3 1993  48 16416 22.6 32.3 2.71 0.87  4.5
3 1993  49 15732 22.5 31.1 2.64 0.81  0.0
3 1993  50 17676 22.2 31.8 2.57 0.78 16.0
3 1993  51 17460 21.7 33.2 2.52 0.70  4.0
3 1993  52 15732 23.0 31.0 2.75 0.93  1.0
3 1993  53 16308 21.4 30.8 2.47 0.64  0.0
3 1993  54 24408 20.8 32.9 2.38 0.67  0.0
3 1993  55 23724 21.0 32.8 2.41 1.18  0.0
3 1993  56 21456 20.1 32.4 2.26 0.72  0.0
3 1993  57 21888 21.3 33.3 2.46 0.63  0.0
3 1993  58 22248 21.5 33.3 2.49 1.13 26.0
3 1993  59 14148 22.0 28.5 2.59 0.49  0.0
3 1993  60 17460 23.3 32.1 2.77 0.93 43.5
3 1993  61 22716 21.0 32.0 2.41 0.85  0.0
3 1993  62 17460 23.2 32.0 2.73 0.66  0.0
3 1993  63 19980 20.3 32.8 2.31 0.56  0.0
3 1993  64 20520 20.7 32.8 2.34 0.60  0.0
3 1993  65 14148 21.9 31.4 2.55 0.50  0.0
3 1993  66  9108 22.6 30.3 2.69 0.32  0.0
3 1993  67 19728 20.3 32.7 2.31 0.83 55.0
3 1993  68 20088 22.1 31.4 2.58 0.76  3.0
3 1993  69 10044 22.2 29.3 2.57 0.48  1.9
3 1993  70 20880 22.7 32.6 2.68 1.13  0.0
3 1993  71 14940 22.8 34.0 2.69 0.82  4.0
3 1993  72 22248 22.9 37.6 2.65 1.03  5.0
3 1993  73 18468 22.3 31.3 2.61 1.09 46.9
3 1993  74 21456 22.5 32.0 2.64 0.77  0.9
3 1993  75 20412 22.4 34.3 2.65 0.65 10.0
3 1993  76 21564 22.7 32.7 2.68 0.78  0.7
3 1993  77 20664 22.7 32.6 2.62 0.90  1.0
3 1993  78 20988 21.9 33.7 2.55 1.18  0.0
3 1993  79  9792 22.1 31.5 2.55 0.73  9.4
3 1993  80 16416 22.5 31.8 2.59 0.68  3.7
3 1993  81 20412 23.1 32.3 2.74 0.82  0.0
3 1993  82 16776 21.8 31.8 2.53 0.67  4.5
3 1993  83 22464 21.8 33.8 2.53 0.60  0.0
3 1993  84 18144 22.2 32.4 2.60 0.63  0.0
3 1993  85 16416 23.3 31.8 2.80 0.56  0.0
3 1993  86 15300 22.5 31.0 2.59 0.67  0.0
3 1993  87 13356 22.5 31.0 2.59 0.57  0.0
3 1993  88 16416 21.2 32.1 2.44 0.60  0.0
3 1993  89 10260 21.5 31.4 2.49 0.50 13.2
3 1993  90 12204 23.7 29.8 2.81 0.62  3.0
3 1993  91 16308 23.3 31.7 2.72 0.74  0.0
3 1993  92  8100 23.2 29.2 2.79 0.39  0.0
3 1993  93 23976 22.0 32.8 2.56 0.85  0.0
3 1993  94 24300 21.4 33.3 2.45 0.78  0.0
3 1993  95 14616 22.7 30.7 2.62 0.53  0.0
3 1993  96 20412 22.0 32.8 2.56 0.75  0.0
3 1993  97 16092 22.6 32.4 2.66 0.71  0.0
3 1993  98 12780 22.2 32.0 2.49 0.58  0.0
3 1993  99 12096 23.0 32.7 2.72 0.75  2.1
3 1993 100 22248 22.8 34.3 2.69 0.93  0.0
3 1993 101 15048 23.8 33.7 2.77 0.76 52.5
3 1993 102 11880 23.3 31.2 2.69 0.46  0.0
3 1993 103 18144 22.6 32.3 2.66 0.62  0.0
3 1993 104 15840 23.2 33.3 2.70 0.66  0.0
3 1993 105 22824 22.5 33.5 2.64 1.15  0.0
3 1993 106 14940 23.0 31.2 2.67 0.62  7.0
3 1993 107 19296 24.3 33.0 2.92 0.82  0.0
3 1993 108 21204 22.0 33.4 2.51 1.03  8.4
3 1993 109 17676 23.0 31.8 2.75 0.68  0.0
3 1993 110 23040 22.7 33.4 2.68 0.68  0.0
3 1993 111 15984 22.6 30.7 2.66 0.61  0.0
3 1993 112 24084 22.6 33.4 2.66 0.94  2.0
3 1993 113 13932 22.8 30.7 2.66 0.69 14.1
3 1993 114 21348 22.2 33.5 2.60 0.57  0.0
3 1993 115 20772 23.8 34.0 2.74 0.81  2.3
3 1993 116 16200 24.3 32.7 2.92 0.90  0.0
3 1993 117  9252 22.8 30.5 2.64 0.52  0.0
3 1993 118 15984 23.2 31.8 2.76 0.54  0.0
3 1993 119 13788 23.7 32.1 2.84 0.68  0.0
3 1993 120 20304 22.0 33.9 2.54 0.62  0.0
3 1993 121  9252 23.7 30.8 2.84 0.58  0.0
3 1993 122 20412 22.5 33.2 2.53 0.56  0.0
3 1993 123 11520 22.7 31.2 2.68 0.42  0.0
3 1993 124 24768 22.8 33.8 2.69 0.81  0.0
3 1993 125 10836 23.5 31.5 2.81 0.45  1.0
3 1993 126 20664 23.2 33.2 2.70 0.59  0.0
3 1993 127 20196 23.7 33.2 2.78 0.75  0.0
3 1993 128 10476 24.1 31.6 2.91 0.69  1.0
3 1993 129 21456 23.2 32.8 2.70 0.86  0.0
3 1993 130 18936 22.2 33.3 2.57 0.80 48.7
3 1993 131 16992 23.2 32.2 2.76 0.80  0.0
3 1993 132  8784 23.2 33.0 2.76 0.63  0.0
3 1993 133 16308 24.2 33.2 2.93 0.48  0.0
3 1993 134  8892 23.6 31.4 2.85 0.63 10.7
3 1993 135 16668 23.2 32.3 2.76 0.79  0.0
3 1993 136 18720 23.1 31.5 2.68 1.02 29.4
3 1993 137 17208 22.1 31.2 2.58 0.73  0.0
3 1993 138 15984 21.7 32.4 2.52 0.62  0.0
3 1993 139 19044 23.9 32.3 2.88 0.94 24.0
3 1993 140 19404 22.5 31.8 2.64 1.03  0.0
3 1993 141 14148 23.5 31.7 2.72 0.63  0.0
3 1993 142 11520 23.7 32.3 2.81 0.57  1.6
3 1993 143 12996 23.2 32.8 2.76 0.45  3.5
3 1993 144 14040 23.2 32.3 2.79 0.46  1.5
3 1993 145 20196 23.7 32.8 2.81 0.66  0.0
3 1993 146 17676 23.7 33.0 2.72 0.63  0.0
3 1993 147  7416 23.8 30.2 2.80 0.39 14.7
3 1993 148 20880 23.2 33.4 2.76 0.65  0.0
3 1993 149 19836 23.3 33.2 2.75 0.93  0.0
3 1993 150  9936 23.5 33.5 2.84 0.79  0.0
3 1993 151 22716 22.2 33.5 2.49 1.00  0.0
3 1993 152 11304 21.9 32.0 2.50 0.37  0.0
3 1993 153 22032 22.4 33.0 2.55 0.72  0.0
3 1993 154 18612 23.0 33.9 2.61 0.92 40.0
3 1993 155 20088 22.2 33.6 2.54 0.62  0.0
3 1993 156  5580 23.7 29.8 2.78 0.61  0.0
3 1993 157 23724 23.3 33.5 2.72 0.95  0.0
3 1993 158 11160 23.4 30.1 2.73 0.54  0.0
3 1993 159 21780 21.7 33.2 2.52 0.72  0.0
3 1993 160 21672 24.1 33.8 2.85 0.99  0.0
3 1993 161 20412 24.5 34.0 2.98 0.78  0.0
3 1993 162 17676 24.0 34.0 2.89 0.72  2.0
3 1993 163 22932 21.9 33.6 2.55 0.83  0.0
3 1993 164 23040 22.5 34.8 2.59 0.81  0.0
3 1993 165 11880 22.7 32.9 2.68 0.43  8.0
3 1993 166 12204 22.7 31.6 2.68 0.33  4.5
3 1993 167 20880 22.1 33.8 2.58 0.51  0.0
3 1993 168 22248 23.2 33.9 2.70 0.96  0.0
3 1993 169 13464 21.8 30.9 2.48 0.88  3.2
3 1993 170 18144 21.7 32.5 2.47 0.72 48.0
3 1993 171 22032 21.5 33.2 2.44 0.93  0.0
3 1993 172 18612 23.0 32.6 2.67 0.72  0.0
3 1993 173 16416 24.0 32.3 2.89 0.82  0.0
3 1993 174 10836 23.3 30.8 2.72 0.39  0.0
3 1993 175 21204 23.2 33.2 2.76 0.79  0.0
3 1993 176 21204 23.7 33.7 2.78 0.73  0.0
3 1993 177 19620 23.5 33.0 2.81 0.74  0.0
3 1993 178 13788 22.4 31.7 2.57 1.13 11.0
3 1993 179 16668 23.3 32.7 2.75 0.70  0.0
3 1993 180 19152 24.2 34.3 2.96 0.84  6.0
3 1993 181 11412 23.2 34.4 2.73 0.49 16.3
3 1993 182 19044 23.3 32.7 2.69 1.13  3.0
3 1993 183 22032 22.7 30.2 2.59 0.49  0.0
3 1993 184 13788 23.6 32.5 2.80 0.46  0.0
3 1993 185  5364 23.4 29.8 2.79 0.38  0.0
3 1993 186 10476 22.3 30.5 2.61 0.62 33.0
3 1993 187 18252 22.0 31.3 2.51 0.70  0.0
3 1993 188 23040 22.8 33.4 2.72 0.92  0.0
3 1993 189 16668 21.5 32.7 2.44 0.90  5.5
3 1993 190 10476 21.3 30.3 2.43 0.49  0.0
3 1993 191 20412 22.8 33.3 2.66 0.65  0.0
3 1993 192 21780 22.0 33.5 2.46 0.64  0.0
3 1993 193 19296 23.3 33.3 2.77 0.56  0.0
3 1993 194 12204 24.1 32.2 2.85 0.78  0.0
3 1993 195 15984 24.6 33.2 2.97 0.69  0.0
3 1993 196 19404 23.5 33.3 2.78 1.13  0.0
3 1993 197 12996 23.6 31.7 2.85 0.54  0.0
3 1993 198 21780 22.9 32.7 2.71 0.89  0.0
3 1993 199 20412 23.3 33.5 2.80 0.61  0.0
3 1993 200 15624 24.3 32.3 2.98 0.91  0.0
3 1993 201 15984 21.7 31.3 2.47 0.66  0.0
3 1993 202 22248 22.5 33.3 2.64 0.80  0.0
3 1993 203  6264 22.3 28.5 2.56 0.47  0.0
3 1993 204 22716 22.1 32.8 2.58 0.87  0.0
3 1993 205 19404 21.7 32.7 2.52 0.91  0.0
3 1993 206 12672 22.8 31.0 2.66 0.68  0.0
3 1993 207 13464 22.7 32.5 2.68 0.86  0.0
3 1993 208 10620 23.2 29.4 2.76 0.53  0.0
3 1993 209 11628 23.5 32.2 2.75 0.63  0.0
3 1993 210 20412 22.6 33.3 2.66 0.67  0.0
3 1993 211 22248 24.0 33.8 2.83 0.66  0.0
3 1993 212 22716 23.3 33.2 2.75 0.73  0.0
3 1993 213 19296 24.2 32.3 2.93 0.66  0.0
3 1993 214 22932 22.7 34.2 2.65 0.72  0.0
3 1993 215 23832 22.8 34.3 2.55 1.04  0.0
3 1993 216 18612 23.7 32.0 2.81 0.83  0.0
3 1993 217 11628 24.5 32.2 2.98 0.66  0.0
3 1993 218 17208 21.7 32.1 2.52 0.90  0.0
3 1993 219 24876 22.8 32.7 2.66 0.82  0.0
3 1993 220 23148 22.7 32.5 2.65 0.92  0.0
3 1993 221 17568 22.5 32.6 2.64 0.72  0.0
3 1993 222 25560 22.2 32.2 2.60 0.66  0.0
3 1993 223  8568 22.3 32.2 2.56 0.49  0.0
3 1993 224 22356 22.4 33.6 2.57 0.84  0.0
3 1993 225 23292 22.3 33.6 2.58 1.00  0.0
3 1993 226 22464 23.5 33.8 2.69 0.87  0.0
3 1993 227 11304 23.8 31.5 2.74 0.52  0.0
3 1993 228 12780 23.6 31.7 2.80 0.75  0.0
3 1993 229 23616 21.8 33.3 2.53 0.67  0.0
3 1993 230 16668 23.5 32.5 2.81 0.89  0.0
3 1993 231 21780 22.3 33.7 2.61 1.14  0.0
3 1993 232 13248 22.1 32.3 2.58 0.72  0.0
3 1993 233 15048 22.8 32.3 2.61 1.10  0.0
3 1993 234 14724 22.5 31.2 2.64 0.68  0.0
3 1993 235 16308 23.0 32.8 2.72 1.11  0.0
3 1993 236 12204 23.0 30.3 2.72 0.41  0.0
3 1993 237 15156 23.1 30.7 2.63 0.75  0.0
3 1993 238 16992 22.7 31.3 2.68 0.78  0.0
3 1993 239 18720 22.3 32.0 2.61 0.83  0.0
3 1993 240 24408 22.4 32.2 2.57 0.92  0.0
3 1993 241 19980 22.8 32.6 2.66 0.94  0.0
3 1993 242 17208 22.4 32.3 2.60 0.73  0.0
3 1993 243 13464 23.3 29.6 2.77 0.48  0.0
3 1993 244 18720 23.6 32.4 2.85 0.95  0.0
3 1993 245 16200 22.7 31.4 2.68 0.53  0.0
3 1993 246 20880 22.5 32.7 2.62 0.96  0.0
3 1993 247 21564 21.3 32.7 2.43 0.84  0.0
3 1993 248 23724 21.5 33.2 2.64 1.25  0.0
3 1993 249 16776 21.7 31.1 2.52 0.41  0.0
3 1993 250 12780 23.2 30.1 2.67 0.51  0.0
3 1993 251 14364 22.7 30.2 2.68 0.79  0.0
3 1993 252 18144 23.2 32.2 2.76 1.12  0.0
3 1993 253 23616 22.2 32.9 2.57 1.06  0.0
3 1993 254 17928 22.0 32.9 2.54 1.07  0.0
3 1993 255 13464 22.3 31.0 2.56 0.72  0.0
3 1993 256 12564 22.7 31.7 2.68 0.82  0.0
3 1993 257 25452 21.2 32.7 2.44 0.80  0.0
3 1993 258 19980 22.7 31.7 2.57 1.05  0.0
3 1993 259 18360 21.7 31.8 2.52 0.79  0.0
3 1993 260 20304 22.8 31.1 2.64 0.99  0.0
3 1993 261 20880 22.2 32.0 2.57 0.75  0.0
3 1993 262 21348 22.0 32.4 2.56 0.79  0.0
3 1993 263 12780 22.6 30.1 2.60 0.56  0.0
3 1993 264 16308 23.3 31.7 2.75 0.57  0.0
3 1993 265 13680 22.8 31.8 2.69 0.35  0.0
3 1993 266 14364 22.4 30.8 2.63 0.41  0.0
3 1993 267 13680 22.8 30.1 2.66 0.60  0.0
3 1993 268 14364 22.4 32.0 2.63 0.73  0.0
3 1993 269 15732 22.5 32.3 2.67 0.84  1.5
3 1993 270 12204 22.6 30.3 2.66 0.34  0.0
3 1993 271 16884 23.1 32.7 2.77 0.81  9.0
3 1993 272 12996 22.3 31.7 2.61 0.54  1.5
3 1993 273 18936 23.1 32.5 2.74 0.90  0.0
3 1993 274 13932 22.8 29.8 2.66 0.65  0.0
3 1993 275 16308 22.6 32.2 2.69 0.82 10.0
3 1993 276 12312 22.4 30.2 2.60 0.59  0.0
3 1993 277 13572 23.5 30.6 2.78 0.75  1.0
3 1993 278 11880 24.0 29.8 2.89 0.76  1.0
3 1993 279 14472 23.7 30.6 2.87 0.90 19.0
3 1993 280 19620 22.0 32.7 2.56 0.79  0.0
3 1993 281 13572 22.8 32.3 2.66 0.73 15.5
3 1993 282 12204 22.5 32.3 2.64 0.59  0.0
3 1993 283 16776 23.0 31.5 2.67 0.90  7.5
3 1993 284  9936 22.7 29.6 2.68 0.53  0.0
3 1993 285 16092 22.5 31.1 2.64 0.63  0.0
3 1993 286 15156 22.7 31.4 2.68 0.57  3.0
3 1993 287 11736 23.2 30.2 2.73 0.32  2.5
3 1993 288 11052 23.0 30.2 2.72 0.57 10.0
3 1993 289 18936 23.0 32.3 2.72 0.78 14.0
3 1993 290 15624 22.8 31.0 2.69 0.56  0.0
3 1993 291 15732 22.1 31.7 2.53 0.82 10.0
3 1993 292 11880 22.3 32.3 2.61 0.65  5.0
3 1993 293  7308 22.6 32.3 2.66 0.31  0.0
3 1993 294 15048 22.5 31.3 2.64 0.60  1.0
3 1993 295 22932 22.3 32.4 2.58 0.78 13.5
3 1993 296  7632 22.6 28.4 2.63 0.66  1.5
3 1993 297 16884 22.8 31.3 2.72 0.71  0.0
3 1993 298 17352 22.7 32.1 2.65 0.82  0.0
3 1993 299 17676 21.0 32.0 2.41 0.82 28.0
3 1993 300  9000 22.0 28.0 2.54 0.39  0.0
3 1993 301 11628 23.3 31.3 2.75 0.58 75.0
3 1993 302 20196 22.1 32.2 2.58 0.59  0.5
3 1993 303 16092 23.6 31.1 2.83 0.59  2.5
3 1993 304 12312 23.6 32.4 2.62 0.73  0.0
3 1993 305 15840 22.4 32.3 2.63 0.63  1.0
3 1993 306 14472 22.1 31.8 2.50 0.58 14.1
3 1993 307  8892 23.7 28.7 2.87 0.59 12.3
3 1993 308 14724 23.0 31.3 2.72 0.53  1.2
3 1993 309 15156 22.8 31.2 2.69 0.63  0.0
3 1993 310 12420 22.7 29.6 2.62 0.65  4.0
3 1993 311 13788 23.1 31.2 2.71 0.48  6.8
3 1993 312 19044 23.2 32.5 2.73 0.92 23.9
3 1993 313 19296 22.6 31.8 2.66 0.67 19.0
3 1993 314 12420 23.0 31.9 2.72 0.37  3.0
3 1993 315 12888 23.1 31.8 2.71 0.62 19.3
3 1993 316  7200 23.0 31.7 2.72 0.39  3.0
3 1993 317 16992 22.5 31.8 2.64 0.82 12.3
3 1993 318 11628 21.8 29.7 2.51 0.84  2.5
3 1993 319 12420 22.7 29.4 2.68 0.38  0.0
3 1993 320 10368 22.9 29.9 2.71 0.45  3.7
3 1993 321 18936 22.9 31.3 2.68 0.56  0.0
3 1993 322 12672 21.7 29.8 2.52 0.35  0.0
3 1993 323 21204 21.6 32.2 2.50 0.77  0.0
3 1993 324 16416 22.4 31.9 2.57 0.44  0.0
3 1993 325 11052 23.1 30.5 2.74 0.28  2.0
3 1993 326 12780 23.2 31.1 2.73 0.47  0.0
3 1993 327 17460 23.3 32.0 2.77 0.95 28.0
3 1993 328 16884 23.3 31.4 2.80 0.68 23.0
3 1993 329 18612 23.1 32.2 2.74 0.93 18.5
3 1993 330 13104 23.0 29.7 2.72 0.72 23.1
3 1993 331 17676 22.5 32.3 2.64 0.57  9.5
3 1993 332 12312 23.0 30.2 2.70 0.90  0.0
3 1993 333  9792 22.8 28.8 2.61 0.51  2.3
3 1993 334 14832 22.9 31.9 2.62 0.92  7.5
3 1993 335 18612 22.1 33.2 2.61 0.88  2.5
3 1993 336 12672 23.1 31.2 2.77 0.45  4.7
3 1993 337 15048 23.6 31.0 2.80 0.61 19.3
3 1993 338 12096 22.9 31.1 2.74 0.35  2.5
3 1993 339 15300 22.5 31.9 2.64 0.89  2.0
3 1993 340 19512 23.1 32.3 2.71 0.66  0.0
3 1993 341 14364 22.7 32.3 2.68 0.67  0.0
3 1993 342 15300 22.8 31.3 2.69 0.70  4.0
3 1993 343 15408 22.0 31.8 2.59 0.51  0.0
3 1993 344 14616 24.2 31.7 2.87 0.58 33.0
3 1993 345  8784 23.9 30.7 2.91 0.61  2.5
3 1993 346 18036 21.5 32.2 2.49 1.01 21.5
3 1993 347 15624 22.7 30.0 2.62 0.74  0.0
3 1993 348 18252 23.2 31.3 2.76 1.08  2.5
3 1993 349 18252 23.0 31.6 2.53 1.05  1.2
3 1993 350 18036 22.9 30.8 2.65 0.85  0.0
3 1993 351 11160 23.1 30.5 2.74 0.51 11.5
3 1993 352  8676 22.0 30.5 2.56 0.38  0.0
3 1993 353 14616 23.6 30.6 2.83 0.83  0.0
3 1993 354 11160 22.0 30.6 2.56 0.97  1.0
3 1993 355 11988 22.1 30.8 2.53 1.01 30.8
3 1993 356 10260 22.3 30.8 2.61 0.60  4.0
3 1993 357  6732 23.0 30.4 2.72 1.02 16.7
3 1993 358  8676 22.0 29.8 2.56 0.76  4.5
3 1993 359  8784 21.7 28.7 2.52 0.45  5.7
3 1993 360 15984 21.7 29.8 2.52 0.89  0.0
3 1993 361 12312 22.1 28.5 2.47 1.05  0.0
3 1993 362 18360 21.7 29.7 2.52 0.82  0.0
3 1993 363 14940 22.2 30.2 2.46 0.90  0.0
3 1993 364 16200 22.5 31.6 2.59 0.61  0.0
3 1993 365 18936 22.0 31.6 2.46 0.51  0.0
