*-------------------------------------------------------------*
* Station name: Bah Lias Research Station
* Year: 1985
* Author: W. Gerritsma
* Source: Meteorological records, Bah Lias Research Station
*         P.T.P.P. London Sumatra Indonesia
*         P.O. box 1054
*         Medan 20011
*         Sumatra Utara
*         Indonesia
*
* Longitude: 99 20 E, latitude: 3 11 N, altitude: 30 m
*
* Interpolated daily values
*
* Column  Daily value
* 1       station number
* 2       year
* 3       day
* 4       daily shortwave radiation     (kJ m-2 d-1)
* 5       minimum temperature           (degrees C)
* 6       maximum temperature           (degrees C)
* 7       early morning vapour pressure (kPa)
* 8       mean wind speed (height: 2 m) (m s-1)
* 9       precipitation                 (mm day-1)
*-------------------------------------------------------------*
99.3  3.16  30.0  0.00  0.00
 3 1985   1 15411 22.0 31.0 2.87 1.   0.
 3 1985   2 15481 22.0 31.0 2.87 1.   0.
 3 1985   3 15551 22.0 31.0 2.87 1.   0.
 3 1985   4 15621 22.0 31.0 2.87 1.   0.
 3 1985   5 15691 22.0 31.0 2.87 1.   0.
 3 1985   6 15761 22.0 31.0 2.87 1.  20.
 3 1985   7 15831 22.0 31.0 2.87 1.   0.
 3 1985   8 15901 22.0 31.0 2.87 1.   0.
 3 1985   9 15971 22.0 31.0 2.87 1.   0.
 3 1985  10 16041 22.0 31.0 2.87 1.   0.
 3 1985  11 16111 22.0 31.0 2.87 1.   0.
 3 1985  12 16181 22.0 31.0 2.87 1.   0.
 3 1985  13 16251 22.0 31.0 2.87 1.   0.
 3 1985  14 16321 22.0 31.0 2.87 1.   0.
 3 1985  15 16391 22.0 31.0 2.87 1.   0.
 3 1985  16 16349 22.0 31.0 2.87 1.   0.
 3 1985  17 16307 22.0 31.0 2.87 1.   0.
 3 1985  18 16266 22.0 31.0 2.87 1.   0.
 3 1985  19 16224 22.0 31.0 2.87 1.   0.
 3 1985  20 16182 22.0 31.0 2.87 1.   0.
 3 1985  21 16140 22.0 31.0 2.87 1.   0.
 3 1985  22 16098 22.0 31.0 2.87 1.   0.
 3 1985  23 16056 22.0 31.0 2.87 1.   0.
 3 1985  24 16014 22.0 31.0 2.87 1.   2.
 3 1985  25 15973 22.0 31.0 2.87 1.   0.
 3 1985  26 15931 22.0 31.0 2.87 1.  37.
 3 1985  27 15889 22.0 31.0 2.87 1.   0.
 3 1985  28 15847 22.0 31.0 2.87 1.   7.
 3 1985  29 15805 22.0 31.0 2.87 1.   0.
 3 1985  30 15764 22.0 31.0 2.87 1.   0.
 3 1985  31 15722 22.0 31.0 2.87 1.   0.
 3 1985  32 15680 22.0 31.0 2.87 1.   0.
 3 1985  33 15638 22.0 31.0 2.87 1.   4.
 3 1985  34 15596 22.0 31.0 2.87 1.   0.
 3 1985  35 15554 22.0 31.0 2.87 1.   0.
 3 1985  36 15512 22.0 31.0 2.87 1.   0.
 3 1985  37 15471 22.0 31.0 2.87 1.   0.
 3 1985  38 15429 22.0 31.0 2.87 1.   0.
 3 1985  39 15387 22.0 31.0 2.87 1.   0.
 3 1985  40 15345 22.0 31.0 2.87 1.  15.
 3 1985  41 15303 22.0 31.0 2.87 1.   6.
 3 1985  42 15261 22.0 31.0 2.87 1.   0.
 3 1985  43 15220 22.0 31.0 2.87 1.   0.
 3 1985  44 15178 22.0 31.0 2.87 1.   0.
 3 1985  45 15136 22.0 31.0 2.87 1.   3.
 3 1985  46 15175 22.0 31.0 2.87 1.   0.
 3 1985  47 15214 22.0 31.0 2.87 1.   6.
 3 1985  48 15253 22.0 31.0 2.87 1.   0.
 3 1985  49 15292 22.0 31.0 2.87 1.   0.
 3 1985  50 15330 22.0 31.0 2.87 1.   0.
 3 1985  51 15369 22.0 31.0 2.87 1.  14.
 3 1985  52 15408 22.0 31.0 2.87 1.   0.
 3 1985  53 15447 22.0 31.0 2.87 1.   0.
 3 1985  54 15486 22.0 31.0 2.87 1.  21.
 3 1985  55 15525 22.0 31.0 2.87 1.   0.
 3 1985  56 15564 22.0 31.0 2.87 1.   0.
 3 1985  57 15603 22.0 31.0 2.87 1.   0.
 3 1985  58 15642 22.0 31.0 2.87 1.   0.
 3 1985  59 15681 22.0 31.0 2.87 1.  22.
 3 1985  60 15719 22.0 31.0 2.87 1.   1.
 3 1985  61 15758 22.0 31.0 2.87 1.   0.
 3 1985  62 15797 22.0 31.0 2.87 1.   0.
 3 1985  63 15836 22.0 31.0 2.87 1.   2.
 3 1985  64 15875 22.0 31.0 2.87 1.   0.
 3 1985  65 15914 22.0 31.0 2.87 1.   0.
 3 1985  66 15953 22.0 31.0 2.87 1.   0.
 3 1985  67 15992 22.0 31.0 2.87 1.   0.
 3 1985  68 16031 22.0 31.0 2.87 1.   0.
 3 1985  69 16070 22.0 31.0 2.87 1.   0.
 3 1985  70 16108 22.0 31.0 2.87 1.  21.
 3 1985  71 16147 22.0 31.0 2.87 1.   0.
 3 1985  72 16186 22.0 31.0 2.87 1.  11.
 3 1985  73 16225 22.0 31.0 2.87 1.   0.
 3 1985  74 16264 22.0 31.0 2.87 1.   0.
 3 1985  75 16264 22.0 31.0 2.87 1.  10.
 3 1985  76 16264 22.0 31.0 2.87 1.   1.
 3 1985  77 16264 22.0 31.0 2.87 1.   0.
 3 1985  78 16264 22.0 31.0 2.87 1.   4.
 3 1985  79 16264 22.0 31.0 2.87 1.   0.
 3 1985  80 16264 22.0 31.0 2.87 1.   0.
 3 1985  81 16264 22.0 31.0 2.87 1.   0.
 3 1985  82 16264 22.0 31.0 2.87 1.   0.
 3 1985  83 16264 22.0 31.0 2.87 1.   0.
 3 1985  84 16264 22.0 31.0 2.87 1.  16.
 3 1985  85 16264 22.0 31.0 2.87 1.   0.
 3 1985  86 16264 22.0 31.0 2.87 1.   0.
 3 1985  87 16264 22.0 31.0 2.87 1.   0.
 3 1985  88 16264 22.0 31.0 2.87 1.   0.
 3 1985  89 16264 22.0 31.0 2.87 1.   0.
 3 1985  90 16264 22.0 31.0 2.87 1.   0.
 3 1985  91 16264 22.0 31.0 2.87 1.   0.
 3 1985  92 16264 22.0 31.0 2.87 1.   0.
 3 1985  93 16264 22.0 31.0 2.87 1.  21.
 3 1985  94 16264 22.0 31.0 2.87 1.   4.
 3 1985  95 16264 22.0 31.0 2.87 1.   0.
 3 1985  96 16264 22.0 31.0 2.87 1.   0.
 3 1985  97 16264 22.0 31.0 2.87 1.  23.
 3 1985  98 16264 22.0 31.0 2.87 1.   0.
 3 1985  99 16264 22.0 31.0 2.87 1.   0.
 3 1985 100 16264 22.0 31.0 2.87 1.   0.
 3 1985 101 16264 22.0 31.0 2.87 1.   0.
 3 1985 102 16264 22.0 31.0 2.87 1.   0.
 3 1985 103 16264 22.0 31.0 2.87 1.  13.
 3 1985 104 16264 22.0 31.0 2.87 1.  20.
 3 1985 105 16264 22.0 31.0 2.87 1.   0.
 3 1985 106 16221 22.0 31.0 2.87 1.   0.
 3 1985 107 16178 22.0 31.0 2.87 1.   0.
 3 1985 108 16135 22.0 31.0 2.87 1.   0.
 3 1985 109 16091 22.0 31.0 2.87 1.   0.
 3 1985 110 16048 22.0 31.0 2.87 1.   8.
 3 1985 111 16005 22.0 31.0 2.87 1.   0.
 3 1985 112 15962 22.0 31.0 2.87 1.   0.
 3 1985 113 15919 22.0 31.0 2.87 1.   0.
 3 1985 114 15876 22.0 31.0 2.87 1.   4.
 3 1985 115 15833 22.0 31.0 2.87 1.   0.
 3 1985 116 15790 22.0 31.0 2.87 1.   0.
 3 1985 117 15746 22.0 31.0 2.87 1.  61.
 3 1985 118 15703 22.0 31.0 2.87 1.  29.
 3 1985 119 15660 22.0 31.0 2.87 1.   0.
 3 1985 120 15617 22.0 31.0 2.87 1.   0.
 3 1985 121 15574 22.0 31.0 2.87 1.   0.
 3 1985 122 15531 22.0 31.0 2.87 1.   0.
 3 1985 123 15488 22.0 31.0 2.87 1.   4.
 3 1985 124 15444 22.0 31.0 2.87 1.   0.
 3 1985 125 15401 22.0 31.0 2.87 1.   0.
 3 1985 126 15358 22.0 31.0 2.87 1.   0.
 3 1985 127 15315 22.0 31.0 2.87 1.   2.
 3 1985 128 15272 22.0 31.0 2.87 1.   0.
 3 1985 129 15229 22.0 31.0 2.87 1.   0.
 3 1985 130 15186 22.0 31.0 2.87 1.   0.
 3 1985 131 15143 22.0 31.0 2.87 1.   0.
 3 1985 132 15099 22.0 31.0 2.87 1.   0.
 3 1985 133 15056 22.0 31.0 2.87 1.   0.
 3 1985 134 15013 22.0 31.0 2.87 1.   0.
 3 1985 135 14970 22.0 31.0 2.87 1.   0.
 3 1985 136 15145 22.0 31.0 2.87 1.   2.
 3 1985 137 15321 22.0 31.0 2.87 1.   0.
 3 1985 138 15496 22.0 31.0 2.87 1.   0.
 3 1985 139 15672 22.0 31.0 2.87 1.   0.
 3 1985 140 15847 22.0 31.0 2.87 1.   0.
 3 1985 141 16023 22.0 31.0 2.87 1.   0.
 3 1985 142 16198 22.0 31.0 2.87 1.   0.
 3 1985 143 16374 22.0 31.0 2.87 1.  32.
 3 1985 144 16549 22.0 31.0 2.87 1.   0.
 3 1985 145 16725 22.0 31.0 2.87 1.   0.
 3 1985 146 16900 22.0 31.0 2.87 1.  66.
 3 1985 147 17075 22.0 31.0 2.87 1.   0.
 3 1985 148 17251 22.0 31.0 2.87 1.   0.
 3 1985 149 17426 22.0 31.0 2.87 1.   0.
 3 1985 150 17602 22.0 31.0 2.87 1.   0.
 3 1985 151 17777 22.0 31.0 2.87 1.   0.
 3 1985 152 17953 22.0 31.0 2.87 1.   0.
 3 1985 153 18128 22.0 31.0 2.87 1.   0.
 3 1985 154 18304 22.0 31.0 2.87 1.   0.
 3 1985 155 18479 22.0 31.0 2.87 1.   0.
 3 1985 156 18654 22.0 31.0 2.87 1.   0.
 3 1985 157 18830 22.0 31.0 2.87 1.   0.
 3 1985 158 19005 22.0 31.0 2.87 1.   0.
 3 1985 159 19181 22.0 31.0 2.87 1.   0.
 3 1985 160 19356 22.0 31.0 2.87 1.  22.
 3 1985 161 19532 22.0 31.0 2.87 1.   0.
 3 1985 162 19707 22.0 31.0 2.87 1.   0.
 3 1985 163 19883 22.0 31.0 2.87 1.   0.
 3 1985 164 20058 22.0 31.0 2.87 1.   0.
 3 1985 165 20234 22.0 31.0 2.87 1.   0.
 3 1985 166 20409 22.0 31.0 2.87 1.   0.
 3 1985 167 20236 22.0 31.0 2.87 1.   0.
 3 1985 168 20064 22.0 31.0 2.87 1.   0.
 3 1985 169 19892 22.0 31.0 2.87 1.   0.
 3 1985 170 19719 22.0 31.0 2.87 1.   0.
 3 1985 171 19547 22.0 31.0 2.87 1.   0.
 3 1985 172 19374 22.0 31.0 2.87 1.   0.
 3 1985 173 19201 22.0 31.0 2.87 1.   0.
 3 1985 174 19029 22.0 31.0 2.87 1.   0.
 3 1985 175 18857 22.0 31.0 2.87 1.   0.
 3 1985 176 18684 22.0 31.0 2.87 1.   0.
 3 1985 177 18512 22.0 31.0 2.87 1.   0.
 3 1985 178 18339 22.0 31.0 2.87 1.   0.
 3 1985 179 18167 22.0 31.0 2.87 1.   0.
 3 1985 180 17994 22.0 31.0 2.87 1.   0.
 3 1985 181 17822 22.0 31.0 2.87 1.   0.
 3 1985 182 17649 22.0 31.0 2.87 1.   0.
 3 1985 183 17476 22.0 31.0 2.87 1.   0.
 3 1985 184 17304 22.0 31.0 2.87 1.   0.
 3 1985 185 17132 22.0 31.0 2.87 1.   0.
 3 1985 186 16959 22.0 31.0 2.87 1.   0.
 3 1985 187 16787 22.0 31.0 2.87 1.   7.
 3 1985 188 16614 22.0 31.0 2.87 1.   0.
 3 1985 189 16441 22.0 31.0 2.87 1.  13.
 3 1985 190 16269 22.0 31.0 2.87 1.   0.
 3 1985 191 16097 22.0 31.0 2.87 1.   0.
 3 1985 192 15924 22.0 31.0 2.87 1.   0.
 3 1985 193 15752 22.0 31.0 2.87 1.   0.
 3 1985 194 15579 22.0 31.0 2.87 1.   0.
 3 1985 195 15407 22.0 31.0 2.87 1.   0.
 3 1985 196 15234 22.0 31.0 2.87 1.   0.
 3 1985 197 15281 22.0 31.0 2.87 1.   0.
 3 1985 198 15327 22.0 31.0 2.87 1.   5.
 3 1985 199 15374 22.0 31.0 2.87 1.   0.
 3 1985 200 15420 22.0 31.0 2.87 1.   0.
 3 1985 201 15467 22.0 31.0 2.87 1.   0.
 3 1985 202 15513 22.0 31.0 2.87 1.   0.
 3 1985 203 15560 22.0 31.0 2.87 1.   0.
 3 1985 204 15606 22.0 31.0 2.87 1.   0.
 3 1985 205 15653 22.0 31.0 2.87 1.   0.
 3 1985 206 15699 22.0 31.0 2.87 1.   0.
 3 1985 207 15746 22.0 31.0 2.87 1.   0.
 3 1985 208 15793 22.0 31.0 2.87 1.   0.
 3 1985 209 15839 22.0 31.0 2.87 1.   0.
 3 1985 210 15886 22.0 31.0 2.87 1.   0.
 3 1985 211 15932 22.0 31.0 2.87 1.   0.
 3 1985 212 15979 22.0 31.0 2.87 1.  38.
 3 1985 213 16025 22.0 31.0 2.87 1.   6.
 3 1985 214 16072 22.0 31.0 2.87 1.   0.
 3 1985 215 16118 22.0 31.0 2.87 1.   0.
 3 1985 216 16165 22.0 31.0 2.87 1.   0.
 3 1985 217 16212 22.0 31.0 2.87 1.   0.
 3 1985 218 16258 22.0 31.0 2.87 1.   0.
 3 1985 219 16305 22.0 31.0 2.87 1.   0.
 3 1985 220 16351 22.0 31.0 2.87 1.   0.
 3 1985 221 16398 22.0 31.0 2.87 1.   0.
 3 1985 222 16444 22.0 31.0 2.87 1.   4.
 3 1985 223 16491 22.0 31.0 2.87 1.   3.
 3 1985 224 16537 22.0 31.0 2.87 1.   0.
 3 1985 225 16584 22.0 31.0 2.87 1.   0.
 3 1985 226 16630 22.0 31.0 2.87 1.   0.
 3 1985 227 16677 22.0 31.0 2.87 1.  37.
 3 1985 228 16650 22.0 31.0 2.87 1.   0.
 3 1985 229 16623 22.0 31.0 2.87 1.   0.
 3 1985 230 16596 22.0 31.0 2.87 1.  30.
 3 1985 231 16569 22.0 31.0 2.87 1.   0.
 3 1985 232 16542 22.0 31.0 2.87 1.   0.
 3 1985 233 16514 22.0 31.0 2.87 1.   0.
 3 1985 234 16487 22.0 31.0 2.87 1.   0.
 3 1985 235 16460 22.0 31.0 2.87 1.   0.
 3 1985 236 16433 22.0 31.0 2.87 1.   0.
 3 1985 237 16406 22.0 31.0 2.87 1.   0.
 3 1985 238 16379 22.0 31.0 2.87 1.   0.
 3 1985 239 16352 22.0 31.0 2.87 1.   0.
 3 1985 240 16325 22.0 31.0 2.87 1.   0.
 3 1985 241 16298 22.0 31.0 2.87 1.   1.
 3 1985 242 16271 22.0 31.0 2.87 1.   0.
 3 1985 243 16243 22.0 31.0 2.87 1.   0.
 3 1985 244 16216 22.0 31.0 2.87 1.   0.
 3 1985 245 16189 22.0 31.0 2.87 1.   0.
 3 1985 246 16162 22.0 31.0 2.87 1.   0.
 3 1985 247 16135 22.0 31.0 2.87 1.   0.
 3 1985 248 16108 22.0 31.0 2.87 1.  13.
 3 1985 249 16081 22.0 31.0 2.87 1.   0.
 3 1985 250 16054 22.0 31.0 2.87 1.   0.
 3 1985 251 16027 22.0 31.0 2.87 1.   0.
 3 1985 252 16000 22.0 31.0 2.87 1.   0.
 3 1985 253 15972 22.0 31.0 2.87 1.   1.
 3 1985 254 15945 22.0 31.0 2.87 1.   3.
 3 1985 255 15918 22.0 31.0 2.87 1.   2.
 3 1985 256 15891 22.0 31.0 2.87 1.   0.
 3 1985 257 15864 22.0 31.0 2.87 1.   0.
 3 1985 258 15837 22.0 31.0 2.87 1.   0.
 3 1985 259 15803 22.0 31.0 2.87 1.   0.
 3 1985 260 15768 22.0 31.0 2.87 1.  15.
 3 1985 261 15734 22.0 31.0 2.87 1.   0.
 3 1985 262 15699 22.0 31.0 2.87 1.   5.
 3 1985 263 15665 22.0 31.0 2.87 1.   0.
 3 1985 264 15630 22.0 31.0 2.87 1.   0.
 3 1985 265 15596 22.0 31.0 2.87 1.   0.
 3 1985 266 15562 22.0 31.0 2.87 1.   0.
 3 1985 267 15527 22.0 31.0 2.87 1.   2.
 3 1985 268 15493 22.0 31.0 2.87 1.   0.
 3 1985 269 15458 22.0 31.0 2.87 1.   2.
 3 1985 270 15424 22.0 31.0 2.87 1.   7.
 3 1985 271 15389 22.0 31.0 2.87 1.  32.
 3 1985 272 15355 22.0 31.0 2.87 1.  24.
 3 1985 273 15321 22.0 31.0 2.87 1.  44.
 3 1985 274 15286 22.0 31.0 2.87 1.   0.
 3 1985 275 15252 22.0 31.0 2.87 1.   0.
 3 1985 276 15217 22.0 31.0 2.87 1.   6.
 3 1985 277 15183 22.0 31.0 2.87 1.   0.
 3 1985 278 15148 22.0 31.0 2.87 1.  13.
 3 1985 279 15114 22.0 31.0 2.87 1.   0.
 3 1985 280 15079 22.0 31.0 2.87 1.   0.
 3 1985 281 15045 22.0 31.0 2.87 1.   0.
 3 1985 282 15011 22.0 31.0 2.87 1.  19.
 3 1985 283 14976 22.0 31.0 2.87 1.   0.
 3 1985 284 14942 22.0 31.0 2.87 1.   0.
 3 1985 285 14907 22.0 31.0 2.87 1.  17.
 3 1985 286 14873 22.0 31.0 2.87 1.   6.
 3 1985 287 14838 22.0 31.0 2.87 1.   0.
 3 1985 288 14804 22.0 31.0 2.87 1.   0.
 3 1985 289 14798 22.0 31.0 2.87 1.  15.
 3 1985 290 14791 22.0 31.0 2.87 1.   0.
 3 1985 291 14785 22.0 31.0 2.87 1.   0.
 3 1985 292 14779 22.0 31.0 2.87 1.   0.
 3 1985 293 14773 22.0 31.0 2.87 1.   0.
 3 1985 294 14766 22.0 31.0 2.87 1.   0.
 3 1985 295 14760 22.0 31.0 2.87 1.  20.
 3 1985 296 14754 22.0 31.0 2.87 1.  46.
 3 1985 297 14748 22.0 31.0 2.87 1.   0.
 3 1985 298 14741 22.0 31.0 2.87 1.   0.
 3 1985 299 14735 22.0 31.0 2.87 1.   4.
 3 1985 300 14729 22.0 31.0 2.87 1.   1.
 3 1985 301 14723 22.0 31.0 2.87 1.   0.
 3 1985 302 14716 22.0 31.0 2.87 1.  10.
 3 1985 303 14710 22.0 31.0 2.87 1.  12.
 3 1985 304 14704 22.0 31.0 2.87 1.   0.
 3 1985 305 14698 22.0 31.0 2.87 1.   0.
 3 1985 306 14691 22.0 31.0 2.87 1.   0.
 3 1985 307 14685 22.0 31.0 2.87 1.   0.
 3 1985 308 14679 22.0 31.0 2.87 1.   0.
 3 1985 309 14673 22.0 31.0 2.87 1.   0.
 3 1985 310 14666 22.0 31.0 2.87 1.   0.
 3 1985 311 14660 22.0 31.0 2.87 1.   0.
 3 1985 312 14654 22.0 31.0 2.87 1.   0.
 3 1985 313 14648 22.0 31.0 2.87 1.   5.
 3 1985 314 14641 22.0 31.0 2.87 1.   0.
 3 1985 315 14635 22.0 31.0 2.87 1.  14.
 3 1985 316 14629 22.0 31.0 2.87 1.   5.
 3 1985 317 14623 22.0 31.0 2.87 1.   0.
 3 1985 318 14616 22.0 31.0 2.87 1.   0.
 3 1985 319 14610 22.0 31.0 2.87 1.  15.
 3 1985 320 14604 22.0 31.0 2.87 1.   5.
 3 1985 321 14598 22.0 31.0 2.87 1.   0.
 3 1985 322 14592 22.0 31.0 2.87 1.   6.
 3 1985 323 14586 22.0 31.0 2.87 1.   2.
 3 1985 324 14580 22.0 31.0 2.87 1.  30.
 3 1985 325 14574 22.0 31.0 2.87 1.   0.
 3 1985 326 14568 22.0 31.0 2.87 1.   0.
 3 1985 327 14562 22.0 31.0 2.87 1.   0.
 3 1985 328 14556 22.0 31.0 2.87 1.   9.
 3 1985 329 14550 22.0 31.0 2.87 1.   2.
 3 1985 330 14544 22.0 31.0 2.87 1.   2.
 3 1985 331 14538 22.0 31.0 2.87 1.   4.
 3 1985 332 14532 22.0 31.0 2.87 1.   0.
 3 1985 333 14526 22.0 31.0 2.87 1.   2.
 3 1985 334 14520 22.0 31.0 2.87 1.   1.
 3 1985 335 14514 22.0 31.0 2.87 1.   0.
 3 1985 336 14508 22.0 31.0 2.87 1.   0.
 3 1985 337 14502 22.0 31.0 2.87 1.   0.
 3 1985 338 14496 22.0 31.0 2.87 1.   0.
 3 1985 339 14490 22.0 31.0 2.87 1.   0.
 3 1985 340 14484 22.0 31.0 2.87 1.   0.
 3 1985 341 14478 22.0 31.0 2.87 1.   0.
 3 1985 342 14472 22.0 31.0 2.87 1.   0.
 3 1985 343 14466 22.0 31.0 2.87 1.   9.
 3 1985 344 14460 22.0 31.0 2.87 1.   0.
 3 1985 345 14454 22.0 31.0 2.87 1.   0.
 3 1985 346 14448 22.0 31.0 2.87 1.   0.
 3 1985 347 14442 22.0 31.0 2.87 1.   0.
 3 1985 348 14436 22.0 31.0 2.87 1.   0.
 3 1985 349 14430 22.0 31.0 2.87 1.   0.
 3 1985 350 14491 22.0 31.0 2.87 1.  34.
 3 1985 351 14553 22.0 31.0 2.87 1.   0.
 3 1985 352 14614 22.0 31.0 2.87 1.  13.
 3 1985 353 14675 22.0 31.0 2.87 1.   0.
 3 1985 354 14736 22.0 31.0 2.87 1.   0.
 3 1985 355 14798 22.0 31.0 2.87 1.   0.
 3 1985 356 14859 22.0 31.0 2.87 1.   0.
 3 1985 357 14920 22.0 31.0 2.87 1.   4.
 3 1985 358 14982 22.0 31.0 2.87 1.  20.
 3 1985 359 15043 22.0 31.0 2.87 1.   0.
 3 1985 360 15104 22.0 31.0 2.87 1.   0.
 3 1985 361 15165 22.0 31.0 2.87 1.  52.
 3 1985 362 15227 22.0 31.0 2.87 1.   0.
 3 1985 363 15288 22.0 31.0 2.87 1.   0.
 3 1985 364 15349 22.0 31.0 2.87 1.   0.
 3 1985 365 15411 22.0 31.0 2.87 1.   0.
