*-------------------------------------------------------------*
* Station name: Bah Lias Research Station
* Year: 1981
* Author: W. Gerritsma
* Source: Meteorological records, Bah Lias Research Station
*         P.T.P.P. London Sumatra Indonesia
*         P.O. box 1054
*         Medan 20011
*         Sumatra Utara
*         Indonesia
*
* Longitude: 99 20 E, latitude: 3 11 N, altitude: 30 m
*
* Interpolated daily values
*
* Column  Daily value
* 1       station number
* 2       year
* 3       day
* 4       daily shortwave radiation     (kJ m-2 d-1)
* 5       minimum temperature           (degrees C)
* 6       maximum temperature           (degrees C)
* 7       early morning vapour pressure (kPa)
* 8       mean wind speed (height: 2 m) (m s-1)
* 9       precipitation                 (mm day-1)
*-------------------------------------------------------------*
99.3  3.16  30.0  0.00  0.00
 3 1981   1 14362 22.0 31.0 2.87 1.  16.
 3 1981   2 14385 22.0 31.0 2.87 1.   0.
 3 1981   3 14408 22.0 31.0 2.87 1.   0.
 3 1981   4 14431 22.0 31.0 2.87 1.   0.
 3 1981   5 14453 22.0 31.0 2.87 1.   0.
 3 1981   6 14476 22.0 31.0 2.87 1.   0.
 3 1981   7 14499 22.0 31.0 2.87 1.   0.
 3 1981   8 14522 22.0 31.0 2.87 1.   0.
 3 1981   9 14544 22.0 31.0 2.87 1.   0.
 3 1981  10 14567 22.0 31.0 2.87 1.   0.
 3 1981  11 14590 22.0 31.0 2.87 1.   0.
 3 1981  12 14613 22.0 31.0 2.87 1.   0.
 3 1981  13 14635 22.0 31.0 2.87 1.  12.
 3 1981  14 14658 22.0 31.0 2.87 1.   0.
 3 1981  15 14681 22.0 31.0 2.87 1.   0.
 3 1981  16 14689 22.0 31.0 2.87 1.   0.
 3 1981  17 14698 22.0 31.0 2.87 1.   0.
 3 1981  18 14706 22.0 31.0 2.87 1.   0.
 3 1981  19 14714 22.0 31.0 2.87 1.   0.
 3 1981  20 14723 22.0 31.0 2.87 1.   0.
 3 1981  21 14731 22.0 31.0 2.87 1.   0.
 3 1981  22 14739 22.0 31.0 2.87 1.   0.
 3 1981  23 14748 22.0 31.0 2.87 1.   0.
 3 1981  24 14756 22.0 31.0 2.87 1.   0.
 3 1981  25 14764 22.0 31.0 2.87 1.   0.
 3 1981  26 14773 22.0 31.0 2.87 1.   0.
 3 1981  27 14781 22.0 31.0 2.87 1.   0.
 3 1981  28 14789 22.0 31.0 2.87 1.   0.
 3 1981  29 14798 22.0 31.0 2.87 1.  22.
 3 1981  30 14806 22.0 31.0 2.87 1.   0.
 3 1981  31 14814 22.0 31.0 2.87 1.   0.
 3 1981  32 14823 22.0 31.0 2.87 1.   0.
 3 1981  33 14831 22.0 31.0 2.87 1.   0.
 3 1981  34 14839 22.0 31.0 2.87 1.   0.
 3 1981  35 14848 22.0 31.0 2.87 1.   0.
 3 1981  36 14856 22.0 31.0 2.87 1.   0.
 3 1981  37 14864 22.0 31.0 2.87 1.   5.
 3 1981  38 14873 22.0 31.0 2.87 1.   6.
 3 1981  39 14881 22.0 31.0 2.87 1.  10.
 3 1981  40 14889 22.0 31.0 2.87 1.   0.
 3 1981  41 14898 22.0 31.0 2.87 1.   0.
 3 1981  42 14906 22.0 31.0 2.87 1.   0.
 3 1981  43 14914 22.0 31.0 2.87 1.   8.
 3 1981  44 14923 22.0 31.0 2.87 1.  14.
 3 1981  45 14931 22.0 31.0 2.87 1.   7.
 3 1981  46 14962 22.0 31.0 2.87 1.   0.
 3 1981  47 14993 22.0 31.0 2.87 1.   0.
 3 1981  48 15024 22.0 31.0 2.87 1.   0.
 3 1981  49 15055 22.0 31.0 2.87 1.   0.
 3 1981  50 15087 22.0 31.0 2.87 1.   0.
 3 1981  51 15118 22.0 31.0 2.87 1.   0.
 3 1981  52 15149 22.0 31.0 2.87 1.   0.
 3 1981  53 15180 22.0 31.0 2.87 1.   4.
 3 1981  54 15211 22.0 31.0 2.87 1.   0.
 3 1981  55 15242 22.0 31.0 2.87 1.   0.
 3 1981  56 15273 22.0 31.0 2.87 1.   0.
 3 1981  57 15304 22.0 31.0 2.87 1.   0.
 3 1981  58 15335 22.0 31.0 2.87 1.   0.
 3 1981  59 15366 22.0 31.0 2.87 1.   0.
 3 1981  60 15398 22.0 31.0 2.87 1.   0.
 3 1981  61 15429 22.0 31.0 2.87 1.   0.
 3 1981  62 15460 22.0 31.0 2.87 1.   0.
 3 1981  63 15491 22.0 31.0 2.87 1.   0.
 3 1981  64 15522 22.0 31.0 2.87 1.   9.
 3 1981  65 15553 22.0 31.0 2.87 1.   9.
 3 1981  66 15584 22.0 31.0 2.87 1.   0.
 3 1981  67 15615 22.0 31.0 2.87 1.   0.
 3 1981  68 15646 22.0 31.0 2.87 1.   0.
 3 1981  69 15677 22.0 31.0 2.87 1.   0.
 3 1981  70 15709 22.0 31.0 2.87 1.  13.
 3 1981  71 15740 22.0 31.0 2.87 1.   7.
 3 1981  72 15771 22.0 31.0 2.87 1.   0.
 3 1981  73 15802 22.0 31.0 2.87 1.   1.
 3 1981  74 15833 22.0 31.0 2.87 1.   5.
 3 1981  75 15852 22.0 31.0 2.87 1.   0.
 3 1981  76 15871 22.0 31.0 2.87 1.   0.
 3 1981  77 15889 22.0 31.0 2.87 1.  25.
 3 1981  78 15908 22.0 31.0 2.87 1.   0.
 3 1981  79 15927 22.0 31.0 2.87 1.   0.
 3 1981  80 15946 22.0 31.0 2.87 1.   0.
 3 1981  81 15964 22.0 31.0 2.87 1.   0.
 3 1981  82 15983 22.0 31.0 2.87 1.   0.
 3 1981  83 16002 22.0 31.0 2.87 1.   0.
 3 1981  84 16021 22.0 31.0 2.87 1.   0.
 3 1981  85 16040 22.0 31.0 2.87 1.   0.
 3 1981  86 16058 22.0 31.0 2.87 1.   0.
 3 1981  87 16077 22.0 31.0 2.87 1.   0.
 3 1981  88 16096 22.0 31.0 2.87 1.   1.
 3 1981  89 16115 22.0 31.0 2.87 1.   0.
 3 1981  90 16133 22.0 31.0 2.87 1.   3.
 3 1981  91 16152 22.0 31.0 2.87 1.   0.
 3 1981  92 16171 22.0 31.0 2.87 1.   0.
 3 1981  93 16190 22.0 31.0 2.87 1.   0.
 3 1981  94 16208 22.0 31.0 2.87 1.   0.
 3 1981  95 16227 22.0 31.0 2.87 1.   0.
 3 1981  96 16246 22.0 31.0 2.87 1.   0.
 3 1981  97 16265 22.0 31.0 2.87 1.   0.
 3 1981  98 16284 22.0 31.0 2.87 1.  29.
 3 1981  99 16302 22.0 31.0 2.87 1.   0.
 3 1981 100 16321 22.0 31.0 2.87 1.   0.
 3 1981 101 16340 22.0 31.0 2.87 1.   0.
 3 1981 102 16359 22.0 31.0 2.87 1.  22.
 3 1981 103 16377 22.0 31.0 2.87 1.   5.
 3 1981 104 16396 22.0 31.0 2.87 1.  12.
 3 1981 105 16415 22.0 31.0 2.87 1.   0.
 3 1981 106 16410 22.0 31.0 2.87 1.   4.
 3 1981 107 16405 22.0 31.0 2.87 1.   6.
 3 1981 108 16401 22.0 31.0 2.87 1.   0.
 3 1981 109 16396 22.0 31.0 2.87 1.   2.
 3 1981 110 16391 22.0 31.0 2.87 1.   2.
 3 1981 111 16386 22.0 31.0 2.87 1.   0.
 3 1981 112 16381 22.0 31.0 2.87 1.   0.
 3 1981 113 16377 22.0 31.0 2.87 1.   0.
 3 1981 114 16372 22.0 31.0 2.87 1.   3.
 3 1981 115 16367 22.0 31.0 2.87 1.   0.
 3 1981 116 16362 22.0 31.0 2.87 1.   2.
 3 1981 117 16357 22.0 31.0 2.87 1.   0.
 3 1981 118 16353 22.0 31.0 2.87 1.   0.
 3 1981 119 16348 22.0 31.0 2.87 1.   0.
 3 1981 120 16343 22.0 31.0 2.87 1.   0.
 3 1981 121 16338 22.0 31.0 2.87 1.   0.
 3 1981 122 16333 22.0 31.0 2.87 1.   0.
 3 1981 123 16329 22.0 31.0 2.87 1.   0.
 3 1981 124 16324 22.0 31.0 2.87 1.  36.
 3 1981 125 16319 22.0 31.0 2.87 1.   0.
 3 1981 126 16314 22.0 31.0 2.87 1.  13.
 3 1981 127 16309 22.0 31.0 2.87 1.   0.
 3 1981 128 16305 22.0 31.0 2.87 1.   0.
 3 1981 129 16300 22.0 31.0 2.87 1.   0.
 3 1981 130 16295 22.0 31.0 2.87 1.   0.
 3 1981 131 16290 22.0 31.0 2.87 1.   0.
 3 1981 132 16285 22.0 31.0 2.87 1.   0.
 3 1981 133 16281 22.0 31.0 2.87 1.   0.
 3 1981 134 16276 22.0 31.0 2.87 1.  17.
 3 1981 135 16271 22.0 31.0 2.87 1.   0.
 3 1981 136 16335 22.0 31.0 2.87 1.   4.
 3 1981 137 16398 22.0 31.0 2.87 1.   0.
 3 1981 138 16462 22.0 31.0 2.87 1.   0.
 3 1981 139 16526 22.0 31.0 2.87 1.   0.
 3 1981 140 16589 22.0 31.0 2.87 1.   0.
 3 1981 141 16653 22.0 31.0 2.87 1.  15.
 3 1981 142 16717 22.0 31.0 2.87 1.   0.
 3 1981 143 16780 22.0 31.0 2.87 1.   4.
 3 1981 144 16844 22.0 31.0 2.87 1.   0.
 3 1981 145 16907 22.0 31.0 2.87 1.   0.
 3 1981 146 16971 22.0 31.0 2.87 1.   0.
 3 1981 147 17035 22.0 31.0 2.87 1.   0.
 3 1981 148 17098 22.0 31.0 2.87 1.  31.
 3 1981 149 17162 22.0 31.0 2.87 1.  20.
 3 1981 150 17226 22.0 31.0 2.87 1.   0.
 3 1981 151 17289 22.0 31.0 2.87 1.   0.
 3 1981 152 17353 22.0 31.0 2.87 1.   0.
 3 1981 153 17417 22.0 31.0 2.87 1.   0.
 3 1981 154 17480 22.0 31.0 2.87 1.  17.
 3 1981 155 17544 22.0 31.0 2.87 1.   0.
 3 1981 156 17608 22.0 31.0 2.87 1.   0.
 3 1981 157 17671 22.0 31.0 2.87 1.   2.
 3 1981 158 17735 22.0 31.0 2.87 1.   0.
 3 1981 159 17798 22.0 31.0 2.87 1.   7.
 3 1981 160 17862 22.0 31.0 2.87 1.   0.
 3 1981 161 17926 22.0 31.0 2.87 1.   0.
 3 1981 162 17989 22.0 31.0 2.87 1.  52.
 3 1981 163 18053 22.0 31.0 2.87 1.   0.
 3 1981 164 18117 22.0 31.0 2.87 1.   0.
 3 1981 165 18180 22.0 31.0 2.87 1.  14.
 3 1981 166 18244 22.0 31.0 2.87 1.   0.
 3 1981 167 18249 22.0 31.0 2.87 1.   0.
 3 1981 168 18254 22.0 31.0 2.87 1.   0.
 3 1981 169 18260 22.0 31.0 2.87 1.   0.
 3 1981 170 18265 22.0 31.0 2.87 1.   0.
 3 1981 171 18270 22.0 31.0 2.87 1.   0.
 3 1981 172 18275 22.0 31.0 2.87 1.  13.
 3 1981 173 18280 22.0 31.0 2.87 1.   0.
 3 1981 174 18286 22.0 31.0 2.87 1.  16.
 3 1981 175 18291 22.0 31.0 2.87 1.   0.
 3 1981 176 18296 22.0 31.0 2.87 1.   0.
 3 1981 177 18301 22.0 31.0 2.87 1.   0.
 3 1981 178 18306 22.0 31.0 2.87 1.   0.
 3 1981 179 18312 22.0 31.0 2.87 1.   0.
 3 1981 180 18317 22.0 31.0 2.87 1.   0.
 3 1981 181 18322 22.0 31.0 2.87 1.   0.
 3 1981 182 18327 22.0 31.0 2.87 1.   9.
 3 1981 183 18332 22.0 31.0 2.87 1.   0.
 3 1981 184 18338 22.0 31.0 2.87 1.  31.
 3 1981 185 18343 22.0 31.0 2.87 1.   0.
 3 1981 186 18348 22.0 31.0 2.87 1.   0.
 3 1981 187 18353 22.0 31.0 2.87 1.   0.
 3 1981 188 18358 22.0 31.0 2.87 1.   0.
 3 1981 189 18364 22.0 31.0 2.87 1.   0.
 3 1981 190 18369 22.0 31.0 2.87 1.   0.
 3 1981 191 18374 22.0 31.0 2.87 1.   0.
 3 1981 192 18379 22.0 31.0 2.87 1.   0.
 3 1981 193 18384 22.0 31.0 2.87 1.  17.
 3 1981 194 18390 22.0 31.0 2.87 1.   0.
 3 1981 195 18395 22.0 31.0 2.87 1.   6.
 3 1981 196 18400 22.0 31.0 2.87 1.   0.
 3 1981 197 18457 22.0 31.0 2.87 1.   0.
 3 1981 198 18514 22.0 31.0 2.87 1.   0.
 3 1981 199 18572 22.0 31.0 2.87 1.   0.
 3 1981 200 18629 22.0 31.0 2.87 1.   0.
 3 1981 201 18686 22.0 31.0 2.87 1.   0.
 3 1981 202 18743 22.0 31.0 2.87 1.   0.
 3 1981 203 18801 22.0 31.0 2.87 1.   0.
 3 1981 204 18858 22.0 31.0 2.87 1.   0.
 3 1981 205 18915 22.0 31.0 2.87 1.   0.
 3 1981 206 18972 22.0 31.0 2.87 1.   0.
 3 1981 207 19029 22.0 31.0 2.87 1.   0.
 3 1981 208 19087 22.0 31.0 2.87 1.   0.
 3 1981 209 19144 22.0 31.0 2.87 1.   0.
 3 1981 210 19201 22.0 31.0 2.87 1.   0.
 3 1981 211 19258 22.0 31.0 2.87 1.  13.
 3 1981 212 19316 22.0 31.0 2.87 1.   0.
 3 1981 213 19373 22.0 31.0 2.87 1.  22.
 3 1981 214 19430 22.0 31.0 2.87 1.   0.
 3 1981 215 19487 22.0 31.0 2.87 1.   0.
 3 1981 216 19545 22.0 31.0 2.87 1.   0.
 3 1981 217 19602 22.0 31.0 2.87 1.   0.
 3 1981 218 19659 22.0 31.0 2.87 1.   0.
 3 1981 219 19716 22.0 31.0 2.87 1.   0.
 3 1981 220 19773 22.0 31.0 2.87 1.   0.
 3 1981 221 19831 22.0 31.0 2.87 1.   0.
 3 1981 222 19888 22.0 31.0 2.87 1.  21.
 3 1981 223 19945 22.0 31.0 2.87 1.   0.
 3 1981 224 20002 22.0 31.0 2.87 1.   0.
 3 1981 225 20060 22.0 31.0 2.87 1.   0.
 3 1981 226 20117 22.0 31.0 2.87 1.   0.
 3 1981 227 20174 22.0 31.0 2.87 1.   0.
 3 1981 228 20092 22.0 31.0 2.87 1.  21.
 3 1981 229 20010 22.0 31.0 2.87 1.   0.
 3 1981 230 19928 22.0 31.0 2.87 1.   0.
 3 1981 231 19845 22.0 31.0 2.87 1.   0.
 3 1981 232 19763 22.0 31.0 2.87 1.   0.
 3 1981 233 19681 22.0 31.0 2.87 1.   0.
 3 1981 234 19599 22.0 31.0 2.87 1.   0.
 3 1981 235 19517 22.0 31.0 2.87 1.   0.
 3 1981 236 19435 22.0 31.0 2.87 1.   0.
 3 1981 237 19352 22.0 31.0 2.87 1.   0.
 3 1981 238 19270 22.0 31.0 2.87 1.   0.
 3 1981 239 19188 22.0 31.0 2.87 1.   0.
 3 1981 240 19106 22.0 31.0 2.87 1.  18.
 3 1981 241 19024 22.0 31.0 2.87 1.   0.
 3 1981 242 18942 22.0 31.0 2.87 1.   0.
 3 1981 243 18859 22.0 31.0 2.87 1.   0.
 3 1981 244 18777 22.0 31.0 2.87 1.   0.
 3 1981 245 18695 22.0 31.0 2.87 1.   0.
 3 1981 246 18613 22.0 31.0 2.87 1.   0.
 3 1981 247 18531 22.0 31.0 2.87 1.  29.
 3 1981 248 18449 22.0 31.0 2.87 1.  61.
 3 1981 249 18366 22.0 31.0 2.87 1.   4.
 3 1981 250 18284 22.0 31.0 2.87 1.   0.
 3 1981 251 18202 22.0 31.0 2.87 1.  10.
 3 1981 252 18120 22.0 31.0 2.87 1.   0.
 3 1981 253 18038 22.0 31.0 2.87 1.   0.
 3 1981 254 17956 22.0 31.0 2.87 1.   3.
 3 1981 255 17873 22.0 31.0 2.87 1.   1.
 3 1981 256 17791 22.0 31.0 2.87 1.  24.
 3 1981 257 17709 22.0 31.0 2.87 1.  24.
 3 1981 258 17627 22.0 31.0 2.87 1.   0.
 3 1981 259 17569 22.0 31.0 2.87 1.  21.
 3 1981 260 17510 22.0 31.0 2.87 1.   9.
 3 1981 261 17452 22.0 31.0 2.87 1.   2.
 3 1981 262 17394 22.0 31.0 2.87 1.   0.
 3 1981 263 17336 22.0 31.0 2.87 1.   0.
 3 1981 264 17277 22.0 31.0 2.87 1.   0.
 3 1981 265 17219 22.0 31.0 2.87 1.   0.
 3 1981 266 17161 22.0 31.0 2.87 1. 101.
 3 1981 267 17102 22.0 31.0 2.87 1.   0.
 3 1981 268 17044 22.0 31.0 2.87 1.   0.
 3 1981 269 16986 22.0 31.0 2.87 1.   0.
 3 1981 270 16927 22.0 31.0 2.87 1.   0.
 3 1981 271 16869 22.0 31.0 2.87 1.   1.
 3 1981 272 16811 22.0 31.0 2.87 1.   0.
 3 1981 273 16753 22.0 31.0 2.87 1.   0.
 3 1981 274 16694 22.0 31.0 2.87 1.   0.
 3 1981 275 16636 22.0 31.0 2.87 1.  37.
 3 1981 276 16578 22.0 31.0 2.87 1.   3.
 3 1981 277 16519 22.0 31.0 2.87 1.   3.
 3 1981 278 16461 22.0 31.0 2.87 1.   0.
 3 1981 279 16403 22.0 31.0 2.87 1.   0.
 3 1981 280 16344 22.0 31.0 2.87 1.   0.
 3 1981 281 16286 22.0 31.0 2.87 1.   1.
 3 1981 282 16228 22.0 31.0 2.87 1.   0.
 3 1981 283 16170 22.0 31.0 2.87 1.  53.
 3 1981 284 16111 22.0 31.0 2.87 1.   0.
 3 1981 285 16053 22.0 31.0 2.87 1.   2.
 3 1981 286 15995 22.0 31.0 2.87 1.  33.
 3 1981 287 15936 22.0 31.0 2.87 1.   4.
 3 1981 288 15878 22.0 31.0 2.87 1.   0.
 3 1981 289 15838 22.0 31.0 2.87 1.   0.
 3 1981 290 15798 22.0 31.0 2.87 1.   0.
 3 1981 291 15757 22.0 31.0 2.87 1.  10.
 3 1981 292 15717 22.0 31.0 2.87 1.   0.
 3 1981 293 15677 22.0 31.0 2.87 1.   0.
 3 1981 294 15637 22.0 31.0 2.87 1.  13.
 3 1981 295 15596 22.0 31.0 2.87 1.   0.
 3 1981 296 15556 22.0 31.0 2.87 1.   8.
 3 1981 297 15516 22.0 31.0 2.87 1.  22.
 3 1981 298 15476 22.0 31.0 2.87 1.   7.
 3 1981 299 15436 22.0 31.0 2.87 1.  58.
 3 1981 300 15395 22.0 31.0 2.87 1.   1.
 3 1981 301 15355 22.0 31.0 2.87 1.   0.
 3 1981 302 15315 22.0 31.0 2.87 1.   0.
 3 1981 303 15275 22.0 31.0 2.87 1.   0.
 3 1981 304 15234 22.0 31.0 2.87 1.   0.
 3 1981 305 15194 22.0 31.0 2.87 1.   0.
 3 1981 306 15154 22.0 31.0 2.87 1.   0.
 3 1981 307 15114 22.0 31.0 2.87 1.   0.
 3 1981 308 15073 22.0 31.0 2.87 1.   0.
 3 1981 309 15033 22.0 31.0 2.87 1.   0.
 3 1981 310 14993 22.0 31.0 2.87 1.   0.
 3 1981 311 14953 22.0 31.0 2.87 1.   0.
 3 1981 312 14913 22.0 31.0 2.87 1.   0.
 3 1981 313 14872 22.0 31.0 2.87 1.   0.
 3 1981 314 14832 22.0 31.0 2.87 1.   0.
 3 1981 315 14792 22.0 31.0 2.87 1.   7.
 3 1981 316 14752 22.0 31.0 2.87 1.   0.
 3 1981 317 14711 22.0 31.0 2.87 1.   0.
 3 1981 318 14671 22.0 31.0 2.87 1.   0.
 3 1981 319 14631 22.0 31.0 2.87 1.   0.
 3 1981 320 14611 22.0 31.0 2.87 1.   2.
 3 1981 321 14592 22.0 31.0 2.87 1.   0.
 3 1981 322 14572 22.0 31.0 2.87 1.   0.
 3 1981 323 14553 22.0 31.0 2.87 1.   0.
 3 1981 324 14533 22.0 31.0 2.87 1.   0.
 3 1981 325 14514 22.0 31.0 2.87 1.   0.
 3 1981 326 14494 22.0 31.0 2.87 1.  35.
 3 1981 327 14474 22.0 31.0 2.87 1.   0.
 3 1981 328 14455 22.0 31.0 2.87 1.   0.
 3 1981 329 14435 22.0 31.0 2.87 1.  25.
 3 1981 330 14416 22.0 31.0 2.87 1.   0.
 3 1981 331 14396 22.0 31.0 2.87 1.  16.
 3 1981 332 14377 22.0 31.0 2.87 1.   0.
 3 1981 333 14357 22.0 31.0 2.87 1.  31.
 3 1981 334 14337 22.0 31.0 2.87 1.   0.
 3 1981 335 14318 22.0 31.0 2.87 1.   1.
 3 1981 336 14298 22.0 31.0 2.87 1.   3.
 3 1981 337 14279 22.0 31.0 2.87 1.   0.
 3 1981 338 14259 22.0 31.0 2.87 1.   0.
 3 1981 339 14240 22.0 31.0 2.87 1.   0.
 3 1981 340 14220 22.0 31.0 2.87 1.   0.
 3 1981 341 14201 22.0 31.0 2.87 1.   9.
 3 1981 342 14181 22.0 31.0 2.87 1.   0.
 3 1981 343 14161 22.0 31.0 2.87 1.  35.
 3 1981 344 14142 22.0 31.0 2.87 1.  18.
 3 1981 345 14122 22.0 31.0 2.87 1.   0.
 3 1981 346 14103 22.0 31.0 2.87 1.   0.
 3 1981 347 14083 22.0 31.0 2.87 1.   0.
 3 1981 348 14064 22.0 31.0 2.87 1.   0.
 3 1981 349 14044 22.0 31.0 2.87 1.   6.
 3 1981 350 14064 22.0 31.0 2.87 1.   0.
 3 1981 351 14084 22.0 31.0 2.87 1.   0.
 3 1981 352 14104 22.0 31.0 2.87 1.   0.
 3 1981 353 14124 22.0 31.0 2.87 1.   0.
 3 1981 354 14144 22.0 31.0 2.87 1.   0.
 3 1981 355 14163 22.0 31.0 2.87 1.   0.
 3 1981 356 14183 22.0 31.0 2.87 1.   0.
 3 1981 357 14203 22.0 31.0 2.87 1.   0.
 3 1981 358 14223 22.0 31.0 2.87 1.   0.
 3 1981 359 14243 22.0 31.0 2.87 1.   0.
 3 1981 360 14263 22.0 31.0 2.87 1.  11.
 3 1981 361 14283 22.0 31.0 2.87 1.   7.
 3 1981 362 14303 22.0 31.0 2.87 1.   0.
 3 1981 363 14323 22.0 31.0 2.87 1.  18.
 3 1981 364 14343 22.0 31.0 2.87 1.   1.
 3 1981 365 14362 22.0 31.0 2.87 1.   2.
