*-------------------------------------------------------------*
* Station name: Bah Lias Research Station
* Year: 1988
* Author: W. Gerritsma
* Source: Meteorological records, Bah Lias Research Station
*         P.T.P.P. London Sumatra Indonesia
*         P.O. box 1054
*         Medan 20011
*         Sumatra Utara
*         Indonesia
*
* Longitude: 99 20 E, latitude: 3 11 N, altitude: 30 m
*
* Interpolated daily values
*
* Column  Daily value
* 1       station number
* 2       year
* 3       day
* 4       daily shortwave radiation     (kJ m-2 d-1)
* 5       minimum temperature           (degrees C)
* 6       maximum temperature           (degrees C)
* 7       early morning vapour pressure (kPa)
* 8       mean wind speed (height: 2 m) (m s-1)
* 9       precipitation                 (mm day-1)
*-------------------------------------------------------------*
99.3  3.16  30.0  0.00  0.00
 3 1988   1 14780 22.0 31.0 2.87 1.   0.
 3 1988   2 14764 22.0 31.0 2.87 1.   0.
 3 1988   3 14749 22.0 31.0 2.87 1.   0.
 3 1988   4 14733 22.0 31.0 2.87 1.   0.
 3 1988   5 14717 22.0 31.0 2.87 1.   0.
 3 1988   6 14701 22.0 31.0 2.87 1.   0.
 3 1988   7 14686 22.0 31.0 2.87 1.   0.
 3 1988   8 14670 22.0 31.0 2.87 1.  27.
 3 1988   9 14654 22.0 31.0 2.87 1.   0.
 3 1988  10 14639 22.0 31.0 2.87 1.   0.
 3 1988  11 14623 22.0 31.0 2.87 1.   0.
 3 1988  12 14607 22.0 31.0 2.87 1.   0.
 3 1988  13 14591 22.0 31.0 2.87 1.   0.
 3 1988  14 14576 22.0 31.0 2.87 1.   0.
 3 1988  15 14560 22.0 31.0 2.87 1.   0.
 3 1988  16 14613 22.0 31.0 2.87 1.   0.
 3 1988  17 14665 22.0 31.0 2.87 1.   0.
 3 1988  18 14718 22.0 31.0 2.87 1.   1.
 3 1988  19 14771 22.0 31.0 2.87 1.   1.
 3 1988  20 14823 22.0 31.0 2.87 1.   0.
 3 1988  21 14876 22.0 31.0 2.87 1.   0.
 3 1988  22 14929 22.0 31.0 2.87 1.   0.
 3 1988  23 14981 22.0 31.0 2.87 1.   0.
 3 1988  24 15034 22.0 31.0 2.87 1.   0.
 3 1988  25 15087 22.0 31.0 2.87 1.   0.
 3 1988  26 15139 22.0 31.0 2.87 1.   0.
 3 1988  27 15192 22.0 31.0 2.87 1.  45.
 3 1988  28 15245 22.0 31.0 2.87 1.  24.
 3 1988  29 15297 22.0 31.0 2.87 1.   3.
 3 1988  30 15350 22.0 31.0 2.87 1.   0.
 3 1988  31 15403 22.0 31.0 2.87 1.   0.
 3 1988  32 15455 22.0 31.0 2.87 1.   0.
 3 1988  33 15508 22.0 31.0 2.87 1.   0.
 3 1988  34 15561 22.0 31.0 2.87 1.   0.
 3 1988  35 15613 22.0 31.0 2.87 1.   0.
 3 1988  36 15666 22.0 31.0 2.87 1.   0.
 3 1988  37 15719 22.0 31.0 2.87 1.   0.
 3 1988  38 15771 22.0 31.0 2.87 1.   0.
 3 1988  39 15824 22.0 31.0 2.87 1.  14.
 3 1988  40 15877 22.0 31.0 2.87 1.   0.
 3 1988  41 15929 22.0 31.0 2.87 1.   0.
 3 1988  42 15982 22.0 31.0 2.87 1.   0.
 3 1988  43 16035 22.0 31.0 2.87 1.   0.
 3 1988  44 16087 22.0 31.0 2.87 1.  16.
 3 1988  45 16140 22.0 31.0 2.87 1.   0.
 3 1988  46 16133 22.0 31.0 2.87 1.   0.
 3 1988  47 16127 22.0 31.0 2.87 1.   0.
 3 1988  48 16120 22.0 31.0 2.87 1.   0.
 3 1988  49 16113 22.0 31.0 2.87 1.   0.
 3 1988  50 16107 22.0 31.0 2.87 1.   0.
 3 1988  51 16100 22.0 31.0 2.87 1.   0.
 3 1988  52 16093 22.0 31.0 2.87 1.   0.
 3 1988  53 16087 22.0 31.0 2.87 1.  19.
 3 1988  54 16080 22.0 31.0 2.87 1.  17.
 3 1988  55 16073 22.0 31.0 2.87 1.   0.
 3 1988  56 16067 22.0 31.0 2.87 1.   0.
 3 1988  57 16060 22.0 31.0 2.87 1.   0.
 3 1988  58 16053 22.0 31.0 2.87 1.   0.
 3 1988  59 16047 22.0 31.0 2.87 1.   5.
 3 1988  60 16040 22.0 31.0 2.87 1.   0.
 3 1988  61 16033 22.0 31.0 2.87 1.   0.
 3 1988  62 16027 22.0 31.0 2.87 1.   0.
 3 1988  63 16020 22.0 31.0 2.87 1.   5.
 3 1988  64 16013 22.0 31.0 2.87 1.   0.
 3 1988  65 16007 22.0 31.0 2.87 1.   0.
 3 1988  66 16000 22.0 31.0 2.87 1.   5.
 3 1988  67 15993 22.0 31.0 2.87 1.  18.
 3 1988  68 15987 22.0 31.0 2.87 1.   0.
 3 1988  69 15980 22.0 31.0 2.87 1.   0.
 3 1988  70 15973 22.0 31.0 2.87 1.   0.
 3 1988  71 15967 22.0 31.0 2.87 1.   0.
 3 1988  72 15960 22.0 31.0 2.87 1.   0.
 3 1988  73 15953 22.0 31.0 2.87 1.   0.
 3 1988  74 15947 22.0 31.0 2.87 1.   0.
 3 1988  75 15940 22.0 31.0 2.87 1.   0.
 3 1988  76 15975 22.0 31.0 2.87 1.  44.
 3 1988  77 16010 22.0 31.0 2.87 1.   0.
 3 1988  78 16045 22.0 31.0 2.87 1.   0.
 3 1988  79 16079 22.0 31.0 2.87 1.   0.
 3 1988  80 16114 22.0 31.0 2.87 1.   0.
 3 1988  81 16149 22.0 31.0 2.87 1.   0.
 3 1988  82 16184 22.0 31.0 2.87 1.   0.
 3 1988  83 16219 22.0 31.0 2.87 1.   0.
 3 1988  84 16254 22.0 31.0 2.87 1.   0.
 3 1988  85 16288 22.0 31.0 2.87 1.   0.
 3 1988  86 16323 22.0 31.0 2.87 1.   0.
 3 1988  87 16358 22.0 31.0 2.87 1.   0.
 3 1988  88 16393 22.0 31.0 2.87 1.   0.
 3 1988  89 16428 22.0 31.0 2.87 1.   0.
 3 1988  90 16463 22.0 31.0 2.87 1.   0.
 3 1988  91 16497 22.0 31.0 2.87 1.   0.
 3 1988  92 16532 22.0 31.0 2.87 1.   0.
 3 1988  93 16567 22.0 31.0 2.87 1.   0.
 3 1988  94 16602 22.0 31.0 2.87 1.   0.
 3 1988  95 16637 22.0 31.0 2.87 1.  13.
 3 1988  96 16672 22.0 31.0 2.87 1.   0.
 3 1988  97 16706 22.0 31.0 2.87 1.   0.
 3 1988  98 16741 22.0 31.0 2.87 1.   0.
 3 1988  99 16776 22.0 31.0 2.87 1.   0.
 3 1988 100 16811 22.0 31.0 2.87 1.   0.
 3 1988 101 16846 22.0 31.0 2.87 1.   0.
 3 1988 102 16881 22.0 31.0 2.87 1.   4.
 3 1988 103 16915 22.0 31.0 2.87 1.   0.
 3 1988 104 16950 22.0 31.0 2.87 1.   0.
 3 1988 105 16985 22.0 31.0 2.87 1.   0.
 3 1988 106 17020 22.0 31.0 2.87 1.   0.
 3 1988 107 17015 22.0 31.0 2.87 1.   6.
 3 1988 108 17010 22.0 31.0 2.87 1.   0.
 3 1988 109 17005 22.0 31.0 2.87 1.   0.
 3 1988 110 17000 22.0 31.0 2.87 1.  34.
 3 1988 111 16995 22.0 31.0 2.87 1.   0.
 3 1988 112 16990 22.0 31.0 2.87 1.   0.
 3 1988 113 16985 22.0 31.0 2.87 1.   0.
 3 1988 114 16980 22.0 31.0 2.87 1.   0.
 3 1988 115 16975 22.0 31.0 2.87 1.   0.
 3 1988 116 16970 22.0 31.0 2.87 1.   0.
 3 1988 117 16965 22.0 31.0 2.87 1.  51.
 3 1988 118 16960 22.0 31.0 2.87 1.   3.
 3 1988 119 16955 22.0 31.0 2.87 1.   3.
 3 1988 120 16950 22.0 31.0 2.87 1.   0.
 3 1988 121 16945 22.0 31.0 2.87 1.   0.
 3 1988 122 16940 22.0 31.0 2.87 1.  16.
 3 1988 123 16935 22.0 31.0 2.87 1.  20.
 3 1988 124 16930 22.0 31.0 2.87 1.   4.
 3 1988 125 16925 22.0 31.0 2.87 1.   0.
 3 1988 126 16920 22.0 31.0 2.87 1.   0.
 3 1988 127 16915 22.0 31.0 2.87 1.   0.
 3 1988 128 16910 22.0 31.0 2.87 1.  11.
 3 1988 129 16905 22.0 31.0 2.87 1.   0.
 3 1988 130 16900 22.0 31.0 2.87 1.   0.
 3 1988 131 16895 22.0 31.0 2.87 1.   5.
 3 1988 132 16890 22.0 31.0 2.87 1.   0.
 3 1988 133 16885 22.0 31.0 2.87 1.   0.
 3 1988 134 16880 22.0 31.0 2.87 1.  36.
 3 1988 135 16875 22.0 31.0 2.87 1.   0.
 3 1988 136 16870 22.0 31.0 2.87 1.   0.
 3 1988 137 16857 22.0 31.0 2.87 1.   0.
 3 1988 138 16844 22.0 31.0 2.87 1.   0.
 3 1988 139 16831 22.0 31.0 2.87 1.   0.
 3 1988 140 16818 22.0 31.0 2.87 1.   0.
 3 1988 141 16805 22.0 31.0 2.87 1.   0.
 3 1988 142 16793 22.0 31.0 2.87 1.  21.
 3 1988 143 16780 22.0 31.0 2.87 1.   0.
 3 1988 144 16767 22.0 31.0 2.87 1.   0.
 3 1988 145 16754 22.0 31.0 2.87 1.   0.
 3 1988 146 16741 22.0 31.0 2.87 1.  16.
 3 1988 147 16728 22.0 31.0 2.87 1.   0.
 3 1988 148 16715 22.0 31.0 2.87 1.   0.
 3 1988 149 16702 22.0 31.0 2.87 1.   0.
 3 1988 150 16689 22.0 31.0 2.87 1.   0.
 3 1988 151 16676 22.0 31.0 2.87 1.   0.
 3 1988 152 16664 22.0 31.0 2.87 1.   0.
 3 1988 153 16651 22.0 31.0 2.87 1.   0.
 3 1988 154 16638 22.0 31.0 2.87 1.   0.
 3 1988 155 16625 22.0 31.0 2.87 1.   0.
 3 1988 156 16612 22.0 31.0 2.87 1.  20.
 3 1988 157 16599 22.0 31.0 2.87 1.  20.
 3 1988 158 16586 22.0 31.0 2.87 1.   0.
 3 1988 159 16573 22.0 31.0 2.87 1.   0.
 3 1988 160 16560 22.0 31.0 2.87 1.   0.
 3 1988 161 16547 22.0 31.0 2.87 1.   0.
 3 1988 162 16535 22.0 31.0 2.87 1.   0.
 3 1988 163 16522 22.0 31.0 2.87 1.   0.
 3 1988 164 16509 22.0 31.0 2.87 1.   0.
 3 1988 165 16496 22.0 31.0 2.87 1.   0.
 3 1988 166 16483 22.0 31.0 2.87 1.   0.
 3 1988 167 16470 22.0 31.0 2.87 1.   0.
 3 1988 168 16513 22.0 31.0 2.87 1.   0.
 3 1988 169 16555 22.0 31.0 2.87 1.   0.
 3 1988 170 16598 22.0 31.0 2.87 1.   0.
 3 1988 171 16641 22.0 31.0 2.87 1.   0.
 3 1988 172 16683 22.0 31.0 2.87 1.   0.
 3 1988 173 16726 22.0 31.0 2.87 1.   0.
 3 1988 174 16769 22.0 31.0 2.87 1.   0.
 3 1988 175 16811 22.0 31.0 2.87 1.   0.
 3 1988 176 16854 22.0 31.0 2.87 1.  21.
 3 1988 177 16897 22.0 31.0 2.87 1.   0.
 3 1988 178 16939 22.0 31.0 2.87 1.   0.
 3 1988 179 16982 22.0 31.0 2.87 1.   1.
 3 1988 180 17025 22.0 31.0 2.87 1.  23.
 3 1988 181 17067 22.0 31.0 2.87 1.   3.
 3 1988 182 17110 22.0 31.0 2.87 1.  53.
 3 1988 183 17153 22.0 31.0 2.87 1.   1.
 3 1988 184 17195 22.0 31.0 2.87 1.  32.
 3 1988 185 17238 22.0 31.0 2.87 1.   0.
 3 1988 186 17281 22.0 31.0 2.87 1.   0.
 3 1988 187 17323 22.0 31.0 2.87 1.   0.
 3 1988 188 17366 22.0 31.0 2.87 1.   0.
 3 1988 189 17409 22.0 31.0 2.87 1.   0.
 3 1988 190 17451 22.0 31.0 2.87 1.   0.
 3 1988 191 17494 22.0 31.0 2.87 1.   0.
 3 1988 192 17537 22.0 31.0 2.87 1.   0.
 3 1988 193 17579 22.0 31.0 2.87 1.   0.
 3 1988 194 17622 22.0 31.0 2.87 1.   0.
 3 1988 195 17665 22.0 31.0 2.87 1.   0.
 3 1988 196 17707 22.0 31.0 2.87 1.   0.
 3 1988 197 17750 22.0 31.0 2.87 1.  15.
 3 1988 198 17711 22.0 31.0 2.87 1.   0.
 3 1988 199 17672 22.0 31.0 2.87 1.   0.
 3 1988 200 17633 22.0 31.0 2.87 1.   0.
 3 1988 201 17594 22.0 31.0 2.87 1.   0.
 3 1988 202 17555 22.0 31.0 2.87 1.   0.
 3 1988 203 17516 22.0 31.0 2.87 1.   0.
 3 1988 204 17477 22.0 31.0 2.87 1.   2.
 3 1988 205 17438 22.0 31.0 2.87 1.   0.
 3 1988 206 17399 22.0 31.0 2.87 1.   0.
 3 1988 207 17360 22.0 31.0 2.87 1.  39.
 3 1988 208 17321 22.0 31.0 2.87 1.   0.
 3 1988 209 17282 22.0 31.0 2.87 1.   0.
 3 1988 210 17243 22.0 31.0 2.87 1.  14.
 3 1988 211 17204 22.0 31.0 2.87 1.   0.
 3 1988 212 17165 22.0 31.0 2.87 1.   7.
 3 1988 213 17125 22.0 31.0 2.87 1.   0.
 3 1988 214 17086 22.0 31.0 2.87 1.   0.
 3 1988 215 17047 22.0 31.0 2.87 1.   0.
 3 1988 216 17008 22.0 31.0 2.87 1.   0.
 3 1988 217 16969 22.0 31.0 2.87 1.   0.
 3 1988 218 16930 22.0 31.0 2.87 1.   0.
 3 1988 219 16891 22.0 31.0 2.87 1.   0.
 3 1988 220 16852 22.0 31.0 2.87 1.  11.
 3 1988 221 16813 22.0 31.0 2.87 1.   0.
 3 1988 222 16774 22.0 31.0 2.87 1.   5.
 3 1988 223 16735 22.0 31.0 2.87 1.   0.
 3 1988 224 16696 22.0 31.0 2.87 1.   0.
 3 1988 225 16657 22.0 31.0 2.87 1.   0.
 3 1988 226 16618 22.0 31.0 2.87 1.  17.
 3 1988 227 16579 22.0 31.0 2.87 1.   0.
 3 1988 228 16540 22.0 31.0 2.87 1.   0.
 3 1988 229 16543 22.0 31.0 2.87 1.   0.
 3 1988 230 16545 22.0 31.0 2.87 1.   0.
 3 1988 231 16548 22.0 31.0 2.87 1.   0.
 3 1988 232 16550 22.0 31.0 2.87 1.   0.
 3 1988 233 16553 22.0 31.0 2.87 1.  74.
 3 1988 234 16555 22.0 31.0 2.87 1.   3.
 3 1988 235 16558 22.0 31.0 2.87 1.   0.
 3 1988 236 16561 22.0 31.0 2.87 1.   0.
 3 1988 237 16563 22.0 31.0 2.87 1.   0.
 3 1988 238 16566 22.0 31.0 2.87 1.   0.
 3 1988 239 16568 22.0 31.0 2.87 1.   0.
 3 1988 240 16571 22.0 31.0 2.87 1.   7.
 3 1988 241 16574 22.0 31.0 2.87 1.   1.
 3 1988 242 16576 22.0 31.0 2.87 1.  33.
 3 1988 243 16579 22.0 31.0 2.87 1.   0.
 3 1988 244 16581 22.0 31.0 2.87 1.   0.
 3 1988 245 16584 22.0 31.0 2.87 1.  28.
 3 1988 246 16586 22.0 31.0 2.87 1.   0.
 3 1988 247 16589 22.0 31.0 2.87 1.   0.
 3 1988 248 16592 22.0 31.0 2.87 1.   0.
 3 1988 249 16594 22.0 31.0 2.87 1.   0.
 3 1988 250 16597 22.0 31.0 2.87 1.   0.
 3 1988 251 16599 22.0 31.0 2.87 1.   0.
 3 1988 252 16602 22.0 31.0 2.87 1.   0.
 3 1988 253 16605 22.0 31.0 2.87 1.   0.
 3 1988 254 16607 22.0 31.0 2.87 1.  19.
 3 1988 255 16610 22.0 31.0 2.87 1.   1.
 3 1988 256 16612 22.0 31.0 2.87 1.   5.
 3 1988 257 16615 22.0 31.0 2.87 1.   3.
 3 1988 258 16617 22.0 31.0 2.87 1. 101.
 3 1988 259 16620 22.0 31.0 2.87 1.  10.
 3 1988 260 16603 22.0 31.0 2.87 1.   9.
 3 1988 261 16586 22.0 31.0 2.87 1.   0.
 3 1988 262 16569 22.0 31.0 2.87 1.   0.
 3 1988 263 16552 22.0 31.0 2.87 1.   0.
 3 1988 264 16535 22.0 31.0 2.87 1.   0.
 3 1988 265 16518 22.0 31.0 2.87 1.   3.
 3 1988 266 16501 22.0 31.0 2.87 1.   0.
 3 1988 267 16484 22.0 31.0 2.87 1.   0.
 3 1988 268 16467 22.0 31.0 2.87 1.   0.
 3 1988 269 16450 22.0 31.0 2.87 1.   0.
 3 1988 270 16433 22.0 31.0 2.87 1.   0.
 3 1988 271 16416 22.0 31.0 2.87 1.   0.
 3 1988 272 16399 22.0 31.0 2.87 1.   1.
 3 1988 273 16382 22.0 31.0 2.87 1.   1.
 3 1988 274 16365 22.0 31.0 2.87 1.  21.
 3 1988 275 16348 22.0 31.0 2.87 1.  76.
 3 1988 276 16331 22.0 31.0 2.87 1.   0.
 3 1988 277 16314 22.0 31.0 2.87 1.  12.
 3 1988 278 16297 22.0 31.0 2.87 1.  25.
 3 1988 279 16280 22.0 31.0 2.87 1.   0.
 3 1988 280 16263 22.0 31.0 2.87 1.   0.
 3 1988 281 16246 22.0 31.0 2.87 1.   0.
 3 1988 282 16229 22.0 31.0 2.87 1.  19.
 3 1988 283 16212 22.0 31.0 2.87 1.  10.
 3 1988 284 16195 22.0 31.0 2.87 1.   0.
 3 1988 285 16178 22.0 31.0 2.87 1.   0.
 3 1988 286 16161 22.0 31.0 2.87 1.  14.
 3 1988 287 16144 22.0 31.0 2.87 1.   0.
 3 1988 288 16127 22.0 31.0 2.87 1.   0.
 3 1988 289 16110 22.0 31.0 2.87 1.   0.
 3 1988 290 16075 22.0 31.0 2.87 1.   0.
 3 1988 291 16039 22.0 31.0 2.87 1.   3.
 3 1988 292 16004 22.0 31.0 2.87 1.   0.
 3 1988 293 15968 22.0 31.0 2.87 1.   0.
 3 1988 294 15933 22.0 31.0 2.87 1.   9.
 3 1988 295 15897 22.0 31.0 2.87 1.   0.
 3 1988 296 15862 22.0 31.0 2.87 1.   0.
 3 1988 297 15826 22.0 31.0 2.87 1.   1.
 3 1988 298 15791 22.0 31.0 2.87 1.   2.
 3 1988 299 15755 22.0 31.0 2.87 1.  17.
 3 1988 300 15720 22.0 31.0 2.87 1.   0.
 3 1988 301 15684 22.0 31.0 2.87 1.   0.
 3 1988 302 15649 22.0 31.0 2.87 1.  21.
 3 1988 303 15613 22.0 31.0 2.87 1.  19.
 3 1988 304 15578 22.0 31.0 2.87 1.   0.
 3 1988 305 15542 22.0 31.0 2.87 1.   3.
 3 1988 306 15507 22.0 31.0 2.87 1.   0.
 3 1988 307 15471 22.0 31.0 2.87 1.  16.
 3 1988 308 15436 22.0 31.0 2.87 1.   0.
 3 1988 309 15400 22.0 31.0 2.87 1.   0.
 3 1988 310 15365 22.0 31.0 2.87 1.   0.
 3 1988 311 15329 22.0 31.0 2.87 1.  15.
 3 1988 312 15294 22.0 31.0 2.87 1.  11.
 3 1988 313 15258 22.0 31.0 2.87 1.   0.
 3 1988 314 15223 22.0 31.0 2.87 1.   0.
 3 1988 315 15187 22.0 31.0 2.87 1.  16.
 3 1988 316 15152 22.0 31.0 2.87 1.   0.
 3 1988 317 15116 22.0 31.0 2.87 1.   9.
 3 1988 318 15081 22.0 31.0 2.87 1.   0.
 3 1988 319 15045 22.0 31.0 2.87 1.   0.
 3 1988 320 15010 22.0 31.0 2.87 1.   3.
 3 1988 321 15010 22.0 31.0 2.87 1.   0.
 3 1988 322 15009 22.0 31.0 2.87 1.   0.
 3 1988 323 15009 22.0 31.0 2.87 1.   0.
 3 1988 324 15009 22.0 31.0 2.87 1.   0.
 3 1988 325 15008 22.0 31.0 2.87 1.   0.
 3 1988 326 15008 22.0 31.0 2.87 1.   0.
 3 1988 327 15008 22.0 31.0 2.87 1.  46.
 3 1988 328 15007 22.0 31.0 2.87 1.   0.
 3 1988 329 15007 22.0 31.0 2.87 1.  46.
 3 1988 330 15007 22.0 31.0 2.87 1.   0.
 3 1988 331 15006 22.0 31.0 2.87 1.   0.
 3 1988 332 15006 22.0 31.0 2.87 1.   0.
 3 1988 333 15006 22.0 31.0 2.87 1.   6.
 3 1988 334 15005 22.0 31.0 2.87 1.  26.
 3 1988 335 15005 22.0 31.0 2.87 1.   0.
 3 1988 336 15005 22.0 31.0 2.87 1.   0.
 3 1988 337 15004 22.0 31.0 2.87 1.   0.
 3 1988 338 15004 22.0 31.0 2.87 1.   0.
 3 1988 339 15004 22.0 31.0 2.87 1.   0.
 3 1988 340 15003 22.0 31.0 2.87 1.  19.
 3 1988 341 15003 22.0 31.0 2.87 1.   9.
 3 1988 342 15003 22.0 31.0 2.87 1.   9.
 3 1988 343 15002 22.0 31.0 2.87 1.  19.
 3 1988 344 15002 22.0 31.0 2.87 1.   0.
 3 1988 345 15002 22.0 31.0 2.87 1.   0.
 3 1988 346 15001 22.0 31.0 2.87 1.   0.
 3 1988 347 15001 22.0 31.0 2.87 1.   0.
 3 1988 348 15001 22.0 31.0 2.87 1.   0.
 3 1988 349 15000 22.0 31.0 2.87 1.  65.
 3 1988 350 15000 22.0 31.0 2.87 1.   0.
 3 1988 351 14986 22.0 31.0 2.87 1.  20.
 3 1988 352 14972 22.0 31.0 2.87 1.   0.
 3 1988 353 14959 22.0 31.0 2.87 1.   0.
 3 1988 354 14945 22.0 31.0 2.87 1.   0.
 3 1988 355 14931 22.0 31.0 2.87 1.   0.
 3 1988 356 14918 22.0 31.0 2.87 1.   0.
 3 1988 357 14904 22.0 31.0 2.87 1.   6.
 3 1988 358 14890 22.0 31.0 2.87 1.   0.
 3 1988 359 14876 22.0 31.0 2.87 1.   0.
 3 1988 360 14863 22.0 31.0 2.87 1.   0.
 3 1988 361 14849 22.0 31.0 2.87 1.   0.
 3 1988 362 14835 22.0 31.0 2.87 1.   0.
 3 1988 363 14821 22.0 31.0 2.87 1.   0.
 3 1988 364 14808 22.0 31.0 2.87 1.   0.
 3 1988 365 14794 22.0 31.0 2.87 1.   0.
 3 1988 366 14780 22.0 31.0 2.87 1.   0.
