*-------------------------------------------------------------*
* Station name: Bah Lias Research Station
* Year: 1982
* Author: W. Gerritsma
* Source: Meteorological records, Bah Lias Research Station
*         P.T.P.P. London Sumatra Indonesia
*         P.O. box 1054
*         Medan 20011
*         Sumatra Utara
*         Indonesia
*
* Longitude: 99 20 E, latitude: 3 11 N, altitude: 30 m
*
* Inrpolated daily values
*
* Column  Daily value
* 1       station number
* 2       year
* 3       day
* 4       daily shortwave radiation     (kJ m-2 d-1)
* 5       minimum temperature           (degrees C)
* 6       maximum temperature           (degrees C)
* 7       early morning vapour pressure (kPa)
* 8       mean wind speed (height: 2 m) (m s-1)
* 9       precipitation                 (mm day-1)
*-------------------------------------------------------------*
99.3  3.16  30.0  0.00  0.00
 3 1982   1 14924 22.0 31.0 2.87 1.   0.
 3 1982   2 14990 22.0 31.0 2.87 1.   0.
 3 1982   3 15056 22.0 31.0 2.87 1.   0.
 3 1982   4 15122 22.0 31.0 2.87 1.   0.
 3 1982   5 15189 22.0 31.0 2.87 1.   0.
 3 1982   6 15255 22.0 31.0 2.87 1.   0.
 3 1982   7 15321 22.0 31.0 2.87 1.   0.
 3 1982   8 15388 22.0 31.0 2.87 1.   0.
 3 1982   9 15454 22.0 31.0 2.87 1.   0.
 3 1982  10 15520 22.0 31.0 2.87 1.   0.
 3 1982  11 15587 22.0 31.0 2.87 1.   0.
 3 1982  12 15653 22.0 31.0 2.87 1.   0.
 3 1982  13 15719 22.0 31.0 2.87 1.   0.
 3 1982  14 15786 22.0 31.0 2.87 1.   3.
 3 1982  15 15852 22.0 31.0 2.87 1.  18.
 3 1982  16 15900 22.0 31.0 2.87 1.   0.
 3 1982  17 15949 22.0 31.0 2.87 1.   0.
 3 1982  18 15997 22.0 31.0 2.87 1.   0.
 3 1982  19 16046 22.0 31.0 2.87 1.   0.
 3 1982  20 16094 22.0 31.0 2.87 1.   0.
 3 1982  21 16143 22.0 31.0 2.87 1.   0.
 3 1982  22 16191 22.0 31.0 2.87 1.  21.
 3 1982  23 16239 22.0 31.0 2.87 1.   0.
 3 1982  24 16288 22.0 31.0 2.87 1.   0.
 3 1982  25 16336 22.0 31.0 2.87 1.   0.
 3 1982  26 16385 22.0 31.0 2.87 1.   0.
 3 1982  27 16433 22.0 31.0 2.87 1.   0.
 3 1982  28 16482 22.0 31.0 2.87 1.   0.
 3 1982  29 16530 22.0 31.0 2.87 1.   0.
 3 1982  30 16579 22.0 31.0 2.87 1.   0.
 3 1982  31 16627 22.0 31.0 2.87 1.   0.
 3 1982  32 16675 22.0 31.0 2.87 1.   0.
 3 1982  33 16724 22.0 31.0 2.87 1.   0.
 3 1982  34 16772 22.0 31.0 2.87 1.   0.
 3 1982  35 16821 22.0 31.0 2.87 1.   0.
 3 1982  36 16869 22.0 31.0 2.87 1.   0.
 3 1982  37 16918 22.0 31.0 2.87 1.   0.
 3 1982  38 16966 22.0 31.0 2.87 1.   0.
 3 1982  39 17014 22.0 31.0 2.87 1.   0.
 3 1982  40 17063 22.0 31.0 2.87 1.   0.
 3 1982  41 17111 22.0 31.0 2.87 1.   0.
 3 1982  42 17160 22.0 31.0 2.87 1.   4.
 3 1982  43 17208 22.0 31.0 2.87 1.   0.
 3 1982  44 17257 22.0 31.0 2.87 1.   0.
 3 1982  45 17305 22.0 31.0 2.87 1.   0.
 3 1982  46 17308 22.0 31.0 2.87 1.   0.
 3 1982  47 17311 22.0 31.0 2.87 1.   0.
 3 1982  48 17314 22.0 31.0 2.87 1.   0.
 3 1982  49 17316 22.0 31.0 2.87 1.   0.
 3 1982  50 17319 22.0 31.0 2.87 1.   0.
 3 1982  51 17322 22.0 31.0 2.87 1.   0.
 3 1982  52 17325 22.0 31.0 2.87 1.   0.
 3 1982  53 17328 22.0 31.0 2.87 1.   0.
 3 1982  54 17331 22.0 31.0 2.87 1.   0.
 3 1982  55 17334 22.0 31.0 2.87 1.   0.
 3 1982  56 17336 22.0 31.0 2.87 1.   0.
 3 1982  57 17339 22.0 31.0 2.87 1.   0.
 3 1982  58 17342 22.0 31.0 2.87 1.   0.
 3 1982  59 17345 22.0 31.0 2.87 1.   0.
 3 1982  60 17348 22.0 31.0 2.87 1.   0.
 3 1982  61 17351 22.0 31.0 2.87 1.   0.
 3 1982  62 17354 22.0 31.0 2.87 1.   0.
 3 1982  63 17357 22.0 31.0 2.87 1.   0.
 3 1982  64 17359 22.0 31.0 2.87 1.   0.
 3 1982  65 17362 22.0 31.0 2.87 1.   9.
 3 1982  66 17365 22.0 31.0 2.87 1.   0.
 3 1982  67 17368 22.0 31.0 2.87 1.   0.
 3 1982  68 17371 22.0 31.0 2.87 1.   0.
 3 1982  69 17374 22.0 31.0 2.87 1.  15.
 3 1982  70 17377 22.0 31.0 2.87 1.   0.
 3 1982  71 17379 22.0 31.0 2.87 1.   0.
 3 1982  72 17382 22.0 31.0 2.87 1.   3.
 3 1982  73 17385 22.0 31.0 2.87 1.   0.
 3 1982  74 17388 22.0 31.0 2.87 1.   2.
 3 1982  75 17364 22.0 31.0 2.87 1.   0.
 3 1982  76 17341 22.0 31.0 2.87 1.   3.
 3 1982  77 17317 22.0 31.0 2.87 1.   0.
 3 1982  78 17293 22.0 31.0 2.87 1.   0.
 3 1982  79 17269 22.0 31.0 2.87 1.   0.
 3 1982  80 17246 22.0 31.0 2.87 1.  11.
 3 1982  81 17222 22.0 31.0 2.87 1.   0.
 3 1982  82 17198 22.0 31.0 2.87 1.   3.
 3 1982  83 17175 22.0 31.0 2.87 1.   0.
 3 1982  84 17151 22.0 31.0 2.87 1.  12.
 3 1982  85 17127 22.0 31.0 2.87 1.   0.
 3 1982  86 17103 22.0 31.0 2.87 1.   0.
 3 1982  87 17080 22.0 31.0 2.87 1.   0.
 3 1982  88 17056 22.0 31.0 2.87 1.   0.
 3 1982  89 17032 22.0 31.0 2.87 1.   0.
 3 1982  90 17009 22.0 31.0 2.87 1.   0.
 3 1982  91 16985 22.0 31.0 2.87 1.   0.
 3 1982  92 16961 22.0 31.0 2.87 1.   0.
 3 1982  93 16938 22.0 31.0 2.87 1.  27.
 3 1982  94 16914 22.0 31.0 2.87 1.   0.
 3 1982  95 16890 22.0 31.0 2.87 1.   0.
 3 1982  96 16866 22.0 31.0 2.87 1.   0.
 3 1982  97 16843 22.0 31.0 2.87 1.   1.
 3 1982  98 16819 22.0 31.0 2.87 1.   6.
 3 1982  99 16795 22.0 31.0 2.87 1.  23.
 3 1982 100 16772 22.0 31.0 2.87 1.   0.
 3 1982 101 16748 22.0 31.0 2.87 1.   0.
 3 1982 102 16724 22.0 31.0 2.87 1.  23.
 3 1982 103 16700 22.0 31.0 2.87 1.   2.
 3 1982 104 16677 22.0 31.0 2.87 1.  29.
 3 1982 105 16653 22.0 31.0 2.87 1.   0.
 3 1982 106 16673 22.0 31.0 2.87 1.   0.
 3 1982 107 16694 22.0 31.0 2.87 1.   0.
 3 1982 108 16714 22.0 31.0 2.87 1.   0.
 3 1982 109 16735 22.0 31.0 2.87 1.   8.
 3 1982 110 16755 22.0 31.0 2.87 1.   4.
 3 1982 111 16776 22.0 31.0 2.87 1.   0.
 3 1982 112 16796 22.0 31.0 2.87 1.   0.
 3 1982 113 16817 22.0 31.0 2.87 1.   2.
 3 1982 114 16837 22.0 31.0 2.87 1.   0.
 3 1982 115 16858 22.0 31.0 2.87 1.   6.
 3 1982 116 16878 22.0 31.0 2.87 1.   0.
 3 1982 117 16899 22.0 31.0 2.87 1.   0.
 3 1982 118 16919 22.0 31.0 2.87 1.   0.
 3 1982 119 16940 22.0 31.0 2.87 1.   0.
 3 1982 120 16960 22.0 31.0 2.87 1.   0.
 3 1982 121 16980 22.0 31.0 2.87 1.   0.
 3 1982 122 17001 22.0 31.0 2.87 1.   0.
 3 1982 123 17021 22.0 31.0 2.87 1.  17.
 3 1982 124 17042 22.0 31.0 2.87 1.   0.
 3 1982 125 17062 22.0 31.0 2.87 1.   0.
 3 1982 126 17083 22.0 31.0 2.87 1.   0.
 3 1982 127 17103 22.0 31.0 2.87 1.   0.
 3 1982 128 17124 22.0 31.0 2.87 1.   0.
 3 1982 129 17144 22.0 31.0 2.87 1.   0.
 3 1982 130 17165 22.0 31.0 2.87 1.   0.
 3 1982 131 17185 22.0 31.0 2.87 1.   0.
 3 1982 132 17206 22.0 31.0 2.87 1.   0.
 3 1982 133 17226 22.0 31.0 2.87 1.   0.
 3 1982 134 17247 22.0 31.0 2.87 1.   0.
 3 1982 135 17267 22.0 31.0 2.87 1.   1.
 3 1982 136 17237 22.0 31.0 2.87 1.   0.
 3 1982 137 17207 22.0 31.0 2.87 1.  10.
 3 1982 138 17177 22.0 31.0 2.87 1.   0.
 3 1982 139 17147 22.0 31.0 2.87 1.   0.
 3 1982 140 17117 22.0 31.0 2.87 1.   0.
 3 1982 141 17087 22.0 31.0 2.87 1.   0.
 3 1982 142 17057 22.0 31.0 2.87 1.   0.
 3 1982 143 17027 22.0 31.0 2.87 1.   0.
 3 1982 144 16997 22.0 31.0 2.87 1.   0.
 3 1982 145 16967 22.0 31.0 2.87 1.   0.
 3 1982 146 16937 22.0 31.0 2.87 1.   1.
 3 1982 147 16907 22.0 31.0 2.87 1.  12.
 3 1982 148 16877 22.0 31.0 2.87 1.   5.
 3 1982 149 16847 22.0 31.0 2.87 1.   0.
 3 1982 150 16817 22.0 31.0 2.87 1.  60.
 3 1982 151 16787 22.0 31.0 2.87 1.   0.
 3 1982 152 16757 22.0 31.0 2.87 1.   7.
 3 1982 153 16727 22.0 31.0 2.87 1.   0.
 3 1982 154 16697 22.0 31.0 2.87 1.   0.
 3 1982 155 16667 22.0 31.0 2.87 1.   0.
 3 1982 156 16637 22.0 31.0 2.87 1.   0.
 3 1982 157 16607 22.0 31.0 2.87 1.   0.
 3 1982 158 16577 22.0 31.0 2.87 1.   3.
 3 1982 159 16547 22.0 31.0 2.87 1.  76.
 3 1982 160 16517 22.0 31.0 2.87 1.   0.
 3 1982 161 16487 22.0 31.0 2.87 1.   0.
 3 1982 162 16457 22.0 31.0 2.87 1.   0.
 3 1982 163 16427 22.0 31.0 2.87 1.   0.
 3 1982 164 16397 22.0 31.0 2.87 1.   0.
 3 1982 165 16367 22.0 31.0 2.87 1.   0.
 3 1982 166 16337 22.0 31.0 2.87 1.   0.
 3 1982 167 16354 22.0 31.0 2.87 1.   0.
 3 1982 168 16370 22.0 31.0 2.87 1.   0.
 3 1982 169 16387 22.0 31.0 2.87 1.   0.
 3 1982 170 16403 22.0 31.0 2.87 1.   0.
 3 1982 171 16420 22.0 31.0 2.87 1.   0.
 3 1982 172 16437 22.0 31.0 2.87 1.   0.
 3 1982 173 16453 22.0 31.0 2.87 1.   0.
 3 1982 174 16470 22.0 31.0 2.87 1.   0.
 3 1982 175 16486 22.0 31.0 2.87 1.   0.
 3 1982 176 16503 22.0 31.0 2.87 1.   0.
 3 1982 177 16520 22.0 31.0 2.87 1.   0.
 3 1982 178 16536 22.0 31.0 2.87 1.   0.
 3 1982 179 16553 22.0 31.0 2.87 1.   0.
 3 1982 180 16569 22.0 31.0 2.87 1.   0.
 3 1982 181 16586 22.0 31.0 2.87 1.   4.
 3 1982 182 16603 22.0 31.0 2.87 1.  19.
 3 1982 183 16619 22.0 31.0 2.87 1.   0.
 3 1982 184 16636 22.0 31.0 2.87 1.   0.
 3 1982 185 16652 22.0 31.0 2.87 1.   0.
 3 1982 186 16669 22.0 31.0 2.87 1.   5.
 3 1982 187 16686 22.0 31.0 2.87 1.   0.
 3 1982 188 16702 22.0 31.0 2.87 1.   0.
 3 1982 189 16719 22.0 31.0 2.87 1.   0.
 3 1982 190 16735 22.0 31.0 2.87 1.   0.
 3 1982 191 16752 22.0 31.0 2.87 1.   0.
 3 1982 192 16769 22.0 31.0 2.87 1.   0.
 3 1982 193 16785 22.0 31.0 2.87 1.   0.
 3 1982 194 16802 22.0 31.0 2.87 1.   0.
 3 1982 195 16818 22.0 31.0 2.87 1.   0.
 3 1982 196 16835 22.0 31.0 2.87 1.   6.
 3 1982 197 16855 22.0 31.0 2.87 1.   0.
 3 1982 198 16875 22.0 31.0 2.87 1.   0.
 3 1982 199 16894 22.0 31.0 2.87 1.   3.
 3 1982 200 16914 22.0 31.0 2.87 1.   3.
 3 1982 201 16934 22.0 31.0 2.87 1.   0.
 3 1982 202 16954 22.0 31.0 2.87 1.   0.
 3 1982 203 16974 22.0 31.0 2.87 1.   0.
 3 1982 204 16993 22.0 31.0 2.87 1.  18.
 3 1982 205 17013 22.0 31.0 2.87 1.   0.
 3 1982 206 17033 22.0 31.0 2.87 1.   1.
 3 1982 207 17053 22.0 31.0 2.87 1.   0.
 3 1982 208 17073 22.0 31.0 2.87 1.  22.
 3 1982 209 17092 22.0 31.0 2.87 1.   2.
 3 1982 210 17112 22.0 31.0 2.87 1.  10.
 3 1982 211 17132 22.0 31.0 2.87 1.  12.
 3 1982 212 17152 22.0 31.0 2.87 1.  34.
 3 1982 213 17172 22.0 31.0 2.87 1.   0.
 3 1982 214 17192 22.0 31.0 2.87 1.   0.
 3 1982 215 17211 22.0 31.0 2.87 1.   0.
 3 1982 216 17231 22.0 31.0 2.87 1.   0.
 3 1982 217 17251 22.0 31.0 2.87 1.   0.
 3 1982 218 17271 22.0 31.0 2.87 1.   0.
 3 1982 219 17291 22.0 31.0 2.87 1.   0.
 3 1982 220 17310 22.0 31.0 2.87 1.   0.
 3 1982 221 17330 22.0 31.0 2.87 1.   0.
 3 1982 222 17350 22.0 31.0 2.87 1.  63.
 3 1982 223 17370 22.0 31.0 2.87 1.   0.
 3 1982 224 17390 22.0 31.0 2.87 1.   0.
 3 1982 225 17409 22.0 31.0 2.87 1.   0.
 3 1982 226 17429 22.0 31.0 2.87 1.   0.
 3 1982 227 17449 22.0 31.0 2.87 1.   4.
 3 1982 228 17428 22.0 31.0 2.87 1.   0.
 3 1982 229 17408 22.0 31.0 2.87 1.  11.
 3 1982 230 17387 22.0 31.0 2.87 1.   0.
 3 1982 231 17367 22.0 31.0 2.87 1.   0.
 3 1982 232 17346 22.0 31.0 2.87 1.   0.
 3 1982 233 17326 22.0 31.0 2.87 1.   0.
 3 1982 234 17305 22.0 31.0 2.87 1.   0.
 3 1982 235 17285 22.0 31.0 2.87 1.  43.
 3 1982 236 17264 22.0 31.0 2.87 1.   0.
 3 1982 237 17244 22.0 31.0 2.87 1.   0.
 3 1982 238 17223 22.0 31.0 2.87 1.   0.
 3 1982 239 17202 22.0 31.0 2.87 1.   6.
 3 1982 240 17182 22.0 31.0 2.87 1.  18.
 3 1982 241 17161 22.0 31.0 2.87 1.   0.
 3 1982 242 17141 22.0 31.0 2.87 1.   0.
 3 1982 243 17120 22.0 31.0 2.87 1.   0.
 3 1982 244 17100 22.0 31.0 2.87 1.   5.
 3 1982 245 17079 22.0 31.0 2.87 1.  54.
 3 1982 246 17059 22.0 31.0 2.87 1.   6.
 3 1982 247 17038 22.0 31.0 2.87 1.   1.
 3 1982 248 17017 22.0 31.0 2.87 1.   1.
 3 1982 249 16997 22.0 31.0 2.87 1.   1.
 3 1982 250 16976 22.0 31.0 2.87 1.   1.
 3 1982 251 16956 22.0 31.0 2.87 1.   0.
 3 1982 252 16935 22.0 31.0 2.87 1.   0.
 3 1982 253 16915 22.0 31.0 2.87 1.   1.
 3 1982 254 16894 22.0 31.0 2.87 1.   0.
 3 1982 255 16874 22.0 31.0 2.87 1.   0.
 3 1982 256 16853 22.0 31.0 2.87 1.   0.
 3 1982 257 16833 22.0 31.0 2.87 1.   0.
 3 1982 258 16812 22.0 31.0 2.87 1.   0.
 3 1982 259 16810 22.0 31.0 2.87 1.   0.
 3 1982 260 16808 22.0 31.0 2.87 1.   0.
 3 1982 261 16806 22.0 31.0 2.87 1.   3.
 3 1982 262 16804 22.0 31.0 2.87 1.   0.
 3 1982 263 16802 22.0 31.0 2.87 1.   0.
 3 1982 264 16800 22.0 31.0 2.87 1.   0.
 3 1982 265 16798 22.0 31.0 2.87 1.  55.
 3 1982 266 16795 22.0 31.0 2.87 1.   0.
 3 1982 267 16793 22.0 31.0 2.87 1.   0.
 3 1982 268 16791 22.0 31.0 2.87 1.   0.
 3 1982 269 16789 22.0 31.0 2.87 1.   0.
 3 1982 270 16787 22.0 31.0 2.87 1.   0.
 3 1982 271 16785 22.0 31.0 2.87 1.   0.
 3 1982 272 16783 22.0 31.0 2.87 1.   1.
 3 1982 273 16781 22.0 31.0 2.87 1.   0.
 3 1982 274 16779 22.0 31.0 2.87 1.   0.
 3 1982 275 16777 22.0 31.0 2.87 1.   7.
 3 1982 276 16775 22.0 31.0 2.87 1.   0.
 3 1982 277 16773 22.0 31.0 2.87 1.   0.
 3 1982 278 16771 22.0 31.0 2.87 1.   0.
 3 1982 279 16769 22.0 31.0 2.87 1.   0.
 3 1982 280 16767 22.0 31.0 2.87 1.   0.
 3 1982 281 16764 22.0 31.0 2.87 1.   0.
 3 1982 282 16762 22.0 31.0 2.87 1.   0.
 3 1982 283 16760 22.0 31.0 2.87 1.  17.
 3 1982 284 16758 22.0 31.0 2.87 1.   0.
 3 1982 285 16756 22.0 31.0 2.87 1.   0.
 3 1982 286 16754 22.0 31.0 2.87 1.   0.
 3 1982 287 16752 22.0 31.0 2.87 1.   0.
 3 1982 288 16750 22.0 31.0 2.87 1.   9.
 3 1982 289 16692 22.0 31.0 2.87 1.   4.
 3 1982 290 16635 22.0 31.0 2.87 1.   0.
 3 1982 291 16577 22.0 31.0 2.87 1.   0.
 3 1982 292 16520 22.0 31.0 2.87 1.   2.
 3 1982 293 16462 22.0 31.0 2.87 1.  30.
 3 1982 294 16405 22.0 31.0 2.87 1.   0.
 3 1982 295 16347 22.0 31.0 2.87 1.   0.
 3 1982 296 16289 22.0 31.0 2.87 1.  35.
 3 1982 297 16232 22.0 31.0 2.87 1.   0.
 3 1982 298 16174 22.0 31.0 2.87 1.   0.
 3 1982 299 16117 22.0 31.0 2.87 1.   1.
 3 1982 300 16059 22.0 31.0 2.87 1.   0.
 3 1982 301 16001 22.0 31.0 2.87 1.   0.
 3 1982 302 15944 22.0 31.0 2.87 1.  22.
 3 1982 303 15886 22.0 31.0 2.87 1.   1.
 3 1982 304 15829 22.0 31.0 2.87 1.  12.
 3 1982 305 15771 22.0 31.0 2.87 1.   0.
 3 1982 306 15714 22.0 31.0 2.87 1.   0.
 3 1982 307 15656 22.0 31.0 2.87 1.   0.
 3 1982 308 15598 22.0 31.0 2.87 1.  19.
 3 1982 309 15541 22.0 31.0 2.87 1.   0.
 3 1982 310 15483 22.0 31.0 2.87 1.   1.
 3 1982 311 15426 22.0 31.0 2.87 1.   3.
 3 1982 312 15368 22.0 31.0 2.87 1.   0.
 3 1982 313 15310 22.0 31.0 2.87 1.  21.
 3 1982 314 15253 22.0 31.0 2.87 1.   2.
 3 1982 315 15195 22.0 31.0 2.87 1.   0.
 3 1982 316 15138 22.0 31.0 2.87 1.  16.
 3 1982 317 15080 22.0 31.0 2.87 1.   9.
 3 1982 318 15023 22.0 31.0 2.87 1.   0.
 3 1982 319 14965 22.0 31.0 2.87 1.   6.
 3 1982 320 14933 22.0 31.0 2.87 1.   0.
 3 1982 321 14900 22.0 31.0 2.87 1.   0.
 3 1982 322 14868 22.0 31.0 2.87 1.   0.
 3 1982 323 14836 22.0 31.0 2.87 1.   0.
 3 1982 324 14803 22.0 31.0 2.87 1.   2.
 3 1982 325 14771 22.0 31.0 2.87 1.   0.
 3 1982 326 14739 22.0 31.0 2.87 1.   0.
 3 1982 327 14706 22.0 31.0 2.87 1.  43.
 3 1982 328 14674 22.0 31.0 2.87 1.   0.
 3 1982 329 14642 22.0 31.0 2.87 1.  35.
 3 1982 330 14609 22.0 31.0 2.87 1.   0.
 3 1982 331 14577 22.0 31.0 2.87 1.   0.
 3 1982 332 14545 22.0 31.0 2.87 1.   0.
 3 1982 333 14512 22.0 31.0 2.87 1.   0.
 3 1982 334 14480 22.0 31.0 2.87 1.   0.
 3 1982 335 14448 22.0 31.0 2.87 1.   0.
 3 1982 336 14415 22.0 31.0 2.87 1.   0.
 3 1982 337 14383 22.0 31.0 2.87 1.   0.
 3 1982 338 14351 22.0 31.0 2.87 1.   0.
 3 1982 339 14318 22.0 31.0 2.87 1.   0.
 3 1982 340 14286 22.0 31.0 2.87 1.   1.
 3 1982 341 14254 22.0 31.0 2.87 1.   0.
 3 1982 342 14221 22.0 31.0 2.87 1.   0.
 3 1982 343 14189 22.0 31.0 2.87 1.  57.
 3 1982 344 14157 22.0 31.0 2.87 1.   0.
 3 1982 345 14124 22.0 31.0 2.87 1.   7.
 3 1982 346 14092 22.0 31.0 2.87 1.   0.
 3 1982 347 14060 22.0 31.0 2.87 1.  10.
 3 1982 348 14027 22.0 31.0 2.87 1.   0.
 3 1982 349 13995 22.0 31.0 2.87 1.   6.
 3 1982 350 14053 22.0 31.0 2.87 1.   0.
 3 1982 351 14111 22.0 31.0 2.87 1.  14.
 3 1982 352 14169 22.0 31.0 2.87 1.   2.
 3 1982 353 14227 22.0 31.0 2.87 1.   0.
 3 1982 354 14285 22.0 31.0 2.87 1.   4.
 3 1982 355 14343 22.0 31.0 2.87 1.   0.
 3 1982 356 14401 22.0 31.0 2.87 1.   0.
 3 1982 357 14459 22.0 31.0 2.87 1.   0.
 3 1982 358 14517 22.0 31.0 2.87 1.   0.
 3 1982 359 14575 22.0 31.0 2.87 1.   0.
 3 1982 360 14633 22.0 31.0 2.87 1.   0.
 3 1982 361 14691 22.0 31.0 2.87 1.   0.
 3 1982 362 14749 22.0 31.0 2.87 1.   0.
 3 1982 363 14807 22.0 31.0 2.87 1.   0.
 3 1982 364 14865 22.0 31.0 2.87 1.  16.
 3 1982 365 14924 22.0 31.0 2.87 1.   0.
