*---------------------------------------------------------*
*   Country: Malaysia
*   Station: TLKC0064 Telok Chengai
*      Year: 1986
*    Source: CLICOM database
*    Author: Climate Unit, IRRI
* Longitude: 100 17 E
*  Latitude: 06 06 N
* Elevation: 1.0 m.
*  Comments: Solar radiation values are the same as 1979(?). -99.000: nil value
* NOTE: Reference for a & b
*       Hing, C.H. and Joo, T.L. (1983) Solar and net radiation in Peninsular
*      Malaysia. J. Climatology. 3:271-283.
*
*  Columns:
*  ========
*  station number
*  year
*  day
*  irradiation (kJ m-2 d-1)
*  minimum temperature (degrees Celsius)
*  maximum temperature (degrees Celsius)
*  vapour pressure (kPa)
*  mean wind speed (m s-1)
*  precipitation (mm d-1)
** WCCDESCRIPTION=Malaysia, Telok Chengai, daily weather (mald2.978...988)
** WCCFORMAT=2
** WCCYEARNR=1986
*-----------------------------------------------------------
100.28   6.10   1.0 -0.25 -0.42
  2 1986   1  12904  22.5  30.6   2.91 -99.0   1.0
  2 1986   2  12571  22.6  29.1   2.72 -99.0   8.0
  2 1986   3  15800  22.8  29.4   2.52 -99.0    .0
  2 1986   4  12824  22.2  29.6   2.63 -99.0    .0
  2 1986   5  15831  22.2  30.0   2.63 -99.0    .0
  2 1986   6   9625  21.9  29.3   2.45 -99.0    .0
  2 1986   7  11944  22.1  28.5   2.50 -99.0    .0
  2 1986   8  16348  21.6  30.3   2.71 -99.0    .0
  2 1986   9  12900  21.4  29.8   2.38 -99.0    .0
  2 1986  10  12570  21.5  27.8   2.50 -99.0    .0
  2 1986  11  19543  20.9  31.1   2.41 -99.0    .0
  2 1986  12  16205  20.8  32.2   2.45 -99.0    .0
  2 1986  13  18786  21.7  31.2   2.54 -99.0    .0
  2 1986  14  20445  22.0  31.9   2.58 -99.0    .0
  2 1986  15  16630  21.1  32.3   2.76 -99.0    .0
  2 1986  16  17592  22.0  32.6   2.82 -99.0    .0
  2 1986  17  21364  22.4  32.8   2.91 -99.0    .0
  2 1986  18  20932  21.6  32.5   3.00 -99.0    .0
  2 1986  19  20265  22.3  33.2   3.05 -99.0    .0
  2 1986  20  21359  21.8  33.6   2.81 -99.0    .0
  2 1986  21   9863  22.3  33.1   2.81 -99.0    .0
  2 1986  22  20378  22.0  33.0   2.63 -99.0    .0
  2 1986  23  19826  20.1  32.6   2.63 -99.0    .0
  2 1986  24  19037  20.9  32.3   2.81 -99.0    .0
  2 1986  25  21446  21.4  32.7   2.56 -99.0    .0
  2 1986  26  22083  21.2  33.1   2.43 -99.0    .0
  2 1986  27  21414  20.9  33.3   2.35 -99.0    .0
  2 1986  28  19074  20.3  32.7   2.45 -99.0    .0
  2 1986  29  20667  21.2  33.4   2.49 -99.0    .0
  2 1986  30  22746  21.1  33.6   2.46 -99.0    .0
  2 1986  31  16078  21.8  32.7   2.70 -99.0    .0
  2 1986  32  22363  21.3  33.4   2.76 -99.0    .0
  2 1986  33  22411  21.3  34.6   2.74 -99.0    .0
  2 1986  34  23063  20.5  33.7   2.61 -99.0    .0
  2 1986  35  22630  20.5  34.6   2.68 -99.0    .0
  2 1986  36  23043  21.4  35.2   2.80 -99.0    .0
  2 1986  37  21637  21.6  34.6   2.76 -99.0    .0
  2 1986  38  22780  21.7  35.5   2.65 -99.0    .0
  2 1986  39  22587  21.5  33.7   2.35 -99.0    .0
  2 1986  40  20683  19.5  33.0   2.10 -99.0    .0
  2 1986  41  23055  18.7  34.3   2.20 -99.0    .0
  2 1986  42  22615  18.8  34.6   1.98 -99.0    .0
  2 1986  43  21436  21.5  35.1   2.49 -99.0    .0
  2 1986  44  21238  21.6  35.6   2.69 -99.0    .0
  2 1986  45  23259  21.2  34.3   2.67 -99.0    .0
  2 1986  46  23434  22.0  33.2   2.91 -99.0    .0
  2 1986  47  23237  21.6  33.4   2.89 -99.0    .0
  2 1986  48  22666  21.3  32.9   2.68 -99.0    .0
  2 1986  49  22840  22.2  34.0   2.88 -99.0    .0
  2 1986  50  22390  22.9  33.0   2.85 -99.0    .0
  2 1986  51  22063  22.8  33.1   2.93 -99.0    .0
  2 1986  52  19482  22.3  32.8   3.09 -99.0   4.9
  2 1986  53  22656  21.2  33.7   2.81 -99.0    .0
  2 1986  54  22452  21.6  35.0   2.80 -99.0    .0
  2 1986  55  23000  21.4  33.8   2.76 -99.0  43.2
  2 1986  56  23676  21.2  34.6   2.43 -99.0    .0
  2 1986  57  23597  19.7  35.0   2.20 -99.0    .0
  2 1986  58  21113  20.1  34.9   2.41 -99.0    .0
  2 1986  59  23687  22.6  36.1   2.64 -99.0    .0
  2 1986  60  23985  21.3  35.7   2.40 -99.0    .0
  2 1986  61  21741  21.4  34.3   2.50 -99.0    .0
  2 1986  62  21526  21.4  33.3   2.39 -99.0    .0
  2 1986  63  20417  21.5  33.2   2.35 -99.0    .0
  2 1986  64  23135  20.1  34.4   2.30 -99.0    .0
  2 1986  65  21000  22.1  35.6   2.37 -99.0    .0
  2 1986  66  15272  22.7  34.0   2.61 -99.0    .0
  2 1986  67  14273  22.2  34.2   2.63 -99.0    .0
  2 1986  68  18149  22.8  34.0   2.97 -99.0   3.8
  2 1986  69  23321  22.6  34.2   2.77 -99.0    .0
  2 1986  70  19494  22.5  33.3   3.00 -99.0   7.5
  2 1986  71  22101  22.6  34.2   3.01 -99.0   2.1
  2 1986  72  24584  22.5  35.0   2.95 -99.0    .0
  2 1986  73  23712  21.9  34.4   3.00 -99.0    .0
  2 1986  74  23225  22.0  34.0   3.05 -99.0    .0
  2 1986  75  20924  23.1  34.2   3.29 -99.0    .0
  2 1986  76  15766  24.2  33.8   3.48 -99.0   9.3
  2 1986  77  24088  22.2  31.7   2.98 -99.0   1.1
  2 1986  78  22037  24.0  32.2   3.03 -99.0    .0
  2 1986  79  23230  23.9  32.6   3.10 -99.0    .0
  2 1986  80  22603  23.6  32.7   3.00 -99.0    .0
  2 1986  81  24187  23.9  32.6   3.14 -99.0   1.4
  2 1986  82  19781  24.6  32.4   3.42 -99.0   9.0
  2 1986  83  19538  22.6  32.7   3.07 -99.0    .0
  2 1986  84  24249  23.7  35.3   3.00 -99.0    .0
  2 1986  85  23615  22.3  32.0   2.58 -99.0    .0
  2 1986  86  22196  22.8  32.0   2.91 -99.0  20.6
  2 1986  87  23908  23.9  32.0   3.12 -99.0    .0
  2 1986  88  23662  25.0  31.3   3.08 -99.0   3.6
  2 1986  89  22760  24.2  31.1   3.03 -99.0    .0
  2 1986  90  23948  25.0  31.3   3.16 -99.0    .0
  2 1986  91  19383  25.4  31.8   3.12 -99.0    .0
  2 1986  92  22792  24.4  32.0   3.09 -99.0    .0
  2 1986  93  24108  24.1  32.6   3.08 -99.0    .0
  2 1986  94  22546  23.4  34.1   3.03 -99.0    .0
  2 1986  95  24383  24.0  33.2   2.77 -99.0    .0
  2 1986  96  23080  23.6  32.3   2.93 -99.0    .0
  2 1986  97  24654  24.0  34.4   2.82 -99.0    .0
  2 1986  98  23872  24.6  33.6   2.97 -99.0    .0
  2 1986  99  23612  24.7  33.1   3.10 -99.0  23.3
  2 1986 100  20213  24.3  31.2   3.20 -99.0   2.0
  2 1986 101  22044  24.8  32.2   3.38 -99.0  21.6
  2 1986 102  19168  23.0  30.3   3.07 -99.0    .0
  2 1986 103  22825  26.0  35.0   3.75 -99.0  10.0
  2 1986 104  22039  23.2  33.3   3.29 -99.0    .0
  2 1986 105  24254  23.0  33.1   3.06 -99.0   1.5
  2 1986 106  19159  23.2  32.0   3.24 -99.0  12.1
  2 1986 107  24242  23.3  31.1   3.10 -99.0  24.8
  2 1986 108  22019  23.4  31.6   3.19 -99.0    .0
  2 1986 109  19927  24.6  32.2   3.20 -99.0    .0
  2 1986 110  20181  24.5  32.4   3.33 -99.0  11.2
  2 1986 111  23297  24.7  31.8   3.33 -99.0    .0
  2 1986 112  25237  24.9  32.6   3.23 -99.0   5.1
  2 1986 113  24705  25.5  33.2   3.26 -99.0    .0
  2 1986 114  25082  24.7  33.8   3.28 -99.0    .0
  2 1986 115  22732  25.4  31.3   3.23 -99.0   8.3
  2 1986 116  23238  24.7  31.9   3.07 -99.0    .0
  2 1986 117  24002  24.8  33.0   3.14 -99.0    .0
  2 1986 118  22952  24.6  32.6   3.16 -99.0    .0
  2 1986 119  22420  24.8  32.9   3.25 -99.0    .0
  2 1986 120  23956  24.9  33.6   3.37 -99.0   1.4
  2 1986 121  24844  24.4  32.6   3.14 -99.0  30.2
  2 1986 122  21471  24.9  32.6   3.23 -99.0    .0
  2 1986 123  22358  25.0  31.6   3.19 -99.0  26.0
  2 1986 124  21827  24.6  34.2   3.27 -99.0    .0
  2 1986 125  23741  25.2  31.7   3.17 -99.0    .0
  2 1986 126  20251  25.1  33.3   3.36 -99.0   1.1
  2 1986 127  17024  24.6  32.2   3.24 -99.0  16.8
  2 1986 128  10981  23.1  27.6   3.00 -99.0   6.3
  2 1986 129  22512  24.2  31.7   2.97 -99.0  12.5
  2 1986 130  18139  24.7  31.7   3.13 -99.0    .0
  2 1986 131  22220  26.2  32.7   3.28 -99.0    .0
  2 1986 132  19389  26.0  32.6   3.38 -99.0    .0
  2 1986 133  25504  25.0  33.0   3.32 -99.0    .0
  2 1986 134  22930  25.6  32.7   3.31 -99.0  20.4
  2 1986 135  22274  24.0  32.8   3.20 -99.0    .0
  2 1986 136  19582  25.0  32.7   3.49 -99.0   2.9
  2 1986 137  14224  24.2  30.7   3.44 -99.0  11.4
  2 1986 138  11671  24.0  29.6   3.24 -99.0   6.2
  2 1986 139  24486  23.6  31.3   3.14 -99.0    .0
  2 1986 140  20407  25.8  31.1   3.25 -99.0    .0
  2 1986 141  18997  26.1  31.5   3.44 -99.0    .0
  2 1986 142  19109  26.2  31.6   3.50 -99.0  33.0
  2 1986 143  17956  23.3  30.6   3.16 -99.0   3.0
  2 1986 144  16047  23.7  30.6   3.12 -99.0    .0
  2 1986 145  12879  24.3  29.2   3.33 -99.0  31.3
  2 1986 146  20945  24.0  31.5   3.31 -99.0   2.2
  2 1986 147  24207  24.6  30.7   3.18 -99.0    .2
  2 1986 148  24693  24.5  31.4   3.20 -99.0   1.3
  2 1986 149  12595  23.8  28.4   3.07 -99.0   6.0
  2 1986 150  24910  23.4  30.9   2.98 -99.0    .0
  2 1986 151  22883  24.3  31.1   3.19 -99.0    .2
  2 1986 152  24878  24.1  30.7   3.17 -99.0   7.4
  2 1986 153  18714  25.0  30.6   3.32 -99.0    .0
  2 1986 154  22215  24.9  30.6   3.27 -99.0    .0
  2 1986 155  13806  23.8  29.4   3.23 -99.0    .0
  2 1986 156  21815  23.6  32.3   3.23 -99.0    .0
  2 1986 157  21303  24.8  31.2   3.17 -99.0    .0
  2 1986 158  20542  25.1  31.7   3.24 -99.0    .5
  2 1986 159  23784  24.6  31.6   3.22 -99.0    .0
  2 1986 160  25148  24.1  31.2   3.14 -99.0    .0
  2 1986 161  20516  24.1  29.8   3.12 -99.0    .0
  2 1986 162  23006  24.6  30.1   3.09 -99.0    .0
  2 1986 163  18755  23.4  32.5   3.20 -99.0    .0
  2 1986 164  21744  25.1  30.3   3.04 -99.0    .0
  2 1986 165  20241  24.7  32.3   3.18 -99.0    .0
  2 1986 166  25224  24.2  32.6   3.13 -99.0  15.3
  2 1986 167  24222  25.7  31.7   3.30 -99.0    .0
  2 1986 168  24218  25.3  31.7   3.26 -99.0  17.2
  2 1986 169  16487  26.1  30.3   3.36 -99.0    .0
  2 1986 170  23713  24.2  32.3   3.18 -99.0    .4
  2 1986 171  22466  25.0  32.5   3.27 -99.0   7.0
  2 1986 172  12248  24.0  31.2   3.02 -99.0   3.9
  2 1986 173  20596  24.0  31.8   3.19 -99.0    .4
  2 1986 174  14989  25.6  31.4   3.38 -99.0    .5
  2 1986 175  22467  25.2  31.7   3.25 -99.0    .0
  2 1986 176  14992  25.2  32.2   3.38 -99.0    .0
  2 1986 177  21226  23.6  32.1   3.22 -99.0    .0
  2 1986 178  12752  23.7  30.6   3.20 -99.0    .0
  2 1986 179  13627  22.7  29.6   2.91 -99.0  54.7
  2 1986 180  21987  22.9  31.9   3.13 -99.0  15.1
  2 1986 181  19747  24.4  32.0   3.32 -99.0  50.3
  2 1986 182  19129  25.1  31.5   3.30 -99.0    .0
  2 1986 183  22257  24.8  32.2   3.34 -99.0   3.9
  2 1986 184  21266  24.8  31.4   3.26 -99.0   3.0
  2 1986 185  25398  25.0  31.8   3.20 -99.0  10.0
  2 1986 186  23784  24.0  32.3   3.16 -99.0    .0
  2 1986 187  25171  24.4  32.3   3.23 -99.0    .0
  2 1986 188  22304  24.8  32.5   3.29 -99.0  26.5
  2 1986 189  20186  24.8  32.9   3.45 -99.0  42.2
  2 1986 190  21074  23.1  31.6   3.20 -99.0  17.2
  2 1986 191  12058  24.2  28.3   3.17 -99.0    .0
  2 1986 192  13444  22.8  30.3   3.12 -99.0   7.4
  2 1986 193  14833  23.4  31.0   2.99 -99.0    .0
  2 1986 194  23135  23.6  32.2   3.11 -99.0    .0
  2 1986 195  12084  23.2  30.3   3.19 -99.0    .0
  2 1986 196  17377  23.9  30.6   3.25 -99.0    .0
  2 1986 197  18396  23.4  31.1   3.18 -99.0    .0
  2 1986 198  16770  24.1  32.1   3.22 -99.0    .5
  2 1986 199  24982  23.6  33.1   3.19 -99.0    .0
  2 1986 200  21970  23.6  31.4   3.11 -99.0    .0
  2 1986 201  20976  23.8  32.1   3.20 -99.0    .0
  2 1986 202  21751  24.0  32.1   3.18 -99.0    .0
  2 1986 203  18223  24.3  32.6   3.29 -99.0    .0
  2 1986 204  21658  23.9  31.5   3.08 -99.0    .0
  2 1986 205  24086  23.0  31.8   2.98 -99.0    .0
  2 1986 206  21185  24.3  31.4   3.18 -99.0  15.3
  2 1986 207  13451  23.0  32.5   3.23 -99.0    .0
  2 1986 208  20711  23.3  32.6   3.20 -99.0   7.2
  2 1986 209  23274  23.3  30.9   3.11 -99.0    .0
  2 1986 210  22402  23.0  30.5   3.05 -99.0    .4
  2 1986 211  25992  23.5  31.2   3.09 -99.0   7.0
  2 1986 212  17331  23.3  30.6   3.16 -99.0   3.9
  2 1986 213  18111  23.0  31.0   3.17 -99.0    .4
  2 1986 214  21324  22.4  31.3   2.96 -99.0    .5
  2 1986 215  14169  23.6  31.1   3.27 -99.0    .0
  2 1986 216  13281  23.1  30.8   3.30 -99.0    .0
  2 1986 217  21888  22.9  32.1   3.15 -99.0    .0
  2 1986 218  22034  23.6  32.5   3.14 -99.0    .0
  2 1986 219  17680  24.6  32.2   3.28 -99.0  54.7
  2 1986 220  17564  24.3  31.6   3.20 -99.0  15.1
  2 1986 221  24403  24.5  32.6   3.31 -99.0  50.3
  2 1986 222  21069  22.6  32.7   3.14 -99.0   3.2
  2 1986 223  19019  24.6  32.7   3.41 -99.0    .0
  2 1986 224  14898  24.8  32.2   3.30 -99.0   2.4
  2 1986 225  25249  24.1  32.2   3.16 -99.0   2.0
  2 1986 226  23196  23.6  32.2   3.15 -99.0   1.0
  2 1986 227  15441  23.9  32.1   3.28 -99.0    .0
  2 1986 228  16875  22.9  32.0   3.22 -99.0    .0
  2 1986 229  13771  22.7  32.2   3.25 -99.0    .0
  2 1986 230  21175  23.1  32.1   3.13 -99.0    .0
  2 1986 231  23783  23.6  32.6   3.15 -99.0    .0
  2 1986 232  22496  23.4  32.2   3.21 -99.0    .0
  2 1986 233  23677  24.5  32.2   3.31 -99.0    .0
  2 1986 234  22516  23.8  31.6   3.11 -99.0    .0
  2 1986 235  22655  23.6  31.6   3.09 -99.0    .0
  2 1986 236  25139  23.7  31.7   3.08 -99.0    .0
  2 1986 237  15239  23.2  29.6   3.09 -99.0   8.2
  2 1986 238  13938  22.8  30.6   3.15 -99.0    .0
  2 1986 239  20334  23.9  30.3   3.08 -99.0  30.6
  2 1986 240  13418  23.7  31.0   3.16 -99.0    .4
  2 1986 241  23083  24.2  31.1   3.07 -99.0    .0
  2 1986 242  22564  23.6  31.4   3.00 -99.0  21.1
  2 1986 243  21782  23.3  30.6   2.94 -99.0  17.8
  2 1986 244  22305  23.6  29.4   2.97 -99.0    .0
  2 1986 245  24659  24.3  31.0   3.10 -99.0  19.9
  2 1986 246  23220  24.2  31.0   3.13 -99.0   4.1
  2 1986 247  13408  24.8  29.2   3.24 -99.0    .0
  2 1986 248  16544  23.5  30.6   3.10 -99.0    .0
  2 1986 249  11046  23.4  29.2   3.14 -99.0    .2
  2 1986 250  17319  23.1  30.7   3.01 -99.0    .0
  2 1986 251  19276  22.8  31.1   2.87 -99.0   4.2
  2 1986 252  14953  24.0  31.4   3.04 -99.0    .2
  2 1986 253  10891  22.6  30.0   3.04 -99.0    .0
  2 1986 254  15983  22.5  30.6   2.91 -99.0    .0
  2 1986 255  24863  23.6  31.6   2.95 -99.0    .0
  2 1986 256  23413  24.3  30.9   2.98 -99.0   6.6
  2 1986 257  12557  22.6  30.4   3.11 -99.0  26.5
  2 1986 258  17248  23.1  28.3   2.83 -99.0    .0
  2 1986 259  15408  23.0  29.2   3.04 -99.0    .0
  2 1986 260  21136  23.8  30.8   3.22 -99.0    .5
  2 1986 261  21250  24.2  31.3   3.31 -99.0    .0
  2 1986 262  18887  24.4  30.9   3.33 -99.0    .0
  2 1986 263  15613  24.0  30.2   3.22 -99.0   1.4
  2 1986 264  20022  24.1  31.5   3.17 -99.0    .0
  2 1986 265  11679  24.4  29.2   3.27 -99.0    .0
  2 1986 266  17383  24.2  29.3   3.09 -99.0  40.9
  2 1986 267  13338  23.7  28.3   3.09 -99.0  27.5
  2 1986 268  22272  23.5  30.4   3.05 -99.0   4.6
  2 1986 269  17321  23.5  28.6   3.06 -99.0  37.5
  2 1986 270  21442  23.6  31.0   3.08 -99.0  12.5
  2 1986 271  16759  25.1  30.6   3.33 -99.0   1.1
  2 1986 272  17769  24.2  31.0   3.28 -99.0   2.1
  2 1986 273  22390  23.6  30.1   3.03 -99.0   2.4
  2 1986 274  15140  23.2  30.4   3.02 -99.0   2.1
  2 1986 275  14859  25.0  30.2   3.24 -99.0    .0
  2 1986 276  23064  24.0  32.2   3.11 -99.0    .0
  2 1986 277  11600  23.8  28.6   3.09 -99.0   9.7
  2 1986 278  14786  23.5  29.6   3.15 -99.0  31.3
  2 1986 279  18346  23.1  30.3   2.93 -99.0  38.9
  2 1986 280  15885  23.6  30.2   3.08 -99.0    .5
  2 1986 281  12920  24.0  30.0   3.35 -99.0    .0
  2 1986 282  13023  23.0  28.5   3.07 -99.0  30.6
  2 1986 283  18089  23.3  28.9   3.04 -99.0   3.8
  2 1986 284  13862  23.4  29.0   3.19 -99.0    .0
  2 1986 285  22209  23.1  30.9   3.06 -99.0    .0
  2 1986 286  19253  24.3  31.0   3.10 -99.0  16.9
  2 1986 287  19595  24.6  30.6   3.17 -99.0  28.8
  2 1986 288  18673  25.0  32.0   3.38 -99.0   5.0
  2 1986 289  16997  24.6  29.4   3.13 -99.0  24.4
  2 1986 290  21617  24.2  30.4   3.04 -99.0    .0
  2 1986 291  22703  24.6  31.2   3.11 -99.0    .0
  2 1986 292  20902  24.7  29.8   3.07 -99.0   2.4
  2 1986 293  10350  23.1  26.3   2.98 -99.0  10.8
  2 1986 294  21813  23.6  30.1   3.10 -99.0   3.2
  2 1986 295  14165  24.6  30.8   3.26 -99.0   5.4
  2 1986 296  23213  24.0  31.1   3.05 -99.0    .0
  2 1986 297  20432  25.2  31.1   3.27 -99.0   9.2
  2 1986 298  16670  24.3  32.2   3.45 -99.0  26.6
  2 1986 299  18117  23.6  31.0   3.19 -99.0  31.9
  2 1986 300  16349  23.6  29.5   3.08 -99.0    .5
  2 1986 301  20745  24.1  30.7   3.06 -99.0    .6
  2 1986 302  17749  24.1  33.2   3.37 -99.0  10.6
  2 1986 303  20653  22.6  31.9   3.14 -99.0  37.1
  2 1986 304  18893  23.7  32.3   3.28 -99.0  21.8
  2 1986 305  12377  24.2  30.2   3.28 -99.0    .2
  2 1986 306  18564  23.4  30.8   3.19 -99.0    .0
  2 1986 307  19496  24.5  31.8   3.31 -99.0   4.7
  2 1986 308  18602  24.2  31.6   3.30 -99.0  22.9
  2 1986 309  12139  23.8  31.6   3.38 -99.0   2.9
  2 1986 310  17915  23.4  31.9   3.07 -99.0    .5
  2 1986 311  13531  24.4  30.0   3.39 -99.0   3.4
  2 1986 312  19039  22.9  30.1   3.11 -99.0   7.4
  2 1986 313  17555  23.9  30.9   3.24 -99.0  18.3
  2 1986 314  15358  23.6  30.2   3.18 -99.0  32.2
  2 1986 315  19155  22.2  30.6   3.02 -99.0    .0
  2 1986 316  17919  23.4  29.8   3.06 -99.0    .0
  2 1986 317  15377  23.5  30.6   3.21 -99.0   3.5
  2 1986 318  17606  23.7  29.9   3.09 -99.0  13.8
  2 1986 319  14006  23.1  28.9   3.12 -99.0  15.3
  2 1986 320  17533  23.8  29.8   3.17 -99.0    .0
  2 1986 321  17735  23.3  29.7   3.04 -99.0   4.9
  2 1986 322  21244  23.2  30.8   3.06 -99.0   9.3
  2 1986 323  17665  23.6  30.6   3.19 -99.0  58.6
  2 1986 324  17632  23.3  30.0   3.14 -99.0    .0
  2 1986 325  19714  23.8  31.7   3.05 -99.0   5.8
  2 1986 326  20734  23.6  32.9   3.18 -99.0    .0
  2 1986 327  17887  24.0  32.1   3.29 -99.0    .5
  2 1986 328  17271  23.2  31.7   2.99 -99.0   3.8
  2 1986 329  21561  22.9  32.0   2.92 -99.0  13.3
  2 1986 330  13017  23.4  29.0   2.78 -99.0    .6
  2 1986 331  10667  22.5  25.9   2.80 -99.0    .0
  2 1986 332   9371  22.6  26.4   2.70 -99.0   9.7
  2 1986 333   9357  22.7  26.5   2.75 -99.0   2.2
  2 1986 334   9342  22.9  26.8   2.69 -99.0  21.0
  2 1986 335   9328  23.3  27.0   2.77 -99.0   9.6
  2 1986 336  11744  22.7  28.6   2.99 -99.0    .0
  2 1986 337  14962  23.4  29.8   3.09 -99.0   4.0
  2 1986 338  11944  23.9  31.3   3.32 -99.0  12.5
  2 1986 339  15618  22.2  31.5   3.14 -99.0   2.3
  2 1986 340  17673  23.1  32.1   3.28 -99.0  12.4
  2 1986 341  21796  23.3  31.7   2.89 -99.0   2.3
  2 1986 342  18098  24.4  30.6   2.82 -99.0    .0
  2 1986 343  15786  23.8  30.5   2.80 -99.0  43.0
  2 1986 344  18641  23.4  30.1   2.59 -99.0   4.6
  2 1986 345  21035  22.6  30.6   2.53 -99.0  19.3
  2 1986 346  19875  22.0  30.6   2.56 -99.0    .3
  2 1986 347  21009  22.1  30.6   2.63 -99.0   6.5
  2 1986 348  21684  21.4  30.3   2.42 -99.0   7.2
  2 1986 349  21903  20.8  30.3   2.44 -99.0  12.7
  2 1986 350  21666  20.6  30.6   2.42 -99.0  67.0
  2 1986 351  17314  23.5  31.1   2.86 -99.0   5.0
  2 1986 352  15938  24.1  32.1   3.15 -99.0    .6
  2 1986 353  12620  23.8  29.4   2.88 -99.0    .0
  2 1986 354  21647  23.3  30.7   2.48 -99.0   8.0
  2 1986 355  21189  21.7  30.5   2.42 -99.0   1.7
  2 1986 356  21647  21.3  30.6   2.30 -99.0   4.0
  2 1986 357  21649  21.1  30.0   2.18 -99.0  19.0
  2 1986 358  21653  21.6  31.0   2.38 -99.0    .0
  2 1986 359  21201  21.2  31.3   2.48 -99.0    .4
  2 1986 360  21437  22.0  31.6   2.67 -99.0    .0
  2 1986 361  18928  23.0  31.1   2.74 -99.0  16.7
  2 1986 362  20654  23.1  30.7   2.54 -99.0   5.6
  2 1986 363  20550  22.0  31.4   2.51 -99.0   4.9
  2 1986 364  19875  22.6  31.6   2.57 -99.0   1.6
  2 1986 365  20577  22.3  31.9   2.64 -99.0    .0


