*---------------------------------------------------------*
*   Country: Malaysia
*   Station: TLKC0064 Telok Chengai
*      Year: 1981
*    Source: CLICOM database
*    Author: Climate Unit, IRRI
* Longitude: 100 17 E
*  Latitude: 06 06 N
* Elevation: 1.0 m.
*  Comments: Solar radiation values are the same as 1979(?). -99.000: nil value
* NOTE: Reference for a & b
*       Hing, C.H. and Joo, T.L. (1983) Solar and net radiation in Peninsular
*       Malaysia. J. Climatology. 3:271-283.
*
*  Columns:
*  ========
*  station number
*  year
*  day
*  irradiation (kJ m-2 d-1)
*  minimum temperature (degrees Celsius)
*  maximum temperature (degrees Celsius)
*  vapour pressure (kPa)
*  mean wind speed (m s-1)
*  precipitation (mm d-1)
** WCCDESCRIPTION=Malaysia, Telok Chengai, daily weather (mald2.978...988)
** WCCFORMAT=2
** WCCYEARNR=1981
*-----------------------------------------------------------
100.28   6.10   1.0 -0.25 -0.42
  2 1981   1  19445  21.7  31.0   2.70 -99.0    .0
  2 1981   2  20609  21.6  31.6   2.71 -99.0    .0
  2 1981   3  19707  20.0  31.8   2.66 -99.0    .0
  2 1981   4  18576  21.1  32.1   2.81 -99.0    .0
  2 1981   5  12377  23.1  30.1   2.88 -99.0    .0
  2 1981   6  15618  23.3  32.4   3.06 -99.0    .0
  2 1981   7  14021  22.9  31.8   2.90 -99.0    .0
  2 1981   8  16579  23.3  31.9   2.83 -99.0    .0
  2 1981   9  17988  23.2  31.5   2.76 -99.0    .0
  2 1981  10  18938  21.3  31.8   2.59 -99.0    .0
  2 1981  11  21282  21.7  31.5   2.35 -99.0    .0
  2 1981  12  21777  20.3  31.4   2.29 -99.0    .0
  2 1981  13  21576  19.6  30.6   2.35 -99.0    .0
  2 1981  14  18233  19.8  31.0   2.49 -99.0    .0
  2 1981  15  21876  20.4  31.0   2.57 -99.0    .0
  2 1981  16  18643  19.9  32.0   2.60 -99.0    .0
  2 1981  17  20779  20.1  32.1   2.59 -99.0    .0
  2 1981  18  21400  20.3  32.0   2.64 -99.0    .0
  2 1981  19  21555  20.1  32.6   2.63 -99.0    .0
  2 1981  20  22064  21.0  32.3   2.68 -99.0    .0
  2 1981  21  22340  20.5  32.8   2.64 -99.0    .0
  2 1981  22  22382  20.0  32.7   2.53 -99.0    .0
  2 1981  23  17700  20.3  32.6   2.47 -99.0    .0
  2 1981  24  15841  20.1  32.6   2.32 -99.0    .0
  2 1981  25  21683  20.0  32.7   2.49 -99.0    .0
  2 1981  26  22321  20.1  32.7   2.54 -99.0    .0
  2 1981  27  22366  20.4  33.2   2.60 -99.0    .0
  2 1981  28  21578  21.7  33.8   2.67 -99.0    .0
  2 1981  29  22698  21.6  33.5   2.75 -99.0    .0
  2 1981  30  21549  21.3  33.6   2.81 -99.0    .0
  2 1981  31  20036  22.0  33.6   2.60 -99.0    .0
  2 1981  32  18036  23.0  34.7   3.09 -99.0   9.0
  2 1981  33  17835  22.7  32.8   3.05 -99.0  11.9
  2 1981  34  21012  22.9  32.9   3.07 -99.0   1.1
  2 1981  35  21058  22.3  33.2   2.78 -99.0    .0
  2 1981  36  22559  22.3  34.2   2.59 -99.0    .0
  2 1981  37  22123  22.5  34.5   2.63 -99.0    .0
  2 1981  38  23145  22.1  35.0   2.72 -99.0    .0
  2 1981  39  23197  21.4  34.2   2.41 -99.0    .0
  2 1981  40  22271  20.9  34.7   2.49 -99.0    .0
  2 1981  41  22320  21.4  33.8   2.46 -99.0    .0
  2 1981  42  22615  21.8  34.3   2.79 -99.0    .0
  2 1981  43  11850  23.0  33.4   3.09 -99.0    .0
  2 1981  44  19760  22.1  33.5   2.94 -99.0    .0
  2 1981  45  22025  21.8  32.9   2.90 -99.0   2.5
  2 1981  46  19972  23.0  32.7   2.95 -99.0    .0
  2 1981  47  17414  22.3  31.0   2.89 -99.0    .0
  2 1981  48  23784  21.8  30.6   2.71 -99.0    .0
  2 1981  49  23586  21.4  31.0   2.68 -99.0    .0
  2 1981  50  22514  22.1  31.6   2.78 -99.0    .0
  2 1981  51  16444  22.6  32.2   3.10 -99.0   9.0
  2 1981  52  20733  22.7  33.5   2.80 -99.0    .0
  2 1981  53  21654  23.0  32.4   2.78 -99.0   1.7
  2 1981  54  23456  22.8  34.1   2.90 -99.0    .0
  2 1981  55  22623  23.0  33.7   3.00 -99.0    .0
  2 1981  56  18005  23.3  33.3   3.11 -99.0    .0
  2 1981  57  20062  24.3  33.6   2.99 -99.0  12.6
  2 1981  58  19090  23.5  33.5   3.22 -99.0   8.2
  2 1981  59  21027  23.0  33.1   3.25 -99.0  12.2
  2 1981  60  24112  22.1  34.3   2.82 -99.0    .0
  2 1981  61  24156  21.4  34.3   2.69 -99.0    .0
  2 1981  62  23690  21.6  33.9   2.63 -99.0    .0
  2 1981  63  23095  22.5  34.9   2.94 -99.0    .0
  2 1981  64  24156  23.0  33.6   2.37 -99.0    .0
  2 1981  65  24069  22.7  34.4   2.48 -99.0    .0
  2 1981  66  23980  21.0  35.1   2.53 -99.0    .0
  2 1981  67  24019  21.1  34.5   2.68 -99.0    .0
  2 1981  68  24185  22.4  35.3   2.65 -99.0    .0
  2 1981  69  24093  22.1  35.0   2.72 -99.0   3.5
  2 1981  70  23485  23.1  33.5   2.84 -99.0    .0
  2 1981  71  23132  23.1  34.2   2.85 -99.0    .0
  2 1981  72  23809  23.0  34.7   2.89 -99.0    .0
  2 1981  73  21387  24.3  33.6   2.99 -99.0    .0
  2 1981  74  22449  23.6  34.8   2.99 -99.0   3.2
  2 1981  75  23773  23.6  35.7   2.86 -99.0    .0
  2 1981  76  23801  21.9  35.3   2.69 -99.0    .0
  2 1981  77  22531  21.4  32.3   2.75 -99.0    .0
  2 1981  78  22946  21.7  32.7   2.77 -99.0    .0
  2 1981  79  21801  21.8  33.3   2.79 -99.0    .0
  2 1981  80  21823  23.9  31.6   2.93 -99.0  11.3
  2 1981  81  23927  22.8  32.3   2.97 -99.0    .0
  2 1981  82  24469  23.0  32.2   2.95 -99.0    .5
  2 1981  83  24490  23.0  33.8   2.97 -99.0    .0
  2 1981  84  24249  23.4  33.6   2.99 -99.0    .0
  2 1981  85  21397  23.6  33.4   3.07 -99.0    .0
  2 1981  86  22196  23.6  34.3   3.11 -99.0    .0
  2 1981  87  23647  24.1  34.6   3.01 -99.0    .0
  2 1981  88  20657  23.6  34.8   2.99 -99.0    .0
  2 1981  89  23283  24.6  34.8   2.95 -99.0    .0
  2 1981  90  19373  24.4  34.2   3.25 -99.0   2.6
  2 1981  91  18729  24.3  32.8   3.35 -99.0  17.0
  2 1981  92  17299  24.2  32.7   3.37 -99.0  17.7
  2 1981  93  16653  23.3  32.2   3.42 -99.0   3.7
  2 1981  94  21238  23.2  32.2   3.26 -99.0    .0
  2 1981  95  21505  24.3  31.9   3.30 -99.0  27.8
  2 1981  96  23342  24.6  31.4   3.17 -99.0    .0
  2 1981  97  22954  24.6  30.6   3.21 -99.0  97.1
  2 1981  98  18640  23.3  33.7   3.18 -99.0    .0
  2 1981  99  20343  23.8  30.1   3.12 -99.0    .0
  2 1981 100  14199  24.6  29.8   3.24 -99.0   2.3
  2 1981 101  22305  23.6  30.6   3.11 -99.0   7.4
  2 1981 102  21651  23.5  31.8   3.07 -99.0   2.4
  2 1981 103  11589  23.3  31.7   3.22 -99.0   1.5
  2 1981 104  12896  24.3  30.3   3.08 -99.0   1.4
  2 1981 105  19946  23.6  30.2   2.97 -99.0    .0
  2 1981 106  20334  24.2  31.4   3.02 -99.0   1.2
  2 1981 107  25155  23.7  31.6   3.03 -99.0    .0
  2 1981 108  21888  24.2  32.8   3.26 -99.0    .0
  2 1981 109  24096  24.3  31.6   3.23 -99.0  40.6
  2 1981 110  24478  23.4  30.6   3.02 -99.0    .6
  2 1981 111  21474  25.3  30.6   3.20 -99.0   1.5
  2 1981 112  15222  24.9  29.8   3.20 -99.0    .0
  2 1981 113  25875  24.6  30.8   3.19 -99.0  24.4
  2 1981 114  25342  24.7  32.3   3.14 -99.0    .0
  2 1981 115  22473  24.3  32.9   3.00 -99.0  21.3
  2 1981 116  22979  22.8  31.9   3.01 -99.0    .0
  2 1981 117  25298  25.0  33.8   3.19 -99.0    .0
  2 1981 118  25024  25.3  31.7   3.22 -99.0  13.6
  2 1981 119  23067  25.3  32.8   3.41 -99.0  26.2
  2 1981 120  19561  24.7  31.5   3.34 -99.0    .0
  2 1981 121  20711  24.7  32.0   3.31 -99.0    .0
  2 1981 122  21084  24.2  31.2   3.30 -99.0  23.3
  2 1981 123  22616  23.0  32.4   3.23 -99.0    .4
  2 1981 124  20796  23.0  32.2   3.28 -99.0    .6
  2 1981 125  21553  23.7  32.7   3.28 -99.0   1.2
  2 1981 126  17937  24.3  32.0   3.35 -99.0    .0
  2 1981 127  21906  24.6  31.5   3.25 -99.0    .0
  2 1981 128  22017  24.6  31.0   3.17 -99.0  32.6
  2 1981 129  23666  23.5  31.7   3.02 -99.0  23.0
  2 1981 130  20445  23.6  31.2   3.10 -99.0    .0
  2 1981 131  10960  24.8  28.9   3.21 -99.0    .6
  2 1981 132  23224  24.2  32.0   3.19 -99.0   1.2
  2 1981 133  22183  24.1  31.5   3.21 -99.0    .5
  2 1981 134  20634  24.8  31.9   3.27 -99.0    .2
  2 1981 135  11823  22.5  30.2   2.98 -99.0    .0
  2 1981 136  20600  25.8  31.0   3.40 -99.0    .0
  2 1981 137  23128  24.6  31.4   3.13 -99.0    .6
  2 1981 138  17771  24.5  31.6   3.37 -99.0    .0
  2 1981 139  21312  24.3  31.3   3.28 -99.0    .0
  2 1981 140  23959  24.5  31.9   3.24 -99.0   6.1
  2 1981 141  21785  25.3  32.5   3.30 -99.0    .0
  2 1981 142  19616  24.3  31.7   3.21 -99.0    .0
  2 1981 143  19221  25.3  30.9   3.26 -99.0  16.4
  2 1981 144  15415  24.7  29.6   3.23 -99.0   7.0
  2 1981 145  14647  24.4  30.1   3.25 -99.0   4.4
  2 1981 146  19809  23.4  30.6   3.10 -99.0    .0
  2 1981 147  21560  24.5  33.2   3.37 -99.0  51.5
  2 1981 148  17640  24.3  30.8   3.38 -99.0  14.4
  2 1981 149  23921  22.9  31.6   3.03 -99.0    .0
  2 1981 150  11330  23.0  29.3   3.01 -99.0    .0
  2 1981 151  18988  25.4  30.9   3.39 -99.0   6.0
  2 1981 152  22869  24.1  30.4   3.10 -99.0    .0
  2 1981 153  25114  24.6  31.2   3.15 -99.0    .0
  2 1981 154  22842  24.8  30.9   3.06 -99.0   5.1
  2 1981 155  18067  24.7  30.8   3.23 -99.0    .0
  2 1981 156  23067  24.6  30.9   3.16 -99.0    .0
  2 1981 157  22304  24.9  31.5   3.24 -99.0   3.1
  2 1981 158  15788  24.3  30.9   3.24 -99.0   4.1
  2 1981 159  15782  24.5  30.6   3.20 -99.0    .0
  2 1981 160  20774  24.8  31.0   3.23 -99.0   2.3
  2 1981 161  16519  22.0  31.0   2.90 -99.0    .0
  2 1981 162  20509  22.6  31.4   3.06 -99.0   7.2
  2 1981 163  16758  24.8  31.6   3.28 -99.0   2.9
  2 1981 164  23491  25.1  31.4   3.29 -99.0    .0
  2 1981 165  23734  25.3  30.9   3.26 -99.0    .0
  2 1981 166  11632  24.7  31.4   3.29 -99.0    .0
  2 1981 167  23474  24.9  31.6   3.18 -99.0    .0
  2 1981 168  22971  24.8  31.7   3.18 -99.0    .0
  2 1981 169  22843  24.5  31.3   3.15 -99.0    .0
  2 1981 170  24960  24.7  31.5   3.19 -99.0    .0
  2 1981 171  21718  24.6  31.3   3.04 -99.0    .0
  2 1981 172  15612  24.6  32.0   3.19 -99.0    .0
  2 1981 173  20222  24.7  31.7   3.17 -99.0    .0
  2 1981 174  22715  24.7  32.7   3.26 -99.0   1.0
  2 1981 175  21969  24.8  32.3   3.19 -99.0  24.0
  2 1981 176  16238  21.7  30.7   2.95 -99.0  15.6
  2 1981 177  21600  22.6  31.2   3.04 -99.0    .0
  2 1981 178  20232  24.0  31.6   3.13 -99.0    .5
  2 1981 179  16745  23.8  31.6   3.26 -99.0    .5
  2 1981 180  19243  23.3  30.6   2.91 -99.0    .7
  2 1981 181  24738  23.2  31.4   2.97 -99.0    .0
  2 1981 182  24746  22.8  31.3   3.03 -99.0  15.6
  2 1981 183  24005  22.7  31.7   2.99 -99.0   4.7
  2 1981 184  13271  22.9  31.9   3.21 -99.0   2.9
  2 1981 185  18900  24.6  32.0   3.26 -99.0    .0
  2 1981 186  18032  24.4  31.7   3.22 -99.0    .0
  2 1981 187  24545  23.6  32.3   3.20 -99.0    .0
  2 1981 188  25058  23.2  31.9   3.05 -99.0    .0
  2 1981 189  24194  23.9  31.4   3.14 -99.0    .0
  2 1981 190  19320  23.7  31.0   3.16 -99.0    .0
  2 1981 191  13312  23.1  31.0   3.14 -99.0  44.5
  2 1981 192  18840  22.8  31.4   3.08 -99.0 114.5
  2 1981 193  13201  22.4  28.5   2.89 -99.0  19.5
  2 1981 194  20747  22.9  30.8   3.10 -99.0    .0
  2 1981 195  21515  23.4  30.6   3.17 -99.0   2.4
  2 1981 196  22411  23.3  30.0   3.07 -99.0  10.3
  2 1981 197  22678  22.8  30.0   3.02 -99.0  11.2
  2 1981 198  22568  22.9  30.5   3.08 -99.0    .4
  2 1981 199  15898  24.1  30.9   3.34 -99.0   1.0
  2 1981 200  19445  23.3  30.9   3.22 -99.0    .5
  2 1981 201  15415  23.7  31.6   3.37 -99.0  56.0
  2 1981 202  18715  22.7  30.5   3.13 -99.0    .0
  2 1981 203  18856  24.1  31.5   3.28 -99.0    .0
  2 1981 204  22545  24.5  31.8   3.31 -99.0   2.2
  2 1981 205  18758  23.5  31.8   3.33 -99.0    .0
  2 1981 206  21439  24.1  33.0   3.43 -99.0   7.7
  2 1981 207  22473  23.0  31.8   3.13 -99.0   1.6
  2 1981 208  16132  24.8  31.4   3.26 -99.0    .0
  2 1981 209  18818  24.3  31.9   3.30 -99.0  23.8
  2 1981 210  20107  23.5  31.8   3.18 -99.0  39.7
  2 1981 211  18338  22.4  31.5   3.01 -99.0    .0
  2 1981 212  23843  23.2  31.9   3.05 -99.0    .0
  2 1981 213  23480  23.2  31.2   3.10 -99.0    .0
  2 1981 214  25419  23.3  31.8   3.12 -99.0    .0
  2 1981 215  24543  23.5  32.9   3.28 -99.0    .0
  2 1981 216  22256  23.4  33.0   3.36 -99.0    .0
  2 1981 217  21118  24.0  32.5   3.33 -99.0    .0
  2 1981 218  21006  23.8  32.6   3.32 -99.0    .0
  2 1981 219  25137  23.7  34.2   3.23 -99.0    .0
  2 1981 220  24642  23.3  33.4   3.23 -99.0    .0
  2 1981 221  18478  24.3  33.1   3.46 -99.0    .0
  2 1981 222  12559  24.8  28.0   3.23 -99.0  20.3
  2 1981 223  19277  22.8  32.1   3.22 -99.0    .0
  2 1981 224  24973  23.7  32.0   3.18 -99.0    .0
  2 1981 225  23181  23.6  32.6   3.34 -99.0    .0
  2 1981 226  22678  24.0  33.0   3.42 -99.0    .0
  2 1981 227  24247  23.7  32.6   3.31 -99.0    .0
  2 1981 228  23614  23.6  32.3   3.23 -99.0    .0
  2 1981 229  21682  24.4  33.0   3.34 -99.0    .0
  2 1981 230  23771  25.0  34.5   3.55 -99.0    .0
  2 1981 231  20666  24.2  32.5   3.35 -99.0    .0
  2 1981 232  21846  23.4  32.6   3.21 -99.0    .0
  2 1981 233  25237  23.6  33.0   3.22 -99.0    .0
  2 1981 234  18872  23.5  32.6   3.25 -99.0    .0
  2 1981 235  11846  24.8  30.5   3.40 -99.0 111.5
  2 1981 236  23054  22.4  29.5   2.94 -99.0    .2
  2 1981 237  16022  24.0  30.4   3.17 -99.0    .0
  2 1981 238  22416  24.2  30.8   3.19 -99.0    .0
  2 1981 239  20986  22.8  30.3   3.05 -99.0    .5
  2 1981 240  25821  23.0  31.0   2.99 -99.0   2.5
  2 1981 241  11460  23.0  29.4   3.09 -99.0   1.5
  2 1981 242  24785  23.2  31.4   3.04 -99.0    .0
  2 1981 243  24526  23.2  31.8   3.08 -99.0    .0
  2 1981 244  18384  24.3  29.0   3.07 -99.0   3.2
  2 1981 245  21259  24.4  30.1   3.10 -99.0    .0
  2 1981 246  11319  24.2  29.1   3.17 -99.0    .0
  2 1981 247  23349  23.1  30.6   2.93 -99.0    .0
  2 1981 248  21253  24.1  31.1   3.09 -99.0   1.7
  2 1981 249  16016  23.8  31.0   3.32 -99.0   2.6
  2 1981 250  17843  23.3  29.6   3.03 -99.0    .4
  2 1981 251  16005  23.6  30.4   3.17 -99.0   3.4
  2 1981 252  21231  23.6  30.8   3.13 -99.0    .0
  2 1981 253  19653  24.2  31.3   3.35 -99.0    .6
  2 1981 254  22129  23.6  30.4   3.10 -99.0   9.1
  2 1981 255  21203  23.9  32.0   3.31 -99.0   1.6
  2 1981 256  17271  24.1  30.0   3.21 -99.0    .0
  2 1981 257  21179  23.9  31.4   3.14 -99.0   2.1
  2 1981 258  20905  24.1  31.2   3.14 -99.0   3.6
  2 1981 259  13450  24.7  31.3   3.44 -99.0   1.6
  2 1981 260  14221  24.6  31.5   3.25 -99.0    .0
  2 1981 261  11862  24.1  31.0   3.38 -99.0   6.3
  2 1981 262  13022  23.7  30.4   3.32 -99.0   1.4
  2 1981 263  21995  23.7  31.6   3.22 -99.0   3.1
  2 1981 264  12214  24.0  29.1   3.15 -99.0  10.0
  2 1981 265  18962  24.1  30.8   3.14 -99.0  11.5
  2 1981 266  17383  24.4  32.0   3.24 -99.0    .0
  2 1981 267  18142  25.3  31.8   3.23 -99.0    .0
  2 1981 268  23050  25.3  31.5   3.13 -99.0    .0
  2 1981 269  22246  24.0  30.8   3.02 -99.0    .0
  2 1981 270  23773  25.2  31.0   3.15 -99.0   1.7
  2 1981 271  18052  25.0  30.3   3.29 -99.0   4.5
  2 1981 272  24100  24.7  30.9   3.17 -99.0    .0
  2 1981 273  22390  24.5  30.2   3.05 -99.0    .0
  2 1981 274  23390  24.9  31.6   3.21 -99.0    .0
  2 1981 275  22584  24.7  30.9   3.13 -99.0    .0
  2 1981 276  22164  24.5  30.9   3.08 -99.0    .0
  2 1981 277  20589  25.0  30.8   3.23 -99.0    .0
  2 1981 278  19531  24.9  32.2   3.23 -99.0    .0
  2 1981 279  20011  24.7  31.2   3.20 -99.0   1.0
  2 1981 280  24069  24.5  31.3   3.07 -99.0   5.0
  2 1981 281  24284  24.2  31.3   3.08 -99.0    .0
  2 1981 282  22840  24.5  30.9   3.04 -99.0   5.3
  2 1981 283  23690  24.4  31.4   2.92 -99.0    .0
  2 1981 284  21996  23.9  30.9   3.02 -99.0   6.4
  2 1981 285  16372  24.0  30.8   3.02 -99.0    .0
  2 1981 286  22420  24.7  31.4   3.06 -99.0  30.7
  2 1981 287  20101  24.3  30.5   3.10 -99.0  87.5
  2 1981 288  10341  24.2  30.7   3.47 -99.0  87.3
  2 1981 289  12965  24.0  28.1   3.03 -99.0   5.0
  2 1981 290  16962  24.4  30.2   3.11 -99.0    .0
  2 1981 291  13411  24.6  30.3   3.18 -99.0   2.0
  2 1981 292  14635  24.1  29.9   3.20 -99.0   1.0
  2 1981 293  19232  24.0  31.1   3.12 -99.0    .0
  2 1981 294  20814  24.4  30.6   3.11 -99.0    .0
  2 1981 295  19648  24.7  32.6   3.41 -99.0    .0
  2 1981 296  18984  24.0  30.3   3.20 -99.0  16.4
  2 1981 297  16211  24.5  32.2   3.51 -99.0  18.6
  2 1981 298  21750  24.5  32.2   3.19 -99.0    .0
  2 1981 299  15397  24.0  32.6   3.50 -99.0    .0
  2 1981 300  14868  24.3  32.0   3.50 -99.0   7.0
  2 1981 301  12124  23.8  30.8   3.26 -99.0    .0
  2 1981 302  19224  23.7  31.3   3.15 -99.0    .0
  2 1981 303  14766  24.6  31.3   3.35 -99.0  14.2
  2 1981 304  15221  25.0  31.6   3.46 -99.0    .0
  2 1981 305  20316  24.0  30.7   3.16 -99.0  37.3
  2 1981 306  11860  23.7  27.9   3.08 -99.0  18.9
  2 1981 307  13413  24.0  29.4   3.22 -99.0   5.1
  2 1981 308  12896  22.8  28.8   3.05 -99.0   1.5
  2 1981 309  12624  23.3  29.3   3.04 -99.0   7.9
  2 1981 310  16464  22.9  29.9   3.06 -99.0   9.2
  2 1981 311  21495  23.6  31.1   3.09 -99.0    .2
  2 1981 312  20966  24.0  32.6   3.15 -99.0    .0
  2 1981 313  18998  24.7  31.9   3.34 -99.0    .0
  2 1981 314   9721  23.5  27.8   3.02 -99.0  12.8
  2 1981 315  12930  22.1  30.5   3.04 -99.0   7.5
  2 1981 316  13141  23.2  30.4   3.06 -99.0   2.2
  2 1981 317  12158  23.6  28.7   3.11 -99.0   4.2
  2 1981 318  13560  23.4  29.3   3.15 -99.0  19.7
  2 1981 319  17569  22.8  31.3   3.07 -99.0    .0
  2 1981 320  17533  23.5  32.2   3.25 -99.0    .4
  2 1981 321  11581  24.2  28.0   3.07 -99.0  10.0
  2 1981 322  12975  23.3  29.7   3.00 -99.0    .0
  2 1981 323  12831  24.0  30.5   3.03 -99.0    .0
  2 1981 324  13394  23.7  30.9   3.26 -99.0  18.6
  2 1981 325   9491  23.4  26.7   2.95 -99.0   7.9
  2 1981 326   9472  23.4  26.6   2.97 -99.0  11.4
  2 1981 327  19526  23.2  31.0   3.04 -99.0    .0
  2 1981 328  17505  24.0  30.4   3.02 -99.0    .0
  2 1981 329  21561  23.9  31.3   3.02 -99.0    .0
  2 1981 330  21410  23.7  32.2   3.01 -99.0    .0
  2 1981 331  20678  23.5  32.6   2.87 -99.0    .0
  2 1981 332  20646  23.0  32.7   2.91 -99.0   2.1
  2 1981 333  12839  22.7  30.4   2.98 -99.0    .0
  2 1981 334   9342  22.5  26.1   2.88 -99.0   7.6
  2 1981 335   9328  23.0  26.3   2.85 -99.0   7.4
  2 1981 336   9315  23.2  26.3   2.93 -99.0   2.2
  2 1981 337  10227  23.3  29.6   3.00 -99.0    .0
  2 1981 338   9637  23.2  30.2   3.11 -99.0    .0
  2 1981 339  10547  23.0  29.3   2.84 -99.0    .0
  2 1981 340  10996  22.6  29.9   2.79 -99.0    .0
  2 1981 341  14205  23.1  30.4   2.98 -99.0   1.0
  2 1981 342  15340  22.0  29.8   2.70 -99.0    .0
  2 1981 343  19231  22.5  30.8   2.89 -99.0    .0
  2 1981 344   9462  22.9  28.2   3.04 -99.0   6.6
  2 1981 345  12206  23.0  29.2   2.93 -99.0    .0
  2 1981 346  16438  23.2  30.7   2.80 -99.0    .0
  2 1981 347  21352  23.0  31.2   2.61 -99.0    .0
  2 1981 348  16877  22.2  29.7   2.67 -99.0   1.2
  2 1981 349  15953  23.0  30.1   2.66 -99.0    .5
  2 1981 350  21208  23.0  30.6   2.49 -99.0    .0
  2 1981 351  19143  21.3  30.3   2.41 -99.0    .0
  2 1981 352  20053  21.4  29.4   2.39 -99.0    .0
  2 1981 353  21649  20.9  30.6   2.27 -99.0    .0
  2 1981 354  21647  20.3  30.6   2.20 -99.0    .0
  2 1981 355  21646  20.6  30.3   2.23 -99.0    .0
  2 1981 356  21761  20.0  31.1   2.25 -99.0    .0
  2 1981 357  20849  20.3  31.3   2.48 -99.0    .0
  2 1981 358  20281  20.0  30.6   2.44 -99.0    .0
  2 1981 359  19944  20.0  31.6   2.55 -99.0    .0
  2 1981 360  20979  20.5  31.0   2.51 -99.0    .0
  2 1981 361  21674  20.4  31.3   2.49 -99.0    .0
  2 1981 362  21455  20.3  32.2   2.69 -99.0    .0
  2 1981 363  17802  20.2  32.0   2.66 -99.0    .0
  2 1981 364  21021  20.3  32.3   2.62 -99.0    .0
  2 1981 365  19889  20.6  32.2   2.67 -99.0    .0


