*---------------------------------------------------------*
*   Country: Malaysia
*   Station: TLKC0064 Telok Chengai
*      Year: 1987
*    Source: CLICOM database
*    Author: Climate Unit, IRRI
* Longitude: 100 17 E
*  Latitude: 06 06 N
* Elevation: 1.0 m.
*  Comments: Solar radiation values are the same as 1979(?). -99.000: nil value
* NOTE: Reference for a & b
*       Hing, C.H. and Joo, T.L. (1983) Solar and net radiation in Peninsular
*      Malaysia. J. Climatology. 3:271-283.
*
*  Columns:
*  ========
*  station number
*  year
*  day
*  irradiation (kJ m-2 d-1)
*  minimum temperature (degrees Celsius)
*  maximum temperature (degrees Celsius)
*  vapour pressure (kPa)
*  mean wind speed (m s-1)
*  precipitation (mm d-1)
** WCCDESCRIPTION=Malaysia, Telok Chengai, daily weather (mald2.978...988)
** WCCFORMAT=2
** WCCYEARNR=1987
*-----------------------------------------------------------
100.28   6.10   1.0 -0.25 -0.42
  2 1987   1  21739  22.3  32.6   2.85 -99.0    .0
  2 1987   2  21757  22.4  32.8   2.76 -99.0    .0
  2 1987   3  22006  22.1  32.0   2.67 -99.0    .0
  2 1987   4  21106  20.7  31.5   2.49 -99.0    .0
  2 1987   5  20897  21.2  31.3   2.51 -99.0    .0
  2 1987   6  21957  22.1  31.3   2.47 -99.0    .0
  2 1987   7  19559  22.0  31.8   2.50 -99.0    .0
  2 1987   8  17734  22.2  31.1   2.47 -99.0    .0
  2 1987   9  17063  22.2  30.5   2.56 -99.0    .0
  2 1987  10  19169  22.1  30.8   2.47 -99.0    .0
  2 1987  11  15022  21.6  30.5   2.62 -99.0   1.4
  2 1987  12  10866  22.3  29.9   2.49 -99.0    .0
  2 1987  13  21925  22.0  30.8   2.29 -99.0    .0
  2 1987  14  15789  21.5  30.6   2.45 -99.0    .0
  2 1987  15  21410  19.6  30.6   2.12 -99.0    .0
  2 1987  16  20511  21.6  31.5   2.38 -99.0    .0
  2 1987  17  19142  21.6  32.2   2.47 -99.0    .0
  2 1987  18  22220  20.4  32.1   2.41 -99.0    .0
  2 1987  19  21790  20.4  32.3   2.46 -99.0    .0
  2 1987  20  20184  21.5  32.3   2.65 -99.0    .0
  2 1987  21  20692  22.1  32.6   2.72 -99.0    .5
  2 1987  22  22382  22.6  33.5   2.53 -99.0    .0
  2 1987  23  22307  21.1  33.5   2.38 -99.0    .0
  2 1987  24  19865  20.6  32.3   2.40 -99.0    .0
  2 1987  25  13028  22.6  32.1   2.50 -99.0    .0
  2 1987  26  13649  23.4  32.4   2.47 -99.0    .0
  2 1987  27  21890  20.1  33.8   2.26 -99.0    .0
  2 1987  28  15974  21.1  32.3   2.40 -99.0    .0
  2 1987  29  22459  20.2  33.1   2.43 -99.0    .0
  2 1987  30  22507  20.2  33.5   2.39 -99.0    .0
  2 1987  31  22794  21.3  34.0   2.43 -99.0    .0
  2 1987  32  22843  19.7  33.8   2.13 -99.0    .0
  2 1987  33  23134  21.5  33.4   2.11 -99.0    .0
  2 1987  34  22943  21.5  33.4   2.22 -99.0    .0
  2 1987  35  22751  20.7  34.3   2.34 -99.0    .0
  2 1987  36  22801  19.6  34.1   2.32 -99.0    .0
  2 1987  37  21637  21.2  33.8   2.59 -99.0    .0
  2 1987  38  21807  21.5  34.0   2.60 -99.0    .0
  2 1987  39  19296  21.4  34.3   2.61 -99.0    .0
  2 1987  40  22760  21.0  34.6   2.68 -99.0    .0
  2 1987  41  23300  21.6  33.5   2.71 -99.0    .0
  2 1987  42  23351  21.4  33.8   2.68 -99.0    .0
  2 1987  43  23894  21.2  34.2   2.55 -99.0    .0
  2 1987  44  23947  21.6  35.4   2.48 -99.0    .0
  2 1987  45  23753  20.2  35.3   2.63 -99.0    .0
  2 1987  46  23310  21.7  34.5   2.73 -99.0    .0
  2 1987  47  24104  21.0  36.2   2.49 -99.0    .0
  2 1987  48  23784  19.3  35.3   2.31 -99.0    .0
  2 1987  49  24208  19.3  35.8   2.45 -99.0    .0
  2 1987  50  22016  21.8  35.1   2.78 -99.0    .0
  2 1987  51  23811  21.9  35.6   2.63 -99.0    .0
  2 1987  52  24486  21.7  35.6   2.54 -99.0    .0
  2 1987  53  24160  20.3  35.8   2.37 -99.0    .0
  2 1987  54  23707  19.3  34.7   2.48 -99.0    .0
  2 1987  55  22875  22.4  35.5   2.82 -99.0    .0
  2 1987  56  23802  21.9  36.2   2.68 -99.0    .0
  2 1987  57  22334  22.0  35.0   2.83 -99.0    .0
  2 1987  58  23642  22.7  34.6   2.74 -99.0    .0
  2 1987  59  23687  21.7  36.6   2.82 -99.0    .0
  2 1987  60  19671  23.0  35.8   2.82 -99.0    .0
  2 1987  61  23139  24.2  35.6   2.90 -99.0    .0
  2 1987  62  18853  24.8  34.6   2.95 -99.0   1.1
  2 1987  63  23222  24.6  36.4   2.74 -99.0    .0
  2 1987  64  16623  23.4  33.4   2.70 -99.0    .7
  2 1987  65  17036  23.9  34.2   3.25 -99.0  19.0
  2 1987  66  22444  22.7  33.1   2.88 -99.0    .0
  2 1987  67  21454  23.5  33.6   3.07 -99.0    .0
  2 1987  68  21231  23.4  35.2   3.38 -99.0   2.5
  2 1987  69  23964  23.3  34.3   3.16 -99.0  17.0
  2 1987  70  20009  22.5  34.7   3.00 -99.0    .0
  2 1987  71  23003  22.3  34.2   2.87 -99.0    .0
  2 1987  72  23164  22.5  34.4   2.86 -99.0    .0
  2 1987  73  23583  23.6  35.0   3.13 -99.0    .0
  2 1987  74  21673  24.1  33.8   2.82 -99.0  17.7
  2 1987  75  14709  22.2  31.1   3.00 -99.0    .0
  2 1987  76  24579  23.1  33.0   2.99 -99.0    .0
  2 1987  77  17342  25.0  33.2   3.17 -99.0   4.6
  2 1987  78  11131  22.8  27.8   2.96 -99.0  37.2
  2 1987  79  23100  23.3  31.8   2.97 -99.0    .0
  2 1987  80  18832  22.8  32.2   3.00 -99.0    .0
  2 1987  81  24187  23.0  32.5   2.90 -99.0    .0
  2 1987  82  22776  23.6  32.7   2.93 -99.0    .0
  2 1987  83  24490  24.0  34.0   2.99 -99.0    .0
  2 1987  84  22554  23.0  34.6   3.04 -99.0    .0
  2 1987  85  24006  25.2  37.0   3.24 -99.0    .3
  2 1987  86  17236  24.3  33.6   2.70 -99.0    .0
  2 1987  87  23255  22.4  36.0   2.87 -99.0    .0
  2 1987  88  23531  22.3  36.4   2.89 -99.0   4.8
  2 1987  89  25112  23.9  35.6   2.66 -99.0    .0
  2 1987  90  22772  22.6  36.4   2.83 -99.0  12.4
  2 1987  91  25136  24.2  36.0   2.93 -99.0    .0
  2 1987  92  22792  24.0  34.4   2.91 -99.0    .0
  2 1987  93  24370  23.6  34.0   3.00 -99.0    .0
  2 1987  94  23461  25.2  34.5   3.10 -99.0    .0
  2 1987  95  23075  24.3  34.5   3.15 -99.0    .0
  2 1987  96  24912  24.3  33.6   3.03 -99.0    .0
  2 1987  97  20468  24.1  33.9   2.91 -99.0    .0
  2 1987  98  18379  24.6  33.8   3.07 -99.0    .0
  2 1987  99  19035  24.5  33.5   3.08 -99.0    .0
  2 1987 100  18644  24.2  32.7   3.06 -99.0    .0
  2 1987 101  14593  25.0  33.3   3.31 -99.0   1.9
  2 1987 102  24657  23.6  33.3   3.10 -99.0    .0
  2 1987 103  21519  25.7  34.2   3.16 -99.0    .0
  2 1987 104  23867  25.1  35.4   3.09 -99.0    .0
  2 1987 105  24385  25.1  34.3   3.20 -99.0    .0
  2 1987 106  24379  24.6  36.9   3.22 -99.0    .0
  2 1987 107  23851  24.5  36.2   3.02 -99.0    .4
  2 1987 108  20715  25.4  36.8   3.65 -99.0  52.1
  2 1987 109  24357  23.2  34.7   3.03 -99.0    .0
  2 1987 110  25129  24.4  37.2   3.14 -99.0    .0
  2 1987 111  24598  23.6  34.5   2.88 -99.0    .0
  2 1987 112  16003  24.7  34.7   3.46 -99.0   1.2
  2 1987 113  25355  24.1  36.2   3.07 -99.0    .0
  2 1987 114  22225  24.3  35.0   3.28 -99.0  71.0
  2 1987 115  20656  24.7  32.8   3.39 -99.0   1.4
  2 1987 116  21682  24.2  34.0   3.38 -99.0   1.4
  2 1987 117  24262  23.3  35.3   3.13 -99.0    .0
  2 1987 118  21916  23.6  35.3   2.82 -99.0    .0
  2 1987 119  24749  23.8  35.2   3.00 -99.0    .6
  2 1987 120  21888  25.0  36.2   3.68 -99.0    .0
  2 1987 121  13865  25.0  35.6   3.84 -99.0  10.8
  2 1987 122  13212  25.0  33.3   3.59 -99.0  12.2
  2 1987 123  18619  23.9  30.9   3.28 -99.0 102.7
  2 1987 124  11264  23.1  29.0   3.06 -99.0   1.5
  2 1987 125  23741  24.3  31.8   3.10 -99.0    .0
  2 1987 126  19994  25.2  31.7   3.29 -99.0    .0
  2 1987 127  23062  24.6  32.0   3.19 -99.0    .0
  2 1987 128  20733  24.3  31.3   3.13 -99.0   1.3
  2 1987 129  13025  25.0  29.6   3.11 -99.0  27.2
  2 1987 130  19164  24.2  31.2   3.23 -99.0   3.5
  2 1987 131  25163  23.7  34.0   3.05 -99.0    .0
  2 1987 132  22585  25.0  32.0   3.30 -99.0   6.8
  2 1987 133  21672  24.4  31.5   3.31 -99.0   5.1
  2 1987 134  20124  24.3  32.3   3.34 -99.0  49.9
  2 1987 135  22274  23.1  32.0   3.23 -99.0  10.5
  2 1987 136  19582  24.1  30.6   3.09 -99.0    .0
  2 1987 137  24909  24.7  31.8   3.14 -99.0    .0
  2 1987 138  24380  25.1  31.3   3.21 -99.0    .0
  2 1987 139  22836  25.6  32.1   3.33 -99.0   1.1
  2 1987 140  24593  24.1  31.0   3.12 -99.0    .0
  2 1987 141  25840  25.0  31.7   3.16 -99.0    .0
  2 1987 142  23540  24.7  31.8   3.18 -99.0   3.5
  2 1987 143  20739  24.2  32.0   3.19 -99.0   3.6
  2 1987 144  22872  25.0  32.3   3.37 -99.0  30.0
  2 1987 145  17677  22.7  31.2   3.16 -99.0   1.0
  2 1987 146  23846  25.2  31.8   3.26 -99.0    .0
  2 1987 147  13367  25.6  31.6   3.36 -99.0    .0
  2 1987 148  19152  24.5  32.0   3.29 -99.0    .0
  2 1987 149  16873  24.1  32.1   3.26 -99.0    .0
  2 1987 150  11581  24.6  31.4   3.40 -99.0   7.0
  2 1987 151  18988  23.8  32.8   3.30 -99.0    .0
  2 1987 152  18851  24.5  31.7   3.26 -99.0    .0
  2 1987 153  20220  25.4  33.7   3.43 -99.0  24.8
  2 1987 154  13939  24.9  30.5   3.45 -99.0  23.6
  2 1987 155  20824  24.1  31.8   3.39 -99.0   2.8
  2 1987 156  10669  25.1  28.8   3.23 -99.0  30.0
  2 1987 157  15295  24.1  32.1   3.26 -99.0    .0
  2 1987 158  17290  25.3  32.6   3.39 -99.0    .0
  2 1987 159  22033  25.7  32.2   3.39 -99.0    .0
  2 1987 160  23024  26.6  32.8   3.46 -99.0    .0
  2 1987 161  21141  25.6  32.5   3.45 -99.0    .0
  2 1987 162  20759  26.0  31.4   3.38 -99.0   2.9
  2 1987 163  20003  26.2  32.3   3.45 -99.0    .0
  2 1987 164  22867  25.7  31.9   3.36 -99.0    .0
  2 1987 165  23983  25.3  32.3   3.32 -99.0    .0
  2 1987 166  20735  25.6  32.0   3.40 -99.0    .7
  2 1987 167  22227  25.7  33.1   3.40 -99.0    .0
  2 1987 168  12501  26.1  31.6   3.41 -99.0    .0
  2 1987 169  10630  23.8  28.5   3.08 -99.0    .9
  2 1987 170  11875  24.3  31.0   3.33 -99.0  34.4
  2 1987 171  13245  23.3  31.5   3.28 -99.0    .2
  2 1987 172  18852  24.1  31.9   3.36 -99.0  45.6
  2 1987 173  22216  23.9  31.9   3.26 -99.0  20.0
  2 1987 174  23338  24.2  32.1   3.27 -99.0    .0
  2 1987 175  24710  25.1  32.6   3.29 -99.0   1.9
  2 1987 176  20849  25.3  31.5   3.32 -99.0    .0
  2 1987 177  16739  23.8  32.2   3.32 -99.0   8.7
  2 1987 178  20980  25.1  32.0   3.31 -99.0    .0
  2 1987 179  16994  24.7  31.6   3.31 -99.0    .0
  2 1987 180  24732  24.8  31.6   3.17 -99.0    .0
  2 1987 181  25237  24.4  31.8   3.19 -99.0  13.1
  2 1987 182  11266  24.1  31.3   3.15 -99.0    .0
  2 1987 183  15514  25.4  33.2   3.42 -99.0    .0
  2 1987 184  12522  25.6  31.8   3.42 -99.0    .0
  2 1987 185  24023  24.3  31.5   3.11 -99.0    .0
  2 1987 186  21033  24.3  31.4   3.18 -99.0    .0
  2 1987 187  25045  23.9  31.6   3.16 -99.0    .0
  2 1987 188  25433  23.9  31.7   3.09 -99.0    .0
  2 1987 189  25572  23.4  31.4   3.06 -99.0    .0
  2 1987 190  25586  23.7  32.1   3.07 -99.0    .0
  2 1987 191  25099  23.6  32.2   3.07 -99.0    .0
  2 1987 192  25239  24.4  31.9   3.16 -99.0    .0
  2 1987 193  25255  24.1  31.8   3.12 -99.0    .0
  2 1987 194  24643  24.0  32.2   3.11 -99.0    .0
  2 1987 195  21892  24.3  31.2   3.16 -99.0    .0
  2 1987 196  19894  23.2  32.2   3.26 -99.0  10.2
  2 1987 197  23434  23.7  31.4   3.16 -99.0   1.1
  2 1987 198  23577  24.0  30.8   3.17 -99.0  19.3
  2 1987 199  23089  23.3  31.7   3.11 -99.0   1.1
  2 1987 200  19824  24.4  31.6   3.24 -99.0    .0
  2 1987 201  22240  23.4  32.0   3.11 -99.0  14.1
  2 1987 202  19221  23.5  30.1   3.20 -99.0  40.1
  2 1987 203  22527  23.6  31.1   3.12 -99.0    .6
  2 1987 204  21532  24.6  31.1   3.22 -99.0   5.1
  2 1987 205  19646  25.1  30.9   3.32 -99.0   6.2
  2 1987 206  25375  23.7  30.8   3.10 -99.0   3.1
  2 1987 207  20059  23.9  30.3   3.26 -99.0  21.9
  2 1987 208  19439  23.2  29.6   3.06 -99.0   3.4
  2 1987 209  25184  24.4  31.1   3.20 -99.0    .0
  2 1987 210  16156  24.9  30.8   3.33 -99.0    .2
  2 1987 211  23696  20.1  31.2   2.82 -99.0   8.4
  2 1987 212  17586  24.2  32.5   3.51 -99.0    .0
  2 1987 213  22202  23.3  31.5   3.21 -99.0  17.2
  2 1987 214  21452  22.6  30.6   3.02 -99.0    .0
  2 1987 215  15065  24.9  30.7   3.28 -99.0   8.5
  2 1987 216  21486  23.4  31.1   3.07 -99.0    .0
  2 1987 217  19579  24.0  30.8   3.24 -99.0    .3
  2 1987 218  22933  23.1  31.0   3.07 -99.0   2.5
  2 1987 219  19480  23.3  30.0   3.10 -99.0   5.1
  2 1987 220  18207  23.6  29.8   3.15 -99.0  34.5
  2 1987 221  13325  23.4  29.4   3.23 -99.0  21.9
  2 1987 222  13849  22.1  29.8   2.98 -99.0   6.5
  2 1987 223  22245  23.7  32.1   3.15 -99.0    .5
  2 1987 224  20323  23.8  31.0   3.21 -99.0  14.5
  2 1987 225  21241  23.6  30.5   3.14 -99.0    .4
  2 1987 226  21902  23.9  31.0   3.22 -99.0  40.0
  2 1987 227  12851  23.6  29.0   3.18 -99.0  61.7
  2 1987 228  10913  23.7  29.3   3.25 -99.0  17.6
  2 1987 229  16235  24.2  30.2   3.35 -99.0   6.5
  2 1987 230  20656  23.7  31.7   3.23 -99.0    .0
  2 1987 231  24563  24.7  31.8   3.29 -99.0   2.1
  2 1987 232  18206  24.7  31.6   3.27 -99.0    .0
  2 1987 233  12101  24.6  30.9   3.35 -99.0   2.2
  2 1987 234  17960  23.2  31.4   3.11 -99.0   7.4
  2 1987 235  19139  24.6  31.7   3.27 -99.0    .0
  2 1987 236  19015  24.6  32.6   3.32 -99.0    .0
  2 1987 237  20845  24.2  32.9   3.35 -99.0   4.5
  2 1987 238  16677  23.7  31.5   3.17 -99.0   2.8
  2 1987 239  20203  23.7  30.5   3.04 -99.0   4.9
  2 1987 240  21513  22.6  32.1   2.98 -99.0    .0
  2 1987 241  20471  24.3  32.3   3.11 -99.0    .0
  2 1987 242  24916  24.4  31.2   3.09 -99.0    .0
  2 1987 243  25441  24.7  31.5   3.07 -99.0    .0
  2 1987 244  25443  23.6  31.5   3.01 -99.0    .0
  2 1987 245  17860  24.4  31.8   3.19 -99.0    .0
  2 1987 246  16812  24.2  30.6   3.21 -99.0    .0
  2 1987 247  15240  23.6  30.1   3.10 -99.0    .0
  2 1987 248  23346  23.0  31.6   3.00 -99.0    .7
  2 1987 249  16540  24.0  30.5   3.14 -99.0  16.6
  2 1987 250  15488  24.1  31.3   3.34 -99.0  20.6
  2 1987 251  20191  23.7  30.7   3.13 -99.0  10.0
  2 1987 252  22277  24.7  30.9   3.17 -99.0  44.1
  2 1987 253  10891  23.4  29.6   3.18 -99.0  22.3
  2 1987 254  10884  24.6  26.5   3.14 -99.0  24.0
  2 1987 255  21726  23.6  30.7   3.09 -99.0   1.4
  2 1987 256  19885  25.0  31.2   3.26 -99.0   1.1
  2 1987 257  15170  24.9  30.4   3.37 -99.0   9.9
  2 1987 258  13331  23.5  28.6   3.13 -99.0  26.2
  2 1987 259  14625  22.9  29.0   3.08 -99.0   8.2
  2 1987 260  21136  23.8  30.3   3.10 -99.0   7.8
  2 1987 261  14339  24.3  30.0   3.27 -99.0  16.1
  2 1987 262  17844  24.4  29.8   3.19 -99.0  22.9
  2 1987 263  22646  23.5  30.3   3.08 -99.0  18.2
  2 1987 264  18591  23.8  32.6   3.32 -99.0    .0
  2 1987 265  21043  24.7  32.7   3.42 -99.0  22.8
  2 1987 266  23750  23.6  30.6   3.04 -99.0   3.3
  2 1987 267  21777  23.8  31.6   3.11 -99.0   7.1
  2 1987 268  23699  24.7  30.4   3.16 -99.0   1.5
  2 1987 269  12655  23.4  29.1   3.00 -99.0    .0
  2 1987 270  13415  24.4  30.0   3.20 -99.0    .5
  2 1987 271  13008  24.3  30.4   3.12 -99.0    .0
  2 1987 272  18286  24.4  32.0   3.24 -99.0  14.4
  2 1987 273  24584  23.8  32.0   3.15 -99.0   1.7
  2 1987 274  19523  24.3  30.0   3.12 -99.0    .0
  2 1987 275  24386  20.9  29.8   2.74 -99.0   8.2
  2 1987 276  23321  24.2  30.8   3.08 -99.0    .0
  2 1987 277  18278  25.2  31.6   3.24 -99.0  12.1
  2 1987 278  15042  23.7  30.9   3.26 -99.0    .0
  2 1987 279  19370  24.6  32.1   3.43 -99.0    .5
  2 1987 280  19593  24.9  31.3   3.34 -99.0    .0
  2 1987 281  19815  24.3  31.7   3.28 -99.0   2.2
  2 1987 282  21310  24.8  30.7   3.12 -99.0    .0
  2 1987 283  16689  24.7  30.2   3.36 -99.0  55.3
  2 1987 284  14624  23.5  27.8   3.02 -99.0  18.5
  2 1987 285  22463  23.9  29.9   3.04 -99.0    .0
  2 1987 286  17100  24.6  31.6   3.38 -99.0  37.2
  2 1987 287  21366  24.5  31.8   3.27 -99.0   7.9
  2 1987 288  18547  25.1  31.1   3.46 -99.0  31.3
  2 1987 289  22038  23.7  31.5   3.17 -99.0  20.0
  2 1987 290  20862  24.7  32.0   3.27 -99.0    .4
  2 1987 291  23456  24.3  31.7   3.09 -99.0    .0
  2 1987 292  24286  24.7  32.6   3.17 -99.0    .2
  2 1987 293  22609  25.1  30.8   3.20 -99.0   6.3
  2 1987 294  21313  24.8  31.2   3.24 -99.0    .0
  2 1987 295  19025  23.8  31.6   3.30 -99.0    .0
  2 1987 296  21969  23.8  31.7   3.08 -99.0    .0
  2 1987 297  21053  24.6  33.2   3.38 -99.0  26.6
  2 1987 298  12582  23.7  30.9   3.19 -99.0    .0
  2 1987 299  14160  25.2  30.6   3.23 -99.0    .0
  2 1987 300  18570  24.6  32.3   3.41 -99.0    .0
  2 1987 301  10031  24.6  28.0   3.21 -99.0  25.4
  2 1987 302  15906  23.7  32.6   3.35 -99.0    .0
  2 1987 303  16237  24.5  32.0   3.52 -99.0   6.9
  2 1987 304  16445  24.4  31.4   3.38 -99.0   8.2
  2 1987 305  19339  24.5  32.6   3.39 -99.0    .4
  2 1987 306  23319  24.4  32.6   3.26 -99.0  37.6
  2 1987 307   9885  24.2  29.4   3.31 -99.0  13.4
  2 1987 308  11925  24.3  31.7   3.28 -99.0    .0
  2 1987 309  16016  24.4  33.1   3.23 -99.0  43.0
  2 1987 310  17915  23.7  33.2   3.37 -99.0   4.0
  2 1987 311  18719  25.1  32.1   3.48 -99.0   3.0
  2 1987 312  14825  24.6  30.6   3.36 -99.0   4.0
  2 1987 313   9864  23.6  29.7   3.00 -99.0  15.5
  2 1987 314  17157  23.5  30.5   3.02 -99.0  32.9
  2 1987 315  15324  24.1  31.5   3.17 -99.0   2.3
  2 1987 316  15291  24.3  32.3   3.22 -99.0    .1
  2 1987 317  10489  24.6  27.5   3.03 -99.0    .9
  2 1987 318  12369  24.2  31.3   3.12 -99.0    .0
  2 1987 319  16738  24.7  31.1   3.34 -99.0   2.1
  2 1987 320  16111  23.4  29.1   3.06 -99.0    .0
  2 1987 321  22232  24.1  30.4   3.10 -99.0  12.4
  2 1987 322  17700  23.9  30.6   3.18 -99.0  21.8
  2 1987 323  21675  24.2  30.2   3.13 -99.0    .0
  2 1987 324  19397  24.2  31.1   3.22 -99.0    .0
  2 1987 325  17011  24.2  30.2   3.24 -99.0   7.2
  2 1987 326  19913  24.3  31.1   3.23 -99.0   4.6
  2 1987 327  15076  24.5  30.3   3.35 -99.0    .6
  2 1987 328  17037  23.7  30.5   3.26 -99.0    .0
  2 1987 329  19226  24.5  29.8   3.27 -99.0  21.2
  2 1987 330  16980  24.7  31.2   3.35 -99.0   5.9
  2 1987 331  10900  24.6  29.0   3.31 -99.0  24.2
  2 1987 332  12277  23.2  28.0   3.05 -99.0   2.3
  2 1987 333  16437  24.2  31.8   3.40 -99.0  24.2
  2 1987 334  11313  24.6  30.7   3.37 -99.0   2.6
  2 1987 335  10255  24.3  29.8   3.18 -99.0    .2
  2 1987 336  15444  23.4  28.9   2.98 -99.0  27.4
  2 1987 337   9303  23.7  30.9   3.48 -99.0    .0
  2 1987 338   9291  23.4  28.6   3.26 -99.0   1.0
  2 1987 339  16655  22.5  30.8   2.96 -99.0   9.2
  2 1987 340  13414  24.0  27.8   2.80 -99.0  26.9
  2 1987 341   9259  23.6  25.5   2.86 -99.0    .0
  2 1987 342  15340  23.5  28.9   2.85 -99.0    .0
  2 1987 343  14178  23.2  30.9   2.92 -99.0  14.3
  2 1987 344  10036  23.6  25.6   2.78 -99.0    .0
  2 1987 345  14385  24.2  29.0   3.06 -99.0    .0
  2 1987 346  12885  23.9  29.2   2.94 -99.0    .0
  2 1987 347  12076  23.9  29.3   3.06 -99.0   4.9
  2 1987 348  11954  22.6  31.5   3.10 -99.0    .0
  2 1987 349  19043  22.9  31.6   2.78 -99.0    .5
  2 1987 350  18006  22.1  30.6   2.49 -99.0    .3
  2 1987 351  21430  22.1  29.3   2.47 -99.0    .0
  2 1987 352  20967  22.3  30.7   2.66 -99.0    .0
  2 1987 353  21649  22.1  30.6   2.63 -99.0    .0
  2 1987 354  19818  21.8  31.5   2.78 -99.0    .0
  2 1987 355  21189  22.3  31.5   2.68 -99.0    .0
  2 1987 356  21876  22.0  30.0   2.51 -99.0    .0
  2 1987 357  19478  22.6  31.2   2.93 -99.0    .0
  2 1987 358  12051  23.0  31.5   2.96 -99.0    .0
  2 1987 359  21316  22.1  31.6   2.78 -99.0    .0
  2 1987 360  19378  22.8  32.1   2.96 -99.0    .0
  2 1987 361  21102  22.8  30.3   2.59 -99.0    .0
  2 1987 362  19280  23.5  31.3   2.76 -99.0    .0
  2 1987 363  21352  23.3  31.2   2.81 -99.0    .0
  2 1987 364  21250  23.1  31.6   2.65 -99.0    .0
  2 1987 365  20347  22.7  31.6   2.51 -99.0    .0


