*---------------------------------------------------------*
*   Country: Malaysia
*   Station: TLKC0064 Telok Chengai
*      Year: 1992
*    Source: MUDA Scheme Weather Data
*    Author: Climate Unit, IRRI
* Longitude: 100 17 E
*  Latitude: 06 06 N
* Elevation: 1.0 m.
*  Comments: This file is extracted from CLOCOM database. -99.000: nil value
* NOTE: Reference for a & b
*       Hing, C.H. and Joo, T.L. (1983) Solar and net radiation in Peninsular
*       Malaysia. J. Climatology. 3:271-283.
*
*  Columns:
*  ========
*  station number
*  year
*  day
*  irradiation (kJ m-2 d-1)
*  minimum temperature (degrees Celsius)
*  maximum temperature (degrees Celsius)
*  vapour pressure (kPa)
*  mean wind speed (m s-1)
*  precipitation (mm d-1)
** WCCDESCRIPTION=Malaysia, Telok Chengai, daily weather (mald2.991...993)
** WCCFORMAT=2
** WCCYEARNR=1992
*-----------------------------------------------------------
100.28   6.10    1.0  -0.25  -0.42
  2 1992   1  17700  23.6  32.5 -99.00 -99.0    .0
  2 1992   2  17700  24.9  33.3 -99.00 -99.0    .0
  2 1992   3  12800  23.4  31.4 -99.00 -99.0    .0
  2 1992   4  17400  22.2  33.9 -99.00 -99.0    .0
  2 1992   5  18100  23.7  33.5 -99.00 -99.0    .0
  2 1992   6  14300  23.0  33.7 -99.00 -99.0    .0
  2 1992   7  18500  22.8  33.5 -99.00 -99.0    .0
  2 1992   8  18000  22.7  34.3 -99.00 -99.0    .0
  2 1992   9  19600  21.8  33.7 -99.00 -99.0    .0
  2 1992  10  20100  21.5  33.5 -99.00 -99.0    .0
  2 1992  11  19700  22.8  33.2 -99.00 -99.0    .0
  2 1992  12  19600  22.7  33.3 -99.00 -99.0    .0
  2 1992  13  18700  21.6  32.6 -99.00 -99.0    .0
  2 1992  14  13900  22.3  31.9 -99.00 -99.0    .0
  2 1992  15  15600  24.4  32.0 -99.00 -99.0    .0
  2 1992  16  18400  22.5  32.5 -99.00 -99.0    .0
  2 1992  17  14600  24.2  30.5 -99.00 -99.0    .0
  2 1992  18  16400  21.4  31.7 -99.00 -99.0    .0
  2 1992  19  14200  22.2  31.7 -99.00 -99.0    .0
  2 1992  20  18100  21.8  31.7 -99.00 -99.0    .0
  2 1992  21  17500  22.1  32.6 -99.00 -99.0    .0
  2 1992  22  15800  22.7  32.6 -99.00 -99.0    .0
  2 1992  23  19400  23.6  33.2 -99.00 -99.0    .0
  2 1992  24  18600  21.7  34.5 -99.00 -99.0    .0
  2 1992  25  11600  22.8  32.9 -99.00 -99.0    .0
  2 1992  26  19400  22.2  34.5 -99.00 -99.0    .0
  2 1992  27  19000  22.3  33.5 -99.00 -99.0    .0
  2 1992  28  18000  22.2  34.0 -99.00 -99.0    .0
  2 1992  29  17500  22.0  33.9 -99.00 -99.0    .0
  2 1992  30  19400  21.9  35.3 -99.00 -99.0    .0
  2 1992  31  16600  22.5  35.0 -99.00 -99.0   4.7
  2 1992  32  17600  22.3  34.6 -99.00 -99.0    .0
  2 1992  33  19200  22.7  35.1 -99.00 -99.0    .0
  2 1992  34  18500  22.0  34.8 -99.00 -99.0    .0
  2 1992  35  20300  22.2  34.9 -99.00 -99.0    .0
  2 1992  36  18500  22.7  35.6 -99.00 -99.0    .0
  2 1992  37  19500  24.7  34.2 -99.00 -99.0    .0
  2 1992  38  14800  24.2  34.5 -99.00 -99.0  74.3
  2 1992  39  16900  23.2  34.5 -99.00 -99.0    .0
  2 1992  40  17300  23.7  35.3 -99.00 -99.0   3.7
  2 1992  41  14100  24.1  34.6 -99.00 -99.0   8.0
  2 1992  42  12000  23.7  32.7 -99.00 -99.0  19.0
  2 1992  43  19900  23.0  34.2 -99.00 -99.0    .0
  2 1992  44  14100  23.7  34.3 -99.00 -99.0    .2
  2 1992  45  18200  23.1  33.0 -99.00 -99.0    .0
  2 1992  46  17300  24.0  33.3 -99.00 -99.0    .0
  2 1992  47  17400  24.4  33.8 -99.00 -99.0    .0
  2 1992  48  18800  23.1  33.7 -99.00 -99.0    .0
  2 1992  49  19000  22.4  33.3 -99.00 -99.0    .0
  2 1992  50  19700  22.8  33.8 -99.00 -99.0    .0
  2 1992  51  18700  23.5  34.2 -99.00 -99.0    .0
  2 1992  52  17200  23.0  34.3 -99.00 -99.0   1.5
  2 1992  53  20700  22.2  34.7 -99.00 -99.0    .0
  2 1992  54  18400  21.5  34.2 -99.00 -99.0    .0
  2 1992  55  16300  24.3  34.4 -99.00 -99.0    .2
  2 1992  56  17400  23.9  33.6 -99.00 -99.0    .0
  2 1992  57  20500  23.6  34.0 -99.00 -99.0    .0
  2 1992  58  20100  21.4  35.6 -99.00 -99.0    .0
  2 1992  59  19400  23.3  35.9 -99.00 -99.0    .0
  2 1992  60  19000  23.5  35.9 -99.00 -99.0    .0
  2 1992  61  18300  23.8  34.3 -99.00 -99.0    .0
  2 1992  62  19000  23.0  34.7 -99.00 -99.0    .0
  2 1992  63  19800  21.9  34.6 -99.00 -99.0    .0
  2 1992  64  19500  23.0  34.6 -99.00 -99.0    .0
  2 1992  65  14700  25.0  34.0 -99.00 -99.0    .0
  2 1992  66  17900  23.7  34.7 -99.00 -99.0    .0
  2 1992  67  15700  20.6  34.3 -99.00 -99.0    .0
  2 1992  68  16600  22.7  33.8 -99.00 -99.0   4.4
  2 1992  69  17300  23.0  33.0 -99.00 -99.0    .0
  2 1992  70  19400  22.7  35.3 -99.00 -99.0    .0
  2 1992  71  20300  21.8  35.7 -99.00 -99.0    .0
  2 1992  72  19100  21.6  35.5 -99.00 -99.0    .0
  2 1992  73  22000  22.7  35.5 -99.00 -99.0    .0
  2 1992  74  22200  19.7  35.7 -99.00 -99.0    .0
  2 1992  75  21600  21.6  35.8 -99.00 -99.0    .0
  2 1992  76  19200  21.7  35.3 -99.00 -99.0    .0
  2 1992  77  15700  22.6  35.7 -99.00 -99.0    .0
  2 1992  78  18500  24.6  37.4 -99.00 -99.0    .2
  2 1992  79  18200  23.5  37.0 -99.00 -99.0    .0
  2 1992  80  21200  23.6  36.8 -99.00 -99.0    .0
  2 1992  81  20800  23.2  36.1 -99.00 -99.0    .0
  2 1992  82  19600  23.9  37.0 -99.00 -99.0    .0
  2 1992  83  20000  24.5  38.0 -99.00 -99.0    .0
  2 1992  84  17500  24.4  37.1 -99.00 -99.0    .0
  2 1992  85  18300  24.3  36.9 -99.00 -99.0   1.0
  2 1992  86  12400  25.5  36.2 -99.00 -99.0  25.7
  2 1992  87  20800  22.8  34.5 -99.00 -99.0    .0
  2 1992  88  15900  24.6  35.5 -99.00 -99.0    .0
  2 1992  89  20400  24.0  36.7 -99.00 -99.0    .0
  2 1992  90  21000  23.0  36.7 -99.00 -99.0    .0
  2 1992  91  19400  23.4  37.1 -99.00 -99.0   3.8
  2 1992  92  17500  24.8  34.6 -99.00 -99.0    .0
  2 1992  93  18200  23.8  36.1 -99.00 -99.0    .0
  2 1992  94  16100  25.0  34.7 -99.00 -99.0    .0
  2 1992  95  15000  24.5  33.9 -99.00 -99.0    .2
  2 1992  96  14000  24.4  34.7 -99.00 -99.0   1.3
  2 1992  97  10100  24.9  33.4 -99.00 -99.0    .0
  2 1992  98  14100  25.2  35.0 -99.00 -99.0    .0
  2 1992  99  10700  25.6  35.2 -99.00 -99.0  12.4
  2 1992 100  15700  23.7  32.0 -99.00 -99.0   2.2
  2 1992 101   7600  24.2  33.5 -99.00 -99.0    .1
  2 1992 102  14800  24.9  34.5 -99.00 -99.0    .9
  2 1992 103  15300  25.4  35.3 -99.00 -99.0    .0
  2 1992 104  16000  24.4  35.0 -99.00 -99.0    .0
  2 1992 105  16800  25.0  35.5 -99.00 -99.0    .0
  2 1992 106  17600  24.1  35.3 -99.00 -99.0    .0
  2 1992 107  18700  23.7  36.2 -99.00 -99.0   8.4
  2 1992 108  19500  24.1  36.3 -99.00 -99.0    .0
  2 1992 109  17200  24.0  36.0 -99.00 -99.0    .0
  2 1992 110  11900  25.5  33.5 -99.00 -99.0    .3
  2 1992 111  16400  24.6  35.4 -99.00 -99.0    .0
  2 1992 112  17400  26.1  35.5 -99.00 -99.0    .0
  2 1992 113  15600  25.4  36.0 -99.00 -99.0    .0
  2 1992 114  16800  25.0  35.9 -99.00 -99.0    .0
  2 1992 115  16000  25.2  37.2 -99.00 -99.0   5.5
  2 1992 116  20300  25.5  37.6 -99.00 -99.0    .0
  2 1992 117  19300  23.5  36.5 -99.00 -99.0    .0
  2 1992 118  16700  24.4  36.0 -99.00 -99.0   7.2
  2 1992 119  17500  25.8  36.7 -99.00 -99.0  40.2
  2 1992 120  17400  24.2  34.3 -99.00 -99.0    .1
  2 1992 121  16400  25.4  34.2 -99.00 -99.0    .2
  2 1992 122  17100  24.8  34.7 -99.00 -99.0    .0
  2 1992 123  14900  24.4  33.3 -99.00 -99.0   3.7
  2 1992 124  18500  25.8  34.4 -99.00 -99.0  37.4
  2 1992 125  18500  22.3  35.1 -99.00 -99.0    .0
  2 1992 126  14500  25.3  35.4 -99.00 -99.0  40.8
  2 1992 127  17200  22.6  32.5 -99.00 -99.0    .2
  2 1992 128  17000  23.8  32.7 -99.00 -99.0   8.9
  2 1992 129  13700  24.2  31.2 -99.00 -99.0    .7
  2 1992 130   8900  24.5  30.8 -99.00 -99.0  14.5
  2 1992 131  14500  23.7  32.4 -99.00 -99.0    .0
  2 1992 132  16600  25.2  33.6 -99.00 -99.0    .1
  2 1992 133  15900  24.5  32.7 -99.00 -99.0   7.4
  2 1992 134  17500  23.7  33.9 -99.00 -99.0  17.4
  2 1992 135  15300  24.5  33.0 -99.00 -99.0   6.3
  2 1992 136  19200  23.6  33.5 -99.00 -99.0    .5
  2 1992 137  14400  24.8  33.0 -99.00 -99.0    .0
  2 1992 138  17600  24.5  33.8 -99.00 -99.0    .0
  2 1992 139  17700  24.4  34.4 -99.00 -99.0    .0
  2 1992 140  17000  25.3  34.1 -99.00 -99.0    .0
  2 1992 141  13900  25.0  32.7 -99.00 -99.0   3.2
  2 1992 142  18500  24.2  33.0 -99.00 -99.0    .0
  2 1992 143  19100  24.2  32.9 -99.00 -99.0    .3
  2 1992 144   9700  25.6  31.6 -99.00 -99.0    .1
  2 1992 145  10500  24.9  32.0 -99.00 -99.0  19.4
  2 1992 146  13200  24.4  31.2 -99.00 -99.0  13.5
  2 1992 147  11900  25.5  33.0 -99.00 -99.0    .0
  2 1992 148  18100  25.5  32.5 -99.00 -99.0    .8
  2 1992 149  17600  24.7  33.8 -99.00 -99.0    .1
  2 1992 150  16900  24.8  32.0 -99.00 -99.0    .0
  2 1992 151  16900  23.4  31.8 -99.00 -99.0  60.0
  2 1992 152  17600  24.9  32.0 -99.00 -99.0   1.9
  2 1992 153  13400  24.9  30.6 -99.00 -99.0    .7
  2 1992 154  16800  24.7  31.7 -99.00 -99.0    .1
  2 1992 155  16300  25.6  32.2 -99.00 -99.0    .0
  2 1992 156   8500  26.0  31.7 -99.00 -99.0   2.9
  2 1992 157  10400  24.5  32.5 -99.00 -99.0    .0
  2 1992 158  15600  25.3  31.4 -99.00 -99.0    .0
  2 1992 159  15400  24.5  31.8 -99.00 -99.0    .0
  2 1992 160  15000  25.6  32.8 -99.00 -99.0   1.5
  2 1992 161  19600  23.1  31.9 -99.00 -99.0  14.2
  2 1992 162  12700  26.0  32.3 -99.00 -99.0    .0
  2 1992 163  10900  25.5  33.0 -99.00 -99.0    .0
  2 1992 164  18100  24.4  31.7 -99.00 -99.0    .6
  2 1992 165  12200  24.6  31.4 -99.00 -99.0  12.6
  2 1992 166   8300  25.2  31.1 -99.00 -99.0    .0
  2 1992 167  11600  24.4  32.0 -99.00 -99.0    .0
  2 1992 168  15100  23.9  32.2 -99.00 -99.0    .0
  2 1992 169  15200  25.4  33.0 -99.00 -99.0    .0
  2 1992 170  14700  25.0  32.7 -99.00 -99.0    .0
  2 1992 171  15900  25.0  32.8 -99.00 -99.0    .0
  2 1992 172  18200  24.7  32.8 -99.00 -99.0    .0
  2 1992 173  14700  24.5  33.2 -99.00 -99.0    .0
  2 1992 174  17600  24.7  33.0 -99.00 -99.0    .0
  2 1992 175  17000  25.2  33.2 -99.00 -99.0    .0
  2 1992 176  12500  25.3  33.0 -99.00 -99.0    .0
  2 1992 177  10800  22.7  30.2 -99.00 -99.0  15.5
  2 1992 178   7100  22.8  31.3 -99.00 -99.0   1.0
  2 1992 179   3600  24.2  30.7 -99.00 -99.0    .7
  2 1992 180  14700  23.4  32.2 -99.00 -99.0   1.1
  2 1992 181  17500  24.4  32.8 -99.00 -99.0    .0
  2 1992 182  10200  25.3  31.0 -99.00 -99.0    .0
  2 1992 183  16300  24.6  31.3 -99.00 -99.0   7.0
  2 1992 184  17900  23.2  32.1 -99.00 -99.0    .0
  2 1992 185  18600  24.5  32.5 -99.00 -99.0    .0
  2 1992 186  17800  24.4  32.2 -99.00 -99.0    .4
  2 1992 187  16200  24.5  32.3 -99.00 -99.0    .1
  2 1992 188  15200  23.4  31.3 -99.00 -99.0  10.6
  2 1992 189  19500  22.5  32.6 -99.00 -99.0   5.1
  2 1992 190  15200  23.2  31.4 -99.00 -99.0   8.9
  2 1992 191  15800  23.3  31.4 -99.00 -99.0    .0
  2 1992 192  14000  24.2  32.2 -99.00 -99.0   5.0
  2 1992 193  17000  23.0  32.0 -99.00 -99.0  28.8
  2 1992 194  16200  22.0  31.4 -99.00 -99.0    .0
  2 1992 195   9900  23.4  29.6 -99.00 -99.0   1.8
  2 1992 196  13300  23.8  31.5 -99.00 -99.0    .0
  2 1992 197  11900  23.9  32.1 -99.00 -99.0    .0
  2 1992 198  18800  23.4  32.4 -99.00 -99.0    .0
  2 1992 199  18100  23.9  31.5 -99.00 -99.0   2.2
  2 1992 200  15300  23.7  32.0 -99.00 -99.0    .0
  2 1992 201  12300  23.0  29.8 -99.00 -99.0    .4
  2 1992 202  17800  23.0  31.2 -99.00 -99.0    .0
  2 1992 203  19600  23.9  32.1 -99.00 -99.0    .0
  2 1992 204  11300  23.1  31.0 -99.00 -99.0  32.0
  2 1992 205  14800  23.0  32.0 -99.00 -99.0    .0
  2 1992 206  18000  24.6  33.0 -99.00 -99.0    .0
  2 1992 207  13000  24.5  32.6 -99.00 -99.0    .0
  2 1992 208  12000  24.8  32.3 -99.00 -99.0    .0
  2 1992 209   8100  24.0  30.6 -99.00 -99.0   4.3
  2 1992 210   6000  23.1  27.7 -99.00 -99.0  25.4
  2 1992 211   7900  22.5  30.1 -99.00 -99.0  35.7
  2 1992 212  15600  23.0  31.5 -99.00 -99.0    .4
  2 1992 213  14800  24.3  33.0 -99.00 -99.0    .0
  2 1992 214  15000  23.7  33.1 -99.00 -99.0    .0
  2 1992 215  15800  24.2  33.0 -99.00 -99.0   6.9
  2 1992 216  16000  23.3  31.7 -99.00 -99.0   3.9
  2 1992 217  15400  22.2  32.7 -99.00 -99.0  12.8
  2 1992 218  14800  23.3  31.8 -99.00 -99.0   3.7
  2 1992 219    300  22.1  28.0 -99.00 -99.0  41.7
  2 1992 220  17100  21.8  31.9 -99.00 -99.0    .0
  2 1992 221  15500  23.9  32.2 -99.00 -99.0    .0
  2 1992 222   8100  23.7  30.8 -99.00 -99.0   8.9
  2 1992 223   2900  22.1  29.4 -99.00 -99.0   8.3
  2 1992 224   3000  23.0  31.1 -99.00 -99.0    .2
  2 1992 225  22800  22.3  31.1 -99.00 -99.0    .0
  2 1992 226  24000  23.2  31.1 -99.00 -99.0   8.5
  2 1992 227  22400  24.8  32.0 -99.00 -99.0    .0
  2 1992 228   5100  24.2  31.6 -99.00 -99.0   8.4
  2 1992 229  18800  23.8  32.0 -99.00 -99.0   1.7
  2 1992 230  20900  23.9  31.5 -99.00 -99.0    .1
  2 1992 231  21500  24.9  32.7 -99.00 -99.0    .0
  2 1992 232  16900  24.5  32.0 -99.00 -99.0   1.8
  2 1992 233  12100  24.5  31.5 -99.00 -99.0   2.6
  2 1992 234  17300  24.1  31.5 -99.00 -99.0    .0
  2 1992 235  13800  24.1  32.0 -99.00 -99.0    .0
  2 1992 236  10600  23.0  28.8 -99.00 -99.0  24.1
  2 1992 237  17800  23.0  32.0 -99.00 -99.0  14.9
  2 1992 238  12700  24.0  30.5 -99.00 -99.0   6.0
  2 1992 239  13900  24.2  31.3 -99.00 -99.0   9.5
  2 1992 240   3800  23.6  26.7 -99.00 -99.0  48.2
  2 1992 241  20000  23.8  31.2 -99.00 -99.0   1.1
  2 1992 242  20500  23.9  31.6 -99.00 -99.0    .0
  2 1992 243  22000  24.0  32.0 -99.00 -99.0    .0
  2 1992 244  21800  24.8  32.5 -99.00 -99.0    .0
  2 1992 245  22500  24.9  32.6 -99.00 -99.0    .0
  2 1992 246  18000  24.9  32.5 -99.00 -99.0    .0
  2 1992 247  17400  23.2  31.0 -99.00 -99.0  43.0
  2 1992 248  15300  23.2  30.5 -99.00 -99.0    .0
  2 1992 249  15500  22.6  30.3 -99.00 -99.0  18.0
  2 1992 250  18800  24.0  31.7 -99.00 -99.0    .6
  2 1992 251  25300  23.9  32.2 -99.00 -99.0    .0
  2 1992 252  24600  23.3  31.8 -99.00 -99.0    .0
  2 1992 253  27300  23.1  32.1 -99.00 -99.0    .0
  2 1992 254  27100  23.2  32.7 -99.00 -99.0    .0
  2 1992 255  24400  23.8  32.0 -99.00 -99.0    .0
  2 1992 256  24400  23.3  32.1 -99.00 -99.0    .0
  2 1992 257  26900  23.3  32.0 -99.00 -99.0    .0
  2 1992 258  20700  23.0  32.5 -99.00 -99.0    .0
  2 1992 259  26200  22.9  32.5 -99.00 -99.0    .0
  2 1992 260  25900  24.0  33.0 -99.00 -99.0   1.7
  2 1992 261  20800  23.1  31.5 -99.00 -99.0   1.4
  2 1992 262  15500  23.9  29.6 -99.00 -99.0  18.0
  2 1992 263  15500  22.8  30.0 -99.00 -99.0   6.0
  2 1992 264  17700  22.3  30.2 -99.00 -99.0  15.1
  2 1992 265  21400  24.0  32.0 -99.00 -99.0    .0
  2 1992 266  21200  24.7  32.5 -99.00 -99.0    .0
  2 1992 267   8600  24.0  31.3 -99.00 -99.0   4.7
  2 1992 268  12100  24.5  31.1 -99.00 -99.0   8.4
  2 1992 269  23200  23.4  31.9 -99.00 -99.0  31.2
  2 1992 270  18000  22.7  32.6 -99.00 -99.0  18.2
  2 1992 271  16500  23.5  32.9 -99.00 -99.0    .0
  2 1992 272  11200  23.3  30.1 -99.00 -99.0  30.4
  2 1992 273  20300  22.9  31.6 -99.00 -99.0    .0
  2 1992 274  24800  23.7  32.4 -99.00 -99.0    .0
  2 1992 275  24500  25.0  33.5 -99.00 -99.0   1.5
  2 1992 276  18000  24.1  31.7 -99.00 -99.0    .0
  2 1992 277  12900  23.6  31.9 -99.00 -99.0  16.4
  2 1992 278  14500  22.4  29.6 -99.00 -99.0    .6
  2 1992 279  19100  24.1  29.3 -99.00 -99.0   1.3
  2 1992 280  18800  23.4  30.7 -99.00 -99.0    .1
  2 1992 281  25300  23.8  33.7 -99.00 -99.0  11.8
  2 1992 282  25600  23.2  33.2 -99.00 -99.0   1.2
  2 1992 283  17600  24.6  31.8 -99.00 -99.0   5.3
  2 1992 284  12800  22.7  27.7 -99.00 -99.0   1.0
  2 1992 285   9600  22.9  27.7 -99.00 -99.0   5.9
  2 1992 286  20500  23.9  32.3 -99.00 -99.0    .0
  2 1992 287  26000  23.3  34.0 -99.00 -99.0    .0
  2 1992 288  16700  23.4  31.5 -99.00 -99.0    .2
  2 1992 289  21700  23.5  32.5 -99.00 -99.0    .0
  2 1992 290  22900  24.9  33.3 -99.00 -99.0    .1
  2 1992 291  21700  23.8  32.2 -99.00 -99.0    .0
  2 1992 292  12800  24.3  32.6 -99.00 -99.0   6.4
  2 1992 293  20100  22.7  32.6 -99.00 -99.0    .0
  2 1992 294  12000  23.6  30.2 -99.00 -99.0   2.6
  2 1992 295  21100  23.2  32.4 -99.00 -99.0    .0
  2 1992 296  19500  23.3  32.3 -99.00 -99.0    .0
  2 1992 297  21400  24.2  31.7 -99.00 -99.0    .0
  2 1992 298  19000  24.4  31.3 -99.00 -99.0    .0
  2 1992 299  15600  24.0  30.1 -99.00 -99.0   3.4
  2 1992 300  10200  23.6  29.6 -99.00 -99.0  57.5
  2 1992 301  10400  23.3  28.3 -99.00 -99.0  10.5
  2 1992 302  16700  23.0  29.2 -99.00 -99.0   5.8
  2 1992 303  12300  23.3  30.4 -99.00 -99.0  25.2
  2 1992 304  17500  23.0  31.0 -99.00 -99.0    .7
  2 1992 305  19600  23.4  31.4 -99.00 -99.0    .0
  2 1992 306  19400  23.2  32.5 -99.00 -99.0   4.8
  2 1992 307  13300  22.4  32.8 -99.00 -99.0   1.4
  2 1992 308  22600  23.3  32.5 -99.00 -99.0    .1
  2 1992 309  14800  23.8  31.0 -99.00 -99.0    .0
  2 1992 310   8200  24.0  28.4 -99.00 -99.0    .0
  2 1992 311  14400  23.6  30.2 -99.00 -99.0   8.3
  2 1992 312  17100  22.7  31.0 -99.00 -99.0    .1
  2 1992 313  12300  23.4  28.7 -99.00 -99.0   1.2
  2 1992 314  19400  23.6  32.2 -99.00 -99.0    .0
  2 1992 315  21100  23.4  30.2 -99.00 -99.0    .3
  2 1992 316  18200  24.3  29.6 -99.00 -99.0    .0
  2 1992 317   4400  22.8  26.9 -99.00 -99.0  89.8
  2 1992 318  16300  22.5  30.5 -99.00 -99.0   3.5
  2 1992 319  16300  23.8  31.9 -99.00 -99.0    .2
  2 1992 320   6600  23.6  27.1 -99.00 -99.0    .0
  2 1992 321  15100  22.9  32.0 -99.00 -99.0    .0
  2 1992 322  17600  22.9  32.1 -99.00 -99.0    .0
  2 1992 323  22000  23.0  33.0 -99.00 -99.0    .4
  2 1992 324  19700  23.2  32.0 -99.00 -99.0    .5
  2 1992 325  21300  23.0  32.6 -99.00 -99.0    .0
  2 1992 326  19000  24.3  33.2 -99.00 -99.0  10.5
  2 1992 327  16500  22.9  32.0 -99.00 -99.0    .0
  2 1992 328  18600  24.3  32.0 -99.00 -99.0    .0
  2 1992 329  16500  23.5  32.0 -99.00 -99.0    .0
  2 1992 330  18000  23.0  31.5 -99.00 -99.0    .0
  2 1992 331  21100  24.5  31.7 -99.00 -99.0    .0
  2 1992 332  24600  23.1  32.0 -99.00 -99.0    .0
  2 1992 333   4400  23.2  32.0 -99.00 -99.0    .0
  2 1992 334  24000  22.7  32.0 -99.00 -99.0    .0
  2 1992 335  23200  22.7  31.6 -99.00 -99.0    .0
  2 1992 336  16500  22.9  31.1 -99.00 -99.0    .0
  2 1992 337  15200  22.1  30.3 -99.00 -99.0    .0
  2 1992 338  14400  21.7  30.2 -99.00 -99.0    .0
  2 1992 339  15900  23.3  31.3 -99.00 -99.0   1.6
  2 1992 340  15000  23.3  32.1 -99.00 -99.0    .0
  2 1992 341  12300  23.4  30.5 -99.00 -99.0    .0
  2 1992 342   7800  23.5  27.2 -99.00 -99.0  17.0
  2 1992 343   7100  22.2  27.7 -99.00 -99.0  16.7
  2 1992 344  14000  23.1  29.6 -99.00 -99.0    .5
  2 1992 345  20100  23.8  29.5 -99.00 -99.0    .3
  2 1992 346  17800  22.9  32.5 -99.00 -99.0    .0
  2 1992 347  20700  23.2  33.0 -99.00 -99.0    .0
  2 1992 348  17600  22.8  32.5 -99.00 -99.0    .0
  2 1992 349  23000  22.1  33.2 -99.00 -99.0    .0
  2 1992 350  21600  22.0  33.5 -99.00 -99.0    .0
  2 1992 351  22200  22.8  32.7 -99.00 -99.0    .0
  2 1992 352  18800  21.5  32.1 -99.00 -99.0    .0
  2 1992 353  22400  23.7  32.7 -99.00 -99.0    .0
  2 1992 354  17800  22.1  32.6 -99.00 -99.0    .0
  2 1992 355  21600  23.6  31.8 -99.00 -99.0    .0
  2 1992 356  20500  22.6  32.5 -99.00 -99.0    .0
  2 1992 357   7300  23.0  30.6 -99.00 -99.0   2.8
  2 1992 358  23000  22.7  29.7 -99.00 -99.0   1.0
  2 1992 359  20500  22.6  31.1 -99.00 -99.0    .0
  2 1992 360  16700  23.8  33.3 -99.00 -99.0    .0
  2 1992 361  21800  23.1  32.6 -99.00 -99.0    .0
  2 1992 362  11900  24.0  32.4 -99.00 -99.0    .0
  2 1992 363  20900  23.3  32.2 -99.00 -99.0    .0
  2 1992 364  21300  22.8  33.0 -99.00 -99.0    .3
  2 1992 365  21800  22.9  32.9 -99.00 -99.0    .3
  2 1992 366  20300  22.8  33.6 -99.00 -99.0    .0


