*---------------------------------------------------------*
*   Country: Malaysia
*   Station: TLKC0064 Telok Chengai
*      Year: 1985
*    Source: CLICOM database
*    Author: Climate Unit, IRRI
* Longitude: 100 17 E
*  Latitude: 06 06 N
* Elevation: 1.0 m.
*  Comments: Solar radiation values are the same as 1979(?). -99.000: nil value
* NOTE: Reference for a & b
*      Hing, C.H. and Joo, T.L. (1983) Solar and net radiation in Peninsular
*      Malaysia. J. Climatology. 3:271-283.
*
*  Columns:
*  ========
*  station number
*  year
*  day
*  irradiation (kJ m-2 d-1)
*  minimum temperature (degrees Celsius)
*  maximum temperature (degrees Celsius)
*  vapour pressure (kPa)
*  mean wind speed (m s-1)
*  precipitation (mm d-1)
** WCCDESCRIPTION=Malaysia, Telok Chengai, daily weather (mald2.978...988)
** WCCFORMAT=2
** WCCYEARNR=1985
*-----------------------------------------------------------
100.28   6.10   1.0 -0.25 -0.42
  2 1985   1  20362  20.3  32.6   2.44 -99.0    .0
  2 1985   2  20838  21.1  32.3   2.69 -99.0    .0
  2 1985   3  17639  21.9  32.2   2.82 -99.0    .0
  2 1985   4  19726  21.5  32.9   2.80 -99.0    .0
  2 1985   5  20321  20.3  32.3   2.59 -99.0    .0
  2 1985   6  21841  20.3  32.6   2.61 -99.0    .0
  2 1985   7  21866  20.5  32.7   2.64 -99.0    .0
  2 1985   8  21892  20.7  32.7   2.62 -99.0    .0
  2 1985   9  17178  20.9  32.7   2.49 -99.0    .0
  2 1985  10  21022  22.4  32.2   2.60 -99.0    .0
  2 1985  11  22209  20.5  33.2   2.46 -99.0    .0
  2 1985  12  22009  20.6  34.0   2.53 -99.0    .0
  2 1985  13  22041  21.1  32.6   2.50 -99.0    .0
  2 1985  14  22075  20.3  32.7   2.13 -99.0    .0
  2 1985  15  22342  19.8  32.8   2.11 -99.0    .0
  2 1985  16  22379  19.6  33.1   2.01 -99.0    .0
  2 1985  17  21948  18.1  33.6   2.39 -99.0    .0
  2 1985  18  18941  21.6  33.0   2.75 -99.0    .0
  2 1985  19  21790  21.9  33.3   2.65 -99.0    .0
  2 1985  20  21477  21.2  34.0   2.42 -99.0    .0
  2 1985  21  21045  20.4  33.5   2.22 -99.0    .0
  2 1985  22  21085  19.9  34.0   2.51 -99.0   1.6
  2 1985  23  20653  20.1  34.6   2.68 -99.0  17.5
  2 1985  24  17498  22.2  34.0   3.03 -99.0   9.9
  2 1985  25  19668  21.5  33.8   2.88 -99.0  54.9
  2 1985  26  18520  22.1  33.1   3.06 -99.0    .0
  2 1985  27  21890  21.8  33.7   2.60 -99.0    .0
  2 1985  28  19312  23.0  33.2   2.53 -99.0    .0
  2 1985  29  19592  21.4  32.6   2.52 -99.0    .0
  2 1985  30  18437  22.5  32.6   2.53 -99.0    .0
  2 1985  31  20396  21.7  32.8   2.41 -99.0    .0
  2 1985  32  22122  21.0  33.1   2.38 -99.0    .0
  2 1985  33  14945  21.3  33.9   2.76 -99.0    .0
  2 1985  34  15944  21.8  33.4   2.87 -99.0   3.2
  2 1985  35  16222  22.0  33.5   3.08 -99.0    .0
  2 1985  36  19651  22.8  33.0   3.15 -99.0    .0
  2 1985  37  17995  22.5  32.9   3.23 -99.0   8.9
  2 1985  38  21686  23.0  33.2   3.11 -99.0    .0
  2 1985  39  22343  23.4  33.3   3.08 -99.0    .0
  2 1985  40  21904  22.8  32.5   2.95 -99.0    .0
  2 1985  41  22565  21.7  33.7   2.89 -99.0  36.3
  2 1985  42  15747  23.0  31.1   3.21 -99.0   6.1
  2 1985  43  17626  23.1  31.4   3.32 -99.0  12.0
  2 1985  44  17543  22.5  32.3   3.24 -99.0    .0
  2 1985  45  19064  23.1  32.7   2.96 -99.0    .0
  2 1985  46  19601  22.9  33.8   2.92 -99.0    .9
  2 1985  47  13697  23.8  31.4   3.28 -99.0    .4
  2 1985  48  21425  23.3  33.7   3.07 -99.0    .0
  2 1985  49  23461  22.6  33.6   2.92 -99.0    .0
  2 1985  50  23262  22.1  33.7   2.96 -99.0    .0
  2 1985  51  20065  22.7  33.6   3.08 -99.0    .0
  2 1985  52  21859  22.9  33.8   3.08 -99.0    .0
  2 1985  53  21403  22.6  33.9   3.06 -99.0    .0
  2 1985  54  14918  22.3  33.5   3.11 -99.0   2.5
  2 1985  55  14572  22.0  32.1   3.07 -99.0  27.4
  2 1985  56  21282  22.3  34.5   3.09 -99.0    .0
  2 1985  57  20819  23.2  32.7   3.08 -99.0    .0
  2 1985  58  22125  23.6  33.4   3.18 -99.0    .0
  2 1985  59  18113  23.0  31.6   3.00 -99.0    .0
  2 1985  60  20179  23.7  32.1   3.19 -99.0  14.0
  2 1985  61  20216  22.5  30.9   3.15 -99.0   3.9
  2 1985  62  22290  22.6  30.0   2.97 -99.0    .0
  2 1985  63  13660  23.6  31.7   3.03 -99.0    .0
  2 1985  64  16495  22.9  32.6   3.20 -99.0  12.1
  2 1985  65  20361  23.2  32.0   3.13 -99.0  17.8
  2 1985  66  19370  23.6  31.7   3.22 -99.0  48.4
  2 1985  67  10554  23.5  32.2   3.25 -99.0    .3
  2 1985  68  11986  23.5  30.8   3.01 -99.0    .2
  2 1985  69  19464  24.1  32.9   3.03 -99.0   8.4
  2 1985  70  21554  24.5  33.0   2.99 -99.0    .2
  2 1985  71  24421  23.2  34.1   2.78 -99.0    .0
  2 1985  72  22132  23.0  33.0   2.82 -99.0    .0
  2 1985  73  19319  23.7  31.7   3.00 -99.0  64.0
  2 1985  74  14560  23.6  31.1   3.01 -99.0   9.5
  2 1985  75  14450  24.1  31.3   2.89 -99.0   8.2
  2 1985  76  23023  23.8  33.1   2.82 -99.0    .0
  2 1985  77  22012  22.8  33.4   2.84 -99.0    .0
  2 1985  78  24894  23.3  32.4   2.95 -99.0    .3
  2 1985  79  22840  24.2  33.7   3.11 -99.0    .0
  2 1985  80  22864  23.4  33.6   2.99 -99.0    .5
  2 1985  81  24187  24.0  34.1   2.96 -99.0    .0
  2 1985  82  24730  22.6  33.6   2.84 -99.0    .0
  2 1985  83  23317  23.2  33.7   3.17 -99.0  11.7
  2 1985  84  20728  23.4  33.1   3.25 -99.0    .2
  2 1985  85  23484  23.5  32.7   3.19 -99.0    .2
  2 1985  86  24154  24.5  32.2   3.16 -99.0    .0
  2 1985  87  21950  24.3  32.2   3.33 -99.0    .0
  2 1985  88  20134  23.9  32.2   3.29 -99.0    .0
  2 1985  89  22107  24.4  33.3   3.25 -99.0  33.1
  2 1985  90  14929  24.6  32.7   3.05 -99.0    .0
  2 1985  91  23567  24.0  33.9   2.95 -99.0    .0
  2 1985  92  23576  24.0  33.6   2.88 -99.0    .0
  2 1985  93  24108  24.1  33.3   3.02 -99.0    .0
  2 1985  94  24900  24.0  33.7   2.85 -99.0    .0
  2 1985  95  24122  24.4  32.5   3.13 -99.0    .0
  2 1985  96  23865  24.3  33.0   3.17 -99.0    .0
  2 1985  97  24392  24.5  32.6   3.23 -99.0   4.0
  2 1985  98  25442  24.3  32.3   3.15 -99.0    .0
  2 1985  99  18643  25.0  31.1   3.14 -99.0   2.7
  2 1985 100  23875  25.5  31.7   3.24 -99.0    .0
  2 1985 101  23613  25.0  32.0   3.18 -99.0   8.5
  2 1985 102  21259  24.3  31.1   3.15 -99.0    .0
  2 1985 103  25177  25.4  32.3   3.13 -99.0    .0
  2 1985 104  21777  25.7  31.5   3.28 -99.0  22.5
  2 1985 105  21774  24.4  31.5   3.12 -99.0    .3
  2 1985 106  23074  23.8  31.8   3.21 -99.0   6.6
  2 1985 107  18894  24.3  31.6   3.20 -99.0    .3
  2 1985 108  11850  23.0  27.2   2.96 -99.0  29.0
  2 1985 109  25008  22.7  31.0   2.93 -99.0    .0
  2 1985 110  23566  24.2  32.2   3.17 -99.0    .0
  2 1985 111  18611  25.7  31.6   3.45 -99.0  12.3
  2 1985 112  13662  24.2  31.7   3.39 -99.0  17.5
  2 1985 113  18336  24.6  31.2   3.26 -99.0   4.4
  2 1985 114  18588  23.9  31.3   3.13 -99.0    .0
  2 1985 115  18839  25.0  31.0   3.17 -99.0   1.2
  2 1985 116  21682  25.1  32.0   3.31 -99.0    .0
  2 1985 117  22966  25.2  31.7   3.21 -99.0    .0
  2 1985 118  15959  25.4  32.1   3.35 -99.0    .2
  2 1985 119  16468  25.5  32.0   3.39 -99.0   5.2
  2 1985 120  12322  22.7  30.6   3.10 -99.0   7.2
  2 1985 121  19548  24.1  32.2   3.31 -99.0    .3
  2 1985 122  22116  24.5  31.4   3.20 -99.0    .0
  2 1985 123  23390  25.1  31.7   3.16 -99.0   4.1
  2 1985 124  21827  24.6  32.0   3.15 -99.0   2.0
  2 1985 125  23870  25.3  32.1   3.22 -99.0    .0
  2 1985 126  24494  24.6  31.4   3.17 -99.0    .3
  2 1985 127  25888  24.5  32.2   3.19 -99.0    .2
  2 1985 128  23300  24.6  32.4   3.38 -99.0    .0
  2 1985 129  21230  24.1  32.2   3.31 -99.0   1.0
  2 1985 130  24031  23.9  32.7   3.22 -99.0    .2
  2 1985 131  16078  24.8  31.2   3.40 -99.0    .0
  2 1985 132  17600  24.2  32.3   3.33 -99.0    .0
  2 1985 133  22183  24.9  31.3   3.26 -99.0    .7
  2 1985 134  20889  23.6  31.0   3.08 -99.0    .0
  2 1985 135  18833  24.8  30.7   3.23 -99.0    .0
  2 1985 136  20091  24.6  32.2   3.28 -99.0    .0
  2 1985 137  16259  24.4  31.8   3.38 -99.0    .6
  2 1985 138  22346  23.6  33.1   3.35 -99.0  29.5
  2 1985 139  15091  24.3  31.7   3.40 -99.0    .9
  2 1985 140  15587  24.5  31.7   3.26 -99.0   6.1
  2 1985 141  13928  24.8  30.2   3.15 -99.0    .0
  2 1985 142  18476  24.8  30.9   3.22 -99.0   5.9
  2 1985 143  18462  23.4  32.0   3.23 -99.0    .0
  2 1985 144  19080  26.0  31.3   3.37 -99.0   2.1
  2 1985 145  17425  25.1  31.2   3.27 -99.0   9.1
  2 1985 146  12997  23.9  29.9   3.01 -99.0   8.4
  2 1985 147  17904  25.2  31.8   3.34 -99.0    .2
  2 1985 148  19403  25.7  32.3   3.48 -99.0    .0
  2 1985 149  21656  25.6  33.6   3.39 -99.0   2.4
  2 1985 150  23401  24.8  32.2   3.30 -99.0   6.0
  2 1985 151  22130  23.8  31.7   3.20 -99.0   6.5
  2 1985 152  17595  24.7  32.6   3.25 -99.0    .0
  2 1985 153  24988  25.6  33.3   3.45 -99.0   1.8
  2 1985 154  20083  23.6  31.8   3.26 -99.0    .0
  2 1985 155  16563  24.6  32.6   3.44 -99.0  29.9
  2 1985 156  21188  23.5  32.9   3.17 -99.0    .0
  2 1985 157  17548  24.5  31.4   3.27 -99.0    .0
  2 1985 158  19917  24.5  32.0   3.25 -99.0    .0
  2 1985 159  17532  24.8  32.0   3.32 -99.0    .0
  2 1985 160  21149  25.3  31.1   3.13 -99.0    .0
  2 1985 161  20266  24.4  32.1   3.25 -99.0   1.0
  2 1985 162  24754  24.0  31.5   3.16 -99.0    .0
  2 1985 163  22624  25.7  31.3   3.30 -99.0    .0
  2 1985 164  18874  24.3  31.1   3.23 -99.0   1.6
  2 1985 165  16749  24.2  30.9   3.23 -99.0    .0
  2 1985 166  14750  24.1  30.8   3.25 -99.0  28.5
  2 1985 167  17739  24.4  31.6   3.40 -99.0  40.0
  2 1985 168  14495  24.6  30.6   3.36 -99.0  31.1
  2 1985 169  11253  23.3  29.0   3.15 -99.0  19.0
  2 1985 170  17358  23.0  31.2   3.22 -99.0    .0
  2 1985 171  21718  24.7  31.3   3.28 -99.0    .0
  2 1985 172  22340  24.0  31.4   3.11 -99.0    .0
  2 1985 173  25082  22.6  31.6   2.82 -99.0    .0
  2 1985 174  24335  21.7  32.0   2.85 -99.0    .0
  2 1985 175  22966  22.8  32.0   3.06 -99.0    .0
  2 1985 176  22719  24.2  32.0   3.26 -99.0    .0
  2 1985 177  22597  24.5  31.8   3.23 -99.0    .0
  2 1985 178  24471  24.0  31.4   3.15 -99.0    .0
  2 1985 179  24850  23.6  31.4   3.11 -99.0    .0
  2 1985 180  21488  23.0  31.6   3.11 -99.0    .0
  2 1985 181  17502  23.3  31.6   3.14 -99.0    .0
  2 1985 182  24496  22.7  31.0   2.89 -99.0    .0
  2 1985 183  24255  23.3  31.0   3.01 -99.0    .0
  2 1985 184  21765  23.0  31.9   3.10 -99.0    .0
  2 1985 185  22899  23.1  31.6   3.05 -99.0    .0
  2 1985 186  23784  23.7  31.6   3.14 -99.0    .0
  2 1985 187  23669  23.6  31.6   3.13 -99.0    .0
  2 1985 188  20302  23.0  31.7   3.31 -99.0  35.0
  2 1985 189  14050  23.0  31.9   3.36 -99.0  20.0
  2 1985 190  11049  22.5  29.9   2.88 -99.0    .2
  2 1985 191  19581  22.8  31.1   3.01 -99.0  12.8
  2 1985 192  19091  22.5  31.4   3.05 -99.0    .0
  2 1985 193  21111  23.2  32.0   3.13 -99.0    .0
  2 1985 194  15344  22.7  29.9   3.04 -99.0   2.4
  2 1985 195  22521  22.3  31.6   2.98 -99.0    .0
  2 1985 196  24172  22.9  32.0   3.03 -99.0    .0
  2 1985 197  17262  23.2  31.0   3.08 -99.0    .0
  2 1985 198  21434  23.6  31.6   3.09 -99.0    .0
  2 1985 199  23342  23.7  31.4   3.09 -99.0    .0
  2 1985 200  21465  24.0  31.8   3.15 -99.0   1.7
  2 1985 201  16426  23.4  30.1   3.09 -99.0   2.0
  2 1985 202  23016  21.8  32.0   2.90 -99.0    .0
  2 1985 203  13159  23.4  30.0   3.18 -99.0  32.3
  2 1985 204  13041  21.6  30.6   3.10 -99.0  27.4
  2 1985 205  17870  22.1  29.6   2.92 -99.0    .0
  2 1985 206  24740  22.2  31.2   2.93 -99.0    .3
  2 1985 207  21330  23.6  31.2   3.13 -99.0    .3
  2 1985 208  24145  23.2  30.6   3.01 -99.0    .0
  2 1985 209  22383  23.1  32.1   3.13 -99.0  14.7
  2 1985 210  17303  22.7  31.4   3.28 -99.0    .2
  2 1985 211  18593  22.8  31.7   3.18 -99.0    .0
  2 1985 212  24482  23.0  32.5   3.12 -99.0    .0
  2 1985 213  24886  23.8  32.2   3.17 -99.0    .2
  2 1985 214  25291  24.1  32.2   3.16 -99.0    .0
  2 1985 215  25055  23.4  32.5   3.08 -99.0   5.7
  2 1985 216  21743  22.7  31.6   2.94 -99.0    .0
  2 1985 217  23300  23.6  32.2   3.15 -99.0    .0
  2 1985 218  21392  24.6  32.7   3.21 -99.0    .0
  2 1985 219  18322  23.1  32.0   3.16 -99.0   5.5
  2 1985 220  10871  21.6  26.1   2.80 -99.0 111.3
  2 1985 221  10877  22.3  25.5   2.87 -99.0 150.2
  2 1985 222  21456  22.3  30.3   3.00 -99.0    .0
  2 1985 223  19793  23.8  30.6   3.06 -99.0    .0
  2 1985 224  22132  23.6  29.9   2.98 -99.0    .0
  2 1985 225  12322  24.3  30.1   3.10 -99.0    .0
  2 1985 226  15950  23.0  31.3   3.27 -99.0   6.2
  2 1985 227  21139  22.5  30.6   2.94 -99.0    .0
  2 1985 228  24262  23.5  32.6   3.02 -99.0    .0
  2 1985 229  13122  23.8  30.2   2.95 -99.0    .2
  2 1985 230  25198  23.6  31.8   3.11 -99.0   1.1
  2 1985 231  20666  24.0  30.6   3.11 -99.0    .0
  2 1985 232  18076  24.0  32.0   3.21 -99.0    .4
  2 1985 233  21986  24.6  31.8   3.24 -99.0    .0
  2 1985 234  18351  25.2  32.2   3.34 -99.0    .0
  2 1985 235  22785  25.3  32.1   3.22 -99.0  26.3
  2 1985 236  14193  23.5  31.4   3.22 -99.0    .2
  2 1985 237  19411  24.3  31.5   3.19 -99.0    .0
  2 1985 238  24112  24.4  30.9   3.07 -99.0    .0
  2 1985 239  13548  24.5  29.8   3.20 -99.0  16.1
  2 1985 240  25951  23.6  31.5   3.05 -99.0    .0
  2 1985 241  23867  24.5  31.8   3.16 -99.0  16.6
  2 1985 242  25177  24.4  31.7   3.14 -99.0    .0
  2 1985 243  12372  23.8  32.2   3.36 -99.0   3.3
  2 1985 244  20998  23.0  31.5   3.03 -99.0    .0
  2 1985 245  22567  23.6  31.4   3.08 -99.0    .0
  2 1985 246  21258  24.0  30.9   3.07 -99.0    .0
  2 1985 247  11577  22.7  27.8   3.05 -99.0  58.2
  2 1985 248  16021  22.5  30.7   2.95 -99.0    .0
  2 1985 249  16932  24.1  30.2   3.01 -99.0    .0
  2 1985 250  23598  23.5  31.4   3.03 -99.0    .0
  2 1985 251  23331  24.8  31.2   3.17 -99.0    .0
  2 1985 252  17307  24.7  30.1   3.06 -99.0    .0
  2 1985 253  19392  24.2  31.7   3.31 -99.0  21.1
  2 1985 254  12584  22.4  28.5   3.05 -99.0  27.7
  2 1985 255  14929  22.2  28.7   2.99 -99.0   5.3
  2 1985 256  22237  22.2  30.3   2.96 -99.0    .0
  2 1985 257  19351  23.0  30.3   3.00 -99.0    .3
  2 1985 258  20121  24.3  29.0   3.00 -99.0   2.7
  2 1985 259  10840  23.8  29.0   3.23 -99.0    .0
  2 1985 260  14874  25.0  29.2   3.19 -99.0    .8
  2 1985 261  14078  24.8  30.1   3.14 -99.0   2.4
  2 1985 262  10807  22.5  30.8   3.21 -99.0  20.1
  2 1985 263  20562  23.8  29.2   2.90 -99.0    .2
  2 1985 264  20413  24.5  31.2   3.22 -99.0   3.1
  2 1985 265  23904  23.5  31.3   3.13 -99.0   3.1
  2 1985 266  21801  23.8  29.8   3.02 -99.0    .5
  2 1985 267  18531  24.0  30.3   3.23 -99.0   8.0
  2 1985 268  15267  23.9  31.1   3.41 -99.0  44.8
  2 1985 269  14599  23.1  29.6   3.15 -99.0   8.4
  2 1985 270  17946  23.9  29.2   3.12 -99.0  14.3
  2 1985 271  17923  23.3  29.8   3.05 -99.0   9.8
  2 1985 272  16477  23.7  29.6   3.03 -99.0    .0
  2 1985 273  21228  24.5  31.4   3.20 -99.0  57.6
  2 1985 274  19523  23.2  29.5   2.94 -99.0   1.8
  2 1985 275  20266  24.3  30.0   3.09 -99.0  19.4
  2 1985 276  13035  22.8  27.8   2.99 -99.0  60.3
  2 1985 277  10573  22.3  26.0   2.79 -99.0  26.1
  2 1985 278  19531  22.6  30.1   2.91 -99.0    .0
  2 1985 279  19882  24.1  29.9   3.13 -99.0    .8
  2 1985 280  23174  24.2  30.2   3.06 -99.0  25.9
  2 1985 281  20581  23.4  30.6   2.99 -99.0    .9
  2 1985 282  15445  25.0  29.2   3.11 -99.0  27.1
  2 1985 283  10961  22.8  26.9   2.98 -99.0   6.5
  2 1985 284  10557  23.4  28.9   3.22 -99.0  13.3
  2 1985 285  10408  22.7  28.2   3.09 -99.0  26.0
  2 1985 286  10513  24.1  29.8   3.37 -99.0   2.5
  2 1985 287  19595  24.3  31.8   3.18 -99.0    .0
  2 1985 288  22965  24.3  32.1   3.21 -99.0    .0
  2 1985 289  19014  24.6  30.3   3.18 -99.0   8.9
  2 1985 290  17465  24.2  29.8   3.10 -99.0   3.4
  2 1985 291  23833  24.8  30.9   3.18 -99.0    .3
  2 1985 292  19774  24.8  21.9   2.37 -99.0    .0
  2 1985 293  19607  24.4  21.8   2.39 -99.0    .0
  2 1985 294  15570  23.2  30.7   3.16 -99.0   8.0
  2 1985 295  17779  23.9  30.3   3.19 -99.0   1.0
  2 1985 296  11770  23.7  30.6   3.34 -99.0   6.8
  2 1985 297  19687  23.4  30.7   3.18 -99.0    .0
  2 1985 298  15679  24.5  31.0   3.42 -99.0   2.1
  2 1985 299  22939  23.0  31.7   3.05 -99.0    .0
  2 1985 300  15238  24.4  30.1   3.18 -99.0    .0
  2 1985 301  19760  23.7  31.3   3.15 -99.0    .3
  2 1985 302  20453  23.6  31.7   3.14 -99.0  37.3
  2 1985 303  15256  23.5  31.1   3.30 -99.0   6.6
  2 1985 304  18893  23.2  31.6   3.24 -99.0  18.6
  2 1985 305  18362  23.3  30.9   3.08 -99.0    .0
  2 1985 306  15395  23.6  31.6   3.17 -99.0   2.5
  2 1985 307  18888  23.6  31.6   2.98 -99.0    .0
  2 1985 308  22123  23.6  32.7   2.96 -99.0    .0
  2 1985 309  13593  24.6  31.6   3.38 -99.0  10.5
  2 1985 310  18156  23.6  31.0   3.26 -99.0   7.2
  2 1985 311  14013  23.0  30.5   3.23 -99.0  45.6
  2 1985 312  18437  23.9  29.8   3.03 -99.0    .0
  2 1985 313  19118  24.1  33.4   3.43 -99.0  40.5
  2 1985 314  18237  24.0  30.1   3.28 -99.0   5.0
  2 1985 315  15683  24.2  29.9   3.28 -99.0   2.9
  2 1985 316  18039  23.5  32.0   3.20 -99.0    .0
  2 1985 317  12396  24.2  30.4   3.33 -99.0  30.8
  2 1985 318  18082  23.4  32.7   3.29 -99.0  23.3
  2 1985 319  15194  23.6  32.7   3.27 -99.0  15.9
  2 1985 320  12080  23.3  30.6   3.12 -99.0    .3
  2 1985 321  13001  23.3  30.0   3.00 -99.0    .0
  2 1985 322  14865  23.6  31.6   3.21 -99.0   8.6
  2 1985 323  11298  23.5  29.0   3.24 -99.0  66.6
  2 1985 324  15278  22.6  29.2   3.00 -99.0   2.0
  2 1985 325  18656  23.1  30.2   3.07 -99.0    .3
  2 1985 326  20382  22.6  30.0   3.00 -99.0   2.5
  2 1985 327  18941  23.0  30.8   3.15 -99.0    .0
  2 1985 328  16452  23.1  30.9   3.17 -99.0   4.4
  2 1985 329  18643  23.1  31.7   3.13 -99.0   1.6
  2 1985 330  16747  24.2  30.4   3.26 -99.0    .3
  2 1985 331  17186  23.6  32.2   3.26 -99.0  39.6
  2 1985 332  17973  23.3  31.0   3.20 -99.0    .6
  2 1985 333  13651  24.0  31.4   3.41 -99.0  10.8
  2 1985 334  15486  23.8  32.1   3.39 -99.0  22.9
  2 1985 335  14538  23.4  31.6   3.11 -99.0   3.9
  2 1985 336  11975  23.5  29.3   2.88 -99.0    .0
  2 1985 337  13807  23.7  30.4   2.96 -99.0    .0
  2 1985 338  18405  23.6  32.7   3.16 -99.0   2.9
  2 1985 339  19306  23.5  32.4   3.16 -99.0    .0
  2 1985 340  16407  24.0  31.4   3.19 -99.0   4.7
  2 1985 341  15815  23.9  33.4   3.41 -99.0   4.1
  2 1985 342  21316  23.0  32.9   3.01 -99.0    .0
  2 1985 343  20838  23.0  32.5   3.12 -99.0    .0
  2 1985 344  20133  23.3  33.5   3.28 -99.0    .0
  2 1985 345  18283  23.3  31.8   3.09 -99.0    .0
  2 1985 346  10135  23.2  29.5   3.08 -99.0    .0
  2 1985 347   9556  22.5  27.5   2.81 -99.0    .0
  2 1985 348   9780  22.9  29.4   3.05 -99.0   1.8
  2 1985 349  18470  22.6  30.4   2.90 -99.0    .0
  2 1985 350  16862  22.9  32.5   2.96 -99.0    .0
  2 1985 351  17085  22.6  33.5   2.95 -99.0    .0
  2 1985 352  21196  23.0  32.4   3.00 -99.0    .0
  2 1985 353  20278  22.1  31.1   2.71 -99.0    .0
  2 1985 354  14562  21.8  31.3   2.91 -99.0    .0
  2 1985 355  21189  20.1  33.3   2.72 -99.0    .0
  2 1985 356  19590  21.9  32.3   2.79 -99.0    .0
  2 1985 357  19592  21.6  30.6   2.35 -99.0    .0
  2 1985 358  20510  22.1  30.6   2.46 -99.0    .0
  2 1985 359  17314  22.0  30.2   2.49 -99.0    .0
  2 1985 360  20064  20.2  30.5   2.51 -99.0    .0
  2 1985 361  21216  20.0  31.5   2.51 -99.0    .0
  2 1985 362  17334  21.3  31.3   2.66 -99.0    .0
  2 1985 363  21581  21.0  31.6   2.52 -99.0    .0
  2 1985 364  21250  20.0  31.5   2.51 -99.0    .0
  2 1985 365  20233  20.1  31.7   2.63 -99.0    .0


