*---------------------------------------------------------*
*   Country: Malaysia
*   Station: TLKC0064 Telok Chengai
*      Year: 1982
*    Source: CLICOM database
*    Author: Climate Unit, IRRI
* Longitude: 100 17 E
*  Latitude: 06 06 N
* Elevation: 1.0 m.
*  Comments: Solar radiation values are the same as 1979(?). -99.000: nil value
* NOTE: Reference for a & b
*       Hing, C.H. and Joo, T.L. (1983) Solar and net radiation in Peninsular
*      Malaysia. J. Climatology. 3:271-283.
*
*  Columns:
*  ========
*  station number
*  year
*  day
*  irradiation (kJ m-2 d-1)
*  minimum temperature (degrees Celsius)
*  maximum temperature (degrees Celsius)
*  vapour pressure (kPa)
*  mean wind speed (m s-1)
*  precipitation (mm d-1)
** WCCDESCRIPTION=Malaysia, Telok Chengai, daily weather (mald2.978...988)
** WCCFORMAT=2
** WCCYEARNR=1982
*-----------------------------------------------------------
100.28   6.10   1.0 -0.25 -0.42
  2 1982   1  21739  20.7  32.6   2.57 -99.0    .0
  2 1982   2  20838  22.0  32.3   2.65 -99.0    .0
  2 1982   3  21546  21.4  33.5   2.66 -99.0    .0
  2 1982   4  20646  21.9  33.2   2.75 -99.0    .0
  2 1982   5  21358  21.7  32.8   2.63 -99.0    .0
  2 1982   6  19882  21.8  32.3   2.53 -99.0    .0
  2 1982   7  19559  21.3  32.0   2.54 -99.0    .0
  2 1982   8  21661  21.0  32.5   2.38 -99.0    .0
  2 1982   9  20185  21.1  31.9   2.41 -99.0    .0
  2 1982  10  21253  20.1  31.9   2.51 -99.0    .0
  2 1982  11  18964  19.7  31.0   2.61 -99.0    .0
  2 1982  12  20152  21.3  30.6   2.67 -99.0    .0
  2 1982  13  19368  21.6  30.8   2.68 -99.0    .0
  2 1982  14  17186  21.8  30.3   2.62 -99.0    .0
  2 1982  15  19778  22.0  32.6   2.78 -99.0    .0
  2 1982  16  22145  21.1  32.6   2.57 -99.0    .0
  2 1982  17  20545  20.0  32.5   2.34 -99.0    .0
  2 1982  18  20346  20.0  32.7   2.29 -99.0    .0
  2 1982  19  22494  19.2  33.2   2.23 -99.0    .0
  2 1982  20  22064  19.2  32.5   2.45 -99.0    .0
  2 1982  21  21634  20.2  32.9   2.59 -99.0    .0
  2 1982  22  21675  20.8  31.9   2.56 -99.0    .0
  2 1982  23  21126  21.0  31.7   2.49 -99.0    .0
  2 1982  24  21048  21.3  33.0   2.61 -99.0    .0
  2 1982  25  22632  22.0  33.1   2.49 -99.0    .0
  2 1982  26  22558  22.3  33.2   2.52 -99.0    .0
  2 1982  27  22723  20.7  33.2   2.37 -99.0    .0
  2 1982  28  20505  20.9  32.7   2.38 -99.0    .0
  2 1982  29  22818  21.3  33.7   2.56 -99.0    .0
  2 1982  30  22866  21.9  34.4   2.54 -99.0    .0
  2 1982  31  20156  21.7  34.3   2.52 -99.0    .0
  2 1982  32  19719  22.0  34.9   2.66 -99.0    .0
  2 1982  33  20244  22.3  34.7   2.67 -99.0    .0
  2 1982  34  22098  22.4  33.7   2.64 -99.0    .0
  2 1982  35  21300  21.8  34.6   2.74 -99.0    .0
  2 1982  36  20984  21.2  34.4   2.75 -99.0    .0
  2 1982  37  22123  21.5  33.6   2.71 -99.0    .0
  2 1982  38  22415  21.1  32.9   2.77 -99.0    .0
  2 1982  39  22221  21.5  32.6   2.74 -99.0    .0
  2 1982  40  21782  21.9  33.2   2.79 -99.0    .0
  2 1982  41  21831  21.5  33.8   2.65 -99.0    .0
  2 1982  42  21879  21.9  33.6   2.75 -99.0    .0
  2 1982  43  22174  21.6  34.6   2.73 -99.0    .0
  2 1982  44  19390  21.8  33.0   2.69 -99.0    .0
  2 1982  45  20791  21.4  34.9   2.77 -99.0    .0
  2 1982  46  18611  21.8  34.3   2.53 -99.0    .0
  2 1982  47  21502  21.0  34.2   2.31 -99.0    .0
  2 1982  48  23163  20.9  34.6   2.37 -99.0    .0
  2 1982  49  23213  21.4  34.5   2.78 -99.0    .0
  2 1982  50  22764  21.1  34.7   2.88 -99.0    .0
  2 1982  51  23811  21.6  34.9   2.71 -99.0    .0
  2 1982  52  21108  22.0  34.3   2.81 -99.0    .0
  2 1982  53  19398  22.6  32.5   3.05 -99.0   1.1
  2 1982  54  23707  23.2  32.3   3.05 -99.0    .0
  2 1982  55  21742  22.9  33.0   2.93 -99.0    .0
  2 1982  56  22290  22.0  33.7   2.69 -99.0    .0
  2 1982  57  20945  22.3  35.2   3.07 -99.0   6.8
  2 1982  58  20101  24.0  35.2   3.31 -99.0    .5
  2 1982  59  22800  23.3  34.6   3.23 -99.0    .0
  2 1982  60  20179  23.4  33.8   3.20 -99.0    .5
  2 1982  61  24156  23.0  35.3   2.98 -99.0    .0
  2 1982  62  23945  21.5  34.9   2.70 -99.0    .0
  2 1982  63  24370  21.9  35.9   2.94 -99.0    .0
  2 1982  64  22496  22.6  33.9   2.87 -99.0    .0
  2 1982  65  16013  21.4  32.1   2.80 -99.0    .0
  2 1982  66  19498  21.8  31.9   2.85 -99.0    .2
  2 1982  67  22352  22.3  32.3   2.93 -99.0   1.5
  2 1982  68  17764  22.9  33.6   3.18 -99.0    .0
  2 1982  69  20364  23.2  34.5   3.25 -99.0    .2
  2 1982  70  21940  23.7  33.1   3.24 -99.0    .0
  2 1982  71  24163  22.7  36.1   2.77 -99.0    .0
  2 1982  72  24326  22.4  35.9   2.90 -99.0    .0
  2 1982  73  23841  22.4  36.9   2.86 -99.0    .0
  2 1982  74  24260  22.2  34.7   2.90 -99.0    .0
  2 1982  75  23643  22.0  36.1   2.68 -99.0    .0
  2 1982  76  23153  22.7  34.8   3.03 -99.0   4.1
  2 1982  77  23958  23.7  32.9   3.07 -99.0    .2
  2 1982  78  22037  24.1  34.1   3.26 -99.0  22.6
  2 1982  79  24530  23.0  35.3   3.10 -99.0    .0
  2 1982  80  24164  22.4  34.8   3.04 -99.0    .0
  2 1982  81  24708  22.9  35.2   3.04 -99.0    .0
  2 1982  82  21083  23.3  34.3   3.12 -99.0    .0
  2 1982  83  16541  24.2  32.3   3.25 -99.0    .0
  2 1982  84  23727  24.0  33.1   3.15 -99.0    .0
  2 1982  85  21919  24.6  32.8   3.18 -99.0    .0
  2 1982  86  19846  23.7  33.3   2.99 -99.0    .0
  2 1982  87  21950  23.2  33.7   3.06 -99.0    .0
  2 1982  88  20004  23.1  32.9   3.17 -99.0    .2
  2 1982  89  14658  23.3  30.4   3.03 -99.0    .0
  2 1982  90  24602  23.0  33.8   3.13 -99.0    .0
  2 1982  91  22259  22.6  31.6   3.00 -99.0    .0
  2 1982  92  24753  22.9  33.4   3.08 -99.0   4.0
  2 1982  93  19138  24.4  33.0   3.38 -99.0    .0
  2 1982  94  18622  23.4  32.3   3.22 -99.0   1.1
  2 1982  95  21244  24.4  33.1   3.27 -99.0   1.7
  2 1982  96  21511  23.4  32.3   3.25 -99.0  26.1
  2 1982  97  24654  22.6  32.5   3.05 -99.0    .0
  2 1982  98  21256  23.6  32.6   3.34 -99.0   9.0
  2 1982  99  20866  22.8  33.9   3.47 -99.0  35.0
  2 1982 100  22829  22.9  32.7   3.13 -99.0    .2
  2 1982 101  24920  24.1  34.7   3.11 -99.0    .0
  2 1982 102  24657  24.6  35.5   3.18 -99.0    .0
  2 1982 103  24393  24.3  36.5   3.42 -99.0   8.5
  2 1982 104  20471  24.1  32.3   3.40 -99.0   5.1
  2 1982 105  23210  23.8  34.4   3.34 -99.0   7.6
  2 1982 106  20203  24.0  33.3   3.37 -99.0   1.3
  2 1982 107  23590  24.0  32.3   3.23 -99.0    .0
  2 1982 108  18890  24.4  32.7   3.43 -99.0    .0
  2 1982 109  15496  24.9  31.9   3.40 -99.0   3.1
  2 1982 110  20311  23.4  33.3   3.35 -99.0    .8
  2 1982 111  21865  24.3  32.4   3.19 -99.0    .0
  2 1982 112  20685  24.9  32.2   3.43 -99.0  15.0
  2 1982 113  25095  24.4  32.3   3.27 -99.0   1.3
  2 1982 114  23524  24.7  32.8   3.27 -99.0    .5
  2 1982 115  24290  25.0  32.7   3.29 -99.0    .2
  2 1982 116  24276  24.7  32.8   3.31 -99.0    .0
  2 1982 117  19985  24.5  32.3   3.24 -99.0    .0
  2 1982 118  20103  24.9  31.7   3.38 -99.0    .0
  2 1982 119  20608  24.9  31.5   3.32 -99.0    .0
  2 1982 120  23181  24.5  32.2   3.39 -99.0    .4
  2 1982 121  25490  24.0  32.3   3.20 -99.0  84.5
  2 1982 122  24052  23.9  31.5   3.19 -99.0    .0
  2 1982 123  24679  25.0  31.8   3.28 -99.0   3.0
  2 1982 124  20023  25.5  32.2   3.41 -99.0    .5
  2 1982 125  20266  25.8  32.3   3.49 -99.0   1.3
  2 1982 126  20251  25.3  31.8   3.35 -99.0   3.3
  2 1982 127  22034  24.8  29.8   3.11 -99.0    .0
  2 1982 128  25610  23.9  31.6   3.08 -99.0    .0
  2 1982 129  23666  24.3  30.8   3.12 -99.0    .0
  2 1982 130  24927  24.9  31.3   3.22 -99.0  70.5
  2 1982 131  25546  23.5  31.0   3.03 -99.0    .3
  2 1982 132  25525  24.4  31.3   3.14 -99.0   3.2
  2 1982 133  25248  24.2  31.5   3.10 -99.0    .5
  2 1982 134  22675  24.4  31.5   3.16 -99.0    .0
  2 1982 135  19088  24.3  30.9   3.13 -99.0    .0
  2 1982 136  16781  24.3  32.1   3.28 -99.0  60.6
  2 1982 137  20202  24.2  32.9   3.39 -99.0   5.3
  2 1982 138  21330  24.4  32.0   3.28 -99.0  98.5
  2 1982 139  16234  23.5  30.5   3.13 -99.0    .5
  2 1982 140  21549  24.3  31.3   3.21 -99.0  12.0
  2 1982 141  18364  25.0  31.6   3.38 -99.0    .0
  2 1982 142  14678  25.0  31.3   3.47 -99.0  78.5
  2 1982 143  15426  24.5  29.9   3.24 -99.0   2.1
  2 1982 144  12130  24.8  30.3   3.20 -99.0    .0
  2 1982 145  15910  25.0  30.7   3.25 -99.0    .4
  2 1982 146  19809  25.6  32.5   3.53 -99.0    .0
  2 1982 147  18661  24.9  32.7   3.52 -99.0  17.0
  2 1982 148  16381  25.1  30.9   3.44 -99.0   4.9
  2 1982 149  18887  24.4  31.9   3.31 -99.0  22.7
  2 1982 150  20635  23.4  31.9   3.14 -99.0    .4
  2 1982 151  24140  24.2  32.3   3.14 -99.0   8.1
  2 1982 152  15712  24.6  31.7   3.31 -99.0    .0
  2 1982 153  24361  24.9  32.5   3.22 -99.0   5.0
  2 1982 154  20208  23.8  32.3   3.14 -99.0  17.0
  2 1982 155  21074  23.6  31.0   2.97 -99.0  22.2
  2 1982 156  15803  23.6  31.3   3.22 -99.0   5.5
  2 1982 157  24307  24.1  32.3   3.21 -99.0    .5
  2 1982 158  22669  25.2  32.6   3.34 -99.0    .9
  2 1982 159  21283  25.3  32.2   3.31 -99.0    .0
  2 1982 160  20774  25.7  32.6   3.39 -99.0    .0
  2 1982 161  10648  25.8  30.9   3.62 -99.0    .8
  2 1982 162  14141  24.4  30.8   3.28 -99.0  18.0
  2 1982 163  18755  23.3  31.4   3.05 -99.0    .4
  2 1982 164  18624  23.9  31.6   3.12 -99.0    .5
  2 1982 165  16998  24.3  31.0   3.14 -99.0    .3
  2 1982 166  15997  25.0  32.2   3.32 -99.0    .0
  2 1982 167  14248  25.1  30.3   3.34 -99.0   3.5
  2 1982 168  19481  22.8  30.6   2.90 -99.0    .0
  2 1982 169  22470  23.0  31.3   3.05 -99.0    .0
  2 1982 170  17483  24.2  31.4   3.21 -99.0    .0
  2 1982 171  24086  24.7  31.4   3.18 -99.0    .0
  2 1982 172  23462  23.3  31.5   3.02 -99.0    .0
  2 1982 173  13992  24.1  29.9   3.10 -99.0  13.6
  2 1982 174  19475  23.2  30.9   3.03 -99.0    .0
  2 1982 175  24461  24.0  31.0   3.11 -99.0    .0
  2 1982 176  17734  24.0  31.4   3.15 -99.0    .0
  2 1982 177  21725  24.5  31.6   3.22 -99.0    .0
  2 1982 178  17490  24.4  31.3   3.25 -99.0   1.6
  2 1982 179  12006  24.6  29.0   3.24 -99.0  52.5
  2 1982 180  22985  23.5  31.3   3.13 -99.0    .2
  2 1982 181  22492  24.8  31.8   3.19 -99.0    .0
  2 1982 182  22499  25.2  31.9   3.27 -99.0    .0
  2 1982 183  17512  25.5  30.0   3.27 -99.0  33.9
  2 1982 184  10648  23.8  26.6   3.07 -99.0  27.3
  2 1982 185  12901  23.4  29.9   3.14 -99.0  16.4
  2 1982 186  14281  22.8  30.3   3.08 -99.0   4.8
  2 1982 187  18916  23.0  29.9   3.00 -99.0   4.6
  2 1982 188  20552  23.2  30.2   3.01 -99.0  76.7
  2 1982 189  17181  23.0  29.8   2.95 -99.0   2.0
  2 1982 190  20949  23.9  31.0   3.07 -99.0    .0
  2 1982 191  15569  23.7  30.3   3.13 -99.0   1.8
  2 1982 192  21726  24.2  32.1   3.20 -99.0    .0
  2 1982 193  23622  24.3  31.5   3.19 -99.0    .0
  2 1982 194  17857  24.5  31.3   3.30 -99.0  42.7
  2 1982 195  18120  23.5  31.8   3.22 -99.0   8.6
  2 1982 196  23040  24.9  31.3   3.26 -99.0    .0
  2 1982 197  12854  24.9  30.3   3.43 -99.0    .0
  2 1982 198  11098  23.0  30.0   3.18 -99.0  54.7
  2 1982 199  14006  22.8  30.5   3.28 -99.0  51.2
  2 1982 200  17425  22.3  30.6   3.10 -99.0  14.5
  2 1982 201  15415  22.4  30.0   3.12 -99.0   2.4
  2 1982 202  19221  22.4  31.1   3.01 -99.0    .0
  2 1982 203  24427  22.8  31.6   3.02 -99.0    .0
  2 1982 204  24066  23.3  32.2   3.12 -99.0    .0
  2 1982 205  23198  24.1  31.4   3.20 -99.0    .4
  2 1982 206  22074  23.5  29.9   3.01 -99.0    .0
  2 1982 207  23617  22.7  30.7   3.01 -99.0    .0
  2 1982 208  22365  23.6  31.1   3.16 -99.0    .0
  2 1982 209  22638  23.9  31.4   3.10 -99.0    .0
  2 1982 210  23676  23.4  31.3   3.12 -99.0    .0
  2 1982 211  16424  23.5  31.4   3.25 -99.0    .0
  2 1982 212  20651  23.2  32.0   3.24 -99.0    .0
  2 1982 213  24375  23.4  32.0   3.19 -99.0    .2
  2 1982 214  24523  23.5  32.6   3.25 -99.0    .0
  2 1982 215  23519  23.4  32.5   3.23 -99.0    .0
  2 1982 216  23281  23.8  32.0   3.23 -99.0   3.7
  2 1982 217  24455  22.6  31.6   3.08 -99.0    .0
  2 1982 218  22419  23.3  32.0   3.14 -99.0    .0
  2 1982 219  24237  23.0  32.2   3.13 -99.0    .0
  2 1982 220  17306  23.5  30.7   3.22 -99.0    .3
  2 1982 221  16416  22.8  31.4   3.15 -99.0  54.3
  2 1982 222  12817  22.7  30.8   3.09 -99.0   1.2
  2 1982 223  11663  23.1  29.3   3.19 -99.0   6.1
  2 1982 224  17482  22.6  31.3   3.09 -99.0    .4
  2 1982 225  22146  23.3  31.8   3.20 -99.0    .0
  2 1982 226  21385  24.1  32.0   3.25 -99.0    .0
  2 1982 227  16477  23.6  30.4   3.20 -99.0  41.6
  2 1982 228  11302  22.7  28.7   2.93 -99.0   1.2
  2 1982 229  11825  23.3  30.5   3.15 -99.0    .2
  2 1982 230  25198  23.4  32.2   3.17 -99.0    .0
  2 1982 231  25082  23.8  31.1   3.18 -99.0    .0
  2 1982 232  17036  24.4  30.7   3.23 -99.0    .0
  2 1982 233  15743  24.4  30.8   3.28 -99.0  69.5
  2 1982 234  20694  22.6  30.9   3.05 -99.0    .3
  2 1982 235  21222  23.2  31.2   3.17 -99.0    .0
  2 1982 236  13412  24.3  30.8   3.46 -99.0  60.0
  2 1982 237  11328  22.3  29.3   3.08 -99.0   6.2
  2 1982 238  20460  23.7  31.0   3.16 -99.0    .0
  2 1982 239  22552  24.6  31.7   3.31 -99.0  34.5
  2 1982 240  12635  22.9  28.7   3.05 -99.0  31.5
  2 1982 241  13680  22.8  31.0   3.08 -99.0   1.1
  2 1982 242  13680  23.1  28.5   3.12 -99.0  16.1
  2 1982 243  11588  23.3  30.5   3.29 -99.0   5.8
  2 1982 244  23482  23.4  30.5   3.09 -99.0  15.0
  2 1982 245  10930  23.0  27.4   3.07 -99.0 101.0
  2 1982 246  11450  22.4  28.8   3.15 -99.0  16.7
  2 1982 247  18509  22.8  29.9   3.12 -99.0   5.2
  2 1982 248  17590  24.0  30.6   3.26 -99.0  17.5
  2 1982 249  11046  23.6  29.7   3.28 -99.0   5.8
  2 1982 250  20721  23.8  31.3   3.20 -99.0   1.0
  2 1982 251  16921  24.9  31.4   3.43 -99.0    .5
  2 1982 252  23323  24.0  30.9   3.18 -99.0    .0
  2 1982 253  19522  24.2  31.7   3.27 -99.0   1.1
  2 1982 254  23567  24.1  30.9   3.11 -99.0    .2
  2 1982 255  23033  24.4  30.9   3.18 -99.0   1.3
  2 1982 256  17271  24.0  31.1   3.31 -99.0  11.1
  2 1982 257  23400  22.4  31.5   2.94 -99.0    .2
  2 1982 258  14506  23.6  31.0   3.26 -99.0   2.6
  2 1982 259  19585  22.4  31.9   3.05 -99.0    .0
  2 1982 260  17222  23.2  31.8   3.19 -99.0    .0
  2 1982 261  19555  23.4  32.4   3.26 -99.0    .6
  2 1982 262  21884  23.0  32.3   3.25 -99.0  17.9
  2 1982 263  22516  22.9  30.6   3.05 -99.0  33.1
  2 1982 264  17680  23.4  30.4   3.11 -99.0    .2
  2 1982 265  16491  24.0  29.8   3.18 -99.0   9.3
  2 1982 266  19982  23.5  30.7   3.11 -99.0    .0
  2 1982 267  18402  24.0  31.4   3.23 -99.0   2.7
  2 1982 268  12672  23.1  30.6   3.14 -99.0  26.6
  2 1982 269  12396  22.9  29.2   3.06 -99.0    .9
  2 1982 270  16263  23.4  31.2   3.08 -99.0    .0
  2 1982 271  16759  24.1  32.2   3.39 -99.0   4.0
  2 1982 272  21387  22.8  31.4   3.08 -99.0  37.4
  2 1982 273  17357  22.8  29.9   3.01 -99.0   2.0
  2 1982 274  18749  22.6  30.4   3.00 -99.0   2.3
  2 1982 275  23099  22.0  30.9   2.93 -99.0   5.1
  2 1982 276  18693  22.4  31.3   3.17 -99.0  19.7
  2 1982 277  18920  22.7  31.3   3.20 -99.0  41.7
  2 1982 278  23762  22.3  30.8   2.94 -99.0  16.0
  2 1982 279  20651  23.0  30.1   2.98 -99.0    .0
  2 1982 280  21895  23.0  30.6   2.99 -99.0   5.8
  2 1982 281  14580  23.9  30.4   3.27 -99.0   4.0
  2 1982 282  17995  23.9  30.8   3.31 -99.0  57.5
  2 1982 283  18980  23.4  29.4   3.13 -99.0  15.6
  2 1982 284  15641  23.5  30.1   3.09 -99.0  12.4
  2 1982 285  22970  23.3  30.9   3.00 -99.0    .2
  2 1982 286  16340  24.5  31.2   3.22 -99.0    .0
  2 1982 287  13778  23.8  29.7   3.19 -99.0  10.7
  2 1982 288  16022  23.0  30.1   3.22 -99.0  11.9
  2 1982 289  18510  23.1  29.4   3.13 -99.0   6.5
  2 1982 290  21742  22.5  30.5   2.97 -99.0    .0
  2 1982 291  17178  23.0  30.5   3.05 -99.0    .6
  2 1982 292  14384  24.1  29.4   3.09 -99.0    .6
  2 1982 293  17355  24.2  31.2   3.19 -99.0    .5
  2 1982 294  15320  23.4  31.6   3.22 -99.0   2.4
  2 1982 295  22639  23.4  32.2   3.17 -99.0  13.0
  2 1982 296  22715  22.8  31.0   3.01 -99.0    .2
  2 1982 297  22915  23.3  32.6   3.12 -99.0  27.9
  2 1982 298  21131  23.4  31.7   3.12 -99.0    .9
  2 1982 299  17870  23.3  31.8   3.20 -99.0    .7
  2 1982 300  20544  23.6  30.5   3.14 -99.0    .0
  2 1982 301  18652  24.1  32.6   3.23 -99.0    .0
  2 1982 302  14800  24.1  30.8   3.36 -99.0  17.7
  2 1982 303  18200  23.4  33.2   3.42 -99.0  34.2
  2 1982 304  15221  23.6  32.6   3.38 -99.0  15.1
  2 1982 305  10544  23.4  28.8   2.90 -99.0    .0
  2 1982 306  18686  23.1  33.1   3.11 -99.0  19.1
  2 1982 307   9885  23.6  26.3   2.80 -99.0    .0
  2 1982 308  20666  22.4  32.8   3.02 -99.0    .0
  2 1982 309  15532  23.6  31.9   3.35 -99.0  57.5
  2 1982 310  16222  23.5  31.2   3.34 -99.0   1.4
  2 1982 311  19323  23.3  30.4   3.10 -99.0   2.2
  2 1982 312  16751  23.7  30.3   3.27 -99.0  16.2
  2 1982 313  21041  22.6  32.3   3.07 -99.0    .0
  2 1982 314  17757  23.2  32.6   3.34 -99.0    .0
  2 1982 315  17718  23.8  32.7   3.45 -99.0  70.7
  2 1982 316  13618  22.8  28.2   2.96 -99.0    .0
  2 1982 317  21935  22.8  31.7   2.92 -99.0    .0
  2 1982 318  21890  22.9  31.9   2.95 -99.0  15.2
  2 1982 319  21846  23.0  32.2   3.09 -99.0   7.1
  2 1982 320  18482  23.3  31.4   3.16 -99.0  48.3
  2 1982 321  21048  23.8  33.1   3.17 -99.0    .0
  2 1982 322  21244  24.4  33.7   3.21 -99.0   4.5
  2 1982 323  15779  24.9  31.4   3.39 -99.0    .6
  2 1982 324  19044  23.3  32.5   3.26 -99.0  15.1
  2 1982 325  18421  23.6  31.8   3.30 -99.0    .2
  2 1982 326  20030  23.2  32.8   3.05 -99.0    .0
  2 1982 327  20580  23.4  32.4   3.04 -99.0   8.0
  2 1982 328   9554  23.9  29.8   3.07 -99.0    .0
  2 1982 329  19110  24.1  33.2   3.17 -99.0   4.1
  2 1982 330  12784  24.3  32.3   3.38 -99.0  47.0
  2 1982 331  17419  23.6  31.6   3.28 -99.0  84.1
  2 1982 332  18903  23.6  32.5   3.33 -99.0  54.0
  2 1982 333  18991  24.2  32.6   3.32 -99.0  12.5
  2 1982 334  16761  24.0  31.6   3.24 -99.0   1.2
  2 1982 335  20790  24.3  32.1   3.09 -99.0  25.0
  2 1982 336  17178  23.6  31.9   3.27 -99.0   7.6
  2 1982 337  20737  23.4  32.0   2.96 -99.0    .0
  2 1982 338  20712  22.6  32.8   2.89 -99.0    .2
  2 1982 339  16886  22.9  31.8   2.90 -99.0    .0
  2 1982 340  21012  20.7  32.4   2.66 -99.0   2.6
  2 1982 341  10179  23.6  28.7   2.84 -99.0    .0
  2 1982 342  10054  23.6  28.6   2.90 -99.0    .0
  2 1982 343  14063  22.6  31.9   3.14 -99.0   3.1
  2 1982 344  15888  23.0  32.1   3.05 -99.0    .0
  2 1982 345  18513  23.6  33.4   3.14 -99.0   1.4
  2 1982 346  21250  23.4  31.5   2.70 -99.0    .0
  2 1982 347  21467  21.7  31.7   2.47 -99.0    .0
  2 1982 348   9207  23.0  26.6   2.90 -99.0  19.1
  2 1982 349   9203  22.6  25.9   2.78 -99.0   1.7
  2 1982 350  15947  22.8  31.3   3.10 -99.0  15.2
  2 1982 351  19829  23.3  31.2   2.81 -99.0    .4
  2 1982 352  11136  23.3  29.8   3.08 -99.0   7.8
  2 1982 353  14335  22.4  29.6   2.61 -99.0    .0
  2 1982 354  17761  22.6  30.3   2.51 -99.0    .0
  2 1982 355  14447  22.8  29.2   2.61 -99.0    .0
  2 1982 356  13419  22.8  29.9   2.84 -99.0    .5
  2 1982 357  19592  22.9  30.7   2.70 -99.0    .0
  2 1982 358  13080  22.2  30.8   2.80 -99.0    .0
  2 1982 359  20287  21.9  32.0   2.69 -99.0    .0
  2 1982 360  17091  22.8  32.0   2.87 -99.0    .0
  2 1982 361  18470  22.8  32.2   2.89 -99.0    .0
  2 1982 362  19051  22.6  31.3   2.80 -99.0    .0
  2 1982 363  14023  22.8  31.3   2.89 -99.0    .0
  2 1982 364  14146  22.2  31.4   2.95 -99.0    .0
  2 1982 365  18627  22.6  32.0   2.82 -99.0    .0


