*---------------------------------------------------------*
*   Country: Malaysia
*   Station: TLKC0064 Telok Chengai
*      Year: 1991
*    Source: MUDA Scheme Weather Data
*    Author: Climate Unit, IRRI
* Longitude: 100 17 E
*  Latitude: 06 06 N
* Elevation: 1.0 m.
*  Comments: This file is extracted from CLOCOM database. -99.000: nil value
* NOTE: Reference for a & b
*       Hing, C.H. and Joo, T.L. (1983) Solar and net radiation in Peninsular
*      Malaysia. J. Climatology. 3:271-283.
*
*  Columns:
*  ========
*  station number
*  year
*  day
*  irradiation (kJ m-2 d-1)
*  minimum temperature (degrees Celsius)
*  maximum temperature (degrees Celsius)
*  vapour pressure (kPa)
*  mean wind speed (m s-1)
*  precipitation (mm d-1)
** WCCDESCRIPTION=Malaysia, Telok Chengai, daily weather (mald2.991...993)
** WCCFORMAT=2
** WCCYEARNR=1991
*-----------------------------------------------------------
100.28   6.10    1.0  -0.25  -0.42
  2 1991   1  21200  22.9  34.3 -99.00 -99.0    .0
  2 1991   2  17800  23.3  32.8 -99.00 -99.0    .8
  2 1991   3  18400  22.8  33.0 -99.00 -99.0    .0
  2 1991   4  15900  23.0  32.3 -99.00 -99.0    .0
  2 1991   5  22800  24.8  33.6 -99.00 -99.0    .0
  2 1991   6  21900  22.5  33.5 -99.00 -99.0    .0
  2 1991   7  23500  23.1  34.1 -99.00 -99.0    .0
  2 1991   8  22600  23.0  34.2 -99.00 -99.0    .0
  2 1991   9  22100  20.8  34.2 -99.00 -99.0    .0
  2 1991  10  23000  23.6  34.0 -99.00 -99.0    .0
  2 1991  11  23400  20.6  33.7 -99.00 -99.0    .0
  2 1991  12  21600  20.6  33.7 -99.00 -99.0    .0
  2 1991  13  16700  23.8  33.4 -99.00 -99.0    .0
  2 1991  14  15400  24.2  32.2 -99.00 -99.0    .0
  2 1991  15  19400  24.9  32.6 -99.00 -99.0    .0
  2 1991  16  19300  23.7  32.1 -99.00 -99.0    .0
  2 1991  17  18400  24.8  33.2 -99.00 -99.0    .0
  2 1991  18  16500  23.2  33.2 -99.00 -99.0    .0
  2 1991  19  19400  22.9  34.4 -99.00 -99.0    .0
  2 1991  20  22800  22.7  34.1 -99.00 -99.0    .0
  2 1991  21  21300  22.4  35.2 -99.00 -99.0    .0
  2 1991  22  15500  23.0  31.8 -99.00 -99.0    .0
  2 1991  23  20700  23.5  35.0 -99.00 -99.0    .0
  2 1991  24  21800  22.4  34.3 -99.00 -99.0    .0
  2 1991  25  17700  23.8  33.0 -99.00 -99.0    .0
  2 1991  26  12700  23.9  31.5 -99.00 -99.0   1.2
  2 1991  27  17400  24.2  33.8 -99.00 -99.0    .5
  2 1991  28  19400  24.3  33.2 -99.00 -99.0    .0
  2 1991  29  19800  23.6  33.8 -99.00 -99.0    .0
  2 1991  30  23000  23.1  34.7 -99.00 -99.0    .0
  2 1991  31  22400  22.0  34.7 -99.00 -99.0    .0
  2 1991  32  21900  22.3  34.1 -99.00 -99.0    .0
  2 1991  33  22900  22.2  34.5 -99.00 -99.0    .0
  2 1991  34  20300  22.5  33.9 -99.00 -99.0    .0
  2 1991  35  23000  21.8  34.7 -99.00 -99.0    .0
  2 1991  36  20700  22.4  34.4 -99.00 -99.0    .0
  2 1991  37  21000  23.7  35.6 -99.00 -99.0    .0
  2 1991  38  18800  22.5  35.5 -99.00 -99.0    .0
  2 1991  39  22000  22.7  35.9 -99.00 -99.0    .0
  2 1991  40  21300  22.7  35.1 -99.00 -99.0    .0
  2 1991  41  23100  22.4  35.9 -99.00 -99.0    .0
  2 1991  42  20600  22.6  36.0 -99.00 -99.0    .0
  2 1991  43  21100  21.8  36.7 -99.00 -99.0    .0
  2 1991  44  22000  21.8  35.5 -99.00 -99.0    .0
  2 1991  45  23800  21.6  35.2 -99.00 -99.0    .0
  2 1991  46  21900  22.6  34.4 -99.00 -99.0    .0
  2 1991  47  21000  24.1  34.2 -99.00 -99.0    .0
  2 1991  48  14400  23.2  32.7 -99.00 -99.0    .2
  2 1991  49  14700  24.5  34.5 -99.00 -99.0   9.2
  2 1991  50  23000  22.5  35.0 -99.00 -99.0    .0
  2 1991  51  22300  23.1  35.2 -99.00 -99.0    .0
  2 1991  52  24400  20.5  36.2 -99.00 -99.0    .0
  2 1991  53  24200  20.5  36.2 -99.00 -99.0    .0
  2 1991  54  22200  20.5  34.6 -99.00 -99.0    .0
  2 1991  55  21600  22.3  34.9 -99.00 -99.0    .0
  2 1991  56  23300  24.3  35.7 -99.00 -99.0    .0
  2 1991  57  22700  23.5  34.8 -99.00 -99.0    .0
  2 1991  58  20700  23.4  36.2 -99.00 -99.0    .0
  2 1991  59  16500  23.6  35.7 -99.00 -99.0   9.9
  2 1991  60  24100  23.4  35.0 -99.00 -99.0    .9
  2 1991  61  15900  24.5  33.9 -99.00 -99.0  44.8
  2 1991  62  23400  23.1  35.8 -99.00 -99.0    .0
  2 1991  63  25300  24.0  34.7 -99.00 -99.0    .0
  2 1991  64  22600  21.9  35.0 -99.00 -99.0    .0
  2 1991  65  23900  23.0  35.7 -99.00 -99.0    .0
  2 1991  66  22800  23.6  35.6 -99.00 -99.0    .0
  2 1991  67  22500  23.6  36.0 -99.00 -99.0   7.3
  2 1991  68  25900  22.2  36.8 -99.00 -99.0    .0
  2 1991  69  23300  22.3  35.7 -99.00 -99.0    .0
  2 1991  70  24900  21.2  35.7 -99.00 -99.0    .0
  2 1991  71  24600  20.4  35.9 -99.00 -99.0    .0
  2 1991  72  24400  21.2  35.9 -99.00 -99.0    .0
  2 1991  73  18800  23.8  35.7 -99.00 -99.0    .3
  2 1991  74  25700  22.0  36.3 -99.00 -99.0    .0
  2 1991  75  23600  20.9  35.7 -99.00 -99.0    .0
  2 1991  76  23400  23.5  36.5 -99.00 -99.0    .0
  2 1991  77  12300  24.7  34.1 -99.00 -99.0    .6
  2 1991  78  21500  23.3  34.2 -99.00 -99.0    .7
  2 1991  79  16600  24.1  33.0 -99.00 -99.0  25.7
  2 1991  80  24300  23.4  34.8 -99.00 -99.0  11.5
  2 1991  81  23300  24.2  32.1 -99.00 -99.0    .0
  2 1991  82  20700  24.3  34.4 -99.00 -99.0   4.2
  2 1991  83  23600  24.4  35.0 -99.00 -99.0    .0
  2 1991  84  20700  24.4  34.9 -99.00 -99.0   8.6
  2 1991  85  20500  24.7  36.0 -99.00 -99.0    .0
  2 1991  86  25400  24.9  36.0 -99.00 -99.0    .0
  2 1991  87  23500  24.0  36.2 -99.00 -99.0    .0
  2 1991  88  22600  24.8  36.1 -99.00 -99.0    .0
  2 1991  89  19600  23.4  35.5 -99.00 -99.0    .0
  2 1991  90  18000  22.9  35.0 -99.00 -99.0    .0
  2 1991  91  21900  22.9  35.4 -99.00 -99.0    .0
  2 1991  92  20700  22.4  35.4 -99.00 -99.0    .0
  2 1991  93  24500  24.8  35.7 -99.00 -99.0    .0
  2 1991  94  14500  24.2  34.6 -99.00 -99.0  39.5
  2 1991  95  21200  23.3  34.6 -99.00 -99.0  10.2
  2 1991  96  26100  23.2  34.4 -99.00 -99.0    .0
  2 1991  97  24300  24.0  34.7 -99.00 -99.0    .0
  2 1991  98  20300  25.3  33.5 -99.00 -99.0   1.8
  2 1991  99  23900  23.9  34.3 -99.00 -99.0    .0
  2 1991 100  21500  25.0  35.1 -99.00 -99.0    .0
  2 1991 101  22100  23.9  35.3 -99.00 -99.0    .0
  2 1991 102  22100  24.0  35.1 -99.00 -99.0    .0
  2 1991 103  24600  24.0  35.8 -99.00 -99.0    .0
  2 1991 104  23600  23.1  36.1 -99.00 -99.0    .0
  2 1991 105  23900  22.8  35.8 -99.00 -99.0    .0
  2 1991 106  25200  23.5  36.0 -99.00 -99.0    .0
  2 1991 107  24800  23.0  36.5 -99.00 -99.0    .0
  2 1991 108  25000  23.4  36.2 -99.00 -99.0   8.9
  2 1991 109  19200  24.0  34.8 -99.00 -99.0   2.0
  2 1991 110  21300  24.7  34.5 -99.00 -99.0   8.4
  2 1991 111  22300  24.1  35.1 -99.00 -99.0   4.0
  2 1991 112  15100  24.4  32.6 -99.00 -99.0   1.3
  2 1991 113  18900  23.9  34.1 -99.00 -99.0    .0
  2 1991 114  17100  24.4  33.3 -99.00 -99.0    .1
  2 1991 115  20200  23.8  34.2 -99.00 -99.0   6.2
  2 1991 116  22400  24.5  35.6 -99.00 -99.0  17.3
  2 1991 117  25400  23.7  34.5 -99.00 -99.0    .0
  2 1991 118  20900  24.8  35.2 -99.00 -99.0  20.8
  2 1991 119  19900  23.8  33.8 -99.00 -99.0  23.4
  2 1991 120  25700  23.4  33.9 -99.00 -99.0  34.6
  2 1991 121  13000  24.4  30.8 -99.00 -99.0    .3
  2 1991 122  20800  25.0  33.3 -99.00 -99.0    .0
  2 1991 123  18400  25.0  34.8 -99.00 -99.0   8.4
  2 1991 124  21100  24.1  34.1 -99.00 -99.0   4.0
  2 1991 125  13300  23.6  32.4 -99.00 -99.0  35.8
  2 1991 126  16600  23.8  30.7 -99.00 -99.0   5.5
  2 1991 127   9600  23.2  28.8 -99.00 -99.0  50.6
  2 1991 128  17400  24.0  31.7 -99.00 -99.0    .0
  2 1991 129  18300  25.3  33.1 -99.00 -99.0   3.4
  2 1991 130  17900  24.0  32.7 -99.00 -99.0    .0
  2 1991 131  23100  23.3  34.9 -99.00 -99.0   5.0
  2 1991 132  25100  23.9  34.3 -99.00 -99.0    .0
  2 1991 133  23500  23.9  33.5 -99.00 -99.0    .0
  2 1991 134  19800  25.3  31.9 -99.00 -99.0    .0
  2 1991 135  19600  24.5  34.2 -99.00 -99.0  16.7
  2 1991 136  21400  23.8  33.5 -99.00 -99.0  32.9
  2 1991 137  21800  24.0  34.0 -99.00 -99.0    .0
  2 1991 138  23100  24.7  33.4 -99.00 -99.0    .0
  2 1991 139  20500  25.8  33.9 -99.00 -99.0  28.7
  2 1991 140  20500  24.0  31.7 -99.00 -99.0  17.1
  2 1991 141   8400  23.6  29.7 -99.00 -99.0  22.2
  2 1991 142  24000  23.7  32.6 -99.00 -99.0    .0
  2 1991 143  23100  25.7  33.0 -99.00 -99.0   6.0
  2 1991 144  24200  23.8  33.3 -99.00 -99.0    .8
  2 1991 145  17300  25.0  32.6 -99.00 -99.0  16.8
  2 1991 146  20600  24.1  32.9 -99.00 -99.0  31.6
  2 1991 147  11100  24.2  29.2 -99.00 -99.0  12.2
  2 1991 148  15300  24.2  32.7 -99.00 -99.0   2.5
  2 1991 149  18200  24.9  33.1 -99.00 -99.0  38.6
  2 1991 150  12600  24.5  30.6 -99.00 -99.0    .0
  2 1991 151  12500  25.4  31.3 -99.00 -99.0  21.6
  2 1991 152  17600  24.9  32.3 -99.00 -99.0   6.4
  2 1991 153  18400  24.2  32.1 -99.00 -99.0  43.3
  2 1991 154   9700  24.1  29.6 -99.00 -99.0  10.8
  2 1991 155  12900  23.6  30.5 -99.00 -99.0    .7
  2 1991 156  15700  24.9  32.1 -99.00 -99.0    .0
  2 1991 157  22400  25.7  33.1 -99.00 -99.0    .0
  2 1991 158  16500  26.0  32.5 -99.00 -99.0    .0
  2 1991 159  21300  25.7  33.0 -99.00 -99.0    .0
  2 1991 160  22600  25.3  32.9 -99.00 -99.0    .0
  2 1991 161  21100  25.8  33.8 -99.00 -99.0    .0
  2 1991 162  23200  24.9  33.5 -99.00 -99.0    .0
  2 1991 163  14700  25.5  33.3 -99.00 -99.0    .0
  2 1991 164  17100  25.4  33.9 -99.00 -99.0    .0
  2 1991 165  23700  23.9  33.4 -99.00 -99.0    .0
  2 1991 166  22300  23.7  32.3 -99.00 -99.0    .0
  2 1991 167  22500  23.4  32.5 -99.00 -99.0    .0
  2 1991 168  20200  23.7  32.9 -99.00 -99.0    .0
  2 1991 169  19600  23.9  33.7 -99.00 -99.0    .0
  2 1991 170  19500  24.9  33.3 -99.00 -99.0    .0
  2 1991 171  19300  25.2  33.7 -99.00 -99.0    .0
  2 1991 172  19900  25.3  33.5 -99.00 -99.0    .0
  2 1991 173   7700  24.7  30.9 -99.00 -99.0    .7
  2 1991 174   6600  23.2  28.3 -99.00 -99.0  73.7
  2 1991 175  17000  23.8  32.5 -99.00 -99.0    .0
  2 1991 176  21700  24.1  33.1 -99.00 -99.0    .0
  2 1991 177  20900  25.5  34.0 -99.00 -99.0    .0
  2 1991 178  21300  24.2  33.0 -99.00 -99.0  28.1
  2 1991 179  21800  25.7  32.5 -99.00 -99.0    .0
  2 1991 180  20300  24.6  32.5 -99.00 -99.0    .0
  2 1991 181  18600  24.1  32.2 -99.00 -99.0    .0
  2 1991 182  15600  25.8  30.5 -99.00 -99.0  37.2
  2 1991 183  16300  23.0  31.0 -99.00 -99.0    .0
  2 1991 184  17900  24.1  31.0 -99.00 -99.0    .0
  2 1991 185  18000  23.8  32.7 -99.00 -99.0    .6
  2 1991 186  19300  23.7  32.6 -99.00 -99.0  23.2
  2 1991 187  19700  22.8  30.2 -99.00 -99.0  31.7
  2 1991 188   7000  23.4  27.3 -99.00 -99.0  12.1
  2 1991 189   6200  20.9  26.9 -99.00 -99.0  45.7
  2 1991 190  19200  22.9  31.3 -99.00 -99.0    .0
  2 1991 191  18300  23.9  31.5 -99.00 -99.0    .0
  2 1991 192  10100  23.6  30.4 -99.00 -99.0  15.5
  2 1991 193  14700  23.0  31.2 -99.00 -99.0    .3
  2 1991 194  19000  23.0  32.2 -99.00 -99.0    .0
  2 1991 195  18100  24.4  32.7 -99.00 -99.0    .0
  2 1991 196  18200  25.1  32.9 -99.00 -99.0   1.1
  2 1991 197  19700  23.2  34.2 -99.00 -99.0    .0
  2 1991 198  18400  25.4  33.9 -99.00 -99.0  11.4
  2 1991 199  22600  23.8  32.5 -99.00 -99.0    .0
  2 1991 200  17100  24.7  31.6 -99.00 -99.0    .0
  2 1991 201  15400  22.9  30.3 -99.00 -99.0  21.1
  2 1991 202  14000  23.6  31.7 -99.00 -99.0    .0
  2 1991 203  14100  23.4  31.4 -99.00 -99.0  32.5
  2 1991 204   2200  23.4  26.6 -99.00 -99.0 148.4
  2 1991 205  18800  22.6  31.1 -99.00 -99.0  34.3
  2 1991 206  18400  23.9  31.7 -99.00 -99.0    .9
  2 1991 207  16500  24.4  31.5 -99.00 -99.0    .0
  2 1991 208  22200  25.5  33.0 -99.00 -99.0    .0
  2 1991 209   9900  25.4  31.4 -99.00 -99.0    .0
  2 1991 210  14900  23.5  32.9 -99.00 -99.0    .0
  2 1991 211  12000  25.3  32.7 -99.00 -99.0    .1
  2 1991 212  12700  24.6  30.1 -99.00 -99.0    .0
  2 1991 213  21500  23.3  32.5 -99.00 -99.0    .4
  2 1991 214  21600  23.1  31.5 -99.00 -99.0   3.0
  2 1991 215  20600  23.2  32.3 -99.00 -99.0    .0
  2 1991 216  19300  24.1  32.7 -99.00 -99.0    .0
  2 1991 217  10200  23.2  29.6 -99.00 -99.0  78.4
  2 1991 218  14700  23.2  29.9 -99.00 -99.0   1.4
  2 1991 219  19900  23.4  33.0 -99.00 -99.0    .0
  2 1991 220  21700  22.8  31.7 -99.00 -99.0   1.8
  2 1991 221  23000  24.0  32.8 -99.00 -99.0    .0
  2 1991 222  22300  24.1  32.5 -99.00 -99.0    .0
  2 1991 223  17800  24.6  32.2 -99.00 -99.0    .0
  2 1991 224  21000  24.0  32.6 -99.00 -99.0    .0
  2 1991 225  20400  24.9  33.1 -99.00 -99.0    .0
  2 1991 226  19500  24.9  33.0 -99.00 -99.0    .0
  2 1991 227  13000  25.2  32.0 -99.00 -99.0    .0
  2 1991 228  16700  24.9  32.6 -99.00 -99.0    .0
  2 1991 229  12500  25.2  32.5 -99.00 -99.0   4.2
  2 1991 230  11400  22.5  30.2 -99.00 -99.0  24.1
  2 1991 231   4500  23.3  27.8 -99.00 -99.0  25.5
  2 1991 232  20200  22.7  33.0 -99.00 -99.0    .0
  2 1991 233  12900  23.0  31.1 -99.00 -99.0  13.9
  2 1991 234  12900  24.0  32.0 -99.00 -99.0    .0
  2 1991 235  21700  23.2  31.3 -99.00 -99.0   2.8
  2 1991 236  19100  23.9  32.5 -99.00 -99.0    .0
  2 1991 237  21900  24.5  33.0 -99.00 -99.0    .0
  2 1991 238  10900  23.6  29.3 -99.00 -99.0  29.8
  2 1991 239  10000  22.8  29.2 -99.00 -99.0  35.2
  2 1991 240   6000  23.3  28.3 -99.00 -99.0  19.9
  2 1991 241   8500  23.4  29.6 -99.00 -99.0   3.5
  2 1991 242   7000  23.3  28.5 -99.00 -99.0  28.7
  2 1991 243  15700  23.5  31.7 -99.00 -99.0    .0
  2 1991 244  21100  24.4  32.0 -99.00 -99.0    .0
  2 1991 245  17000  24.7  30.4 -99.00 -99.0   1.6
  2 1991 246  20500  23.6  32.0 -99.00 -99.0    .0
  2 1991 247  16700  24.6  32.1 -99.00 -99.0    .3
  2 1991 248  21300  24.3  32.7 -99.00 -99.0    .0
  2 1991 249  15100  23.9  31.5 -99.00 -99.0    .3
  2 1991 250  13900  24.9  30.2 -99.00 -99.0   2.9
  2 1991 251  14500  23.7  31.5 -99.00 -99.0    .0
  2 1991 252  12300  24.3  31.0 -99.00 -99.0  11.2
  2 1991 253  21200  23.4  32.5 -99.00 -99.0    .0
  2 1991 254  22300  24.0  32.6 -99.00 -99.0    .0
  2 1991 255  21400  23.4  32.5 -99.00 -99.0    .0
  2 1991 256  15000  24.4  32.2 -99.00 -99.0    .0
  2 1991 257  11600  24.2  33.0 -99.00 -99.0    .0
  2 1991 258  10300  23.8  29.5 -99.00 -99.0   2.0
  2 1991 259  14400  23.9  30.0 -99.00 -99.0  10.7
  2 1991 260  13900  22.5  28.7 -99.00 -99.0  19.4
  2 1991 261   9400  23.0  30.7 -99.00 -99.0  22.9
  2 1991 262  13900  23.6  29.0 -99.00 -99.0   9.8
  2 1991 263  18200  23.7  33.1 -99.00 -99.0    .0
  2 1991 264  14500  24.6  33.0 -99.00 -99.0    .1
  2 1991 265  12900  23.4  32.4 -99.00 -99.0  23.7
  2 1991 266  19800  23.5  30.9 -99.00 -99.0    .3
  2 1991 267  18400  23.5  30.0 -99.00 -99.0  25.3
  2 1991 268  21300  24.3  31.7 -99.00 -99.0  14.4
  2 1991 269  18600  24.3  31.1 -99.00 -99.0   1.1
  2 1991 270  11500  23.9  31.1 -99.00 -99.0  16.9
  2 1991 271   8100  23.4  27.6 -99.00 -99.0   9.4
  2 1991 272  14900  23.2  30.0 -99.00 -99.0   2.1
  2 1991 273  10600  23.3  29.6 -99.00 -99.0  11.6
  2 1991 274  16200  23.5  32.4 -99.00 -99.0    .0
  2 1991 275   3000  23.2  29.3 -99.00 -99.0  25.3
  2 1991 276  17300  22.4  32.6 -99.00 -99.0    .0
  2 1991 277  19800  22.5  33.2 -99.00 -99.0    .0
  2 1991 278  17300  24.0  32.2 -99.00 -99.0   2.1
  2 1991 279  13600  23.4  30.1 -99.00 -99.0  27.4
  2 1991 280  13000  23.2  30.8 -99.00 -99.0    .0
  2 1991 281  17300  23.2  31.3 -99.00 -99.0    .0
  2 1991 282  15100  24.8  31.2 -99.00 -99.0    .0
  2 1991 283   9100  24.5  29.7 -99.00 -99.0   2.5
  2 1991 284  19200  24.8  30.1 -99.00 -99.0    .1
  2 1991 285   9100  22.4  28.0 -99.00 -99.0  58.7
  2 1991 286  15200  23.1  31.1 -99.00 -99.0    .2
  2 1991 287  15100  23.6  29.0 -99.00 -99.0    .0
  2 1991 288  22800  21.8  32.2 -99.00 -99.0   2.9
  2 1991 289  21300  22.7  33.2 -99.00 -99.0   3.1
  2 1991 290  17800  23.0  32.7 -99.00 -99.0   5.0
  2 1991 291  20400  23.0  31.7 -99.00 -99.0   4.1
  2 1991 292  15900  22.6  31.0 -99.00 -99.0    .0
  2 1991 293  12900  22.7  31.0 -99.00 -99.0  17.8
  2 1991 294  20500  22.7  32.0 -99.00 -99.0    .5
  2 1991 295  16400  24.2  32.2 -99.00 -99.0    .1
  2 1991 296  17200  23.8  32.7 -99.00 -99.0  16.7
  2 1991 297  15000  22.8  33.0 -99.00 -99.0   2.0
  2 1991 298  18800  23.0  33.1 -99.00 -99.0    .0
  2 1991 299  16100  23.3  32.2 -99.00 -99.0    .1
  2 1991 300  13900  24.0  31.6 -99.00 -99.0  12.9
  2 1991 301  13400  23.0  31.6 -99.00 -99.0  19.7
  2 1991 302  14100  23.1  32.7 -99.00 -99.0  25.8
  2 1991 303  18000  22.9  32.7 -99.00 -99.0  14.3
  2 1991 304  12500  23.3  31.4 -99.00 -99.0  23.0
  2 1991 305  16800  23.2  32.7 -99.00 -99.0    .1
  2 1991 306  20400  23.6  32.8 -99.00 -99.0    .0
  2 1991 307  17500  23.1  33.3 -99.00 -99.0    .0
  2 1991 308  20100  23.1  33.4 -99.00 -99.0    .0
  2 1991 309  12200  23.8  31.0 -99.00 -99.0   1.0
  2 1991 310  16800  22.9  32.1 -99.00 -99.0   3.1
  2 1991 311  14600  23.0  32.0 -99.00 -99.0    .4
  2 1991 312  17700  22.8  31.1 -99.00 -99.0    .2
  2 1991 313  20500  22.7  31.6 -99.00 -99.0    .9
  2 1991 314  16400  22.8  31.0 -99.00 -99.0   4.6
  2 1991 315  14200  22.8  32.0 -99.00 -99.0    .2
  2 1991 316  11800  23.5  30.2 -99.00 -99.0    .0
  2 1991 317  18100  23.0  32.2 -99.00 -99.0   4.5
  2 1991 318  20900  22.7  32.3 -99.00 -99.0    .0
  2 1991 319  21000  22.9  32.6 -99.00 -99.0    .0
  2 1991 320  17200  24.4  32.5 -99.00 -99.0    .0
  2 1991 321  14000  22.9  32.0 -99.00 -99.0    .0
  2 1991 322   7400  23.8  27.9 -99.00 -99.0   6.7
  2 1991 323  16400  23.0  32.0 -99.00 -99.0   1.9
  2 1991 324  16300  24.2  32.5 -99.00 -99.0    .0
  2 1991 325  17700  24.3  33.0 -99.00 -99.0    .0
  2 1991 326  18700  24.0  33.3 -99.00 -99.0    .0
  2 1991 327  16200  23.8  31.9 -99.00 -99.0    .5
  2 1991 328  13300  24.3  32.0 -99.00 -99.0   1.4
  2 1991 329  12200  23.5  32.1 -99.00 -99.0    .0
  2 1991 330  17300  23.6  33.1 -99.00 -99.0    .0
  2 1991 331  16500  23.3  33.0 -99.00 -99.0   3.4
  2 1991 332  16300  23.6  32.3 -99.00 -99.0    .0
  2 1991 333  16200  23.2  33.0 -99.00 -99.0    .0
  2 1991 334  15900  23.4  33.5 -99.00 -99.0    .0
  2 1991 335  18100  23.8  33.7 -99.00 -99.0    .0
  2 1991 336  18800  22.5  33.3 -99.00 -99.0    .0
  2 1991 337  17400  22.3  31.8 -99.00 -99.0    .0
  2 1991 338  19200  22.7  32.2 -99.00 -99.0    .0
  2 1991 339  16100  21.6  32.2 -99.00 -99.0    .0
  2 1991 340  18000  22.2  32.5 -99.00 -99.0    .0
  2 1991 341  13000  23.1  30.8 -99.00 -99.0    .0
  2 1991 342  14200  23.9  31.2 -99.00 -99.0    .0
  2 1991 343  12300  22.3  31.8 -99.00 -99.0    .1
  2 1991 344  11200  23.5  31.5 -99.00 -99.0    .3
  2 1991 345   4300  23.4  31.3 -99.00 -99.0  15.6
  2 1991 346   9300  23.6  30.0 -99.00 -99.0    .0
  2 1991 347  12800  24.1  30.3 -99.00 -99.0   4.5
  2 1991 348  13300  24.9  31.3 -99.00 -99.0    .0
  2 1991 349  17000  24.8  31.8 -99.00 -99.0    .0
  2 1991 350  15000  23.0  31.9 -99.00 -99.0    .0
  2 1991 351  14000  23.9  32.2 -99.00 -99.0    .0
  2 1991 352  15900  23.4  31.8 -99.00 -99.0    .0
  2 1991 353   9800  23.4  30.7 -99.00 -99.0    .0
  2 1991 354  18900  23.0  32.3 -99.00 -99.0    .0
  2 1991 355  17900  22.1  32.6 -99.00 -99.0    .0
  2 1991 356  17500  22.6  32.7 -99.00 -99.0    .0
  2 1991 357  14200  24.2  32.4 -99.00 -99.0    .8
  2 1991 358  12900  23.7  32.2 -99.00 -99.0    .0
  2 1991 359  12400  24.6  31.6 -99.00 -99.0    .1
  2 1991 360  17700  23.3  33.8 -99.00 -99.0    .0
  2 1991 361  15800  23.6  32.4 -99.00 -99.0    .0
  2 1991 362  14700  23.8  32.1 -99.00 -99.0    .1
  2 1991 363  14200  23.6  33.8 -99.00 -99.0    .0
  2 1991 364  11100  24.5  32.2 -99.00 -99.0   6.7
  2 1991 365   9200  23.4  30.2 -99.00 -99.0    .8


