*---------------------------------------------------------*
*   Country: Malaysia
*   Station: TLKC0064 Telok Chengai
*      Year: 1983
*    Source: CLICOM database
*    Author: Climate Unit, IRRI
* Longitude: 100 17 E
*  Latitude: 06 06 N
* Elevation: 1.0 m.
*  Comments: Solar radiation values are the same as 1979(?). -99.000: nil value
* NOTE: Reference for a & b
*       Hing, C.H. and Joo, T.L. (1983) Solar and net radiation in Peninsular
*      Malaysia. J. Climatology. 3:271-283.
*
*  Columns:
*  ========
*  station number
*  year
*  day
*  irradiation (kJ m-2 d-1)
*  minimum temperature (degrees Celsius)
*  maximum temperature (degrees Celsius)
*  vapour pressure (kPa)
*  mean wind speed (m s-1)
*  precipitation (mm d-1)
** WCCDESCRIPTION=Malaysia, Telok Chengai, daily weather (mald2.978...988)
** WCCFORMAT=2
** WCCYEARNR=1983
*-----------------------------------------------------------
100.28   6.10   1.0 -0.25 -0.42
  2 1983   1  15199  21.8  32.5   2.87 -99.0    .0
  2 1983   2  18312  21.6  33.3   2.88 -99.0   4.2
  2 1983   3  19133  23.4  33.4   3.13 -99.0  10.4
  2 1983   4  19266  23.3  32.3   2.68 -99.0    .0
  2 1983   5  19976  21.6  32.7   2.76 -99.0    .0
  2 1983   6  17116  22.3  32.5   2.98 -99.0    .0
  2 1983   7  20712  23.2  33.2   3.01 -99.0    .0
  2 1983   8  20852  22.2  32.5   2.79 -99.0    .0
  2 1983   9  17641  21.9  33.7   2.90 -99.0    .0
  2 1983  10  20558  22.6  32.8   2.63 -99.0    .0
  2 1983  11  22093  22.2  29.6   2.63 -99.0    .4
  2 1983  12  17366  22.2  33.0   2.76 -99.0    .0
  2 1983  13  17973  22.3  31.2   2.59 -99.0    .0
  2 1983  14  21143  21.5  31.6   2.49 -99.0    .0
  2 1983  15  20944  22.4  31.5   2.55 -99.0    .0
  2 1983  16  21795  22.6  32.2   2.47 -99.0    .0
  2 1983  17  21948  22.4  32.2   2.60 -99.0    .0
  2 1983  18  22103  21.6  32.3   2.40 -99.0    .0
  2 1983  19  21790  20.8  32.2   2.41 -99.0    .0
  2 1983  20  21594  20.4  32.7   2.49 -99.0    .0
  2 1983  21  20457  21.0  32.4   2.51 -99.0    .0
  2 1983  22  22264  21.7  32.1   2.50 -99.0    .0
  2 1983  23  22189  21.6  31.9   2.45 -99.0    .0
  2 1983  24  21759  21.8  31.6   2.51 -99.0    .0
  2 1983  25  20616  21.4  31.5   2.33 -99.0    .0
  2 1983  26  20539  21.5  31.3   2.43 -99.0    .0
  2 1983  27  19510  21.1  31.6   2.39 -99.0    .0
  2 1983  28  21458  22.2  33.6   2.69 -99.0    .0
  2 1983  29  21503  21.6  32.7   2.83 -99.0    .0
  2 1983  30  22028  21.5  32.0   2.80 -99.0    .0
  2 1983  31  22794  22.3  33.1   3.00 -99.0    .0
  2 1983  32  22483  22.1  34.6   3.04 -99.0    .0
  2 1983  33  22411  22.6  34.2   3.13 -99.0    .0
  2 1983  34  22701  23.0  33.9   3.02 -99.0    .0
  2 1983  35  22509  22.4  33.6   2.79 -99.0    .0
  2 1983  36  22074  21.6  34.4   2.63 -99.0    .0
  2 1983  37  23094  20.6  35.3   2.59 -99.0    .0
  2 1983  38  22659  21.1  34.7   2.88 -99.0    .0
  2 1983  39  22587  21.7  34.8   2.83 -99.0    .0
  2 1983  40  21049  22.7  34.3   3.07 -99.0   2.8
  2 1983  41  22810  22.4  35.2   2.80 -99.0    .0
  2 1983  42  23229  21.4  35.7   2.76 -99.0    .0
  2 1983  43  23403  21.3  34.6   2.82 -99.0    .0
  2 1983  44  23331  21.7  34.7   2.90 -99.0    .0
  2 1983  45  22519  22.7  35.9   2.88 -99.0    .0
  2 1983  46  22321  22.3  35.3   2.80 -99.0    .0
  2 1983  47  22493  22.5  33.3   3.11 -99.0    .0
  2 1983  48  22915  22.2  32.6   3.02 -99.0    .0
  2 1983  49  18984  22.6  32.6   2.98 -99.0    .0
  2 1983  50  21268  23.0  33.9   3.13 -99.0   3.3
  2 1983  51  22312  23.3  33.7   3.07 -99.0    .0
  2 1983  52  20107  23.5  34.2   3.05 -99.0    .0
  2 1983  53  21403  22.8  35.4   2.93 -99.0    .0
  2 1983  54  23707  21.7  35.3   2.67 -99.0    .0
  2 1983  55  20988  22.6  34.8   3.02 -99.0    .3
  2 1983  56  20778  23.3  35.9   3.06 -99.0    .0
  2 1983  57  22082  23.3  34.6   3.03 -99.0    .0
  2 1983  58  14537  23.8  33.8   2.88 -99.0    .0
  2 1983  59  14946  23.0  34.7   2.93 -99.0    .0
  2 1983  60  21447  22.7  36.0   2.89 -99.0    .0
  2 1983  61  23012  22.9  34.8   2.97 -99.0    .0
  2 1983  62  24072  22.1  35.5   2.76 -99.0    .0
  2 1983  63  23605  21.1  36.6   2.85 -99.0    .0
  2 1983  64  24156  22.6  35.6   2.60 -99.0    .0
  2 1983  65  22151  20.6  35.7   2.35 -99.0    .0
  2 1983  66  23468  22.0  36.1   2.84 -99.0    .0
  2 1983  67  23891  22.8  35.8   2.84 -99.0    .0
  2 1983  68  23543  22.5  35.4   2.86 -99.0   5.8
  2 1983  69  15607  23.6  33.6   3.12 -99.0    .0
  2 1983  70  20524  23.6  34.8   3.15 -99.0    .0
  2 1983  71  24163  24.2  35.2   3.24 -99.0    .0
  2 1983  72  22648  22.4  34.7   3.07 -99.0    .0
  2 1983  73  23454  23.4  35.1   2.71 -99.0    .0
  2 1983  74  23096  22.4  34.4   2.85 -99.0    .0
  2 1983  75  22996  22.8  34.9   3.05 -99.0    .0
  2 1983  76  18099  23.4  35.5   3.41 -99.0    .5
  2 1983  77  19548  24.3  34.7   3.46 -99.0   5.4
  2 1983  78  18661  24.3  35.0   3.66 -99.0  11.9
  2 1983  79  19852  23.4  33.5   3.33 -99.0    .0
  2 1983  80  18442  24.1  32.8   3.29 -99.0    .0
  2 1983  81  19111  23.4  33.4   3.20 -99.0    .0
  2 1983  82  23167  24.0  32.3   3.16 -99.0    .0
  2 1983  83  22275  24.0  33.3   3.17 -99.0    .0
  2 1983  84  24249  25.3  32.5   3.22 -99.0    .0
  2 1983  85  22702  24.3  32.2   3.18 -99.0  11.7
  2 1983  86  21804  23.8  32.9   3.19 -99.0    .0
  2 1983  87  24039  24.4  32.6   3.18 -99.0    .0
  2 1983  88  23531  24.6  32.6   3.20 -99.0    .0
  2 1983  89  21453  25.1  32.8   3.19 -99.0    .0
  2 1983  90  24602  24.0  35.2   2.93 -99.0    .0
  2 1983  91  24221  22.9  35.3   2.85 -99.0    .0
  2 1983  92  23315  23.0  33.8   2.97 -99.0    .0
  2 1983  93  20707  23.5  33.0   2.94 -99.0    .0
  2 1983  94  20715  22.4  32.6   2.85 -99.0    .0
  2 1983  95  24122  21.8  32.2   2.84 -99.0    .0
  2 1983  96  23342  25.0  32.3   3.21 -99.0    .0
  2 1983  97  23869  24.4  31.8   3.15 -99.0    .0
  2 1983  98  24264  25.1  31.7   3.20 -99.0    .0
  2 1983  99  23089  25.0  35.0   3.39 -99.0    .0
  2 1983 100  20998  26.0  32.6   3.38 -99.0    .0
  2 1983 101  21521  24.4  32.2   3.19 -99.0    .0
  2 1983 102  21782  26.1  32.3   3.36 -99.0    .0
  2 1983 103  24132  25.5  33.4   3.36 -99.0    .0
  2 1983 104  23475  26.4  32.6   3.42 -99.0    .0
  2 1983 105  23863  24.0  33.0   3.10 -99.0    .0
  2 1983 106  19681  24.6  34.0   3.38 -99.0   9.1
  2 1983 107  24503  24.6  33.3   3.11 -99.0    .0
  2 1983 108  24887  22.3  36.1   2.91 -99.0    .0
  2 1983 109  23445  24.5  34.7   3.10 -99.0    .0
  2 1983 110  22655  23.4  34.6   2.99 -99.0    .0
  2 1983 111  23557  23.0  33.9   2.94 -99.0    .0
  2 1983 112  19384  24.6  33.9   3.28 -99.0    .0
  2 1983 113  21196  24.5  33.2   3.25 -99.0   1.0
  2 1983 114  20017  25.0  33.2   3.17 -99.0    .0
  2 1983 115  19098  24.9  34.6   3.42 -99.0    .0
  2 1983 116  22720  24.8  32.1   3.25 -99.0    .0
  2 1983 117  23225  25.2  33.0   3.26 -99.0   3.7
  2 1983 118  22304  25.3  33.2   3.41 -99.0   1.2
  2 1983 119  21126  24.9  32.3   3.28 -99.0    .0
  2 1983 120  25249  22.9  32.1   2.97 -99.0   5.1
  2 1983 121  14123  24.6  30.7   3.22 -99.0  26.3
  2 1983 122  22890  24.7  31.4   3.29 -99.0  21.0
  2 1983 123  21585  23.8  34.4   3.46 -99.0   1.0
  2 1983 124  22084  25.1  32.2   3.41 -99.0    .4
  2 1983 125  19880  25.0  30.6   3.36 -99.0    .8
  2 1983 126  23337  24.0  31.4   3.23 -99.0   3.7
  2 1983 127  22548  24.5  32.8   3.29 -99.0    .0
  2 1983 128  16370  24.8  30.8   3.24 -99.0    .0
  2 1983 129  19051  25.0  32.5   3.47 -99.0    .0
  2 1983 130  18908  25.5  31.6   3.39 -99.0    .0
  2 1983 131  18637  25.0  32.0   3.34 -99.0    .0
  2 1983 132  24247  25.1  31.7   3.32 -99.0  11.1
  2 1983 133  22183  24.6  31.8   3.28 -99.0    .0
  2 1983 134  20634  25.2  32.1   3.41 -99.0    .0
  2 1983 135  13990  25.3  32.2   3.39 -99.0    .0
  2 1983 136  25184  25.2  33.3   3.33 -99.0   1.7
  2 1983 137  24400  26.1  32.5   3.50 -99.0    .4
  2 1983 138  20948  25.1  32.0   3.35 -99.0    .0
  2 1983 139  23978  25.3  31.8   3.31 -99.0    .0
  2 1983 140  19646  25.0  32.3   3.45 -99.0  19.5
  2 1983 141  24319  24.7  33.1   3.42 -99.0  23.4
  2 1983 142  21135  25.1  31.4   3.29 -99.0   5.7
  2 1983 143  14162  25.6  30.2   3.38 -99.0   5.0
  2 1983 144  18196  24.7  31.4   3.33 -99.0   4.2
  2 1983 145  20455  24.6  31.5   3.33 -99.0    .4
  2 1983 146  16655  25.0  30.9   3.23 -99.0   6.2
  2 1983 147  11224  23.6  30.8   3.24 -99.0   5.4
  2 1983 148  18270  23.8  33.6   3.42 -99.0    .2
  2 1983 149  17125  25.1  32.2   3.45 -99.0    .6
  2 1983 150  15731  24.8  32.9   3.41 -99.0  74.0
  2 1983 151  20622  23.3  33.4   3.27 -99.0    .0
  2 1983 152  21613  26.4  32.9   3.61 -99.0    .4
  2 1983 153  24863  24.8  31.7   3.25 -99.0    .0
  2 1983 154  20584  25.7  31.8   3.43 -99.0    .0
  2 1983 155  25084  26.0  32.1   3.45 -99.0    .0
  2 1983 156  23317  26.1  32.2   3.43 -99.0    .2
  2 1983 157  19801  25.8  32.1   3.51 -99.0   3.2
  2 1983 158  16039  25.5  32.0   3.43 -99.0    .0
  2 1983 159  12531  25.7  32.1   3.50 -99.0    .0
  2 1983 160  18900  24.3  32.3   3.34 -99.0  65.5
  2 1983 161  13021  23.1  30.8   3.16 -99.0   1.8
  2 1983 162  17262  23.1  31.3   3.06 -99.0    .0
  2 1983 163  22000  24.3  32.0   3.27 -99.0    .2
  2 1983 164  20746  24.6  33.1   3.57 -99.0   7.9
  2 1983 165  19617  24.3  32.1   3.44 -99.0    .5
  2 1983 166  19738  24.1  31.5   3.40 -99.0   3.6
  2 1983 167  20980  23.8  32.7   3.41 -99.0    .5
  2 1983 168  21725  24.6  31.1   3.29 -99.0   4.1
  2 1983 169  23716  24.6  30.9   3.23 -99.0  43.1
  2 1983 170  13246  23.5  30.3   3.15 -99.0  14.5
  2 1983 171  17482  24.1  30.4   3.32 -99.0  22.3
  2 1983 172  17481  24.1  31.7   3.30 -99.0    .0
  2 1983 173  19101  25.5  32.4   3.43 -99.0    .0
  2 1983 174  18603  25.3  31.6   3.37 -99.0    .0
  2 1983 175  13994  25.2  32.3   3.47 -99.0    .0
  2 1983 176  15989  26.0  31.8   3.50 -99.0   3.6
  2 1983 177  18110  25.5  32.1   3.44 -99.0    .0
  2 1983 178  15495  25.8  31.9   3.49 -99.0    .0
  2 1983 179  16371  25.8  32.2   3.48 -99.0    .0
  2 1983 180  18245  25.1  33.0   3.45 -99.0   1.0
  2 1983 181  18999  23.3  32.9   3.26 -99.0   6.2
  2 1983 182  20502  23.7  32.2   3.23 -99.0    .0
  2 1983 183  21008  24.3  32.6   3.33 -99.0    .0
  2 1983 184  23264  23.3  31.9   3.17 -99.0  25.0
  2 1983 185  18525  24.0  31.4   3.34 -99.0  10.4
  2 1983 186  18282  23.6  30.7   3.20 -99.0    .0
  2 1983 187  15163  24.1  31.3   3.41 -99.0  67.4
  2 1983 188  12667  23.0  29.9   3.20 -99.0  16.5
  2 1983 189  17807  23.6  30.3   3.30 -99.0  33.7
  2 1983 190  22077  23.5  31.7   3.32 -99.0  56.8
  2 1983 191  12058  22.4  31.7   3.21 -99.0   9.1
  2 1983 192  15703  23.7  31.0   3.42 -99.0  26.1
  2 1983 193  20483  23.9  30.1   3.24 -99.0  39.1
  2 1983 194  20496  22.8  31.3   3.21 -99.0    .0
  2 1983 195  18120  22.8  31.5   3.27 -99.0    .0
  2 1983 196  22411  22.7  32.3   3.22 -99.0  51.4
  2 1983 197  15373  22.0  31.0   3.00 -99.0    .0
  2 1983 198  20173  24.4  32.4   3.40 -99.0   8.3
  2 1983 199  10978  24.2  29.8   3.20 -99.0    .0
  2 1983 200  17677  23.7  32.7   3.36 -99.0    .0
  2 1983 201  18701  23.6  31.4   3.26 -99.0    .0
  2 1983 202  25545  23.3  31.7   3.22 -99.0    .0
  2 1983 203  24427  24.3  32.7   3.30 -99.0   5.5
  2 1983 204  21658  24.3  32.3   3.38 -99.0    .0
  2 1983 205  13685  25.0  32.1   3.47 -99.0    .0
  2 1983 206  17503  24.2  32.8   3.46 -99.0    .0
  2 1983 207  20821  24.1  33.4   3.35 -99.0    .2
  2 1983 208  22873  24.0  33.3   3.37 -99.0   1.0
  2 1983 209  20218  23.4  32.3   3.29 -99.0   3.1
  2 1983 210  22402  23.3  30.4   3.10 -99.0    .0
  2 1983 211  15021  23.8  31.8   3.24 -99.0    .2
  2 1983 212  24354  23.6  31.7   3.25 -99.0   1.5
  2 1983 213  15554  24.1  31.0   3.35 -99.0    .0
  2 1983 214  20172  23.8  31.9   3.25 -99.0    .0
  2 1983 215  15065  24.6  30.2   3.39 -99.0  26.2
  2 1983 216  17128  22.9  29.9   3.13 -99.0  37.0
  2 1983 217  14574  23.7  29.5   3.30 -99.0  13.6
  2 1983 218  15483  23.2  31.1   3.20 -99.0    .2
  2 1983 219  21151  23.7  31.5   3.17 -99.0    .1
  2 1983 220  17950  24.6  32.2   3.40 -99.0    .0
  2 1983 221  25305  23.5  31.9   3.19 -99.0    .0
  2 1983 222  24163  24.5  31.4   3.27 -99.0    .0
  2 1983 223  11405  26.8  30.7   3.55 -99.0  89.0
  2 1983 224  11282  22.8  28.5   3.09 -99.0  18.4
  2 1983 225  12322  22.9  29.2   3.20 -99.0  15.1
  2 1983 226  13363  23.3  31.3   3.30 -99.0    .3
  2 1983 227  17254  23.3  31.1   3.31 -99.0  17.8
  2 1983 228  10913  23.6  28.6   3.28 -99.0  61.7
  2 1983 229  13771  23.3  31.9   3.24 -99.0    .0
  2 1983 230  21564  24.4  32.0   3.36 -99.0    .0
  2 1983 231  18848  25.3  31.7   3.46 -99.0    .0
  2 1983 232  19376  25.5  31.9   3.50 -99.0  20.6
  2 1983 233  14702  23.6  31.4   3.30 -99.0   4.6
  2 1983 234  23036  23.6  32.4   3.24 -99.0  12.2
  2 1983 235  24608  23.8  30.5   2.94 -99.0    .0
  2 1983 236  26051  23.8  31.8   3.13 -99.0    .0
  2 1983 237  21888  25.6  31.8   3.38 -99.0    .0
  2 1983 238  16025  24.0  32.2   3.26 -99.0    .7
  2 1983 239  19029  23.5  32.3   3.19 -99.0   2.3
  2 1983 240  22296  23.0  32.9   3.16 -99.0    .0
  2 1983 241  23083  24.3  32.4   3.27 -99.0    .0
  2 1983 242  17861  24.3  31.6   3.12 -99.0    .0
  2 1983 243  17338  24.2  29.4   3.17 -99.0   5.8
  2 1983 244  24136  23.0  32.3   3.07 -99.0    .5
  2 1983 245  21259  23.6  32.6   3.30 -99.0  35.5
  2 1983 246  19166  21.8  31.7   3.19 -99.0    .4
  2 1983 247  18117  23.3  31.2   3.29 -99.0  25.4
  2 1983 248  22038  23.1  30.6   3.17 -99.0   6.1
  2 1983 249  23996  23.6  31.7   3.18 -99.0   4.3
  2 1983 250  21767  23.8  30.9   3.23 -99.0  61.0
  2 1983 251  22415  23.4  30.6   3.17 -99.0  13.1
  2 1983 252  13775  23.4  28.1   3.07 -99.0 102.9
  2 1983 253  22138  22.8  31.1   3.05 -99.0    .0
  2 1983 254  18337  24.5  32.6   3.31 -99.0    .0
  2 1983 255  15451  23.5  32.6   3.25 -99.0    .2
  2 1983 256  15311  24.0  31.4   3.30 -99.0   2.1
  2 1983 257  18305  24.1  30.7   3.24 -99.0  42.7
  2 1983 258  13200  23.3  30.8   3.36 -99.0   7.5
  2 1983 259  23501  22.7  31.7   3.13 -99.0   5.3
  2 1983 260  24398  24.0  31.3   3.18 -99.0   9.6
  2 1983 261  19164  23.1  30.4   3.05 -99.0  12.9
  2 1983 262  14847  23.4  30.0   3.08 -99.0   2.9
  2 1983 263  18739  23.3  30.6   3.01 -99.0    .0
  2 1983 264  13776  24.7  31.6   3.35 -99.0    .0
  2 1983 265  14020  23.3  31.1   3.13 -99.0  21.2
  2 1983 266  13614  23.4  29.3   3.12 -99.0  18.5
  2 1983 267  16844  22.9  30.5   3.18 -99.0  29.3
  2 1983 268  11894  23.4  27.6   3.13 -99.0  91.4
  2 1983 269  13433  23.3  29.9   3.27 -99.0  34.4
  2 1983 270  18205  23.3  30.6   3.19 -99.0  13.5
  2 1983 271  17017  23.4  29.8   3.23 -99.0  15.3
  2 1983 272  22420  23.5  32.0   3.16 -99.0   8.3
  2 1983 273  15421  22.1  31.9   3.02 -99.0    .0
  2 1983 274  21972  23.4  31.0   3.10 -99.0  39.1
  2 1983 275  10739  22.6  29.3   3.04 -99.0    .3
  2 1983 276  23064  22.6  31.9   3.03 -99.0    .0
  2 1983 277  23029  22.7  31.6   3.01 -99.0    .0
  2 1983 278  24147  23.9  32.3   3.07 -99.0    .0
  2 1983 279  23980  23.8  32.2   3.13 -99.0    .0
  2 1983 280  22534  25.0  31.8   3.24 -99.0   7.7
  2 1983 281  19815  23.3  30.6   3.09 -99.0   4.2
  2 1983 282  14170  24.0  29.6   3.13 -99.0   3.1
  2 1983 283  13379  23.6  30.6   3.15 -99.0   2.5
  2 1983 284  14116  23.9  28.1   3.09 -99.0   4.5
  2 1983 285  11170  23.0  26.6   2.97 -99.0  71.0
  2 1983 286  16973  23.1  30.9   3.13 -99.0    .0
  2 1983 287  15169  23.8  29.9   3.25 -99.0   1.9
  2 1983 288  18547  23.3  30.5   3.15 -99.0   2.0
  2 1983 289  19014  23.8  29.9   3.10 -99.0  25.1
  2 1983 290  10924  23.3  28.3   3.08 -99.0 150.5
  2 1983 291  13285  22.8  28.9   3.13 -99.0  15.6
  2 1983 292  19648  24.1  32.0   3.29 -99.0   4.4
  2 1983 293  19482  24.0  33.1   3.43 -99.0   1.3
  2 1983 294  15445  24.8  30.9   3.44 -99.0   2.2
  2 1983 295  14040  24.2  28.8   3.18 -99.0    .0
  2 1983 296  19481  23.6  32.3   3.20 -99.0   1.2
  2 1983 297  15715  23.6  30.4   3.06 -99.0    .8
  2 1983 298  20759  24.1  30.6   3.23 -99.0    .0
  2 1983 299  20095  24.6  30.3   3.18 -99.0    .0
  2 1983 300  18570  25.0  30.9   3.27 -99.0    .0
  2 1983 301  15573  24.3  29.8   3.14 -99.0    .6
  2 1983 302  21314  23.9  31.4   3.10 -99.0    .0
  2 1983 303  17464  24.4  30.6   3.19 -99.0  23.8
  2 1983 304  17180  24.0  31.9   3.23 -99.0    .4
  2 1983 305  18606  25.3  31.8   3.39 -99.0    .0
  2 1983 306  18077  24.5  33.6   3.49 -99.0    .3
  2 1983 307  17793  24.0  32.6   3.42 -99.0    .0
  2 1983 308  16174  24.4  32.3   3.31 -99.0    .0
  2 1983 309  16986  24.2  32.6   3.52 -99.0    .0
  2 1983 310  20212  23.9  32.4   3.23 -99.0    .0
  2 1983 311  16065  24.0  32.8   3.32 -99.0    .0
  2 1983 312  18076  24.8  32.3   3.31 -99.0    .0
  2 1983 313  20440  24.0  31.9   3.23 -99.0    .4
  2 1983 314  19556  24.0  32.3   3.35 -99.0    .3
  2 1983 315   9698  24.3  25.9   3.05 -99.0  41.3
  2 1983 316  17322  23.3  30.8   3.10 -99.0    .0
  2 1983 317  18120  24.3  31.6   3.39 -99.0  16.9
  2 1983 318  13083  23.1  29.9   3.11 -99.0    .0
  2 1983 319  18876  22.7  32.2   3.14 -99.0    .0
  2 1983 320  13265  24.2  31.8   3.28 -99.0    .0
  2 1983 321  13001  23.6  30.9   3.29 -99.0    .0
  2 1983 322  18881  23.6  32.0   3.32 -99.0   2.5
  2 1983 323  18137  22.6  31.4   3.02 -99.0    .0
  2 1983 324  15984  23.2  30.4   3.13 -99.0    .6
  2 1983 325  19009  23.7  31.2   3.03 -99.0  24.1
  2 1983 326  20617  22.2  30.5   2.60 -99.0    .0
  2 1983 327  18004  22.1  31.1   2.78 -99.0    .0
  2 1983 328  21247  22.2  30.7   2.79 -99.0    .0
  2 1983 329  20044  23.3  30.6   2.80 -99.0    .0
  2 1983 330  20710  22.0  30.3   2.60 -99.0    .0
  2 1983 331  17186  22.2  29.4   2.61 -99.0    .0
  2 1983 332  15997  22.4  29.0   2.70 -99.0    .0
  2 1983 333  20384  22.4  30.1   2.69 -99.0    .0
  2 1983 334  21862  21.3  30.3   2.58 -99.0    .0
  2 1983 335  18011  20.6  30.4   2.67 -99.0    .2
  2 1983 336  10819  22.0  29.2   3.05 -99.0  14.3
  2 1983 337  10342  22.3  29.2   2.91 -99.0   3.0
  2 1983 338   9522  23.3  26.6   3.03 -99.0  12.1
  2 1983 339   9280  22.6  24.5   2.84 -99.0  57.9
  2 1983 340  11226  22.4  29.4   2.97 -99.0    .2
  2 1983 341  12940  22.6  29.4   2.75 -99.0    .0
  2 1983 342  11893  22.4  29.5   2.84 -99.0    .0
  2 1983 343  11078  22.1  28.5   2.83 -99.0    .6
  2 1983 344  15543  22.0  29.7   2.82 -99.0    .0
  2 1983 345  17022  22.2  30.2   2.78 -99.0    .0
  2 1983 346  12542  22.4  28.8   2.82 -99.0    .0
  2 1983 347  10243  22.6  29.4   2.92 -99.0   3.0
  2 1983 348   9665  22.3  28.7   2.83 -99.0    .0
  2 1983 349  11148  22.2  29.2   2.83 -99.0    .0
  2 1983 350  15718  22.4  29.4   2.70 -99.0  23.3
  2 1983 351  20058  21.8  31.2   2.55 -99.0    .0
  2 1983 352  18110  22.0  31.3   2.78 -99.0    .0
  2 1983 353  20506  23.0  31.1   2.63 -99.0    .0
  2 1983 354  18790  22.2  30.6   2.67 -99.0    .0
  2 1983 355  20618  22.3  30.7   2.52 -99.0    .0
  2 1983 356  19590  22.4  31.3   2.57 -99.0    .0
  2 1983 357  21649  20.8  30.9   2.29 -99.0    .0
  2 1983 358  20739  20.3  31.6   2.40 -99.0    .0
  2 1983 359  11139  23.2  29.1   2.70 -99.0    .0
  2 1983 360  16061  22.5  31.6   2.67 -99.0    .0
  2 1983 361  19386  22.0  32.3   2.65 -99.0    .0
  2 1983 362  19166  22.1  33.3   3.00 -99.0    .0
  2 1983 363  19405  22.3  31.7   2.88 -99.0    .0
  2 1983 364  19417  22.2  32.2   2.95 -99.0    .4
  2 1983 365  14270  22.5  30.9   3.11 -99.0    .0


