*---------------------------------------------------------*
*   Country: Malaysia
*   Station: TLKC0064 Telok Chengai
*      Year: 1980
*    Source: CLICOM database
*    Author: Climate Unit, IRRI
* Longitude: 100 17 E
*  Latitude: 06 06 N
* Elevation: 1.0 m.
*  Comments: Solar radiation values are the same as 1979(?). -99.000: nil value
* NOTE: Reference for a & b
*       Hing, C.H. and Joo, T.L. (1983) Solar and net radiation in Peninsular
*       Malaysia. J. Climatology. 3:271-283.
*
*  Columns:
*  ========
*  station number
*  year
*  day
*  irradiation (kJ m-2 d-1)
*  minimum temperature (degrees Celsius)
*  maximum temperature (degrees Celsius)
*  vapour pressure (kPa)
*  mean wind speed (m s-1)
*  precipitation (mm d-1)
** WCCDESCRIPTION=Malaysia, Telok Chengai, daily weather (mald2.978...988)
** WCCFORMAT=2
** WCCYEARNR=1980
*-----------------------------------------------------------
100.28   6.10   1.0 -0.25 -0.42
  2 1980   1  21510  21.7  33.2   2.66 -99.0    .0
  2 1980   2  21527  22.0  33.4   2.70 -99.0    .0
  2 1980   3  21776  21.4  32.4   2.33 -99.0    .0
  2 1980   4  20876  19.6  33.4   2.31 -99.0    .0
  2 1980   5  17098  20.4  33.3   2.46 -99.0    .0
  2 1980   6  17692  22.7  33.1   2.58 -99.0    .0
  2 1980   7  18405  22.3  33.6   2.70 -99.0    .0
  2 1980   8  20506  21.4  32.8   2.53 -99.0    .0
  2 1980   9  18913  21.5  33.0   2.48 -99.0    .0
  2 1980  10  21716  20.8  33.0   2.40 -99.0    .0
  2 1980  11  20587  22.4  33.5   2.70 -99.0    .0
  2 1980  12  21544  22.7  33.8   2.87 -99.0    .0
  2 1980  13  21111  21.7  34.1   2.73 -99.0    .0
  2 1980  14  21260  22.2  33.9   2.60 -99.0    .0
  2 1980  15  17213  21.2  34.6   2.39 -99.0   9.6
  2 1980  16  21678  20.5  32.8   2.12 -99.0    .0
  2 1980  17  19610  20.1  32.7   2.33 -99.0    .0
  2 1980  18  20580  20.5  33.7   2.43 -99.0    .0
  2 1980  19  17684  20.7  32.4   2.42 -99.0    .0
  2 1980  20  17129  22.0  33.4   2.51 -99.0    .0
  2 1980  21  20339  22.1  34.2   2.66 -99.0    .0
  2 1980  22  20260  22.0  33.6   2.68 -99.0    .0
  2 1980  23  20062  21.2  33.3   2.52 -99.0    .0
  2 1980  24  22232  20.0  33.3   2.22 -99.0    .0
  2 1980  25  18956  21.3  33.4   2.65 -99.0    .0
  2 1980  26  20183  21.6  32.6   2.75 -99.0    .0
  2 1980  27  21890  21.5  33.2   2.90 -99.0    .0
  2 1980  28  22532  22.8  32.3   2.97 -99.0    .0
  2 1980  29  22698  22.6  32.4   2.97 -99.0    .0
  2 1980  30  22028  22.3  31.6   2.91 -99.0    .0
  2 1980  31  18117  21.6  31.4   2.76 -99.0    .0
  2 1980  32  22363  21.0  32.7   2.71 -99.0    .0
  2 1980  33  21929  22.0  33.6   2.75 -99.0    .0
  2 1980  34  22943  22.0  34.7   2.80 -99.0    .0
  2 1980  35  20817  23.0  34.6   2.88 -99.0    .0
  2 1980  36  22559  23.6  35.3   2.99 -99.0   1.4
  2 1980  37  21637  22.6  36.1   2.81 -99.0    .0
  2 1980  38  22294  21.9  36.0   2.34 -99.0    .0
  2 1980  39  23441  21.2  35.6   2.19 -99.0    .0
  2 1980  40  23248  20.7  34.9   2.23 -99.0    .0
  2 1980  41  23544  20.5  34.9   2.33 -99.0    .0
  2 1980  42  23597  21.4  35.4   2.38 -99.0    .0
  2 1980  43  21436  21.9  34.8   2.53 -99.0    .0
  2 1980  44  23208  21.0  35.2   2.34 -99.0    .0
  2 1980  45  22519  21.0  35.4   2.39 -99.0    .0
  2 1980  46  23310  22.7  35.3   2.31 -99.0    .0
  2 1980  47  20635  21.9  35.9   2.57 -99.0    .0
  2 1980  48  21177  23.4  35.7   2.67 -99.0    .0
  2 1980  49  21471  22.6  35.6   2.65 -99.0    .0
  2 1980  50  23761  22.9  36.2   2.72 -99.0    .0
  2 1980  51  21938  22.7  36.2   2.87 -99.0    .0
  2 1980  52  15354  23.9  34.7   2.92 -99.0    .0
  2 1980  53  10248  24.7  35.7   3.82 -99.0   1.6
  2 1980  54  13913  23.3  32.7   3.40 -99.0    .5
  2 1980  55  18220  23.5  35.2   3.06 -99.0   1.0
  2 1980  56  19014  23.9  32.8   3.04 -99.0    .0
  2 1980  57  20062  23.5  33.1   2.99 -99.0    .0
  2 1980  58  19090  24.4  32.7   3.07 -99.0    .0
  2 1980  59  16340  24.3  32.7   3.14 -99.0    .0
  2 1980  60  18783  23.3  33.6   3.29 -99.0    .0
  2 1980  61  20598  23.6  32.4   3.05 -99.0    .0
  2 1980  62  23054  23.8  33.6   3.26 -99.0  16.8
  2 1980  63  16465  23.0  32.8   3.11 -99.0   3.5
  2 1980  64  15984  23.4  31.4   3.06 -99.0    .0
  2 1980  65  18570  24.4  34.0   3.36 -99.0    .0
  2 1980  66  21035  23.6  32.0   3.09 -99.0   7.1
  2 1980  67  22993  22.2  32.2   3.02 -99.0   9.0
  2 1980  68  22002  23.5  33.0   3.14 -99.0    .0
  2 1980  69  23836  23.6  32.1   2.95 -99.0    .0
  2 1980  70  21940  24.2  32.3   3.10 -99.0    .0
  2 1980  71  21456  24.5  32.3   3.16 -99.0    .0
  2 1980  72  20454  24.6  31.3   3.35 -99.0    .4
  2 1980  73  23971  22.8  31.5   2.72 -99.0    .0
  2 1980  74  23225  22.7  34.2   2.78 -99.0    .0
  2 1980  75  18594  24.2  32.3   3.25 -99.0  23.0
  2 1980  76  19524  23.6  30.3   3.01 -99.0    .0
  2 1980  77  24088  23.1  30.3   3.01 -99.0  39.2
  2 1980  78  19440  23.0  29.8   2.95 -99.0  13.4
  2 1980  79  22451  23.7  30.4   3.00 -99.0    .0
  2 1980  80  20523  24.5  32.0   3.21 -99.0    .0
  2 1980  81  24187  23.7  32.0   3.03 -99.0  15.0
  2 1980  82  22386  24.7  32.6   3.17 -99.0    .2
  2 1980  83  24099  23.5  31.8   2.88 -99.0    .0
  2 1980  84  24379  23.9  33.8   2.77 -99.0   1.4
  2 1980  85  24398  22.7  34.3   2.75 -99.0    .0
  2 1980  86  23762  24.0  35.1   3.05 -99.0    .0
  2 1980  87  21688  25.2  34.2   3.24 -99.0  33.4
  2 1980  88  22486  23.6  33.7   3.25 -99.0    .0
  2 1980  89  19101  24.5  29.8   3.12 -99.0    .0
  2 1980  90  20680  24.5  30.3   3.06 -99.0    .5
  2 1980  91  24090  24.4  31.9   3.08 -99.0  35.5
  2 1980  92  22923  24.8  32.8   3.20 -99.0    .0
  2 1980  93  23847  24.9  33.7   2.88 -99.0    .0
  2 1980  94  18883  23.8  32.8   3.07 -99.0  13.5
  2 1980  95  25692  23.4  32.9   2.85 -99.0    .0
  2 1980  96  23865  23.8  33.7   3.03 -99.0    .0
  2 1980  97  20468  24.5  33.3   3.34 -99.0  24.0
  2 1980  98  20733  24.6  33.4   3.40 -99.0    .0
  2 1980  99  17858  24.9  33.2   3.57 -99.0   4.1
  2 1980 100  23875  24.0  32.0   3.32 -99.0    .0
  2 1980 101  24136  24.3  32.3   3.30 -99.0  23.0
  2 1980 102  19691  25.0  31.7   3.31 -99.0    .0
  2 1980 103  18122  25.0  32.1   3.43 -99.0    .0
  2 1980 104  25434  25.3  32.3   3.28 -99.0   7.1
  2 1980 105  22557  23.7  32.3   3.13 -99.0    .0
  2 1980 106  22552  23.8  31.4   3.02 -99.0   4.9
  2 1980 107  22807  25.2  32.0   3.28 -99.0    .0
  2 1980 108  20715  25.3  31.8   3.39 -99.0    .0
  2 1980 109  25139  23.8  32.3   3.14 -99.0    .0
  2 1980 110  23827  25.3  32.9   3.38 -99.0   1.8
  2 1980 111  20954  25.3  32.8   3.37 -99.0  11.1
  2 1980 112  21335  24.4  29.3   3.10 -99.0    .9
  2 1980 113  25095  24.1  31.3   3.11 -99.0    .0
  2 1980 114  24563  24.6  31.6   3.22 -99.0   1.0
  2 1980 115  21434  24.3  30.7   3.22 -99.0   7.2
  2 1980 116  24535  25.2  32.7   3.39 -99.0   1.5
  2 1980 117  24002  24.4  31.7   3.25 -99.0    .0
  2 1980 118  17643  24.6  31.9   3.37 -99.0    .0
  2 1980 119  24619  24.6  32.1   3.19 -99.0   1.5
  2 1980 120  25766  24.9  31.9   3.16 -99.0    .0
  2 1980 121  25102  25.0  31.9   3.25 -99.0    .0
  2 1980 122  23923  25.0  32.2   3.20 -99.0    .0
  2 1980 123  24034  25.5  31.7   3.36 -99.0   2.5
  2 1980 124  23888  25.0  32.4   3.34 -99.0  12.2
  2 1980 125  24384  25.0  31.9   3.29 -99.0    .0
  2 1980 126  20765  25.4  31.3   3.27 -99.0   3.5
  2 1980 127  20107  24.5  30.9   3.04 -99.0  20.0
  2 1980 128  16370  24.6  30.1   3.12 -99.0   4.7
  2 1980 129  19051  24.8  31.8   3.22 -99.0  18.8
  2 1980 130  19676  24.4  32.3   3.39 -99.0    .0
  2 1980 131  23627  25.3  31.0   3.27 -99.0  54.6
  2 1980 132  19901  24.0  31.2   3.13 -99.0    .0
  2 1980 133  23205  24.9  32.7   3.32 -99.0  27.5
  2 1980 134  25737  23.6  31.5   3.12 -99.0    .0
  2 1980 135  19215  24.4  31.8   3.38 -99.0   2.6
  2 1980 136  23274  24.3  31.2   3.23 -99.0  44.7
  2 1980 137  10916  24.6  30.3   3.33 -99.0   4.6
  2 1980 138  20567  24.5  31.7   3.26 -99.0   1.1
  2 1980 139  22582  25.5  31.8   3.33 -99.0    .0
  2 1980 140  12797  25.4  29.0   3.28 -99.0  11.4
  2 1980 141  24066  25.0  31.2   3.26 -99.0    .0
  2 1980 142  19995  25.3  31.3   3.26 -99.0    .0
  2 1980 143  24028  25.1  31.9   3.34 -99.0  16.4
  2 1980 144  22492  24.3  32.3   3.26 -99.0    .0
  2 1980 145  15278  26.5  31.6   3.53 -99.0  38.9
  2 1980 146  19178  24.5  30.4   3.29 -99.0    .0
  2 1980 147  20173  25.0  32.3   3.37 -99.0    .0
  2 1980 148  17640  25.3  31.8   3.59 -99.0   2.3
  2 1980 149  24424  24.3  31.9   3.30 -99.0   3.0
  2 1980 150  25162  23.3  32.0   3.14 -99.0    .0
  2 1980 151  19742  24.5  31.4   3.43 -99.0   5.8
  2 1980 152  24878  22.2  32.1   3.01 -99.0    .0
  2 1980 153  22353  24.3  32.3   3.34 -99.0    .0
  2 1980 154  21086  24.8  30.7   3.27 -99.0    .0
  2 1980 155  23831  25.0  31.5   3.25 -99.0    .0
  2 1980 156  24069  24.5  31.3   3.23 -99.0    .0
  2 1980 157  21803  25.0  31.4   3.36 -99.0    .0
  2 1980 158  23544  24.8  30.3   3.20 -99.0   9.7
  2 1980 159  14031  25.0  30.3   3.48 -99.0  92.2
  2 1980 160  14651  23.3  30.3   3.24 -99.0  42.2
  2 1980 161  10648  23.5  28.0   3.07 -99.0   4.6
  2 1980 162  23006  24.8  30.8   3.21 -99.0   2.8
  2 1980 163  16508  23.3  31.4   3.12 -99.0    .0
  2 1980 164  13259  24.0  31.5   3.27 -99.0    .0
  2 1980 165  16374  24.3  30.2   3.18 -99.0  17.6
  2 1980 166  20112  23.0  30.9   3.09 -99.0    .0
  2 1980 167  13251  23.5  30.4   3.12 -99.0    .0
  2 1980 168  14371  23.4  31.2   3.15 -99.0   7.5
  2 1980 169  10755  23.3  29.2   3.06 -99.0   5.7
  2 1980 170  15738  23.0  32.0   3.15 -99.0    .0
  2 1980 171  16983  22.9  31.5   3.17 -99.0    .0
  2 1980 172  13992  23.2  31.5   3.20 -99.0    .0
  2 1980 173  19973  22.6  31.5   3.03 -99.0    .0
  2 1980 174  19849  22.5  31.5   2.88 -99.0    .0
  2 1980 175  18853  22.2  30.5   3.01 -99.0    .0
  2 1980 176  20725  24.0  30.9   3.18 -99.0   1.4
  2 1980 177  13249  24.0  30.3   3.34 -99.0   6.8
  2 1980 178  12004  23.0  30.9   3.23 -99.0    .0
  2 1980 179  12754  24.0  30.8   3.24 -99.0    .0
  2 1980 180  22112  23.0  31.3   3.12 -99.0    .0
  2 1980 181  19248  25.2  31.9   3.39 -99.0    .0
  2 1980 182  17382  25.3  32.4   3.41 -99.0    .0
  2 1980 183  18761  24.0  31.9   3.27 -99.0    .0
  2 1980 184  19267  25.2  31.4   3.38 -99.0    .5
  2 1980 185  20149  25.8  31.5   3.49 -99.0    .0
  2 1980 186  21408  24.7  31.3   3.36 -99.0  14.8
  2 1980 187  23044  23.5  31.4   3.14 -99.0  44.7
  2 1980 188  20427  22.3  31.5   3.08 -99.0    .0
  2 1980 189  24820  23.7  32.3   3.24 -99.0    .0
  2 1980 190  17691  24.0  32.3   3.23 -99.0   1.5
  2 1980 191  17575  24.3  31.0   3.25 -99.0    .0
  2 1980 192  20722  24.5  32.0   3.29 -99.0    .0
  2 1980 193  25129  23.7  32.0   3.14 -99.0    .1
  2 1980 194  14088  24.8  31.2   3.32 -99.0  31.2
  2 1980 195  20258  22.2  31.7   3.12 -99.0  33.1
  2 1980 196  13098  22.4  29.4   3.07 -99.0   1.2
  2 1980 197  20915  23.5  30.8   3.23 -99.0  16.5
  2 1980 198  25467  23.1  31.2   3.09 -99.0    .0
  2 1980 199  24477  24.5  31.3   3.23 -99.0    .0
  2 1980 200  18940  24.5  31.1   3.36 -99.0  20.6
  2 1980 201  16805  23.4  30.9   3.23 -99.0   7.5
  2 1980 202  14162  23.7  31.3   3.30 -99.0   1.1
  2 1980 203  15184  24.6  31.3   3.35 -99.0  53.2
  2 1980 204  20898  23.8  31.4   3.24 -99.0    .8
  2 1980 205  19773  24.3  31.4   3.33 -99.0    .0
  2 1980 206  22074  24.4  32.2   3.22 -99.0  11.0
  2 1980 207  23363  23.8  32.3   3.18 -99.0   3.0
  2 1980 208  21474  23.5  30.3   3.15 -99.0    .0
  2 1980 209  21237  23.4  31.4   3.13 -99.0   7.0
  2 1980 210  16794  24.3  29.9   3.22 -99.0   2.1
  2 1980 211  20251  24.0  31.8   3.19 -99.0    .0
  2 1980 212  22694  23.2  31.9   3.09 -99.0    .0
  2 1980 213  23608  23.0  31.9   3.10 -99.0    .0
  2 1980 214  21452  22.6  31.2   3.08 -99.0    .4
  2 1980 215  20445  22.5  31.5   3.10 -99.0   2.6
  2 1980 216  22256  22.2  31.9   3.07 -99.0    .0
  2 1980 217  21888  22.2  30.9   3.05 -99.0  26.8
  2 1980 218  21777  22.5  31.2   3.03 -99.0  71.3
  2 1980 219  21151  22.6  31.6   3.15 -99.0    .0
  2 1980 220  16920  23.2  30.9   3.28 -99.0   1.9
  2 1980 221  21054  22.7  31.9   3.26 -99.0  62.0
  2 1980 222  15138  23.0  30.8   3.29 -99.0  20.0
  2 1980 223  20051  22.3  30.4   3.01 -99.0  74.8
  2 1980 224  12315  22.8  30.0   3.16 -99.0  11.0
  2 1980 225  12839  22.7  31.3   3.27 -99.0  26.9
  2 1980 226  12586  21.1  31.3   3.19 -99.0  38.0
  2 1980 227  22434  22.6  31.6   3.08 -99.0  93.0
  2 1980 228  20892  22.7  30.8   3.12 -99.0    .0
  2 1980 229  15457  23.1  29.8   3.24 -99.0    .0
  2 1980 230  12868  23.4  30.7   3.32 -99.0  12.6
  2 1980 231  12613  22.7  29.9   3.11 -99.0  49.3
  2 1980 232  14697  22.9  30.6   3.12 -99.0    .3
  2 1980 233  21986  23.6  30.8   3.06 -99.0   4.0
  2 1980 234  24728  23.8  30.7   3.07 -99.0    .0
  2 1980 235  25129  23.5  31.3   3.17 -99.0    .0
  2 1980 236  11848  23.4  30.9   3.41 -99.0    .0
  2 1980 237  14979  22.4  30.4   3.09 -99.0  21.6
  2 1980 238  10938  22.5  26.4   2.88 -99.0   1.3
  2 1980 239  17854  23.3  30.8   3.07 -99.0  13.0
  2 1980 240  13418  24.1  29.6   3.35 -99.0    .0
  2 1980 241  13941  23.7  30.2   3.23 -99.0  17.7
  2 1980 242  15378  23.3  30.2   3.19 -99.0  52.0
  2 1980 243  13287  22.8  30.2   3.21 -99.0  38.7
  2 1980 244  21521  22.8  30.3   3.08 -99.0  64.0
  2 1980 245  21782  24.6  31.7   3.31 -99.0    .0
  2 1980 246  25182  24.4  31.7   3.25 -99.0    .0
  2 1980 247  25442  24.6  31.8   3.17 -99.0    .0
  2 1980 248  18899  24.5  31.7   3.26 -99.0    .0
  2 1980 249  14970  24.6  31.5   3.52 -99.0    .0
  2 1980 250  11825  23.3  31.6   3.51 -99.0  34.0
  2 1980 251  16005  23.9  31.4   3.40 -99.0  82.0
  2 1980 252  17830  23.2  30.4   3.13 -99.0  34.0
  2 1980 253  22007  23.4  30.8   3.15 -99.0  14.0
  2 1980 254  11276  23.0  30.6   3.27 -99.0    .0
  2 1980 255  13098  23.4  30.3   3.25 -99.0  21.0
  2 1980 256  19624  23.3  31.4   3.16 -99.0    .0
  2 1980 257  20526  23.2  30.9   3.10 -99.0    .0
  2 1980 258  21035  24.7  31.1   3.26 -99.0    .0
  2 1980 259  21152  24.7  31.3   3.21 -99.0    .0
  2 1980 260  22441  25.1  31.3   3.21 -99.0    .0
  2 1980 261  21511  25.4  30.7   3.25 -99.0    .0
  2 1980 262  22405  24.4  30.6   3.15 -99.0    .0
  2 1980 263  19260  23.5  31.3   3.10 -99.0  37.0
  2 1980 264  20283  23.3  31.5   3.10 -99.0    .0
  2 1980 265  23124  24.2  31.7   3.27 -99.0    .0
  2 1980 266  22061  23.6  31.5   3.27 -99.0  24.2
  2 1980 267  12689  23.7  29.7   3.22 -99.0   6.1
  2 1980 268  20975  22.4  30.8   2.99 -99.0  60.8
  2 1980 269  19135  23.4  31.7   3.20 -99.0  21.0
  2 1980 270  22089  24.0  30.6   3.22 -99.0  22.4
  2 1980 271  16500  23.6  29.9   3.23 -99.0    .0
  2 1980 272  12601  23.3  27.8   3.14 -99.0  21.0
  2 1980 273  11162  23.0  27.3   3.06 -99.0  74.3
  2 1980 274  23519  23.1  29.3   3.12 -99.0  36.2
  2 1980 275  17820  22.4  30.8   2.99 -99.0   6.7
  2 1980 276  15349  23.4  30.3   3.21 -99.0    .6
  2 1980 277  22002  22.7  30.9   3.06 -99.0    .0
  2 1980 278  14657  23.3  30.8   3.25 -99.0  19.0
  2 1980 279  10534  23.2  30.4   3.31 -99.0 138.5
  2 1980 280  12432  23.0  27.7   3.03 -99.0   3.1
  2 1980 281  20326  22.8  28.4   2.91 -99.0   4.0
  2 1980 282  19780  23.4  30.5   3.12 -99.0    .0
  2 1980 283  20763  24.3  30.6   3.29 -99.0   1.6
  2 1980 284  18310  23.3  30.1   3.11 -99.0  29.7
  2 1980 285  22209  24.3  30.3   3.19 -99.0  42.0
  2 1980 286  18113  24.8  31.8   3.46 -99.0    .4
  2 1980 287  20354  24.7  32.6   3.49 -99.0    .0
  2 1980 288  19557  24.4  31.3   3.37 -99.0    .5
  2 1980 289  20274  23.8  31.6   3.23 -99.0   8.0
  2 1980 290  20233  24.0  31.3   3.22 -99.0  23.2
  2 1980 291  14415  23.4  30.9   3.23 -99.0   9.5
  2 1980 292  10248  24.9  30.8   3.52 -99.0    .0
  2 1980 293  19732  23.1  31.4   3.14 -99.0   7.2
  2 1980 294  10575  23.0  31.4   3.28 -99.0   1.7
  2 1980 295  17529  24.2  31.2   3.30 -99.0   6.6
  2 1980 296  22964  24.3  30.6   3.14 -99.0    .0
  2 1980 297  18694  25.1  30.8   3.31 -99.0    .0
  2 1980 298  22617  24.7  30.3   3.11 -99.0    .0
  2 1980 299  18735  25.0  30.4   3.26 -99.0   7.3
  2 1980 300  12400  24.6  29.5   3.21 -99.0    .0
  2 1980 301  13972  24.6  29.4   3.13 -99.0   1.0
  2 1980 302  19224  24.2  29.3   3.09 -99.0   5.5
  2 1980 303  14766  23.5  29.6   3.12 -99.0  10.0
  2 1980 304  17424  24.3  29.8   3.14 -99.0  13.3
  2 1980 305  18851  24.2  30.3   3.14 -99.0    .0
  2 1980 306  19296  24.9  30.3   3.32 -99.0    .0
  2 1980 307  15116  24.2  30.6   3.35 -99.0    .0
  2 1980 308  15567  24.1  30.4   3.32 -99.0    .0
  2 1980 309  10443  23.3  28.2   3.04 -99.0 124.5
  2 1980 310  20091  23.4  30.9   3.09 -99.0    .6
  2 1980 311  17271  24.2  30.3   3.14 -99.0    .0
  2 1980 312  15427  24.1  29.5   3.20 -99.0    .0
  2 1980 313  12267  23.9  30.3   3.22 -99.0    .0
  2 1980 314  14998  23.1  30.8   3.19 -99.0    .0
  2 1980 315  17958  23.7  30.4   2.92 -99.0  80.4
  2 1980 316  17083  23.4  30.1   3.12 -99.0    .0
  2 1980 317  10250  23.7  29.0   2.98 -99.0  25.1
  2 1980 318  19034  23.6  32.2   3.11 -99.0    .0
  2 1980 319  19945  23.5  32.8   3.12 -99.0    .0
  2 1980 320  22276  23.8  32.7   3.06 -99.0    .0
  2 1980 321  20220  24.1  32.6   3.27 -99.0    .0
  2 1980 322  20180  24.0  30.8   3.17 -99.0    .0
  2 1980 323  18845  24.3  32.2   3.33 -99.0    .0
  2 1980 324  17632  23.3  30.8   3.18 -99.0  21.1
  2 1980 325  17129  23.9  31.5   3.23 -99.0    .0
  2 1980 326  13578  23.8  30.2   3.27 -99.0  24.6
  2 1980 327  16598  23.6  30.5   3.25 -99.0  41.6
  2 1980 328  15049  24.3  30.8   3.16 -99.0  14.0
  2 1980 329  13622  24.1  30.7   3.28 -99.0    .0
  2 1980 330  13600  23.4  29.4   3.20 -99.0   8.3
  2 1980 331  18117  23.8  30.6   3.10 -99.0  21.4
  2 1980 332  21809  23.8  30.5   2.94 -99.0   4.1
  2 1980 333   9937  23.7  30.6   3.30 -99.0    .0
  2 1980 334  13631  23.5  29.2   3.01 -99.0    .0
  2 1980 335  12570  23.8  31.1   3.36 -99.0    .0
  2 1980 336  10819  24.0  30.3   3.45 -99.0    .4
  2 1980 337  12190  23.5  30.5   3.27 -99.0   1.0
  2 1980 338  16790  23.9  32.3   3.30 -99.0  33.4
  2 1980 339   9510  23.3  32.3   3.43 -99.0    .0
  2 1980 340   9269  23.2  31.0   3.33 -99.0   2.2
  2 1980 341   9604  23.3  28.2   3.04 -99.0   1.5
  2 1980 342  14191  22.9  29.3   3.14 -99.0  35.2
  2 1980 343  12111  24.0  30.8   3.46 -99.0    .3
  2 1980 344  10495  23.2  29.6   2.78 -99.0  69.2
  2 1980 345  17825  23.0  31.0   2.66 -99.0    .0
  2 1980 346  21250  23.4  31.8   2.91 -99.0    .0
  2 1980 347  19863  23.5  32.4   2.97 -99.0   6.3
  2 1980 348  21226  23.3  31.4   2.76 -99.0    .0
  2 1980 349  21216  22.1  31.9   2.66 -99.0    .0
  2 1980 350  20064  23.0  31.8   2.87 -99.0    .0
  2 1980 351  12283  23.4  29.9   3.00 -99.0    .0
  2 1980 352  15938  23.6  29.9   2.94 -99.0    .0
  2 1980 353  16392  23.1  31.3   3.10 -99.0    .0
  2 1980 354  13190  23.9  31.4   3.14 -99.0    .0
  2 1980 355  13418  22.5  31.4   2.98 -99.0    .0
  2 1980 356  18561  23.2  31.6   2.73 -99.0    .0
  2 1980 357  19478  22.1  30.7   2.61 -99.0    .0
  2 1980 358  17767  21.4  30.6   2.44 -99.0    .0
  2 1980 359  14112  22.0  31.9   2.73 -99.0    .0
  2 1980 360  15032  22.0  31.6   2.85 -99.0    .0
  2 1980 361  19615  22.4  31.1   2.84 -99.0    .0
  2 1980 362  17563  22.1  31.4   2.66 -99.0    .0
  2 1980 363  12190  22.6  30.9   2.70 -99.0    .0
  2 1980 364  18386  22.6  31.4   2.56 -99.0    .0
  2 1980 365  20118  21.5  31.2   2.56 -99.0    .0
  2 1980 366  16347  22.3  31.3   2.77 -99.0    .0


