*---------------------------------------------------------*
*   Country: Malaysia
*   Station: TLKC0064 Telok Chengai
*      Year: 1979
*    Source: CLICOM database
*    Author: Climate Unit, IRRI
* Longitude: 100 17 E
*  Latitude: 06 06 N
* Elevation: 1.0 m.
*  Comments: Solar radiation values are the same as 1979(?). -99.000: nil value
* NOTE: Reference for a & b
*       Hing, C.H. and Joo, T.L. (1983) Solar and net radiation in Peninsular
*       Malaysia. J. Climatology. 3:271-283.
*
*  Columns:
*  ========
*  station number
*  year
*  day
*  irradiation (kJ m-2 d-1)
*  minimum temperature (degrees Celsius)
*  maximum temperature (degrees Celsius)
*  vapour pressure (kPa)
*  mean wind speed (m s-1)
*  precipitation (mm d-1)
** WCCDESCRIPTION=Malaysia, Telok Chengai, daily weather (mald2.978...988)
** WCCFORMAT=2
** WCCYEARNR=1979
*-----------------------------------------------------------
100.28   6.10   1.0 -0.25 -0.42
  2 1979   1  21051  21.7  31.9   2.70 -99.0    .0
  2 1979   2  21872  22.2  32.2   2.59 -99.0    .0
  2 1979   3  19937  22.1  33.0   2.83 -99.0    .0
  2 1979   4  18691  23.0  32.8   2.88 -99.0    .0
  2 1979   5  16867  22.5  33.2   2.65 -99.0    .0
  2 1979   6  18845  22.4  33.6   2.71 -99.0    .0
  2 1979   7  16559  21.4  33.6   2.45 -99.0    .0
  2 1979   8  12768  19.6  34.6   2.53 -99.0    .0
  2 1979   9  13131  19.7  33.4   2.45 -99.0    .0
  2 1979  10  10949  20.0  33.2   2.35 -99.0    .0
  2 1979  11  12936  20.2  33.4   2.60 -99.0    .0
  2 1979  12  10517  20.3  33.5   2.50 -99.0    .0
  2 1979  13  14951  20.0  33.8   2.50 -99.0    .0
  2 1979  14  19165  20.6  34.6   2.46 -99.0    .0
  2 1979  15  17330  19.9  34.5   2.29 -99.0    .0
  2 1979  16  19110  20.3  33.7   2.30 -99.0    .0
  2 1979  17  16219  19.5  34.0   2.27 -99.0    .0
  2 1979  18  13085  20.1  34.2   2.43 -99.0    .0
  2 1979  19  18740  21.0  34.0   2.52 -99.0    .0
  2 1979  20  15719  21.0  34.4   2.55 -99.0    .0
  2 1979  21  17043  22.5  34.0   2.56 -99.0    .0
  2 1979  22  17312  22.7  33.3   2.63 -99.0    .0
  2 1979  23  15573  23.6  33.7   3.01 -99.0    .0
  2 1979  24   9688  22.1  34.2   2.54 -99.0   4.0
  2 1979  25   9590  23.0  34.1   2.60 -99.0    .0
  2 1979  26  11393  22.3  33.6   2.59 -99.0    .0
  2 1979  27  20819  22.9  34.1   2.87 -99.0    .0
  2 1979  28  15735  22.3  31.6   2.66 -99.0    .0
  2 1979  29  22818  22.1  33.5   2.72 -99.0    .0
  2 1979  30  21190  22.0  33.3   2.77 -99.0    .0
  2 1979  31  22315  21.6  34.6   2.65 -99.0    .0
  2 1979  32  20320  20.3  34.3   2.49 -99.0    .0
  2 1979  33  23013  20.0  34.5   2.41 -99.0    .0
  2 1979  34  21736  21.3  35.5   2.46 -99.0    .0
  2 1979  35  23235  21.5  34.9   2.63 -99.0    .0
  2 1979  36  23528  22.7  32.9   2.79 -99.0    .0
  2 1979  37  21516  23.0  33.8   2.62 -99.0   1.4
  2 1979  38  22415  22.8  33.6   2.55 -99.0    .0
  2 1979  39  16370  22.5  33.2   2.53 -99.0    .0
  2 1979  40  21294  22.3  33.4   2.50 -99.0    .0
  2 1979  41  21708  21.6  33.6   2.50 -99.0    .0
  2 1979  42  22615  21.7  32.8   2.26 -99.0    .0
  2 1979  43  22297  22.0  32.4   2.51 -99.0    .0
  2 1979  44  20376  23.0  33.6   2.76 -99.0    .0
  2 1979  45  23012  23.3  32.7   2.67 -99.0    .0
  2 1979  46  21332  22.8  33.1   2.55 -99.0    .0
  2 1979  47  23485  23.0  32.5   2.60 -99.0    .0
  2 1979  48  22294  23.0  33.4   2.70 -99.0    .0
  2 1979  49  22964  23.4  33.8   2.81 -99.0    .0
  2 1979  50  19897  23.5  31.6   2.79 -99.0    .0
  2 1979  51  22437  23.9  31.6   2.75 -99.0    .0
  2 1979  52  23735  23.0  30.9   2.73 -99.0    .0
  2 1979  53  20150  24.4  31.0   2.74 -99.0    .0
  2 1979  54  23331  23.6  30.5   2.67 -99.0    .0
  2 1979  55  20484  23.9  30.4   2.65 -99.0    .0
  2 1979  56  23172  20.8  30.4   2.58 -99.0    .0
  2 1979  57  17663  22.7  31.3   2.95 -99.0   1.3
  2 1979  58  24148  23.0  35.1   3.08 -99.0    .0
  2 1979  59  21534  23.2  34.2   2.39 -99.0    .0
  2 1979  60  22843  23.0  33.4   2.28 -99.0    .0
  2 1979  61  24029  23.1  32.7   2.69 -99.0    .0
  2 1979  62  23181  23.3  34.6   2.86 -99.0    .0
  2 1979  63  23095  23.3  34.3   2.64 -99.0   1.9
  2 1979  64  21730  22.5  33.8   2.62 -99.0    .0
  2 1979  65  21895  23.0  34.0   2.87 -99.0    .0
  2 1979  66  20139  23.1  31.4   2.78 -99.0    .0
  2 1979  67  23891  24.5  30.6   2.90 -99.0    .0
  2 1979  68  21231  24.5  30.9   2.81 -99.0    .0
  2 1979  69  21521  24.0  30.3   2.72 -99.0    .0
  2 1979  70  22841  24.2  30.2   2.69 -99.0    .0
  2 1979  71  11402  23.5  30.5   2.63 -99.0    .0
  2 1979  72  21486  24.1  30.4   2.78 -99.0    .0
  2 1979  73  19836  24.0  30.5   2.67 -99.0    .0
  2 1979  74  16371  24.7  31.0   2.84 -99.0    .0
  2 1979  75  19759  24.6  31.5   2.99 -99.0    .0
  2 1979  76  23542  24.3  32.7   2.95 -99.0    .0
  2 1979  77  17602  24.3  32.7   2.71 -99.0    .0
  2 1979  78  13468  24.4  32.3   2.80 -99.0    .0
  2 1979  79  18942  24.0  31.8   2.77 -99.0    .0
  2 1979  80  16751  24.2  31.5   2.76 -99.0    .0
  2 1979  81  19502  24.1  31.8   2.74 -99.0    .0
  2 1979  82  18348  24.2  32.0   2.99 -99.0    .0
  2 1979  83  22275  24.0  32.1   2.87 -99.0    .0
  2 1979  84  24510  23.7  33.3   2.59 -99.0    .0
  2 1979  85  24398  23.8  34.0   2.78 -99.0    .0
  2 1979  86  24023  24.4  32.9   2.89 -99.0    .0
  2 1979  87  21035  24.6  32.5   3.00 -99.0    .0
  2 1979  88  23531  24.4  33.4   3.18 -99.0   3.4
  2 1979  89  19362  23.9  32.4   3.08 -99.0    .0
  2 1979  90  20549  24.0  32.1   3.14 -99.0  18.6
  2 1979  91  24744  24.0  31.6   2.98 -99.0    .0
  2 1979  92  24623  24.7  30.8   3.08 -99.0   3.5
  2 1979  93  19400  25.2  31.7   3.06 -99.0   1.7
  2 1979  94  21630  25.1  31.7   3.05 -99.0    .0
  2 1979  95  24645  25.3  31.3   2.99 -99.0  23.3
  2 1979  96  24127  25.1  31.8   3.02 -99.0   1.4
  2 1979  97  13274  24.0  31.6   2.98 -99.0    .0
  2 1979  98  20210  24.0  31.4   2.85 -99.0   1.2
  2 1979  99  12496  24.7  31.8   3.14 -99.0    .0
  2 1979 100  21390  24.1  33.4   3.27 -99.0   1.9
  2 1979 101  15769  23.9  32.4   3.16 -99.0    .0
  2 1979 102  21782  23.9  31.7   3.24 -99.0   7.6
  2 1979 103  22041  24.0  30.9   3.03 -99.0    .0
  2 1979 104  23345  24.2  31.3   3.05 -99.0  24.1
  2 1979 105  21121  23.4  31.2   2.89 -99.0    .0
  2 1979 106  23727  24.2  31.0   3.02 -99.0   1.0
  2 1979 107  24894  25.3  30.9   3.07 -99.0   2.1
  2 1979 108  23583  27.9  30.3   3.42 -99.0    .0
  2 1979 109  22924  24.9  31.6   3.25 -99.0  47.0
  2 1979 110  25390  24.8  29.0   3.29 -99.0  15.0
  2 1979 111  22776  24.5  30.0   3.18 -99.0  26.8
  2 1979 112  23677  24.4  30.3   2.98 -99.0  16.3
  2 1979 113  23665  24.6  30.2   3.06 -99.0    .3
  2 1979 114  21575  24.8  31.0   3.30 -99.0  23.1
  2 1979 115  13128  24.5  30.6   3.16 -99.0    .4
  2 1979 116  19996  23.7  30.9   3.15 -99.0    .5
  2 1979 117  14024  24.6  30.4   3.26 -99.0   6.5
  2 1979 118  18678  24.0  31.1   3.23 -99.0   3.8
  2 1979 119  16727  23.4  31.0   3.24 -99.0   4.2
  2 1979 120  16717  23.8  31.6   3.19 -99.0  33.7
  2 1979 121  14769  24.2  31.7   3.39 -99.0   4.6
  2 1979 122  15148  23.7  32.4   3.06 -99.0   4.4
  2 1979 123  14622  24.0  30.7   3.09 -99.0   1.8
  2 1979 124  22600  25.0  31.6   3.11 -99.0    .0
  2 1979 125  20910  24.5  32.4   3.02 -99.0    .0
  2 1979 126  23723  24.8  32.6   3.34 -99.0    .0
  2 1979 127  13556  24.5  33.1   3.36 -99.0    .0
  2 1979 128  16370  24.8  33.7   3.33 -99.0   2.2
  2 1979 129  15204  25.6  33.2   3.31 -99.0    .0
  2 1979 130  20573  25.4  31.6   3.26 -99.0    .0
  2 1979 131  18637  25.0  32.5   3.27 -99.0    .0
  2 1979 132  19901  23.7  32.6   3.16 -99.0    .0
  2 1979 133  18863  23.8  31.3   3.09 -99.0   8.3
  2 1979 134  18720  25.0  31.6   3.19 -99.0  16.1
  2 1979 135  12970  26.2  30.3   3.52 -99.0    .0
  2 1979 136  23020  24.8  31.3   3.14 -99.0    .0
  2 1979 137  21856  24.8  31.2   3.09 -99.0    .4
  2 1979 138  23363  25.0  32.3   3.13 -99.0   1.1
  2 1979 139  21693  25.4  31.1   3.10 -99.0    .0
  2 1979 140  21676  24.7  29.7   3.28 -99.0    .0
  2 1979 141  21532  24.3  28.7   3.21 -99.0    .0
  2 1979 142  22654  24.3  30.3   3.15 -99.0  17.1
  2 1979 143  18209  23.6  29.5   3.12 -99.0   3.5
  2 1979 144  15163  24.4  30.4   3.10 -99.0  18.2
  2 1979 145  20203  25.0  30.8   3.07 -99.0    .6
  2 1979 146  16277  25.0  30.9   3.08 -99.0   5.2
  2 1979 147  15257  25.2  31.1   3.20 -99.0   6.0
  2 1979 148  20285  25.2  30.6   3.11 -99.0   3.1
  2 1979 149  15615  24.8  30.5   3.07 -99.0   1.3
  2 1979 150  21515  24.1  29.3   3.04 -99.0    .0
  2 1979 151  22381  24.1  30.9   3.08 -99.0    .0
  2 1979 152  17344  25.0  30.7   3.10 -99.0  24.2
  2 1979 153  12942  23.4  28.6   2.95 -99.0    .0
  2 1979 154  11682  23.4  27.3   3.07 -99.0   7.9
  2 1979 155  23079  24.1  30.4   3.07 -99.0  46.5
  2 1979 156  14801  24.9  30.5   3.23 -99.0   6.9
  2 1979 157  13543  24.8  30.8   3.17 -99.0    .0
  2 1979 158  21668  24.6  31.2   3.34 -99.0   8.4
  2 1979 159  23659  23.5  31.5   3.19 -99.0    .0
  2 1979 160  24648  23.4  29.8   3.13 -99.0  40.6
  2 1979 161  23764  23.6  31.2   3.06 -99.0  18.4
  2 1979 162  19885  23.7  31.2   3.03 -99.0  11.7
  2 1979 163  17382  25.3  31.1   3.28 -99.0   4.6
  2 1979 164  19373  24.0  30.2   3.11 -99.0    .0
  2 1979 165  22611  24.0  31.4   3.08 -99.0    .6
  2 1979 166  21858  24.2  31.1   3.18 -99.0   1.2
  2 1979 167  22102  24.0  31.4   3.11 -99.0    .0
  2 1979 168  11254  24.3  29.9   3.22 -99.0    .0
  2 1979 169  13247  24.2  29.4   3.13 -99.0  35.8
  2 1979 170  18480  23.9  31.4   3.10 -99.0  12.5
  2 1979 171  18852  24.3  31.2   3.01 -99.0   4.1
  2 1979 172  18852  24.2  31.3   3.12 -99.0    .0
  2 1979 173  22091  24.6  31.2   3.15 -99.0  15.2
  2 1979 174  23587  24.5  31.0   3.08 -99.0    .0
  2 1979 175  23963  24.0  31.4   3.19 -99.0    .0
  2 1979 176  23217  23.4  31.3   3.05 -99.0    .0
  2 1979 177  16739  24.1  30.7   3.28 -99.0   2.4
  2 1979 178  15370  24.9  30.9   3.19 -99.0   1.5
  2 1979 179  19114  24.7  31.2   3.27 -99.0    .7
  2 1979 180  23734  25.2  31.5   3.43 -99.0    .0
  2 1979 181  11887  24.0  31.6   3.09 -99.0   1.4
  2 1979 182  11391  24.3  31.7   3.21 -99.0   4.8
  2 1979 183  22132  24.2  31.2   3.45 -99.0    .0
  2 1979 184  20391  24.6  31.8   3.44 -99.0   4.1
  2 1979 185  24773  25.3  31.8   3.39 -99.0  12.5
  2 1979 186  19283  24.3  31.1   3.30 -99.0    .0
  2 1979 187  24545  24.0  30.7   3.27 -99.0   7.6
  2 1979 188  23806  23.6  31.6   3.09 -99.0  22.8
  2 1979 189  23944  23.4  31.5   3.18 -99.0    .0
  2 1979 190  22202  23.9  31.4   3.25 -99.0   1.0
  2 1979 191  21211  24.8  31.4   3.49 -99.0    .0
  2 1979 192  22102  23.2  30.5   3.25 -99.0  31.2
  2 1979 193  23246  22.7  30.8   2.87 -99.0  17.0
  2 1979 194  18109  24.0  31.5   3.16 -99.0  13.3
  2 1979 195  12587  23.1  31.4   3.14 -99.0    .0
  2 1979 196  22536  24.0  30.8   3.13 -99.0    .0
  2 1979 197  14240  23.6  30.5   3.03 -99.0   3.9
  2 1979 198  22190  23.2  30.2   3.01 -99.0    .5
  2 1979 199  22585  23.5  31.2   3.12 -99.0  13.4
  2 1979 200  22854  22.3  29.8   2.89 -99.0    .0
  2 1979 201  21229  24.3  30.9   3.21 -99.0  19.0
  2 1979 202  20106  23.3  26.8   3.08 -99.0    .0
  2 1979 203  22401  22.5  27.4   3.03 -99.0   4.7
  2 1979 204  16336  22.8  29.6   2.99 -99.0  23.7
  2 1979 205  11148  23.7  30.6   3.12 -99.0  10.0
  2 1979 206  22201  23.5  29.7   3.13 -99.0    .9
  2 1979 207  22092  23.0  27.6   2.99 -99.0    .0
  2 1979 208  20711  22.5  27.7   3.02 -99.0  56.1
  2 1979 209  23529  22.3  30.2   3.00 -99.0  38.9
  2 1979 210  20872  23.0  31.6   3.15 -99.0   4.2
  2 1979 211  24844  22.0  29.9   2.91 -99.0   1.8
  2 1979 212  19502  23.2  31.3   3.07 -99.0   5.0
  2 1979 213  21818  24.7  31.3   3.17 -99.0    .0
  2 1979 214  22476  24.0  31.2   3.09 -99.0    .0
  2 1979 215  15450  24.3  30.4   3.20 -99.0    .0
  2 1979 216  18153  24.5  31.1   3.21 -99.0   1.4
  2 1979 217  17654  25.2  31.0   3.34 -99.0    .0
  2 1979 218  17795  25.4  30.7   3.18 -99.0    .0
  2 1979 219  19351  23.7  30.4   3.18 -99.0   1.1
  2 1979 220  20395  24.2  30.7   3.22 -99.0   7.7
  2 1979 221  12552  23.1  30.8   3.16 -99.0    .0
  2 1979 222  14880  22.9  31.2   3.28 -99.0   5.1
  2 1979 223  21342  23.5  31.7   3.09 -99.0  57.9
  2 1979 224  11540  25.2  31.9   3.31 -99.0    .4
  2 1979 225  17363  25.3  32.1   3.34 -99.0   5.1
  2 1979 226  18150  25.3  31.2   3.33 -99.0    .0
  2 1979 227  16218  24.6  31.1   3.25 -99.0   4.7
  2 1979 228  15838  24.6  31.4   3.21 -99.0    .0
  2 1979 229  15586  24.8  31.4   3.19 -99.0    .0
  2 1979 230  19358  24.8  30.7   3.31 -99.0    .0
  2 1979 231  23134  24.5  30.9   3.19 -99.0    .3
  2 1979 232  20026  22.9  31.5   3.28 -99.0    .0
  2 1979 233  13922  22.8  28.3   3.00 -99.0    .0
  2 1979 234  12234  23.6  29.3   3.07 -99.0  13.0
  2 1979 235  23957  24.0  29.4   3.11 -99.0   5.4
  2 1979 236  22663  24.0  30.4   3.06 -99.0   6.0
  2 1979 237  21106  24.8  31.1   3.23 -99.0   1.3
  2 1979 238  17199  22.8  31.1   3.01 -99.0    .0
  2 1979 239  16288  22.8  30.2   3.04 -99.0    .3
  2 1979 240  18510  23.6  31.6   3.21 -99.0   2.8
  2 1979 241  23867  23.3  29.4   3.01 -99.0    .0
  2 1979 242  24524  22.9  30.0   3.10 -99.0    .0
  2 1979 243  21128  23.6  30.0   3.02 -99.0    .4
  2 1979 244  23482  23.7  30.8   3.21 -99.0 100.1
  2 1979 245  21652  23.2  29.8   3.07 -99.0    .0
  2 1979 246  21520  23.5  29.8   3.14 -99.0   6.7
  2 1979 247  15501  23.4  30.0   3.04 -99.0    .0
  2 1979 248  17198  24.0  31.4   3.30 -99.0  13.8
  2 1979 249  25173  23.2  31.2   3.17 -99.0   1.7
  2 1979 250  19020  23.2  32.2   3.23 -99.0  30.0
  2 1979 251  17837  24.9  32.8   3.45 -99.0  24.0
  2 1979 252  14691  22.7  31.1   3.11 -99.0  41.0
  2 1979 253  16907  23.5  30.4   3.16 -99.0  13.8
  2 1979 254  18729  23.6  29.2   3.16 -99.0   1.3
  2 1979 255  18066  24.1  30.4   3.21 -99.0   1.3
  2 1979 256  18447  23.5  30.9   3.20 -99.0    .0
  2 1979 257  12165  23.9  32.2   3.22 -99.0   9.1
  2 1979 258  17640  23.9  30.3   3.08 -99.0  10.0
  2 1979 259  23240  24.7  30.4   3.23 -99.0    .0
  2 1979 260  20353  25.2  30.8   3.32 -99.0   1.2
  2 1979 261  22032  24.3  29.3   3.09 -99.0    .0
  2 1979 262  11198  24.4  31.3   3.10 -99.0   2.0
  2 1979 263  19130  24.8  32.3   3.11 -99.0    .5
  2 1979 264  19892  25.4  32.4   3.26 -99.0    .0
  2 1979 265  13630  24.3  30.4   3.20 -99.0    .0
  2 1979 266  21411  24.6  30.8   3.34 -99.0   5.0
  2 1979 267  21518  23.3  31.1   3.13 -99.0    .4
  2 1979 268  11245  24.2  30.4   3.11 -99.0   1.6
  2 1979 269  16932  23.9  32.3   3.07 -99.0   1.6
  2 1979 270  10696  23.7  31.1   3.10 -99.0    .0
  2 1979 271  11456  23.2  31.1   3.45 -99.0    .0
  2 1979 272  16865  23.0  29.8   3.06 -99.0   5.5
  2 1979 273  22906  23.0  30.6   3.09 -99.0  55.4
  2 1979 274  18878  24.0  31.4   3.11 -99.0   3.8
  2 1979 275  20910  23.5  31.2   2.98 -99.0    .0
  2 1979 276  17664  24.6  31.2   3.23 -99.0    .0
  2 1979 277  22130  25.0  31.0   3.24 -99.0    .0
  2 1979 278  19531  24.5  31.2   3.25 -99.0    .0
  2 1979 279  16425  24.6  27.8   3.16 -99.0    .0
  2 1979 280  19977  23.6  30.3   3.16 -99.0   1.5
  2 1979 281  19942  23.5  31.4   3.18 -99.0   1.6
  2 1979 282  21565  23.7  31.2   3.18 -99.0    .0
  2 1979 283  10961  24.4  31.9   3.20 -99.0    .0
  2 1979 284  18945  24.9  32.0   3.21 -99.0    .0
  2 1979 285  22336  24.6  31.4   3.36 -99.0    .0
  2 1979 286  17100  24.4  29.9   3.12 -99.0  29.7
  2 1979 287  10996  24.0  27.4   3.03 -99.0    .0
  2 1979 288  19809  24.2  30.3   3.21 -99.0  12.8
  2 1979 289  17375  23.2  28.6   3.03 -99.0  21.8
  2 1979 290  19227  24.1  29.4   3.16 -99.0  15.3
  2 1979 291  21447  23.9  31.2   3.23 -99.0    .0
  2 1979 292  19774  23.7  31.4   3.20 -99.0    .0
  2 1979 293  14353  22.5  32.4   3.14 -99.0    .4
  2 1979 294  19316  22.3  29.9   2.66 -99.0  33.4
  2 1979 295  20894  22.0  32.4   2.77 -99.0   1.6
  2 1979 296  18984  23.4  31.9   3.18 -99.0   5.3
  2 1979 297  11742  24.0  31.4   3.41 -99.0    .0
  2 1979 298  14193  24.2  31.0   3.43 -99.0    .0
  2 1979 299  18488  23.4  31.6   3.26 -99.0  21.9
  2 1979 300  14991  23.4  30.6   3.24 -99.0   2.0
  2 1979 301  15450  23.5  32.1   3.09 -99.0   6.8
  2 1979 302  16275  24.2  32.0   2.88 -99.0    .0
  2 1979 303  20040  23.3  31.9   2.68 -99.0    .5
  2 1979 304  18281  23.5  31.8   3.03 -99.0    .0
  2 1979 305  18484  23.3  31.6   3.14 -99.0    .0
  2 1979 306  12835  23.4  31.0   3.02 -99.0    .0
  2 1979 307  13535  23.5  32.4   3.39 -99.0   4.5
  2 1979 308  17145  23.6  30.4   3.17 -99.0   5.5
  2 1979 309  10201  24.6  32.8   3.42 -99.0  14.4
  2 1979 310  17310  23.9  32.3   3.38 -99.0    .3
  2 1979 311  19805  23.7  30.9   3.04 -99.0  41.0
  2 1979 312  12055  24.0  31.9   3.39 -99.0   6.5
  2 1979 313  10945  24.0  31.0   3.34 -99.0    .0
  2 1979 314  18477  23.9  31.3   3.24 -99.0   7.9
  2 1979 315  15085  23.7  31.0   3.23 -99.0   6.6
  2 1979 316  19114  23.7  31.6   3.25 -99.0   5.1
  2 1979 317  17524  24.4  31.8   3.03 -99.0   3.3
  2 1979 318  11774  23.4  31.7   2.94 -99.0    .0
  2 1979 319  16857  23.8  27.6   3.13 -99.0    .0
  2 1979 320  11131  23.9  28.5   3.19 -99.0  19.0
  2 1979 321  17853  23.5  30.3   3.11 -99.0  16.0
  2 1979 322  19590  24.4  32.2   3.11 -99.0   1.8
  2 1979 323  19552  23.4  32.3   3.25 -99.0   1.6
  2 1979 324  17867  23.8  30.5   3.12 -99.0    .4
  2 1979 325  19009  24.0  30.6   3.11 -99.0  22.2
  2 1979 326  19561  23.8  30.1   2.83 -99.0   1.2
  2 1979 327  16364  23.8  30.4   2.86 -99.0  11.2
  2 1979 328  19376  23.2  30.4   2.56 -99.0    .0
  2 1979 329  17475  23.1  28.6   2.82 -99.0    .0
  2 1979 330  20361  23.5  27.7   3.08 -99.0    .9
  2 1979 331  19165  22.7  28.3   2.80 -99.0   3.4
  2 1979 332  15648  22.6  30.1   2.81 -99.0  82.2
  2 1979 333  19687  22.6  30.6   2.74 -99.0    .0
  2 1979 334  16645  23.2  31.2   2.66 -99.0    .0
  2 1979 335  12223  21.5  30.0   2.34 -99.0    .0
  2 1979 336  16716  22.3  30.2   2.65 -99.0    .0
  2 1979 337   9303  22.4  30.6   2.93 -99.0    .0
  2 1979 338  17482  23.4  31.5   3.14 -99.0    .0
  2 1979 339  18038  22.9  29.9   2.92 -99.0    .0
  2 1979 340  12608  23.5  30.9   2.91 -99.0   5.2
  2 1979 341   9259  22.7  31.0   2.57 -99.0   4.4
  2 1979 342   9364  22.6  30.7   2.61 -99.0    .0
  2 1979 343  16819  21.0  31.4   2.57 -99.0    .0
  2 1979 344   9233  21.0  31.9   2.58 -99.0    .0
  2 1979 345   9225  21.3  32.0   2.68 -99.0    .0
  2 1979 346  13458  21.5  31.6   2.52 -99.0    .0
  2 1979 347  10358  21.4  32.3   2.53 -99.0    .0
  2 1979 348  16075  21.8  30.7   2.38 -99.0    .0
  2 1979 349  16640  22.8  30.7   2.41 -99.0    .0
  2 1979 350  17319  21.0  31.7   2.46 -99.0    .0
  2 1979 351  12511  21.6  31.8   2.55 -99.0    .0
  2 1979 352  20281  22.6  32.1   2.90 -99.0    .0
  2 1979 353  20735  21.7  32.2   2.83 -99.0    .0
  2 1979 354  12962  22.1  32.5   2.86 -99.0    .0
  2 1979 355  20389  21.6  32.4   2.74 -99.0    .0
  2 1979 356  20847  21.0  32.3   2.68 -99.0    .0
  2 1979 357  20849  21.0  32.4   2.65 -99.0    .0
  2 1979 358  19367  21.3  32.4   2.53 -99.0    .0
  2 1979 359  18457  21.4  32.6   2.41 -99.0    .0
  2 1979 360  17548  21.6  31.9   2.41 -99.0    .0
  2 1979 361  19615  20.4  31.3   2.39 -99.0    .0
  2 1979 362  16075  20.4  31.9   2.57 -99.0    .0
  2 1979 363  15282  22.1  32.0   2.78 -99.0    .0
  2 1979 364  17011  22.7  32.0   2.83 -99.0    .0
  2 1979 365  19430  23.0  31.9   2.73 -99.0    .0


