*---------------------------------------------------------*
*   Country: Malaysia
*   Station: TLKC0064 Telok Chengai
*      Year: 1978
*    Source: CLICOM database
*    Author: Climate Unit, IRRI
* Longitude: 100 17 E
*  Latitude: 06 06 N
* Elevation: 1.0 m.
*  Comments: Solar radiation values are the same as 1979(?). -99.000: nil value
* NOTE: Reference for a & b
*       Hing, C.H. and Joo, T.L. (1983) Solar and net radiation in Peninsular
*      Malaysia. J. Climatology. 3:271-283.
*
*  Columns:
*  ========
*  station number
*  year
*  day
*  irradiation (kJ m-2 d-1)
*  minimum temperature (degrees Celsius)
*  maximum temperature (degrees Celsius)
*  vapour pressure (kPa)
*  mean wind speed (m s-1)
*  precipitation (mm d-1)
** WCCDESCRIPTION=Malaysia, Telok Chengai, daily weather (mald2.978...988)
** WCCFORMAT=2
** WCCYEARNR=1978
*-----------------------------------------------------------
100.28   6.10   1.0 -0.25 -0.42
  2 1978   1  21051  21.7  32.3   2.99 -99.0    .0
  2 1978   2  21872  22.0  32.1   3.25 -99.0    .0
  2 1978   3  19937  20.5  31.2   2.86 -99.0    .0
  2 1978   4  18691  20.0  31.4   2.80 -99.0    .0
  2 1978   5  16867  21.7  31.0   2.74 -99.0    .0
  2 1978   6  18845  21.5  30.7   2.66 -99.0    .0
  2 1978   7  16559  22.0  30.4   2.57 -99.0    .0
  2 1978   8  12768  22.7  30.2   2.61 -99.0    .0
  2 1978   9  13131  23.8  29.9   2.89 -99.0   1.5
  2 1978  10  10949  22.5  30.4   2.79 -99.0    .0
  2 1978  11  12936  21.6  31.0   2.73 -99.0    .0
  2 1978  12  10517  22.3  30.3   2.83 -99.0    .0
  2 1978  13  14951  22.4  31.7   2.85 -99.0    .0
  2 1978  14  19165  21.6  32.9   2.85 -99.0    .0
  2 1978  15  17330  22.0  32.4   2.91 -99.0    .0
  2 1978  16  19110  23.5  32.4   3.35 -99.0   9.3
  2 1978  17  16219  23.5  31.8   3.22 -99.0   4.5
  2 1978  18  13085  23.3  31.6   2.99 -99.0   6.0
  2 1978  19  18740  22.1  31.4   2.98 -99.0   5.0
  2 1978  20  15719  21.8  32.4   3.00 -99.0    .0
  2 1978  21  17043  21.9  31.3   2.95 -99.0    .0
  2 1978  22  17312  20.7  31.2   3.08 -99.0    .0
  2 1978  23  15573  20.5  31.3   2.73 -99.0    .0
  2 1978  24   9688  20.2  30.7   2.66 -99.0    .0
  2 1978  25   9590  21.6  31.3   2.86 -99.0    .0
  2 1978  26  11393  21.8  32.0   2.97 -99.0    .0
  2 1978  27  20819  22.3  32.9   2.87 -99.0    .0
  2 1978  28  15735  21.8  32.0   2.75 -99.0    .0
  2 1978  29  22818  23.2  31.8   2.85 -99.0    .0
  2 1978  30  21190  23.4  33.0   3.24 -99.0   2.2
  2 1978  31  22315  20.6  32.4   2.93 -99.0    .0
  2 1978  32  20320  19.0  32.5   2.34 -99.0    .0
  2 1978  33  23013  18.9  32.3   2.25 -99.0    .0
  2 1978  34  21736  20.6  33.2   2.33 -99.0    .0
  2 1978  35  23235  20.3  32.8   2.42 -99.0    .0
  2 1978  36  23528  21.6  32.8   2.62 -99.0    .0
  2 1978  37  21516  21.8  33.0   2.73 -99.0    .0
  2 1978  38  22415  22.0  32.5   2.63 -99.0    .0
  2 1978  39  16370  21.8  34.1   2.78 -99.0    .0
  2 1978  40  21294  21.5  34.0   2.67 -99.0    .0
  2 1978  41  21708  21.4  34.6   2.63 -99.0    .0
  2 1978  42  22615  20.7  34.7   2.63 -99.0    .0
  2 1978  43  22297  20.4  33.2   2.56 -99.0    .0
  2 1978  44  20376  22.1  35.6   2.77 -99.0    .0
  2 1978  45  23012  22.1  35.6   2.89 -99.0    .0
  2 1978  46  21332  22.0  35.6   2.92 -99.0    .0
  2 1978  47  23485  22.8  35.7   2.75 -99.0    .0
  2 1978  48  22294  22.4  35.3   2.53 -99.0    .0
  2 1978  49  22964  22.2  35.4   2.68 -99.0    .0
  2 1978  50  19897  21.9  34.6   2.56 -99.0    .0
  2 1978  51  22437  22.2  33.5   2.50 -99.0    .0
  2 1978  52  23735  21.0  35.5   2.40 -99.0    .0
  2 1978  53  20150  22.5  34.3   2.77 -99.0    .0
  2 1978  54  23331  23.0  34.8   2.70 -99.0    .0
  2 1978  55  20484  23.5  36.2   2.72 -99.0    .0
  2 1978  56  23172  22.1  35.7   2.53 -99.0    .0
  2 1978  57  17663  23.0  36.0   2.92 -99.0    .0
  2 1978  58  24148  23.5  34.2   2.89 -99.0    .0
  2 1978  59  21534  23.6  33.5   2.84 -99.0    .0
  2 1978  60  22843  22.6  35.9   2.91 -99.0    .0
  2 1978  61  24029  23.0  35.0   2.83 -99.0    .0
  2 1978  62  23181  22.4  35.5   2.90 -99.0    .0
  2 1978  63  23095  22.6  33.7   2.81 -99.0    .0
  2 1978  64  21730  22.7  34.4   3.03 -99.0    .0
  2 1978  65  21895  23.8  34.4   3.34 -99.0   2.3
  2 1978  66  20139  23.0  32.8   3.23 -99.0  21.0
  2 1978  67  23891  23.0  34.2   3.16 -99.0    .0
  2 1978  68  21231  23.1  33.8   3.02 -99.0    .0
  2 1978  69  21521  23.5  34.8   3.06 -99.0    .0
  2 1978  70  22841  23.6  33.9   3.07 -99.0    .0
  2 1978  71  11402  23.8  33.8   2.96 -99.0  17.6
  2 1978  72  21486  23.9  33.5   3.02 -99.0    .0
  2 1978  73  19836  24.7  34.6   3.40 -99.0    .0
  2 1978  74  16371  23.6  35.3   3.07 -99.0    .0
  2 1978  75  19759  23.7  34.5   3.09 -99.0    .0
  2 1978  76  23542  23.7  35.4   3.17 -99.0    .0
  2 1978  77  17602  24.4  32.9   3.29 -99.0    .0
  2 1978  78  13468  23.6  33.7   3.09 -99.0   7.7
  2 1978  79  18942  24.2  33.2   3.06 -99.0  26.4
  2 1978  80  16751  25.0  32.0   3.30 -99.0    .0
  2 1978  81  19502  22.9  31.9   2.95 -99.0  10.6
  2 1978  82  18348  24.0  32.4   2.97 -99.0    .0
  2 1978  83  22275  24.6  34.5   2.97 -99.0    .0
  2 1978  84  24510  21.7  36.0   2.73 -99.0    .0
  2 1978  85  24398  23.5  33.7   2.96 -99.0    .0
  2 1978  86  24023  23.5  31.6   3.01 -99.0    .0
  2 1978  87  21035  23.6  34.7   3.51 -99.0  21.5
  2 1978  88  23531  23.5  31.3   3.17 -99.0    .0
  2 1978  89  19362  23.2  30.5   2.96 -99.0  23.2
  2 1978  90  20549  24.3  34.3   3.58 -99.0    .0
  2 1978  91  24744  24.0  33.3   3.21 -99.0    .0
  2 1978  92  24623  23.4  33.2   3.11 -99.0    .0
  2 1978  93  19400  22.6  34.3   3.02 -99.0    .0
  2 1978  94  21630  23.6  34.9   3.37 -99.0   1.6
  2 1978  95  24645  22.7  31.6   3.09 -99.0  84.6
  2 1978  96  24127  23.5  31.3   3.06 -99.0    .3
  2 1978  97  13274  23.4  31.6   3.00 -99.0    .0
  2 1978  98  20210  24.5  31.3   3.19 -99.0    .0
  2 1978  99  12496  23.0  31.7   2.79 -99.0   2.8
  2 1978 100  21390  23.1  32.9   2.82 -99.0    .0
  2 1978 101  15769  23.0  33.0   2.90 -99.0    .0
  2 1978 102  21782  23.6  33.3   3.21 -99.0    .0
  2 1978 103  22041  23.7  32.5   3.22 -99.0   1.3
  2 1978 104  23345  23.5  31.3   3.02 -99.0  40.8
  2 1978 105  21121  23.6  31.7   2.92 -99.0    .0
  2 1978 106  23727  23.4  30.9   2.98 -99.0    .0
  2 1978 107  24894  24.2  32.2   3.24 -99.0    .4
  2 1978 108  23583  23.2  29.3   2.96 -99.0  49.6
  2 1978 109  22924  23.6  31.1   3.01 -99.0    .3
  2 1978 110  25390  23.8  30.8   3.08 -99.0   3.1
  2 1978 111  22776  24.3  31.8   3.06 -99.0    .0
  2 1978 112  23677  24.2  32.1   3.00 -99.0    .0
  2 1978 113  23665  24.4  32.2   2.95 -99.0    .5
  2 1978 114  21575  25.3  32.0   3.09 -99.0    .0
  2 1978 115  13128  24.8  32.9   3.33 -99.0   2.0
  2 1978 116  19996  23.4  31.0   2.99 -99.0  96.2
  2 1978 117  14024  23.6  31.1   2.94 -99.0  34.4
  2 1978 118  18678  24.2  31.1   3.03 -99.0    .0
  2 1978 119  16727  24.6  31.8   3.17 -99.0    .0
  2 1978 120  16717  24.6  31.9   3.18 -99.0    .0
  2 1978 121  14769  25.0  31.6   3.22 -99.0    .0
  2 1978 122  15148  26.1  32.3   3.44 -99.0    .0
  2 1978 123  14622  24.1  32.3   3.17 -99.0  46.7
  2 1978 124  22600  25.0  32.5   3.39 -99.0  11.8
  2 1978 125  20910  24.9  31.7   3.34 -99.0  24.2
  2 1978 126  23723  25.2  31.9   3.31 -99.0    .0
  2 1978 127  13556  24.9  31.9   3.36 -99.0   3.2
  2 1978 128  16370  25.1  32.6   3.57 -99.0   9.8
  2 1978 129  15204  24.7  32.7   3.62 -99.0  31.9
  2 1978 130  20573  25.2  34.5   3.66 -99.0    .3
  2 1978 131  18637  24.5  32.3   3.40 -99.0  58.7
  2 1978 132  19901  24.9  32.4   3.57 -99.0   3.7
  2 1978 133  18863  24.8  31.9   3.39 -99.0   3.2
  2 1978 134  18720  22.6  31.2   2.97 -99.0 136.6
  2 1978 135  12970  24.4  31.9   3.16 -99.0    .2
  2 1978 136  23020  26.2  32.7   3.41 -99.0    .0
  2 1978 137  21856  23.4  30.2   3.13 -99.0  26.5
  2 1978 138  23363  24.0  31.3   3.14 -99.0   1.8
  2 1978 139  21693  25.0  32.4   3.26 -99.0    .0
  2 1978 140  21676  24.2  32.7   3.37 -99.0   4.2
  2 1978 141  21532  24.6  32.0   3.22 -99.0    .0
  2 1978 142  22654  25.6  31.8   3.34 -99.0    .4
  2 1978 143  18209  25.2  31.8   3.22 -99.0   3.0
  2 1978 144  15163  25.7  30.6   3.31 -99.0    .0
  2 1978 145  20203  25.2  31.5   3.27 -99.0    .0
  2 1978 146  16277  25.1  32.1   3.28 -99.0    .0
  2 1978 147  15257  25.5  32.1   3.32 -99.0    .0
  2 1978 148  20285  25.5  31.7   3.36 -99.0    .0
  2 1978 149  15615  25.8  31.8   3.36 -99.0    .5
  2 1978 150  21515  25.7  32.5   3.30 -99.0   2.6
  2 1978 151  22381  23.9  32.2   3.18 -99.0   2.7
  2 1978 152  17344  25.0  32.5   3.27 -99.0    .0
  2 1978 153  12942  24.8  31.4   3.26 -99.0  24.4
  2 1978 154  11682  24.9  31.3   3.42 -99.0   9.1
  2 1978 155  23079  24.1  31.3   3.26 -99.0   3.0
  2 1978 156  14801  24.0  29.3   3.10 -99.0   2.9
  2 1978 157  13543  23.2  30.7   3.01 -99.0  10.6
  2 1978 158  21668  23.5  31.2   3.16 -99.0    .0
  2 1978 159  23659  22.5  30.5   3.11 -99.0  54.8
  2 1978 160  24648  24.0  30.4   3.13 -99.0    .0
  2 1978 161  23764  23.4  30.1   3.01 -99.0   5.5
  2 1978 162  19885  22.8  25.8   2.85 -99.0  64.4
  2 1978 163  17382  23.2  29.6   2.95 -99.0   3.4
  2 1978 164  19373  24.3  31.5   3.15 -99.0    .5
  2 1978 165  22611  24.6  31.8   3.17 -99.0  10.0
  2 1978 166  21858  25.5  31.9   3.26 -99.0  15.6
  2 1978 167  22102  23.7  30.5   3.04 -99.0   1.4
  2 1978 168  11254  23.6  31.1   3.09 -99.0    .8
  2 1978 169  13247  23.4  31.9   3.07 -99.0   5.8
  2 1978 170  18480  25.1  31.9   3.18 -99.0    .0
  2 1978 171  18852  25.1  31.4   3.21 -99.0    .0
  2 1978 172  18852  24.0  30.1   3.00 -99.0  46.2
  2 1978 173  22091  24.5  31.3   3.19 -99.0    .0
  2 1978 174  23587  25.0  30.8   3.26 -99.0    .0
  2 1978 175  23963  25.2  32.4   3.16 -99.0   1.3
  2 1978 176  23217  25.4  32.1   3.31 -99.0    .0
  2 1978 177  16739  25.7  32.2   3.47 -99.0    .0
  2 1978 178  15370  23.3  30.7   3.27 -99.0  50.0
  2 1978 179  19114  23.6  31.6   3.09 -99.0   3.3
  2 1978 180  23734  23.2  29.9   3.05 -99.0  61.0
  2 1978 181  11887  23.0  28.5   2.94 -99.0  17.7
  2 1978 182  11391  23.2  27.8   3.06 -99.0  13.9
  2 1978 183  22132  23.7  30.8   3.18 -99.0  89.4
  2 1978 184  20391  23.3  31.1   2.99 -99.0   2.1
  2 1978 185  24773  24.7  27.4   3.20 -99.0    .0
  2 1978 186  19283  22.9  31.1   2.88 -99.0  44.0
  2 1978 187  24545  24.9  31.4   3.08 -99.0    .0
  2 1978 188  23806  25.1  30.5   3.09 -99.0    .0
  2 1978 189  23944  24.0  27.8   3.17 -99.0    .0
  2 1978 190  22202  23.3  29.9   2.99 -99.0  15.0
  2 1978 191  21211  23.8  31.2   3.04 -99.0  23.3
  2 1978 192  22102  22.8  30.4   2.95 -99.0  26.0
  2 1978 193  23246  23.5  29.2   2.98 -99.0   2.0
  2 1978 194  18109  23.6  31.5   3.05 -99.0    .0
  2 1978 195  12587  23.5  31.5   3.15 -99.0   6.0
  2 1978 196  22536  23.5  30.4   3.27 -99.0   7.2
  2 1978 197  14240  22.6  30.5   2.94 -99.0   3.0
  2 1978 198  22190  22.7  31.1   3.01 -99.0    .0
  2 1978 199  22585  23.4  29.8   3.16 -99.0    .0
  2 1978 200  22854  22.7  28.3   3.00 -99.0  42.5
  2 1978 201  21229  22.8  30.4   2.95 -99.0  23.4
  2 1978 202  20106  24.6  30.7   3.18 -99.0    .0
  2 1978 203  22401  23.3  30.8   3.00 -99.0  10.4
  2 1978 204  16336  24.0  32.6   3.26 -99.0    .0
  2 1978 205  11148  24.6  31.3   3.20 -99.0    .0
  2 1978 206  22201  23.8  31.3   3.09 -99.0    .5
  2 1978 207  22092  24.4  27.8   3.21 -99.0    .0
  2 1978 208  20711  23.9  30.6   3.10 -99.0  24.0
  2 1978 209  23529  24.9  28.0   3.24 -99.0  15.0
  2 1978 210  20872  24.7  30.2   3.33 -99.0  24.5
  2 1978 211  24844  23.2  31.1   3.01 -99.0   2.7
  2 1978 212  19502  24.5  30.6   3.12 -99.0   6.9
  2 1978 213  21818  24.5  31.4   3.20 -99.0    .0
  2 1978 214  22476  24.8  30.6   3.19 -99.0    .0
  2 1978 215  15450  24.3  30.4   3.05 -99.0    .0
  2 1978 216  18153  23.6  30.0   2.99 -99.0  38.8
  2 1978 217  17654  24.2  30.9   3.09 -99.0    .0
  2 1978 218  17795  24.3  31.2   3.08 -99.0    .5
  2 1978 219  19351  24.6  31.3   3.12 -99.0    .0
  2 1978 220  20395  24.5  31.0   3.08 -99.0    .0
  2 1978 221  12552  24.4  30.7   3.09 -99.0    .0
  2 1978 222  14880  23.1  30.2   2.93 -99.0  57.5
  2 1978 223  21342  24.0  30.4   3.02 -99.0   5.6
  2 1978 224  11540  24.5  30.4   3.03 -99.0    .0
  2 1978 225  17363  25.7  29.7   3.30 -99.0    .0
  2 1978 226  18150  24.6  30.5   3.16 -99.0    .0
  2 1978 227  16218  23.3  28.4   2.96 -99.0  27.0
  2 1978 228  15838  23.5  30.0   3.12 -99.0   3.1
  2 1978 229  15586  24.3  30.3   3.11 -99.0    .0
  2 1978 230  19358  23.7  28.3   3.22 -99.0  62.8
  2 1978 231  23134  23.8  30.0   3.01 -99.0  27.0
  2 1978 232  20026  24.5  30.7   2.95 -99.0   4.6
  2 1978 233  13922  24.8  30.7   2.93 -99.0    .0
  2 1978 234  12234  23.9  30.4   2.98 -99.0    .0
  2 1978 235  23957  24.3  30.3   2.97 -99.0   1.5
  2 1978 236  22663  25.3  30.4   3.06 -99.0    .0
  2 1978 237  21106  25.0  29.8   3.21 -99.0    .0
  2 1978 238  17199  24.5  30.4   2.99 -99.0  15.6
  2 1978 239  16288  24.9  30.8   3.06 -99.0    .0
  2 1978 240  18510  25.0  30.4   3.30 -99.0    .0
  2 1978 241  23867  24.3  29.9   3.22 -99.0   1.0
  2 1978 242  24524  23.9  28.4   3.15 -99.0   4.3
  2 1978 243  21128  23.7  25.5   3.03 -99.0  16.7
  2 1978 244  23482  23.0  28.8   3.10 -99.0  47.9
  2 1978 245  21652  22.8  29.9   2.98 -99.0   4.8
  2 1978 246  21520  22.3  27.0   2.82 -99.0   4.3
  2 1978 247  15501  22.9  30.3   3.02 -99.0    .0
  2 1978 248  17198  22.5  26.6   2.89 -99.0  14.2
  2 1978 249  25173  22.3  28.8   2.91 -99.0  61.9
  2 1978 250  19020  22.6  26.4   2.95 -99.0    .0
  2 1978 251  17837  21.7  27.4   2.86 -99.0  23.7
  2 1978 252  14691  21.3  29.9   3.11 -99.0  18.1
  2 1978 253  16907  21.6  29.7   2.82 -99.0  19.0
  2 1978 254  18729  22.8  29.1   2.94 -99.0   5.7
  2 1978 255  18066  22.6  28.3   2.86 -99.0    .0
  2 1978 256  18447  23.5  28.8   2.91 -99.0    .0
  2 1978 257  12165  24.0  30.3   3.09 -99.0   7.5
  2 1978 258  17640  22.5  29.2   2.86 -99.0    .0
  2 1978 259  23240  22.3  29.7   2.88 -99.0  39.7
  2 1978 260  20353  23.0  30.3   2.93 -99.0    .0
  2 1978 261  22032  23.6  30.3   2.98 -99.0   1.7
  2 1978 262  11198  23.9  29.9   3.11 -99.0    .0
  2 1978 263  19130  24.8  27.5   3.18 -99.0    .7
  2 1978 264  19892  22.5  30.2   3.01 -99.0  25.2
  2 1978 265  13630  23.7  29.6   3.03 -99.0    .0
  2 1978 266  21411  22.3  28.3   2.86 -99.0  53.6
  2 1978 267  21518  22.6  29.2   3.03 -99.0   6.6
  2 1978 268  11245  22.8  29.6   2.99 -99.0   3.3
  2 1978 269  16932  22.7  30.3   2.93 -99.0    .2
  2 1978 270  10696  23.7  30.3   2.92 -99.0    .0
  2 1978 271  11456  25.0  30.6   3.13 -99.0    .0
  2 1978 272  16865  24.3  30.6   3.07 -99.0    .0
  2 1978 273  22906  23.6  30.4   2.92 -99.0    .0
  2 1978 274  18878  23.4  30.6   2.88 -99.0    .0
  2 1978 275  20910  24.1  26.5   2.90 -99.0    .0
  2 1978 276  17664  22.4  30.4   2.88 -99.0   4.0
  2 1978 277  22130  22.6  30.4   2.83 -99.0    .0
  2 1978 278  19531  23.3  30.3   3.13 -99.0    .0
  2 1978 279  16425  23.0  29.0   3.12 -99.0    .0
  2 1978 280  19977  22.9  31.4   3.16 -99.0   3.2
  2 1978 281  19942  22.9  30.6   2.94 -99.0    .3
  2 1978 282  21565  23.7  29.8   3.16 -99.0   1.1
  2 1978 283  10961  23.2  30.6   3.15 -99.0   2.2
  2 1978 284  18945  22.5  29.2   2.99 -99.0  31.3
  2 1978 285  22336  22.6  29.0   3.05 -99.0  35.5
  2 1978 286  17100  23.0  28.3   3.19 -99.0  37.4
  2 1978 287  10996  22.4  30.0   3.02 -99.0  25.7
  2 1978 288  19809  23.0  30.4   3.01 -99.0    .0
  2 1978 289  17375  23.5  28.5   3.12 -99.0   5.6
  2 1978 290  19227  23.4  30.6   3.06 -99.0  19.7
  2 1978 291  21447  23.6  30.3   3.01 -99.0  31.9
  2 1978 292  19774  23.9  29.2   3.01 -99.0    .3
  2 1978 293  14353  23.7  31.7   3.15 -99.0    .0
  2 1978 294  19316  23.6  30.9   3.25 -99.0   5.6
  2 1978 295  20894  23.2  30.3   3.30 -99.0    .0
  2 1978 296  18984  22.4  31.4   3.04 -99.0   6.4
  2 1978 297  11742  22.6  30.5   3.19 -99.0    .0
  2 1978 298  14193  22.8  30.1   3.17 -99.0    .4
  2 1978 299  18488  23.0  29.0   3.09 -99.0    .0
  2 1978 300  14991  22.8  30.4   3.02 -99.0   2.1
  2 1978 301  15450  22.8  30.5   3.14 -99.0    .0
  2 1978 302  16275  22.7  31.2   3.01 -99.0   3.3
  2 1978 303  20040  23.4  30.1   2.98 -99.0    .0
  2 1978 304  18281  23.9  31.4   2.84 -99.0    .0
  2 1978 305  18484  23.5  31.5   3.26 -99.0  44.9
  2 1978 306  12835  23.0  27.8   2.98 -99.0  23.8
  2 1978 307  13535  23.2  30.2   3.11 -99.0    .0
  2 1978 308  17145  22.5  30.2   3.05 -99.0   7.6
  2 1978 309  10201  22.9  31.5   3.24 -99.0    .0
  2 1978 310  17310  23.8  31.3   3.35 -99.0    .0
  2 1978 311  19805  22.3  32.5   3.32 -99.0    .0
  2 1978 312  12055  22.3  31.4   3.14 -99.0   1.0
  2 1978 313  10945  22.7  31.6   3.05 -99.0    .0
  2 1978 314  18477  22.6  31.0   2.99 -99.0    .0
  2 1978 315  15085  23.0  31.4   3.10 -99.0    .0
  2 1978 316  19114  22.9  31.3   3.22 -99.0    .0
  2 1978 317  17524  22.8  29.4   3.17 -99.0  25.8
  2 1978 318  11774  22.9  31.7   3.30 -99.0  11.4
  2 1978 319  16857  23.3  32.1   3.30 -99.0   5.8
  2 1978 320  11131  23.4  31.2   3.30 -99.0    .7
  2 1978 321  17853  23.2  30.2   3.11 -99.0  22.9
  2 1978 322  19590  23.0  31.2   3.29 -99.0  31.4
  2 1978 323  19552  22.8  30.4   3.16 -99.0    .3
  2 1978 324  17867  23.0  26.9   2.84 -99.0    .0
  2 1978 325  19009  22.6  31.4   2.95 -99.0    .0
  2 1978 326  19561  22.6  32.3   2.88 -99.0    .0
  2 1978 327  16364  23.2  31.8   3.00 -99.0    .0
  2 1978 328  19376  23.1  31.7   2.87 -99.0    .0
  2 1978 329  17475  22.0  31.8   2.75 -99.0    .0
  2 1978 330  20361  22.1  31.8   2.83 -99.0    .0
  2 1978 331  19165  21.5  32.0   2.80 -99.0    .0
  2 1978 332  15648  21.6  31.6   2.78 -99.0    .0
  2 1978 333  19687  21.0  32.3   2.86 -99.0    .0
  2 1978 334  16645  21.8  31.8   2.70 -99.0    .0
  2 1978 335  12223  22.1  31.6   2.71 -99.0    .0
  2 1978 336  16716  22.5  29.8   2.91 -99.0    .0
  2 1978 337   9303  22.0  30.1   2.93 -99.0    .7
  2 1978 338  17482  21.8  31.0   2.64 -99.0    .0
  2 1978 339  18038  21.0  31.5   2.72 -99.0    .0
  2 1978 340  12608  22.0  26.6   2.94 -99.0   3.5
  2 1978 341   9259  22.1  30.0   2.86 -99.0  24.2
  2 1978 342   9364  22.5  31.4   2.62 -99.0    .0
  2 1978 343  16819  23.0  31.4   2.80 -99.0    .0
  2 1978 344   9233  23.0  32.2   2.87 -99.0    .0
  2 1978 345   9225  23.0  32.2   2.65 -99.0    .0
  2 1978 346  13458  21.2  31.8   2.59 -99.0    .0
  2 1978 347  10358  22.3  31.8   2.67 -99.0    .0
  2 1978 348  16075  22.6  32.0   2.93 -99.0    .0
  2 1978 349  16640  22.0  31.8   2.61 -99.0    .0
  2 1978 350  17319  21.9  31.7   2.70 -99.0    .0
  2 1978 351  12511  21.5  31.9   2.65 -99.0    .0
  2 1978 352  20281  22.1  32.7   2.76 -99.0    .0
  2 1978 353  20735  21.6  32.4   2.66 -99.0    .0
  2 1978 354  12962  22.4  32.9   2.95 -99.0    .0
  2 1978 355  20389  22.4  32.5   2.85 -99.0    .0
  2 1978 356  20847  22.3  32.7   2.74 -99.0    .0
  2 1978 357  20849  22.0  33.3   2.69 -99.0    .0
  2 1978 358  19367  21.4  33.0   2.62 -99.0    .0
  2 1978 359  18457  22.1  32.8   2.77 -99.0    .0
  2 1978 360  17548  21.5  32.0   2.66 -99.0    .0
  2 1978 361  19615  21.3  32.5   2.79 -99.0    .0
  2 1978 362  16075  21.2  32.7   2.69 -99.0    .0
  2 1978 363  15282  21.0  32.6   2.67 -99.0    .0
  2 1978 364  17011  21.3  32.7   2.63 -99.0    .0
  2 1978 365  19430  21.6  33.3   2.55 -99.0    .0

