*-------------------------------------------------------------*
* Station name: Dami Oil Palm Research Station
* Year: 1980
* Author: W. Gerritsma
* Source: N. A. Warringa, 1985. Report on Investigation 902
*
* Longitude: 150 E, latitude:-5 30 N, altitude: 5 m.
*
* Interpolated values
*
* Column  Daily value
* 1       station number
* 2       year
* 3       day
* 4       Radiation                     (kJ m-2 d-1)
* 5       minimum temperature           (degrees Celsius)
* 6       maximum temperature           (degrees Celsius)
* 7       early morning vapour pressure (kPa)
* 8       mean wind speed (height: 2 m) (m s-1)
* 9       precipitation.rain days       (mm d-1.days)
*-------------------------------------------------------------*
 150 -5.5  5.0  0.0  0.0
 1 1980   1 17834.  23.0 31.0 3.110   1.   0.
 1 1980   2 17823.  22.9 31.0 3.109   1.   1.
 1 1980   3 17813.  22.9 31.0 3.107   1.    4.
 1 1980   4 17803.  22.9 31.0 3.106   1.    0.
 1 1980   5 17793.  22.9 30.9 3.104   1.   30.
 1 1980   6 17784.  22.9 30.9 3.103   1.    0.
 1 1980   7 17775.  22.9 30.9 3.101   1.   56.
 1 1980   8 17766.  22.9 30.9 3.100   1.    0.
 1 1980   9 17758.  22.9 30.9 3.099   1.    1.
 1 1980  10 17750.  22.9 30.9 3.097   1.    2.
 1 1980  11 17742.  22.9 30.9 3.096   1.   18.
 1 1980  12 17734.  22.9 30.8 3.094   1.   46.
 1 1980  13 17727.  22.9 30.8 3.093   1.    0.
 1 1980  14 17720.  22.9 30.8 3.091   1.   14.
 1 1980  15 17713.  22.9 30.8 3.090   1.    0.
 1 1980  16 17696.  22.9 30.8 3.089   1.    5.
 1 1980  17 17679.  22.9 30.7 3.089   1.   22.
 1 1980  18 17662.  22.9 30.7 3.088   1.    2.
 1 1980  19 17645.  22.9 30.7 3.087   1.    9.
 1 1980  20 17629.  22.9 30.6 3.087   1.   20.
 1 1980  21 17612.  22.9 30.6 3.086   1.    8.
 1 1980  22 17595.  22.9 30.6 3.085   1.    5.
 1 1980  23 17578.  22.9 30.6 3.085   1.   19.
 1 1980  24 17561.  22.9 30.5 3.084   1.    9.
 1 1980  25 17544.  22.9 30.5 3.083   1.   44.
 1 1980  26 17527.  22.9 30.5 3.083   1.    2.
 1 1980  27 17510.  22.9 30.4 3.082   1.    0.
 1 1980  28 17492.  22.9 30.4 3.081   1.   90.
 1 1980  29 17475.  22.9 30.4 3.081   1.   26.
 1 1980  30 17457.  22.9 30.3 3.080   1.   26.
 1 1980  31 17438.  23.0 30.3 3.079   1.   73.
 1 1980  32 17420.  23.0 30.3 3.079   1.   47.
 1 1980  33 17401.  23.0 30.3 3.078   1.   71.
 1 1980  34 17382.  23.0 30.2 3.077   1.    2.
 1 1980  35 17362.  23.0 30.2 3.077   1.   19.
 1 1980  36 17342.  23.0 30.2 3.076   1.   21.
 1 1980  37 17322.  23.0 30.1 3.075   1.    0.
 1 1980  38 17301.  23.0 30.1 3.075   1.   19.
 1 1980  39 17280.  23.0 30.1 3.074   1.    8.
 1 1980  40 17258.  23.0 30.0 3.073   1.   47.
 1 1980  41 17236.  23.0 30.0 3.073   1.    3.
 1 1980  42 17213.  23.0 30.0 3.072   1.    0.
 1 1980  43 17190.  23.0 30.0 3.071   1.   42.
 1 1980  44 17166.  23.0 29.9 3.071   1.   38.
 1 1980  45 17141.  23.0 29.9 3.070   1.   83.
 1 1980  46 17082.  23.0 29.9 3.068   1.   37.
 1 1980  47 17022.  23.0 29.9 3.067   1.   18.
 1 1980  48 16961.  23.0 29.9 3.065   1.   79.
 1 1980  49 16900.  23.0 29.9 3.063   1.   10.
 1 1980  50 16838.  23.0 29.9 3.062   1.   42.
 1 1980  51 16775.  23.0 29.9 3.060   1.    0.
 1 1980  52 16712.  23.0 29.9 3.058   1.   65.
 1 1980  53 16648.  23.0 29.8 3.057   1.   31.
 1 1980  54 16583.  23.0 29.8 3.055   1.   74.
 1 1980  55 16518.  23.0 29.8 3.053   1.    0.
 1 1980  56 16451.  23.0 29.8 3.052   1.    2.
 1 1980  57 16385.  23.0 29.8 3.050   1.   31.
 1 1980  58 16317.  23.0 29.8 3.048   1.   49.
 1 1980  59 16249.  23.0 29.8 3.047   1.   39.
 1 1980  60 16180.  23.0 29.8 3.045   1.   23.
 1 1980  61 16110.  22.9 29.8 3.043   1.    3.
 1 1980  62 16039.  22.9 29.8 3.042   1.    0.
 1 1980  63 15968.  22.9 29.8 3.040   1.   20.
 1 1980  64 15896.  22.9 29.8 3.038   1.    0.
 1 1980  65 15823.  22.9 29.8 3.037   1.   21.
 1 1980  66 15750.  22.9 29.8 3.035   1.   11.
 1 1980  67 15676.  22.9 29.8 3.033   1.   25.
 1 1980  68 15601.  22.9 29.7 3.032   1.    5.
 1 1980  69 15525.  22.9 29.7 3.030   1.    0.
 1 1980  70 15449.  22.9 29.7 3.028   1.   51.
 1 1980  71 15372.  22.9 29.7 3.027   1.   37.
 1 1980  72 15295.  22.9 29.7 3.025   1.    0.
 1 1980  73 15216.  22.9 29.7 3.023   1.  102.
 1 1980  74 15137.  22.9 29.7 3.022   1.    0.
 1 1980  75 15058.  22.9 29.7 3.020   1.   21.
 1 1980  76 15172.  22.9 29.8 3.019   1.    0.
 1 1980  77 15286.  22.9 29.8 3.017   1.   90.
 1 1980  78 15398.  22.9 29.9 3.016   1.    0.
 1 1980  79 15510.  22.9 30.0 3.015   1.   48.
 1 1980  80 15620.  22.9 30.0 3.014   1.    1.
 1 1980  81 15730.  22.9 30.1 3.012   1.   32.
 1 1980  82 15838.  22.9 30.2 3.011   1.   22.
 1 1980  83 15945.  23.0 30.2 3.010   1.    3.
 1 1980  84 16052.  23.0 30.3 3.008   1.    4.
 1 1980  85 16157.  23.0 30.4 3.007   1.   38.
 1 1980  86 16261.  23.0 30.4 3.006   1.    0.
 1 1980  87 16364.  23.0 30.5 3.005   1.   74.
 1 1980  88 16466.  23.0 30.6 3.003   1.   12.
 1 1980  89 16567.  23.0 30.6 3.002   1.   10.
 1 1980  90 16666.  23.0 30.7 3.001   1.    0.
 1 1980  91 16765.  23.0 30.8 2.999   1.   51.
 1 1980  92 16862.  23.0 30.9 2.998   1.   15.
 1 1980  93 16959.  23.0 30.9 2.997   1.    1.
 1 1980  94 17054.  23.0 31.0 2.995   1.    4.
 1 1980  95 17148.  23.0 31.1 2.994   1.    0.
 1 1980  96 17241.  23.0 31.1 2.993   1.   57.
 1 1980  97 17333.  23.0 31.2 2.992   1.    0.
 1 1980  98 17424.  23.0 31.3 2.990   1.    0.
 1 1980  99 17514.  23.1 31.3 2.989   1.    0.
 1 1980 100 17602.  23.1 31.4 2.988   1.   61.
 1 1980 101 17690.  23.1 31.5 2.986   1.    0.
 1 1980 102 17776.  23.1 31.5 2.985   1.   24.
 1 1980 103 17862.  23.1 31.6 2.984   1.    6.
 1 1980 104 17947.  23.1 31.7 2.983   1.    0.
 1 1980 105 18030.  23.1 31.7 2.981   1.   12.
 1 1980 106 18113.  23.1 31.8 2.980   1.   29.
 1 1980 107 18117.  23.0 31.7 2.980   1.    3.
 1 1980 108 18121.  23.0 31.7 2.980   1.   20.
 1 1980 109 18125.  22.9 31.6 2.980   1.    0.
 1 1980 110 18128.  22.8 31.6 2.980   1.    0.
 1 1980 111 18130.  22.8 31.5 2.980   1.    3.
 1 1980 112 18132.  22.7 31.5 2.980   1.    0.
 1 1980 113 18134.  22.6 31.4 2.980   1.    0.
 1 1980 114 18135.  22.6 31.4 2.980   1.    0.
 1 1980 115 18135.  22.5 31.3 2.980   1.   23.
 1 1980 116 18136.  22.4 31.3 2.980   1.    0.
 1 1980 117 18136.  22.4 31.2 2.980   1.    0.
 1 1980 118 18135.  22.3 31.2 2.980   1.    0.
 1 1980 119 18135.  22.2 31.1 2.980   1.  41.
 1 1980 120 18134.  22.2 31.1 2.980   1.   1.
 1 1980 121 18133.  22.1 31.0 2.980   1.  20.
 1 1980 122 18132.  22.0 30.9 2.980   1.   0.
 1 1980 123 18130.  22.0 30.9 2.980   1.  34.
 1 1980 124 18129.  21.9 30.8 2.980   1.   8.
 1 1980 125 18128.  21.8 30.8 2.980   1.   0.
 1 1980 126 18126.  21.8 30.7 2.980   1.   0.
 1 1980 127 18125.  21.7 30.7 2.980   1.  14.
 1 1980 128 18123.  21.6 30.6 2.980   1.  14.
 1 1980 129 18122.  21.6 30.6 2.980   1.  12.
 1 1980 130 18121.  21.5 30.5 2.980   1.   0.
 1 1980 131 18120.  21.4 30.5 2.980   1.   0.
 1 1980 132 18120.  21.4 30.4 2.980   1.   7.
 1 1980 133 18119.  21.3 30.4 2.980   1.   0.
 1 1980 134 18119.  21.2 30.3 2.980   1.   0.
 1 1980 135 18120.  21.2 30.3 2.980   1.   0.
 1 1980 136 18121.  21.1 30.2 2.980   1.   0.
 1 1980 137 18047.  21.3 30.2 2.977   1.   0.
 1 1980 138 17975.  21.4 30.2 2.974   1.   0.
 1 1980 139 17903.  21.6 30.2 2.970   1.   0.
 1 1980 140 17832.  21.8 30.2 2.967   1.  19.
 1 1980 141 17762.  22.0 30.2 2.964   1.  18.
 1 1980 142 17694.  22.1 30.3 2.961   1.   0.
 1 1980 143 17626.  22.3 30.3 2.957   1.   0.
 1 1980 144 17559.  22.5 30.3 2.954   1.   0.
 1 1980 145 17493.  22.7 30.3 2.951   1.   7.
 1 1980 146 17428.  22.8 30.3 2.948   1.   0.
 1 1980 147 17364.  23.0 30.3 2.945   1.  14.
 1 1980 148 17302.  23.2 30.3 2.941   1.   2.
 1 1980 149 17240.  23.4 30.3 2.938   1.  17.
 1 1980 150 17180.  23.5 30.3 2.935   1.   1.
 1 1980 151 17121.  23.7 30.3 2.932   1.   1.
 1 1980 152 17063.  23.9 30.4 2.928   1.   0.
 1 1980 153 17006.  24.1 30.4 2.925   1.   0.
 1 1980 154 16951.  24.2 30.4 2.922   1.   0.
 1 1980 155 16897.  24.4 30.4 2.919   1.   0.
 1 1980 156 16844.  24.6 30.4 2.915   1.   0.
 1 1980 157 16793.  24.8 30.4 2.912   1.   0.
 1 1980 158 16742.  24.9 30.4 2.909   1.  15.
 1 1980 159 16694.  25.1 30.4 2.906   1.   0.
 1 1980 160 16646.  25.3 30.4 2.903   1.  30.
 1 1980 161 16600.  25.5 30.4 2.899   1.   0.
 1 1980 162 16555.  25.6 30.5 2.896   1.  29.
 1 1980 163 16512.  25.8 30.5 2.893   1.   0.
 1 1980 164 16470.  26.0 30.5 2.890   1.   0.
 1 1980 165 16429.  26.2 30.5 2.886   1.  59.
 1 1980 166 16390.  26.3 30.5 2.883   2.  28.
 1 1980 167 16352.  26.5 30.5 2.880   2.   0.
 1 1980 168 16286.  26.4 30.5 2.879   2.   0.
 1 1980 169 16221.  26.3 30.5 2.879   2.   6.
 1 1980 170 16158.  26.1 30.4 2.878   2.   0.
 1 1980 171 16096.  26.0 30.4 2.877   2.   8.
 1 1980 172 16035.  25.9 30.4 2.877   2.  15.
 1 1980 173 15976.  25.8 30.4 2.876   1.   0.
 1 1980 174 15918.  25.7 30.3 2.875   1.   0.
 1 1980 175 15862.  25.6 30.3 2.875   1.   0.
 1 1980 176 15806.  25.5 30.3 2.874   1.   0.
 1 1980 177 15753.  25.3 30.3 2.873   1.   0.
 1 1980 178 15700.  25.2 30.2 2.873   1.   0.
 1 1980 179 15649.  25.1 30.2 2.872   1.  10.
 1 1980 180 15599.  25.0 30.2 2.871   1.   0.
 1 1980 181 15550.  24.9 30.2 2.871   1.   0.
 1 1980 182 15503.  24.8 30.1 2.870   1.   0.
 1 1980 183 15456.  24.6 30.1 2.869   1.   3.
 1 1980 184 15411.  24.5 30.1 2.869   1.   0.
 1 1980 185 15367.  24.4 30.1 2.868   1.   0.
 1 1980 186 15324.  24.3 30.1 2.867   1.   0.
 1 1980 187 15282.  24.2 30.0 2.867   1.   0.
 1 1980 188 15242.  24.0 30.0 2.866   1.   0.
 1 1980 189 15202.  23.9 30.0 2.865   1.   0.
 1 1980 190 15163.  23.8 30.0 2.865   1.   0.
 1 1980 191 15125.  23.7 29.9 2.864   1.   3.
 1 1980 192 15088.  23.6 29.9 2.863   1.   0.
 1 1980 193 15052.  23.5 29.9 2.863   1.   4.
 1 1980 194 15017.  23.4 29.9 2.862   1.   0.
 1 1980 195 14983.  23.2 29.8 2.861   1.   0.
 1 1980 196 14950.  23.1 29.8 2.861   1.   0.
 1 1980 197 14917.  23.0 29.8 2.860   1.   0.
 1 1980 198 14901.  23.0 29.8 2.859   1.  13.
 1 1980 199 14886.  23.0 29.8 2.858   1.  20.
 1 1980 200 14871.  23.0 29.8 2.857   1.   5.
 1 1980 201 14858.  23.0 29.8 2.856   1.   0.
 1 1980 202 14845.  23.0 29.8 2.855   1.  59.
 1 1980 203 14832.  23.0 29.8 2.854   1.   0.
 1 1980 204 14820.  23.0 29.8 2.853   1.   5.
 1 1980 205 14809.  23.0 29.8 2.852   1.   0.
 1 1980 206 14798.  23.0 29.8 2.851   1.   0.
 1 1980 207 14788.  23.0 29.8 2.850   1.   0.
 1 1980 208 14778.  23.0 29.8 2.849   1.   0.
 1 1980 209 14768.  23.0 29.8 2.848   1.   0.
 1 1980 210 14759.  23.0 29.8 2.847   1.   0.
 1 1980 211 14751.  23.0 29.8 2.846   1.   1.
 1 1980 212 14742.  23.0 29.8 2.845   1. 139.
 1 1980 213 14734.  23.0 29.7 2.845   1.   0.
 1 1980 214 14726.  23.0 29.7 2.844   1.  51.
 1 1980 215 14718.  23.0 29.7 2.843   1.  15.
 1 1980 216 14711.  23.0 29.7 2.842   1.   0.
 1 1980 217 14703.  23.0 29.7 2.841   1.   1.
 1 1980 218 14696.  23.0 29.7 2.840   1.   2.
 1 1980 219 14689.  23.0 29.7 2.839   1.  11.
 1 1980 220 14681.  23.0 29.7 2.838   1.   0.
 1 1980 221 14674.  23.0 29.7 2.837   1.  26.
 1 1980 222 14667.  23.0 29.7 2.836   1.  12.
 1 1980 223 14660.  23.0 29.7 2.835   1.   0.
 1 1980 224 14652.  23.0 29.7 2.834   1.   0.
 1 1980 225 14645.  23.0 29.7 2.833   1.   6.
 1 1980 226 14637.  23.0 29.7 2.832   1.   2.
 1 1980 227 14630.  23.0 29.7 2.831   1.   3.
 1 1980 228 14622.  23.0 29.7 2.830   1.  10.
 1 1980 229 14664.  23.0 29.7 2.830   1.   0.
 1 1980 230 14707.  23.0 29.7 2.830   1.   0.
 1 1980 231 14749.  23.1 29.7 2.830   1.   3.
 1 1980 232 14792.  23.1 29.7 2.830   1.   0.
 1 1980 233 14834.  23.1 29.7 2.830   1.   0.
 1 1980 234 14877.  23.1 29.7 2.830   1.   0.
 1 1980 235 14919.  23.1 29.7 2.830   2.  32.
 1 1980 236 14961.  23.2 29.8 2.830   2.   0.
 1 1980 237 15002.  23.2 29.8 2.830   2.   0.
 1 1980 238 15044.  23.2 29.8 2.830   2.   0.
 1 1980 239 15085.  23.2 29.8 2.830   2.   0.
 1 1980 240 15126.  23.2 29.8 2.830   2.   2.
 1 1980 241 15167.  23.3 29.8 2.830   2.   0.
 1 1980 242 15207.  23.3 29.8 2.830   2.  15.
 1 1980 243 15247.  23.3 29.8 2.830   2.  18.
 1 1980 244 15287.  23.3 29.8 2.830   2.   0.
 1 1980 245 15326.  23.3 29.8 2.830   2.   0.
 1 1980 246 15365.  23.3 29.8 2.830   2.   0.
 1 1980 247 15404.  23.4 29.8 2.830   2.   0.
 1 1980 248 15442.  23.4 29.8 2.830   2.   0.
 1 1980 249 15479.  23.4 29.8 2.830   2.   1.
 1 1980 250 15516.  23.4 29.8 2.830   2.  33.
 1 1980 251 15553.  23.4 29.8 2.830   2.   3.
 1 1980 252 15589.  23.5 29.9 2.830   2.   0.
 1 1980 253 15624.  23.5 29.9 2.830   2.   6.
 1 1980 254 15659.  23.5 29.9 2.830   2.   0.
 1 1980 255 15694.  23.5 29.9 2.830   2.  17.
 1 1980 256 15728.  23.5 29.9 2.830   2.   0.
 1 1980 257 15761.  23.6 29.9 2.830   2.   0.
 1 1980 258 15793.  23.6 29.9 2.830   2.   0.
 1 1980 259 15825.  23.6 29.9 2.830   2.   0.
 1 1980 260 16063.  23.6 30.0 2.832   2.   1.
 1 1980 261 16300.  23.6 30.1 2.835   2.  29.
 1 1980 262 16537.  23.6 30.1 2.837   2.   1.
 1 1980 263 16774.  23.6 30.2 2.839   2.   0.
 1 1980 264 17011.  23.6 30.3 2.842   2.   0.
 1 1980 265 17248.  23.5 30.4 2.844   2.   0.
 1 1980 266 17484.  23.5 30.4 2.846   2.   0.
 1 1980 267 17720.  23.5 30.5 2.849   2.   0.
 1 1980 268 17956.  23.5 30.6 2.851   2.   0.
 1 1980 269 18191.  23.5 30.7 2.853   2.   0.
 1 1980 270 18426.  23.5 30.7 2.856   2.   0.
 1 1980 271 18660.  23.5 30.8 2.858   2.   1.
 1 1980 272 18894.  23.5 30.9 2.860   2.   0.
 1 1980 273 19127.  23.5 31.0 2.863   2.   0.
 1 1980 274 19360.  23.5 31.1 2.865   2.   0.
 1 1980 275 19592.  23.4 31.1 2.867   2.   0.
 1 1980 276 19824.  23.4 31.2 2.870   2.   2.
 1 1980 277 20054.  23.4 31.3 2.872   2.   0.
 1 1980 278 20285.  23.4 31.4 2.874   2.   8.
 1 1980 279 20514.  23.4 31.4 2.877   2.   2.
 1 1980 280 20743.  23.4 31.5 2.879   1.   3.
 1 1980 281 20971.  23.4 31.6 2.881   1.   0.
 1 1980 282 21198.  23.4 31.7 2.884   1.   0.
 1 1980 283 21425.  23.4 31.7 2.886   1.   7.
 1 1980 284 21650.  23.4 31.8 2.888   1.   0.
 1 1980 285 21875.  23.3 31.9 2.891   1.   5.
 1 1980 286 22099.  23.3 32.0 2.893   1.   0.
 1 1980 287 22322.  23.3 32.0 2.895   1.   4.
 1 1980 288 22544.  23.3 32.1 2.898   1.   0.
 1 1980 289 22766.  23.3 32.2 2.900   1.   0.
 1 1980 290 22693.  23.3 32.2 2.903   1.   0.
 1 1980 291 22620.  23.3 32.2 2.905   1.   2.
 1 1980 292 22546.  23.3 32.2 2.908   1.   0.
 1 1980 293 22471.  23.2 32.2 2.910   1.   0.
 1 1980 294 22395.  23.2 32.2 2.913   1.  20.
 1 1980 295 22319.  23.2 32.2 2.915   1.   0.
 1 1980 296 22242.  23.2 32.2 2.918   1.   0.
 1 1980 297 22164.  23.2 32.1 2.921   1.   0.
 1 1980 298 22085.  23.2 32.1 2.923   1.   0.
 1 1980 299 22005.  23.1 32.1 2.926   1.   0.
 1 1980 300 21925.  23.1 32.1 2.928   1.   0.
 1 1980 301 21845.  23.1 32.1 2.931   1.   0.
 1 1980 302 21764.  23.1 32.1 2.934   1.   0.
 1 1980 303 21682.  23.1 32.1 2.936   1.   5.
 1 1980 304 21600.  23.1 32.1 2.939   1.   1.
 1 1980 305 21517.  23.0 32.1 2.941   1.   1.
 1 1980 306 21434.  23.0 32.1 2.944   1.   0.
 1 1980 307 21350.  23.0 32.1 2.946   1.   0.
 1 1980 308 21266.  23.0 32.1 2.949   1.   0.
 1 1980 309 21182.  23.0 32.1 2.952   1.   0.
 1 1980 310 21097.  23.0 32.1 2.954   1.  16.
 1 1980 311 21012.  22.9 32.1 2.957   1.   0.
 1 1980 312 20927.  22.9 32.1 2.959   1.   0.
 1 1980 313 20841.  22.9 32.0 2.962   1.  13.
 1 1980 314 20756.  22.9 32.0 2.965   1.  39.
 1 1980 315 20670.  22.9 32.0 2.967   1.   0.
 1 1980 316 20584.  22.9 32.0 2.970   1.   0.
 1 1980 317 20498.  22.8 32.0 2.972   1.  10.
 1 1980 318 20412.  22.8 32.0 2.975   1.   0.
 1 1980 319 20326.  22.8 32.0 2.977   1.   1.
 1 1980 320 20240.  22.8 32.0 2.980   1.  45.
 1 1980 321 20162.  22.8 32.0 2.985   1.   5.
 1 1980 322 20085.  22.8 31.9 2.990   1.  10.
 1 1980 323 20008.  22.8 31.9 2.995   1.   0.
 1 1980 324 19931.  22.8 31.9 3.000   1.  14.
 1 1980 325 19854.  22.8 31.9 3.005   1.   0.
 1 1980 326 19777.  22.8 31.8 3.010   1.  64.
 1 1980 327 19700.  22.8 31.8 3.015   1.   0.
 1 1980 328 19624.  22.9 31.8 3.020   1.   0.
 1 1980 329 19547.  22.9 31.8 3.025   1.   3.
 1 1980 330 19471.  22.9 31.7 3.030   1.   0.
 1 1980 331 19396.  22.9 31.7 3.035   1.  19.
 1 1980 332 19320.  22.9 31.7 3.040   1.   7.
 1 1980 333 19245.  22.9 31.7 3.045   1.  13.
 1 1980 334 19170.  22.9 31.6 3.050   1.  34.
 1 1980 335 19096.  22.9 31.6 3.055   1.  16.
 1 1980 336 19022.  22.9 31.6 3.060   1.   2.
 1 1980 337 18948.  22.9 31.5 3.065   1.  33.
 1 1980 338 18875.  22.9 31.5 3.070   1.  36.
 1 1980 339 18802.  22.9 31.5 3.075   1.   2.
 1 1980 340 18730.  22.9 31.5 3.080   1.  10.
 1 1980 341 18658.  22.9 31.4 3.085   1.    0.
 1 1980 342 18587.  22.9 31.4 3.090   1.   10.
 1 1980 343 18516.  23.0 31.4 3.095   1.    0.
 1 1980 344 18445.  23.0 31.4 3.100   1.    1.
 1 1980 345 18375.  23.0 31.3 3.105   1.   24.
 1 1980 346 18306.  23.0 31.3 3.110   1.   56.
 1 1980 347 18237.  23.0 31.3 3.115   1.   25.
 1 1980 348 18168.  23.0 31.3 3.120   1.    0.
 1 1980 349 18100.  23.0 31.2 3.125   1.   43.
 1 1980 350 18033.  23.0 31.2 3.130   1.    4.
 1 1980 351 18017.  23.0 31.2 3.129   1.   20.
 1 1980 352 18001.  23.0 31.2 3.128   1.    0.
 1 1980 353 17986.  23.0 31.2 3.126   1.   12.
 1 1980 354 17971.  23.0 31.2 3.125   1.    0.
 1 1980 355 17957.  23.0 31.1 3.124   1.   11.
 1 1980 356 17944.  23.0 31.1 3.123   1.    0.
 1 1980 357 17930.  23.0 31.1 3.121   1.    0.
 1 1980 358 17918.  23.0 31.1 3.120   1.    0.
 1 1980 359 17906.  23.0 31.1 3.119   1.    0.
 1 1980 360 17894.  23.0 31.1 3.118   1.    0.
 1 1980 361 17883.  23.0 31.1 3.116   1.    1.
 1 1980 362 17872.  23.0 31.0 3.115   1.    7.
 1 1980 363 17862.  23.0 31.0 3.114   1.    0.
 1 1980 364 17852.  23.0 31.0 3.113   1.    1.
 1 1980 365 17843.  23.0 31.0 3.111   1.    0.
 1 1980 366 17834.  23.0 31.0 3.110   1.    0.
