*-------------------------------------------------------------*
* Station name: Dami Oil Palm Research Station
* Year: 1982
* Author: W. Gerritsma
* Source: Annual report of PNG OPRA, 1982
*         N. A. Warringa, 1985. Report on Investigation 902
*
* Longitude: 150 E, latitude:-5 30 N, altitude: 5 m.
*
* Interpolated values
*
* Column  Daily value
* 1       station number
* 2       year
* 3       day
* 4       radiation
* 5       minimum temperature           (degrees Celsius)
* 6       maximum temperature           (degrees Celsius)
* 7       early morning vapour pressure (kPa)
* 8       mean wind speed (height: 2 m) (m s-1)
* 9       precipitation                 (mm d-1)
*-------------------------------------------------------------*
 150. -5.5  5.0  0.0  0.0
 1 1982   1 17584.  22.9 31.0 3.200  .240  111.
 1 1982   2 17436.  22.9 30.9 3.190  .247    4.
 1 1982   3 17289.  22.9 30.9 3.180  .254   15.
 1 1982   4 17141.  22.9 30.9 3.170  .261    5.
 1 1982   5 16994.  22.9 30.9 3.160  .269    0.
 1 1982   6 16847.  22.9 30.8 3.150  .276    0.
 1 1982   7 16701.  22.9 30.8 3.140  .283    5.
 1 1982   8 16554.  22.9 30.8 3.130  .290    0.
 1 1982   9 16407.  22.9 30.8 3.120  .297   56.
 1 1982  10 16261.  22.9 30.7 3.110  .304   23.
 1 1982  11 16115.  23.0 30.7 3.100  .311   22.
 1 1982  12 15968.  23.0 30.7 3.090  .319   20.
 1 1982  13 15822.  23.0 30.6 3.080  .326   35.
 1 1982  14 15675.  23.0 30.6 3.070  .333   25.
 1 1982  15 15529.  23.0 30.6 3.060  .340   45.
 1 1982  16 15605.  23.0 30.6 3.060  .338    0.
 1 1982  17 15682.  23.0 30.5 3.061  .336    0.
 1 1982  18 15759.  23.0 30.5 3.061  .334    1.
 1 1982  19 15837.  23.0 30.5 3.061  .332   78.
 1 1982  20 15914.  23.0 30.5 3.062  .330    0.
 1 1982  21 15992.  23.0 30.4 3.062  .328   24.
 1 1982  22 16069.  23.0 30.4 3.062  .326   17.
 1 1982  23 16147.  22.9 30.4 3.063  .324   65.
 1 1982  24 16225.  22.9 30.4 3.063  .322   65.
 1 1982  25 16303.  22.9 30.3 3.063  .320    1.
 1 1982  26 16380.  22.9 30.3 3.064  .318   36.
 1 1982  27 16458.  22.9 30.3 3.064  .316    0.
 1 1982  28 16536.  22.9 30.3 3.064  .314   28.
 1 1982  29 16614.  22.9 30.2 3.065  .312   52.
 1 1982  30 16692.  22.9 30.2 3.065  .310   21.
 1 1982  31 16769.  22.9 30.2 3.065  .308    4.
 1 1982  32 16847.  22.9 30.1 3.066  .306   37.
 1 1982  33 16924.  22.9 30.1 3.066  .304   35.
 1 1982  34 17001.  22.9 30.1 3.066  .302   92.
 1 1982  35 17078.  22.9 30.1 3.067  .300    1.
 1 1982  36 17154.  22.9 30.0 3.067  .298    1.
 1 1982  37 17231.  22.9 30.0 3.067  .296    0.
 1 1982  38 17307.  22.8 30.0 3.068  .294    4.
 1 1982  39 17382.  22.8 30.0 3.068  .292    9.
 1 1982  40 17458.  22.8 29.9 3.068  .290   15.
 1 1982  41 17532.  22.8 29.9 3.069  .288    0.
 1 1982  42 17607.  22.8 29.9 3.069  .286   31.
 1 1982  43 17681.  22.8 29.9 3.069  .284   14.
 1 1982  44 17755.  22.8 29.8 3.070  .282    0.
 1 1982  45 17828.  22.8 29.8 3.070  .280    0.
 1 1982  46 17725.  22.8 29.8 3.070  .280    7.
 1 1982  47 17622.  22.8 29.8 3.070  .279   17.
 1 1982  48 17518.  22.8 29.8 3.070  .279  101.
 1 1982  49 17413.  22.8 29.8 3.070  .279   26.
 1 1982  50 17307.  22.8 29.8 3.070  .278   20.
 1 1982  51 17201.  22.8 29.8 3.070  .278   40.
 1 1982  52 17094.  22.8 29.8 3.070  .278    2.
 1 1982  53 16986.  22.8 29.9 3.070  .277   42.
 1 1982  54 16878.  22.8 29.9 3.070  .277    3.
 1 1982  55 16769.  22.8 29.9 3.070  .277    0.
 1 1982  56 16659.  22.8 29.9 3.070  .276    7.
 1 1982  57 16548.  22.8 29.9 3.070  .276  150.
 1 1982  58 16437.  22.8 29.9 3.070  .276    6.
 1 1982  59 16325.  22.8 29.9 3.070  .275    5.
 1 1982  60 16212.  22.8 29.9 3.070  .275   46.
 1 1982  61 16099.  22.8 29.9 3.070  .274   18.
 1 1982  62 15984.  22.8 29.9 3.070  .274   31.
 1 1982  63 15869.  22.8 29.9 3.070  .274    0.
 1 1982  64 15754.  22.8 29.9 3.070  .273    3.
 1 1982  65 15638.  22.8 29.9 3.070  .273    0.
 1 1982  66 15521.  22.8 29.9 3.070  .273    0.
 1 1982  67 15403.  22.8 30.0 3.070  .272    4.
 1 1982  68 15285.  22.8 30.0 3.070  .272    0.
 1 1982  69 15166.  22.8 30.0 3.070  .272   28.
 1 1982  70 15046.  22.8 30.0 3.070  .271    2.
 1 1982  71 14926.  22.8 30.0 3.070  .271    5.
 1 1982  72 14805.  22.8 30.0 3.070  .271   10.
 1 1982  73 14684.  22.8 30.0 3.070  .270    4.
 1 1982  74 14562.  22.8 30.0 3.070  .270   15.
 1 1982  75 14634.  22.8 30.0 3.071  .274   23.
 1 1982  76 14704.  22.8 30.0 3.071  .278    2.
 1 1982  77 14774.  22.8 30.1 3.072  .282    1.
 1 1982  78 14843.  22.9 30.1 3.073  .285   10.
 1 1982  79 14912.  22.9 30.1 3.073  .289    2.
 1 1982  80 14979.  22.9 30.1 3.074  .293    1.
 1 1982  81 15045.  22.9 30.1 3.075  .297    0.
 1 1982  82 15111.  22.9 30.2 3.075  .301   12.
 1 1982  83 15175.  22.9 30.2 3.076  .305    0.
 1 1982  84 15239.  23.0 30.2 3.076  .309    6.
 1 1982  85 15301.  23.0 30.2 3.077  .313   24.
 1 1982  86 15363.  23.0 30.2 3.078  .316    0.
 1 1982  87 15424.  23.0 30.3 3.078  .320    6.
 1 1982  88 15484.  23.0 30.3 3.079  .324   27.
 1 1982  89 15543.  23.0 30.3 3.080  .328   80.
 1 1982  90 15601.  23.1 30.3 3.080  .332   17.
 1 1982  91 15658.  23.1 30.3 3.081  .336   19.
 1 1982  92 15714.  23.1 30.3 3.082  .340    0.
 1 1982  93 15769.  23.1 30.4 3.082  .344    0.
 1 1982  94 15823.  23.1 30.4 3.083  .347    0.
 1 1982  95 15877.  23.1 30.4 3.084  .351   31.
 1 1982  96 15929.  23.2 30.4 3.084  .355    0.
 1 1982  97 15981.  23.2 30.4 3.085  .359    2.
 1 1982  98 16032.  23.2 30.5 3.085  .363    9.
 1 1982  99 16082.  23.2 30.5 3.086  .367    0.
 1 1982 100 16131.  23.2 30.5 3.087  .371    1.
 1 1982 101 16179.  23.2 30.5 3.087  .375  115.
 1 1982 102 16226.  23.3 30.5 3.088  .378   51.
 1 1982 103 16273.  23.3 30.6 3.089  .382    0.
 1 1982 104 16319.  23.3 30.6 3.089  .386    0.
 1 1982 105 16364.  23.3 30.6 3.090  .390   23.
 1 1982 106 16340.  23.3 30.6 3.087  .397    0.
 1 1982 107 16316.  23.3 30.7 3.084  .404   22.
 1 1982 108 16292.  23.3 30.7 3.081  .411   11.
 1 1982 109 16267.  23.3 30.7 3.078  .418    0.
 1 1982 110 16242.  23.3 30.8 3.075  .425    0.
 1 1982 111 16217.  23.3 30.8 3.072  .432    0.
 1 1982 112 16191.  23.3 30.8 3.069  .439   28.
 1 1982 113 16165.  23.3 30.8 3.066  .446   32.
 1 1982 114 16139.  23.3 30.9 3.063  .453    5.
 1 1982 115 16113.  23.3 30.9 3.060  .460    0.
 1 1982 116 16086.  23.3 30.9 3.057  .467    5.
 1 1982 117 16060.  23.3 31.0 3.054  .474    2.
 1 1982 118 16033.  23.3 31.0 3.051  .481    0.
 1 1982 119 16006.  23.3 31.0 3.048  .488    0.
 1 1982 120 15979.  23.3 31.1 3.045  .495    0.
 1 1982 121 15951.  23.3 31.1 3.042  .502    1.
 1 1982 122 15924.  23.3 31.1 3.039  .509    0.
 1 1982 123 15897.  23.3 31.1 3.036  .516   12.
 1 1982 124 15870.  23.3 31.2 3.033  .523    0.
 1 1982 125 15843.  23.3 31.2 3.030  .530   10.
 1 1982 126 15817.  23.3 31.2 3.027  .537    0.
 1 1982 127 15790.  23.3 31.3 3.024  .544    3.
 1 1982 128 15764.  23.3 31.3 3.021  .551   17.
 1 1982 129 15737.  23.3 31.3 3.018  .558    7.
 1 1982 130 15711.  23.3 31.4 3.015  .565    1.
 1 1982 131 15686.  23.3 31.4 3.012  .572    0.
 1 1982 132 15660.  23.3 31.4 3.009  .579    0.
 1 1982 133 15636.  23.3 31.4 3.006  .586    0.
 1 1982 134 15611.  23.3 31.5 3.003  .593    0.
 1 1982 135 15587.  23.3 31.5 3.000  .600    0.
 1 1982 136 15475.  23.3 31.5 2.992  .645    0.
 1 1982 137 15364.  23.3 31.4 2.983  .691    2.
 1 1982 138 15254.  23.3 31.4 2.975  .736   22.
 1 1982 139 15144.  23.3 31.4 2.966  .782    0.
 1 1982 140 15036.  23.3 31.3 2.958  .827    0.
 1 1982 141 14929.  23.3 31.3 2.950  .873    0.
 1 1982 142 14823.  23.3 31.3 2.941  .918    0.
 1 1982 143 14717.  23.3 31.2 2.933  .964   40.
 1 1982 144 14613.  23.3 31.2 2.925 1.009    0.
 1 1982 145 14510.  23.3 31.1 2.916 1.055    9.
 1 1982 146 14408.  23.3 31.1 2.908 1.100    1.
 1 1982 147 14307.  23.3 31.1 2.899 1.146    6.
 1 1982 148 14207.  23.3 31.0 2.891 1.191    0.
 1 1982 149 14109.  23.3 31.0 2.883 1.237    0.
 1 1982 150 14011.  23.3 31.0 2.874 1.282    0.
 1 1982 151 13915.  23.3 30.9 2.866 1.328    9.
 1 1982 152 13820.  23.3 30.9 2.857 1.373    1.
 1 1982 153 13726.  23.3 30.9 2.849 1.419   10.
 1 1982 154 13633.  23.3 30.8 2.841 1.464    9.
 1 1982 155 13541.  23.3 30.8 2.832 1.510    1.
 1 1982 156 13451.  23.3 30.8 2.824 1.555    0.
 1 1982 157 13361.  23.3 30.7 2.815 1.601    2.
 1 1982 158 13273.  23.3 30.7 2.807 1.646    3.
 1 1982 159 13186.  23.3 30.6 2.799 1.692    0.
 1 1982 160 13101.  23.3 30.6 2.790 1.737    0.
 1 1982 161 13016.  23.3 30.6 2.782 1.783    0.
 1 1982 162 12933.  23.3 30.5 2.774 1.828    0.
 1 1982 163 12850.  23.3 30.5 2.765 1.874    0.
 1 1982 164 12769.  23.3 30.5 2.757 1.919    0.
 1 1982 165 12690.  23.3 30.4 2.748 1.965    0.
 1 1982 166 12611.  23.3 30.4 2.740 2.010    5.
 1 1982 167 12699.  23.3 30.4 2.735 2.018    0.
 1 1982 168 12789.  23.3 30.4 2.729 2.027    7.
 1 1982 169 12879.  23.3 30.4 2.724 2.035    1.
 1 1982 170 12970.  23.3 30.4 2.719 2.043   14.
 1 1982 171 13063.  23.3 30.4 2.713 2.052    0.
 1 1982 172 13156.  23.3 30.4 2.708 2.060    0.
 1 1982 173 13251.  23.3 30.4 2.703 2.068    4.
 1 1982 174 13347.  23.3 30.4 2.697 2.077    0.
 1 1982 175 13444.  23.3 30.4 2.692 2.085    0.
 1 1982 176 13542.  23.3 30.4 2.687 2.093    0.
 1 1982 177 13641.  23.3 30.4 2.681 2.102    0.
 1 1982 178 13741.  23.3 30.4 2.676 2.110    0.
 1 1982 179 13843.  23.3 30.4 2.671 2.118    0.
 1 1982 180 13946.  23.3 30.4 2.665 2.127    0.
 1 1982 181 14050.  23.3 30.4 2.660 2.135    0.
 1 1982 182 14156.  23.2 30.5 2.655 2.143    0.
 1 1982 183 14263.  23.2 30.5 2.649 2.152    0.
 1 1982 184 14371.  23.2 30.5 2.644 2.160    0.
 1 1982 185 14480.  23.2 30.5 2.639 2.168    0.
 1 1982 186 14591.  23.2 30.5 2.633 2.177    0.
 1 1982 187 14703.  23.2 30.5 2.628 2.185    0.
 1 1982 188 14816.  23.2 30.5 2.623 2.193    3.
 1 1982 189 14931.  23.2 30.5 2.617 2.202    0.
 1 1982 190 15047.  23.2 30.5 2.612 2.210    0.
 1 1982 191 15164.  23.2 30.5 2.607 2.218    0.
 1 1982 192 15283.  23.2 30.5 2.601 2.227    0.
 1 1982 193 15403.  23.2 30.5 2.596 2.235   15.
 1 1982 194 15524.  23.2 30.5 2.591 2.243    0.
 1 1982 195 15647.  23.2 30.5 2.585 2.252    0.
 1 1982 196 15771.  23.2 30.5 2.580 2.260    0.
 1 1982 197 15855.  23.2 30.5 2.586 2.242    0.
 1 1982 198 15940.  23.2 30.5 2.593 2.225    0.
 1 1982 199 16027.  23.1 30.4 2.599 2.207   20.
 1 1982 200 16114.  23.1 30.4 2.606 2.189    0.
 1 1982 201 16203.  23.1 30.4 2.612 2.171    0.
 1 1982 202 16293.  23.1 30.4 2.619 2.154    0.
 1 1982 203 16384.  23.1 30.4 2.625 2.136    0.
 1 1982 204 16476.  23.0 30.3 2.632 2.118    0.
 1 1982 205 16569.  23.0 30.3 2.638 2.100    0.
 1 1982 206 16663.  23.0 30.3 2.645 2.083    0.
 1 1982 207 16758.  23.0 30.3 2.651 2.065    0.
 1 1982 208 16853.  23.0 30.3 2.657 2.047   13.
 1 1982 209 16950.  22.9 30.2 2.664 2.029    0.
 1 1982 210 17048.  22.9 30.2 2.670 2.012    0.
 1 1982 211 17146.  22.9 30.2 2.677 1.994    0.
 1 1982 212 17246.  22.9 30.2 2.683 1.976    0.
 1 1982 213 17346.  22.9 30.2 2.690 1.958    0.
 1 1982 214 17447.  22.9 30.2 2.696 1.941    0.
 1 1982 215 17548.  22.8 30.1 2.703 1.923    0.
 1 1982 216 17651.  22.8 30.1 2.709 1.905    0.
 1 1982 217 17754.  22.8 30.1 2.715 1.887    0.
 1 1982 218 17857.  22.8 30.1 2.722 1.870    0.
 1 1982 219 17961.  22.8 30.1 2.728 1.852    0.
 1 1982 220 18066.  22.7 30.0 2.735 1.834    0.
 1 1982 221 18172.  22.7 30.0 2.741 1.816    8.
 1 1982 222 18278.  22.7 30.0 2.748 1.799   28.
 1 1982 223 18384.  22.7 30.0 2.754 1.781    0.
 1 1982 224 18491.  22.7 30.0 2.761 1.763    0.
 1 1982 225 18598.  22.6 29.9 2.767 1.745    1.
 1 1982 226 18705.  22.6 29.9 2.774 1.728    0.
 1 1982 227 18813.  22.6 29.9 2.780 1.710    0.
 1 1982 228 18911.  22.6 30.0 2.782 1.702    0.
 1 1982 229 19010.  22.6 30.0 2.783 1.694    0.
 1 1982 230 19108.  22.6 30.1 2.785 1.686    0.
 1 1982 231 19207.  22.6 30.1 2.786 1.678    1.
 1 1982 232 19305.  22.6 30.2 2.788 1.670    0.
 1 1982 233 19404.  22.6 30.2 2.790 1.662    0.
 1 1982 234 19503.  22.6 30.3 2.791 1.654    0.
 1 1982 235 19602.  22.6 30.3 2.793 1.645    0.
 1 1982 236 19700.  22.6 30.4 2.795 1.637    0.
 1 1982 237 19799.  22.6 30.4 2.796 1.629    0.
 1 1982 238 19898.  22.6 30.5 2.798 1.621    0.
 1 1982 239 19996.  22.6 30.6 2.799 1.613    0.
 1 1982 240 20094.  22.6 30.6 2.801 1.605    0.
 1 1982 241 20192.  22.6 30.7 2.803 1.597    0.
 1 1982 242 20290.  22.6 30.7 2.804 1.589    9.
 1 1982 243 20387.  22.5 30.8 2.806 1.581   12.
 1 1982 244 20485.  22.5 30.8 2.807 1.573    0.
 1 1982 245 20581.  22.5 30.9 2.809 1.565    0.
 1 1982 246 20678.  22.5 30.9 2.811 1.557    0.
 1 1982 247 20774.  22.5 31.0 2.812 1.549    0.
 1 1982 248 20869.  22.5 31.1 2.814 1.541    3.
 1 1982 249 20965.  22.5 31.1 2.815 1.533    0.
 1 1982 250 21059.  22.5 31.2 2.817 1.525    0.
 1 1982 251 21153.  22.5 31.2 2.819 1.516    0.
 1 1982 252 21247.  22.5 31.3 2.820 1.508   18.
 1 1982 253 21340.  22.5 31.3 2.822 1.500    8.
 1 1982 254 21432.  22.5 31.4 2.824 1.492    0.
 1 1982 255 21524.  22.5 31.4 2.825 1.484    0.
 1 1982 256 21615.  22.5 31.5 2.827 1.476    0.
 1 1982 257 21705.  22.5 31.5 2.828 1.468    0.
 1 1982 258 21795.  22.5 31.6 2.830 1.460    0.
 1 1982 259 21774.  22.5 31.6 2.833 1.445    0.
 1 1982 260 21753.  22.5 31.6 2.835 1.431    0.
 1 1982 261 21730.  22.6 31.6 2.838 1.416    0.
 1 1982 262 21706.  22.6 31.7 2.841 1.401    3.
 1 1982 263 21681.  22.6 31.7 2.843 1.387    0.
 1 1982 264 21656.  22.6 31.7 2.846 1.372    0.
 1 1982 265 21629.  22.6 31.7 2.849 1.357    0.
 1 1982 266 21600.  22.7 31.7 2.851 1.343    0.
 1 1982 267 21571.  22.7 31.8 2.854 1.328    0.
 1 1982 268 21541.  22.7 31.8 2.857 1.313    0.
 1 1982 269 21510.  22.7 31.8 2.859 1.299    0.
 1 1982 270 21477.  22.7 31.8 2.862 1.284    0.
 1 1982 271 21444.  22.8 31.8 2.865 1.269   31.
 1 1982 272 21409.  22.8 31.8 2.867 1.255    0.
 1 1982 273 21373.  22.8 31.8 2.870 1.240    0.
 1 1982 274 21337.  22.8 31.9 2.873 1.225    0.
 1 1982 275 21299.  22.8 31.9 2.875 1.211    0.
 1 1982 276 21260.  22.9 31.9 2.878 1.196    0.
 1 1982 277 21220.  22.9 31.9 2.881 1.181    2.
 1 1982 278 21179.  22.9 31.9 2.883 1.167    0.
 1 1982 279 21137.  22.9 31.9 2.886 1.152    2.
 1 1982 280 21094.  22.9 32.0 2.889 1.137    0.
 1 1982 281 21050.  23.0 32.0 2.891 1.123    0.
 1 1982 282 21005.  23.0 32.0 2.894 1.108    0.
 1 1982 283 20959.  23.0 32.0 2.897 1.093    4.
 1 1982 284 20912.  23.0 32.0 2.899 1.079    0.
 1 1982 285 20865.  23.0 32.0 2.902 1.064    0.
 1 1982 286 20816.  23.1 32.1 2.905 1.049    0.
 1 1982 287 20766.  23.1 32.1 2.907 1.035    0.
 1 1982 288 20716.  23.1 32.1 2.910 1.020    0.
 1 1982 289 20793.  23.1 32.1 2.905 1.001   10.
 1 1982 290 20869.  23.1 32.2 2.900  .981    0.
 1 1982 291 20944.  23.1 32.2 2.895  .962    0.
 1 1982 292 21018.  23.0 32.3 2.891  .943    0.
 1 1982 293 21092.  23.0 32.3 2.886  .923    3.
 1 1982 294 21165.  23.0 32.4 2.881  .904    3.
 1 1982 295 21237.  23.0 32.4 2.876  .885    0.
 1 1982 296 21308.  23.0 32.5 2.871  .865    0.
 1 1982 297 21378.  23.0 32.5 2.866  .846    0.
 1 1982 298 21448.  23.0 32.6 2.862  .826    0.
 1 1982 299 21517.  23.0 32.6 2.857  .807    7.
 1 1982 300 21585.  22.9 32.7 2.852  .788    0.
 1 1982 301 21653.  22.9 32.7 2.847  .768    0.
 1 1982 302 21720.  22.9 32.8 2.842  .749    0.
 1 1982 303 21786.  22.9 32.8 2.837  .730    0.
 1 1982 304 21852.  22.9 32.9 2.833  .710    0.
 1 1982 305 21917.  22.9 32.9 2.828  .691    9.
 1 1982 306 21981.  22.9 33.0 2.823  .672    0.
 1 1982 307 22045.  22.9 33.0 2.818  .652    0.
 1 1982 308 22108.  22.8 33.1 2.813  .633    1.
 1 1982 309 22171.  22.8 33.1 2.808  .614    0.
 1 1982 310 22233.  22.8 33.2 2.804  .594    0.
 1 1982 311 22295.  22.8 33.2 2.799  .575    0.
 1 1982 312 22356.  22.8 33.3 2.794  .555    0.
 1 1982 313 22417.  22.8 33.3 2.789  .536    0.
 1 1982 314 22478.  22.8 33.4 2.784  .517    0.
 1 1982 315 22538.  22.8 33.4 2.779  .497    0.
 1 1982 316 22598.  22.7 33.5 2.775  .478    0.
 1 1982 317 22657.  22.7 33.5 2.770  .459    0.
 1 1982 318 22717.  22.7 33.6 2.765  .439    0.
 1 1982 319 22776.  22.7 33.6 2.760  .420    0.
 1 1982 320 22669.  22.7 33.5 2.779  .411    0.
 1 1982 321 22562.  22.7 33.4 2.799  .401    0.
 1 1982 322 22455.  22.7 33.4 2.818  .392    7.
 1 1982 323 22348.  22.7 33.3 2.837  .383    0.
 1 1982 324 22241.  22.7 33.2 2.857  .373    8.
 1 1982 325 22135.  22.7 33.1 2.876  .364    0.
 1 1982 326 22029.  22.7 33.1 2.895  .355    0.
 1 1982 327 21923.  22.7 33.0 2.915  .345    4.
 1 1982 328 21817.  22.7 32.9 2.934  .336    0.
 1 1982 329 21712.  22.7 32.8 2.953  .327    0.
 1 1982 330 21606.  22.7 32.8 2.973  .317    2.
 1 1982 331 21502.  22.7 32.7 2.992  .308    0.
 1 1982 332 21397.  22.7 32.6 3.011  .299    0.
 1 1982 333 21293.  22.7 32.5 3.031  .289    0.
 1 1982 334 21190.  22.7 32.5 3.050  .280    0.
 1 1982 335 21086.  22.7 32.4 3.069  .271    0.
 1 1982 336 20984.  22.7 32.3 3.089  .261   14.
 1 1982 337 20881.  22.7 32.2 3.108  .252    3.
 1 1982 338 20780.  22.7 32.1 3.127  .243   36.
 1 1982 339 20678.  22.7 32.1 3.147  .233    0.
 1 1982 340 20578.  22.7 32.0 3.166  .224    7.
 1 1982 341 20477.  22.7 31.9 3.185  .215   49.
 1 1982 342 20378.  22.7 31.8 3.205  .205    0.
 1 1982 343 20278.  22.7 31.8 3.224  .196   56.
 1 1982 344 20180.  22.7 31.7 3.243  .187   10.
 1 1982 345 20082.  22.7 31.6 3.263  .177    1.
 1 1982 346 19984.  22.7 31.5 3.282  .168   27.
 1 1982 347 19887.  22.7 31.5 3.301  .159    0.
 1 1982 348 19791.  22.7 31.4 3.321  .149    0.
 1 1982 349 19695.  22.7 31.3 3.340  .140   10.
 1 1982 350 19559.  22.7 31.3 3.331  .146    0.
 1 1982 351 19423.  22.7 31.3 3.322  .153    0.
 1 1982 352 19288.  22.7 31.2 3.314  .159   15.
 1 1982 353 19154.  22.7 31.2 3.305  .165   31.
 1 1982 354 19020.  22.7 31.2 3.296  .171   47.
 1 1982 355 18886.  22.8 31.2 3.287  .178    0.
 1 1982 356 18753.  22.8 31.1 3.279  .184    1.
 1 1982 357 18621.  22.8 31.1 3.270  .190    3.
 1 1982 358 18489.  22.8 31.1 3.261  .196    0.
 1 1982 359 18357.  22.8 31.1 3.252  .203    8.
 1 1982 360 18226.  22.8 31.1 3.244  .209    1.
 1 1982 361 18096.  22.8 31.0 3.235  .215    3.
 1 1982 362 17966.  22.8 31.0 3.226  .221   28.
 1 1982 363 17836.  22.8 31.0 3.217  .228    1.
 1 1982 364 17706.  22.8 31.0 3.209  .234    2.
 1 1982 365 17577.  22.9 31.0 3.200  .240   10.
