*-------------------------------------------------------------*
* Station name: Dami Oil Palm Research Station, W.N.B., P.N.G.
* Year: 1975
* Author: W. Gerritsma
* Source: C.J. Breure, 1978. Dami O.P.R.S. March 1971-March 1977  
*
* Longitude: 150 E, latitude:-5 30 N, altitude: 5 m.
*
* Interpolated values
*
* Column  Daily value
* 1       station number
* 2       year
* 3       day
* 4       radiation                     (kJ m-2 d-1)
* 5       minimum temperature           (degrees Celsius)
* 6       maximum temperature           (degrees Celsius)
* 7       early morning vapour pressure (kPa)
* 8       mean wind speed (height: 2 m) (m s-1)
* 9       precipitation.rain days       (mm d-1.days)
*-------------------------------------------------------------*
 150 -5.5  5.0  0.0  0.0
 1 1975   1 17501.  22.5 30.3 2.465   1.  96.
 1 1975   2 17406.  22.5 30.3 2.470   1.  12.
 1 1975   3 17312.  22.6 30.3 2.476   1.   0.
 1 1975   4 17219.  22.6 30.3 2.481   1.  23.
 1 1975   5 17125.  22.6 30.3 2.486   1.   6.
 1 1975   6 17032.  22.7 30.3 2.492   1.   0.
 1 1975   7 16939.  22.7 30.4 2.497   1.  76.
 1 1975   8 16847.  22.8 30.4 2.503   1.  47.
 1 1975   9 16754.  22.8 30.4 2.508   1.   5.
 1 1975  10 16662.  22.8 30.4 2.513   1.  24.
 1 1975  11 16569.  22.9 30.4 2.519   1.   3.
 1 1975  12 16477.  22.9 30.4 2.524   1.   4.
 1 1975  13 16385.  22.9 30.5 2.529   1.  67.
 1 1975  14 16293.  23.0 30.5 2.535   1.   7.
 1 1975  15 16201.  23.0 30.5 2.540   1.  25.
 1 1975  16 16211.  23.0 30.5 2.540   1.   5.
 1 1975  17 16221.  22.9 30.5 2.540   1.   0.
 1 1975  18 16231.  22.9 30.5 2.540   1.   0.
 1 1975  19 16241.  22.9 30.5 2.540   1.   0.
 1 1975  20 16251.  22.8 30.5 2.540   1.   0.
 1 1975  21 16262.  22.8 30.5 2.540   1.  33.
 1 1975  22 16272.  22.8 30.5 2.540   1.   5.
 1 1975  23 16282.  22.7 30.5 2.540   1.   3.
 1 1975  24 16292.  22.7 30.5 2.540   1.   0.
 1 1975  25 16303.  22.7 30.5 2.540   1.  16.
 1 1975  26 16313.  22.6 30.5 2.540   1.   0.
 1 1975  27 16323.  22.6 30.5 2.540   1.  77.
 1 1975  28 16332.  22.6 30.5 2.540   1.   0.
 1 1975  29 16342.  22.5 30.5 2.540   1.   9.
 1 1975  30 16352.  22.5 30.5 2.540   1.  11.
 1 1975  31 16361.  22.5 30.5 2.540   1. 250.
 1 1975  32 16370.  22.4 30.5 2.540   1.  72.
 1 1975  33 16379.  22.4 30.5 2.540   1.  34.
 1 1975  34 16387.  22.4 30.5 2.540   1.   0.
 1 1975  35 16395.  22.3 30.5 2.540   1.   3.
 1 1975  36 16403.  22.3 30.5 2.540   1.   0.
 1 1975  37 16410.  22.3 30.5 2.540   1.   0.
 1 1975  38 16418.  22.2 30.5 2.540   1. 117.
 1 1975  39 16424.  22.2 30.5 2.540   1.  47.
 1 1975  40 16430.  22.2 30.5 2.540   1.  37.
 1 1975  41 16436.  22.1 30.5 2.540   1.  34.
 1 1975  42 16442.  22.1 30.5 2.540   1.  12.
 1 1975  43 16447.  22.1 30.5 2.540   1.  11.
 1 1975  44 16451.  22.0 30.5 2.540   1.   0.
 1 1975  45 16455.  22.0 30.5 2.540   1.   4.
 1 1975  46 16505.  22.0 30.5 2.533   1.  48.
 1 1975  47 16556.  22.0 30.5 2.526   1.   3.
 1 1975  48 16605.  22.0 30.5 2.518   1.   9.
 1 1975  49 16654.  22.0 30.5 2.511   1.   2.
 1 1975  50 16703.  22.0 30.5 2.504   1.   0.
 1 1975  51 16750.  22.0 30.5 2.497   1.   0.
 1 1975  52 16798.  22.0 30.5 2.489   1.   4.
 1 1975  53 16844.  22.0 30.5 2.482   1.   0.
 1 1975  54 16890.  22.0 30.5 2.475   1.  52.
 1 1975  55 16935.  22.0 30.5 2.468   1.  23.
 1 1975  56 16979.  22.0 30.5 2.460   1.   0.
 1 1975  57 17023.  22.0 30.5 2.453   1.  22.
 1 1975  58 17066.  22.0 30.5 2.446   1.  11.
 1 1975  59 17108.  22.0 30.5 2.439   1.  40.
 1 1975  60 17150.  22.0 30.5 2.431   1.   7.
 1 1975  61 17190.  22.0 30.5 2.424   1.  16.
 1 1975  62 17230.  22.0 30.5 2.417   1.   6.
 1 1975  63 17269.  22.0 30.5 2.410   1.   2.
 1 1975  64 17307.  22.0 30.5 2.402   1.  20.
 1 1975  65 17344.  22.0 30.5 2.395   1.  21.
 1 1975  66 17381.  22.0 30.5 2.388   1.  10.
 1 1975  67 17416.  22.0 30.5 2.381   1.  19.
 1 1975  68 17451.  22.0 30.5 2.373   1.   0.
 1 1975  69 17484.  22.0 30.5 2.366   1.  38.
 1 1975  70 17517.  22.0 30.5 2.359   1.  37.
 1 1975  71 17549.  22.0 30.5 2.352   1.   6.
 1 1975  72 17580.  22.0 30.5 2.344   1.   5.
 1 1975  73 17610.  22.0 30.5 2.337   1.   9.
 1 1975  74 17639.  22.0 30.5 2.330   1.   0.
 1 1975  75 17642.  22.1 30.5 2.335   1.   7.
 1 1975  76 17644.  22.1 30.5 2.340   1. 113.
 1 1975  77 17645.  22.2 30.5 2.345   1.  13.
 1 1975  78 17645.  22.3 30.6 2.349   1.   0.
 1 1975  79 17645.  22.3 30.6 2.354   1.   0.
 1 1975  80 17643.  22.4 30.6 2.359   1.  20.
 1 1975  81 17641.  22.5 30.6 2.364   1.  15.
 1 1975  82 17638.  22.5 30.6 2.369   1.   7.
 1 1975  83 17634.  22.6 30.6 2.374   1.  20.
 1 1975  84 17628.  22.6 30.7 2.378   1.  20.
 1 1975  85 17623.  22.7 30.7 2.383   1.  13.
 1 1975  86 17616.  22.8 30.7 2.388   1.  10.
 1 1975  87 17608.  22.8 30.7 2.393   1.   7.
 1 1975  88 17600.  22.9 30.7 2.398   1.   0.
 1 1975  89 17590.  23.0 30.7 2.403   1.  43.
 1 1975  90 17580.  23.0 30.8 2.407   1.   0.
 1 1975  91 17569.  23.1 30.8 2.412   1.   0.
 1 1975  92 17558.  23.2 30.8 2.417   1.   3.
 1 1975  93 17545.  23.2 30.8 2.422   1.   0.
 1 1975  94 17532.  23.3 30.8 2.427   1.   0.
 1 1975  95 17518.  23.4 30.8 2.432   1.   9.
 1 1975  96 17503.  23.4 30.9 2.436   1.   8.
 1 1975  97 17488.  23.5 30.9 2.441   1.   2.
 1 1975  98 17472.  23.5 30.9 2.446   1.   8.
 1 1975  99 17455.  23.6 30.9 2.451   1.  31.
 1 1975 100 17438.  23.7 30.9 2.456   1.   2.
 1 1975 101 17420.  23.7 30.9 2.461   1.  22.
 1 1975 102 17401.  23.8 31.0 2.465   1.  20.
 1 1975 103 17382.  23.9 31.0 2.470   1.   0.
 1 1975 104 17362.  23.9 31.0 2.475   1.   0.
 1 1975 105 17341.  24.0 31.0 2.480   1.   0.
 1 1975 106 17408.  23.9 31.0 2.481   1.   0.
 1 1975 107 17474.  23.9 31.1 2.482   1.  63.
 1 1975 108 17539.  23.8 31.1 2.483   1.   2.
 1 1975 109 17603.  23.7 31.1 2.484   1.   4.
 1 1975 110 17666.  23.7 31.2 2.485   1.   0.
 1 1975 111 17728.  23.6 31.2 2.486   1.   0.
 1 1975 112 17790.  23.5 31.2 2.487   1.   2.
 1 1975 113 17851.  23.5 31.3 2.488   1.   6.
 1 1975 114 17911.  23.4 31.3 2.489   1.   0.
 1 1975 115 17971.  23.3 31.3 2.490   1.   7.
 1 1975 116 18030.  23.3 31.4 2.491   1.  26.
 1 1975 117 18088.  23.2 31.4 2.492   1.   0.
 1 1975 118 18146.  23.1 31.4 2.493   1.   1.
 1 1975 119 18203.  23.1 31.5 2.494   1.   4.
 1 1975 120 18260.  23.0 31.5 2.495   1.  26.
 1 1975 121 18316.  22.9 31.5 2.496   1.   0.
 1 1975 122 18372.  22.9 31.6 2.497   1.   0.
 1 1975 123 18427.  22.8 31.6 2.498   1.   0.
 1 1975 124 18482.  22.7 31.6 2.499   1.   0.
 1 1975 125 18537.  22.7 31.7 2.500   1.   5.
 1 1975 126 18591.  22.6 31.7 2.501   1.   0.
 1 1975 127 18645.  22.5 31.7 2.502   1.   0.
 1 1975 128 18699.  22.5 31.8 2.503   1.   1.
 1 1975 129 18753.  22.4 31.8 2.504   1.  17.
 1 1975 130 18807.  22.3 31.8 2.505   1.   0.
 1 1975 131 18860.  22.3 31.9 2.506   1.  22.
 1 1975 132 18914.  22.2 31.9 2.507   1.   9.
 1 1975 133 18968.  22.1 31.9 2.508   1.   0.
 1 1975 134 19021.  22.1 32.0 2.509   1.  19.
 1 1975 135 19075.  22.0 32.0 2.510   1.   0.
 1 1975 136 19024.  22.0 32.0 2.510   1.   2.
 1 1975 137 18973.  22.0 32.0 2.510   1.   9.
 1 1975 138 18922.  22.0 32.0 2.510   1.   0.
 1 1975 139 18873.  22.0 32.0 2.510   1.  11.
 1 1975 140 18824.  22.0 32.0 2.510   1.   1.
 1 1975 141 18776.  22.0 32.0 2.510   1.   0.
 1 1975 142 18729.  22.0 32.0 2.510   1.   0.
 1 1975 143 18683.  22.0 32.0 2.510   1.   1.
 1 1975 144 18638.  22.0 32.0 2.510   1.  15.
 1 1975 145 18594.  22.0 32.0 2.510   1.   0.
 1 1975 146 18551.  22.0 32.0 2.510   1.  21.
 1 1975 147 18509.  22.0 32.0 2.510   1.  11.
 1 1975 148 18468.  22.0 32.0 2.510   1.   0.
 1 1975 149 18428.  22.0 32.0 2.510   1.   0.
 1 1975 150 18390.  22.0 32.0 2.510   1.  10.
 1 1975 151 18352.  22.0 32.0 2.510   1.   0.
 1 1975 152 18316.  22.0 32.0 2.510   1.   0.
 1 1975 153 18281.  22.0 32.0 2.510   1.  19.
 1 1975 154 18247.  22.0 32.0 2.510   1.   0.
 1 1975 155 18215.  22.0 32.0 2.510   1.   0.
 1 1975 156 18184.  22.0 32.0 2.510   1.   1.
 1 1975 157 18154.  22.0 32.0 2.510   1.   0.
 1 1975 158 18125.  22.0 32.0 2.510   1.   0.
 1 1975 159 18098.  22.0 32.0 2.510   1.   0.
 1 1975 160 18073.  22.0 32.0 2.510   1.   2.
 1 1975 161 18048.  22.0 32.0 2.510   1.  10.
 1 1975 162 18025.  22.0 32.0 2.510   1.   0.
 1 1975 163 18004.  22.0 32.0 2.510   1.   0.
 1 1975 164 17984.  22.0 32.0 2.510   1.   2.
 1 1975 165 17966.  22.0 32.0 2.510   1.   2.
 1 1975 166 17949.  22.0 32.0 2.510   1.   0.
 1 1975 167 17914.  22.0 32.0 2.503   1.   5.
 1 1975 168 17881.  22.0 31.9 2.497   1.   0.
 1 1975 169 17849.  22.0 31.9 2.490   1.   0.
 1 1975 170 17818.  22.0 31.9 2.483   1.   0.
 1 1975 171 17790.  22.0 31.8 2.477   1.   0.
 1 1975 172 17762.  22.0 31.8 2.470   1.  42.
 1 1975 173 17737.  22.0 31.8 2.463   1.   0.
 1 1975 174 17712.  22.0 31.7 2.457   1.   1.
 1 1975 175 17689.  22.0 31.7 2.450   1.   0.
 1 1975 176 17668.  22.0 31.7 2.443   1.   1.
 1 1975 177 17648.  22.0 31.6 2.437   1.   0.
 1 1975 178 17630.  22.0 31.6 2.430   1.   1.
 1 1975 179 17613.  22.0 31.6 2.423   1.   0.
 1 1975 180 17598.  22.0 31.5 2.417   1.   0.
 1 1975 181 17584.  22.0 31.5 2.410   1.   0.
 1 1975 182 17571.  22.0 31.5 2.403   1.  31.
 1 1975 183 17560.  22.0 31.4 2.397   1.  24.
 1 1975 184 17550.  22.0 31.4 2.390   1.   1.
 1 1975 185 17542.  22.0 31.4 2.383   1.  10.
 1 1975 186 17534.  22.0 31.3 2.377   1.   0.
 1 1975 187 17529.  22.0 31.3 2.370   1.   0.
 1 1975 188 17524.  22.0 31.3 2.363   1.   0.
 1 1975 189 17521.  22.0 31.2 2.357   1.  15.
 1 1975 190 17519.  22.0 31.2 2.350   1.   0.
 1 1975 191 17518.  22.0 31.2 2.343   1.   3.
 1 1975 192 17518.  22.0 31.1 2.337   1.   0.
 1 1975 193 17519.  22.0 31.1 2.330   1.   0.
 1 1975 194 17522.  22.0 31.1 2.323   1.   0.
 1 1975 195 17526.  22.0 31.0 2.317   1.   0.
 1 1975 196 17530.  22.0 31.0 2.310   1.   0.
 1 1975 197 17556.  22.0 31.0 2.309   1.   9.
 1 1975 198 17582.  22.0 31.0 2.308   1.   0.
 1 1975 199 17610.  22.0 31.0 2.307   1.  13.
 1 1975 200 17638.  22.0 31.0 2.306   1.   1.
 1 1975 201 17668.  22.0 31.0 2.305   1.   0.
 1 1975 202 17698.  22.0 31.0 2.304   1.   0.
 1 1975 203 17730.  22.0 31.0 2.303   1.   0.
 1 1975 204 17762.  22.0 31.0 2.302   1.   0.
 1 1975 205 17795.  22.0 31.0 2.301   1.   0.
 1 1975 206 17828.  22.0 31.0 2.300   1.   2.
 1 1975 207 17863.  22.0 31.0 2.299   1.   1.
 1 1975 208 17898.  22.0 31.0 2.298   1.  23.
 1 1975 209 17934.  22.0 31.0 2.297   1.   0.
 1 1975 210 17971.  22.0 31.0 2.296   1.   0.
 1 1975 211 18008.  22.0 31.0 2.295   1.   0.
 1 1975 212 18046.  22.0 31.0 2.295   1.   0.
 1 1975 213 18084.  22.0 31.0 2.294   1.   0.
 1 1975 214 18123.  22.0 31.0 2.293   1.   0.
 1 1975 215 18162.  22.0 31.0 2.292   1.   7.
 1 1975 216 18202.  22.0 31.0 2.291   1.  10.
 1 1975 217 18242.  22.0 31.0 2.290   1.   1.
 1 1975 218 18283.  22.0 31.0 2.289   1.   0.
 1 1975 219 18323.  22.0 31.0 2.288   1.   3.
 1 1975 220 18365.  22.0 31.0 2.287   1.   0.
 1 1975 221 18406.  22.0 31.0 2.286   1.  29.
 1 1975 222 18447.  22.0 31.0 2.285   1.   0.
 1 1975 223 18489.  22.0 31.0 2.284   1.   0.
 1 1975 224 18531.  22.0 31.0 2.283   1.   1.
 1 1975 225 18573.  22.0 31.0 2.282   1.   6.
 1 1975 226 18615.  22.0 31.0 2.281   1.   1.
 1 1975 227 18657.  22.0 31.0 2.280   1.   0.
 1 1975 228 18734.  22.0 31.0 2.275   1.   0.
 1 1975 229 18812.  22.0 31.1 2.269   1.   1.
 1 1975 230 18889.  22.0 31.1 2.264   1.   0.
 1 1975 231 18967.  22.0 31.1 2.258   1.  11.
 1 1975 232 19045.  22.0 31.2 2.253   1.   6.
 1 1975 233 19122.  22.0 31.2 2.247   1.   0.
 1 1975 234 19200.  22.0 31.2 2.242   1.   0.
 1 1975 235 19277.  22.0 31.3 2.236   1.   0.
 1 1975 236 19355.  22.0 31.3 2.231   1.   3.
 1 1975 237 19432.  22.0 31.3 2.225   1.  20.
 1 1975 238 19509.  22.0 31.4 2.220   1.   5.
 1 1975 239 19586.  22.0 31.4 2.214   1.  42.
 1 1975 240 19662.  22.0 31.4 2.209   1.   6.
 1 1975 241 19739.  22.0 31.5 2.203   1.   2.
 1 1975 242 19815.  22.0 31.5 2.198   1.  17.
 1 1975 243 19890.  22.0 31.5 2.192   1.   0.
 1 1975 244 19965.  22.0 31.5 2.187   1.   0.
 1 1975 245 20040.  22.0 31.6 2.181   1.   8.
 1 1975 246 20114.  22.0 31.6 2.176   1.   0.
 1 1975 247 20188.  22.0 31.6 2.170   1.   0.
 1 1975 248 20262.  22.0 31.7 2.165   1.   0.
 1 1975 249 20334.  22.0 31.7 2.159   1.   0.
 1 1975 250 20407.  22.0 31.7 2.154   1.   0.
 1 1975 251 20478.  22.0 31.8 2.148   1.   0.
 1 1975 252 20550.  22.0 31.8 2.143   1.   0.
 1 1975 253 20620.  22.0 31.8 2.137   1.   0.
 1 1975 254 20690.  22.0 31.9 2.132   1.   0.
 1 1975 255 20759.  22.0 31.9 2.126   1.   0.
 1 1975 256 20827.  22.0 31.9 2.121   1.   1.
 1 1975 257 20895.  22.0 32.0 2.115   1.   0.
 1 1975 258 20962.  22.0 32.0 2.110   1.   0.
 1 1975 259 20996.  22.0 32.0 2.119   1.   5.
 1 1975 260 21029.  22.0 31.9 2.127   1.   0.
 1 1975 261 21061.  22.0 31.9 2.136   1.   7.
 1 1975 262 21092.  22.0 31.9 2.145   1.   0.
 1 1975 263 21123.  22.0 31.8 2.153   1.   0.
 1 1975 264 21152.  22.0 31.8 2.162   1.   3.
 1 1975 265 21180.  22.0 31.8 2.171   1.   0.
 1 1975 266 21208.  22.0 31.7 2.179   1.  15.
 1 1975 267 21234.  22.0 31.7 2.188   1.   0.
 1 1975 268 21260.  22.0 31.7 2.197   1.  30.
 1 1975 269 21285.  22.0 31.6 2.205   1.   0.
 1 1975 270 21308.  22.0 31.6 2.214   1.   0.
 1 1975 271 21331.  22.0 31.6 2.223   1.   0.
 1 1975 272 21353.  22.0 31.5 2.231   1.   0.
 1 1975 273 21373.  22.0 31.5 2.240   1.   0.
 1 1975 274 21393.  22.0 31.5 2.249   1.   0.
 1 1975 275 21412.  22.0 31.4 2.257   1.   0.
 1 1975 276 21430.  22.0 31.4 2.266   1.   1.
 1 1975 277 21446.  22.0 31.4 2.275   1.   0.
 1 1975 278 21462.  22.0 31.3 2.283   1.   1.
 1 1975 279 21477.  22.0 31.3 2.292   1.   9.
 1 1975 280 21491.  22.0 31.3 2.301   1.   0.
 1 1975 281 21504.  22.0 31.2 2.309   1.   0.
 1 1975 282 21516.  22.0 31.2 2.318   1.   0.
 1 1975 283 21527.  22.0 31.2 2.327   1.   0.
 1 1975 284 21537.  22.0 31.1 2.335   1.  18.
 1 1975 285 21546.  22.0 31.1 2.344   1.  27.
 1 1975 286 21554.  22.0 31.1 2.353   1.   0.
 1 1975 287 21561.  22.0 31.0 2.361   1.  14.
 1 1975 288 21568.  22.0 31.0 2.370   1.   0.
 1 1975 289 21529.  22.0 31.0 2.371   1.  13.
 1 1975 290 21490.  22.0 31.0 2.371   1.   0.
 1 1975 291 21449.  22.0 31.0 2.372   1.  49.
 1 1975 292 21408.  22.0 30.9 2.373   1.   0.
 1 1975 293 21367.  22.0 30.9 2.373   1.   0.
 1 1975 294 21324.  22.0 30.9 2.374   1.  93.
 1 1975 295 21281.  22.0 30.9 2.375   1.   0.
 1 1975 296 21236.  22.0 30.9 2.375   1.   0.
 1 1975 297 21192.  22.0 30.9 2.376   1.   0.
 1 1975 298 21146.  22.0 30.8 2.376   1.   3.
 1 1975 299 21100.  22.0 30.8 2.377   1.   0.
 1 1975 300 21053.  22.0 30.8 2.378   1.  35.
 1 1975 301 21006.  22.0 30.8 2.378   1.   0.
 1 1975 302 20958.  22.0 30.8 2.379   1.  60.
 1 1975 303 20909.  22.0 30.8 2.380   1.   0.
 1 1975 304 20860.  22.0 30.7 2.380   1.   0.
 1 1975 305 20810.  22.0 30.7 2.381   1.   0.
 1 1975 306 20760.  22.0 30.7 2.382   1.  19.
 1 1975 307 20710.  22.0 30.7 2.382   1.  41.
 1 1975 308 20659.  22.0 30.7 2.383   1.   0.
 1 1975 309 20608.  22.0 30.7 2.384   1.   0.
 1 1975 310 20556.  22.0 30.6 2.384   1.   9.
 1 1975 311 20504.  22.0 30.6 2.385   1.  18.
 1 1975 312 20452.  22.0 30.6 2.385   1.   0.
 1 1975 313 20400.  22.0 30.6 2.386   1.  15.
 1 1975 314 20347.  22.0 30.6 2.387   1.   0.
 1 1975 315 20294.  22.0 30.6 2.387   1.   0.
 1 1975 316 20241.  22.0 30.5 2.388   1.   0.
 1 1975 317 20188.  22.0 30.5 2.389   1.   0.
 1 1975 318 20135.  22.0 30.5 2.389   1.   3.
 1 1975 319 20081.  22.0 30.5 2.390   1.   0.
 1 1975 320 20038.  22.0 30.5 2.390   1.   1.
 1 1975 321 19994.  22.0 30.5 2.390   1.   0.
 1 1975 322 19951.  22.0 30.5 2.390   1.   0.
 1 1975 323 19907.  22.0 30.4 2.390   1.  42.
 1 1975 324 19864.  22.0 30.4 2.390   1.   0.
 1 1975 325 19820.  22.0 30.4 2.390   1.  12.
 1 1975 326 19777.  22.0 30.4 2.390   1.   0.
 1 1975 327 19734.  22.0 30.4 2.390   1.  12.
 1 1975 328 19691.  22.0 30.4 2.390   1.   0.
 1 1975 329 19648.  22.0 30.3 2.390   1.  32.
 1 1975 330 19605.  22.0 30.3 2.390   1.   0.
 1 1975 331 19563.  22.0 30.3 2.390   1.   1.
 1 1975 332 19521.  22.0 30.3 2.390   1.   0.
 1 1975 333 19479.  22.0 30.3 2.390   1.   0.
 1 1975 334 19437.  22.0 30.3 2.390   1.   8.
 1 1975 335 19396.  22.0 30.2 2.390   1.   1.
 1 1975 336 19355.  22.0 30.2 2.390   1.   0.
 1 1975 337 19315.  22.0 30.2 2.390   1.  11.
 1 1975 338 19275.  22.0 30.2 2.390   1.   0.
 1 1975 339 19235.  22.0 30.2 2.390   1.   0.
 1 1975 340 19196.  22.0 30.1 2.390   1.   0.
 1 1975 341 19157.  22.0 30.1 2.390   1.   0.
 1 1975 342 19119.  22.0 30.1 2.390   1.   0.
 1 1975 343 19081.  22.0 30.1 2.390   1.   4.
 1 1975 344 19044.  22.0 30.1 2.390   1.  29.
 1 1975 345 19007.  22.0 30.1 2.390   1.   4.
 1 1975 346 18970.  22.0 30.0 2.390   1.   0.
 1 1975 347 18935.  22.0 30.0 2.390   1.   0.
 1 1975 348 18899.  22.0 30.0 2.390   1.   0.
 1 1975 349 18864.  22.0 30.0 2.390   1.   0.
 1 1975 350 18775.  22.0 30.0 2.395   1.   0.
 1 1975 351 18686.  22.1 30.0 2.399   1.   0.
 1 1975 352 18598.  22.1 30.0 2.404   1.   0.
 1 1975 353 18510.  22.1 30.1 2.409   1.  36.
 1 1975 354 18423.  22.2 30.1 2.413   1.  32.
 1 1975 355 18336.  22.2 30.1 2.418   1.   0.
 1 1975 356 18250.  22.2 30.1 2.423   1.   7.
 1 1975 357 18164.  22.3 30.1 2.428   1.   0.
 1 1975 358 18079.  22.3 30.1 2.432   1.   2.
 1 1975 359 17994.  22.3 30.2 2.437   1.   0.
 1 1975 360 17910.  22.3 30.2 2.442   1.   5.
 1 1975 361 17826.  22.4 30.2 2.446   1.   0.
 1 1975 362 17742.  22.4 30.2 2.451   1.   0.
 1 1975 363 17659.  22.4 30.2 2.456   1.   8.
 1 1975 364 17576.  22.5 30.2 2.460   1.   0.
 1 1975 365 17494.  22.5 30.3 2.465   1.   0.
