*-------------------------------------------------------------*
* Station name: Dami Oil Palm Research Station, W.N.B., P.N.G.
* Year: 1976
* Author: W. Gerritsma
* Source: C.J. Breure, 1978. Dami O.P.R.S. March 1971-March 1977  
*
* Longitude: 150 E, latitude:-5 30 N, altitude: 5 m.
*
* Interpolated values
*
* Column  Daily value
* 1       station number
* 2       year
* 3       day
* 4       sunshine hours
* 5       minimum temperature           (degrees Celsius)
* 6       maximum temperature           (degrees Celsius)
* 7       early morning vapour pressure (kPa)
* 8       mean wind speed (height: 2 m) (m s-1)
* 9       precipitation.rain days       (mm d-1.days)
*-------------------------------------------------------------*
 150 -5.5  5.0  0.0  0.0
 1 1976   1 16085.  23.0 30.5 2.540   1.   0.
 1 1976   2 16020.  23.0 30.5 2.547   1.  92.
 1 1976   3 15955.  23.0 30.6 2.554   1.  15.
 1 1976   4 15890.  23.0 30.6 2.561   1. 238.
 1 1976   5 15826.  23.0 30.6 2.569   1.  10.
 1 1976   6 15762.  23.0 30.7 2.576   1.   0.
 1 1976   7 15698.  23.0 30.7 2.583   1.   0.
 1 1976   8 15634.  23.0 30.8 2.590   1.   0.
 1 1976   9 15571.  23.0 30.8 2.597   1.  88.
 1 1976  10 15508.  23.0 30.8 2.604   1.  61.
 1 1976  11 15444.  23.0 30.9 2.611   1.  19.
 1 1976  12 15381.  23.0 30.9 2.619   1.  59.
 1 1976  13 15318.  23.0 30.9 2.626   1.  13.
 1 1976  14 15255.  23.0 31.0 2.633   1. 164.
 1 1976  15 15193.  23.0 31.0 2.640   1.  65.
 1 1976  16 15230.  23.0 31.0 2.635   1.  14.
 1 1976  17 15267.  23.0 30.9 2.631   1.   0.
 1 1976  18 15305.  23.0 30.9 2.626   1.  23.
 1 1976  19 15342.  23.0 30.9 2.621   1.  12.
 1 1976  20 15380.  23.0 30.8 2.617   1.  80.
 1 1976  21 15418.  23.0 30.8 2.612   1.  17.
 1 1976  22 15455.  23.0 30.8 2.607   1.  14.
 1 1976  23 15493.  23.0 30.7 2.603   1.  49.
 1 1976  24 15531.  23.0 30.7 2.598   1. 158.
 1 1976  25 15569.  23.0 30.7 2.593   1.   0.
 1 1976  26 15607.  23.0 30.6 2.589   1.  34.
 1 1976  27 15644.  23.0 30.6 2.584   1.  11.
 1 1976  28 15682.  23.0 30.6 2.579   1.  13.
 1 1976  29 15719.  23.0 30.5 2.575   1.  19.
 1 1976  30 15757.  23.0 30.5 2.570   1.  76.
 1 1976  31 15794.  23.0 30.5 2.565   1.  16.
 1 1976  32 15831.  23.0 30.4 2.561   1. 153.
 1 1976  33 15867.  23.0 30.4 2.556   1.  18.
 1 1976  34 15904.  23.0 30.4 2.551   1.   1.
 1 1976  35 15940.  23.0 30.3 2.547   1.   4.
 1 1976  36 15976.  23.0 30.3 2.542   1.   0.
 1 1976  37 16012.  23.0 30.3 2.537   1.   0.
 1 1976  38 16047.  23.0 30.2 2.533   1. 117.
 1 1976  39 16082.  23.0 30.2 2.528   1.   0.
 1 1976  40 16117.  23.0 30.2 2.523   1.  19.
 1 1976  41 16151.  23.0 30.1 2.519   1.   1.
 1 1976  42 16185.  23.0 30.1 2.514   1.   0.
 1 1976  43 16218.  23.0 30.1 2.509   1.  45.
 1 1976  44 16251.  23.0 30.0 2.505   1.  33.
 1 1976  45 16283.  23.0 30.0 2.500   1.   5.
 1 1976  46 16269.  22.9 30.0 2.499   1.   0.
 1 1976  47 16255.  22.9 30.0 2.498   1.  20.
 1 1976  48 16240.  22.8 30.0 2.497   1.   3.
 1 1976  49 16224.  22.7 30.0 2.496   1.  23.
 1 1976  50 16207.  22.7 30.0 2.495   1.  31.
 1 1976  51 16191.  22.6 30.0 2.494   1.   0.
 1 1976  52 16173.  22.5 30.0 2.493   1.  30.
 1 1976  53 16155.  22.5 30.0 2.492   1.   1.
 1 1976  54 16136.  22.4 30.0 2.491   1. 142.
 1 1976  55 16116.  22.3 30.0 2.490   1.   0.
 1 1976  56 16096.  22.3 30.0 2.489   1.   6.
 1 1976  57 16075.  22.2 30.0 2.488   1.  17.
 1 1976  58 16053.  22.1 30.0 2.487   1.   0.
 1 1976  59 16031.  22.1 30.0 2.486   1.  13.
 1 1976  60 16007.  22.0 30.0 2.485   1.  15.
 1 1976  61 15984.  21.9 30.0 2.484   1.  41.
 1 1976  62 15959.  21.9 30.0 2.483   1.   2.
 1 1976  63 15934.  21.8 30.0 2.482   1.   2.
 1 1976  64 15907.  21.7 30.0 2.481   1.   0.
 1 1976  65 15881.  21.7 30.0 2.480   1.  64.
 1 1976  66 15853.  21.6 30.0 2.479   1.   0.
 1 1976  67 15824.  21.5 30.0 2.478   1.  71.
 1 1976  68 15795.  21.5 30.0 2.477   1.   0.
 1 1976  69 15765.  21.4 30.0 2.476   1.   0.
 1 1976  70 15735.  21.3 30.0 2.475   1.  22.
 1 1976  71 15703.  21.3 30.0 2.474   1.  31.
 1 1976  72 15671.  21.2 30.0 2.473   1.  79.
 1 1976  73 15638.  21.1 30.0 2.472   1.   1.
 1 1976  74 15605.  21.1 30.0 2.471   1.  20.
 1 1976  75 15570.  21.0 30.0 2.470   1.   3.
 1 1976  76 15591.  21.0 30.0 2.470   1.  32.
 1 1976  77 15610.  21.0 30.1 2.470   1.   0.
 1 1976  78 15629.  21.0 30.1 2.470   1.  14.
 1 1976  79 15647.  21.0 30.1 2.470   1.   0.
 1 1976  80 15664.  21.0 30.2 2.470   1.   1.
 1 1976  81 15680.  21.0 30.2 2.470   1.   1.
 1 1976  82 15696.  21.0 30.2 2.470   1.   7.
 1 1976  83 15710.  21.0 30.3 2.470   1.   0.
 1 1976  84 15724.  21.0 30.3 2.470   1.  54.
 1 1976  85 15737.  21.0 30.3 2.470   1.   0.
 1 1976  86 15749.  21.0 30.4 2.470   1.  92.
 1 1976  87 15761.  21.0 30.4 2.470   1.   0.
 1 1976  88 15771.  21.0 30.4 2.470   1.  24.
 1 1976  89 15781.  21.0 30.5 2.470   1.  12.
 1 1976  90 15790.  21.0 30.5 2.470   1.   2.
 1 1976  91 15798.  21.0 30.5 2.470   1.  25.
 1 1976  92 15805.  21.0 30.5 2.470   1.   0.
 1 1976  93 15812.  21.0 30.6 2.470   1.   0.
 1 1976  94 15818.  21.0 30.6 2.470   1.   3.
 1 1976  95 15823.  21.0 30.6 2.470   1.  49.
 1 1976  96 15828.  21.0 30.7 2.470   1.   3.
 1 1976  97 15831.  21.0 30.7 2.470   1.  49.
 1 1976  98 15834.  21.0 30.7 2.470   1.   4.
 1 1976  99 15837.  21.0 30.8 2.470   1.   0.
 1 1976 100 15839.  21.0 30.8 2.470   1. 130.
 1 1976 101 15840.  21.0 30.8 2.470   1.  23.
 1 1976 102 15840.  21.0 30.9 2.470   1.   0.
 1 1976 103 15840.  21.0 30.9 2.470   1.   0.
 1 1976 104 15839.  21.0 30.9 2.470   1.  66.
 1 1976 105 15838.  21.0 31.0 2.470   1.  31.
 1 1976 106 15836.  21.0 31.0 2.470   1.  15.
 1 1976 107 15819.  21.0 31.0 2.472   1.   0.
 1 1976 108 15801.  21.1 31.0 2.473   1.   1.
 1 1976 109 15783.  21.1 31.0 2.475   1.  40.
 1 1976 110 15764.  21.1 31.0 2.477   1.  31.
 1 1976 111 15745.  21.2 31.0 2.478   1.  66.
 1 1976 112 15726.  21.2 31.0 2.480   1.  22.
 1 1976 113 15707.  21.2 31.0 2.482   1.  15.
 1 1976 114 15687.  21.3 31.0 2.483   1.   1.
 1 1976 115 15667.  21.3 31.0 2.485   1.   0.
 1 1976 116 15647.  21.3 31.0 2.487   1.  15.
 1 1976 117 15626.  21.4 31.0 2.488   1.   0.
 1 1976 118 15606.  21.4 31.0 2.490   1.   0.
 1 1976 119 15585.  21.4 31.0 2.492   1.   0.
 1 1976 120 15564.  21.5 31.0 2.493   1.   0.
 1 1976 121 15543.  21.5 31.0 2.495   1.   0.
 1 1976 122 15523.  21.5 31.0 2.497   1.   0.
 1 1976 123 15502.  21.6 31.0 2.498   1.   0.
 1 1976 124 15481.  21.6 31.0 2.500   1.  13.
 1 1976 125 15460.  21.6 31.0 2.502   1.   0.
 1 1976 126 15439.  21.7 31.0 2.503   1.   0.
 1 1976 127 15419.  21.7 31.0 2.505   1.   0.
 1 1976 128 15399.  21.7 31.0 2.507   1.   0.
 1 1976 129 15378.  21.8 31.0 2.508   1.  44.
 1 1976 130 15358.  21.8 31.0 2.510   1.   0.
 1 1976 131 15339.  21.8 31.0 2.512   1.   0.
 1 1976 132 15319.  21.9 31.0 2.513   1.  18.
 1 1976 133 15300.  21.9 31.0 2.515   1.   0.
 1 1976 134 15282.  21.9 31.0 2.517   1.  39.
 1 1976 135 15263.  22.0 31.0 2.518   1.  22.
 1 1976 136 15245.  22.0 31.0 2.520   1.   5.
 1 1976 137 15310.  22.0 31.0 2.518   1.  25.
 1 1976 138 15375.  22.0 31.0 2.516   1.   0.
 1 1976 139 15440.  22.0 31.0 2.514   1.  21.
 1 1976 140 15505.  22.0 31.0 2.512   1.   0.
 1 1976 141 15571.  22.0 31.0 2.510   1.   0.
 1 1976 142 15637.  22.0 31.0 2.508   1.   0.
 1 1976 143 15703.  22.0 31.0 2.506   1.   0.
 1 1976 144 15769.  22.0 31.0 2.505   1.   2.
 1 1976 145 15836.  22.0 31.0 2.503   1.  38.
 1 1976 146 15904.  22.0 31.0 2.501   1.   0.
 1 1976 147 15972.  22.0 31.0 2.499   1.   0.
 1 1976 148 16040.  22.0 31.0 2.497   1.   0.
 1 1976 149 16109.  22.0 31.0 2.495   1.  60.
 1 1976 150 16179.  22.0 31.0 2.493   1.   0.
 1 1976 151 16250.  22.0 31.0 2.491   1.   0.
 1 1976 152 16321.  22.0 31.0 2.489   1.  48.
 1 1976 153 16393.  22.0 31.0 2.487   1.   0.
 1 1976 154 16466.  22.0 31.0 2.485   1.   6.
 1 1976 155 16539.  22.0 31.0 2.483   1.   0.
 1 1976 156 16614.  22.0 31.0 2.481   1.   0.
 1 1976 157 16689.  22.0 31.0 2.479   1.   0.
 1 1976 158 16766.  22.0 31.0 2.477   1.   1.
 1 1976 159 16843.  22.0 31.0 2.475   1.  32.
 1 1976 160 16922.  22.0 31.0 2.474   1.   0.
 1 1976 161 17002.  22.0 31.0 2.472   1.  27.
 1 1976 162 17083.  22.0 31.0 2.470   1.   8.
 1 1976 163 17165.  22.0 31.0 2.468   1.   6.
 1 1976 164 17248.  22.0 31.0 2.466   1.   0.
 1 1976 165 17332.  22.0 31.0 2.464   1.   2.
 1 1976 166 17418.  22.0 31.0 2.462   1.   0.
 1 1976 167 17505.  22.0 31.0 2.460   1.   0.
 1 1976 168 17453.  22.0 31.0 2.462   1.   7.
 1 1976 169 17402.  22.0 31.0 2.464   1.   1.
 1 1976 170 17353.  22.0 31.0 2.466   1.   0.
 1 1976 171 17305.  22.0 31.0 2.468   1.   0.
 1 1976 172 17259.  22.0 31.0 2.470   1.  20.
 1 1976 173 17214.  22.0 31.0 2.472   1.   1.
 1 1976 174 17170.  22.0 31.0 2.474   1.   0.
 1 1976 175 17128.  22.0 31.0 2.476   1.   0.
 1 1976 176 17088.  22.0 31.0 2.478   1.   0.
 1 1976 177 17048.  22.0 31.0 2.480   1.  54.
 1 1976 178 17011.  22.0 31.0 2.482   1.   0.
 1 1976 179 16974.  22.0 31.0 2.484   1.   1.
 1 1976 180 16939.  22.0 31.0 2.486   1.   5.
 1 1976 181 16906.  22.0 31.0 2.488   1.   0.
 1 1976 182 16874.  22.0 31.0 2.490   1.   0.
 1 1976 183 16843.  22.0 31.0 2.492   1.   0.
 1 1976 184 16813.  22.0 31.0 2.494   1.  37.
 1 1976 185 16785.  22.0 31.0 2.496   1.   0.
 1 1976 186 16757.  22.0 31.0 2.498   1.   0.
 1 1976 187 16732.  22.0 31.0 2.500   1.   0.
 1 1976 188 16707.  22.0 31.0 2.502   1.   0.
 1 1976 189 16683.  22.0 31.0 2.504   1.   0.
 1 1976 190 16661.  22.0 31.0 2.506   1.   4.
 1 1976 191 16639.  22.0 31.0 2.508   1.   0.
 1 1976 192 16619.  22.0 31.0 2.510   1.   4.
 1 1976 193 16600.  22.0 31.0 2.512   1.   0.
 1 1976 194 16582.  22.0 31.0 2.514   1.   1.
 1 1976 195 16564.  22.0 31.0 2.516   1.  22.
 1 1976 196 16548.  22.0 31.0 2.518   1.   0.
 1 1976 197 16532.  22.0 31.0 2.520   1.   3.
 1 1976 198 16510.  22.0 31.0 2.511   1.   0.
 1 1976 199 16488.  22.0 30.9 2.502   1.  10.
 1 1976 200 16467.  22.0 30.9 2.493   1.   0.
 1 1976 201 16446.  22.0 30.9 2.484   1.  36.
 1 1976 202 16427.  22.0 30.8 2.475   1.  21.
 1 1976 203 16408.  22.0 30.8 2.466   1.   0.
 1 1976 204 16389.  22.0 30.8 2.457   1.   0.
 1 1976 205 16372.  22.0 30.7 2.448   1.   2.
 1 1976 206 16354.  22.0 30.7 2.439   1.  10.
 1 1976 207 16337.  22.0 30.7 2.430   1.  38.
 1 1976 208 16321.  22.0 30.6 2.421   1.   0.
 1 1976 209 16305.  22.0 30.6 2.412   1.   0.
 1 1976 210 16290.  22.0 30.6 2.403   1.   0.
 1 1976 211 16275.  22.0 30.5 2.394   1.   0.
 1 1976 212 16260.  22.0 30.5 2.385   1.   0.
 1 1976 213 16245.  22.0 30.5 2.375   1.  25.
 1 1976 214 16231.  22.0 30.5 2.366   1.   6.
 1 1976 215 16217.  22.0 30.4 2.357   1.   3.
 1 1976 216 16203.  22.0 30.4 2.348   1.   5.
 1 1976 217 16189.  22.0 30.4 2.339   1.   0.
 1 1976 218 16175.  22.0 30.3 2.330   1.   0.
 1 1976 219 16161.  22.0 30.3 2.321   1.   0.
 1 1976 220 16148.  22.0 30.3 2.312   1.   3.
 1 1976 221 16134.  22.0 30.2 2.303   1.   0.
 1 1976 222 16120.  22.0 30.2 2.294   1.   0.
 1 1976 223 16106.  22.0 30.2 2.285   1.   7.
 1 1976 224 16092.  22.0 30.1 2.276   1.   0.
 1 1976 225 16078.  22.0 30.1 2.267   1.   0.
 1 1976 226 16064.  22.0 30.1 2.258   1.   0.
 1 1976 227 16049.  22.0 30.0 2.249   1.   0.
 1 1976 228 16035.  22.0 30.0 2.240   1.   0.
 1 1976 229 16172.  22.0 30.0 2.239   1.  29.
 1 1976 230 16310.  22.0 30.1 2.239   1.   0.
 1 1976 231 16448.  22.0 30.1 2.238   1.   0.
 1 1976 232 16586.  22.0 30.1 2.237   1.   0.
 1 1976 233 16725.  22.0 30.2 2.237   1.   0.
 1 1976 234 16864.  22.0 30.2 2.236   1.   1.
 1 1976 235 17003.  22.0 30.2 2.235   1.   0.
 1 1976 236 17142.  22.0 30.3 2.235   1.   0.
 1 1976 237 17282.  22.0 30.3 2.234   1.   0.
 1 1976 238 17422.  22.0 30.3 2.234   1.   0.
 1 1976 239 17561.  22.0 30.4 2.233   1.   0.
 1 1976 240 17701.  22.0 30.4 2.232   1.   6.
 1 1976 241 17841.  22.0 30.4 2.232   1.   0.
 1 1976 242 17981.  22.0 30.5 2.231   1.   0.
 1 1976 243 18121.  22.0 30.5 2.230   1.   0.
 1 1976 244 18261.  22.0 30.5 2.230   1.  75.
 1 1976 245 18401.  22.0 30.5 2.229   1.   4.
 1 1976 246 18540.  22.0 30.6 2.228   1.   0.
 1 1976 247 18680.  22.0 30.6 2.228   1.  26.
 1 1976 248 18819.  22.0 30.6 2.227   1.   0.
 1 1976 249 18958.  22.0 30.7 2.226   1.   0.
 1 1976 250 19097.  22.0 30.7 2.226   1.   0.
 1 1976 251 19235.  22.0 30.7 2.225   1.   0.
 1 1976 252 19373.  22.0 30.8 2.225   1.   1.
 1 1976 253 19511.  22.0 30.8 2.224   1.   1.
 1 1976 254 19648.  22.0 30.8 2.223   1.  17.
 1 1976 255 19785.  22.0 30.9 2.223   1.   0.
 1 1976 256 19922.  22.0 30.9 2.222   1.   0.
 1 1976 257 20058.  22.0 30.9 2.221   1.   0.
 1 1976 258 20194.  22.0 31.0 2.221   1.   0.
 1 1976 259 20329.  22.0 31.0 2.220   1.   8.
 1 1976 260 20327.  22.0 31.0 2.225   1.   0.
 1 1976 261 20325.  22.0 31.1 2.231   1.   0.
 1 1976 262 20322.  22.0 31.1 2.236   1.   0.
 1 1976 263 20318.  22.0 31.1 2.241   1.   0.
 1 1976 264 20313.  22.0 31.2 2.247   1.   0.
 1 1976 265 20307.  22.0 31.2 2.252   1.  70.
 1 1976 266 20299.  22.0 31.2 2.257   1.   0.
 1 1976 267 20291.  22.0 31.3 2.263   1.   0.
 1 1976 268 20282.  22.0 31.3 2.268   1.   0.
 1 1976 269 20272.  22.0 31.3 2.273   1.  31.
 1 1976 270 20261.  22.0 31.4 2.279   1.   0.
 1 1976 271 20249.  22.0 31.4 2.284   1.   0.
 1 1976 272 20236.  22.0 31.4 2.289   1.   0.
 1 1976 273 20222.  22.0 31.5 2.295   1.   0.
 1 1976 274 20207.  22.0 31.5 2.300   1.   8.
 1 1976 275 20191.  22.0 31.5 2.305   1.   8.
 1 1976 276 20174.  22.0 31.6 2.311   1.   1.
 1 1976 277 20156.  22.0 31.6 2.316   1.   1.
 1 1976 278 20137.  22.0 31.6 2.321   1.   1.
 1 1976 279 20118.  22.0 31.7 2.327   1.   0.
 1 1976 280 20097.  22.0 31.7 2.332   1.   2.
 1 1976 281 20075.  22.0 31.7 2.337   1.  28.
 1 1976 282 20052.  22.0 31.8 2.343   1.   0.
 1 1976 283 20029.  22.0 31.8 2.348   1.   0.
 1 1976 284 20004.  22.0 31.8 2.353   1.   9.
 1 1976 285 19979.  22.0 31.9 2.359   1.  11.
 1 1976 286 19953.  22.0 31.9 2.364   1.   2.
 1 1976 287 19926.  22.0 31.9 2.369   1.  34.
 1 1976 288 19898.  22.0 32.0 2.375   1.   4.
 1 1976 289 19869.  22.0 32.0 2.380   1.   0.
 1 1976 290 19934.  22.0 31.9 2.376   1.   1.
 1 1976 291 19999.  22.0 31.9 2.373   1.   7.
 1 1976 292 20062.  22.0 31.8 2.369   1.   0.
 1 1976 293 20125.  22.0 31.7 2.366   1.   0.
 1 1976 294 20187.  22.0 31.7 2.362   1.   3.
 1 1976 295 20248.  22.0 31.6 2.359   1.   0.
 1 1976 296 20308.  22.0 31.5 2.355   1.   0.
 1 1976 297 20368.  22.0 31.5 2.352   1.   0.
 1 1976 298 20427.  22.0 31.4 2.348   1.  31.
 1 1976 299 20485.  22.0 31.4 2.345   1.   0.
 1 1976 300 20543.  22.0 31.3 2.341   1.   2.
 1 1976 301 20600.  22.0 31.2 2.337   1.   0.
 1 1976 302 20656.  22.0 31.2 2.334   1.   0.
 1 1976 303 20712.  22.0 31.1 2.330   1.   1.
 1 1976 304 20767.  22.0 31.0 2.327   1.  10.
 1 1976 305 20821.  22.0 31.0 2.323   1.   3.
 1 1976 306 20875.  22.0 30.9 2.320   1.  37.
 1 1976 307 20929.  22.0 30.8 2.316   1.  19.
 1 1976 308 20982.  22.0 30.8 2.313   1.  20.
 1 1976 309 21034.  22.0 30.7 2.309   1.   0.
 1 1976 310 21086.  22.0 30.6 2.305   1.   2.
 1 1976 311 21138.  22.0 30.6 2.302   1.  27.
 1 1976 312 21189.  22.0 30.5 2.298   1.   9.
 1 1976 313 21239.  22.0 30.5 2.295   1.   0.
 1 1976 314 21290.  22.0 30.4 2.291   1.  13.
 1 1976 315 21340.  22.0 30.3 2.288   1.   0.
 1 1976 316 21389.  22.0 30.3 2.284   1.   2.
 1 1976 317 21439.  22.0 30.2 2.281   1.  11.
 1 1976 318 21488.  22.0 30.1 2.277   1.  37.
 1 1976 319 21537.  22.0 30.1 2.274   1.   2.
 1 1976 320 21586.  22.0 30.0 2.270   1.   4.
 1 1976 321 21429.  22.0 30.0 2.276   1.  30.
 1 1976 322 21273.  22.1 30.0 2.281   1.   1.
 1 1976 323 21116.  22.1 30.0 2.287   1.   6.
 1 1976 324 20960.  22.1 30.0 2.293   1.   3.
 1 1976 325 20804.  22.2 30.0 2.298   1.  23.
 1 1976 326 20649.  22.2 30.0 2.304   1.   0.
 1 1976 327 20493.  22.2 30.0 2.310   1.   0.
 1 1976 328 20338.  22.3 30.0 2.315   1.   0.
 1 1976 329 20183.  22.3 30.0 2.321   1.   0.
 1 1976 330 20029.  22.3 30.0 2.327   1.   0.
 1 1976 331 19875.  22.4 30.0 2.332   1.  13.
 1 1976 332 19721.  22.4 30.0 2.338   1.   0.
 1 1976 333 19568.  22.4 30.0 2.344   1.  12.
 1 1976 334 19415.  22.5 30.0 2.349   1.   9.
 1 1976 335 19263.  22.5 30.0 2.355   1.   0.
 1 1976 336 19111.  22.5 30.0 2.361   1.   0.
 1 1976 337 18960.  22.6 30.0 2.366   1.  34.
 1 1976 338 18809.  22.6 30.0 2.372   1.  12.
 1 1976 339 18658.  22.6 30.0 2.378   1.  16.
 1 1976 340 18508.  22.7 30.0 2.383   1.  15.
 1 1976 341 18359.  22.7 30.0 2.389   1.   3.
 1 1976 342 18210.  22.7 30.0 2.395   1.   0.
 1 1976 343 18061.  22.8 30.0 2.400   1.  22.
 1 1976 344 17913.  22.8 30.0 2.406   1.   9.
 1 1976 345 17766.  22.8 30.0 2.412   1.  14.
 1 1976 346 17619.  22.9 30.0 2.417   1.   0.
 1 1976 347 17473.  22.9 30.0 2.423   1.  18.
 1 1976 348 17327.  22.9 30.0 2.429   1.  12.
 1 1976 349 17181.  23.0 30.0 2.434   1.  16.
 1 1976 350 17036.  23.0 30.0 2.440   1.  26.
 1 1976 351 16974.  23.0 30.0 2.446   1.   0.
 1 1976 352 16911.  23.0 30.1 2.453   1.   6.
 1 1976 353 16850.  23.0 30.1 2.459   1.  32.
 1 1976 354 16788.  23.0 30.1 2.465   1.  26.
 1 1976 355 16727.  23.0 30.2 2.471   1.  23.
 1 1976 356 16667.  23.0 30.2 2.477   1.   0.
 1 1976 357 16607.  23.0 30.2 2.484   1.   0.
 1 1976 358 16547.  23.0 30.3 2.490   1.  40.
 1 1976 359 16488.  23.0 30.3 2.496   1.   0.
 1 1976 360 16429.  23.0 30.3 2.503   1.  12.
 1 1976 361 16371.  23.0 30.3 2.509   1.  28.
 1 1976 362 16313.  23.0 30.4 2.515   1.  18.
 1 1976 363 16255.  23.0 30.4 2.521   1.  32.
 1 1976 364 16198.  23.0 30.4 2.527   1.   0.
 1 1976 365 16141.  23.0 30.5 2.534   1.   0.
 1 1976 366 16085.  23.0 30.5 2.540   1.  40.
