*-------------------------------------------------------------*
* Station name: Dami Oil Palm Research Station
* Year: 1977 (Average values 1970-1991)
* Author: W. Gerritsma
* Source: Annual report of PNG OPRA 1991
*
* Longitude: 5 40 E, latitude:-5 30 N, altitude: 5 m.
*
* Interpolated values
*
* Column  Daily value
* 1       station number
* 2       year
* 3       day
* 4       radiation                     (kJ m-2 d-1)
* 5       minimum temperature           (degrees Celsius)
* 6       maximum temperature           (degrees Celsius)
* 7       early morning vapour pressure (kPa)
* 8       mean wind speed (height: 2 m) (m s-1)
* 9       precipitation.rain days       (mm d-1.days)
*-------------------------------------------------------------*
 150 -5.5  5.0  0.0  0.0
 1 1977   1 16726.  22.0 30.0 2.742   1.   1.
 1 1977   2 16712.  22.0 30.0 2.742   1.  50.
 1 1977   3 16698.  22.0 30.0 2.742   1.   0.
 1 1977   4 16684.  22.0 30.0 2.742   1.  22.
 1 1977   5 16671.  22.0 30.0 2.742   1.   0.
 1 1977   6 16658.  22.0 30.0 2.742   1. 163.
 1 1977   7 16646.  22.0 30.0 2.742   1.   3.
 1 1977   8 16633.  22.0 30.0 2.742   1.  29.
 1 1977   9 16621.  22.0 30.0 2.742   1.   2.
 1 1977  10 16610.  22.0 30.0 2.742   1.   0.
 1 1977  11 16598.  22.0 30.0 2.742   1.  51.
 1 1977  12 16587.  22.0 30.0 2.742   1.  14.
 1 1977  13 16575.  22.0 30.0 2.742   1.   0.
 1 1977  14 16564.  22.0 30.0 2.742   1.   0.
 1 1977  15 16553.  22.0 30.0 2.742   1.   0.
 1 1977  16 16576.  22.0 30.0 2.742   1.  14.
 1 1977  17 16599.  22.0 30.0 2.742   1.   5.
 1 1977  18 16621.  22.0 30.0 2.742   1.   0.
 1 1977  19 16644.  22.0 30.0 2.742   1.  96.
 1 1977  20 16667.  22.0 30.0 2.742   1.  18.
 1 1977  21 16690.  22.0 30.0 2.742   1.   0.
 1 1977  22 16713.  22.0 30.0 2.742   1.  15.
 1 1977  23 16736.  22.0 30.0 2.742   1.   0.
 1 1977  24 16759.  22.0 30.0 2.742   1.  50.
 1 1977  25 16782.  22.0 30.0 2.742   1.   1.
 1 1977  26 16805.  22.0 30.0 2.742   1.   1.
 1 1977  27 16828.  22.0 30.0 2.742   1.   7.
 1 1977  28 16851.  22.0 30.0 2.742   1.   4.
 1 1977  29 16873.  22.0 30.0 2.742   1.   3.
 1 1977  30 16896.  22.0 30.0 2.742   1.  75.
 1 1977  31 16918.  22.0 30.0 2.742   1.   1.
 1 1977  32 16940.  22.0 30.0 2.742   1.  23.
 1 1977  33 16961.  22.0 30.0 2.742   1. 109.
 1 1977  34 16983.  22.0 30.0 2.742   1.   5.
 1 1977  35 17004.  22.0 30.0 2.742   1.  19.
 1 1977  36 17024.  22.0 30.0 2.742   1.   0.
 1 1977  37 17045.  22.0 30.0 2.742   1.   2.
 1 1977  38 17065.  22.0 30.0 2.742   1.  26.
 1 1977  39 17085.  22.0 30.0 2.742   1.   0.
 1 1977  40 17104.  22.0 30.0 2.742   1.   0.
 1 1977  41 17123.  22.0 30.0 2.742   1. 150.
 1 1977  42 17141.  22.0 30.0 2.742   1.   6.
 1 1977  43 17159.  22.0 30.0 2.742   1.  40.
 1 1977  44 17176.  22.0 30.0 2.742   1.   5.
 1 1977  45 17193.  22.0 30.0 2.742   1.   5.
 1 1977  46 17195.  22.0 30.0 2.742   1.   1.
 1 1977  47 17196.  22.0 30.0 2.742   1.   8.
 1 1977  48 17196.  22.0 30.0 2.742   1.  94.
 1 1977  49 17196.  22.0 30.0 2.742   1.  22.
 1 1977  50 17196.  22.0 30.0 2.742   1.   0.
 1 1977  51 17195.  22.0 30.0 2.742   1.   0.
 1 1977  52 17193.  22.0 30.0 2.742   1.   0.
 1 1977  53 17190.  22.0 30.0 2.742   1.  14.
 1 1977  54 17187.  22.0 30.0 2.742   1.   0.
 1 1977  55 17182.  22.0 30.0 2.742   1.   0.
 1 1977  56 17178.  22.0 30.0 2.742   1.   6.
 1 1977  57 17172.  22.0 30.0 2.742   1.   0.
 1 1977  58 17166.  22.0 30.0 2.742   1.   2.
 1 1977  59 17159.  22.0 30.0 2.742   1.  96.
 1 1977  60 17151.  22.0 30.0 2.742   1.  12.
 1 1977  61 17142.  22.0 30.0 2.742   1.  44.
 1 1977  62 17133.  22.0 30.0 2.742   1.   0.
 1 1977  63 17122.  22.0 30.0 2.742   1.  13.
 1 1977  64 17111.  22.0 30.0 2.742   1.   1.
 1 1977  65 17099.  22.0 30.0 2.742   1.   9.
 1 1977  66 17087.  22.0 30.0 2.742   1.   9.
 1 1977  67 17073.  22.0 30.0 2.742   1.  20.
 1 1977  68 17059.  22.0 30.0 2.742   1. 108.
 1 1977  69 17044.  22.0 30.0 2.742   1.  81.
 1 1977  70 17028.  22.0 30.0 2.742   1.   3.
 1 1977  71 17011.  22.0 30.0 2.742   1.   0.
 1 1977  72 16993.  22.0 30.0 2.742   1.   0.
 1 1977  73 16974.  22.0 30.0 2.742   1.   3.
 1 1977  74 16955.  22.0 30.0 2.742   1.   0.
 1 1977  75 16996.  22.0 30.0 2.742   1.   0.
 1 1977  76 17035.  22.0 30.0 2.742   1.  78.
 1 1977  77 17074.  22.0 30.0 2.742   1.  21.
 1 1977  78 17111.  22.0 30.0 2.742   1.  34.
 1 1977  79 17148.  22.0 30.0 2.742   1.   0.
 1 1977  80 17184.  22.0 30.0 2.742   1.   9.
 1 1977  81 17219.  22.0 30.0 2.742   1.  14.
 1 1977  82 17253.  22.0 30.0 2.742   1.   0.
 1 1977  83 17286.  22.0 30.0 2.742   1.   7.
 1 1977  84 17317.  22.0 30.0 2.742   1.   2.
 1 1977  85 17348.  22.0 30.0 2.742   1.   0.
 1 1977  86 17379.  22.0 30.0 2.742   1.  16.
 1 1977  87 17408.  22.0 30.0 2.742   1.   2.
 1 1977  88 17436.  22.0 30.0 2.742   1.   0.
 1 1977  89 17463.  22.0 30.0 2.742   1.  48.
 1 1977  90 17489.  22.0 30.0 2.742   1.   6.
 1 1977  91 17515.  22.0 30.0 2.742   1.   0.
 1 1977  92 17539.  22.0 30.0 2.742   1.  38.
 1 1977  93 17563.  22.0 30.0 2.742   1.  43.
 1 1977  94 17586.  22.0 30.0 2.742   1.   5.
 1 1977  95 17608.  22.0 30.0 2.742   1.   1.
 1 1977  96 17629.  22.0 30.0 2.742   1.  26.
 1 1977  97 17649.  22.0 30.0 2.742   1.   0.
 1 1977  98 17668.  22.0 30.0 2.742   1.   0.
 1 1977  99 17687.  22.0 30.0 2.742   1.  38.
 1 1977 100 17704.  22.0 30.0 2.742   1.   6.
 1 1977 101 17721.  22.0 30.0 2.742   1.  10.
 1 1977 102 17737.  22.0 30.0 2.742   1.  22.
 1 1977 103 17753.  22.0 30.0 2.742   1.   0.
 1 1977 104 17767.  22.0 30.0 2.742   1.   5.
 1 1977 105 17781.  22.0 30.0 2.742   1.   4.
 1 1977 106 17759.  22.0 30.0 2.742   1.   0.
 1 1977 107 17737.  22.0 30.0 2.742   1.   0.
 1 1977 108 17713.  22.0 30.0 2.742   1.   0.
 1 1977 109 17690.  22.0 30.0 2.742   1.  99.
 1 1977 110 17666.  22.0 30.0 2.742   1.   4.
 1 1977 111 17642.  22.0 30.0 2.742   1.   5.
 1 1977 112 17617.  22.0 30.0 2.742   1.   0.
 1 1977 113 17592.  22.0 30.0 2.742   1.   3.
 1 1977 114 17566.  22.0 30.0 2.742   1.   2.
 1 1977 115 17541.  22.0 30.0 2.742   1.   0.
 1 1977 116 17515.  22.0 30.0 2.742   1.   0.
 1 1977 117 17489.  22.0 30.0 2.742   1.   3.
 1 1977 118 17463.  22.0 30.0 2.742   1.   5.
 1 1977 119 17437.  22.0 30.0 2.742   1.  30.
 1 1977 120 17410.  22.0 30.0 2.742   1.   0.
 1 1977 121 17384.  22.0 30.0 2.742   1.   0.
 1 1977 122 17357.  22.0 30.0 2.742   1.   0.
 1 1977 123 17331.  22.0 30.0 2.742   1.   9.
 1 1977 124 17304.  22.0 30.0 2.742   1.   0.
 1 1977 125 17278.  22.0 30.0 2.742   1.   0.
 1 1977 126 17252.  22.0 30.0 2.742   1.   0.
 1 1977 127 17226.  22.0 30.0 2.742   1.   0.
 1 1977 128 17200.  22.0 30.0 2.742   1.   3.
 1 1977 129 17174.  22.0 30.0 2.742   1.   1.
 1 1977 130 17149.  22.0 30.0 2.742   1.  32.
 1 1977 131 17124.  22.0 30.0 2.742   1.   1.
 1 1977 132 17099.  22.0 30.0 2.742   1.   0.
 1 1977 133 17075.  22.0 30.0 2.742   1.  57.
 1 1977 134 17051.  22.0 30.0 2.742   1.   0.
 1 1977 135 17028.  22.0 30.0 2.742   1.  15.
 1 1977 136 16987.  22.0 30.0 2.742   1.   2.
 1 1977 137 16946.  22.0 30.0 2.742   1.   2.
 1 1977 138 16906.  22.0 30.0 2.742   1.  13.
 1 1977 139 16867.  22.0 30.0 2.742   1.   4.
 1 1977 140 16828.  22.0 30.0 2.742   1.  39.
 1 1977 141 16791.  22.0 30.0 2.742   1.   0.
 1 1977 142 16754.  22.0 30.0 2.742   1.  18.
 1 1977 143 16718.  22.0 30.0 2.742   1.   5.
 1 1977 144 16682.  22.0 30.0 2.742   1.   0.
 1 1977 145 16648.  22.0 30.0 2.742   1.   0.
 1 1977 146 16614.  22.0 30.0 2.742   1.   0.
 1 1977 147 16582.  22.0 30.0 2.742   1.   8.
 1 1977 148 16550.  22.0 30.0 2.742   1.   0.
 1 1977 149 16519.  22.0 30.0 2.742   1.  14.
 1 1977 150 16490.  22.0 30.0 2.742   1.   0.
 1 1977 151 16461.  22.0 30.0 2.742   1.   0.
 1 1977 152 16434.  22.0 30.0 2.742   1.  21.
 1 1977 153 16407.  22.0 30.0 2.742   1.  10.
 1 1977 154 16382.  22.0 30.0 2.742   1.   0.
 1 1977 155 16358.  22.0 30.0 2.742   1.   0.
 1 1977 156 16335.  22.0 30.0 2.742   1.  12.
 1 1977 157 16313.  22.0 30.0 2.742   1.   0.
 1 1977 158 16293.  22.0 30.0 2.742   1.   0.
 1 1977 159 16273.  22.0 30.0 2.742   1.   9.
 1 1977 160 16255.  22.0 30.0 2.742   1.   7.
 1 1977 161 16239.  22.0 30.0 2.742   1.   0.
 1 1977 162 16223.  22.0 30.0 2.742   1.  49.
 1 1977 163 16209.  22.0 30.0 2.742   1.   0.
 1 1977 164 16196.  22.0 30.0 2.742   1.   0.
 1 1977 165 16185.  22.0 30.0 2.742   1.   0.
 1 1977 166 16174.  22.0 30.0 2.742   1.   0.
 1 1977 167 16139.  22.0 30.0 2.742   1.   3.
 1 1977 168 16105.  22.0 30.0 2.742   1.   0.
 1 1977 169 16073.  22.0 30.0 2.742   1.  23.
 1 1977 170 16041.  22.0 30.0 2.742   1.   0.
 1 1977 171 16012.  22.0 30.0 2.742   1.   3.
 1 1977 172 15983.  22.0 30.0 2.742   1.   0.
 1 1977 173 15956.  22.0 30.0 2.742   1.   0.
 1 1977 174 15931.  22.0 30.0 2.742   1.   4.
 1 1977 175 15906.  22.0 30.0 2.742   1.   0.
 1 1977 176 15883.  22.0 30.0 2.742   1.  14.
 1 1977 177 15862.  22.0 30.0 2.742   1.   0.
 1 1977 178 15841.  22.0 30.0 2.742   1.   1.
 1 1977 179 15822.  22.0 30.0 2.742   1.   4.
 1 1977 180 15805.  22.0 30.0 2.742   1.   0.
 1 1977 181 15788.  22.0 30.0 2.742   1.   0.
 1 1977 182 15773.  22.0 30.0 2.742   1.   0.
 1 1977 183 15759.  22.0 30.0 2.742   1.   1.
 1 1977 184 15747.  22.0 30.0 2.742   1.   4.
 1 1977 185 15735.  22.0 30.0 2.742   1.  62.
 1 1977 186 15725.  22.0 30.0 2.742   1.   0.
 1 1977 187 15716.  22.0 30.0 2.742   1.   0.
 1 1977 188 15708.  22.0 30.0 2.742   1.  11.
 1 1977 189 15701.  22.0 30.0 2.742   1.   0.
 1 1977 190 15695.  22.0 30.0 2.742   1.   0.
 1 1977 191 15691.  22.0 30.0 2.742   1.   0.
 1 1977 192 15687.  22.0 30.0 2.742   1.   3.
 1 1977 193 15685.  22.0 30.0 2.742   1.   0.
 1 1977 194 15683.  22.0 30.0 2.742   1.  16.
 1 1977 195 15682.  22.0 30.0 2.742   1.  10.
 1 1977 196 15683.  22.0 30.0 2.742   1.   0.
 1 1977 197 15749.  22.0 30.0 2.742   1.  24.
 1 1977 198 15817.  22.0 30.0 2.742   1.   6.
 1 1977 199 15886.  22.0 30.0 2.742   1.  13.
 1 1977 200 15955.  22.0 30.0 2.742   1.   0.
 1 1977 201 16026.  22.0 30.0 2.742   1.  16.
 1 1977 202 16098.  22.0 30.0 2.742   1.   1.
 1 1977 203 16171.  22.0 30.0 2.742   1.   1.
 1 1977 204 16244.  22.0 30.0 2.742   1.   0.
 1 1977 205 16319.  22.0 30.0 2.742   1.   0.
 1 1977 206 16395.  22.0 30.0 2.742   1.   0.
 1 1977 207 16471.  22.0 30.0 2.742   1.  15.
 1 1977 208 16549.  22.0 30.0 2.742   1.   5.
 1 1977 209 16627.  22.0 30.0 2.742   1.   0.
 1 1977 210 16706.  22.0 30.0 2.742   1.   0.
 1 1977 211 16785.  22.0 30.0 2.742   1.   0.
 1 1977 212 16866.  22.0 30.0 2.742   1.   0.
 1 1977 213 16947.  22.0 30.0 2.742   1.   0.
 1 1977 214 17029.  22.0 30.0 2.742   1.  28.
 1 1977 215 17111.  22.0 30.0 2.742   1.   0.
 1 1977 216 17195.  22.0 30.0 2.742   1.   0.
 1 1977 217 17278.  22.0 30.0 2.742   1.   9.
 1 1977 218 17362.  22.0 30.0 2.742   1.   8.
 1 1977 219 17447.  22.0 30.0 2.742   1.   0.
 1 1977 220 17532.  22.0 30.0 2.742   1.   0.
 1 1977 221 17618.  22.0 30.0 2.742   1.   0.
 1 1977 222 17704.  22.0 30.0 2.742   1.   0.
 1 1977 223 17791.  22.0 30.0 2.742   1.   2.
 1 1977 224 17878.  22.0 30.0 2.742   1.   0.
 1 1977 225 17965.  22.0 30.0 2.742   1.   0.
 1 1977 226 18052.  22.0 30.0 2.742   1.  10.
 1 1977 227 18140.  22.0 30.0 2.742   1.  16.
 1 1977 228 18197.  22.0 30.0 2.742   1.   0.
 1 1977 229 18255.  22.0 30.0 2.742   1.  17.
 1 1977 230 18312.  22.0 30.0 2.742   1.  12.
 1 1977 231 18370.  22.0 30.0 2.742   1.   0.
 1 1977 232 18427.  22.0 30.0 2.742   1.  11.
 1 1977 233 18484.  22.0 30.0 2.742   1.   0.
 1 1977 234 18542.  22.0 30.0 2.742   1.   0.
 1 1977 235 18599.  22.0 30.0 2.742   1.  23.
 1 1977 236 18655.  22.0 30.0 2.742   1.   3.
 1 1977 237 18712.  22.0 30.0 2.742   1.   0.
 1 1977 238 18768.  22.0 30.0 2.742   1.   0.
 1 1977 239 18824.  22.0 30.0 2.742   1.   0.
 1 1977 240 18880.  22.0 30.0 2.742   1.   0.
 1 1977 241 18935.  22.0 30.0 2.742   1.  23.
 1 1977 242 18990.  22.0 30.0 2.742   1.   0.
 1 1977 243 19045.  22.0 30.0 2.742   1.   0.
 1 1977 244 19099.  22.0 30.0 2.742   1.   0.
 1 1977 245 19153.  22.0 30.0 2.742   1.   0.
 1 1977 246 19206.  22.0 30.0 2.742   1.  80.
 1 1977 247 19258.  22.0 30.0 2.742   1.   4.
 1 1977 248 19310.  22.0 30.0 2.742   1.   0.
 1 1977 249 19362.  22.0 30.0 2.742   1.   0.
 1 1977 250 19413.  22.0 30.0 2.742   1.   0.
 1 1977 251 19463.  22.0 30.0 2.742   1.   0.
 1 1977 252 19513.  22.0 30.0 2.742   1.   0.
 1 1977 253 19562.  22.0 30.0 2.742   1.  15.
 1 1977 254 19610.  22.0 30.0 2.742   1.   0.
 1 1977 255 19658.  22.0 30.0 2.742   1.   2.
 1 1977 256 19705.  22.0 30.0 2.742   1.   0.
 1 1977 257 19751.  22.0 30.0 2.742   1.   0.
 1 1977 258 19796.  22.0 30.0 2.742   1.  21.
 1 1977 259 19814.  22.0 30.0 2.742   1.   0.
 1 1977 260 19832.  22.0 30.0 2.742   1.   0.
 1 1977 261 19849.  22.0 30.0 2.742   1.   0.
 1 1977 262 19864.  22.0 30.0 2.742   1.   0.
 1 1977 263 19879.  22.0 30.0 2.742   1.   6.
 1 1977 264 19893.  22.0 30.0 2.742   1.   0.
 1 1977 265 19906.  22.0 30.0 2.742   1.   0.
 1 1977 266 19918.  22.0 30.0 2.742   1.   0.
 1 1977 267 19929.  22.0 30.0 2.742   1.   6.
 1 1977 268 19939.  22.0 30.0 2.742   1.  14.
 1 1977 269 19949.  22.0 30.0 2.742   1.   0.
 1 1977 270 19957.  22.0 30.0 2.742   1.   9.
 1 1977 271 19965.  22.0 30.0 2.742   1.   1.
 1 1977 272 19971.  22.0 30.0 2.742   1.   9.
 1 1977 273 19977.  22.0 30.0 2.742   1.   0.
 1 1977 274 19981.  22.0 30.0 2.742   1.   0.
 1 1977 275 19985.  22.0 30.0 2.742   1.   0.
 1 1977 276 19988.  22.0 30.0 2.742   1.   0.
 1 1977 277 19989.  22.0 30.0 2.742   1.  13.
 1 1977 278 19990.  22.0 30.0 2.742   1.  12.
 1 1977 279 19990.  22.0 30.0 2.742   1.   0.
 1 1977 280 19989.  22.0 30.0 2.742   1.   0.
 1 1977 281 19987.  22.0 30.0 2.742   1.   0.
 1 1977 282 19984.  22.0 30.0 2.742   1.  33.
 1 1977 283 19981.  22.0 30.0 2.742   1.   2.
 1 1977 284 19976.  22.0 30.0 2.742   1.   7.
 1 1977 285 19971.  22.0 30.0 2.742   1.  17.
 1 1977 286 19964.  22.0 30.0 2.742   1.   1.
 1 1977 287 19957.  22.0 30.0 2.742   1.   0.
 1 1977 288 19949.  22.0 30.0 2.742   1.   0.
 1 1977 289 19963.  22.0 30.0 2.742   1.   0.
 1 1977 290 19976.  22.0 30.0 2.742   1.   0.
 1 1977 291 19988.  22.0 30.0 2.742   1.  11.
 1 1977 292 19999.  22.0 30.0 2.742   1.  29.
 1 1977 293 20009.  22.0 30.0 2.742   1.   3.
 1 1977 294 20019.  22.0 30.0 2.742   1.  26.
 1 1977 295 20028.  22.0 30.0 2.742   1.  24.
 1 1977 296 20036.  22.0 30.0 2.742   1.   0.
 1 1977 297 20044.  22.0 30.0 2.742   1.   0.
 1 1977 298 20051.  22.0 30.0 2.742   1.   0.
 1 1977 299 20057.  22.0 30.0 2.742   1.   0.
 1 1977 300 20063.  22.0 30.0 2.742   1.   1.
 1 1977 301 20068.  22.0 30.0 2.742   1.   2.
 1 1977 302 20072.  22.0 30.0 2.742   1.   1.
 1 1977 303 20076.  22.0 30.0 2.742   1.   0.
 1 1977 304 20079.  22.0 30.0 2.742   1.   0.
 1 1977 305 20082.  22.0 30.0 2.742   1.   0.
 1 1977 306 20085.  22.0 30.0 2.742   1.   0.
 1 1977 307 20086.  22.0 30.0 2.742   1.  16.
 1 1977 308 20088.  22.0 30.0 2.742   1.   3.
 1 1977 309 20089.  22.0 30.0 2.742   1.   0.
 1 1977 310 20089.  22.0 30.0 2.742   1.   7.
 1 1977 311 20090.  22.0 30.0 2.742   1.  41.
 1 1977 312 20089.  22.0 30.0 2.742   1.   0.
 1 1977 313 20089.  22.0 30.0 2.742   1.   4.
 1 1977 314 20088.  22.0 30.0 2.742   1.   0.
 1 1977 315 20087.  22.0 30.0 2.742   1.  11.
 1 1977 316 20086.  22.0 30.0 2.742   1.   2.
 1 1977 317 20085.  22.0 30.0 2.742   1.   1.
 1 1977 318 20083.  22.0 30.0 2.742   1.   0.
 1 1977 319 20081.  22.0 30.0 2.742   1.   0.
 1 1977 320 19974.  22.0 30.0 2.742   1.   0.
 1 1977 321 19866.  22.0 30.0 2.742   1.  27.
 1 1977 322 19759.  22.0 30.0 2.742   1.   0.
 1 1977 323 19652.  22.0 30.0 2.742   1.  18.
 1 1977 324 19545.  22.0 30.0 2.742   1.   0.
 1 1977 325 19438.  22.0 30.0 2.742   1.   0.
 1 1977 326 19331.  22.0 30.0 2.742   1.  21.
 1 1977 327 19224.  22.0 30.0 2.742   1.  28.
 1 1977 328 19118.  22.0 30.0 2.742   1.  28.
 1 1977 329 19012.  22.0 30.0 2.742   1.   0.
 1 1977 330 18906.  22.0 30.0 2.742   1.   3.
 1 1977 331 18801.  22.0 30.0 2.742   1.   0.
 1 1977 332 18695.  22.0 30.0 2.742   1.   0.
 1 1977 333 18591.  22.0 30.0 2.742   1.  27.
 1 1977 334 18486.  22.0 30.0 2.742   1.   4.
 1 1977 335 18382.  22.0 30.0 2.742   1.   0.
 1 1977 336 18278.  22.0 30.0 2.742   1.   0.
 1 1977 337 18175.  22.0 30.0 2.742   1.   2.
 1 1977 338 18072.  22.0 30.0 2.742   1.  43.
 1 1977 339 17970.  22.0 30.0 2.742   1.   0.
 1 1977 340 17868.  22.0 30.0 2.742   1.   0.
 1 1977 341 17766.  22.0 30.0 2.742   1.   0.
 1 1977 342 17665.  22.0 30.0 2.742   1.  81.
 1 1977 343 17565.  22.0 30.0 2.742   1.  90.
 1 1977 344 17465.  22.0 30.0 2.742   1.   1.
 1 1977 345 17365.  22.0 30.0 2.742   1.   0.
 1 1977 346 17266.  22.0 30.0 2.742   1.   8.
 1 1977 347 17167.  22.0 30.0 2.742   1.   0.
 1 1977 348 17069.  22.0 30.0 2.742   1.   0.
 1 1977 349 16971.  22.0 30.0 2.742   1.  32.
 1 1977 350 16952.  22.0 30.0 2.742   1.  15.
 1 1977 351 16933.  22.0 30.0 2.742   1.   3.
 1 1977 352 16915.  22.0 30.0 2.742   1.   0.
 1 1977 353 16897.  22.0 30.0 2.742   1.   6.
 1 1977 354 16880.  22.0 30.0 2.742   1.   2.
 1 1977 355 16863.  22.0 30.0 2.742   1.   1.
 1 1977 356 16847.  22.0 30.0 2.742   1.  22.
 1 1977 357 16831.  22.0 30.0 2.742   1.   3.
 1 1977 358 16816.  22.0 30.0 2.742   1.   0.
 1 1977 359 16801.  22.0 30.0 2.742   1.   0.
 1 1977 360 16786.  22.0 30.0 2.742   1.   0.
 1 1977 361 16772.  22.0 30.0 2.742   1.  25.
 1 1977 362 16758.  22.0 30.0 2.742   1.  17.
 1 1977 363 16745.  22.0 30.0 2.742   1.  42.
 1 1977 364 16732.  22.0 30.0 2.742   1.   7.
 1 1977 365 16720.  22.0 30.0 2.742   1.  29.
