*-------------------------------------------------------------*
* Station name: Dami Oil Palm Research Station
* Year: 1990
* Author: W. Gerritsma
* Source: Annual report of PNG OPRA 1990
*
* Longitude: 5 40 E, latitude:-5 30 N, altitude: 5 m.
*
* Interpolated values
*
* Column  Daily value
* 1       station number
* 2       year
* 3       day
* 4       radiation
* 5       minimum temperature           (degrees Celsius) (ESTIMATED)
* 6       maximum temperature           (degrees Celsius) (ESTIMATED)
* 7       early morning vapour pressure (kPa)
* 8       mean wind speed (height: 2 m) (m s-1)
* 9       precipitation                 (mm d-1)
*-------------------------------------------------------------*
 150 -5.5  5.0  0.0  0.0
 1 1990   1 14827.  22.0 30.0 2.742  .689    0.
 1 1990   2 14814.  22.0 30.0 2.742  .689   29.
 1 1990   3 14802.  22.0 30.0 2.742  .689   12.
 1 1990   4 14790.  22.0 30.0 2.742  .689    3.
 1 1990   5 14778.  22.0 30.0 2.742  .689   48.
 1 1990   6 14766.  22.0 30.0 2.742  .689    0.
 1 1990   7 14755.  22.0 30.0 2.742  .689    0.
 1 1990   8 14744.  22.0 30.0 2.742  .689    0.
 1 1990   9 14733.  22.0 30.0 2.742  .689    2.
 1 1990  10 14723.  22.0 30.0 2.742  .689   12.
 1 1990  11 14712.  22.0 30.0 2.742  .689  103.
 1 1990  12 14702.  22.0 30.0 2.742  .689   27.
 1 1990  13 14692.  22.0 30.0 2.742  .689   32.
 1 1990  14 14682.  22.0 30.0 2.742  .689   38.
 1 1990  15 14672.  22.0 30.0 2.742  .689   18.
 1 1990  16 14857.  22.0 30.0 2.742  .689    1.
 1 1990  17 15042.  22.0 30.0 2.742  .689   55.
 1 1990  18 15227.  22.0 30.0 2.742  .689   53.
 1 1990  19 15413.  22.0 30.0 2.742  .689   28.
 1 1990  20 15599.  22.0 30.0 2.742  .689    0.
 1 1990  21 15786.  22.0 30.0 2.742  .689    4.
 1 1990  22 15972.  22.0 30.0 2.742  .689    2.
 1 1990  23 16159.  22.0 30.0 2.742  .689   94.
 1 1990  24 16347.  22.0 30.0 2.742  .689    6.
 1 1990  25 16534.  22.0 30.0 2.742  .689   12.
 1 1990  26 16722.  22.0 30.0 2.742  .689   15.
 1 1990  27 16909.  22.0 30.0 2.742  .689   60.
 1 1990  28 17097.  22.0 30.0 2.742  .689    6.
 1 1990  29 17285.  22.0 30.0 2.742  .689   22.
 1 1990  30 17474.  22.0 30.0 2.742  .689   13.
 1 1990  31 17662.  22.0 30.0 2.742  .689    0.
 1 1990  32 17850.  22.0 30.0 2.742  .689    0.
 1 1990  33 18038.  22.0 30.0 2.742  .689    3.
 1 1990  34 18226.  22.0 30.0 2.742  .689   61.
 1 1990  35 18414.  22.0 30.0 2.742  .689   26.
 1 1990  36 18602.  22.0 30.0 2.742  .689    1.
 1 1990  37 18790.  22.0 30.0 2.742  .689    0.
 1 1990  38 18977.  22.0 30.0 2.742  .689    0.
 1 1990  39 19165.  22.0 30.0 2.742  .689    2.
 1 1990  40 19352.  22.0 30.0 2.742  .689    0.
 1 1990  41 19539.  22.0 30.0 2.742  .689    0.
 1 1990  42 19725.  22.0 30.0 2.742  .689   23.
 1 1990  43 19911.  22.0 30.0 2.742  .689    0.
 1 1990  44 20097.  22.0 30.0 2.742  .689    0.
 1 1990  45 20282.  22.0 30.0 2.742  .689    1.
 1 1990  46 20139.  22.0 30.0 2.742  .689   60.
 1 1990  47 19996.  22.0 30.0 2.742  .689  134.
 1 1990  48 19852.  22.0 30.0 2.742  .689    0.
 1 1990  49 19707.  22.0 30.0 2.742  .689   55.
 1 1990  50 19561.  22.0 30.0 2.742  .689    0.
 1 1990  51 19415.  22.0 30.0 2.742  .689   54.
 1 1990  52 19267.  22.0 30.0 2.742  .689    7.
 1 1990  53 19119.  22.0 30.0 2.742  .689    0.
 1 1990  54 18970.  22.0 30.0 2.742  .689   11.
 1 1990  55 18820.  22.0 30.0 2.742  .689    3.
 1 1990  56 18670.  22.0 30.0 2.742  .689   82.
 1 1990  57 18518.  22.0 30.0 2.742  .689    0.
 1 1990  58 18366.  22.0 30.0 2.742  .689    0.
 1 1990  59 18213.  22.0 30.0 2.742  .689    0.
 1 1990  60 18059.  22.0 30.0 2.742  .689   74.
 1 1990  61 17904.  22.0 30.0 2.742  .689    0.
 1 1990  62 17748.  22.0 30.0 2.742  .689    4.
 1 1990  63 17592.  22.0 30.0 2.742  .689   37.
 1 1990  64 17435.  22.0 30.0 2.742  .689    0.
 1 1990  65 17277.  22.0 30.0 2.742  .689   46.
 1 1990  66 17119.  22.0 30.0 2.742  .689    1.
 1 1990  67 16960.  22.0 30.0 2.742  .689   48.
 1 1990  68 16800.  22.0 30.0 2.742  .689    0.
 1 1990  69 16639.  22.0 30.0 2.742  .689   67.
 1 1990  70 16478.  22.0 30.0 2.742  .689    0.
 1 1990  71 16316.  22.0 30.0 2.742  .689    1.
 1 1990  72 16154.  22.0 30.0 2.742  .689    9.
 1 1990  73 15990.  22.0 30.0 2.742  .689    0.
 1 1990  74 15827.  22.0 30.0 2.742  .689    0.
 1 1990  75 15863.  22.0 30.0 2.742  .689    1.
 1 1990  76 15899.  22.0 30.0 2.742  .689    1.
 1 1990  77 15934.  22.0 30.0 2.742  .689    0.
 1 1990  78 15967.  22.0 30.0 2.742  .689   56.
 1 1990  79 16000.  22.0 30.0 2.742  .689   27.
 1 1990  80 16033.  22.0 30.0 2.742  .689    0.
 1 1990  81 16064.  22.0 30.0 2.742  .689  161.
 1 1990  82 16094.  22.0 30.0 2.742  .689    0.
 1 1990  83 16123.  22.0 30.0 2.742  .689    0.
 1 1990  84 16152.  22.0 30.0 2.742  .689   11.
 1 1990  85 16180.  22.0 30.0 2.742  .689  147.
 1 1990  86 16206.  22.0 30.0 2.742  .689    0.
 1 1990  87 16232.  22.0 30.0 2.742  .689  140.
 1 1990  88 16257.  22.0 30.0 2.742  .689    0.
 1 1990  89 16282.  22.0 30.0 2.742  .689    4.
 1 1990  90 16305.  22.0 30.0 2.742  .689    0.
 1 1990  91 16327.  22.0 30.0 2.742  .689   21.
 1 1990  92 16349.  22.0 30.0 2.742  .689    8.
 1 1990  93 16370.  22.0 30.0 2.742  .689    2.
 1 1990  94 16390.  22.0 30.0 2.742  .689    0.
 1 1990  95 16409.  22.0 30.0 2.742  .689    0.
 1 1990  96 16427.  22.0 30.0 2.742  .689    8.
 1 1990  97 16445.  22.0 30.0 2.742  .689    0.
 1 1990  98 16462.  22.0 30.0 2.742  .689    0.
 1 1990  99 16478.  22.0 30.0 2.742  .689   13.
 1 1990 100 16493.  22.0 30.0 2.742  .689    0.
 1 1990 101 16508.  22.0 30.0 2.742  .689   28.
 1 1990 102 16522.  22.0 30.0 2.742  .689   36.
 1 1990 103 16535.  22.0 30.0 2.742  .689    4.
 1 1990 104 16547.  22.0 30.0 2.742  .689   18.
 1 1990 105 16559.  22.0 30.0 2.742  .689   15.
 1 1990 106 16574.  22.0 30.0 2.742  .689   26.
 1 1990 107 16588.  22.0 30.0 2.742  .689    0.
 1 1990 108 16601.  22.0 30.0 2.742  .689    0.
 1 1990 109 16614.  22.0 30.0 2.742  .689   24.
 1 1990 110 16626.  22.0 30.0 2.742  .689    0.
 1 1990 111 16638.  22.0 30.0 2.742  .689    2.
 1 1990 112 16650.  22.0 30.0 2.742  .689   13.
 1 1990 113 16660.  22.0 30.0 2.742  .689   14.
 1 1990 114 16671.  22.0 30.0 2.742  .689    0.
 1 1990 115 16681.  22.0 30.0 2.742  .689    0.
 1 1990 116 16690.  22.0 30.0 2.742  .689   12.
 1 1990 117 16700.  22.0 30.0 2.742  .689    0.
 1 1990 118 16709.  22.0 30.0 2.742  .689   10.
 1 1990 119 16717.  22.0 30.0 2.742  .689    0.
 1 1990 120 16726.  22.0 30.0 2.742  .689   14.
 1 1990 121 16734.  22.0 30.0 2.742  .689    0.
 1 1990 122 16742.  22.0 30.0 2.742  .689   29.
 1 1990 123 16750.  22.0 30.0 2.742  .689    0.
 1 1990 124 16758.  22.0 30.0 2.742  .689    4.
 1 1990 125 16765.  22.0 30.0 2.742  .689    0.
 1 1990 126 16773.  22.0 30.0 2.742  .689    0.
 1 1990 127 16781.  22.0 30.0 2.742  .689    0.
 1 1990 128 16788.  22.0 30.0 2.742  .689    0.
 1 1990 129 16796.  22.0 30.0 2.742  .689    2.
 1 1990 130 16804.  22.0 30.0 2.742  .689    1.
 1 1990 131 16812.  22.0 30.0 2.742  .689   17.
 1 1990 132 16820.  22.0 30.0 2.742  .689    0.
 1 1990 133 16828.  22.0 30.0 2.742  .689    0.
 1 1990 134 16837.  22.0 30.0 2.742  .689   18.
 1 1990 135 16846.  22.0 30.0 2.742  .689    0.
 1 1990 136 16790.  22.0 30.0 2.742  .689    1.
 1 1990 137 16736.  22.0 30.0 2.742  .689   20.
 1 1990 138 16682.  22.0 30.0 2.742  .689    8.
 1 1990 139 16628.  22.0 30.0 2.742  .689    0.
 1 1990 140 16576.  22.0 30.0 2.742  .689   11.
 1 1990 141 16524.  22.0 30.0 2.742  .689    7.
 1 1990 142 16473.  22.0 30.0 2.742  .689    8.
 1 1990 143 16423.  22.0 30.0 2.742  .689    0.
 1 1990 144 16374.  22.0 30.0 2.742  .689    2.
 1 1990 145 16326.  22.0 30.0 2.742  .689    0.
 1 1990 146 16279.  22.0 30.0 2.742  .689   12.
 1 1990 147 16233.  22.0 30.0 2.742  .689   18.
 1 1990 148 16187.  22.0 30.0 2.742  .689   27.
 1 1990 149 16143.  22.0 30.0 2.742  .689    0.
 1 1990 150 16100.  22.0 30.0 2.742  .689    0.
 1 1990 151 16058.  22.0 30.0 2.742  .689    0.
 1 1990 152 16017.  22.0 30.0 2.742  .689   19.
 1 1990 153 15977.  22.0 30.0 2.742  .689    0.
 1 1990 154 15938.  22.0 30.0 2.742  .689   47.
 1 1990 155 15901.  22.0 30.0 2.742  .689   57.
 1 1990 156 15864.  22.0 30.0 2.742  .689    0.
 1 1990 157 15829.  22.0 30.0 2.742  .689    7.
 1 1990 158 15795.  22.0 30.0 2.742  .689    1.
 1 1990 159 15762.  22.0 30.0 2.742  .689    0.
 1 1990 160 15731.  22.0 30.0 2.742  .689    2.
 1 1990 161 15700.  22.0 30.0 2.742  .689   42.
 1 1990 162 15671.  22.0 30.0 2.742  .689    0.
 1 1990 163 15644.  22.0 30.0 2.742  .689    0.
 1 1990 164 15617.  22.0 30.0 2.742  .689    0.
 1 1990 165 15592.  22.0 30.0 2.742  .689    0.
 1 1990 166 15568.  22.0 30.0 2.742  .689    0.
 1 1990 167 15495.  22.0 30.0 2.742  .689    0.
 1 1990 168 15423.  22.0 30.0 2.742  .689    0.
 1 1990 169 15352.  22.0 30.0 2.742  .689    0.
 1 1990 170 15283.  22.0 30.0 2.742  .689    0.
 1 1990 171 15215.  22.0 30.0 2.742  .689    2.
 1 1990 172 15148.  22.0 30.0 2.742  .689    1.
 1 1990 173 15083.  22.0 30.0 2.742  .689    0.
 1 1990 174 15019.  22.0 30.0 2.742  .689    6.
 1 1990 175 14956.  22.0 30.0 2.742  .689   34.
 1 1990 176 14895.  22.0 30.0 2.742  .689    6.
 1 1990 177 14835.  22.0 30.0 2.742  .689    0.
 1 1990 178 14776.  22.0 30.0 2.742  .689    0.
 1 1990 179 14718.  22.0 30.0 2.742  .689    0.
 1 1990 180 14661.  22.0 30.0 2.742  .689    0.
 1 1990 181 14606.  22.0 30.0 2.742  .689    0.
 1 1990 182 14551.  22.0 30.0 2.742  .689    0.
 1 1990 183 14498.  22.0 30.0 2.742  .689   19.
 1 1990 184 14446.  22.0 30.0 2.742  .689    0.
 1 1990 185 14395.  22.0 30.0 2.742  .689   19.
 1 1990 186 14345.  22.0 30.0 2.742  .689    0.
 1 1990 187 14296.  22.0 30.0 2.742  .689    0.
 1 1990 188 14248.  22.0 30.0 2.742  .689    3.
 1 1990 189 14200.  22.0 30.0 2.742  .689    6.
 1 1990 190 14154.  22.0 30.0 2.742  .689   13.
 1 1990 191 14109.  22.0 30.0 2.742  .689    0.
 1 1990 192 14064.  22.0 30.0 2.742  .689    0.
 1 1990 193 14020.  22.0 30.0 2.742  .689    0.
 1 1990 194 13978.  22.0 30.0 2.742  .689   19.
 1 1990 195 13935.  22.0 30.0 2.742  .689    0.
 1 1990 196 13894.  22.0 30.0 2.742  .689    0.
 1 1990 197 13973.  22.0 30.0 2.742  .689    8.
 1 1990 198 14052.  22.0 30.0 2.742  .689    0.
 1 1990 199 14133.  22.0 30.0 2.742  .689    0.
 1 1990 200 14215.  22.0 30.0 2.742  .689   31.
 1 1990 201 14298.  22.0 30.0 2.742  .689    0.
 1 1990 202 14382.  22.0 30.0 2.742  .689    4.
 1 1990 203 14467.  22.0 30.0 2.742  .689    0.
 1 1990 204 14553.  22.0 30.0 2.742  .689    9.
 1 1990 205 14639.  22.0 30.0 2.742  .689    6.
 1 1990 206 14727.  22.0 30.0 2.742  .689   13.
 1 1990 207 14815.  22.0 30.0 2.742  .689    7.
 1 1990 208 14905.  22.0 30.0 2.742  .689    2.
 1 1990 209 14995.  22.0 30.0 2.742  .689    0.
 1 1990 210 15086.  22.0 30.0 2.742  .689    2.
 1 1990 211 15178.  22.0 30.0 2.742  .689    0.
 1 1990 212 15270.  22.0 30.0 2.742  .689   21.
 1 1990 213 15363.  22.0 30.0 2.742  .689   35.
 1 1990 214 15457.  22.0 30.0 2.742  .689    0.
 1 1990 215 15552.  22.0 30.0 2.742  .689   59.
 1 1990 216 15647.  22.0 30.0 2.742  .689    0.
 1 1990 217 15743.  22.0 30.0 2.742  .689    0.
 1 1990 218 15840.  22.0 30.0 2.742  .689    0.
 1 1990 219 15937.  22.0 30.0 2.742  .689    0.
 1 1990 220 16034.  22.0 30.0 2.742  .689    0.
 1 1990 221 16132.  22.0 30.0 2.742  .689    0.
 1 1990 222 16231.  22.0 30.0 2.742  .689    0.
 1 1990 223 16330.  22.0 30.0 2.742  .689    1.
 1 1990 224 16430.  22.0 30.0 2.742  .689    0.
 1 1990 225 16529.  22.0 30.0 2.742  .689    0.
 1 1990 226 16630.  22.0 30.0 2.742  .689    0.
 1 1990 227 16730.  22.0 30.0 2.742  .689    0.
 1 1990 228 16730.  22.0 30.0 2.742  .689   54.
 1 1990 229 16730.  22.0 30.0 2.742  .689    9.
 1 1990 230 16729.  22.0 30.0 2.742  .689    0.
 1 1990 231 16729.  22.0 30.0 2.742  .689    1.
 1 1990 232 16728.  22.0 30.0 2.742  .689    0.
 1 1990 233 16726.  22.0 30.0 2.742  .689    0.
 1 1990 234 16725.  22.0 30.0 2.742  .689    0.
 1 1990 235 16722.  22.0 30.0 2.742  .689    0.
 1 1990 236 16720.  22.0 30.0 2.742  .689    5.
 1 1990 237 16717.  22.0 30.0 2.742  .689    0.
 1 1990 238 16713.  22.0 30.0 2.742  .689    0.
 1 1990 239 16709.  22.0 30.0 2.742  .689    4.
 1 1990 240 16705.  22.0 30.0 2.742  .689    0.
 1 1990 241 16700.  22.0 30.0 2.742  .689   19.
 1 1990 242 16694.  22.0 30.0 2.742  .689    2.
 1 1990 243 16688.  22.0 30.0 2.742  .689    0.
 1 1990 244 16682.  22.0 30.0 2.742  .689    0.
 1 1990 245 16674.  22.0 30.0 2.742  .689    0.
 1 1990 246 16666.  22.0 30.0 2.742  .689    0.
 1 1990 247 16658.  22.0 30.0 2.742  .689    0.
 1 1990 248 16648.  22.0 30.0 2.742  .689    0.
 1 1990 249 16638.  22.0 30.0 2.742  .689    6.
 1 1990 250 16628.  22.0 30.0 2.742  .689    0.
 1 1990 251 16616.  22.0 30.0 2.742  .689    0.
 1 1990 252 16604.  22.0 30.0 2.742  .689    0.
 1 1990 253 16591.  22.0 30.0 2.742  .689    8.
 1 1990 254 16577.  22.0 30.0 2.742  .689   13.
 1 1990 255 16563.  22.0 30.0 2.742  .689    0.
 1 1990 256 16548.  22.0 30.0 2.742  .689    0.
 1 1990 257 16532.  22.0 30.0 2.742  .689    0.
 1 1990 258 16515.  22.0 30.0 2.742  .689    0.
 1 1990 259 16586.  22.0 30.0 2.742  .689    0.
 1 1990 260 16656.  22.0 30.0 2.742  .689    3.
 1 1990 261 16726.  22.0 30.0 2.742  .689    0.
 1 1990 262 16795.  22.0 30.0 2.742  .689   10.
 1 1990 263 16864.  22.0 30.0 2.742  .689    3.
 1 1990 264 16932.  22.0 30.0 2.742  .689    5.
 1 1990 265 16999.  22.0 30.0 2.742  .689    0.
 1 1990 266 17066.  22.0 30.0 2.742  .689    0.
 1 1990 267 17132.  22.0 30.0 2.742  .689    1.
 1 1990 268 17197.  22.0 30.0 2.742  .689    0.
 1 1990 269 17262.  22.0 30.0 2.742  .689   10.
 1 1990 270 17326.  22.0 30.0 2.742  .689    0.
 1 1990 271 17389.  22.0 30.0 2.742  .689    1.
 1 1990 272 17451.  22.0 30.0 2.742  .689    4.
 1 1990 273 17513.  22.0 30.0 2.742  .689   25.
 1 1990 274 17574.  22.0 30.0 2.742  .689    1.
 1 1990 275 17634.  22.0 30.0 2.742  .689    1.
 1 1990 276 17694.  22.0 30.0 2.742  .689    9.
 1 1990 277 17752.  22.0 30.0 2.742  .689   49.
 1 1990 278 17810.  22.0 30.0 2.742  .689    0.
 1 1990 279 17868.  22.0 30.0 2.742  .689   16.
 1 1990 280 17924.  22.0 30.0 2.742  .689   13.
 1 1990 281 17980.  22.0 30.0 2.742  .689   45.
 1 1990 282 18035.  22.0 30.0 2.742  .689    0.
 1 1990 283 18089.  22.0 30.0 2.742  .689   29.
 1 1990 284 18142.  22.0 30.0 2.742  .689   10.
 1 1990 285 18195.  22.0 30.0 2.742  .689    0.
 1 1990 286 18246.  22.0 30.0 2.742  .689    0.
 1 1990 287 18297.  22.0 30.0 2.742  .689   13.
 1 1990 288 18348.  22.0 30.0 2.742  .689    8.
 1 1990 289 18398.  22.0 30.0 2.742  .689    2.
 1 1990 290 18447.  22.0 30.0 2.742  .689    0.
 1 1990 291 18495.  22.0 30.0 2.742  .689   13.
 1 1990 292 18542.  22.0 30.0 2.742  .689   19.
 1 1990 293 18589.  22.0 30.0 2.742  .689    0.
 1 1990 294 18636.  22.0 30.0 2.742  .689    1.
 1 1990 295 18681.  22.0 30.0 2.742  .689    0.
 1 1990 296 18726.  22.0 30.0 2.742  .689   21.
 1 1990 297 18770.  22.0 30.0 2.742  .689   19.
 1 1990 298 18813.  22.0 30.0 2.742  .689    0.
 1 1990 299 18856.  22.0 30.0 2.742  .689    0.
 1 1990 300 18899.  22.0 30.0 2.742  .689   63.
 1 1990 301 18940.  22.0 30.0 2.742  .689    1.
 1 1990 302 18981.  22.0 30.0 2.742  .689    1.
 1 1990 303 19022.  22.0 30.0 2.742  .689    1.
 1 1990 304 19062.  22.0 30.0 2.742  .689    0.
 1 1990 305 19101.  22.0 30.0 2.742  .689    0.
 1 1990 306 19140.  22.0 30.0 2.742  .689    0.
 1 1990 307 19178.  22.0 30.0 2.742  .689   20.
 1 1990 308 19216.  22.0 30.0 2.742  .689    0.
 1 1990 309 19254.  22.0 30.0 2.742  .689    0.
 1 1990 310 19291.  22.0 30.0 2.742  .689   17.
 1 1990 311 19328.  22.0 30.0 2.742  .689    0.
 1 1990 312 19364.  22.0 30.0 2.742  .689   17.
 1 1990 313 19400.  22.0 30.0 2.742  .689   10.
 1 1990 314 19435.  22.0 30.0 2.742  .689    0.
 1 1990 315 19471.  22.0 30.0 2.742  .689   91.
 1 1990 316 19506.  22.0 30.0 2.742  .689    7.
 1 1990 317 19541.  22.0 30.0 2.742  .689   14.
 1 1990 318 19576.  22.0 30.0 2.742  .689    0.
 1 1990 319 19610.  22.0 30.0 2.742  .689    0.
 1 1990 320 19453.  22.0 30.0 2.742  .689   21.
 1 1990 321 19297.  22.0 30.0 2.742  .689    0.
 1 1990 322 19141.  22.0 30.0 2.742  .689    0.
 1 1990 323 18984.  22.0 30.0 2.742  .689    0.
 1 1990 324 18828.  22.0 30.0 2.742  .689    0.
 1 1990 325 18673.  22.0 30.0 2.742  .689   12.
 1 1990 326 18517.  22.0 30.0 2.742  .689    0.
 1 1990 327 18362.  22.0 30.0 2.742  .689    0.
 1 1990 328 18207.  22.0 30.0 2.742  .689    0.
 1 1990 329 18052.  22.0 30.0 2.742  .689    0.
 1 1990 330 17898.  22.0 30.0 2.742  .689   15.
 1 1990 331 17744.  22.0 30.0 2.742  .689   39.
 1 1990 332 17591.  22.0 30.0 2.742  .689    0.
 1 1990 333 17437.  22.0 30.0 2.742  .689    0.
 1 1990 334 17285.  22.0 30.0 2.742  .689   23.
 1 1990 335 17132.  22.0 30.0 2.742  .689    0.
 1 1990 336 16980.  22.0 30.0 2.742  .689    0.
 1 1990 337 16829.  22.0 30.0 2.742  .689    0.
 1 1990 338 16678.  22.0 30.0 2.742  .689    0.
 1 1990 339 16527.  22.0 30.0 2.742  .689   18.
 1 1990 340 16377.  22.0 30.0 2.742  .689   20.
 1 1990 341 16227.  22.0 30.0 2.742  .689   10.
 1 1990 342 16077.  22.0 30.0 2.742  .689   10.
 1 1990 343 15929.  22.0 30.0 2.742  .689  124.
 1 1990 344 15780.  22.0 30.0 2.742  .689   45.
 1 1990 345 15632.  22.0 30.0 2.742  .689    3.
 1 1990 346 15485.  22.0 30.0 2.742  .689   37.
 1 1990 347 15337.  22.0 30.0 2.742  .689    0.
 1 1990 348 15191.  22.0 30.0 2.742  .689  191.
 1 1990 349 15044.  22.0 30.0 2.742  .689    0.
 1 1990 350 15028.  22.0 30.0 2.742  .689   55.
 1 1990 351 15011.  22.0 30.0 2.742  .689    1.
 1 1990 352 14995.  22.0 30.0 2.742  .689   63.
 1 1990 353 14979.  22.0 30.0 2.742  .689   42.
 1 1990 354 14964.  22.0 30.0 2.742  .689    0.
 1 1990 355 14949.  22.0 30.0 2.742  .689   43.
 1 1990 356 14935.  22.0 30.0 2.742  .689    0.
 1 1990 357 14921.  22.0 30.0 2.742  .689   94.
 1 1990 358 14907.  22.0 30.0 2.742  .689    0.
 1 1990 359 14894.  22.0 30.0 2.742  .689    0.
 1 1990 360 14881.  22.0 30.0 2.742  .689    9.
 1 1990 361 14868.  22.0 30.0 2.742  .689    4.
 1 1990 362 14856.  22.0 30.0 2.742  .689    0.
 1 1990 363 14844.  22.0 30.0 2.742  .689    0.
 1 1990 364 14833.  22.0 30.0 2.742  .689  156.
 1 1990 365 14822.  22.0 30.0 2.742  .689    0.
