*-------------------------------------------------------------*
* Station name: Dami Oil Palm Research Station, W.N.B., P.N.G.
* Year: 1970
* Author: W. Gerritsma
* Source: C.J. Breure, 1978. Dami O.P.R.S. March 1971- March 1977
*
* Longitude: 150 E, latitude:-5 30 N, altitude: 5 m.
*
* Interpolated on monthly values
*
* Column  Daily value
* 1       station number
* 2       year
* 3       day
* 4       Radiation
* 5       minimum temperature           (degrees Celsius) (ESTIMATED)
* 6       maximum temperature           (degrees Celsius) (ESTIMATED)
* 7       early morning vapour pressure (kPa)
* 8       mean wind speed (height: 2 m) (m s-1)
* 9       precipitation.rain days       (mm d-1.days)
*-------------------------------------------------------------*
 150 -5.5  5.0  0.0 0.0
 2 1970   1 17834.  22.0 30.0 2.742   1.   0.
 2 1970   2 17883.  22.0 30.0 2.742   1.  81.
 2 1970   3 17932.  22.0 30.0 2.742   1.   9.
 2 1970   4 17981.  22.0 30.0 2.742   1.  24.
 2 1970   5 18032.  22.0 30.0 2.742   1.   3.
 2 1970   6 18082.  22.0 30.0 2.742   1.  45.
 2 1970   7 18133.  22.0 30.0 2.742   1.   0.
 2 1970   8 18184.  22.0 30.0 2.742   1.   0.
 2 1970   9 18236.  22.0 30.0 2.742   1.   0.
 2 1970  10 18288.  22.0 30.0 2.742   1.  22.
 2 1970  11 18340.  22.0 30.0 2.742   1.  46.
 2 1970  12 18393.  22.0 30.0 2.742   1.  35.
 2 1970  13 18446.  22.0 30.0 2.742   1.   8.
 2 1970  14 18499.  22.0 30.0 2.742   1.   0.
 2 1970  15 18553.  22.0 30.0 2.742   1.   2.
 2 1970  16 18464.  22.0 30.0 2.742   1.   0.
 2 1970  17 18374.  22.0 30.0 2.742   1.  22.
 2 1970  18 18285.  22.0 30.0 2.742   1.   2.
 2 1970  19 18196.  22.0 30.0 2.742   1.   1.
 2 1970  20 18107.  22.0 30.0 2.742   1.   8.
 2 1970  21 18017.  22.0 30.0 2.742   1.  13.
 2 1970  22 17927.  22.0 30.0 2.742   1.   0.
 2 1970  23 17838.  22.0 30.0 2.742   1.   4.
 2 1970  24 17747.  22.0 30.0 2.742   1.  53.
 2 1970  25 17657.  22.0 30.0 2.742   1.  33.
 2 1970  26 17567.  22.0 30.0 2.742   1.  15.
 2 1970  27 17476.  22.0 30.0 2.742   1.   0.
 2 1970  28 17385.  22.0 30.0 2.742   1.   0.
 2 1970  29 17293.  22.0 30.0 2.742   1.  36.
 2 1970  30 17202.  22.0 30.0 2.742   1.   1.
 2 1970  31 17109.  22.0 30.0 2.742   1.   2.
 2 1970  32 17017.  22.0 30.0 2.742   1. 127.
 2 1970  33 16924.  22.0 30.0 2.742   1.   1.
 2 1970  34 16830.  22.0 30.0 2.742   1.   0.
 2 1970  35 16736.  22.0 30.0 2.742   1.  33.
 2 1970  36 16642.  22.0 30.0 2.742   1.   0.
 2 1970  37 16547.  22.0 30.0 2.742   1.   7.
 2 1970  38 16452.  22.0 30.0 2.742   1.  44.
 2 1970  39 16356.  22.0 30.0 2.742   1.   1.
 2 1970  40 16259.  22.0 30.0 2.742   1.  88.
 2 1970  41 16162.  22.0 30.0 2.742   1.   6.
 2 1970  42 16065.  22.0 30.0 2.742   1.  27.
 2 1970  43 15966.  22.0 30.0 2.742   1.  38.
 2 1970  44 15868.  22.0 30.0 2.742   1.   1.
 2 1970  45 15768.  22.0 30.0 2.742   1.   0.
 2 1970  46 15866.  22.0 30.0 2.742   1.  11.
 2 1970  47 15963.  22.0 30.0 2.742   1.   0.
 2 1970  48 16060.  22.0 30.0 2.742   1.  10.
 2 1970  49 16156.  22.0 30.0 2.742   1. 115.
 2 1970  50 16252.  22.0 30.0 2.742   1.  67.
 2 1970  51 16347.  22.0 30.0 2.742   1.   8.
 2 1970  52 16442.  22.0 30.0 2.742   1.  43.
 2 1970  53 16536.  22.0 30.0 2.742   1.   0.
 2 1970  54 16629.  22.0 30.0 2.742   1.   0.
 2 1970  55 16721.  22.0 30.0 2.742   1.  31.
 2 1970  56 16813.  22.0 30.0 2.742   1. 231.
 2 1970  57 16904.  22.0 30.0 2.742   1.  20.
 2 1970  58 16995.  22.0 30.0 2.742   1.  84.
 2 1970  59 17085.  22.0 30.0 2.742   1.  40.
 2 1970  60 17173.  22.0 30.0 2.742   1.   0.
 2 1970  61 17261.  22.0 30.0 2.742   1.  22.
 2 1970  62 17349.  22.0 30.0 2.742   1.   0.
 2 1970  63 17435.  22.0 30.0 2.742   1.  11.
 2 1970  64 17520.  22.0 30.0 2.742   1.   0.
 2 1970  65 17605.  22.0 30.0 2.742   1.   6.
 2 1970  66 17689.  22.0 30.0 2.742   1. 108.
 2 1970  67 17771.  22.0 30.0 2.742   1.   4.
 2 1970  68 17853.  22.0 30.0 2.742   1.  21.
 2 1970  69 17934.  22.0 30.0 2.742   1.   0.
 2 1970  70 18014.  22.0 30.0 2.742   1.   1.
 2 1970  71 18092.  22.0 30.0 2.742   1.   7.
 2 1970  72 18170.  22.0 30.0 2.742   1.   1.
 2 1970  73 18247.  22.0 30.0 2.742   1.   4.
 2 1970  74 18323.  22.0 30.0 2.742   1.   1.
 2 1970  75 18375.  22.0 30.0 2.742   1.   7.
 2 1970  76 18426.  22.0 30.0 2.742   1.  58.
 2 1970  77 18476.  22.0 30.0 2.742   1.   2.
 2 1970  78 18525.  22.0 30.0 2.742   1.  19.
 2 1970  79 18572.  22.0 30.0 2.742   1.  26.
 2 1970  80 18619.  22.0 30.0 2.742   1.  18.
 2 1970  81 18665.  22.0 30.0 2.742   1.   4.
 2 1970  82 18710.  22.0 30.0 2.742   1.   8.
 2 1970  83 18754.  22.0 30.0 2.742   1.   9.
 2 1970  84 18796.  22.0 30.0 2.742   1.  26.
 2 1970  85 18838.  22.0 30.0 2.742   1.   7.
 2 1970  86 18878.  22.0 30.0 2.742   1.   3.
 2 1970  87 18918.  22.0 30.0 2.742   1.   5.
 2 1970  88 18956.  22.0 30.0 2.742   1.  99.
 2 1970  89 18994.  22.0 30.0 2.742   1.   0.
 2 1970  90 19030.  22.0 30.0 2.742   1.   5.
 2 1970  91 19065.  22.0 30.0 2.742   1.  10.
 2 1970  92 19100.  22.0 30.0 2.742   1.   0.
 2 1970  93 19133.  22.0 30.0 2.742   1.   1.
 2 1970  94 19165.  22.0 30.0 2.742   1.  18.
 2 1970  95 19197.  22.0 30.0 2.742   1.  13.
 2 1970  96 19227.  22.0 30.0 2.742   1.  73.
 2 1970  97 19257.  22.0 30.0 2.742   1.  10.
 2 1970  98 19285.  22.0 30.0 2.742   1.   1.
 2 1970  99 19313.  22.0 30.0 2.742   1.   1.
 2 1970 100 19339.  22.0 30.0 2.742   1.   0.
 2 1970 101 19365.  22.0 30.0 2.742   1.   1.
 2 1970 102 19390.  22.0 30.0 2.742   1.   1.
 2 1970 103 19414.  22.0 30.0 2.742   1.   0.
 2 1970 104 19438.  22.0 30.0 2.742   1.   0.
 2 1970 105 19460.  22.0 30.0 2.742   1.  17.
 2 1970 106 19397.  22.0 30.0 2.742   1.  15.
 2 1970 107 19334.  22.0 30.0 2.742   1.   0.
 2 1970 108 19271.  22.0 30.0 2.742   1.  27.
 2 1970 109 19207.  22.0 30.0 2.742   1.  25.
 2 1970 110 19143.  22.0 30.0 2.742   1.   0.
 2 1970 111 19079.  22.0 30.0 2.742   1.  22.
 2 1970 112 19014.  22.0 30.0 2.742   1.  18.
 2 1970 113 18950.  22.0 30.0 2.742   1.   0.
 2 1970 114 18885.  22.0 30.0 2.742   1.   9.
 2 1970 115 18820.  22.0 30.0 2.742   1.   3.
 2 1970 116 18755.  22.0 30.0 2.742   1.   2.
 2 1970 117 18690.  22.0 30.0 2.742   1.  36.
 2 1970 118 18625.  22.0 30.0 2.742   1.  49.
 2 1970 119 18561.  22.0 30.0 2.742   1.  48.
 2 1970 120 18496.  22.0 30.0 2.742   1.  12.
 2 1970 121 18431.  22.0 30.0 2.742   1.  12.
 2 1970 122 18367.  22.0 30.0 2.742   1.   0.
 2 1970 123 18302.  22.0 30.0 2.742   1.  12.
 2 1970 124 18238.  22.0 30.0 2.742   1.   0.
 2 1970 125 18174.  22.0 30.0 2.742   1.   6.
 2 1970 126 18111.  22.0 30.0 2.742   1.  20.
 2 1970 127 18047.  22.0 30.0 2.742   1.   0.
 2 1970 128 17985.  22.0 30.0 2.742   1.   1.
 2 1970 129 17922.  22.0 30.0 2.742   1.  33.
 2 1970 130 17860.  22.0 30.0 2.742   1.  21.
 2 1970 131 17799.  22.0 30.0 2.742   1.  29.
 2 1970 132 17738.  22.0 30.0 2.742   1.   0.
 2 1970 133 17678.  22.0 30.0 2.742   1.   0.
 2 1970 134 17618.  22.0 30.0 2.742   1.  12.
 2 1970 135 17559.  22.0 30.0 2.742   1.  25.
 2 1970 136 17530.  22.0 30.0 2.742   1.  33.
 2 1970 137 17502.  22.0 30.0 2.742   1.   0.
 2 1970 138 17474.  22.0 30.0 2.742   1.   5.
 2 1970 139 17447.  22.0 30.0 2.742   1.  11.
 2 1970 140 17421.  22.0 30.0 2.742   1.   0.
 2 1970 141 17396.  22.0 30.0 2.742   1.   2.
 2 1970 142 17371.  22.0 30.0 2.742   1.   0.
 2 1970 143 17347.  22.0 30.0 2.742   1.  43.
 2 1970 144 17324.  22.0 30.0 2.742   1.   3.
 2 1970 145 17301.  22.0 30.0 2.742   1.   0.
 2 1970 146 17280.  22.0 30.0 2.742   1.   1.
 2 1970 147 17259.  22.0 30.0 2.742   1.   0.
 2 1970 148 17240.  22.0 30.0 2.742   1.   3.
 2 1970 149 17221.  22.0 30.0 2.742   1.   0.
 2 1970 150 17204.  22.0 30.0 2.742   1.  10.
 2 1970 151 17187.  22.0 30.0 2.742   1.   1.
 2 1970 152 17172.  22.0 30.0 2.742   1.   9.
 2 1970 153 17157.  22.0 30.0 2.742   1.  13.
 2 1970 154 17144.  22.0 30.0 2.742   1.   0.
 2 1970 155 17132.  22.0 30.0 2.742   1.   4.
 2 1970 156 17121.  22.0 30.0 2.742   1.   0.
 2 1970 157 17112.  22.0 30.0 2.742   1.   0.
 2 1970 158 17103.  22.0 30.0 2.742   1.   0.
 2 1970 159 17096.  22.0 30.0 2.742   1.   0.
 2 1970 160 17090.  22.0 30.0 2.742   1.   2.
 2 1970 161 17086.  22.0 30.0 2.742   1.   0.
 2 1970 162 17083.  22.0 30.0 2.742   1.   0.
 2 1970 163 17081.  22.0 30.0 2.742   1.   0.
 2 1970 164 17080.  22.0 30.0 2.742   1.   1.
 2 1970 165 17081.  22.0 30.0 2.742   1.   0.
 2 1970 166 17083.  22.0 30.0 2.742   1.   0.
 2 1970 167 17111.  22.0 30.0 2.742   1.   6.
 2 1970 168 17141.  22.0 30.0 2.742   1.   7.
 2 1970 169 17172.  22.0 30.0 2.742   1.   1.
 2 1970 170 17204.  22.0 30.0 2.742   1.   1.
 2 1970 171 17238.  22.0 30.0 2.742   1.  11.
 2 1970 172 17273.  22.0 30.0 2.742   1.   3.
 2 1970 173 17310.  22.0 30.0 2.742   1.   1.
 2 1970 174 17348.  22.0 30.0 2.742   1.   1.
 2 1970 175 17387.  22.0 30.0 2.742   1.   0.
 2 1970 176 17428.  22.0 30.0 2.742   1.  13.
 2 1970 177 17471.  22.0 30.0 2.742   1.   4.
 2 1970 178 17515.  22.0 30.0 2.742   1.   1.
 2 1970 179 17560.  22.0 30.0 2.742   1.   5.
 2 1970 180 17607.  22.0 30.0 2.742   1.   2.
 2 1970 181 17656.  22.0 30.0 2.742   1.   1.
 2 1970 182 17706.  22.0 30.0 2.742   1.   0.
 2 1970 183 17757.  22.0 30.0 2.742   1.   0.
 2 1970 184 17810.  22.0 30.0 2.742   1.   0.
 2 1970 185 17865.  22.0 30.0 2.742   1.  17.
 2 1970 186 17920.  22.0 30.0 2.742   1.   0.
 2 1970 187 17978.  22.0 30.0 2.742   1.   0.
 2 1970 188 18037.  22.0 30.0 2.742   1.  22.
 2 1970 189 18097.  22.0 30.0 2.742   1.   4.
 2 1970 190 18158.  22.0 30.0 2.742   1.  21.
 2 1970 191 18221.  22.0 30.0 2.742   1.   0.
 2 1970 192 18286.  22.0 30.0 2.742   1.   3.
 2 1970 193 18351.  22.0 30.0 2.742   1.   3.
 2 1970 194 18419.  22.0 30.0 2.742   1.  19.
 2 1970 195 18487.  22.0 30.0 2.742   1.   0.
 2 1970 196 18557.  22.0 30.0 2.742   1.  28.
 2 1970 197 18622.  22.0 30.0 2.742   1.   7.
 2 1970 198 18688.  22.0 30.0 2.742   1.   0.
 2 1970 199 18755.  22.0 30.0 2.742   1.   0.
 2 1970 200 18824.  22.0 30.0 2.742   1.   0.
 2 1970 201 18894.  22.0 30.0 2.742   1.   7.
 2 1970 202 18965.  22.0 30.0 2.742   1.  10.
 2 1970 203 19037.  22.0 30.0 2.742   1.   0.
 2 1970 204 19110.  22.0 30.0 2.742   1.   2.
 2 1970 205 19184.  22.0 30.0 2.742   1.   0.
 2 1970 206 19259.  22.0 30.0 2.742   1.   0.
 2 1970 207 19335.  22.0 30.0 2.742   1.  14.
 2 1970 208 19413.  22.0 30.0 2.742   1.   0.
 2 1970 209 19491.  22.0 30.0 2.742   1.   0.
 2 1970 210 19569.  22.0 30.0 2.742   1.   0.
 2 1970 211 19649.  22.0 30.0 2.742   1.   1.
 2 1970 212 19729.  22.0 30.0 2.742   1.   0.
 2 1970 213 19811.  22.0 30.0 2.742   1.   1.
 2 1970 214 19893.  22.0 30.0 2.742   1.  10.
 2 1970 215 19975.  22.0 30.0 2.742   1.   0.
 2 1970 216 20059.  22.0 30.0 2.742   1.   0.
 2 1970 217 20142.  22.0 30.0 2.742   1.   0.
 2 1970 218 20227.  22.0 30.0 2.742   1.   0.
 2 1970 219 20312.  22.0 30.0 2.742   1.   3.
 2 1970 220 20397.  22.0 30.0 2.742   1.   0.
 2 1970 221 20483.  22.0 30.0 2.742   1.   0.
 2 1970 222 20570.  22.0 30.0 2.742   1.   0.
 2 1970 223 20656.  22.0 30.0 2.742   1.  26.
 2 1970 224 20743.  22.0 30.0 2.742   1.   0.
 2 1970 225 20831.  22.0 30.0 2.742   1.  24.
 2 1970 226 20918.  22.0 30.0 2.742   1.   0.
 2 1970 227 21006.  22.0 30.0 2.742   1.   0.
 2 1970 228 21013.  22.0 30.0 2.742   1.   4.
 2 1970 229 21020.  22.0 30.0 2.742   1.   4.
 2 1970 230 21026.  22.0 30.0 2.742   1.   1.
 2 1970 231 21032.  22.0 30.0 2.742   1.   0.
 2 1970 232 21038.  22.0 30.0 2.742   1.   0.
 2 1970 233 21043.  22.0 30.0 2.742   1.   0.
 2 1970 234 21048.  22.0 30.0 2.742   1.   0.
 2 1970 235 21053.  22.0 30.0 2.742   1.   0.
 2 1970 236 21057.  22.0 30.0 2.742   1.  10.
 2 1970 237 21060.  22.0 30.0 2.742   1.   7.
 2 1970 238 21063.  22.0 30.0 2.742   1.  13.
 2 1970 239 21065.  22.0 30.0 2.742   1.   1.
 2 1970 240 21067.  22.0 30.0 2.742   1.   0.
 2 1970 241 21068.  22.0 30.0 2.742   1. 125.
 2 1970 242 21068.  22.0 30.0 2.742   1.  15.
 2 1970 243 21068.  22.0 30.0 2.742   1.   0.
 2 1970 244 21067.  22.0 30.0 2.742   1.   6.
 2 1970 245 21065.  22.0 30.0 2.742   1.   0.
 2 1970 246 21062.  22.0 30.0 2.742   1.   4.
 2 1970 247 21059.  22.0 30.0 2.742   1.   0.
 2 1970 248 21054.  22.0 30.0 2.742   1.  10.
 2 1970 249 21049.  22.0 30.0 2.742   1.   6.
 2 1970 250 21043.  22.0 30.0 2.742   1.   0.
 2 1970 251 21036.  22.0 30.0 2.742   1.  33.
 2 1970 252 21029.  22.0 30.0 2.742   1.   0.
 2 1970 253 21020.  22.0 30.0 2.742   1.  11.
 2 1970 254 21010.  22.0 30.0 2.742   1.   0.
 2 1970 255 21000.  22.0 30.0 2.742   1.   0.
 2 1970 256 20988.  22.0 30.0 2.742   1.   8.
 2 1970 257 20976.  22.0 30.0 2.742   1.   0.
 2 1970 258 20962.  22.0 30.0 2.742   1.   0.
 2 1970 259 20974.  22.0 30.0 2.742   1.   0.
 2 1970 260 20984.  22.0 30.0 2.742   1.  14.
 2 1970 261 20994.  22.0 30.0 2.742   1.  85.
 2 1970 262 21003.  22.0 30.0 2.742   1.  32.
 2 1970 263 21011.  22.0 30.0 2.742   1.   3.
 2 1970 264 21018.  22.0 30.0 2.742   1.   6.
 2 1970 265 21024.  22.0 30.0 2.742   1.  63.
 2 1970 266 21028.  22.0 30.0 2.742   1.   2.
 2 1970 267 21032.  22.0 30.0 2.742   1.   5.
 2 1970 268 21035.  22.0 30.0 2.742   1.   0.
 2 1970 269 21037.  22.0 30.0 2.742   1.   0.
 2 1970 270 21038.  22.0 30.0 2.742   1.  27.
 2 1970 271 21038.  22.0 30.0 2.742   1.  13.
 2 1970 272 21037.  22.0 30.0 2.742   1.   7.
 2 1970 273 21035.  22.0 30.0 2.742   1.  16.
 2 1970 274 21032.  22.0 30.0 2.742   1.   7.
 2 1970 275 21028.  22.0 30.0 2.742   1.   0.
 2 1970 276 21022.  22.0 30.0 2.742   1.   4.
 2 1970 277 21016.  22.0 30.0 2.742   1.  29.
 2 1970 278 21009.  22.0 30.0 2.742   1.   0.
 2 1970 279 21001.  22.0 30.0 2.742   1.   0.
 2 1970 280 20992.  22.0 30.0 2.742   1.  17.
 2 1970 281 20982.  22.0 30.0 2.742   1.   0.
 2 1970 282 20971.  22.0 30.0 2.742   1.   5.
 2 1970 283 20959.  22.0 30.0 2.742   1.   1.
 2 1970 284 20946.  22.0 30.0 2.742   1.  22.
 2 1970 285 20933.  22.0 30.0 2.742   1.   0.
 2 1970 286 20918.  22.0 30.0 2.742   1.   1.
 2 1970 287 20903.  22.0 30.0 2.742   1.   0.
 2 1970 288 20886.  22.0 30.0 2.742   1.   3.
 2 1970 289 20930.  22.0 30.0 2.742   1.  26.
 2 1970 290 20973.  22.0 30.0 2.742   1.   0.
 2 1970 291 21015.  22.0 30.0 2.742   1.  42.
 2 1970 292 21057.  22.0 30.0 2.742   1.   3.
 2 1970 293 21097.  22.0 30.0 2.742   1.   0.
 2 1970 294 21137.  22.0 30.0 2.742   1.  21.
 2 1970 295 21176.  22.0 30.0 2.742   1.  29.
 2 1970 296 21214.  22.0 30.0 2.742   1.   6.
 2 1970 297 21252.  22.0 30.0 2.742   1.   0.
 2 1970 298 21289.  22.0 30.0 2.742   1.   0.
 2 1970 299 21325.  22.0 30.0 2.742   1.   0.
 2 1970 300 21360.  22.0 30.0 2.742   1.   0.
 2 1970 301 21395.  22.0 30.0 2.742   1.   6.
 2 1970 302 21429.  22.0 30.0 2.742   1.  10.
 2 1970 303 21463.  22.0 30.0 2.742   1.   8.
 2 1970 304 21495.  22.0 30.0 2.742   1.   4.
 2 1970 305 21528.  22.0 30.0 2.742   1.   0.
 2 1970 306 21559.  22.0 30.0 2.742   1.   1.
 2 1970 307 21591.  22.0 30.0 2.742   1.  10.
 2 1970 308 21621.  22.0 30.0 2.742   1.  19.
 2 1970 309 21652.  22.0 30.0 2.742   1.  23.
 2 1970 310 21681.  22.0 30.0 2.742   1.   0.
 2 1970 311 21711.  22.0 30.0 2.742   1.   0.
 2 1970 312 21740.  22.0 30.0 2.742   1.   0.
 2 1970 313 21768.  22.0 30.0 2.742   1.   0.
 2 1970 314 21796.  22.0 30.0 2.742   1.   0.
 2 1970 315 21824.  22.0 30.0 2.742   1.   3.
 2 1970 316 21852.  22.0 30.0 2.742   1.   0.
 2 1970 317 21879.  22.0 30.0 2.742   1.   0.
 2 1970 318 21907.  22.0 30.0 2.742   1.  16.
 2 1970 319 21934.  22.0 30.0 2.742   1.   0.
 2 1970 320 21771.  22.0 30.0 2.742   1.   0.
 2 1970 321 21609.  22.0 30.0 2.742   1.   8.
 2 1970 322 21446.  22.0 30.0 2.742   1.   1.
 2 1970 323 21284.  22.0 30.0 2.742   1.   0.
 2 1970 324 21122.  22.0 30.0 2.742   1.   0.
 2 1970 325 20961.  22.0 30.0 2.742   1.  28.
 2 1970 326 20799.  22.0 30.0 2.742   1.   0.
 2 1970 327 20638.  22.0 30.0 2.742   1.  53.
 2 1970 328 20478.  22.0 30.0 2.742   1.   0.
 2 1970 329 20317.  22.0 30.0 2.742   1.   0.
 2 1970 330 20157.  22.0 30.0 2.742   1.  77.
 2 1970 331 19997.  22.0 30.0 2.742   1.   0.
 2 1970 332 19838.  22.0 30.0 2.742   1.   7.
 2 1970 333 19679.  22.0 30.0 2.742   1.   0.
 2 1970 334 19521.  22.0 30.0 2.742   1.   0.
 2 1970 335 19363.  22.0 30.0 2.742   1.   0.
 2 1970 336 19205.  22.0 30.0 2.742   1.  80.
 2 1970 337 19048.  22.0 30.0 2.742   1.  50.
 2 1970 338 18892.  22.0 30.0 2.742   1.   0.
 2 1970 339 18736.  22.0 30.0 2.742   1.   1.
 2 1970 340 18580.  22.0 30.0 2.742   1.   3.
 2 1970 341 18425.  22.0 30.0 2.742   1.   3.
 2 1970 342 18271.  22.0 30.0 2.742   1.   0.
 2 1970 343 18117.  22.0 30.0 2.742   1.   0.
 2 1970 344 17963.  22.0 30.0 2.742   1. 104.
 2 1970 345 17810.  22.0 30.0 2.742   1.   0.
 2 1970 346 17658.  22.0 30.0 2.742   1.   1.
 2 1970 347 17506.  22.0 30.0 2.742   1.   0.
 2 1970 348 17354.  22.0 30.0 2.742   1.  57.
 2 1970 349 17204.  22.0 30.0 2.742   1.  39.
 2 1970 350 17239.  22.0 30.0 2.742   1.   5.
 2 1970 351 17275.  22.0 30.0 2.742   1.  11.
 2 1970 352 17311.  22.0 30.0 2.742   1.  14.
 2 1970 353 17348.  22.0 30.0 2.742   1.   0.
 2 1970 354 17385.  22.0 30.0 2.742   1.  30.
 2 1970 355 17423.  22.0 30.0 2.742   1.  19.
 2 1970 356 17461.  22.0 30.0 2.742   1.   9.
 2 1970 357 17500.  22.0 30.0 2.742   1.  13.
 2 1970 358 17539.  22.0 30.0 2.742   1.  24.
 2 1970 359 17578.  22.0 30.0 2.742   1.  33.
 2 1970 360 17619.  22.0 30.0 2.742   1.  50.
 2 1970 361 17659.  22.0 30.0 2.742   1.  54.
 2 1970 362 17701.  22.0 30.0 2.742   1.  29.
 2 1970 363 17742.  22.0 30.0 2.742   1.  71.
 2 1970 364 17784.  22.0 30.0 2.742   1.   3.
 2 1970 365 17827.  22.0 30.0 2.742   1.  11.
