*-------------------------------------------------------------*
* Station name: Dami Oil Palm Research Station, W.N.B., P.N.G.
* Year: 1971
* Author: W. Gerritsma
* Source: C.J. Breure, 1978. Dami O.P.R.S. March 1971-March 1977
*
* Longitude: 5 40 E, latitude:-5 30 N, altitude: 5 m.
*
* Remarks: Rainfall October 1971 not available; 7 year average
* Data interpolated to daily values
*
* Column  Daily value
* 1       station number
* 2       year
* 3       day
* 4       radiation
* 5       minimum temperature           (degrees Celsius) (ESTIMATED)
* 6       maximum temperature           (degrees Celsius) (ESTIMATED)
* 7       early morning vapour pressure (kPa)
* 8       mean wind speed (height: 2 m) (m s-1)
* 9       precipitation.rain days       (mm d-1)
*-------------------------------------------------------------*
 150 -5.5  5.0  0.0  0.0
 1 1971   1 18583.  22.0 30.0 2.742   1.   3.
 1 1971   2 18722.  22.0 30.0 2.742   1.  29.
 1 1971   3 18861.  22.0 30.0 2.742   1.  37.
 1 1971   4 19000.  22.0 30.0 2.742   1.   0.
 1 1971   5 19140.  22.0 30.0 2.742   1.   0.
 1 1971   6 19281.  22.0 30.0 2.742   1.  16.
 1 1971   7 19422.  22.0 30.0 2.742   1.  10.
 1 1971   8 19564.  22.0 30.0 2.742   1.   1.
 1 1971   9 19706.  22.0 30.0 2.742   1.   5.
 1 1971  10 19848.  22.0 30.0 2.742   1.   0.
 1 1971  11 19992.  22.0 30.0 2.742   1.   2.
 1 1971  12 20135.  22.0 30.0 2.742   1.   0.
 1 1971  13 20279.  22.0 30.0 2.742   1.  12.
 1 1971  14 20424.  22.0 30.0 2.742   1.   6.
 1 1971  15 20569.  22.0 30.0 2.742   1.  14.
 1 1971  16 20666.  22.0 30.0 2.742   1.  35.
 1 1971  17 20764.  22.0 30.0 2.742   1.   0.
 1 1971  18 20862.  22.0 30.0 2.742   1.   4.
 1 1971  19 20960.  22.0 30.0 2.742   1.   8.
 1 1971  20 21058.  22.0 30.0 2.742   1.  43.
 1 1971  21 21157.  22.0 30.0 2.742   1. 132.
 1 1971  22 21255.  22.0 30.0 2.742   1.   0.
 1 1971  23 21354.  22.0 30.0 2.742   1.  14.
 1 1971  24 21453.  22.0 30.0 2.742   1.   0.
 1 1971  25 21552.  22.0 30.0 2.742   1.   1.
 1 1971  26 21651.  22.0 30.0 2.742   1.   0.
 1 1971  27 21750.  22.0 30.0 2.742   1.   0.
 1 1971  28 21849.  22.0 30.0 2.742   1.  52.
 1 1971  29 21948.  22.0 30.0 2.742   1.  26.
 1 1971  30 22046.  22.0 30.0 2.742   1.   0.
 1 1971  31 22145.  22.0 30.0 2.742   1.  76.
 1 1971  32 22244.  22.0 30.0 2.742   1.   0.
 1 1971  33 22342.  22.0 30.0 2.742   1.  21.
 1 1971  34 22440.  22.0 30.0 2.742   1.   1.
 1 1971  35 22538.  22.0 30.0 2.742   1.   0.
 1 1971  36 22635.  22.0 30.0 2.742   1.   0.
 1 1971  37 22732.  22.0 30.0 2.742   1.   0.
 1 1971  38 22829.  22.0 30.0 2.742   1.   0.
 1 1971  39 22925.  22.0 30.0 2.742   1.   0.
 1 1971  40 23021.  22.0 30.0 2.742   1.  15.
 1 1971  41 23116.  22.0 30.0 2.742   1.   0.
 1 1971  42 23211.  22.0 30.0 2.742   1.   0.
 1 1971  43 23305.  22.0 30.0 2.742   1.   0.
 1 1971  44 23398.  22.0 30.0 2.742   1.  20.
 1 1971  45 23491.  22.0 30.0 2.742   1.   0.
 1 1971  46 23308.  22.0 30.0 2.742   1.  13.
 1 1971  47 23124.  22.0 30.0 2.742   1.   0.
 1 1971  48 22939.  22.0 30.0 2.742   1.   0.
 1 1971  49 22753.  22.0 30.0 2.742   1.   6.
 1 1971  50 22566.  22.0 30.0 2.742   1.   4.
 1 1971  51 22378.  22.0 30.0 2.742   1.  11.
 1 1971  52 22189.  22.0 30.0 2.742   1.  34.
 1 1971  53 22000.  22.0 30.0 2.742   1.   8.
 1 1971  54 21809.  22.0 30.0 2.742   1.   0.
 1 1971  55 21617.  22.0 30.0 2.742   1.  22.
 1 1971  56 21424.  22.0 30.0 2.742   1.   2.
 1 1971  57 21231.  22.0 30.0 2.742   1.  62.
 1 1971  58 21036.  22.0 30.0 2.742   1.   0.
 1 1971  59 20841.  22.0 30.0 2.742   1.   0.
 1 1971  60 20644.  22.0 30.0 2.742   1.  34.
 1 1971  61 20447.  22.0 30.0 2.742   1. 132.
 1 1971  62 20249.  22.0 30.0 2.742   1.   8.
 1 1971  63 20050.  22.0 30.0 2.742   1.   2.
 1 1971  64 19850.  22.0 30.0 2.742   1.  20.
 1 1971  65 19649.  22.0 30.0 2.742   1.  22.
 1 1971  66 19448.  22.0 30.0 2.742   1.  15.
 1 1971  67 19246.  22.0 30.0 2.742   1.  64.
 1 1971  68 19043.  22.0 30.0 2.742   1.   1.
 1 1971  69 18839.  22.0 30.0 2.742   1.  62.
 1 1971  70 18634.  22.0 30.0 2.742   1.   0.
 1 1971  71 18429.  22.0 30.0 2.742   1.   0.
 1 1971  72 18223.  22.0 30.0 2.742   1.   0.
 1 1971  73 18017.  22.0 30.0 2.742   1.   0.
 1 1971  74 17810.  22.0 30.0 2.742   1.   5.
 1 1971  75 17906.  22.0 30.0 2.742   1.   0.
 1 1971  76 18002.  22.0 30.0 2.742   1.   9.
 1 1971  77 18096.  22.0 30.0 2.742   1.  38.
 1 1971  78 18189.  22.0 30.0 2.742   1.  77.
 1 1971  79 18282.  22.0 30.0 2.742   1.  35.
 1 1971  80 18373.  22.0 30.0 2.742   1.   0.
 1 1971  81 18462.  22.0 30.0 2.742   1.  19.
 1 1971  82 18551.  22.0 30.0 2.742   1.   2.
 1 1971  83 18639.  22.0 30.0 2.742   1.   1.
 1 1971  84 18725.  22.0 30.0 2.742   1.   5.
 1 1971  85 18810.  22.0 30.0 2.742   1.  60.
 1 1971  86 18895.  22.0 30.0 2.742   1.   5.
 1 1971  87 18977.  22.0 30.0 2.742   1.  11.
 1 1971  88 19059.  22.0 30.0 2.742   1.  28.
 1 1971  89 19140.  22.0 30.0 2.742   1.   2.
 1 1971  90 19219.  22.0 30.0 2.742   1.   1.
 1 1971  91 19297.  22.0 30.0 2.742   1.   1.
 1 1971  92 19375.  22.0 30.0 2.742   1.   0.
 1 1971  93 19451.  22.0 30.0 2.742   1.   0.
 1 1971  94 19525.  22.0 30.0 2.742   1.   0.
 1 1971  95 19599.  22.0 30.0 2.742   1.   0.
 1 1971  96 19671.  22.0 30.0 2.742   1.   1.
 1 1971  97 19743.  22.0 30.0 2.742   1.  22.
 1 1971  98 19813.  22.0 30.0 2.742   1.   0.
 1 1971  99 19882.  22.0 30.0 2.742   1.  26.
 1 1971 100 19950.  22.0 30.0 2.742   1.  16.
 1 1971 101 20017.  22.0 30.0 2.742   1.   0.
 1 1971 102 20083.  22.0 30.0 2.742   1.   6.
 1 1971 103 20148.  22.0 30.0 2.742   1.  44.
 1 1971 104 20212.  22.0 30.0 2.742   1.   0.
 1 1971 105 20275.  22.0 30.0 2.742   1.   0.
 1 1971 106 20265.  22.0 30.0 2.742   1.   4.
 1 1971 107 20254.  22.0 30.0 2.742   1.   0.
 1 1971 108 20242.  22.0 30.0 2.742   1.  36.
 1 1971 109 20230.  22.0 30.0 2.742   1.  12.
 1 1971 110 20217.  22.0 30.0 2.742   1.   0.
 1 1971 111 20204.  22.0 30.0 2.742   1.   1.
 1 1971 112 20191.  22.0 30.0 2.742   1.  25.
 1 1971 113 20177.  22.0 30.0 2.742   1.   0.
 1 1971 114 20162.  22.0 30.0 2.742   1.  51.
 1 1971 115 20147.  22.0 30.0 2.742   1.   0.
 1 1971 116 20132.  22.0 30.0 2.742   1.   0.
 1 1971 117 20117.  22.0 30.0 2.742   1.   0.
 1 1971 118 20101.  22.0 30.0 2.742   1.   2.
 1 1971 119 20085.  22.0 30.0 2.742   1.   0.
 1 1971 120 20069.  22.0 30.0 2.742   1.   0.
 1 1971 121 20053.  22.0 30.0 2.742   1.  19.
 1 1971 122 20036.  22.0 30.0 2.742   1.   3.
 1 1971 123 20020.  22.0 30.0 2.742   1.   0.
 1 1971 124 20004.  22.0 30.0 2.742   1.   0.
 1 1971 125 19987.  22.0 30.0 2.742   1.   0.
 1 1971 126 19971.  22.0 30.0 2.742   1.   0.
 1 1971 127 19955.  22.0 30.0 2.742   1.   3.
 1 1971 128 19938.  22.0 30.0 2.742   1.  12.
 1 1971 129 19923.  22.0 30.0 2.742   1.   0.
 1 1971 130 19907.  22.0 30.0 2.742   1.   6.
 1 1971 131 19892.  22.0 30.0 2.742   1.   0.
 1 1971 132 19876.  22.0 30.0 2.742   1.  25.
 1 1971 133 19862.  22.0 30.0 2.742   1.  23.
 1 1971 134 19847.  22.0 30.0 2.742   1.  59.
 1 1971 135 19834.  22.0 30.0 2.742   1.   0.
 1 1971 136 19790.  22.0 30.0 2.742   1.  15.
 1 1971 137 19747.  22.0 30.0 2.742   1.   0.
 1 1971 138 19705.  22.0 30.0 2.742   1.   6.
 1 1971 139 19663.  22.0 30.0 2.742   1.   4.
 1 1971 140 19622.  22.0 30.0 2.742   1.  14.
 1 1971 141 19582.  22.0 30.0 2.742   1.   2.
 1 1971 142 19543.  22.0 30.0 2.742   1.   0.
 1 1971 143 19505.  22.0 30.0 2.742   1.   0.
 1 1971 144 19468.  22.0 30.0 2.742   1.   3.
 1 1971 145 19432.  22.0 30.0 2.742   1.   3.
 1 1971 146 19397.  22.0 30.0 2.742   1.   0.
 1 1971 147 19363.  22.0 30.0 2.742   1.   0.
 1 1971 148 19330.  22.0 30.0 2.742   1.   0.
 1 1971 149 19298.  22.0 30.0 2.742   1.  28.
 1 1971 150 19267.  22.0 30.0 2.742   1.   0.
 1 1971 151 19238.  22.0 30.0 2.742   1.   0.
 1 1971 152 19209.  22.0 30.0 2.742   1.   2.
 1 1971 153 19182.  22.0 30.0 2.742   1.   0.
 1 1971 154 19157.  22.0 30.0 2.742   1.   0.
 1 1971 155 19132.  22.0 30.0 2.742   1.   0.
 1 1971 156 19109.  22.0 30.0 2.742   1.   0.
 1 1971 157 19088.  22.0 30.0 2.742   1.   0.
 1 1971 158 19068.  22.0 30.0 2.742   1.   3.
 1 1971 159 19049.  22.0 30.0 2.742   1.  17.
 1 1971 160 19031.  22.0 30.0 2.742   1.  14.
 1 1971 161 19016.  22.0 30.0 2.742   1.   0.
 1 1971 162 19001.  22.0 30.0 2.742   1.   4.
 1 1971 163 18988.  22.0 30.0 2.742   1.   0.
 1 1971 164 18977.  22.0 30.0 2.742   1.   0.
 1 1971 165 18967.  22.0 30.0 2.742   1.  11.
 1 1971 166 18959.  22.0 30.0 2.742   1.  11.
 1 1971 167 18981.  22.0 30.0 2.742   1.   9.
 1 1971 168 19005.  22.0 30.0 2.742   1.   0.
 1 1971 169 19030.  22.0 30.0 2.742   1.   0.
 1 1971 170 19057.  22.0 30.0 2.742   1.   0.
 1 1971 171 19085.  22.0 30.0 2.742   1.   0.
 1 1971 172 19115.  22.0 30.0 2.742   1.   1.
 1 1971 173 19147.  22.0 30.0 2.742   1.   0.
 1 1971 174 19180.  22.0 30.0 2.742   1.   8.
 1 1971 175 19215.  22.0 30.0 2.742   1.  10.
 1 1971 176 19252.  22.0 30.0 2.742   1.  16.
 1 1971 177 19290.  22.0 30.0 2.742   1.   0.
 1 1971 178 19330.  22.0 30.0 2.742   1.   1.
 1 1971 179 19371.  22.0 30.0 2.742   1.   0.
 1 1971 180 19414.  22.0 30.0 2.742   1.   4.
 1 1971 181 19459.  22.0 30.0 2.742   1.   3.
 1 1971 182 19505.  22.0 30.0 2.742   1.   0.
 1 1971 183 19553.  22.0 30.0 2.742   1.   0.
 1 1971 184 19602.  22.0 30.0 2.742   1.  21.
 1 1971 185 19653.  22.0 30.0 2.742   1.  17.
 1 1971 186 19706.  22.0 30.0 2.742   1.   0.
 1 1971 187 19760.  22.0 30.0 2.742   1.   0.
 1 1971 188 19816.  22.0 30.0 2.742   1.   1.
 1 1971 189 19873.  22.0 30.0 2.742   1.   0.
 1 1971 190 19932.  22.0 30.0 2.742   1.   1.
 1 1971 191 19993.  22.0 30.0 2.742   1.   0.
 1 1971 192 20054.  22.0 30.0 2.742   1.   0.
 1 1971 193 20118.  22.0 30.0 2.742   1.   4.
 1 1971 194 20182.  22.0 30.0 2.742   1.   4.
 1 1971 195 20249.  22.0 30.0 2.742   1.   2.
 1 1971 196 20316.  22.0 30.0 2.742   1.  27.
 1 1971 197 20323.  22.0 30.0 2.742   1.  13.
 1 1971 198 20330.  22.0 30.0 2.742   1.  14.
 1 1971 199 20338.  22.0 30.0 2.742   1.   0.
 1 1971 200 20348.  22.0 30.0 2.742   1.   2.
 1 1971 201 20359.  22.0 30.0 2.742   1.   0.
 1 1971 202 20370.  22.0 30.0 2.742   1.   0.
 1 1971 203 20383.  22.0 30.0 2.742   1.   4.
 1 1971 204 20396.  22.0 30.0 2.742   1.   0.
 1 1971 205 20410.  22.0 30.0 2.742   1.  24.
 1 1971 206 20425.  22.0 30.0 2.742   1.   0.
 1 1971 207 20441.  22.0 30.0 2.742   1.  14.
 1 1971 208 20457.  22.0 30.0 2.742   1.   0.
 1 1971 209 20475.  22.0 30.0 2.742   1.   0.
 1 1971 210 20492.  22.0 30.0 2.742   1.   0.
 1 1971 211 20511.  22.0 30.0 2.742   1.   3.
 1 1971 212 20530.  22.0 30.0 2.742   1.   0.
 1 1971 213 20549.  22.0 30.0 2.742   1.   0.
 1 1971 214 20569.  22.0 30.0 2.742   1.   0.
 1 1971 215 20589.  22.0 30.0 2.742   1.   0.
 1 1971 216 20610.  22.0 30.0 2.742   1.   0.
 1 1971 217 20631.  22.0 30.0 2.742   1.  14.
 1 1971 218 20652.  22.0 30.0 2.742   1.  15.
 1 1971 219 20674.  22.0 30.0 2.742   1.   0.
 1 1971 220 20696.  22.0 30.0 2.742   1.   0.
 1 1971 221 20718.  22.0 30.0 2.742   1.   0.
 1 1971 222 20740.  22.0 30.0 2.742   1.   1.
 1 1971 223 20762.  22.0 30.0 2.742   1.   0.
 1 1971 224 20784.  22.0 30.0 2.742   1.   1.
 1 1971 225 20806.  22.0 30.0 2.742   1.   0.
 1 1971 226 20828.  22.0 30.0 2.742   1.   0.
 1 1971 227 20850.  22.0 30.0 2.742   1.   1.
 1 1971 228 20887.  22.0 30.0 2.742   1.   0.
 1 1971 229 20923.  22.0 30.0 2.742   1.   0.
 1 1971 230 20960.  22.0 30.0 2.742   1.   7.
 1 1971 231 20997.  22.0 30.0 2.742   1.   0.
 1 1971 232 21033.  22.0 30.0 2.742   1.   0.
 1 1971 233 21069.  22.0 30.0 2.742   1.   0.
 1 1971 234 21105.  22.0 30.0 2.742   1.   0.
 1 1971 235 21140.  22.0 30.0 2.742   1.   0.
 1 1971 236 21175.  22.0 30.0 2.742   1.   0.
 1 1971 237 21210.  22.0 30.0 2.742   1.  21.
 1 1971 238 21244.  22.0 30.0 2.742   1.  13.
 1 1971 239 21278.  22.0 30.0 2.742   1.   0.
 1 1971 240 21311.  22.0 30.0 2.742   1.   0.
 1 1971 241 21344.  22.0 30.0 2.742   1.   0.
 1 1971 242 21376.  22.0 30.0 2.742   1.   0.
 1 1971 243 21408.  22.0 30.0 2.742   1.   8.
 1 1971 244 21439.  22.0 30.0 2.742   1.   0.
 1 1971 245 21469.  22.0 30.0 2.742   1.  16.
 1 1971 246 21499.  22.0 30.0 2.742   1.  59.
 1 1971 247 21528.  22.0 30.0 2.742   1.   0.
 1 1971 248 21556.  22.0 30.0 2.742   1.   0.
 1 1971 249 21584.  22.0 30.0 2.742   1.  19.
 1 1971 250 21611.  22.0 30.0 2.742   1.   0.
 1 1971 251 21637.  22.0 30.0 2.742   1.   8.
 1 1971 252 21662.  22.0 30.0 2.742   1.   0.
 1 1971 253 21686.  22.0 30.0 2.742   1.   0.
 1 1971 254 21710.  22.0 30.0 2.742   1.  23.
 1 1971 255 21732.  22.0 30.0 2.742   1.   0.
 1 1971 256 21754.  22.0 30.0 2.742   1.   3.
 1 1971 257 21775.  22.0 30.0 2.742   1.   9.
 1 1971 258 21795.  22.0 30.0 2.742   1.   0.
 1 1971 259 21746.  22.0 30.0 2.742   1.   0.
 1 1971 260 21697.  22.0 30.0 2.742   1.  20.
 1 1971 261 21646.  22.0 30.0 2.742   1.   0.
 1 1971 262 21595.  22.0 30.0 2.742   1.   4.
 1 1971 263 21542.  22.0 30.0 2.742   1.  48.
 1 1971 264 21488.  22.0 30.0 2.742   1.  30.
 1 1971 265 21433.  22.0 30.0 2.742   1.   0.
 1 1971 266 21376.  22.0 30.0 2.742   1.   0.
 1 1971 267 21319.  22.0 30.0 2.742   1.   0.
 1 1971 268 21260.  22.0 30.0 2.742   1.   0.
 1 1971 269 21200.  22.0 30.0 2.742   1.   0.
 1 1971 270 21139.  22.0 30.0 2.742   1.  26.
 1 1971 271 21077.  22.0 30.0 2.742   1.  23.
 1 1971 272 21014.  22.0 30.0 2.742   1.   0.
 1 1971 273 20950.  22.0 30.0 2.742   1.  21.
 1 1971 274 20885.  22.0 30.0 2.742   1.   0.
 1 1971 275 20818.  22.0 30.0 2.742   1.  18.
 1 1971 276 20751.  22.0 30.0 2.742   1.   0.
 1 1971 277 20682.  22.0 30.0 2.742   1.   2.
 1 1971 278 20613.  22.0 30.0 2.742   1.  12.
 1 1971 279 20542.  22.0 30.0 2.742   1.   6.
 1 1971 280 20471.  22.0 30.0 2.742   1.   0.
 1 1971 281 20398.  22.0 30.0 2.742   1.   0.
 1 1971 282 20325.  22.0 30.0 2.742   1.   0.
 1 1971 283 20250.  22.0 30.0 2.742   1.   0.
 1 1971 284 20175.  22.0 30.0 2.742   1.   0.
 1 1971 285 20098.  22.0 30.0 2.742   1.  12.
 1 1971 286 20021.  22.0 30.0 2.742   1.   0.
 1 1971 287 19943.  22.0 30.0 2.742   1.   0.
 1 1971 288 19864.  22.0 30.0 2.742   1.   0.
 1 1971 289 19924.  22.0 30.0 2.742   1.   6.
 1 1971 290 19984.  22.0 30.0 2.742   1.   0.
 1 1971 291 20043.  22.0 30.0 2.742   1.   7.
 1 1971 292 20100.  22.0 30.0 2.742   1.   0.
 1 1971 293 20158.  22.0 30.0 2.742   1.   0.
 1 1971 294 20214.  22.0 30.0 2.742   1.   0.
 1 1971 295 20270.  22.0 30.0 2.742   1.   7.
 1 1971 296 20325.  22.0 30.0 2.742   1.   4.
 1 1971 297 20379.  22.0 30.0 2.742   1.   0.
 1 1971 298 20432.  22.0 30.0 2.742   1.   0.
 1 1971 299 20485.  22.0 30.0 2.742   1.  37.
 1 1971 300 20537.  22.0 30.0 2.742   1.   0.
 1 1971 301 20589.  22.0 30.0 2.742   1.   2.
 1 1971 302 20640.  22.0 30.0 2.742   1.  76.
 1 1971 303 20690.  22.0 30.0 2.742   1.   0.
 1 1971 304 20739.  22.0 30.0 2.742   1.   5.
 1 1971 305 20789.  22.0 30.0 2.742   1.   2.
 1 1971 306 20837.  22.0 30.0 2.742   1.   1.
 1 1971 307 20885.  22.0 30.0 2.742   1.  27.
 1 1971 308 20932.  22.0 30.0 2.742   1.  15.
 1 1971 309 20979.  22.0 30.0 2.742   1.  20.
 1 1971 310 21026.  22.0 30.0 2.742   1.   8.
 1 1971 311 21072.  22.0 30.0 2.742   1.   6.
 1 1971 312 21118.  22.0 30.0 2.742   1.   1.
 1 1971 313 21163.  22.0 30.0 2.742   1.   0.
 1 1971 314 21208.  22.0 30.0 2.742   1.  32.
 1 1971 315 21253.  22.0 30.0 2.742   1.   1.
 1 1971 316 21297.  22.0 30.0 2.742   1.  13.
 1 1971 317 21341.  22.0 30.0 2.742   1.   0.
 1 1971 318 21385.  22.0 30.0 2.742   1.  12.
 1 1971 319 21429.  22.0 30.0 2.742   1.   2.
 1 1971 320 21266.  22.0 30.0 2.742   1.   8.
 1 1971 321 21104.  22.0 30.0 2.742   1.  10.
 1 1971 322 20942.  22.0 30.0 2.742   1.   3.
 1 1971 323 20780.  22.0 30.0 2.742   1.   4.
 1 1971 324 20619.  22.0 30.0 2.742   1.   0.
 1 1971 325 20458.  22.0 30.0 2.742   1.   0.
 1 1971 326 20296.  22.0 30.0 2.742   1.  17.
 1 1971 327 20136.  22.0 30.0 2.742   1.   0.
 1 1971 328 19975.  22.0 30.0 2.742   1.   1.
 1 1971 329 19815.  22.0 30.0 2.742   1.   0.
 1 1971 330 19655.  22.0 30.0 2.742   1.   0.
 1 1971 331 19496.  22.0 30.0 2.742   1.  28.
 1 1971 332 19337.  22.0 30.0 2.742   1.   2.
 1 1971 333 19178.  22.0 30.0 2.742   1.  18.
 1 1971 334 19020.  22.0 30.0 2.742   1.   4.
 1 1971 335 18863.  22.0 30.0 2.742   1.   1.
 1 1971 336 18705.  22.0 30.0 2.742   1.  10.
 1 1971 337 18548.  22.0 30.0 2.742   1.   0.
 1 1971 338 18392.  22.0 30.0 2.742   1.  22.
 1 1971 339 18236.  22.0 30.0 2.742   1.   0.
 1 1971 340 18081.  22.0 30.0 2.742   1.  76.
 1 1971 341 17926.  22.0 30.0 2.742   1.  12.
 1 1971 342 17772.  22.0 30.0 2.742   1.   0.
 1 1971 343 17618.  22.0 30.0 2.742   1.  27.
 1 1971 344 17465.  22.0 30.0 2.742   1.  13.
 1 1971 345 17312.  22.0 30.0 2.742   1.  25.
 1 1971 346 17159.  22.0 30.0 2.742   1.   0.
 1 1971 347 17008.  22.0 30.0 2.742   1.  18.
 1 1971 348 16856.  22.0 30.0 2.742   1.  59.
 1 1971 349 16705.  22.0 30.0 2.742   1.  12.
 1 1971 350 16818.  22.0 30.0 2.742   1.   0.
 1 1971 351 16932.  22.0 30.0 2.742   1.  13.
 1 1971 352 17046.  22.0 30.0 2.742   1.  12.
 1 1971 353 17161.  22.0 30.0 2.742   1.   0.
 1 1971 354 17276.  22.0 30.0 2.742   1.   4.
 1 1971 355 17391.  22.0 30.0 2.742   1.   8.
 1 1971 356 17508.  22.0 30.0 2.742   1.  21.
 1 1971 357 17624.  22.0 30.0 2.742   1.   9.
 1 1971 358 17741.  22.0 30.0 2.742   1.  22.
 1 1971 359 17859.  22.0 30.0 2.742   1.  33.
 1 1971 360 17977.  22.0 30.0 2.742   1.   4.
 1 1971 361 18096.  22.0 30.0 2.742   1.  15.
 1 1971 362 18215.  22.0 30.0 2.742   1.  32.
 1 1971 363 18335.  22.0 30.0 2.742   1.   1.
 1 1971 364 18455.  22.0 30.0 2.742   1.  20.
 1 1971 365 18576.  22.0 30.0 2.742   1.   6.
