*-------------------------------------------------------------*
* Station name: Dami Oil Palm Research Station
* Year: 1984
* Author: W. Gerritsma
*
* Source: Annual report of PNG OPRA, 1982
*         N. A. Warringa, 1985. Report on Investigation 902
*
* Longitude: 150 E, latitude:-5 30 N, altitude: 5 m.
*
* Interpolated daily values
*
* Column  Daily value
* 1       station number
* 2       year
* 3       day
* 4       radiation
* 5       minimum temperature           (degrees Celsius)
* 6       maximum temperature           (degrees Celsius)
* 7       early morning vapour pressure (kPa)
* 8       mean wind speed (height: 2 m) (m s-1)
* 9       precipitation                 (mm d-1)
*-------------------------------------------------------------*
 150. -5.5  5.0  0.0  0.0
 1 1984   1 17584.  22.9 31.2 3.065  .305   12.
 1 1984   2 17900.  22.8 31.2 3.065  .305   22.
 1 1984   3 18218.  22.8 31.2 3.066  .306    0.
 1 1984   4 18535.  22.8 31.3 3.066  .306    0.
 1 1984   5 18854.  22.8 31.3 3.066  .306    0.
 1 1984   6 19173.  22.8 31.3 3.067  .307    0.
 1 1984   7 19494.  22.8 31.4 3.067  .307    0.
 1 1984   8 19814.  22.8 31.4 3.068  .308    0.
 1 1984   9 20136.  22.8 31.5 3.068  .308    0.
 1 1984  10 20458.  22.8 31.5 3.068  .308    4.
 1 1984  11 20781.  22.7 31.5 3.069  .309    0.
 1 1984  12 21105.  22.7 31.6 3.069  .309    0.
 1 1984  13 21430.  22.7 31.6 3.069  .309    0.
 1 1984  14 21755.  22.7 31.7 3.070  .310    0.
 1 1984  15 22081.  22.7 31.7 3.070  .310    2.
 1 1984  16 22045.  22.7 31.7 3.070  .310    3.
 1 1984  17 22009.  22.7 31.7 3.069  .310    5.
 1 1984  18 21973.  22.7 31.7 3.069  .310    0.
 1 1984  19 21937.  22.7 31.7 3.069  .310    1.
 1 1984  20 21901.  22.7 31.7 3.068  .310   14.
 1 1984  21 21865.  22.7 31.7 3.068  .310    7.
 1 1984  22 21830.  22.7 31.7 3.068  .310    0.
 1 1984  23 21794.  22.7 31.6 3.067  .310   68.
 1 1984  24 21757.  22.7 31.6 3.067  .310   25.
 1 1984  25 21721.  22.7 31.6 3.067  .310    0.
 1 1984  26 21685.  22.7 31.6 3.066  .310   20.
 1 1984  27 21648.  22.7 31.6 3.066  .310    0.
 1 1984  28 21611.  22.7 31.6 3.066  .310    4.
 1 1984  29 21574.  22.7 31.6 3.065  .310    0.
 1 1984  30 21536.  22.7 31.6 3.065  .310    0.
 1 1984  31 21499.  22.6 31.6 3.065  .310    8.
 1 1984  32 21460.  22.6 31.6 3.064  .310   14.
 1 1984  33 21422.  22.6 31.6 3.064  .310    0.
 1 1984  34 21383.  22.6 31.6 3.064  .310    1.
 1 1984  35 21343.  22.6 31.6 3.063  .310    0.
 1 1984  36 21303.  22.6 31.6 3.063  .310   50.
 1 1984  37 21263.  22.6 31.6 3.063  .310    2.
 1 1984  38 21222.  22.6 31.5 3.062  .310    0.
 1 1984  39 21180.  22.6 31.5 3.062  .310    7.
 1 1984  40 21138.  22.6 31.5 3.062  .310   19.
 1 1984  41 21095.  22.6 31.5 3.061  .310   19.
 1 1984  42 21051.  22.6 31.5 3.061  .310   17.
 1 1984  43 21007.  22.6 31.5 3.061  .310   11.
 1 1984  44 20962.  22.6 31.5 3.060  .310   23.
 1 1984  45 20917.  22.6 31.5 3.060  .310   10.
 1 1984  46 20825.  22.6 31.5 3.060  .310   19.
 1 1984  47 20732.  22.6 31.5 3.061  .310    0.
 1 1984  48 20638.  22.6 31.4 3.061  .310   11.
 1 1984  49 20544.  22.6 31.4 3.061  .310    0.
 1 1984  50 20449.  22.6 31.4 3.062  .310    0.
 1 1984  51 20352.  22.6 31.4 3.062  .310    0.
 1 1984  52 20255.  22.6 31.3 3.062  .310   34.
 1 1984  53 20158.  22.7 31.3 3.063  .310    0.
 1 1984  54 20059.  22.7 31.3 3.063  .310    0.
 1 1984  55 19959.  22.7 31.3 3.063  .310    0.
 1 1984  56 19859.  22.7 31.2 3.064  .310    0.
 1 1984  57 19758.  22.7 31.2 3.064  .310    3.
 1 1984  58 19656.  22.7 31.2 3.064  .310    1.
 1 1984  59 19553.  22.7 31.2 3.065  .310    0.
 1 1984  60 19449.  22.7 31.1 3.065  .310    0.
 1 1984  61 19344.  22.7 31.1 3.065  .310    2.
 1 1984  62 19239.  22.7 31.1 3.066  .310   51.
 1 1984  63 19132.  22.7 31.1 3.066  .310   32.
 1 1984  64 19025.  22.7 31.1 3.066  .310    0.
 1 1984  65 18917.  22.7 31.0 3.067  .310    4.
 1 1984  66 18808.  22.7 31.0 3.067  .310   11.
 1 1984  67 18698.  22.7 31.0 3.067  .310   23.
 1 1984  68 18587.  22.8 31.0 3.068  .310   21.
 1 1984  69 18476.  22.8 30.9 3.068  .310    5.
 1 1984  70 18363.  22.8 30.9 3.068  .310    2.
 1 1984  71 18250.  22.8 30.9 3.069  .310  124.
 1 1984  72 18137.  22.8 30.9 3.069  .310   23.
 1 1984  73 18022.  22.8 30.8 3.069  .310    7.
 1 1984  74 17907.  22.8 30.8 3.070  .310    0.
 1 1984  75 17791.  22.8 30.8 3.070  .310   25.
 1 1984  76 17776.  22.8 30.8 3.068  .310    8.
 1 1984  77 17761.  22.8 30.8 3.065  .310    2.
 1 1984  78 17744.  22.8 30.8 3.063  .310   49.
 1 1984  79 17727.  22.8 30.9 3.061  .310   13.
 1 1984  80 17709.  22.8 30.9 3.059  .310   56.
 1 1984  81 17690.  22.8 30.9 3.056  .310    8.
 1 1984  82 17671.  22.8 30.9 3.054  .310   40.
 1 1984  83 17650.  22.8 30.9 3.052  .310    0.
 1 1984  84 17628.  22.8 30.9 3.050  .310   14.
 1 1984  85 17606.  22.8 30.9 3.047  .310   43.
 1 1984  86 17583.  22.8 30.9 3.045  .310    0.
 1 1984  87 17559.  22.8 31.0 3.043  .310    0.
 1 1984  88 17535.  22.8 31.0 3.041  .310    0.
 1 1984  89 17509.  22.8 31.0 3.038  .310    1.
 1 1984  90 17483.  22.8 31.0 3.036  .310    1.
 1 1984  91 17456.  22.8 31.0 3.034  .310    0.
 1 1984  92 17428.  22.8 31.0 3.032  .310   45.
 1 1984  93 17400.  22.8 31.0 3.029  .310   19.
 1 1984  94 17371.  22.8 31.0 3.027  .310    1.
 1 1984  95 17341.  22.8 31.1 3.025  .310    0.
 1 1984  96 17311.  22.8 31.1 3.023  .310    1.
 1 1984  97 17279.  22.8 31.1 3.020  .310    6.
 1 1984  98 17248.  22.8 31.1 3.018  .310   12.
 1 1984  99 17215.  22.8 31.1 3.016  .310    0.
 1 1984 100 17183.  22.8 31.1 3.014  .310    0.
 1 1984 101 17149.  22.8 31.1 3.011  .310    1.
 1 1984 102 17115.  22.8 31.1 3.009  .310    6.
 1 1984 103 17081.  22.8 31.2 3.007  .310    0.
 1 1984 104 17046.  22.8 31.2 3.005  .310   88.
 1 1984 105 17010.  22.8 31.2 3.002  .310    0.
 1 1984 106 16974.  22.8 31.2 3.000  .310   25.
 1 1984 107 16944.  22.8 31.2 3.000  .312   14.
 1 1984 108 16913.  22.8 31.2 3.000  .315    1.
 1 1984 109 16881.  22.8 31.2 3.000  .317   20.
 1 1984 110 16849.  22.8 31.2 3.000  .319    1.
 1 1984 111 16817.  22.8 31.2 3.000  .322   35.
 1 1984 112 16785.  22.8 31.2 3.000  .324   12.
 1 1984 113 16752.  22.8 31.2 3.000  .326   30.
 1 1984 114 16719.  22.7 31.2 3.000  .329   23.
 1 1984 115 16686.  22.7 31.2 3.000  .331   15.
 1 1984 116 16653.  22.7 31.2 3.000  .333    1.
 1 1984 117 16619.  22.7 31.2 3.000  .336    0.
 1 1984 118 16586.  22.7 31.2 3.000  .338    1.
 1 1984 119 16552.  22.7 31.2 3.000  .340    0.
 1 1984 120 16519.  22.7 31.2 3.000  .343    0.
 1 1984 121 16485.  22.7 31.2 3.000  .345   17.
 1 1984 122 16451.  22.7 31.2 3.000  .347    0.
 1 1984 123 16418.  22.7 31.2 3.000  .350    2.
 1 1984 124 16384.  22.7 31.2 3.000  .352    0.
 1 1984 125 16351.  22.7 31.2 3.000  .354    2.
 1 1984 126 16318.  22.7 31.2 3.000  .357    7.
 1 1984 127 16285.  22.7 31.2 3.000  .359    3.
 1 1984 128 16252.  22.7 31.2 3.000  .361    4.
 1 1984 129 16219.  22.6 31.2 3.000  .364    1.
 1 1984 130 16187.  22.6 31.2 3.000  .366    0.
 1 1984 131 16155.  22.6 31.2 3.000  .368    3.
 1 1984 132 16124.  22.6 31.2 3.000  .371    2.
 1 1984 133 16093.  22.6 31.2 3.000  .373    0.
 1 1984 134 16062.  22.6 31.2 3.000  .375    0.
 1 1984 135 16032.  22.6 31.2 3.000  .378   27.
 1 1984 136 16002.  22.6 31.2 3.000  .380    0.
 1 1984 137 15958.  22.6 31.2 2.998  .383    0.
 1 1984 138 15914.  22.6 31.2 2.997  .386    1.
 1 1984 139 15872.  22.6 31.2 2.995  .390    3.
 1 1984 140 15829.  22.6 31.2 2.994  .393   11.
 1 1984 141 15788.  22.6 31.2 2.992  .396    1.
 1 1984 142 15747.  22.6 31.2 2.990  .399    0.
 1 1984 143 15708.  22.6 31.2 2.989  .403    7.
 1 1984 144 15669.  22.6 31.2 2.987  .406    0.
 1 1984 145 15630.  22.6 31.2 2.985  .409    2.
 1 1984 146 15593.  22.6 31.2 2.984  .412    0.
 1 1984 147 15557.  22.6 31.2 2.982  .415    0.
 1 1984 148 15521.  22.6 31.2 2.981  .419   44.
 1 1984 149 15487.  22.6 31.2 2.979  .422    2.
 1 1984 150 15453.  22.6 31.2 2.977  .425    1.
 1 1984 151 15421.  22.6 31.2 2.976  .428    0.
 1 1984 152 15389.  22.6 31.2 2.974  .432    1.
 1 1984 153 15359.  22.6 31.2 2.973  .435    8.
 1 1984 154 15330.  22.6 31.2 2.971  .438    6.
 1 1984 155 15301.  22.6 31.2 2.969  .441    8.
 1 1984 156 15274.  22.6 31.2 2.968  .445    1.
 1 1984 157 15248.  22.6 31.2 2.966  .448    1.
 1 1984 158 15223.  22.6 31.2 2.965  .451    2.
 1 1984 159 15200.  22.6 31.2 2.963  .454   11.
 1 1984 160 15177.  22.6 31.2 2.961  .457    5.
 1 1984 161 15156.  22.6 31.2 2.960  .461    0.
 1 1984 162 15136.  22.6 31.2 2.958  .464   42.
 1 1984 163 15117.  22.6 31.2 2.956  .467    6.
 1 1984 164 15100.  22.6 31.2 2.955  .470    0.
 1 1984 165 15083.  22.6 31.2 2.953  .474    7.
 1 1984 166 15068.  22.6 31.2 2.952  .477    0.
 1 1984 167 15054.  22.6 31.2 2.950  .480   14.
 1 1984 168 15027.  22.6 31.2 2.944  .499    0.
 1 1984 169 15001.  22.6 31.1 2.939  .519    0.
 1 1984 170 14977.  22.6 31.1 2.933  .538    2.
 1 1984 171 14954.  22.6 31.0 2.927  .557    0.
 1 1984 172 14932.  22.6 31.0 2.922  .577    0.
 1 1984 173 14911.  22.6 31.0 2.916  .596    0.
 1 1984 174 14891.  22.6 30.9 2.910  .615    8.
 1 1984 175 14873.  22.6 30.9 2.905  .635   17.
 1 1984 176 14856.  22.6 30.8 2.899  .654    0.
 1 1984 177 14841.  22.6 30.8 2.893  .673    0.
 1 1984 178 14826.  22.6 30.8 2.888  .693    9.
 1 1984 179 14813.  22.6 30.7 2.882  .712    1.
 1 1984 180 14801.  22.6 30.7 2.876  .731    1.
 1 1984 181 14791.  22.6 30.6 2.871  .751   10.
 1 1984 182 14781.  22.6 30.6 2.865  .770   60.
 1 1984 183 14773.  22.5 30.6 2.859  .789   19.
 1 1984 184 14766.  22.5 30.5 2.854  .809    0.
 1 1984 185 14760.  22.5 30.5 2.848  .828    0.
 1 1984 186 14755.  22.5 30.4 2.842  .847   17.
 1 1984 187 14751.  22.5 30.4 2.837  .867    8.
 1 1984 188 14748.  22.5 30.4 2.831  .886    0.
 1 1984 189 14747.  22.5 30.3 2.825  .905    4.
 1 1984 190 14746.  22.5 30.3 2.820  .925    0.
 1 1984 191 14747.  22.5 30.2 2.814  .944    8.
 1 1984 192 14748.  22.5 30.2 2.808  .963    0.
 1 1984 193 14751.  22.5 30.2 2.803  .983    2.
 1 1984 194 14754.  22.5 30.1 2.797 1.002    4.
 1 1984 195 14759.  22.5 30.1 2.791 1.021    9.
 1 1984 196 14764.  22.5 30.0 2.786 1.041    0.
 1 1984 197 14770.  22.5 30.0 2.780 1.060   17.
 1 1984 198 14896.  22.5 30.0 2.782 1.053    4.
 1 1984 199 15024.  22.5 30.1 2.783 1.046    0.
 1 1984 200 15152.  22.5 30.1 2.785 1.039    0.
 1 1984 201 15282.  22.5 30.2 2.786 1.032    0.
 1 1984 202 15413.  22.5 30.2 2.788 1.025    0.
 1 1984 203 15546.  22.5 30.3 2.790 1.017    0.
 1 1984 204 15679.  22.5 30.3 2.791 1.010    1.
 1 1984 205 15814.  22.5 30.4 2.793 1.003    9.
 1 1984 206 15950.  22.5 30.4 2.795  .996   17.
 1 1984 207 16086.  22.5 30.5 2.796  .989    0.
 1 1984 208 16224.  22.5 30.5 2.798  .982   50.
 1 1984 209 16363.  22.5 30.5 2.799  .975    5.
 1 1984 210 16504.  22.5 30.6 2.801  .968    0.
 1 1984 211 16645.  22.5 30.6 2.803  .961    3.
 1 1984 212 16787.  22.5 30.7 2.804  .954    2.
 1 1984 213 16930.  22.5 30.7 2.806  .946    6.
 1 1984 214 17074.  22.5 30.8 2.807  .939   10.
 1 1984 215 17219.  22.5 30.8 2.809  .932    0.
 1 1984 216 17365.  22.5 30.9 2.811  .925    0.
 1 1984 217 17512.  22.5 30.9 2.812  .918    0.
 1 1984 218 17659.  22.5 30.9 2.814  .911   19.
 1 1984 219 17808.  22.5 31.0 2.815  .904   19.
 1 1984 220 17957.  22.5 31.0 2.817  .897    0.
 1 1984 221 18107.  22.5 31.1 2.819  .890    0.
 1 1984 222 18258.  22.5 31.1 2.820  .883    4.
 1 1984 223 18409.  22.5 31.2 2.822  .875    0.
 1 1984 224 18561.  22.5 31.2 2.824  .868    0.
 1 1984 225 18714.  22.5 31.3 2.825  .861    0.
 1 1984 226 18867.  22.5 31.3 2.827  .854    0.
 1 1984 227 19020.  22.5 31.4 2.828  .847    9.
 1 1984 228 19175.  22.5 31.4 2.830  .840    2.
 1 1984 229 19182.  22.5 31.4 2.831  .839    0.
 1 1984 230 19189.  22.5 31.4 2.832  .837    0.
 1 1984 231 19196.  22.5 31.4 2.833  .836    0.
 1 1984 232 19203.  22.5 31.5 2.834  .835   10.
 1 1984 233 19209.  22.5 31.5 2.835  .834    0.
 1 1984 234 19215.  22.5 31.5 2.836  .832    9.
 1 1984 235 19221.  22.5 31.5 2.837  .831    0.
 1 1984 236 19226.  22.4 31.5 2.838  .830    0.
 1 1984 237 19230.  22.4 31.5 2.839  .828   16.
 1 1984 238 19234.  22.4 31.5 2.840  .827    0.
 1 1984 239 19238.  22.4 31.5 2.841  .826    4.
 1 1984 240 19241.  22.4 31.6 2.842  .825    0.
 1 1984 241 19243.  22.4 31.6 2.843  .823    0.
 1 1984 242 19245.  22.4 31.6 2.844  .822    0.
 1 1984 243 19246.  22.4 31.6 2.845  .821    3.
 1 1984 244 19247.  22.4 31.6 2.845  .819    0.
 1 1984 245 19247.  22.4 31.6 2.846  .818    0.
 1 1984 246 19246.  22.4 31.6 2.847  .817   14.
 1 1984 247 19244.  22.4 31.6 2.848  .815    0.
 1 1984 248 19242.  22.4 31.7 2.849  .814    1.
 1 1984 249 19238.  22.4 31.7 2.850  .813    6.
 1 1984 250 19235.  22.4 31.7 2.851  .812    0.
 1 1984 251 19230.  22.4 31.7 2.852  .810    1.
 1 1984 252 19224.  22.3 31.7 2.853  .809    0.
 1 1984 253 19218.  22.3 31.7 2.854  .808   26.
 1 1984 254 19211.  22.3 31.7 2.855  .806   10.
 1 1984 255 19202.  22.3 31.7 2.856  .805    0.
 1 1984 256 19193.  22.3 31.8 2.857  .804    0.
 1 1984 257 19184.  22.3 31.8 2.858  .803   11.
 1 1984 258 19173.  22.3 31.8 2.859  .801    0.
 1 1984 259 19161.  22.3 31.8 2.860  .800   15.
 1 1984 260 19253.  22.3 31.8 2.862  .794    1.
 1 1984 261 19344.  22.3 31.8 2.865  .788   30.
 1 1984 262 19434.  22.3 31.8 2.867  .782    0.
 1 1984 263 19524.  22.4 31.8 2.869  .776    5.
 1 1984 264 19613.  22.4 31.8 2.872  .770    0.
 1 1984 265 19702.  22.4 31.8 2.874  .764    8.
 1 1984 266 19789.  22.4 31.8 2.876  .758   12.
 1 1984 267 19876.  22.4 31.7 2.879  .752    0.
 1 1984 268 19962.  22.4 31.7 2.881  .746    0.
 1 1984 269 20047.  22.4 31.7 2.883  .740    0.
 1 1984 270 20132.  22.4 31.7 2.886  .734    0.
 1 1984 271 20215.  22.5 31.7 2.888  .728    7.
 1 1984 272 20298.  22.5 31.7 2.890  .722   29.
 1 1984 273 20380.  22.5 31.7 2.893  .716    0.
 1 1984 274 20461.  22.5 31.7 2.895  .710    1.
 1 1984 275 20542.  22.5 31.7 2.897  .704    3.
 1 1984 276 20621.  22.5 31.7 2.900  .698    4.
 1 1984 277 20699.  22.5 31.7 2.902  .692    0.
 1 1984 278 20777.  22.6 31.7 2.904  .686    0.
 1 1984 279 20854.  22.6 31.7 2.907  .680    0.
 1 1984 280 20930.  22.6 31.7 2.909  .674    7.
 1 1984 281 21005.  22.6 31.7 2.911  .668    0.
 1 1984 282 21079.  22.6 31.6 2.914  .662    0.
 1 1984 283 21152.  22.6 31.6 2.916  .656    7.
 1 1984 284 21225.  22.6 31.6 2.918  .650    0.
 1 1984 285 21296.  22.6 31.6 2.921  .644    1.
 1 1984 286 21367.  22.7 31.6 2.923  .638    0.
 1 1984 287 21436.  22.7 31.6 2.925  .632    3.
 1 1984 288 21505.  22.7 31.6 2.928  .626    0.
 1 1984 289 21573.  22.7 31.6 2.930  .620   17.
 1 1984 290 21567.  22.7 31.6 2.931  .614    0.
 1 1984 291 21559.  22.7 31.6 2.931  .608   27.
 1 1984 292 21551.  22.7 31.7 2.932  .603    2.
 1 1984 293 21542.  22.7 31.7 2.933  .597   13.
 1 1984 294 21533.  22.7 31.7 2.933  .591   18.
 1 1984 295 21522.  22.7 31.7 2.934  .585    0.
 1 1984 296 21511.  22.7 31.8 2.935  .579   28.
 1 1984 297 21499.  22.7 31.8 2.935  .574    0.
 1 1984 298 21486.  22.7 31.8 2.936  .568    0.
 1 1984 299 21473.  22.7 31.8 2.936  .562    0.
 1 1984 300 21459.  22.7 31.8 2.937  .556   25.
 1 1984 301 21444.  22.7 31.9 2.938  .550    0.
 1 1984 302 21429.  22.7 31.9 2.938  .545   35.
 1 1984 303 21413.  22.7 31.9 2.939  .539    2.
 1 1984 304 21397.  22.7 31.9 2.940  .533    0.
 1 1984 305 21380.  22.6 32.0 2.940  .527    7.
 1 1984 306 21362.  22.6 32.0 2.941  .521    1.
 1 1984 307 21344.  22.6 32.0 2.942  .515    0.
 1 1984 308 21326.  22.6 32.0 2.942  .510   20.
 1 1984 309 21307.  22.6 32.1 2.943  .504    2.
 1 1984 310 21288.  22.6 32.1 2.944  .498    0.
 1 1984 311 21269.  22.6 32.1 2.944  .492    0.
 1 1984 312 21249.  22.6 32.1 2.945  .486    0.
 1 1984 313 21228.  22.6 32.1 2.945  .481   23.
 1 1984 314 21208.  22.6 32.2 2.946  .475    7.
 1 1984 315 21187.  22.6 32.2 2.947  .469    0.
 1 1984 316 21166.  22.6 32.2 2.947  .463    0.
 1 1984 317 21145.  22.6 32.2 2.948  .457    0.
 1 1984 318 21124.  22.6 32.3 2.949  .452    0.
 1 1984 319 21103.  22.6 32.3 2.949  .446    0.
 1 1984 320 21081.  22.6 32.3 2.950  .440    3.
 1 1984 321 20813.  22.6 32.2 2.954  .435    5.
 1 1984 322 20544.  22.6 32.2 2.957  .431    2.
 1 1984 323 20277.  22.6 32.1 2.961  .426    0.
 1 1984 324 20009.  22.7 32.1 2.965  .421   81.
 1 1984 325 19742.  22.7 32.0 2.968  .417    0.
 1 1984 326 19475.  22.7 32.0 2.972  .412    0.
 1 1984 327 19209.  22.7 31.9 2.976  .407    0.
 1 1984 328 18943.  22.7 31.8 2.979  .403    0.
 1 1984 329 18677.  22.7 31.8 2.983  .398    1.
 1 1984 330 18412.  22.7 31.7 2.987  .393    0.
 1 1984 331 18148.  22.7 31.7 2.990  .389    0.
 1 1984 332 17884.  22.8 31.6 2.994  .384   21.
 1 1984 333 17620.  22.8 31.6 2.998  .379   67.
 1 1984 334 17357.  22.8 31.5 3.001  .375    0.
 1 1984 335 17094.  22.8 31.5 3.005  .370    0.
 1 1984 336 16832.  22.8 31.4 3.009  .365    0.
 1 1984 337 16571.  22.8 31.3 3.012  .361    0.
 1 1984 338 16310.  22.8 31.3 3.016  .356   49.
 1 1984 339 16050.  22.9 31.2 3.020  .351   18.
 1 1984 340 15790.  22.9 31.2 3.023  .347   16.
 1 1984 341 15530.  22.9 31.1 3.027  .342    3.
 1 1984 342 15271.  22.9 31.1 3.031  .337    5.
 1 1984 343 15013.  22.9 31.0 3.034  .333   41.
 1 1984 344 14755.  22.9 30.9 3.038  .328   44.
 1 1984 345 14498.  22.9 30.9 3.042  .323   11.
 1 1984 346 14241.  22.9 30.8 3.045  .319   11.
 1 1984 347 13984.  23.0 30.8 3.049  .314   15.
 1 1984 348 13728.  23.0 30.7 3.053  .309    1.
 1 1984 349 13472.  23.0 30.7 3.056  .305   14.
 1 1984 350 13217.  23.0 30.6 3.060  .300   29.
 1 1984 351 13486.  23.0 30.6 3.060  .300    2.
 1 1984 352 13756.  23.0 30.7 3.061  .301   20.
 1 1984 353 14027.  23.0 30.7 3.061  .301   58.
 1 1984 354 14297.  23.0 30.7 3.061  .301   29.
 1 1984 355 14568.  23.0 30.8 3.062  .302    9.
 1 1984 356 14840.  22.9 30.8 3.062  .302   21.
 1 1984 357 15112.  22.9 30.8 3.062  .302   34.
 1 1984 358 15384.  22.9 30.9 3.063  .303    0.
 1 1984 359 15657.  22.9 30.9 3.063  .303   81.
 1 1984 360 15930.  22.9 30.9 3.063  .303   36.
 1 1984 361 16205.  22.9 31.0 3.063  .303    0.
 1 1984 362 16479.  22.9 31.0 3.064  .304    1.
 1 1984 363 16754.  22.9 31.0 3.064  .304    2.
 1 1984 364 17030.  22.9 31.1 3.064  .304    2.
 1 1984 365 17307.  22.9 31.1 3.065  .305    8.
 1 1984 366 17584.  22.9 31.2 3.065  .305   14.
