*-------------------------------------------------------------*
* Station name: Dami Oil Palm Research Station
* Year: 1988
* Author: W. Gerritsma
* Source: Annual report of PNG OPRA 1988
*
* Longitude: 5 40 E, latitude:-5 30 N, altitude: 5 m.
*
* Interpolated daily values
*
* Column  Daily value
* 1       station number
* 2       year
* 3       day
* 4       radiation
* 5       minimum temperature           (degrees Celsius) (ESTIMATED)
* 6       maximum temperature           (degrees Celsius) (ESTIMATED)
* 7       early morning vapour pressure (kPa)
* 8       mean wind speed (height: 2 m) (m s-1)
* 9       precipitation                 (mm d-1)
*-------------------------------------------------------------*
 150 -5.5  5.0  0.0  0.0
 1 1988    1 18050.  22.0 30.0 2.742  .689    7.
 1 1988    2 17946.  22.0 30.0 2.742  .689    1.
 1 1988    3 17841.  22.0 30.0 2.742  .689    1.
 1 1988    4 17737.  22.0 30.0 2.742  .689    5.
 1 1988    5 17633.  22.0 30.0 2.742  .689    0.
 1 1988    6 17530.  22.0 30.0 2.742  .689    0.
 1 1988    7 17426.  22.0 30.0 2.742  .689    7.
 1 1988    8 17323.  22.0 30.0 2.742  .689    0.
 1 1988    9 17220.  22.0 30.0 2.742  .689   27.
 1 1988   10 17117.  22.0 30.0 2.742  .689  111.
 1 1988   11 17014.  22.0 30.0 2.742  .689   57.
 1 1988   12 16912.  22.0 30.0 2.742  .689    9.
 1 1988   13 16809.  22.0 30.0 2.742  .689   30.
 1 1988   14 16706.  22.0 30.0 2.742  .689   29.
 1 1988   15 16604.  22.0 30.0 2.742  .689   10.
 1 1988   16 16651.  22.0 30.0 2.742  .689   46.
 1 1988   17 16698.  22.0 30.0 2.742  .689    0.
 1 1988   18 16746.  22.0 30.0 2.742  .689    5.
 1 1988   19 16794.  22.0 30.0 2.742  .689    0.
 1 1988   20 16842.  22.0 30.0 2.742  .689  175.
 1 1988   21 16889.  22.0 30.0 2.742  .689  205.
 1 1988   22 16937.  22.0 30.0 2.742  .689   26.
 1 1988   23 16985.  22.0 30.0 2.742  .689   12.
 1 1988   24 17033.  22.0 30.0 2.742  .689   20.
 1 1988   25 17081.  22.0 30.0 2.742  .689    6.
 1 1988   26 17129.  22.0 30.0 2.742  .689    6.
 1 1988   27 17177.  22.0 30.0 2.742  .689   52.
 1 1988   28 17225.  22.0 30.0 2.742  .689    3.
 1 1988   29 17273.  22.0 30.0 2.742  .689    1.
 1 1988   30 17321.  22.0 30.0 2.742  .689    1.
 1 1988   31 17368.  22.0 30.0 2.742  .689    2.
 1 1988   32 17415.  22.0 30.0 2.742  .689   29.
 1 1988   33 17462.  22.0 30.0 2.742  .689   34.
 1 1988   34 17509.  22.0 30.0 2.742  .689    0.
 1 1988   35 17555.  22.0 30.0 2.742  .689    0.
 1 1988   36 17602.  22.0 30.0 2.742  .689  103.
 1 1988   37 17647.  22.0 30.0 2.742  .689   10.
 1 1988   38 17693.  22.0 30.0 2.742  .689    0.
 1 1988   39 17738.  22.0 30.0 2.742  .689    0.
 1 1988   40 17783.  22.0 30.0 2.742  .689   30.
 1 1988   41 17827.  22.0 30.0 2.742  .689    0.
 1 1988   42 17871.  22.0 30.0 2.742  .689  130.
 1 1988   43 17914.  22.0 30.0 2.742  .689    0.
 1 1988   44 17957.  22.0 30.0 2.742  .689   61.
 1 1988   45 17999.  22.0 30.0 2.742  .689   23.
 1 1988   46 17980.  22.0 30.0 2.742  .689   30.
 1 1988   47 17961.  22.0 30.0 2.742  .689  196.
 1 1988   48 17941.  22.0 30.0 2.742  .689   52.
 1 1988   49 17920.  22.0 30.0 2.742  .689    0.
 1 1988   50 17898.  22.0 30.0 2.742  .689   11.
 1 1988   51 17876.  22.0 30.0 2.742  .689    7.
 1 1988   52 17853.  22.0 30.0 2.742  .689    5.
 1 1988   53 17829.  22.0 30.0 2.742  .689    4.
 1 1988   54 17805.  22.0 30.0 2.742  .689   12.
 1 1988   55 17780.  22.0 30.0 2.742  .689    0.
 1 1988   56 17754.  22.0 30.0 2.742  .689  226.
 1 1988   57 17727.  22.0 30.0 2.742  .689    7.
 1 1988   58 17699.  22.0 30.0 2.742  .689   22.
 1 1988   59 17671.  22.0 30.0 2.742  .689   15.
 1 1988   60 17642.  22.0 30.0 2.742  .689    0.
 1 1988   61 17612.  22.0 30.0 2.742  .689   24.
 1 1988   62 17582.  22.0 30.0 2.742  .689    0.
 1 1988   63 17550.  22.0 30.0 2.742  .689    1.
 1 1988   64 17518.  22.0 30.0 2.742  .689   11.
 1 1988   65 17484.  22.0 30.0 2.742  .689   22.
 1 1988   66 17450.  22.0 30.0 2.742  .689    0.
 1 1988   67 17416.  22.0 30.0 2.742  .689   19.
 1 1988   68 17380.  22.0 30.0 2.742  .689   20.
 1 1988   69 17344.  22.0 30.0 2.742  .689   46.
 1 1988   70 17306.  22.0 30.0 2.742  .689   27.
 1 1988   71 17268.  22.0 30.0 2.742  .689    6.
 1 1988   72 17229.  22.0 30.0 2.742  .689    0.
 1 1988   73 17189.  22.0 30.0 2.742  .689    9.
 1 1988   74 17149.  22.0 30.0 2.742  .689    0.
 1 1988   75 17107.  22.0 30.0 2.742  .689    0.
 1 1988   76 17142.  22.0 30.0 2.742  .689   31.
 1 1988   77 17177.  22.0 30.0 2.742  .689    0.
 1 1988   78 17210.  22.0 30.0 2.742  .689    0.
 1 1988   79 17242.  22.0 30.0 2.742  .689    2.
 1 1988   80 17273.  22.0 30.0 2.742  .689    0.
 1 1988   81 17304.  22.0 30.0 2.742  .689    3.
 1 1988   82 17333.  22.0 30.0 2.742  .689    6.
 1 1988   83 17361.  22.0 30.0 2.742  .689    2.
 1 1988   84 17389.  22.0 30.0 2.742  .689    0.
 1 1988   85 17416.  22.0 30.0 2.742  .689    0.
 1 1988   86 17441.  22.0 30.0 2.742  .689    0.
 1 1988   87 17466.  22.0 30.0 2.742  .689    0.
 1 1988   88 17490.  22.0 30.0 2.742  .689    0.
 1 1988   89 17512.  22.0 30.0 2.742  .689    0.
 1 1988   90 17534.  22.0 30.0 2.742  .689   24.
 1 1988   91 17555.  22.0 30.0 2.742  .689    0.
 1 1988   92 17575.  22.0 30.0 2.742  .689    0.
 1 1988   93 17595.  22.0 30.0 2.742  .689    0.
 1 1988   94 17613.  22.0 30.0 2.742  .689   24.
 1 1988   95 17631.  22.0 30.0 2.742  .689    0.
 1 1988   96 17647.  22.0 30.0 2.742  .689   60.
 1 1988   97 17663.  22.0 30.0 2.742  .689   40.
 1 1988   98 17678.  22.0 30.0 2.742  .689   10.
 1 1988   99 17692.  22.0 30.0 2.742  .689   62.
 1 1988  100 17706.  22.0 30.0 2.742  .689    1.
 1 1988  101 17719.  22.0 30.0 2.742  .689    0.
 1 1988  102 17730.  22.0 30.0 2.742  .689    0.
 1 1988  103 17742.  22.0 30.0 2.742  .689    0.
 1 1988  104 17752.  22.0 30.0 2.742  .689   13.
 1 1988  105 17762.  22.0 30.0 2.742  .689   10.
 1 1988  106 17771.  22.0 30.0 2.742  .689    2.
 1 1988  107 17750.  22.0 30.0 2.742  .689    5.
 1 1988  108 17728.  22.0 30.0 2.742  .689   91.
 1 1988  109 17705.  22.0 30.0 2.742  .689   13.
 1 1988  110 17682.  22.0 30.0 2.742  .689    7.
 1 1988  111 17659.  22.0 30.0 2.742  .689   10.
 1 1988  112 17635.  22.0 30.0 2.742  .689    0.
 1 1988  113 17611.  22.0 30.0 2.742  .689    0.
 1 1988  114 17587.  22.0 30.0 2.742  .689    1.
 1 1988  115 17562.  22.0 30.0 2.742  .689    6.
 1 1988  116 17537.  22.0 30.0 2.742  .689    0.
 1 1988  117 17512.  22.0 30.0 2.742  .689    0.
 1 1988  118 17487.  22.0 30.0 2.742  .689   19.
 1 1988  119 17462.  22.0 30.0 2.742  .689   23.
 1 1988  120 17436.  22.0 30.0 2.742  .689    0.
 1 1988  121 17411.  22.0 30.0 2.742  .689   16.
 1 1988  122 17385.  22.0 30.0 2.742  .689   62.
 1 1988  123 17360.  22.0 30.0 2.742  .689    0.
 1 1988  124 17335.  22.0 30.0 2.742  .689    0.
 1 1988  125 17309.  22.0 30.0 2.742  .689    3.
 1 1988  126 17284.  22.0 30.0 2.742  .689    0.
 1 1988  127 17259.  22.0 30.0 2.742  .689    0.
 1 1988  128 17234.  22.0 30.0 2.742  .689    0.
 1 1988  129 17209.  22.0 30.0 2.742  .689   10.
 1 1988  130 17185.  22.0 30.0 2.742  .689    0.
 1 1988  131 17161.  22.0 30.0 2.742  .689   26.
 1 1988  132 17137.  22.0 30.0 2.742  .689   10.
 1 1988  133 17114.  22.0 30.0 2.742  .689   32.
 1 1988  134 17091.  22.0 30.0 2.742  .689    2.
 1 1988  135 17068.  22.0 30.0 2.742  .689   18.
 1 1988  136 17046.  22.0 30.0 2.742  .689    2.
 1 1988  137 17004.  22.0 30.0 2.742  .689    0.
 1 1988  138 16962.  22.0 30.0 2.742  .689   78.
 1 1988  139 16920.  22.0 30.0 2.742  .689   15.
 1 1988  140 16880.  22.0 30.0 2.742  .689   26.
 1 1988  141 16840.  22.0 30.0 2.742  .689    0.
 1 1988  142 16801.  22.0 30.0 2.742  .689    4.
 1 1988  143 16763.  22.0 30.0 2.742  .689    0.
 1 1988  144 16725.  22.0 30.0 2.742  .689    0.
 1 1988  145 16689.  22.0 30.0 2.742  .689    0.
 1 1988  146 16653.  22.0 30.0 2.742  .689    0.
 1 1988  147 16619.  22.0 30.0 2.742  .689    1.
 1 1988  148 16585.  22.0 30.0 2.742  .689    0.
 1 1988  149 16553.  22.0 30.0 2.742  .689   22.
 1 1988  150 16521.  22.0 30.0 2.742  .689    0.
 1 1988  151 16491.  22.0 30.0 2.742  .689    2.
 1 1988  152 16461.  22.0 30.0 2.742  .689    0.
 1 1988  153 16433.  22.0 30.0 2.742  .689    0.
 1 1988  154 16406.  22.0 30.0 2.742  .689    9.
 1 1988  155 16380.  22.0 30.0 2.742  .689    0.
 1 1988  156 16355.  22.0 30.0 2.742  .689    0.
 1 1988  157 16331.  22.0 30.0 2.742  .689    1.
 1 1988  158 16309.  22.0 30.0 2.742  .689    6.
 1 1988  159 16288.  22.0 30.0 2.742  .689    0.
 1 1988  160 16268.  22.0 30.0 2.742  .689    0.
 1 1988  161 16249.  22.0 30.0 2.742  .689    0.
 1 1988  162 16232.  22.0 30.0 2.742  .689    6.
 1 1988  163 16215.  22.0 30.0 2.742  .689   11.
 1 1988  164 16201.  22.0 30.0 2.742  .689    0.
 1 1988  165 16187.  22.0 30.0 2.742  .689   22.
 1 1988  166 16175.  22.0 30.0 2.742  .689    0.
 1 1988  167 16164.  22.0 30.0 2.742  .689    0.
 1 1988  168 16133.  22.0 30.0 2.742  .689    0.
 1 1988  169 16104.  22.0 30.0 2.742  .689   13.
 1 1988  170 16075.  22.0 30.0 2.742  .689    0.
 1 1988  171 16049.  22.0 30.0 2.742  .689    5.
 1 1988  172 16023.  22.0 30.0 2.742  .689    0.
 1 1988  173 15999.  22.0 30.0 2.742  .689   16.
 1 1988  174 15976.  22.0 30.0 2.742  .689    0.
 1 1988  175 15955.  22.0 30.0 2.742  .689   14.
 1 1988  176 15935.  22.0 30.0 2.742  .689    0.
 1 1988  177 15916.  22.0 30.0 2.742  .689    2.
 1 1988  178 15898.  22.0 30.0 2.742  .689    0.
 1 1988  179 15882.  22.0 30.0 2.742  .689    0.
 1 1988  180 15868.  22.0 30.0 2.742  .689    5.
 1 1988  181 15854.  22.0 30.0 2.742  .689    5.
 1 1988  182 15842.  22.0 30.0 2.742  .689   19.
 1 1988  183 15831.  22.0 30.0 2.742  .689    0.
 1 1988  184 15821.  22.0 30.0 2.742  .689    0.
 1 1988  185 15813.  22.0 30.0 2.742  .689    1.
 1 1988  186 15805.  22.0 30.0 2.742  .689    0.
 1 1988  187 15799.  22.0 30.0 2.742  .689    8.
 1 1988  188 15794.  22.0 30.0 2.742  .689    0.
 1 1988  189 15791.  22.0 30.0 2.742  .689    0.
 1 1988  190 15788.  22.0 30.0 2.742  .689    2.
 1 1988  191 15786.  22.0 30.0 2.742  .689    3.
 1 1988  192 15786.  22.0 30.0 2.742  .689    0.
 1 1988  193 15786.  22.0 30.0 2.742  .689    8.
 1 1988  194 15788.  22.0 30.0 2.742  .689    1.
 1 1988  195 15790.  22.0 30.0 2.742  .689    0.
 1 1988  196 15794.  22.0 30.0 2.742  .689   12.
 1 1988  197 15798.  22.0 30.0 2.742  .689   19.
 1 1988  198 15869.  22.0 30.0 2.742  .689   19.
 1 1988  199 15940.  22.0 30.0 2.742  .689    0.
 1 1988  200 16013.  22.0 30.0 2.742  .689    0.
 1 1988  201 16087.  22.0 30.0 2.742  .689    6.
 1 1988  202 16162.  22.0 30.0 2.742  .689    0.
 1 1988  203 16237.  22.0 30.0 2.742  .689   36.
 1 1988  204 16314.  22.0 30.0 2.742  .689  115.
 1 1988  205 16392.  22.0 30.0 2.742  .689   31.
 1 1988  206 16470.  22.0 30.0 2.742  .689    0.
 1 1988  207 16550.  22.0 30.0 2.742  .689    6.
 1 1988  208 16630.  22.0 30.0 2.742  .689   24.
 1 1988  209 16712.  22.0 30.0 2.742  .689   13.
 1 1988  210 16794.  22.0 30.0 2.742  .689   12.
 1 1988  211 16876.  22.0 30.0 2.742  .689   15.
 1 1988  212 16960.  22.0 30.0 2.742  .689   21.
 1 1988  213 17044.  22.0 30.0 2.742  .689    0.
 1 1988  214 17129.  22.0 30.0 2.742  .689   17.
 1 1988  215 17215.  22.0 30.0 2.742  .689    0.
 1 1988  216 17301.  22.0 30.0 2.742  .689    0.
 1 1988  217 17388.  22.0 30.0 2.742  .689    0.
 1 1988  218 17476.  22.0 30.0 2.742  .689    4.
 1 1988  219 17564.  22.0 30.0 2.742  .689    0.
 1 1988  220 17652.  22.0 30.0 2.742  .689   11.
 1 1988  221 17741.  22.0 30.0 2.742  .689   55.
 1 1988  222 17831.  22.0 30.0 2.742  .689   25.
 1 1988  223 17920.  22.0 30.0 2.742  .689   12.
 1 1988  224 18011.  22.0 30.0 2.742  .689   23.
 1 1988  225 18101.  22.0 30.0 2.742  .689   61.
 1 1988  226 18192.  22.0 30.0 2.742  .689   45.
 1 1988  227 18283.  22.0 30.0 2.742  .689    0.
 1 1988  228 18374.  22.0 30.0 2.742  .689    3.
 1 1988  229 18430.  22.0 30.0 2.742  .689    0.
 1 1988  230 18486.  22.0 30.0 2.742  .689    2.
 1 1988  231 18542.  22.0 30.0 2.742  .689   30.
 1 1988  232 18597.  22.0 30.0 2.742  .689    4.
 1 1988  233 18653.  22.0 30.0 2.742  .689    0.
 1 1988  234 18709.  22.0 30.0 2.742  .689   40.
 1 1988  235 18764.  22.0 30.0 2.742  .689    0.
 1 1988  236 18819.  22.0 30.0 2.742  .689    0.
 1 1988  237 18874.  22.0 30.0 2.742  .689   44.
 1 1988  238 18928.  22.0 30.0 2.742  .689    0.
 1 1988  239 18983.  22.0 30.0 2.742  .689   23.
 1 1988  240 19037.  22.0 30.0 2.742  .689    0.
 1 1988  241 19090.  22.0 30.0 2.742  .689    0.
 1 1988  242 19143.  22.0 30.0 2.742  .689    0.
 1 1988  243 19196.  22.0 30.0 2.742  .689    2.
 1 1988  244 19248.  22.0 30.0 2.742  .689   17.
 1 1988  245 19300.  22.0 30.0 2.742  .689    0.
 1 1988  246 19352.  22.0 30.0 2.742  .689    7.
 1 1988  247 19402.  22.0 30.0 2.742  .689    3.
 1 1988  248 19453.  22.0 30.0 2.742  .689    0.
 1 1988  249 19502.  22.0 30.0 2.742  .689    0.
 1 1988  250 19551.  22.0 30.0 2.742  .689    0.
 1 1988  251 19600.  22.0 30.0 2.742  .689    3.
 1 1988  252 19647.  22.0 30.0 2.742  .689    0.
 1 1988  253 19694.  22.0 30.0 2.742  .689    3.
 1 1988  254 19741.  22.0 30.0 2.742  .689    0.
 1 1988  255 19787.  22.0 30.0 2.742  .689    4.
 1 1988  256 19831.  22.0 30.0 2.742  .689    0.
 1 1988  257 19876.  22.0 30.0 2.742  .689    0.
 1 1988  258 19919.  22.0 30.0 2.742  .689    0.
 1 1988  259 19962.  22.0 30.0 2.742  .689    9.
 1 1988  260 19981.  22.0 30.0 2.742  .689    0.
 1 1988  261 19998.  22.0 30.0 2.742  .689    0.
 1 1988  262 20016.  22.0 30.0 2.742  .689    0.
 1 1988  263 20032.  22.0 30.0 2.742  .689    2.
 1 1988  264 20047.  22.0 30.0 2.742  .689    9.
 1 1988  265 20061.  22.0 30.0 2.742  .689    0.
 1 1988  266 20075.  22.0 30.0 2.742  .689    6.
 1 1988  267 20087.  22.0 30.0 2.742  .689    2.
 1 1988  268 20099.  22.0 30.0 2.742  .689   17.
 1 1988  269 20109.  22.0 30.0 2.742  .689    0.
 1 1988  270 20119.  22.0 30.0 2.742  .689    0.
 1 1988  271 20127.  22.0 30.0 2.742  .689   34.
 1 1988  272 20135.  22.0 30.0 2.742  .689   40.
 1 1988  273 20142.  22.0 30.0 2.742  .689    1.
 1 1988  274 20148.  22.0 30.0 2.742  .689   42.
 1 1988  275 20153.  22.0 30.0 2.742  .689    0.
 1 1988  276 20157.  22.0 30.0 2.742  .689    0.
 1 1988  277 20160.  22.0 30.0 2.742  .689   71.
 1 1988  278 20162.  22.0 30.0 2.742  .689    0.
 1 1988  279 20163.  22.0 30.0 2.742  .689    0.
 1 1988  280 20163.  22.0 30.0 2.742  .689    2.
 1 1988  281 20162.  22.0 30.0 2.742  .689    0.
 1 1988  282 20161.  22.0 30.0 2.742  .689   27.
 1 1988  283 20158.  22.0 30.0 2.742  .689   15.
 1 1988  284 20155.  22.0 30.0 2.742  .689    0.
 1 1988  285 20151.  22.0 30.0 2.742  .689    0.
 1 1988  286 20145.  22.0 30.0 2.742  .689   24.
 1 1988  287 20139.  22.0 30.0 2.742  .689    0.
 1 1988  288 20133.  22.0 30.0 2.742  .689    0.
 1 1988  289 20125.  22.0 30.0 2.742  .689   24.
 1 1988  290 20133.  22.0 30.0 2.742  .689   15.
 1 1988  291 20140.  22.0 30.0 2.742  .689    4.
 1 1988  292 20146.  22.0 30.0 2.742  .689    0.
 1 1988  293 20152.  22.0 30.0 2.742  .689   74.
 1 1988  294 20156.  22.0 30.0 2.742  .689    0.
 1 1988  295 20160.  22.0 30.0 2.742  .689    0.
 1 1988  296 20164.  22.0 30.0 2.742  .689    0.
 1 1988  297 20166.  22.0 30.0 2.742  .689   17.
 1 1988  298 20168.  22.0 30.0 2.742  .689   27.
 1 1988  299 20170.  22.0 30.0 2.742  .689    2.
 1 1988  300 20170.  22.0 30.0 2.742  .689   56.
 1 1988  301 20170.  22.0 30.0 2.742  .689    0.
 1 1988  302 20170.  22.0 30.0 2.742  .689   50.
 1 1988  303 20169.  22.0 30.0 2.742  .689   10.
 1 1988  304 20167.  22.0 30.0 2.742  .689   19.
 1 1988  305 20165.  22.0 30.0 2.742  .689    5.
 1 1988  306 20162.  22.0 30.0 2.742  .689   38.
 1 1988  307 20159.  22.0 30.0 2.742  .689    6.
 1 1988  308 20156.  22.0 30.0 2.742  .689   19.
 1 1988  309 20152.  22.0 30.0 2.742  .689    0.
 1 1988  310 20147.  22.0 30.0 2.742  .689    4.
 1 1988  311 20142.  22.0 30.0 2.742  .689    1.
 1 1988  312 20137.  22.0 30.0 2.742  .689   14.
 1 1988  313 20132.  22.0 30.0 2.742  .689    0.
 1 1988  314 20126.  22.0 30.0 2.742  .689    0.
 1 1988  315 20121.  22.0 30.0 2.742  .689    2.
 1 1988  316 20114.  22.0 30.0 2.742  .689    5.
 1 1988  317 20108.  22.0 30.0 2.742  .689    0.
 1 1988  318 20102.  22.0 30.0 2.742  .689    0.
 1 1988  319 20095.  22.0 30.0 2.742  .689    2.
 1 1988  320 20088.  22.0 30.0 2.742  .689   19.
 1 1988  321 20068.  22.0 30.0 2.742  .689    2.
 1 1988  322 20047.  22.0 30.0 2.742  .689    5.
 1 1988  323 20026.  22.0 30.0 2.742  .689    1.
 1 1988  324 20006.  22.0 30.0 2.742  .689    0.
 1 1988  325 19985.  22.0 30.0 2.742  .689   29.
 1 1988  326 19965.  22.0 30.0 2.742  .689   10.
 1 1988  327 19944.  22.0 30.0 2.742  .689   44.
 1 1988  328 19924.  22.0 30.0 2.742  .689   23.
 1 1988  329 19904.  22.0 30.0 2.742  .689    0.
 1 1988  330 19884.  22.0 30.0 2.742  .689    0.
 1 1988  331 19864.  22.0 30.0 2.742  .689    0.
 1 1988  332 19845.  22.0 30.0 2.742  .689    8.
 1 1988  333 19826.  22.0 30.0 2.742  .689   36.
 1 1988  334 19807.  22.0 30.0 2.742  .689    7.
 1 1988  335 19788.  22.0 30.0 2.742  .689    0.
 1 1988  336 19770.  22.0 30.0 2.742  .689   43.
 1 1988  337 19752.  22.0 30.0 2.742  .689    0.
 1 1988  338 19735.  22.0 30.0 2.742  .689    4.
 1 1988  339 19718.  22.0 30.0 2.742  .689    6.
 1 1988  340 19701.  22.0 30.0 2.742  .689    0.
 1 1988  341 19685.  22.0 30.0 2.742  .689    0.
 1 1988  342 19669.  22.0 30.0 2.742  .689    0.
 1 1988  343 19654.  22.0 30.0 2.742  .689    0.
 1 1988  344 19639.  22.0 30.0 2.742  .689    1.
 1 1988  345 19625.  22.0 30.0 2.742  .689   25.
 1 1988  346 19611.  22.0 30.0 2.742  .689   20.
 1 1988  347 19597.  22.0 30.0 2.742  .689    0.
 1 1988  348 19585.  22.0 30.0 2.742  .689    0.
 1 1988  349 19572.  22.0 30.0 2.742  .689    1.
 1 1988  350 19561.  22.0 30.0 2.742  .689    1.
 1 1988  351 19462.  22.0 30.0 2.742  .689    1.
 1 1988  352 19365.  22.0 30.0 2.742  .689    1.
 1 1988  353 19268.  22.0 30.0 2.742  .689    0.
 1 1988  354 19171.  22.0 30.0 2.742  .689   36.
 1 1988  355 19075.  22.0 30.0 2.742  .689    0.
 1 1988  356 18980.  22.0 30.0 2.742  .689   11.
 1 1988  357 18885.  22.0 30.0 2.742  .689    0.
 1 1988  358 18790.  22.0 30.0 2.742  .689   17.
 1 1988  359 18696.  22.0 30.0 2.742  .689    4.
 1 1988  360 18603.  22.0 30.0 2.742  .689   70.
 1 1988  361 18509.  22.0 30.0 2.742  .689    0.
 1 1988  362 18417.  22.0 30.0 2.742  .689    0.
 1 1988  363 18325.  22.0 30.0 2.742  .689    0.
 1 1988  364 18233.  22.0 30.0 2.742  .689    5.
 1 1988  365 18141.  22.0 30.0 2.742  .689   20.
 1 1988  366 18050.  22.0 30.0 2.742  .689    8.
