*-------------------------------------------------------------*
* Station name: Dami Oil Palm Research Station, W.N.B., P.N.G.
* Year: 1974
* Author: W. Gerritsma
* Source: C.J. Breure, 1978. Dami O.P.R.S. March 1971-March 1977  
*
* Longitude: 150 E, latitude:-5 30 N, altitude: 5 m.
*
* Interpolated values
*
* Column  Daily value
* 1       station number
* 2       year
* 3       day
* 4       Radiation                     (kJ m-2 d-1)
* 5       minimum temperature           (degrees Celsius)
* 6       maximum temperature           (degrees Celsius)
* 7       early morning vapour pressure (kPa)
* 8       mean wind speed (height: 2 m) (m s-1)
* 9       precipitation.rain days       (mm d-1.days)
*-------------------------------------------------------------*
 150 -5.5  5.0  0.0  0.0
 1 1974   1 19666.  22.8 30.5 2.480   1.   0.
 1 1974   2 19716.  22.7 30.5 2.485   1.   2.
 1 1974   3 19766.  22.7 30.6 2.490   1.  67.
 1 1974   4 19816.  22.7 30.6 2.495   1.   0.
 1 1974   5 19867.  22.7 30.6 2.500   1.   0.
 1 1974   6 19919.  22.7 30.7 2.505   1.   0.
 1 1974   7 19971.  22.6 30.7 2.510   1.   0.
 1 1974   8 20023.  22.6 30.8 2.515   1.   0.
 1 1974   9 20076.  22.6 30.8 2.520   1.  17.
 1 1974  10 20130.  22.6 30.8 2.525   1.   0.
 1 1974  11 20183.  22.6 30.9 2.530   1.  40.
 1 1974  12 20237.  22.6 30.9 2.535   1.   0.
 1 1974  13 20291.  22.5 30.9 2.540   1.  12.
 1 1974  14 20346.  22.5 31.0 2.545   1.  23.
 1 1974  15 20401.  22.5 31.0 2.550   1.   0.
 1 1974  16 20296.  22.5 31.0 2.547   1.  24.
 1 1974  17 20192.  22.5 31.0 2.544   1.  18.
 1 1974  18 20087.  22.5 31.0 2.541   1.   2.
 1 1974  19 19982.  22.5 31.0 2.538   1.   0.
 1 1974  20 19877.  22.5 31.0 2.535   1.   0.
 1 1974  21 19772.  22.5 31.0 2.532   1.  57.
 1 1974  22 19667.  22.5 31.0 2.529   1.  13.
 1 1974  23 19562.  22.5 31.0 2.526   1.   3.
 1 1974  24 19456.  22.5 31.0 2.523   1.   0.
 1 1974  25 19351.  22.5 31.0 2.520   1.   0.
 1 1974  26 19244.  22.5 31.0 2.517   1.   6.
 1 1974  27 19138.  22.5 31.0 2.514   1.  10.
 1 1974  28 19031.  22.5 31.0 2.511   1.   0.
 1 1974  29 18924.  22.5 31.0 2.508   1.   0.
 1 1974  30 18816.  22.5 31.0 2.505   1.  33.
 1 1974  31 18709.  22.5 31.0 2.502   1.   0.
 1 1974  32 18600.  22.5 31.0 2.499   1.   7.
 1 1974  33 18491.  22.5 31.0 2.496   1.  48.
 1 1974  34 18382.  22.5 31.0 2.493   1.   2.
 1 1974  35 18272.  22.5 31.0 2.490   1.   3.
 1 1974  36 18162.  22.5 31.0 2.487   1.  18.
 1 1974  37 18051.  22.5 31.0 2.484   1.   2.
 1 1974  38 17939.  22.5 31.0 2.481   1.   2.
 1 1974  39 17827.  22.5 31.0 2.478   1.  10.
 1 1974  40 17714.  22.5 31.0 2.475   1.   2.
 1 1974  41 17601.  22.5 31.0 2.472   1.  48.
 1 1974  42 17487.  22.5 31.0 2.469   1.   5.
 1 1974  43 17372.  22.5 31.0 2.466   1.   6.
 1 1974  44 17257.  22.5 31.0 2.463   1.   0.
 1 1974  45 17141.  22.5 31.0 2.460   1.  39.
 1 1974  46 17180.  22.5 31.0 2.461   1.  17.
 1 1974  47 17219.  22.5 31.0 2.462   1.  37.
 1 1974  48 17257.  22.5 31.0 2.463   1.  42.
 1 1974  49 17294.  22.5 31.0 2.464   1.   4.
 1 1974  50 17331.  22.5 31.0 2.465   1.  21.
 1 1974  51 17367.  22.5 31.0 2.466   1.  90.
 1 1974  52 17403.  22.5 31.0 2.467   1.   0.
 1 1974  53 17437.  22.5 31.0 2.468   1.   6.
 1 1974  54 17471.  22.5 31.0 2.469   1.   9.
 1 1974  55 17505.  22.5 31.0 2.470   1.   1.
 1 1974  56 17537.  22.5 31.0 2.471   1.  64.
 1 1974  57 17569.  22.5 31.0 2.472   1.   2.
 1 1974  58 17600.  22.5 31.0 2.473   1.  14.
 1 1974  59 17630.  22.5 31.0 2.474   1.  24.
 1 1974  60 17660.  22.5 31.0 2.476   1.   2.
 1 1974  61 17689.  22.5 31.0 2.477   1.   0.
 1 1974  62 17716.  22.5 31.0 2.478   1.   6.
 1 1974  63 17743.  22.5 31.0 2.479   1.  15.
 1 1974  64 17769.  22.5 31.0 2.480   1.   1.
 1 1974  65 17795.  22.5 31.0 2.481   1.   0.
 1 1974  66 17819.  22.5 31.0 2.482   1.  63.
 1 1974  67 17842.  22.5 31.0 2.483   1.   0.
 1 1974  68 17865.  22.5 31.0 2.484   1.  67.
 1 1974  69 17887.  22.5 31.0 2.485   1.  56.
 1 1974  70 17907.  22.5 31.0 2.486   1.   0.
 1 1974  71 17927.  22.5 31.0 2.487   1.   0.
 1 1974  72 17946.  22.5 31.0 2.488   1.  24.
 1 1974  73 17964.  22.5 31.0 2.489   1.   0.
 1 1974  74 17981.  22.5 31.0 2.490   1.  27.
 1 1974  75 18022.  22.5 31.0 2.490   1.   0.
 1 1974  76 18062.  22.5 31.0 2.491   1.  64.
 1 1974  77 18102.  22.5 31.0 2.491   1.   0.
 1 1974  78 18140.  22.5 31.1 2.491   1.   5.
 1 1974  79 18177.  22.5 31.1 2.492   1.  14.
 1 1974  80 18214.  22.5 31.1 2.492   1.   9.
 1 1974  81 18249.  22.5 31.1 2.492   1.   1.
 1 1974  82 18283.  22.5 31.1 2.493   1.  15.
 1 1974  83 18316.  22.5 31.1 2.493   1.   3.
 1 1974  84 18349.  22.5 31.2 2.493   1.   0.
 1 1974  85 18380.  22.5 31.2 2.494   1.   0.
 1 1974  86 18410.  22.5 31.2 2.494   1.   0.
 1 1974  87 18440.  22.5 31.2 2.494   1.  25.
 1 1974  88 18468.  22.5 31.2 2.495   1.   0.
 1 1974  89 18495.  22.5 31.2 2.495   1.  12.
 1 1974  90 18521.  22.5 31.3 2.495   1.   3.
 1 1974  91 18547.  22.5 31.3 2.495   1.  17.
 1 1974  92 18571.  22.5 31.3 2.496   1.  20.
 1 1974  93 18595.  22.5 31.3 2.496   1.   3.
 1 1974  94 18617.  22.5 31.3 2.496   1.  10.
 1 1974  95 18639.  22.5 31.3 2.497   1.   1.
 1 1974  96 18660.  22.5 31.4 2.497   1.   0.
 1 1974  97 18679.  22.5 31.4 2.497   1.   1.
 1 1974  98 18698.  22.5 31.4 2.498   1.   1.
 1 1974  99 18716.  22.5 31.4 2.498   1.  14.
 1 1974 100 18734.  22.5 31.4 2.498   1.  13.
 1 1974 101 18750.  22.5 31.4 2.499   1.   0.
 1 1974 102 18766.  22.5 31.5 2.499   1.   0.
 1 1974 103 18781.  22.5 31.5 2.499   1.   0.
 1 1974 104 18795.  22.5 31.5 2.500   1.   0.
 1 1974 105 18808.  22.5 31.5 2.500   1.   2.
 1 1974 106 18828.  22.5 31.5 2.499   1.  26.
 1 1974 107 18848.  22.5 31.5 2.498   1.   7.
 1 1974 108 18866.  22.5 31.5 2.497   1.  52.
 1 1974 109 18884.  22.5 31.6 2.496   1.   5.
 1 1974 110 18901.  22.5 31.6 2.495   1.   0.
 1 1974 111 18918.  22.5 31.6 2.494   1.   0.
 1 1974 112 18934.  22.5 31.6 2.493   1.  12.
 1 1974 113 18950.  22.5 31.6 2.492   1.  77.
 1 1974 114 18965.  22.5 31.6 2.491   1.  25.
 1 1974 115 18979.  22.5 31.7 2.490   1.  26.
 1 1974 116 18994.  22.5 31.7 2.489   1.   0.
 1 1974 117 19007.  22.5 31.7 2.488   1.  26.
 1 1974 118 19021.  22.5 31.7 2.487   1.   3.
 1 1974 119 19034.  22.5 31.7 2.486   1.  19.
 1 1974 120 19046.  22.5 31.8 2.485   1.   0.
 1 1974 121 19059.  22.5 31.8 2.484   1.   0.
 1 1974 122 19071.  22.5 31.8 2.483   1.   0.
 1 1974 123 19083.  22.5 31.8 2.482   1.   9.
 1 1974 124 19095.  22.5 31.8 2.481   1.   0.
 1 1974 125 19107.  22.5 31.8 2.480   1.   0.
 1 1974 126 19118.  22.5 31.9 2.479   1.   8.
 1 1974 127 19130.  22.5 31.9 2.478   1.   0.
 1 1974 128 19142.  22.5 31.9 2.477   1.  10.
 1 1974 129 19153.  22.5 31.9 2.476   1.  16.
 1 1974 130 19165.  22.5 31.9 2.475   1.   0.
 1 1974 131 19177.  22.5 31.9 2.474   1.   9.
 1 1974 132 19189.  22.5 32.0 2.473   1.   0.
 1 1974 133 19201.  22.5 32.0 2.472   1.   9.
 1 1974 134 19214.  22.5 32.0 2.471   1.   0.
 1 1974 135 19227.  22.5 32.0 2.470   1.  21.
 1 1974 136 19141.  22.5 32.0 2.467   1.   0.
 1 1974 137 19055.  22.5 32.0 2.464   1.  37.
 1 1974 138 18971.  22.5 32.0 2.461   1.   0.
 1 1974 139 18887.  22.5 32.0 2.458   1.   0.
 1 1974 140 18805.  22.5 32.0 2.455   1.   0.
 1 1974 141 18723.  22.5 32.0 2.453   1.   0.
 1 1974 142 18642.  22.5 32.0 2.450   1.   0.
 1 1974 143 18563.  22.5 32.0 2.447   1.  14.
 1 1974 144 18485.  22.5 32.0 2.444   1.   2.
 1 1974 145 18407.  22.5 32.0 2.441   1.   0.
 1 1974 146 18331.  22.5 32.0 2.438   1.   0.
 1 1974 147 18256.  22.5 32.0 2.435   1.   0.
 1 1974 148 18182.  22.5 32.0 2.432   1.   0.
 1 1974 149 18110.  22.5 32.0 2.429   1.   0.
 1 1974 150 18039.  22.5 32.0 2.426   1.   0.
 1 1974 151 17969.  22.5 32.0 2.424   1.   3.
 1 1974 152 17900.  22.5 32.0 2.421   1.   0.
 1 1974 153 17832.  22.5 32.0 2.418   1.  20.
 1 1974 154 17766.  22.5 32.0 2.415   1.   5.
 1 1974 155 17702.  22.5 32.0 2.412   1.   3.
 1 1974 156 17638.  22.5 32.0 2.409   1.  19.
 1 1974 157 17576.  22.5 32.0 2.406   1.   4.
 1 1974 158 17516.  22.5 32.0 2.403   1.   4.
 1 1974 159 17457.  22.5 32.0 2.400   1.   0.
 1 1974 160 17399.  22.5 32.0 2.397   1.   8.
 1 1974 161 17343.  22.5 32.0 2.395   1.  24.
 1 1974 162 17288.  22.5 32.0 2.392   1.   2.
 1 1974 163 17235.  22.5 32.0 2.389   1.   3.
 1 1974 164 17183.  22.5 32.0 2.386   1.  30.
 1 1974 165 17132.  22.5 32.0 2.383   1.  19.
 1 1974 166 17083.  22.5 32.0 2.380   1.   0.
 1 1974 167 17078.  22.5 32.0 2.375   1.   1.
 1 1974 168 17074.  22.5 31.9 2.369   1.  15.
 1 1974 169 17071.  22.5 31.9 2.364   1.   0.
 1 1974 170 17070.  22.5 31.9 2.359   1.  11.
 1 1974 171 17070.  22.5 31.8 2.353   1.   0.
 1 1974 172 17071.  22.5 31.8 2.348   1.   0.
 1 1974 173 17074.  22.5 31.8 2.343   1.   5.
 1 1974 174 17079.  22.5 31.7 2.337   1.  13.
 1 1974 175 17085.  22.5 31.7 2.332   1.  54.
 1 1974 176 17092.  22.5 31.7 2.327   1.   3.
 1 1974 177 17101.  22.5 31.6 2.321   1.   3.
 1 1974 178 17112.  22.5 31.6 2.316   1.   1.
 1 1974 179 17123.  22.5 31.6 2.311   1.   4.
 1 1974 180 17136.  22.5 31.5 2.305   1.  20.
 1 1974 181 17151.  22.5 31.5 2.300   1.   4.
 1 1974 182 17167.  22.5 31.5 2.295   1.   0.
 1 1974 183 17184.  22.5 31.4 2.289   1.   0.
 1 1974 184 17203.  22.5 31.4 2.284   1.   0.
 1 1974 185 17223.  22.5 31.4 2.279   1.   0.
 1 1974 186 17245.  22.5 31.3 2.273   1.   0.
 1 1974 187 17268.  22.5 31.3 2.268   1.   0.
 1 1974 188 17292.  22.5 31.3 2.263   1.  10.
 1 1974 189 17317.  22.5 31.2 2.257   1.   7.
 1 1974 190 17344.  22.5 31.2 2.252   1.   6.
 1 1974 191 17372.  22.5 31.2 2.247   1.  11.
 1 1974 192 17401.  22.5 31.1 2.241   1.   0.
 1 1974 193 17432.  22.5 31.1 2.236   1.   3.
 1 1974 194 17463.  22.5 31.1 2.231   1.   1.
 1 1974 195 17496.  22.5 31.0 2.225   1.   3.
 1 1974 196 17530.  22.5 31.0 2.220   1.   0.
 1 1974 197 17617.  22.5 31.0 2.219   1.   0.
 1 1974 198 17706.  22.5 31.0 2.218   1.  11.
 1 1974 199 17795.  22.5 31.0 2.217   1.   0.
 1 1974 200 17886.  22.5 31.0 2.216   1.   0.
 1 1974 201 17978.  22.5 31.0 2.215   1.   1.
 1 1974 202 18071.  22.5 31.0 2.214   1.   0.
 1 1974 203 18165.  22.5 31.0 2.213   1.   6.
 1 1974 204 18261.  22.5 31.0 2.212   1.   0.
 1 1974 205 18357.  22.5 31.0 2.211   1.   4.
 1 1974 206 18455.  22.5 31.0 2.210   1.   0.
 1 1974 207 18553.  22.5 31.0 2.209   1.   0.
 1 1974 208 18653.  22.5 31.0 2.208   1.   2.
 1 1974 209 18754.  22.5 31.0 2.207   1.   0.
 1 1974 210 18855.  22.5 31.0 2.206   1.   8.
 1 1974 211 18958.  22.5 31.0 2.205   1.   4.
 1 1974 212 19061.  22.5 31.0 2.205   1.   0.
 1 1974 213 19165.  22.5 31.0 2.204   1.   0.
 1 1974 214 19270.  22.5 31.0 2.203   1.   0.
 1 1974 215 19376.  22.5 31.0 2.202   1.   0.
 1 1974 216 19482.  22.5 31.0 2.201   1.   0.
 1 1974 217 19590.  22.5 31.0 2.200   1.   0.
 1 1974 218 19698.  22.5 31.0 2.199   1.   0.
 1 1974 219 19806.  22.5 31.0 2.198   1.   2.
 1 1974 220 19915.  22.5 31.0 2.197   1.  36.
 1 1974 221 20025.  22.5 31.0 2.196   1.   0.
 1 1974 222 20135.  22.5 31.0 2.195   1.   0.
 1 1974 223 20246.  22.5 31.0 2.194   1.   4.
 1 1974 224 20357.  22.5 31.0 2.193   1.   0.
 1 1974 225 20469.  22.5 31.0 2.192   1.   0.
 1 1974 226 20581.  22.5 31.0 2.191   1.   0.
 1 1974 227 20693.  22.5 31.0 2.190   1.   1.
 1 1974 228 20780.  22.5 31.0 2.189   1.   5.
 1 1974 229 20868.  22.5 31.1 2.188   1.   2.
 1 1974 230 20955.  22.5 31.1 2.187   1.   0.
 1 1974 231 21043.  22.5 31.1 2.186   1.  10.
 1 1974 232 21130.  22.5 31.2 2.185   1.   0.
 1 1974 233 21218.  22.5 31.2 2.184   1.   0.
 1 1974 234 21305.  22.5 31.2 2.183   1.   7.
 1 1974 235 21392.  22.5 31.3 2.182   1.   0.
 1 1974 236 21480.  22.5 31.3 2.181   1.  10.
 1 1974 237 21567.  22.5 31.3 2.180   1.   1.
 1 1974 238 21654.  22.5 31.4 2.179   1.   3.
 1 1974 239 21740.  22.5 31.4 2.178   1.   0.
 1 1974 240 21826.  22.5 31.4 2.177   1.   0.
 1 1974 241 21912.  22.5 31.5 2.176   1.  52.
 1 1974 242 21998.  22.5 31.5 2.175   1.   0.
 1 1974 243 22083.  22.5 31.5 2.175   1.   0.
 1 1974 244 22168.  22.5 31.5 2.174   1.   0.
 1 1974 245 22252.  22.5 31.6 2.173   1.  12.
 1 1974 246 22336.  22.5 31.6 2.172   1.  13.
 1 1974 247 22420.  22.5 31.6 2.171   1.  24.
 1 1974 248 22503.  22.5 31.7 2.170   1.  56.
 1 1974 249 22585.  22.5 31.7 2.169   1.  69.
 1 1974 250 22666.  22.5 31.7 2.168   1.   4.
 1 1974 251 22747.  22.5 31.8 2.167   1.   0.
 1 1974 252 22828.  22.5 31.8 2.166   1.   0.
 1 1974 253 22907.  22.5 31.8 2.165   1.   0.
 1 1974 254 22986.  22.5 31.9 2.164   1.   3.
 1 1974 255 23064.  22.5 31.9 2.163   1.   0.
 1 1974 256 23142.  22.5 31.9 2.162   1.   1.
 1 1974 257 23218.  22.5 32.0 2.161   1.   0.
 1 1974 258 23294.  22.5 32.0 2.160   1.   0.
 1 1974 259 23248.  22.5 32.0 2.167   1.   4.
 1 1974 260 23200.  22.5 31.9 2.173   1.   0.
 1 1974 261 23152.  22.5 31.9 2.180   1.   0.
 1 1974 262 23102.  22.6 31.9 2.187   1.   0.
 1 1974 263 23051.  22.6 31.8 2.193   1.   0.
 1 1974 264 22998.  22.6 31.8 2.200   1.  13.
 1 1974 265 22945.  22.6 31.8 2.207   1.  23.
 1 1974 266 22890.  22.6 31.7 2.213   1.   0.
 1 1974 267 22834.  22.6 31.7 2.220   1.  18.
 1 1974 268 22777.  22.7 31.7 2.227   1.   2.
 1 1974 269 22719.  22.7 31.6 2.233   1.   2.
 1 1974 270 22660.  22.7 31.6 2.240   1.   0.
 1 1974 271 22599.  22.7 31.6 2.247   1.   0.
 1 1974 272 22537.  22.7 31.5 2.253   1.   0.
 1 1974 273 22474.  22.8 31.5 2.260   1.   0.
 1 1974 274 22410.  22.8 31.5 2.267   1.   4.
 1 1974 275 22344.  22.8 31.4 2.273   1.   0.
 1 1974 276 22278.  22.8 31.4 2.280   1.   0.
 1 1974 277 22210.  22.8 31.4 2.287   1.   0.
 1 1974 278 22142.  22.8 31.3 2.293   1.   2.
 1 1974 279 22072.  22.9 31.3 2.300   1.   0.
 1 1974 280 22001.  22.9 31.3 2.307   1.  31.
 1 1974 281 21929.  22.9 31.2 2.313   1.   0.
 1 1974 282 21856.  22.9 31.2 2.320   1.  19.
 1 1974 283 21782.  22.9 31.2 2.327   1.   0.
 1 1974 284 21707.  22.9 31.1 2.333   1.   2.
 1 1974 285 21631.  23.0 31.1 2.340   1.   7.
 1 1974 286 21554.  23.0 31.1 2.347   1.   2.
 1 1974 287 21476.  23.0 31.0 2.353   1.   1.
 1 1974 288 21397.  23.0 31.0 2.360   1.   0.
 1 1974 289 21359.  23.0 31.0 2.360   1.   8.
 1 1974 290 21319.  22.9 31.0 2.361   1.   5.
 1 1974 291 21279.  22.9 31.0 2.361   1.   1.
 1 1974 292 21238.  22.9 31.0 2.361   1.  32.
 1 1974 293 21196.  22.8 31.0 2.362   1.  15.
 1 1974 294 21154.  22.8 31.0 2.362   1.   0.
 1 1974 295 21110.  22.8 31.0 2.362   1.   0.
 1 1974 296 21066.  22.7 31.0 2.363   1.   5.
 1 1974 297 21021.  22.7 31.0 2.363   1.  93.
 1 1974 298 20976.  22.7 31.0 2.363   1.   0.
 1 1974 299 20930.  22.6 31.0 2.364   1.  13.
 1 1974 300 20883.  22.6 31.0 2.364   1.   0.
 1 1974 301 20836.  22.6 31.0 2.364   1.   0.
 1 1974 302 20788.  22.5 31.0 2.365   1.   1.
 1 1974 303 20739.  22.5 31.0 2.365   1.   0.
 1 1974 304 20690.  22.5 31.0 2.365   1.  44.
 1 1974 305 20641.  22.5 31.0 2.365   1.  52.
 1 1974 306 20591.  22.4 31.0 2.366   1.  11.
 1 1974 307 20540.  22.4 31.0 2.366   1.   0.
 1 1974 308 20490.  22.4 31.0 2.366   1.  31.
 1 1974 309 20438.  22.3 31.0 2.367   1.  15.
 1 1974 310 20387.  22.3 31.0 2.367   1.   0.
 1 1974 311 20335.  22.3 31.0 2.367   1.   0.
 1 1974 312 20283.  22.2 31.0 2.368   1.  16.
 1 1974 313 20231.  22.2 31.0 2.368   1.   5.
 1 1974 314 20178.  22.2 31.0 2.368   1.   0.
 1 1974 315 20125.  22.1 31.0 2.369   1.   2.
 1 1974 316 20072.  22.1 31.0 2.369   1.   1.
 1 1974 317 20019.  22.1 31.0 2.369   1.  19.
 1 1974 318 19966.  22.0 31.0 2.370   1.   1.
 1 1974 319 19913.  22.0 31.0 2.370   1.   0.
 1 1974 320 19881.  22.0 31.0 2.371   1.  54.
 1 1974 321 19849.  22.1 30.9 2.373   1.   0.
 1 1974 322 19816.  22.1 30.9 2.374   1.   0.
 1 1974 323 19784.  22.1 30.9 2.375   1.   4.
 1 1974 324 19752.  22.2 30.8 2.377   1.   0.
 1 1974 325 19719.  22.2 30.8 2.378   1.   0.
 1 1974 326 19687.  22.2 30.8 2.379   1.   0.
 1 1974 327 19655.  22.3 30.7 2.381   1.   0.
 1 1974 328 19624.  22.3 30.7 2.382   1.   0.
 1 1974 329 19592.  22.3 30.7 2.383   1.   7.
 1 1974 330 19561.  22.4 30.6 2.385   1.   9.
 1 1974 331 19529.  22.4 30.6 2.386   1.   0.
 1 1974 332 19498.  22.4 30.6 2.387   1.   8.
 1 1974 333 19468.  22.5 30.5 2.389   1.   1.
 1 1974 334 19437.  22.5 30.5 2.390   1.  75.
 1 1974 335 19407.  22.5 30.5 2.391   1.  23.
 1 1974 336 19378.  22.6 30.4 2.393   1.  29.
 1 1974 337 19348.  22.6 30.4 2.394   1.   0.
 1 1974 338 19319.  22.6 30.4 2.395   1.   0.
 1 1974 339 19291.  22.7 30.3 2.397   1.   0.
 1 1974 340 19263.  22.7 30.3 2.398   1.   0.
 1 1974 341 19235.  22.7 30.3 2.399   1.  26.
 1 1974 342 19208.  22.8 30.2 2.401   1.   2.
 1 1974 343 19181.  22.8 30.2 2.402   1.   0.
 1 1974 344 19155.  22.8 30.2 2.403   1.  48.
 1 1974 345 19129.  22.9 30.1 2.405   1.  19.
 1 1974 346 19103.  22.9 30.1 2.406   1.   0.
 1 1974 347 19079.  22.9 30.1 2.407   1.   0.
 1 1974 348 19054.  23.0 30.0 2.409   1.  16.
 1 1974 349 19030.  23.0 30.0 2.410   1.   0.
 1 1974 350 19066.  23.0 30.0 2.414   1.   0.
 1 1974 351 19101.  23.0 30.1 2.419   1.   0.
 1 1974 352 19137.  23.0 30.1 2.423   1.  14.
 1 1974 353 19174.  22.9 30.1 2.428   1.   0.
 1 1974 354 19212.  22.9 30.2 2.432   1.  10.
 1 1974 355 19249.  22.9 30.2 2.436   1.   0.
 1 1974 356 19288.  22.9 30.2 2.441   1.   7.
 1 1974 357 19327.  22.9 30.3 2.445   1.   0.
 1 1974 358 19366.  22.9 30.3 2.449   1.   0.
 1 1974 359 19406.  22.8 30.3 2.454   1.  24.
 1 1974 360 19447.  22.8 30.3 2.458   1.   0.
 1 1974 361 19488.  22.8 30.4 2.463   1.   0.
 1 1974 362 19530.  22.8 30.4 2.467   1.   6.
 1 1974 363 19572.  22.8 30.4 2.471   1.  13.
 1 1974 364 19615.  22.8 30.5 2.476   1.  13.
 1 1974 365 19659.  22.8 30.5 2.480   1.   0.
