*-------------------------------------------------------------*
* Station name: Dami Oil Palm Research Station
* Year: 1989
* Author: W. Gerritsma
* Source: Annual report of PNG OPRA 1989
*
* Longitude: 5 40 E, latitude:-5 30 N, altitude: 5 m.
*
* Interpolated daily values
*
* Column  Daily value
* 1       station number
* 2       year
* 3       day
* 4       radiation
* 5       minimum temperature           (degrees Celsius) (ESTIMATED)
* 6       maximum temperature           (degrees Celsius) (ESTIMATED)
* 7       early morning vapour pressure (kPa)
* 8       mean wind speed (height: 2 m) (m s-1)
* 9       precipitation                 (mm d-1)
*-------------------------------------------------------------*
 150 -5.5  5.0  0.0  0.0
 1 1989    1 16643.  22.0 30.0 2.742  .689   63.
 1 1989    2 16695.  22.0 30.0 2.742  .689    0.
 1 1989    3 16748.  22.0 30.0 2.742  .689    0.
 1 1989    4 16801.  22.0 30.0 2.742  .689    4.
 1 1989    5 16855.  22.0 30.0 2.742  .689   44.
 1 1989    6 16909.  22.0 30.0 2.742  .689   15.
 1 1989    7 16963.  22.0 30.0 2.742  .689    1.
 1 1989    8 17018.  22.0 30.0 2.742  .689    3.
 1 1989    9 17073.  22.0 30.0 2.742  .689   29.
 1 1989   10 17129.  22.0 30.0 2.742  .689    4.
 1 1989   11 17184.  22.0 30.0 2.742  .689    0.
 1 1989   12 17240.  22.0 30.0 2.742  .689    0.
 1 1989   13 17297.  22.0 30.0 2.742  .689    4.
 1 1989   14 17353.  22.0 30.0 2.742  .689    0.
 1 1989   15 17410.  22.0 30.0 2.742  .689   32.
 1 1989   16 17354.  22.0 30.0 2.742  .689   40.
 1 1989   17 17299.  22.0 30.0 2.742  .689    0.
 1 1989   18 17243.  22.0 30.0 2.742  .689   21.
 1 1989   19 17187.  22.0 30.0 2.742  .689   10.
 1 1989   20 17131.  22.0 30.0 2.742  .689    0.
 1 1989   21 17075.  22.0 30.0 2.742  .689    2.
 1 1989   22 17019.  22.0 30.0 2.742  .689    0.
 1 1989   23 16963.  22.0 30.0 2.742  .689    0.
 1 1989   24 16907.  22.0 30.0 2.742  .689    6.
 1 1989   25 16850.  22.0 30.0 2.742  .689    0.
 1 1989   26 16793.  22.0 30.0 2.742  .689    5.
 1 1989   27 16736.  22.0 30.0 2.742  .689   13.
 1 1989   28 16679.  22.0 30.0 2.742  .689    2.
 1 1989   29 16622.  22.0 30.0 2.742  .689    1.
 1 1989   30 16564.  22.0 30.0 2.742  .689   20.
 1 1989   31 16506.  22.0 30.0 2.742  .689    0.
 1 1989   32 16448.  22.0 30.0 2.742  .689   64.
 1 1989   33 16389.  22.0 30.0 2.742  .689   25.
 1 1989   34 16330.  22.0 30.0 2.742  .689    0.
 1 1989   35 16270.  22.0 30.0 2.742  .689   12.
 1 1989   36 16210.  22.0 30.0 2.742  .689    4.
 1 1989   37 16150.  22.0 30.0 2.742  .689   14.
 1 1989   38 16089.  22.0 30.0 2.742  .689    1.
 1 1989   39 16027.  22.0 30.0 2.742  .689   28.
 1 1989   40 15965.  22.0 30.0 2.742  .689   45.
 1 1989   41 15903.  22.0 30.0 2.742  .689    0.
 1 1989   42 15840.  22.0 30.0 2.742  .689    4.
 1 1989   43 15777.  22.0 30.0 2.742  .689   15.
 1 1989   44 15713.  22.0 30.0 2.742  .689   14.
 1 1989   45 15648.  22.0 30.0 2.742  .689   37.
 1 1989   46 15730.  22.0 30.0 2.742  .689    6.
 1 1989   47 15811.  22.0 30.0 2.742  .689    1.
 1 1989   48 15892.  22.0 30.0 2.742  .689    0.
 1 1989   49 15972.  22.0 30.0 2.742  .689    0.
 1 1989   50 16052.  22.0 30.0 2.742  .689   26.
 1 1989   51 16131.  22.0 30.0 2.742  .689    7.
 1 1989   52 16209.  22.0 30.0 2.742  .689    4.
 1 1989   53 16287.  22.0 30.0 2.742  .689    0.
 1 1989   54 16364.  22.0 30.0 2.742  .689    7.
 1 1989   55 16441.  22.0 30.0 2.742  .689    1.
 1 1989   56 16517.  22.0 30.0 2.742  .689    0.
 1 1989   57 16592.  22.0 30.0 2.742  .689   48.
 1 1989   58 16666.  22.0 30.0 2.742  .689   26.
 1 1989   59 16740.  22.0 30.0 2.742  .689    2.
 1 1989   60 16813.  22.0 30.0 2.742  .689    0.
 1 1989   61 16885.  22.0 30.0 2.742  .689    0.
 1 1989   62 16956.  22.0 30.0 2.742  .689    7.
 1 1989   63 17026.  22.0 30.0 2.742  .689    0.
 1 1989   64 17096.  22.0 30.0 2.742  .689    0.
 1 1989   65 17165.  22.0 30.0 2.742  .689    0.
 1 1989   66 17232.  22.0 30.0 2.742  .689    0.
 1 1989   67 17299.  22.0 30.0 2.742  .689    0.
 1 1989   68 17365.  22.0 30.0 2.742  .689    3.
 1 1989   69 17430.  22.0 30.0 2.742  .689   28.
 1 1989   70 17495.  22.0 30.0 2.742  .689    3.
 1 1989   71 17558.  22.0 30.0 2.742  .689    0.
 1 1989   72 17620.  22.0 30.0 2.742  .689    0.
 1 1989   73 17681.  22.0 30.0 2.742  .689    6.
 1 1989   74 17741.  22.0 30.0 2.742  .689   10.
 1 1989   75 17709.  22.0 30.0 2.742  .689   23.
 1 1989   76 17675.  22.0 30.0 2.742  .689   16.
 1 1989   77 17640.  22.0 30.0 2.742  .689    0.
 1 1989   78 17605.  22.0 30.0 2.742  .689    3.
 1 1989   79 17569.  22.0 30.0 2.742  .689    0.
 1 1989   80 17532.  22.0 30.0 2.742  .689    0.
 1 1989   81 17494.  22.0 30.0 2.742  .689    0.
 1 1989   82 17455.  22.0 30.0 2.742  .689    8.
 1 1989   83 17416.  22.0 30.0 2.742  .689   43.
 1 1989   84 17375.  22.0 30.0 2.742  .689    0.
 1 1989   85 17334.  22.0 30.0 2.742  .689    2.
 1 1989   86 17293.  22.0 30.0 2.742  .689    8.
 1 1989   87 17250.  22.0 30.0 2.742  .689    0.
 1 1989   88 17207.  22.0 30.0 2.742  .689   18.
 1 1989   89 17163.  22.0 30.0 2.742  .689    0.
 1 1989   90 17118.  22.0 30.0 2.742  .689   42.
 1 1989   91 17073.  22.0 30.0 2.742  .689    0.
 1 1989   92 17027.  22.0 30.0 2.742  .689   21.
 1 1989   93 16981.  22.0 30.0 2.742  .689    6.
 1 1989   94 16933.  22.0 30.0 2.742  .689   10.
 1 1989   95 16886.  22.0 30.0 2.742  .689    0.
 1 1989   96 16837.  22.0 30.0 2.742  .689   40.
 1 1989   97 16788.  22.0 30.0 2.742  .689   11.
 1 1989   98 16739.  22.0 30.0 2.742  .689   31.
 1 1989   99 16689.  22.0 30.0 2.742  .689   16.
 1 1989  100 16639.  22.0 30.0 2.742  .689   44.
 1 1989  101 16588.  22.0 30.0 2.742  .689   10.
 1 1989  102 16536.  22.0 30.0 2.742  .689    4.
 1 1989  103 16485.  22.0 30.0 2.742  .689    6.
 1 1989  104 16432.  22.0 30.0 2.742  .689    9.
 1 1989  105 16380.  22.0 30.0 2.742  .689   20.
 1 1989  106 16407.  22.0 30.0 2.742  .689   16.
 1 1989  107 16433.  22.0 30.0 2.742  .689    0.
 1 1989  108 16459.  22.0 30.0 2.742  .689   30.
 1 1989  109 16484.  22.0 30.0 2.742  .689    0.
 1 1989  110 16508.  22.0 30.0 2.742  .689   54.
 1 1989  111 16532.  22.0 30.0 2.742  .689   16.
 1 1989  112 16556.  22.0 30.0 2.742  .689   12.
 1 1989  113 16578.  22.0 30.0 2.742  .689    2.
 1 1989  114 16601.  22.0 30.0 2.742  .689   21.
 1 1989  115 16622.  22.0 30.0 2.742  .689    0.
 1 1989  116 16644.  22.0 30.0 2.742  .689    0.
 1 1989  117 16665.  22.0 30.0 2.742  .689    0.
 1 1989  118 16686.  22.0 30.0 2.742  .689    0.
 1 1989  119 16706.  22.0 30.0 2.742  .689    6.
 1 1989  120 16726.  22.0 30.0 2.742  .689    1.
 1 1989  121 16746.  22.0 30.0 2.742  .689    0.
 1 1989  122 16765.  22.0 30.0 2.742  .689   13.
 1 1989  123 16784.  22.0 30.0 2.742  .689   12.
 1 1989  124 16803.  22.0 30.0 2.742  .689    0.
 1 1989  125 16822.  22.0 30.0 2.742  .689    0.
 1 1989  126 16841.  22.0 30.0 2.742  .689    0.
 1 1989  127 16860.  22.0 30.0 2.742  .689    0.
 1 1989  128 16879.  22.0 30.0 2.742  .689    4.
 1 1989  129 16898.  22.0 30.0 2.742  .689    1.
 1 1989  130 16916.  22.0 30.0 2.742  .689    0.
 1 1989  131 16935.  22.0 30.0 2.742  .689    0.
 1 1989  132 16954.  22.0 30.0 2.742  .689    2.
 1 1989  133 16973.  22.0 30.0 2.742  .689    6.
 1 1989  134 16993.  22.0 30.0 2.742  .689    9.
 1 1989  135 17013.  22.0 30.0 2.742  .689    4.
 1 1989  136 16979.  22.0 30.0 2.742  .689    0.
 1 1989  137 16947.  22.0 30.0 2.742  .689    0.
 1 1989  138 16914.  22.0 30.0 2.742  .689   14.
 1 1989  139 16883.  22.0 30.0 2.742  .689    3.
 1 1989  140 16852.  22.0 30.0 2.742  .689   12.
 1 1989  141 16822.  22.0 30.0 2.742  .689    0.
 1 1989  142 16793.  22.0 30.0 2.742  .689    0.
 1 1989  143 16764.  22.0 30.0 2.742  .689    0.
 1 1989  144 16736.  22.0 30.0 2.742  .689    7.
 1 1989  145 16710.  22.0 30.0 2.742  .689   49.
 1 1989  146 16684.  22.0 30.0 2.742  .689    0.
 1 1989  147 16658.  22.0 30.0 2.742  .689    0.
 1 1989  148 16634.  22.0 30.0 2.742  .689    1.
 1 1989  149 16611.  22.0 30.0 2.742  .689    0.
 1 1989  150 16589.  22.0 30.0 2.742  .689    6.
 1 1989  151 16568.  22.0 30.0 2.742  .689   23.
 1 1989  152 16548.  22.0 30.0 2.742  .689    0.
 1 1989  153 16529.  22.0 30.0 2.742  .689    0.
 1 1989  154 16511.  22.0 30.0 2.742  .689    0.
 1 1989  155 16494.  22.0 30.0 2.742  .689    0.
 1 1989  156 16478.  22.0 30.0 2.742  .689   10.
 1 1989  157 16464.  22.0 30.0 2.742  .689    0.
 1 1989  158 16451.  22.0 30.0 2.742  .689    0.
 1 1989  159 16439.  22.0 30.0 2.742  .689   59.
 1 1989  160 16428.  22.0 30.0 2.742  .689    2.
 1 1989  161 16419.  22.0 30.0 2.742  .689    7.
 1 1989  162 16410.  22.0 30.0 2.742  .689   12.
 1 1989  163 16403.  22.0 30.0 2.742  .689   65.
 1 1989  164 16398.  22.0 30.0 2.742  .689    0.
 1 1989  165 16394.  22.0 30.0 2.742  .689    0.
 1 1989  166 16391.  22.0 30.0 2.742  .689    0.
 1 1989  167 16410.  22.0 30.0 2.742  .689    0.
 1 1989  168 16431.  22.0 30.0 2.742  .689    7.
 1 1989  169 16453.  22.0 30.0 2.742  .689    0.
 1 1989  170 16476.  22.0 30.0 2.742  .689   79.
 1 1989  171 16501.  22.0 30.0 2.742  .689    0.
 1 1989  172 16527.  22.0 30.0 2.742  .689    0.
 1 1989  173 16555.  22.0 30.0 2.742  .689    1.
 1 1989  174 16584.  22.0 30.0 2.742  .689    2.
 1 1989  175 16614.  22.0 30.0 2.742  .689    0.
 1 1989  176 16646.  22.0 30.0 2.742  .689    0.
 1 1989  177 16679.  22.0 30.0 2.742  .689    0.
 1 1989  178 16714.  22.0 30.0 2.742  .689    0.
 1 1989  179 16750.  22.0 30.0 2.742  .689    0.
 1 1989  180 16788.  22.0 30.0 2.742  .689    0.
 1 1989  181 16827.  22.0 30.0 2.742  .689   34.
 1 1989  182 16867.  22.0 30.0 2.742  .689    0.
 1 1989  183 16909.  22.0 30.0 2.742  .689    0.
 1 1989  184 16952.  22.0 30.0 2.742  .689   14.
 1 1989  185 16996.  22.0 30.0 2.742  .689    0.
 1 1989  186 17042.  22.0 30.0 2.742  .689    0.
 1 1989  187 17089.  22.0 30.0 2.742  .689    4.
 1 1989  188 17138.  22.0 30.0 2.742  .689    0.
 1 1989  189 17188.  22.0 30.0 2.742  .689   12.
 1 1989  190 17239.  22.0 30.0 2.742  .689    0.
 1 1989  191 17292.  22.0 30.0 2.742  .689    0.
 1 1989  192 17346.  22.0 30.0 2.742  .689   21.
 1 1989  193 17401.  22.0 30.0 2.742  .689    0.
 1 1989  194 17458.  22.0 30.0 2.742  .689    0.
 1 1989  195 17515.  22.0 30.0 2.742  .689    0.
 1 1989  196 17574.  22.0 30.0 2.742  .689   20.
 1 1989  197 17624.  22.0 30.0 2.742  .689   30.
 1 1989  198 17674.  22.0 30.0 2.742  .689    0.
 1 1989  199 17725.  22.0 30.0 2.742  .689    0.
 1 1989  200 17778.  22.0 30.0 2.742  .689    0.
 1 1989  201 17831.  22.0 30.0 2.742  .689    0.
 1 1989  202 17886.  22.0 30.0 2.742  .689    0.
 1 1989  203 17942.  22.0 30.0 2.742  .689    0.
 1 1989  204 17998.  22.0 30.0 2.742  .689    0.
 1 1989  205 18056.  22.0 30.0 2.742  .689    0.
 1 1989  206 18114.  22.0 30.0 2.742  .689    0.
 1 1989  207 18173.  22.0 30.0 2.742  .689    0.
 1 1989  208 18234.  22.0 30.0 2.742  .689    1.
 1 1989  209 18294.  22.0 30.0 2.742  .689   30.
 1 1989  210 18356.  22.0 30.0 2.742  .689    0.
 1 1989  211 18419.  22.0 30.0 2.742  .689    4.
 1 1989  212 18482.  22.0 30.0 2.742  .689   23.
 1 1989  213 18545.  22.0 30.0 2.742  .689    0.
 1 1989  214 18610.  22.0 30.0 2.742  .689    0.
 1 1989  215 18675.  22.0 30.0 2.742  .689    0.
 1 1989  216 18740.  22.0 30.0 2.742  .689    0.
 1 1989  217 18806.  22.0 30.0 2.742  .689    0.
 1 1989  218 18873.  22.0 30.0 2.742  .689    3.
 1 1989  219 18940.  22.0 30.0 2.742  .689    0.
 1 1989  220 19007.  22.0 30.0 2.742  .689    1.
 1 1989  221 19075.  22.0 30.0 2.742  .689    1.
 1 1989  222 19143.  22.0 30.0 2.742  .689    2.
 1 1989  223 19211.  22.0 30.0 2.742  .689    0.
 1 1989  224 19280.  22.0 30.0 2.742  .689    0.
 1 1989  225 19349.  22.0 30.0 2.742  .689    0.
 1 1989  226 19418.  22.0 30.0 2.742  .689   38.
 1 1989  227 19487.  22.0 30.0 2.742  .689    0.
 1 1989  228 19534.  22.0 30.0 2.742  .689    0.
 1 1989  229 19581.  22.0 30.0 2.742  .689    0.
 1 1989  230 19628.  22.0 30.0 2.742  .689    8.
 1 1989  231 19674.  22.0 30.0 2.742  .689    0.
 1 1989  232 19721.  22.0 30.0 2.742  .689    6.
 1 1989  233 19767.  22.0 30.0 2.742  .689    0.
 1 1989  234 19813.  22.0 30.0 2.742  .689    0.
 1 1989  235 19859.  22.0 30.0 2.742  .689   13.
 1 1989  236 19905.  22.0 30.0 2.742  .689    0.
 1 1989  237 19950.  22.0 30.0 2.742  .689    7.
 1 1989  238 19995.  22.0 30.0 2.742  .689    2.
 1 1989  239 20040.  22.0 30.0 2.742  .689    0.
 1 1989  240 20084.  22.0 30.0 2.742  .689    0.
 1 1989  241 20128.  22.0 30.0 2.742  .689   27.
 1 1989  242 20171.  22.0 30.0 2.742  .689    0.
 1 1989  243 20214.  22.0 30.0 2.742  .689    0.
 1 1989  244 20256.  22.0 30.0 2.742  .689    0.
 1 1989  245 20298.  22.0 30.0 2.742  .689    0.
 1 1989  246 20339.  22.0 30.0 2.742  .689    0.
 1 1989  247 20380.  22.0 30.0 2.742  .689    0.
 1 1989  248 20420.  22.0 30.0 2.742  .689   15.
 1 1989  249 20459.  22.0 30.0 2.742  .689   14.
 1 1989  250 20497.  22.0 30.0 2.742  .689    0.
 1 1989  251 20535.  22.0 30.0 2.742  .689    0.
 1 1989  252 20572.  22.0 30.0 2.742  .689    7.
 1 1989  253 20609.  22.0 30.0 2.742  .689   13.
 1 1989  254 20644.  22.0 30.0 2.742  .689    0.
 1 1989  255 20679.  22.0 30.0 2.742  .689   25.
 1 1989  256 20713.  22.0 30.0 2.742  .689    5.
 1 1989  257 20746.  22.0 30.0 2.742  .689    4.
 1 1989  258 20779.  22.0 30.0 2.742  .689    0.
 1 1989  259 20751.  22.0 30.0 2.742  .689    0.
 1 1989  260 20722.  22.0 30.0 2.742  .689    0.
 1 1989  261 20691.  22.0 30.0 2.742  .689   83.
 1 1989  262 20660.  22.0 30.0 2.742  .689    1.
 1 1989  263 20628.  22.0 30.0 2.742  .689    0.
 1 1989  264 20595.  22.0 30.0 2.742  .689    0.
 1 1989  265 20560.  22.0 30.0 2.742  .689    0.
 1 1989  266 20525.  22.0 30.0 2.742  .689   12.
 1 1989  267 20488.  22.0 30.0 2.742  .689    0.
 1 1989  268 20451.  22.0 30.0 2.742  .689    0.
 1 1989  269 20412.  22.0 30.0 2.742  .689    0.
 1 1989  270 20373.  22.0 30.0 2.742  .689    0.
 1 1989  271 20332.  22.0 30.0 2.742  .689    6.
 1 1989  272 20290.  22.0 30.0 2.742  .689   15.
 1 1989  273 20247.  22.0 30.0 2.742  .689    0.
 1 1989  274 20204.  22.0 30.0 2.742  .689    0.
 1 1989  275 20159.  22.0 30.0 2.742  .689    0.
 1 1989  276 20113.  22.0 30.0 2.742  .689    0.
 1 1989  277 20066.  22.0 30.0 2.742  .689   36.
 1 1989  278 20018.  22.0 30.0 2.742  .689   32.
 1 1989  279 19970.  22.0 30.0 2.742  .689   16.
 1 1989  280 19920.  22.0 30.0 2.742  .689    0.
 1 1989  281 19869.  22.0 30.0 2.742  .689    0.
 1 1989  282 19818.  22.0 30.0 2.742  .689    4.
 1 1989  283 19765.  22.0 30.0 2.742  .689   11.
 1 1989  284 19712.  22.0 30.0 2.742  .689    0.
 1 1989  285 19657.  22.0 30.0 2.742  .689    0.
 1 1989  286 19602.  22.0 30.0 2.742  .689    0.
 1 1989  287 19546.  22.0 30.0 2.742  .689    7.
 1 1989  288 19489.  22.0 30.0 2.742  .689    0.
 1 1989  289 19506.  22.0 30.0 2.742  .689    6.
 1 1989  290 19522.  22.0 30.0 2.742  .689   31.
 1 1989  291 19537.  22.0 30.0 2.742  .689    0.
 1 1989  292 19552.  22.0 30.0 2.742  .689    6.
 1 1989  293 19566.  22.0 30.0 2.742  .689    1.
 1 1989  294 19579.  22.0 30.0 2.742  .689    0.
 1 1989  295 19591.  22.0 30.0 2.742  .689    0.
 1 1989  296 19603.  22.0 30.0 2.742  .689   10.
 1 1989  297 19614.  22.0 30.0 2.742  .689    1.
 1 1989  298 19624.  22.0 30.0 2.742  .689    9.
 1 1989  299 19634.  22.0 30.0 2.742  .689    5.
 1 1989  300 19643.  22.0 30.0 2.742  .689    1.
 1 1989  301 19651.  22.0 30.0 2.742  .689    0.
 1 1989  302 19659.  22.0 30.0 2.742  .689    0.
 1 1989  303 19667.  22.0 30.0 2.742  .689   20.
 1 1989  304 19673.  22.0 30.0 2.742  .689   27.
 1 1989  305 19680.  22.0 30.0 2.742  .689   23.
 1 1989  306 19686.  22.0 30.0 2.742  .689   14.
 1 1989  307 19691.  22.0 30.0 2.742  .689    0.
 1 1989  308 19696.  22.0 30.0 2.742  .689    0.
 1 1989  309 19700.  22.0 30.0 2.742  .689    6.
 1 1989  310 19704.  22.0 30.0 2.742  .689   13.
 1 1989  311 19708.  22.0 30.0 2.742  .689   30.
 1 1989  312 19711.  22.0 30.0 2.742  .689    3.
 1 1989  313 19714.  22.0 30.0 2.742  .689    0.
 1 1989  314 19717.  22.0 30.0 2.742  .689    0.
 1 1989  315 19720.  22.0 30.0 2.742  .689    4.
 1 1989  316 19722.  22.0 30.0 2.742  .689    1.
 1 1989  317 19724.  22.0 30.0 2.742  .689   12.
 1 1989  318 19726.  22.0 30.0 2.742  .689    0.
 1 1989  319 19728.  22.0 30.0 2.742  .689    0.
 1 1989  320 19598.  22.0 30.0 2.742  .689    0.
 1 1989  321 19468.  22.0 30.0 2.742  .689    6.
 1 1989  322 19339.  22.0 30.0 2.742  .689    7.
 1 1989  323 19209.  22.0 30.0 2.742  .689    2.
 1 1989  324 19080.  22.0 30.0 2.742  .689    1.
 1 1989  325 18951.  22.0 30.0 2.742  .689    0.
 1 1989  326 18822.  22.0 30.0 2.742  .689    0.
 1 1989  327 18694.  22.0 30.0 2.742  .689   12.
 1 1989  328 18565.  22.0 30.0 2.742  .689    0.
 1 1989  329 18437.  22.0 30.0 2.742  .689    0.
 1 1989  330 18310.  22.0 30.0 2.742  .689    1.
 1 1989  331 18182.  22.0 30.0 2.742  .689    0.
 1 1989  332 18055.  22.0 30.0 2.742  .689   17.
 1 1989  333 17928.  22.0 30.0 2.742  .689    0.
 1 1989  334 17802.  22.0 30.0 2.742  .689    0.
 1 1989  335 17676.  22.0 30.0 2.742  .689    8.
 1 1989  336 17550.  22.0 30.0 2.742  .689   45.
 1 1989  337 17425.  22.0 30.0 2.742  .689   18.
 1 1989  338 17301.  22.0 30.0 2.742  .689    3.
 1 1989  339 17176.  22.0 30.0 2.742  .689    0.
 1 1989  340 17052.  22.0 30.0 2.742  .689    2.
 1 1989  341 16929.  22.0 30.0 2.742  .689    1.
 1 1989  342 16806.  22.0 30.0 2.742  .689    0.
 1 1989  343 16683.  22.0 30.0 2.742  .689    8.
 1 1989  344 16561.  22.0 30.0 2.742  .689    0.
 1 1989  345 16440.  22.0 30.0 2.742  .689    0.
 1 1989  346 16319.  22.0 30.0 2.742  .689   20.
 1 1989  347 16198.  22.0 30.0 2.742  .689    0.
 1 1989  348 16078.  22.0 30.0 2.742  .689   72.
 1 1989  349 15958.  22.0 30.0 2.742  .689    1.
 1 1989  350 15997.  22.0 30.0 2.742  .689    0.
 1 1989  351 16036.  22.0 30.0 2.742  .689    8.
 1 1989  352 16076.  22.0 30.0 2.742  .689   99.
 1 1989  353 16117.  22.0 30.0 2.742  .689   11.
 1 1989  354 16158.  22.0 30.0 2.742  .689   35.
 1 1989  355 16199.  22.0 30.0 2.742  .689   11.
 1 1989  356 16241.  22.0 30.0 2.742  .689    0.
 1 1989  357 16283.  22.0 30.0 2.742  .689   10.
 1 1989  358 16325.  22.0 30.0 2.742  .689    0.
 1 1989  359 16368.  22.0 30.0 2.742  .689   11.
 1 1989  360 16412.  22.0 30.0 2.742  .689   18.
 1 1989  361 16456.  22.0 30.0 2.742  .689    0.
 1 1989  362 16501.  22.0 30.0 2.742  .689   13.
 1 1989  363 16545.  22.0 30.0 2.742  .689  111.
 1 1989  364 16591.  22.0 30.0 2.742  .689    0.
 1 1989  365 16637.  22.0 30.0 2.742  .689    0.
