*-------------------------------------------------------------*
* Station name: Dami Oil Palm Research Station
* Year: 1987
* Author: W. Gerritsma
* Source: Annual report of PNG OPRA 1987
*
* Longitude: 5 40 E, latitude:-5 30 N, altitude: 5 m.
*
* Interpolated daily values
*
* Column  Daily value
* 1       station number
* 2       year
* 3       day
* 4       radiation
* 5       minimum temperature           (degrees Celsius) (ESTIMATED)
* 6       maximum temperature           (degrees Celsius) (ESTIMATED)
* 7       early morning vapour pressure (kPa)
* 8       mean wind speed (height: 2 m) (m s-1)
* 9       precipitation                 (mm d-1)
*-------------------------------------------------------------*
 150 -5.5  5.0  0.0  0.0
 1 1987   1 15868.  22.0 30.0 2.742  .689    0.
 1 1987   2 15949.  22.0 30.0 2.742  .689    9.
 1 1987   3 16031.  22.0 30.0 2.742  .689    0.
 1 1987   4 16113.  22.0 30.0 2.742  .689    0.
 1 1987   5 16196.  22.0 30.0 2.742  .689    0.
 1 1987   6 16278.  22.0 30.0 2.742  .689    0.
 1 1987   7 16362.  22.0 30.0 2.742  .689   12.
 1 1987   8 16445.  22.0 30.0 2.742  .689   10.
 1 1987   9 16529.  22.0 30.0 2.742  .689   23.
 1 1987  10 16614.  22.0 30.0 2.742  .689    6.
 1 1987  11 16699.  22.0 30.0 2.742  .689   40.
 1 1987  12 16784.  22.0 30.0 2.742  .689    1.
 1 1987  13 16869.  22.0 30.0 2.742  .689    3.
 1 1987  14 16955.  22.0 30.0 2.742  .689   10.
 1 1987  15 17041.  22.0 30.0 2.742  .689    1.
 1 1987  16 16906.  22.0 30.0 2.742  .689   40.
 1 1987  17 16770.  22.0 30.0 2.742  .689    0.
 1 1987  18 16635.  22.0 30.0 2.742  .689    8.
 1 1987  19 16499.  22.0 30.0 2.742  .689    6.
 1 1987  20 16364.  22.0 30.0 2.742  .689    3.
 1 1987  21 16228.  22.0 30.0 2.742  .689   81.
 1 1987  22 16092.  22.0 30.0 2.742  .689   46.
 1 1987  23 15955.  22.0 30.0 2.742  .689    0.
 1 1987  24 15819.  22.0 30.0 2.742  .689    5.
 1 1987  25 15682.  22.0 30.0 2.742  .689    4.
 1 1987  26 15544.  22.0 30.0 2.742  .689    1.
 1 1987  27 15407.  22.0 30.0 2.742  .689   14.
 1 1987  28 15269.  22.0 30.0 2.742  .689   52.
 1 1987  29 15130.  22.0 30.0 2.742  .689   49.
 1 1987  30 14992.  22.0 30.0 2.742  .689    2.
 1 1987  31 14852.  22.0 30.0 2.742  .689    1.
 1 1987  32 14713.  22.0 30.0 2.742  .689   60.
 1 1987  33 14573.  22.0 30.0 2.742  .689    6.
 1 1987  34 14432.  22.0 30.0 2.742  .689   21.
 1 1987  35 14291.  22.0 30.0 2.742  .689    3.
 1 1987  36 14149.  22.0 30.0 2.742  .689   49.
 1 1987  37 14007.  22.0 30.0 2.742  .689    7.
 1 1987  38 13865.  22.0 30.0 2.742  .689    3.
 1 1987  39 13721.  22.0 30.0 2.742  .689   15.
 1 1987  40 13578.  22.0 30.0 2.742  .689   29.
 1 1987  41 13433.  22.0 30.0 2.742  .689    2.
 1 1987  42 13289.  22.0 30.0 2.742  .689    2.
 1 1987  43 13143.  22.0 30.0 2.742  .689    3.
 1 1987  44 12997.  22.0 30.0 2.742  .689    0.
 1 1987  45 12851.  22.0 30.0 2.742  .689   21.
 1 1987  46 13017.  22.0 30.0 2.742  .689    7.
 1 1987  47 13183.  22.0 30.0 2.742  .689   83.
 1 1987  48 13349.  22.0 30.0 2.742  .689    4.
 1 1987  49 13514.  22.0 30.0 2.742  .689    1.
 1 1987  50 13679.  22.0 30.0 2.742  .689   31.
 1 1987  51 13843.  22.0 30.0 2.742  .689    0.
 1 1987  52 14007.  22.0 30.0 2.742  .689   16.
 1 1987  53 14171.  22.0 30.0 2.742  .689  102.
 1 1987  54 14334.  22.0 30.0 2.742  .689    7.
 1 1987  55 14496.  22.0 30.0 2.742  .689   21.
 1 1987  56 14658.  22.0 30.0 2.742  .689    1.
 1 1987  57 14819.  22.0 30.0 2.742  .689   56.
 1 1987  58 14980.  22.0 30.0 2.742  .689  169.
 1 1987  59 15139.  22.0 30.0 2.742  .689    4.
 1 1987  60 15298.  22.0 30.0 2.742  .689   25.
 1 1987  61 15457.  22.0 30.0 2.742  .689   16.
 1 1987  62 15614.  22.0 30.0 2.742  .689   11.
 1 1987  63 15771.  22.0 30.0 2.742  .689    6.
 1 1987  64 15927.  22.0 30.0 2.742  .689    0.
 1 1987  65 16082.  22.0 30.0 2.742  .689    7.
 1 1987  66 16236.  22.0 30.0 2.742  .689    2.
 1 1987  67 16389.  22.0 30.0 2.742  .689    0.
 1 1987  68 16542.  22.0 30.0 2.742  .689    9.
 1 1987  69 16693.  22.0 30.0 2.742  .689   14.
 1 1987  70 16843.  22.0 30.0 2.742  .689    3.
 1 1987  71 16992.  22.0 30.0 2.742  .689    0.
 1 1987  72 17141.  22.0 30.0 2.742  .689   15.
 1 1987  73 17288.  22.0 30.0 2.742  .689    0.
 1 1987  74 17434.  22.0 30.0 2.742  .689    6.
 1 1987  75 17472.  22.0 30.0 2.742  .689   13.
 1 1987  76 17509.  22.0 30.0 2.742  .689    0.
 1 1987  77 17545.  22.0 30.0 2.742  .689    1.
 1 1987  78 17580.  22.0 30.0 2.742  .689   17.
 1 1987  79 17614.  22.0 30.0 2.742  .689    1.
 1 1987  80 17647.  22.0 30.0 2.742  .689    6.
 1 1987  81 17679.  22.0 30.0 2.742  .689   15.
 1 1987  82 17710.  22.0 30.0 2.742  .689   67.
 1 1987  83 17740.  22.0 30.0 2.742  .689  174.
 1 1987  84 17769.  22.0 30.0 2.742  .689   14.
 1 1987  85 17797.  22.0 30.0 2.742  .689    0.
 1 1987  86 17825.  22.0 30.0 2.742  .689   24.
 1 1987  87 17851.  22.0 30.0 2.742  .689   79.
 1 1987  88 17876.  22.0 30.0 2.742  .689   10.
 1 1987  89 17901.  22.0 30.0 2.742  .689    0.
 1 1987  90 17924.  22.0 30.0 2.742  .689    0.
 1 1987  91 17947.  22.0 30.0 2.742  .689   14.
 1 1987  92 17969.  22.0 30.0 2.742  .689    0.
 1 1987  93 17989.  22.0 30.0 2.742  .689    1.
 1 1987  94 18009.  22.0 30.0 2.742  .689   11.
 1 1987  95 18028.  22.0 30.0 2.742  .689    1.
 1 1987  96 18046.  22.0 30.0 2.742  .689    2.
 1 1987  97 18063.  22.0 30.0 2.742  .689   30.
 1 1987  98 18080.  22.0 30.0 2.742  .689    0.
 1 1987  99 18095.  22.0 30.0 2.742  .689    0.
 1 1987 100 18110.  22.0 30.0 2.742  .689    3.
 1 1987 101 18124.  22.0 30.0 2.742  .689   11.
 1 1987 102 18137.  22.0 30.0 2.742  .689   36.
 1 1987 103 18150.  22.0 30.0 2.742  .689    0.
 1 1987 104 18162.  22.0 30.0 2.742  .689    0.
 1 1987 105 18173.  22.0 30.0 2.742  .689    0.
 1 1987 106 18158.  22.0 30.0 2.742  .689    1.
 1 1987 107 18142.  22.0 30.0 2.742  .689    0.
 1 1987 108 18126.  22.0 30.0 2.742  .689    0.
 1 1987 109 18110.  22.0 30.0 2.742  .689    0.
 1 1987 110 18093.  22.0 30.0 2.742  .689    0.
 1 1987 111 18076.  22.0 30.0 2.742  .689    1.
 1 1987 112 18058.  22.0 30.0 2.742  .689    0.
 1 1987 113 18040.  22.0 30.0 2.742  .689    0.
 1 1987 114 18021.  22.0 30.0 2.742  .689    1.
 1 1987 115 18003.  22.0 30.0 2.742  .689    2.
 1 1987 116 17984.  22.0 30.0 2.742  .689    0.
 1 1987 117 17964.  22.0 30.0 2.742  .689    0.
 1 1987 118 17945.  22.0 30.0 2.742  .689   33.
 1 1987 119 17925.  22.0 30.0 2.742  .689    9.
 1 1987 120 17906.  22.0 30.0 2.742  .689    3.
 1 1987 121 17886.  22.0 30.0 2.742  .689    0.
 1 1987 122 17866.  22.0 30.0 2.742  .689    0.
 1 1987 123 17846.  22.0 30.0 2.742  .689    0.
 1 1987 124 17826.  22.0 30.0 2.742  .689    7.
 1 1987 125 17806.  22.0 30.0 2.742  .689   12.
 1 1987 126 17787.  22.0 30.0 2.742  .689    0.
 1 1987 127 17767.  22.0 30.0 2.742  .689    0.
 1 1987 128 17748.  22.0 30.0 2.742  .689   14.
 1 1987 129 17728.  22.0 30.0 2.742  .689    0.
 1 1987 130 17709.  22.0 30.0 2.742  .689    0.
 1 1987 131 17691.  22.0 30.0 2.742  .689    0.
 1 1987 132 17672.  22.0 30.0 2.742  .689    0.
 1 1987 133 17654.  22.0 30.0 2.742  .689    0.
 1 1987 134 17636.  22.0 30.0 2.742  .689    0.
 1 1987 135 17619.  22.0 30.0 2.742  .689    0.
 1 1987 136 17583.  22.0 30.0 2.742  .689    0.
 1 1987 137 17548.  22.0 30.0 2.742  .689   10.
 1 1987 138 17513.  22.0 30.0 2.742  .689    2.
 1 1987 139 17478.  22.0 30.0 2.742  .689    9.
 1 1987 140 17445.  22.0 30.0 2.742  .689    0.
 1 1987 141 17412.  22.0 30.0 2.742  .689    1.
 1 1987 142 17380.  22.0 30.0 2.742  .689    0.
 1 1987 143 17349.  22.0 30.0 2.742  .689    0.
 1 1987 144 17318.  22.0 30.0 2.742  .689    1.
 1 1987 145 17289.  22.0 30.0 2.742  .689    6.
 1 1987 146 17260.  22.0 30.0 2.742  .689    0.
 1 1987 147 17233.  22.0 30.0 2.742  .689    9.
 1 1987 148 17206.  22.0 30.0 2.742  .689   13.
 1 1987 149 17180.  22.0 30.0 2.742  .689    7.
 1 1987 150 17156.  22.0 30.0 2.742  .689    0.
 1 1987 151 17132.  22.0 30.0 2.742  .689    0.
 1 1987 152 17110.  22.0 30.0 2.742  .689    0.
 1 1987 153 17089.  22.0 30.0 2.742  .689    0.
 1 1987 154 17068.  22.0 30.0 2.742  .689    0.
 1 1987 155 17049.  22.0 30.0 2.742  .689    0.
 1 1987 156 17032.  22.0 30.0 2.742  .689    0.
 1 1987 157 17015.  22.0 30.0 2.742  .689    3.
 1 1987 158 17000.  22.0 30.0 2.742  .689    0.
 1 1987 159 16986.  22.0 30.0 2.742  .689    0.
 1 1987 160 16973.  22.0 30.0 2.742  .689    0.
 1 1987 161 16961.  22.0 30.0 2.742  .689    0.
 1 1987 162 16951.  22.0 30.0 2.742  .689    0.
 1 1987 163 16943.  22.0 30.0 2.742  .689    0.
 1 1987 164 16935.  22.0 30.0 2.742  .689    0.
 1 1987 165 16929.  22.0 30.0 2.742  .689    0.
 1 1987 166 16924.  22.0 30.0 2.742  .689    0.
 1 1987 167 16825.  22.0 30.0 2.742  .689    0.
 1 1987 168 16728.  22.0 30.0 2.742  .689    0.
 1 1987 169 16631.  22.0 30.0 2.742  .689    0.
 1 1987 170 16537.  22.0 30.0 2.742  .689    0.
 1 1987 171 16444.  22.0 30.0 2.742  .689    0.
 1 1987 172 16352.  22.0 30.0 2.742  .689    2.
 1 1987 173 16261.  22.0 30.0 2.742  .689    3.
 1 1987 174 16172.  22.0 30.0 2.742  .689    0.
 1 1987 175 16085.  22.0 30.0 2.742  .689    0.
 1 1987 176 15998.  22.0 30.0 2.742  .689    0.
 1 1987 177 15913.  22.0 30.0 2.742  .689    0.
 1 1987 178 15830.  22.0 30.0 2.742  .689    0.
 1 1987 179 15747.  22.0 30.0 2.742  .689    0.
 1 1987 180 15666.  22.0 30.0 2.742  .689    0.
 1 1987 181 15586.  22.0 30.0 2.742  .689    0.
 1 1987 182 15508.  22.0 30.0 2.742  .689    0.
 1 1987 183 15430.  22.0 30.0 2.742  .689    0.
 1 1987 184 15353.  22.0 30.0 2.742  .689    0.
 1 1987 185 15278.  22.0 30.0 2.742  .689    0.
 1 1987 186 15204.  22.0 30.0 2.742  .689   18.
 1 1987 187 15130.  22.0 30.0 2.742  .689    0.
 1 1987 188 15058.  22.0 30.0 2.742  .689   35.
 1 1987 189 14987.  22.0 30.0 2.742  .689    0.
 1 1987 190 14916.  22.0 30.0 2.742  .689    2.
 1 1987 191 14846.  22.0 30.0 2.742  .689    0.
 1 1987 192 14777.  22.0 30.0 2.742  .689   11.
 1 1987 193 14709.  22.0 30.0 2.742  .689    0.
 1 1987 194 14642.  22.0 30.0 2.742  .689   12.
 1 1987 195 14576.  22.0 30.0 2.742  .689    3.
 1 1987 196 14510.  22.0 30.0 2.742  .689    0.
 1 1987 197 14635.  22.0 30.0 2.742  .689    7.
 1 1987 198 14761.  22.0 30.0 2.742  .689    4.
 1 1987 199 14888.  22.0 30.0 2.742  .689    1.
 1 1987 200 15016.  22.0 30.0 2.742  .689    0.
 1 1987 201 15146.  22.0 30.0 2.742  .689    0.
 1 1987 202 15277.  22.0 30.0 2.742  .689    0.
 1 1987 203 15409.  22.0 30.0 2.742  .689    0.
 1 1987 204 15542.  22.0 30.0 2.742  .689    0.
 1 1987 205 15676.  22.0 30.0 2.742  .689    0.
 1 1987 206 15812.  22.0 30.0 2.742  .689    0.
 1 1987 207 15948.  22.0 30.0 2.742  .689   19.
 1 1987 208 16086.  22.0 30.0 2.742  .689   10.
 1 1987 209 16225.  22.0 30.0 2.742  .689    0.
 1 1987 210 16365.  22.0 30.0 2.742  .689   35.
 1 1987 211 16505.  22.0 30.0 2.742  .689    0.
 1 1987 212 16647.  22.0 30.0 2.742  .689    0.
 1 1987 213 16790.  22.0 30.0 2.742  .689    2.
 1 1987 214 16934.  22.0 30.0 2.742  .689    0.
 1 1987 215 17078.  22.0 30.0 2.742  .689    0.
 1 1987 216 17224.  22.0 30.0 2.742  .689    0.
 1 1987 217 17371.  22.0 30.0 2.742  .689    0.
 1 1987 218 17518.  22.0 30.0 2.742  .689    0.
 1 1987 219 17666.  22.0 30.0 2.742  .689    0.
 1 1987 220 17815.  22.0 30.0 2.742  .689    6.
 1 1987 221 17964.  22.0 30.0 2.742  .689    0.
 1 1987 222 18115.  22.0 30.0 2.742  .689   13.
 1 1987 223 18266.  22.0 30.0 2.742  .689    0.
 1 1987 224 18417.  22.0 30.0 2.742  .689    0.
 1 1987 225 18570.  22.0 30.0 2.742  .689    1.
 1 1987 226 18723.  22.0 30.0 2.742  .689    0.
 1 1987 227 18876.  22.0 30.0 2.742  .689    0.
 1 1987 228 18908.  22.0 30.0 2.742  .689    0.
 1 1987 229 18941.  22.0 30.0 2.742  .689    0.
 1 1987 230 18973.  22.0 30.0 2.742  .689    0.
 1 1987 231 19005.  22.0 30.0 2.742  .689    0.
 1 1987 232 19036.  22.0 30.0 2.742  .689   16.
 1 1987 233 19068.  22.0 30.0 2.742  .689   10.
 1 1987 234 19099.  22.0 30.0 2.742  .689    0.
 1 1987 235 19130.  22.0 30.0 2.742  .689    0.
 1 1987 236 19161.  22.0 30.0 2.742  .689    0.
 1 1987 237 19191.  22.0 30.0 2.742  .689    0.
 1 1987 238 19221.  22.0 30.0 2.742  .689    1.
 1 1987 239 19250.  22.0 30.0 2.742  .689    0.
 1 1987 240 19280.  22.0 30.0 2.742  .689    0.
 1 1987 241 19308.  22.0 30.0 2.742  .689    0.
 1 1987 242 19336.  22.0 30.0 2.742  .689    4.
 1 1987 243 19364.  22.0 30.0 2.742  .689    0.
 1 1987 244 19391.  22.0 30.0 2.742  .689   95.
 1 1987 245 19417.  22.0 30.0 2.742  .689    0.
 1 1987 246 19443.  22.0 30.0 2.742  .689    0.
 1 1987 247 19468.  22.0 30.0 2.742  .689    0.
 1 1987 248 19492.  22.0 30.0 2.742  .689    0.
 1 1987 249 19516.  22.0 30.0 2.742  .689    0.
 1 1987 250 19539.  22.0 30.0 2.742  .689    0.
 1 1987 251 19561.  22.0 30.0 2.742  .689    0.
 1 1987 252 19583.  22.0 30.0 2.742  .689    0.
 1 1987 253 19604.  22.0 30.0 2.742  .689    0.
 1 1987 254 19624.  22.0 30.0 2.742  .689    0.
 1 1987 255 19643.  22.0 30.0 2.742  .689    0.
 1 1987 256 19662.  22.0 30.0 2.742  .689    0.
 1 1987 257 19679.  22.0 30.0 2.742  .689    0.
 1 1987 258 19696.  22.0 30.0 2.742  .689    0.
 1 1987 259 19654.  22.0 30.0 2.742  .689    0.
 1 1987 260 19610.  22.0 30.0 2.742  .689    0.
 1 1987 261 19566.  22.0 30.0 2.742  .689    0.
 1 1987 262 19520.  22.0 30.0 2.742  .689    5.
 1 1987 263 19474.  22.0 30.0 2.742  .689    0.
 1 1987 264 19426.  22.0 30.0 2.742  .689    8.
 1 1987 265 19378.  22.0 30.0 2.742  .689    0.
 1 1987 266 19328.  22.0 30.0 2.742  .689   72.
 1 1987 267 19277.  22.0 30.0 2.742  .689    0.
 1 1987 268 19226.  22.0 30.0 2.742  .689    0.
 1 1987 269 19173.  22.0 30.0 2.742  .689    0.
 1 1987 270 19119.  22.0 30.0 2.742  .689    0.
 1 1987 271 19065.  22.0 30.0 2.742  .689    0.
 1 1987 272 19009.  22.0 30.0 2.742  .689    0.
 1 1987 273 18952.  22.0 30.0 2.742  .689    0.
 1 1987 274 18894.  22.0 30.0 2.742  .689    0.
 1 1987 275 18836.  22.0 30.0 2.742  .689    0.
 1 1987 276 18776.  22.0 30.0 2.742  .689    0.
 1 1987 277 18716.  22.0 30.0 2.742  .689    0.
 1 1987 278 18654.  22.0 30.0 2.742  .689    0.
 1 1987 279 18591.  22.0 30.0 2.742  .689    0.
 1 1987 280 18528.  22.0 30.0 2.742  .689   14.
 1 1987 281 18464.  22.0 30.0 2.742  .689    0.
 1 1987 282 18399.  22.0 30.0 2.742  .689    0.
 1 1987 283 18333.  22.0 30.0 2.742  .689    7.
 1 1987 284 18266.  22.0 30.0 2.742  .689   13.
 1 1987 285 18198.  22.0 30.0 2.742  .689    8.
 1 1987 286 18129.  22.0 30.0 2.742  .689    0.
 1 1987 287 18060.  22.0 30.0 2.742  .689    0.
 1 1987 288 17990.  22.0 30.0 2.742  .689    0.
 1 1987 289 18101.  22.0 30.0 2.742  .689   15.
 1 1987 290 18212.  22.0 30.0 2.742  .689    0.
 1 1987 291 18322.  22.0 30.0 2.742  .689    9.
 1 1987 292 18431.  22.0 30.0 2.742  .689    0.
 1 1987 293 18539.  22.0 30.0 2.742  .689    0.
 1 1987 294 18647.  22.0 30.0 2.742  .689    0.
 1 1987 295 18754.  22.0 30.0 2.742  .689    0.
 1 1987 296 18860.  22.0 30.0 2.742  .689   18.
 1 1987 297 18966.  22.0 30.0 2.742  .689    0.
 1 1987 298 19071.  22.0 30.0 2.742  .689    0.
 1 1987 299 19175.  22.0 30.0 2.742  .689    0.
 1 1987 300 19279.  22.0 30.0 2.742  .689    0.
 1 1987 301 19382.  22.0 30.0 2.742  .689   12.
 1 1987 302 19484.  22.0 30.0 2.742  .689    0.
 1 1987 303 19586.  22.0 30.0 2.742  .689    0.
 1 1987 304 19687.  22.0 30.0 2.742  .689    0.
 1 1987 305 19787.  22.0 30.0 2.742  .689    5.
 1 1987 306 19887.  22.0 30.0 2.742  .689    1.
 1 1987 307 19986.  22.0 30.0 2.742  .689    9.
 1 1987 308 20085.  22.0 30.0 2.742  .689    0.
 1 1987 309 20183.  22.0 30.0 2.742  .689   19.
 1 1987 310 20281.  22.0 30.0 2.742  .689   10.
 1 1987 311 20378.  22.0 30.0 2.742  .689    0.
 1 1987 312 20475.  22.0 30.0 2.742  .689    0.
 1 1987 313 20571.  22.0 30.0 2.742  .689    6.
 1 1987 314 20667.  22.0 30.0 2.742  .689    0.
 1 1987 315 20763.  22.0 30.0 2.742  .689    0.
 1 1987 316 20858.  22.0 30.0 2.742  .689    6.
 1 1987 317 20953.  22.0 30.0 2.742  .689    0.
 1 1987 318 21048.  22.0 30.0 2.742  .689    0.
 1 1987 319 21142.  22.0 30.0 2.742  .689    0.
 1 1987 320 20925.  22.0 30.0 2.742  .689    0.
 1 1987 321 20707.  22.0 30.0 2.742  .689    7.
 1 1987 322 20490.  22.0 30.0 2.742  .689   29.
 1 1987 323 20273.  22.0 30.0 2.742  .689    0.
 1 1987 324 20057.  22.0 30.0 2.742  .689    0.
 1 1987 325 19840.  22.0 30.0 2.742  .689    3.
 1 1987 326 19624.  22.0 30.0 2.742  .689    5.
 1 1987 327 19409.  22.0 30.0 2.742  .689    0.
 1 1987 328 19193.  22.0 30.0 2.742  .689    0.
 1 1987 329 18978.  22.0 30.0 2.742  .689    4.
 1 1987 330 18764.  22.0 30.0 2.742  .689    0.
 1 1987 331 18550.  22.0 30.0 2.742  .689   12.
 1 1987 332 18336.  22.0 30.0 2.742  .689    0.
 1 1987 333 18123.  22.0 30.0 2.742  .689    0.
 1 1987 334 17910.  22.0 30.0 2.742  .689    6.
 1 1987 335 17698.  22.0 30.0 2.742  .689   44.
 1 1987 336 17487.  22.0 30.0 2.742  .689   10.
 1 1987 337 17275.  22.0 30.0 2.742  .689   13.
 1 1987 338 17065.  22.0 30.0 2.742  .689   31.
 1 1987 339 16854.  22.0 30.0 2.742  .689  113.
 1 1987 340 16645.  22.0 30.0 2.742  .689   45.
 1 1987 341 16435.  22.0 30.0 2.742  .689    0.
 1 1987 342 16227.  22.0 30.0 2.742  .689    0.
 1 1987 343 16018.  22.0 30.0 2.742  .689   30.
 1 1987 344 15811.  22.0 30.0 2.742  .689    1.
 1 1987 345 15603.  22.0 30.0 2.742  .689    0.
 1 1987 346 15396.  22.0 30.0 2.742  .689    2.
 1 1987 347 15190.  22.0 30.0 2.742  .689    3.
 1 1987 348 14984.  22.0 30.0 2.742  .689    0.
 1 1987 349 14779.  22.0 30.0 2.742  .689   10.
 1 1987 350 14843.  22.0 30.0 2.742  .689  189.
 1 1987 351 14908.  22.0 30.0 2.742  .689   10.
 1 1987 352 14974.  22.0 30.0 2.742  .689    0.
 1 1987 353 15040.  22.0 30.0 2.742  .689    5.
 1 1987 354 15106.  22.0 30.0 2.742  .689    8.
 1 1987 355 15172.  22.0 30.0 2.742  .689  140.
 1 1987 356 15239.  22.0 30.0 2.742  .689    0.
 1 1987 357 15307.  22.0 30.0 2.742  .689    3.
 1 1987 358 15375.  22.0 30.0 2.742  .689   28.
 1 1987 359 15443.  22.0 30.0 2.742  .689   19.
 1 1987 360 15512.  22.0 30.0 2.742  .689    0.
 1 1987 361 15581.  22.0 30.0 2.742  .689    1.
 1 1987 362 15651.  22.0 30.0 2.742  .689   80.
 1 1987 363 15721.  22.0 30.0 2.742  .689    1.
 1 1987 364 15791.  22.0 30.0 2.742  .689   12.
 1 1987 365 15862.  22.0 30.0 2.742  .689    2.
