*-------------------------------------------------------------*
* Station name: Dami Oil Palm Research Station, W.N.B., P.N.G.
* Year: 1981
* Author: W. Gerritsma
* Source: N. A. Warringa, 1985. Report on Investigation 902
*
* Longitude: 150 E, latitude:-5 30 N, altitude: 5 m.
*
* Interpolated values
*
* Column  Daily value
* 1       station number
* 2       year
* 3       day
* 4       radiation
* 5       minimum temperature           (degrees Celsius)
* 6       maximum temperature           (degrees Celsius)
* 7       early morning vapour pressure (kPa)
* 8       mean wind speed (height: 2 m) (m s-1)
* 9       precipitation                 (mm d-1)
*-------------------------------------------------------------*
 150 -5.5  5.0  0.0  0.0
 1 1981    1 15502.  22.8 31.6 3.150  .360    9.
 1 1981    2 15573.  22.8 31.6 3.156  .361   28.
 1 1981    3 15645.  22.8 31.6 3.163  .363    4.
 1 1981    4 15717.  22.8 31.6 3.169  .364   39.
 1 1981    5 15790.  22.8 31.5 3.176  .366    0.
 1 1981    6 15863.  22.8 31.5 3.182  .367    3.
 1 1981    7 15937.  22.8 31.5 3.189  .369    0.
 1 1981    8 16011.  22.8 31.5 3.195  .370    0.
 1 1981    9 16085.  22.7 31.5 3.201  .371   94.
 1 1981   10 16159.  22.7 31.5 3.208  .373    0.
 1 1981   11 16234.  22.7 31.5 3.214  .374   53.
 1 1981   12 16309.  22.7 31.4 3.221  .376    2.
 1 1981   13 16385.  22.7 31.4 3.227  .377   10.
 1 1981   14 16461.  22.7 31.4 3.234  .379   25.
 1 1981   15 16537.  22.7 31.4 3.240  .380    0.
 1 1981   16 16440.  22.7 31.3 3.240  .380   38.
 1 1981   17 16344.  22.7 31.3 3.240  .381    0.
 1 1981   18 16248.  22.7 31.2 3.240  .381    0.
 1 1981   19 16151.  22.7 31.2 3.240  .381   10.
 1 1981   20 16055.  22.7 31.1 3.240  .382   61.
 1 1981   21 15958.  22.7 31.1 3.240  .382    0.
 1 1981   22 15861.  22.7 31.0 3.240  .382    0.
 1 1981   23 15764.  22.8 30.9 3.240  .383   52.
 1 1981   24 15666.  22.8 30.9 3.240  .383    0.
 1 1981   25 15569.  22.8 30.8 3.240  .383    0.
 1 1981   26 15471.  22.8 30.8 3.240  .384   14.
 1 1981   27 15373.  22.8 30.7 3.240  .384    0.
 1 1981   28 15274.  22.8 30.7 3.240  .384   42.
 1 1981   29 15176.  22.8 30.6 3.240  .385   17.
 1 1981   30 15077.  22.8 30.6 3.240  .385    1.
 1 1981   31 14977.  22.8 30.5 3.240  .385    0.
 1 1981   32 14877.  22.8 30.4 3.240  .386   42.
 1 1981   33 14777.  22.8 30.4 3.240  .386   27.
 1 1981   34 14676.  22.8 30.3 3.240  .386   22.
 1 1981   35 14575.  22.8 30.3 3.240  .387   55.
 1 1981   36 14474.  22.8 30.2 3.240  .387   44.
 1 1981   37 14372.  22.8 30.2 3.240  .387    0.
 1 1981   38 14269.  22.9 30.1 3.240  .388    0.
 1 1981   39 14166.  22.9 30.0 3.240  .388   52.
 1 1981   40 14063.  22.9 30.0 3.240  .388    1.
 1 1981   41 13959.  22.9 29.9 3.240  .389   35.
 1 1981   42 13854.  22.9 29.9 3.240  .389   15.
 1 1981   43 13749.  22.9 29.8 3.240  .389   17.
 1 1981   44 13643.  22.9 29.8 3.240  .390   21.
 1 1981   45 13537.  22.9 29.7 3.240  .390    0.
 1 1981   46 13818.  22.9 29.8 3.243  .398   50.
 1 1981   47 14098.  22.9 29.8 3.247  .405    1.
 1 1981   48 14377.  22.9 29.9 3.250  .413    0.
 1 1981   49 14657.  22.9 29.9 3.254  .420    0.
 1 1981   50 14936.  22.9 30.0 3.257  .428   11.
 1 1981   51 15214.  22.9 30.0 3.261  .436    6.
 1 1981   52 15493.  22.9 30.1 3.264  .443    0.
 1 1981   53 15770.  22.8 30.1 3.268  .451   42.
 1 1981   54 16047.  22.8 30.2 3.271  .458   44.
 1 1981   55 16324.  22.8 30.2 3.274  .466    8.
 1 1981   56 16600.  22.8 30.3 3.278  .473  301.
 1 1981   57 16875.  22.8 30.3 3.281  .481    0.
 1 1981   58 17149.  22.8 30.4 3.285  .489    0.
 1 1981   59 17423.  22.8 30.4 3.288  .496   14.
 1 1981   60 17695.  22.8 30.5 3.292  .504    0.
 1 1981   61 17967.  22.8 30.5 3.295  .511    0.
 1 1981   62 18238.  22.8 30.6 3.299  .519    0.
 1 1981   63 18508.  22.8 30.6 3.302  .527    0.
 1 1981   64 18777.  22.8 30.7 3.306  .534   17.
 1 1981   65 19045.  22.8 30.7 3.309  .542    0.
 1 1981   66 19312.  22.8 30.8 3.312  .549    0.
 1 1981   67 19577.  22.7 30.8 3.316  .557    0.
 1 1981   68 19842.  22.7 30.9 3.319  .564    5.
 1 1981   69 20105.  22.7 30.9 3.323  .572  121.
 1 1981   70 20366.  22.7 31.0 3.326  .580    0.
 1 1981   71 20627.  22.7 31.0 3.330  .587    0.
 1 1981   72 20886.  22.7 31.1 3.333  .595    1.
 1 1981   73 21144.  22.7 31.1 3.337  .602    0.
 1 1981   74 21400.  22.7 31.2 3.340  .610    0.
 1 1981   75 21262.  22.7 31.2 3.330  .604    0.
 1 1981   76 21123.  22.7 31.2 3.321  .598   80.
 1 1981   77 20984.  22.8 31.1 3.311  .593    1.
 1 1981   78 20843.  22.8 31.1 3.301  .587    0.
 1 1981   79 20702.  22.8 31.1 3.292  .581    4.
 1 1981   80 20560.  22.8 31.1 3.282  .575   15.
 1 1981   81 20418.  22.8 31.1 3.272  .569    0.
 1 1981   82 20274.  22.9 31.0 3.263  .564   55.
 1 1981   83 20130.  22.9 31.0 3.253  .558   73.
 1 1981   84 19986.  22.9 31.0 3.243  .552    0.
 1 1981   85 19840.  22.9 31.0 3.234  .546    0.
 1 1981   86 19694.  22.9 31.0 3.224  .540    0.
 1 1981   87 19548.  23.0 30.9 3.214  .535    0.
 1 1981   88 19401.  23.0 30.9 3.205  .529    0.
 1 1981   89 19254.  23.0 30.9 3.195  .523    0.
 1 1981   90 19106.  23.0 30.9 3.185  .517    0.
 1 1981   91 18957.  23.0 30.9 3.175  .511    0.
 1 1981   92 18808.  23.0 30.9 3.166  .505    0.
 1 1981   93 18659.  23.1 30.8 3.156  .500    0.
 1 1981   94 18510.  23.1 30.8 3.146  .494    1.
 1 1981   95 18360.  23.1 30.8 3.137  .488    0.
 1 1981   96 18210.  23.1 30.8 3.127  .482   42.
 1 1981   97 18060.  23.1 30.8 3.117  .476    0.
 1 1981   98 17909.  23.2 30.7 3.108  .471    4.
 1 1981   99 17758.  23.2 30.7 3.098  .465   19.
 1 1981  100 17608.  23.2 30.7 3.088  .459    0.
 1 1981  101 17457.  23.2 30.7 3.079  .453   87.
 1 1981  102 17306.  23.2 30.7 3.069  .447   19.
 1 1981  103 17155.  23.3 30.6 3.059  .442    7.
 1 1981  104 17004.  23.3 30.6 3.050  .436    0.
 1 1981  105 16853.  23.3 30.6 3.040  .430    0.
 1 1981  106 16920.  23.3 30.7 3.038  .439   15.
 1 1981  107 16987.  23.3 30.7 3.036  .447    3.
 1 1981  108 17053.  23.3 30.8 3.034  .456   16.
 1 1981  109 17118.  23.3 30.8 3.032  .465    0.
 1 1981  110 17182.  23.3 30.9 3.030  .473    0.
 1 1981  111 17246.  23.3 30.9 3.028  .482   78.
 1 1981  112 17309.  23.3 31.0 3.026  .491   16.
 1 1981  113 17371.  23.4 31.1 3.024  .499    0.
 1 1981  114 17432.  23.4 31.1 3.022  .508   14.
 1 1981  115 17493.  23.4 31.2 3.020  .517    5.
 1 1981  116 17553.  23.4 31.2 3.018  .525    4.
 1 1981  117 17613.  23.4 31.3 3.016  .534    1.
 1 1981  118 17672.  23.4 31.3 3.014  .543    0.
 1 1981  119 17730.  23.4 31.4 3.012  .551    0.
 1 1981  120 17788.  23.4 31.4 3.010  .560   49.
 1 1981  121 17845.  23.4 31.5 3.008  .569    0.
 1 1981  122 17902.  23.4 31.6 3.006  .577    0.
 1 1981  123 17959.  23.4 31.6 3.004  .586    0.
 1 1981  124 18015.  23.4 31.7 3.002  .595    1.
 1 1981  125 18071.  23.4 31.7 3.000  .603    3.
 1 1981  126 18126.  23.4 31.8 2.998  .612    3.
 1 1981  127 18181.  23.4 31.8 2.996  .621    0.
 1 1981  128 18237.  23.5 31.9 2.994  .629    0.
 1 1981  129 18292.  23.5 32.0 2.992  .638    6.
 1 1981  130 18346.  23.5 32.0 2.990  .647    0.
 1 1981  131 18401.  23.5 32.1 2.988  .655   17.
 1 1981  132 18456.  23.5 32.1 2.986  .664   55.
 1 1981  133 18511.  23.5 32.2 2.984  .673    0.
 1 1981  134 18565.  23.5 32.2 2.982  .681    0.
 1 1981  135 18620.  23.5 32.3 2.980  .690    3.
 1 1981  136 18506.  23.5 32.3 2.980  .683    0.
 1 1981  137 18393.  23.4 32.2 2.979  .676    8.
 1 1981  138 18281.  23.4 32.2 2.979  .670    0.
 1 1981  139 18170.  23.4 32.2 2.979  .663    3.
 1 1981  140 18060.  23.4 32.1 2.978  .656   18.
 1 1981  141 17951.  23.3 32.1 2.978  .649    0.
 1 1981  142 17843.  23.3 32.1 2.978  .643    0.
 1 1981  143 17736.  23.3 32.0 2.977  .636    0.
 1 1981  144 17631.  23.3 32.0 2.977  .629    0.
 1 1981  145 17526.  23.2 31.9 2.977  .622    6.
 1 1981  146 17423.  23.2 31.9 2.976  .615    0.
 1 1981  147 17321.  23.2 31.9 2.976  .609    1.
 1 1981  148 17221.  23.2 31.8 2.976  .602    0.
 1 1981  149 17121.  23.1 31.8 2.975  .595   14.
 1 1981  150 17023.  23.1 31.8 2.975  .588    0.
 1 1981  151 16927.  23.1 31.7 2.975  .582    0.
 1 1981  152 16831.  23.1 31.7 2.975  .575   15.
 1 1981  153 16737.  23.0 31.7 2.974  .568    0.
 1 1981  154 16645.  23.0 31.6 2.974  .561    0.
 1 1981  155 16553.  23.0 31.6 2.974  .555   15.
 1 1981  156 16463.  23.0 31.6 2.973  .548    0.
 1 1981  157 16375.  22.9 31.5 2.973  .541    0.
 1 1981  158 16288.  22.9 31.5 2.973  .534    0.
 1 1981  159 16202.  22.9 31.4 2.972  .527    0.
 1 1981  160 16117.  22.9 31.4 2.972  .521    2.
 1 1981  161 16034.  22.8 31.4 2.972  .514    8.
 1 1981  162 15953.  22.8 31.3 2.971  .507   31.
 1 1981  163 15873.  22.8 31.3 2.971  .500    0.
 1 1981  164 15794.  22.8 31.3 2.971  .494    0.
 1 1981  165 15717.  22.7 31.2 2.970  .487    0.
 1 1981  166 15641.  22.7 31.2 2.970  .480   41.
 1 1981  167 15593.  22.7 31.2 2.966  .491    9.
 1 1981  168 15546.  22.7 31.1 2.961  .503    0.
 1 1981  169 15501.  22.7 31.1 2.957  .514   10.
 1 1981  170 15457.  22.7 31.1 2.953  .525   42.
 1 1981  171 15414.  22.7 31.1 2.948  .537    0.
 1 1981  172 15373.  22.7 31.0 2.944  .548    1.
 1 1981  173 15333.  22.7 31.0 2.940  .559   63.
 1 1981  174 15294.  22.7 31.0 2.935  .571    0.
 1 1981  175 15257.  22.7 31.0 2.931  .582   23.
 1 1981  176 15221.  22.7 30.9 2.927  .593   15.
 1 1981  177 15186.  22.7 30.9 2.922  .605    9.
 1 1981  178 15153.  22.7 30.9 2.918  .616   19.
 1 1981  179 15121.  22.7 30.9 2.914  .627    1.
 1 1981  180 15090.  22.7 30.8 2.909  .639   13.
 1 1981  181 15060.  22.8 30.8 2.905  .650    1.
 1 1981  182 15031.  22.8 30.8 2.901  .661   35.
 1 1981  183 15004.  22.8 30.7 2.896  .673    0.
 1 1981  184 14978.  22.8 30.7 2.892  .684   27.
 1 1981  185 14953.  22.8 30.7 2.888  .695   25.
 1 1981  186 14929.  22.8 30.7 2.883  .707    7.
 1 1981  187 14906.  22.8 30.6 2.879  .718    0.
 1 1981  188 14884.  22.8 30.6 2.875  .729    0.
 1 1981  189 14863.  22.8 30.6 2.870  .741    0.
 1 1981  190 14843.  22.8 30.6 2.866  .752    0.
 1 1981  191 14824.  22.8 30.5 2.862  .763    4.
 1 1981  192 14807.  22.8 30.5 2.857  .775   40.
 1 1981  193 14790.  22.8 30.5 2.853  .786    2.
 1 1981  194 14774.  22.8 30.5 2.849  .797    0.
 1 1981  195 14759.  22.8 30.4 2.844  .809    0.
 1 1981  196 14744.  22.8 30.4 2.840  .820   43.
 1 1981  197 14884.  22.8 30.4 2.834  .844    6.
 1 1981  198 15024.  22.8 30.4 2.828  .868   47.
 1 1981  199 15166.  22.8 30.4 2.823  .893    2.
 1 1981  200 15310.  22.8 30.5 2.817  .917    0.
 1 1981  201 15454.  22.8 30.5 2.811  .941    2.
 1 1981  202 15600.  22.8 30.5 2.805  .965    0.
 1 1981  203 15747.  22.8 30.5 2.799  .989    0.
 1 1981  204 15895.  22.7 30.5 2.794 1.014    0.
 1 1981  205 16045.  22.7 30.5 2.788 1.038    3.
 1 1981  206 16195.  22.7 30.6 2.782 1.062   25.
 1 1981  207 16347.  22.7 30.6 2.776 1.086    0.
 1 1981  208 16500.  22.7 30.6 2.770 1.110    5.
 1 1981  209 16654.  22.7 30.6 2.765 1.135   11.
 1 1981  210 16810.  22.7 30.6 2.759 1.159    0.
 1 1981  211 16966.  22.7 30.6 2.753 1.183   16.
 1 1981  212 17124.  22.7 30.7 2.747 1.207    0.
 1 1981  213 17282.  22.7 30.7 2.741 1.231    0.
 1 1981  214 17442.  22.7 30.7 2.735 1.255    1.
 1 1981  215 17602.  22.7 30.7 2.730 1.280   19.
 1 1981  216 17764.  22.7 30.7 2.724 1.304   12.
 1 1981  217 17926.  22.7 30.7 2.718 1.328    6.
 1 1981  218 18090.  22.7 30.8 2.712 1.352    0.
 1 1981  219 18254.  22.7 30.8 2.706 1.376    0.
 1 1981  220 18419.  22.6 30.8 2.701 1.401    0.
 1 1981  221 18585.  22.6 30.8 2.695 1.425    0.
 1 1981  222 18752.  22.6 30.8 2.689 1.449    3.
 1 1981  223 18919.  22.6 30.8 2.683 1.473    0.
 1 1981  224 19088.  22.6 30.9 2.677 1.497    0.
 1 1981  225 19257.  22.6 30.9 2.672 1.522    0.
 1 1981  226 19426.  22.6 30.9 2.666 1.546    0.
 1 1981  227 19597.  22.6 30.9 2.660 1.570    0.
 1 1981  228 19595.  22.6 30.9 2.664 1.563   22.
 1 1981  229 19593.  22.7 31.0 2.668 1.555    1.
 1 1981  230 19591.  22.7 31.0 2.672 1.548    0.
 1 1981  231 19589.  22.8 31.0 2.675 1.540    0.
 1 1981  232 19586.  22.8 31.1 2.679 1.533   18.
 1 1981  233 19583.  22.8 31.1 2.683 1.525    0.
 1 1981  234 19580.  22.9 31.1 2.687 1.518    5.
 1 1981  235 19576.  22.9 31.2 2.691 1.511    0.
 1 1981  236 19571.  22.9 31.2 2.695 1.503    0.
 1 1981  237 19566.  23.0 31.2 2.699 1.496    5.
 1 1981  238 19561.  23.0 31.3 2.703 1.488    0.
 1 1981  239 19555.  23.1 31.3 2.706 1.481    1.
 1 1981  240 19548.  23.1 31.3 2.710 1.474    0.
 1 1981  241 19541.  23.1 31.4 2.714 1.466    0.
 1 1981  242 19532.  23.2 31.4 2.718 1.459    0.
 1 1981  243 19524.  23.2 31.4 2.722 1.451    4.
 1 1981  244 19514.  23.3 31.4 2.726 1.444    0.
 1 1981  245 19504.  23.3 31.5 2.730 1.436    0.
 1 1981  246 19493.  23.3 31.5 2.734 1.429    3.
 1 1981  247 19481.  23.4 31.5 2.737 1.422    0.
 1 1981  248 19469.  23.4 31.6 2.741 1.414    0.
 1 1981  249 19456.  23.5 31.6 2.745 1.407    0.
 1 1981  250 19441.  23.5 31.6 2.749 1.399    0.
 1 1981  251 19426.  23.5 31.7 2.753 1.392    0.
 1 1981  252 19411.  23.6 31.7 2.757 1.385    0.
 1 1981  253 19394.  23.6 31.7 2.761 1.377    0.
 1 1981  254 19376.  23.6 31.8 2.765 1.370   49.
 1 1981  255 19358.  23.7 31.8 2.768 1.362    0.
 1 1981  256 19338.  23.7 31.8 2.772 1.355   15.
 1 1981  257 19318.  23.8 31.9 2.776 1.347    4.
 1 1981  258 19296.  23.8 31.9 2.780 1.340    0.
 1 1981  259 19345.  23.8 31.9 2.784 1.322    2.
 1 1981  260 19392.  23.7 31.9 2.789 1.305   21.
 1 1981  261 19439.  23.7 31.9 2.793 1.287    0.
 1 1981  262 19485.  23.7 31.9 2.797 1.269    0.
 1 1981  263 19530.  23.7 31.9 2.802 1.252   16.
 1 1981  264 19574.  23.6 31.8 2.806 1.234    0.
 1 1981  265 19617.  23.6 31.8 2.810 1.216   26.
 1 1981  266 19660.  23.6 31.8 2.815 1.199    2.
 1 1981  267 19702.  23.6 31.8 2.819 1.181    0.
 1 1981  268 19743.  23.5 31.8 2.823 1.163    0.
 1 1981  269 19783.  23.5 31.8 2.828 1.146   10.
 1 1981  270 19822.  23.5 31.8 2.832 1.128    0.
 1 1981  271 19860.  23.5 31.8 2.836 1.110    4.
 1 1981  272 19898.  23.4 31.8 2.841 1.093    0.
 1 1981  273 19934.  23.4 31.8 2.845 1.075    0.
 1 1981  274 19970.  23.4 31.7 2.849 1.057    0.
 1 1981  275 20005.  23.3 31.7 2.854 1.040    0.
 1 1981  276 20038.  23.3 31.7 2.858 1.022    8.
 1 1981  277 20071.  23.3 31.7 2.862 1.004    0.
 1 1981  278 20103.  23.3 31.7 2.867  .987    3.
 1 1981  279 20135.  23.2 31.7 2.871  .969   20.
 1 1981  280 20165.  23.2 31.7 2.875  .951    0.
 1 1981  281 20194.  23.2 31.7 2.880  .934   13.
 1 1981  282 20223.  23.2 31.7 2.884  .916    0.
 1 1981  283 20250.  23.1 31.6 2.888  .898    1.
 1 1981  284 20277.  23.1 31.6 2.893  .881    0.
 1 1981  285 20303.  23.1 31.6 2.897  .863    0.
 1 1981  286 20328.  23.1 31.6 2.901  .845    0.
 1 1981  287 20352.  23.0 31.6 2.906  .828    0.
 1 1981  288 20375.  23.0 31.6 2.910  .810    0.
 1 1981  289 20391.  23.0 31.6 2.915  .795    0.
 1 1981  290 20407.  23.0 31.6 2.920  .781    0.
 1 1981  291 20422.  23.0 31.6 2.925  .766   28.
 1 1981  292 20436.  22.9 31.6 2.929  .752    0.
 1 1981  293 20449.  22.9 31.6 2.934  .737    0.
 1 1981  294 20461.  22.9 31.6 2.939  .723    8.
 1 1981  295 20473.  22.9 31.6 2.944  .708    0.
 1 1981  296 20484.  22.9 31.6 2.949  .694   39.
 1 1981  297 20494.  22.9 31.6 2.954  .679   88.
 1 1981  298 20504.  22.9 31.6 2.958  .665    1.
 1 1981  299 20513.  22.9 31.6 2.963  .650    0.
 1 1981  300 20521.  22.8 31.6 2.968  .636    0.
 1 1981  301 20528.  22.8 31.6 2.973  .621    0.
 1 1981  302 20535.  22.8 31.6 2.978  .607    0.
 1 1981  303 20542.  22.8 31.6 2.983  .592   28.
 1 1981  304 20548.  22.8 31.6 2.987  .578    2.
 1 1981  305 20553.  22.8 31.6 2.992  .563   83.
 1 1981  306 20558.  22.8 31.6 2.997  .549   13.
 1 1981  307 20562.  22.8 31.6 3.002  .534    7.
 1 1981  308 20566.  22.7 31.6 3.007  .520    0.
 1 1981  309 20570.  22.7 31.6 3.012  .505    0.
 1 1981  310 20573.  22.7 31.6 3.016  .491    0.
 1 1981  311 20575.  22.7 31.6 3.021  .476   28.
 1 1981  312 20578.  22.7 31.6 3.026  .462    0.
 1 1981  313 20580.  22.7 31.6 3.031  .447    0.
 1 1981  314 20581.  22.7 31.6 3.036  .433    0.
 1 1981  315 20583.  22.7 31.6 3.041  .418    0.
 1 1981  316 20584.  22.6 31.6 3.045  .404    0.
 1 1981  317 20585.  22.6 31.6 3.050  .389    0.
 1 1981  318 20586.  22.6 31.6 3.055  .375    0.
 1 1981  319 20587.  22.6 31.6 3.060  .360    0.
 1 1981  320 20380.  22.6 31.6 3.060  .359   34.
 1 1981  321 20174.  22.6 31.6 3.060  .359    0.
 1 1981  322 19967.  22.6 31.6 3.060  .358    5.
 1 1981  323 19762.  22.6 31.6 3.060  .357    0.
 1 1981  324 19556.  22.6 31.6 3.060  .357    4.
 1 1981  325 19350.  22.7 31.6 3.060  .356    0.
 1 1981  326 19145.  22.7 31.6 3.060  .355   13.
 1 1981  327 18941.  22.7 31.7 3.060  .355   27.
 1 1981  328 18736.  22.7 31.7 3.060  .354    1.
 1 1981  329 18532.  22.7 31.7 3.060  .353    0.
 1 1981  330 18329.  22.7 31.7 3.060  .353    0.
 1 1981  331 18125.  22.7 31.7 3.060  .352    0.
 1 1981  332 17923.  22.7 31.7 3.060  .351   24.
 1 1981  333 17720.  22.7 31.7 3.060  .351    0.
 1 1981  334 17518.  22.8 31.7 3.060  .350   20.
 1 1981  335 17317.  22.8 31.7 3.060  .349   78.
 1 1981  336 17116.  22.8 31.7 3.060  .349   23.
 1 1981  337 16915.  22.8 31.7 3.060  .348    1.
 1 1981  338 16715.  22.8 31.7 3.060  .347    0.
 1 1981  339 16516.  22.8 31.7 3.060  .347    3.
 1 1981  340 16317.  22.8 31.7 3.060  .346    0.
 1 1981  341 16118.  22.8 31.7 3.060  .345    2.
 1 1981  342 15920.  22.8 31.8 3.060  .345    0.
 1 1981  343 15722.  22.8 31.8 3.060  .344    4.
 1 1981  344 15525.  22.9 31.8 3.060  .343   30.
 1 1981  345 15329.  22.9 31.8 3.060  .343    3.
 1 1981  346 15132.  22.9 31.8 3.060  .342    9.
 1 1981  347 14936.  22.9 31.8 3.060  .341   43.
 1 1981  348 14741.  22.9 31.8 3.060  .341    9.
 1 1981  349 14546.  22.9 31.8 3.060  .340   30.
 1 1981  350 14603.  22.9 31.8 3.066  .341    2.
 1 1981  351 14659.  22.9 31.8 3.071  .343    6.
 1 1981  352 14716.  22.9 31.8 3.077  .344    3.
 1 1981  353 14774.  22.9 31.8 3.082  .345   40.
 1 1981  354 14832.  22.9 31.7 3.088  .346   10.
 1 1981  355 14890.  22.9 31.7 3.094  .347    8.
 1 1981  356 14949.  22.9 31.7 3.099  .349   16.
 1 1981  357 15008.  22.8 31.7 3.105  .350    5.
 1 1981  358 15067.  22.8 31.7 3.111  .351   19.
 1 1981  359 15127.  22.8 31.7 3.116  .353   35.
 1 1981  360 15188.  22.8 31.7 3.122  .354    7.
 1 1981  361 15249.  22.8 31.6 3.128  .355    0.
 1 1981  362 15310.  22.8 31.6 3.133  .356    0.
 1 1981  363 15371.  22.8 31.6 3.139  .358   30.
 1 1981  364 15434.  22.8 31.6 3.144  .359    0.
 1 1981  365 15496.  22.8 31.6 3.150  .360    0.
