*-------------------------------------------------------------*
* Station name: Dami Oil Palm Research Station, W.N.B., P.N.G.
* Year: 1973
* Author: W. Gerritsma
* Source: C.J. Breure, 1978. Dami O.P.R.S. March 1971-March 1977
*
* Longitude: 150 E, latitude:-5 30 N, altitude: 5 m.
*
* Interpolated values
*
* Column  Daily value
* 1       station number
* 2       year
* 3       day
* 4       radiation                     (kJ m-2 d-1)
* 5       minimum temperature           (degrees Celsius)
* 6       maximum temperature           (degrees Celsius)
* 7       early morning vapour pressure (kPa)
* 8       mean wind speed (height: 2 m) (m s-1)
* 9       precipitation.rain days       (mm d-1.days)
*-------------------------------------------------------------*
 150 -5.5  5.0  0.0 0.0
 1 1973   1 17584.  22.5 30.0 2.370   1.  13.
 1 1973   2 17555.  22.5 30.0 2.371   1.  72.
 1 1973   3 17527.  22.6 30.0 2.371   1.  52.
 1 1973   4 17499.  22.6 30.0 2.372   1.  27.
 1 1973   5 17471.  22.6 30.0 2.373   1.  56.
 1 1973   6 17444.  22.7 30.0 2.374   1.  26.
 1 1973   7 17417.  22.7 30.0 2.374   1.   1.
 1 1973   8 17390.  22.8 30.0 2.375   1.   0.
 1 1973   9 17364.  22.8 30.0 2.376   1.  12.
 1 1973  10 17337.  22.8 30.0 2.376   1.  46.
 1 1973  11 17311.  22.9 30.0 2.377   1.   5.
 1 1973  12 17285.  22.9 30.0 2.378   1.  47.
 1 1973  13 17260.  22.9 30.0 2.379   1.  36.
 1 1973  14 17234.  23.0 30.0 2.379   1.  41.
 1 1973  15 17209.  23.0 30.0 2.380   1.   4.
 1 1973  16 17135.  23.0 30.0 2.385   1.  12.
 1 1973  17 17062.  23.0 29.9 2.390   1.  97.
 1 1973  18 16989.  23.0 29.9 2.395   1.  12.
 1 1973  19 16915.  23.0 29.9 2.400   1.   4.
 1 1973  20 16842.  23.0 29.8 2.405   1.  19.
 1 1973  21 16768.  23.0 29.8 2.410   1.   0.
 1 1973  22 16694.  23.0 29.8 2.415   1.   0.
 1 1973  23 16620.  23.0 29.7 2.420   1.  12.
 1 1973  24 16546.  23.0 29.7 2.425   1.   2.
 1 1973  25 16472.  23.0 29.7 2.430   1.  25.
 1 1973  26 16397.  23.0 29.6 2.435   1.   0.
 1 1973  27 16323.  23.0 29.6 2.440   1.  18.
 1 1973  28 16248.  23.0 29.6 2.445   1.   0.
 1 1973  29 16172.  23.0 29.5 2.450   1.  32.
 1 1973  30 16097.  23.0 29.5 2.455   1.  17.
 1 1973  31 16021.  23.0 29.5 2.460   1.   0.
 1 1973  32 15944.  23.0 29.4 2.465   1.  23.
 1 1973  33 15867.  23.0 29.4 2.470   1.   6.
 1 1973  34 15790.  23.0 29.4 2.475   1.  52.
 1 1973  35 15713.  23.0 29.3 2.480   1.  17.
 1 1973  36 15635.  23.0 29.3 2.485   1.  52.
 1 1973  37 15556.  23.0 29.3 2.490   1.  58.
 1 1973  38 15477.  23.0 29.2 2.495   1.   0.
 1 1973  39 15398.  23.0 29.2 2.500   1.  55.
 1 1973  40 15318.  23.0 29.2 2.505   1.   1.
 1 1973  41 15237.  23.0 29.1 2.510   1.   0.
 1 1973  42 15156.  23.0 29.1 2.515   1.  42.
 1 1973  43 15075.  23.0 29.1 2.520   1. 138.
 1 1973  44 14993.  23.0 29.0 2.525   1.  58.
 1 1973  45 14910.  23.0 29.0 2.530   1.   0.
 1 1973  46 15002.  23.0 29.0 2.525   1.   0.
 1 1973  47 15093.  23.0 29.1 2.520   1.   8.
 1 1973  48 15183.  23.0 29.1 2.514   1. 100.
 1 1973  49 15273.  23.0 29.1 2.509   1.   0.
 1 1973  50 15363.  23.0 29.2 2.504   1.   9.
 1 1973  51 15452.  23.0 29.2 2.499   1.   4.
 1 1973  52 15540.  23.0 29.2 2.494   1.   0.
 1 1973  53 15628.  23.0 29.3 2.489   1.   0.
 1 1973  54 15715.  23.0 29.3 2.483   1.   0.
 1 1973  55 15802.  23.0 29.3 2.478   1.   0.
 1 1973  56 15887.  23.0 29.4 2.473   1. 105.
 1 1973  57 15973.  23.0 29.4 2.468   1.  19.
 1 1973  58 16057.  23.0 29.4 2.463   1.   0.
 1 1973  59 16141.  23.0 29.5 2.458   1. 198.
 1 1973  60 16224.  23.0 29.5 2.452   1.   1.
 1 1973  61 16306.  23.0 29.6 2.447   1.   3.
 1 1973  62 16388.  23.0 29.6 2.442   1.   1.
 1 1973  63 16468.  23.0 29.6 2.437   1.   0.
 1 1973  64 16548.  23.0 29.7 2.432   1.   2.
 1 1973  65 16627.  23.0 29.7 2.427   1.   8.
 1 1973  66 16705.  23.0 29.7 2.421   1.  15.
 1 1973  67 16783.  23.0 29.8 2.416   1.   1.
 1 1973  68 16859.  23.0 29.8 2.411   1.   9.
 1 1973  69 16934.  23.0 29.8 2.406   1.   1.
 1 1973  70 17009.  23.0 29.9 2.401   1.  77.
 1 1973  71 17082.  23.0 29.9 2.396   1.  23.
 1 1973  72 17155.  23.0 29.9 2.390   1.   5.
 1 1973  73 17226.  23.0 30.0 2.385   1.   5.
 1 1973  74 17297.  23.0 30.0 2.380   1.  40.
 1 1973  75 17361.  23.0 30.1 2.381   1.  25.
 1 1973  76 17424.  22.9 30.1 2.383   1.   2.
 1 1973  77 17486.  22.9 30.2 2.384   1.  20.
 1 1973  78 17547.  22.9 30.3 2.385   1.   1.
 1 1973  79 17606.  22.8 30.3 2.386   1.   2.
 1 1973  80 17665.  22.8 30.4 2.388   1.   5.
 1 1973  81 17723.  22.8 30.5 2.389   1.  15.
 1 1973  82 17780.  22.7 30.5 2.390   1.   0.
 1 1973  83 17836.  22.7 30.6 2.392   1.  35.
 1 1973  84 17890.  22.7 30.6 2.393   1.  28.
 1 1973  85 17944.  22.6 30.7 2.394   1.   0.
 1 1973  86 17997.  22.6 30.8 2.395   1.   0.
 1 1973  87 18048.  22.6 30.8 2.397   1.  13.
 1 1973  88 18099.  22.5 30.9 2.398   1.   8.
 1 1973  89 18148.  22.5 31.0 2.399   1.  31.
 1 1973  90 18197.  22.5 31.0 2.401   1.   5.
 1 1973  91 18244.  22.5 31.1 2.402   1.   0.
 1 1973  92 18291.  22.4 31.2 2.403   1.   2.
 1 1973  93 18336.  22.4 31.2 2.405   1.   1.
 1 1973  94 18381.  22.4 31.3 2.406   1.   0.
 1 1973  95 18424.  22.3 31.4 2.407   1.   2.
 1 1973  96 18467.  22.3 31.4 2.408   1.  10.
 1 1973  97 18508.  22.3 31.5 2.410   1.   9.
 1 1973  98 18549.  22.2 31.5 2.411   1.   0.
 1 1973  99 18589.  22.2 31.6 2.412   1.   0.
 1 1973 100 18628.  22.2 31.7 2.414   1.  13.
 1 1973 101 18665.  22.1 31.7 2.415   1.   0.
 1 1973 102 18702.  22.1 31.8 2.416   1.   0.
 1 1973 103 18738.  22.1 31.9 2.417   1.  20.
 1 1973 104 18774.  22.0 31.9 2.419   1.   0.
 1 1973 105 18808.  22.0 32.0 2.420   1.   0.
 1 1973 106 18807.  22.0 32.0 2.414   1.   3.
 1 1973 107 18804.  22.0 32.0 2.407   1.   0.
 1 1973 108 18801.  22.0 32.0 2.401   1.   3.
 1 1973 109 18798.  22.0 32.0 2.395   1.   5.
 1 1973 110 18794.  22.0 32.0 2.388   1.   9.
 1 1973 111 18789.  22.0 32.0 2.382   1.   3.
 1 1973 112 18785.  22.0 32.0 2.376   1.   8.
 1 1973 113 18779.  22.0 32.0 2.369   1.  11.
 1 1973 114 18773.  22.0 32.0 2.363   1.   4.
 1 1973 115 18767.  22.0 32.0 2.357   1.  15.
 1 1973 116 18761.  22.0 32.0 2.350   1.   0.
 1 1973 117 18754.  22.0 32.0 2.344   1.  32.
 1 1973 118 18747.  22.0 32.0 2.338   1.  49.
 1 1973 119 18739.  22.0 32.0 2.331   1.   0.
 1 1973 120 18732.  22.0 32.0 2.325   1.   1.
 1 1973 121 18724.  22.0 32.0 2.319   1.  10.
 1 1973 122 18716.  22.0 32.0 2.312   1.   0.
 1 1973 123 18708.  22.0 32.0 2.306   1.   0.
 1 1973 124 18700.  22.0 32.0 2.300   1.   0.
 1 1973 125 18692.  22.0 32.0 2.293   1.   0.
 1 1973 126 18684.  22.0 32.0 2.287   1.  15.
 1 1973 127 18676.  22.0 32.0 2.281   1.   0.
 1 1973 128 18668.  22.0 32.0 2.274   1.   0.
 1 1973 129 18661.  22.0 32.0 2.268   1.   0.
 1 1973 130 18653.  22.0 32.0 2.262   1.   0.
 1 1973 131 18646.  22.0 32.0 2.255   1.   1.
 1 1973 132 18639.  22.0 32.0 2.249   1.   6.
 1 1973 133 18633.  22.0 32.0 2.243   1.  93.
 1 1973 134 18626.  22.0 32.0 2.236   1.   0.
 1 1973 135 18620.  22.0 32.0 2.230   1.   0.
 1 1973 136 18501.  22.0 32.0 2.228   1.   0.
 1 1973 137 18383.  22.0 32.0 2.226   1.   0.
 1 1973 138 18266.  22.0 32.0 2.224   1.   3.
 1 1973 139 18150.  22.0 32.0 2.222   1.   0.
 1 1973 140 18035.  22.0 32.0 2.220   1.   0.
 1 1973 141 17922.  22.0 32.0 2.218   1.   0.
 1 1973 142 17809.  22.0 32.0 2.216   1.   0.
 1 1973 143 17698.  22.0 32.0 2.215   1.   0.
 1 1973 144 17587.  22.0 32.0 2.213   1.   4.
 1 1973 145 17478.  22.0 32.0 2.211   1.   0.
 1 1973 146 17371.  22.0 32.0 2.209   1.  11.
 1 1973 147 17264.  22.0 32.0 2.207   1.  11.
 1 1973 148 17159.  22.0 32.0 2.205   1.   5.
 1 1973 149 17055.  22.0 32.0 2.203   1.  38.
 1 1973 150 16952.  22.0 32.0 2.201   1.   0.
 1 1973 151 16851.  22.0 32.0 2.199   1.   0.
 1 1973 152 16751.  22.0 32.0 2.197   1.  35.
 1 1973 153 16652.  22.0 32.0 2.195   1.  20.
 1 1973 154 16555.  22.0 32.0 2.193   1.   2.
 1 1973 155 16459.  22.0 32.0 2.191   1.   0.
 1 1973 156 16365.  22.0 32.0 2.189   1.   0.
 1 1973 157 16272.  22.0 32.0 2.187   1.   1.
 1 1973 158 16180.  22.0 32.0 2.185   1.   0.
 1 1973 159 16089.  22.0 32.0 2.184   1.   0.
 1 1973 160 16001.  22.0 32.0 2.182   1.   3.
 1 1973 161 15913.  22.0 32.0 2.180   1.  10.
 1 1973 162 15827.  22.0 32.0 2.178   1.   4.
 1 1973 163 15742.  22.0 32.0 2.176   1.   0.
 1 1973 164 15659.  22.0 32.0 2.174   1.   6.
 1 1973 165 15577.  22.0 32.0 2.172   1.   0.
 1 1973 166 15496.  22.0 32.0 2.170   1.   0.
 1 1973 167 15540.  22.0 32.0 2.166   1.   0.
 1 1973 168 15584.  22.0 31.9 2.162   1.   2.
 1 1973 169 15630.  22.0 31.9 2.158   1.   0.
 1 1973 170 15678.  22.0 31.9 2.154   1.   2.
 1 1973 171 15726.  22.0 31.8 2.150   1.   3.
 1 1973 172 15776.  22.0 31.8 2.146   1.   0.
 1 1973 173 15827.  22.0 31.8 2.142   1.   0.
 1 1973 174 15880.  22.0 31.7 2.138   1.  15.
 1 1973 175 15934.  22.0 31.7 2.134   1.  45.
 1 1973 176 15989.  22.0 31.7 2.130   1.   0.
 1 1973 177 16045.  22.0 31.6 2.126   1.   0.
 1 1973 178 16103.  22.0 31.6 2.122   1.  17.
 1 1973 179 16163.  22.0 31.6 2.118   1.   2.
 1 1973 180 16224.  22.0 31.5 2.114   1.   2.
 1 1973 181 16286.  22.0 31.5 2.110   1.   5.
 1 1973 182 16349.  22.0 31.5 2.106   1.   0.
 1 1973 183 16414.  22.0 31.4 2.102   1.   0.
 1 1973 184 16481.  22.0 31.4 2.098   1.   0.
 1 1973 185 16548.  22.0 31.4 2.094   1.   0.
 1 1973 186 16618.  22.0 31.3 2.090   1.   0.
 1 1973 187 16688.  22.0 31.3 2.086   1.   0.
 1 1973 188 16760.  22.0 31.3 2.082   1.  57.
 1 1973 189 16833.  22.0 31.2 2.078   1.   0.
 1 1973 190 16908.  22.0 31.2 2.074   1.  13.
 1 1973 191 16984.  22.0 31.2 2.070   1.   0.
 1 1973 192 17061.  22.0 31.1 2.066   1.   9.
 1 1973 193 17140.  22.0 31.1 2.062   1.   0.
 1 1973 194 17220.  22.0 31.1 2.058   1.   0.
 1 1973 195 17301.  22.0 31.0 2.054   1.   0.
 1 1973 196 17384.  22.0 31.0 2.050   1.   6.
 1 1973 197 17437.  22.0 31.0 2.055   1.   1.
 1 1973 198 17492.  22.0 31.0 2.059   1.   0.
 1 1973 199 17548.  22.0 31.0 2.064   1.   0.
 1 1973 200 17605.  22.0 31.0 2.068   1.   0.
 1 1973 201 17663.  22.0 31.0 2.073   1.   0.
 1 1973 202 17722.  22.0 31.0 2.077   1.  34.
 1 1973 203 17782.  22.0 31.0 2.082   1.  39.
 1 1973 204 17843.  22.0 31.0 2.086   1.  13.
 1 1973 205 17905.  22.0 31.0 2.091   1.  10.
 1 1973 206 17968.  22.0 31.0 2.095   1.   0.
 1 1973 207 18032.  22.0 31.0 2.100   1.   0.
 1 1973 208 18097.  22.0 31.0 2.104   1.   0.
 1 1973 209 18162.  22.0 31.0 2.109   1.   2.
 1 1973 210 18228.  22.0 31.0 2.113   1.   0.
 1 1973 211 18295.  22.0 31.0 2.118   1.   2.
 1 1973 212 18363.  22.0 31.0 2.122   1.   0.
 1 1973 213 18431.  22.0 31.0 2.127   1.   0.
 1 1973 214 18501.  22.0 31.0 2.131   1.   0.
 1 1973 215 18570.  22.0 31.0 2.136   1.   0.
 1 1973 216 18640.  22.0 31.0 2.140   1.  59.
 1 1973 217 18711.  22.0 31.0 2.145   1.   0.
 1 1973 218 18782.  22.0 31.0 2.149   1.   0.
 1 1973 219 18854.  22.0 31.0 2.154   1.   0.
 1 1973 220 18926.  22.0 31.0 2.158   1.   1.
 1 1973 221 18999.  22.0 31.0 2.163   1.   0.
 1 1973 222 19072.  22.0 31.0 2.167   1.   0.
 1 1973 223 19145.  22.0 31.0 2.172   1.   0.
 1 1973 224 19218.  22.0 31.0 2.176   1.   0.
 1 1973 225 19292.  22.0 31.0 2.181   1.   0.
 1 1973 226 19366.  22.0 31.0 2.185   1.   0.
 1 1973 227 19440.  22.0 31.0 2.190   1.   1.
 1 1973 228 19489.  22.0 31.0 2.192   1.   5.
 1 1973 229 19538.  22.0 31.0 2.194   1.   0.
 1 1973 230 19586.  22.0 31.0 2.196   1.   0.
 1 1973 231 19635.  22.1 31.0 2.198   1.  32.
 1 1973 232 19684.  22.1 31.0 2.200   1.   1.
 1 1973 233 19732.  22.1 31.0 2.202   1.   2.
 1 1973 234 19780.  22.1 31.0 2.204   1.  15.
 1 1973 235 19828.  22.1 31.0 2.205   1.   0.
 1 1973 236 19876.  22.1 31.0 2.207   1.   1.
 1 1973 237 19923.  22.2 31.0 2.209   1.  10.
 1 1973 238 19970.  22.2 31.0 2.211   1.   2.
 1 1973 239 20017.  22.2 31.0 2.213   1.   0.
 1 1973 240 20063.  22.2 31.0 2.215   1.   0.
 1 1973 241 20109.  22.2 31.0 2.217   1.  29.
 1 1973 242 20154.  22.2 31.0 2.219   1.  22.
 1 1973 243 20199.  22.3 31.0 2.221   1.  38.
 1 1973 244 20243.  22.3 31.0 2.223   1.  31.
 1 1973 245 20287.  22.3 31.0 2.225   1.  14.
 1 1973 246 20330.  22.3 31.0 2.227   1.   0.
 1 1973 247 20373.  22.3 31.0 2.229   1.   0.
 1 1973 248 20415.  22.3 31.0 2.231   1.  14.
 1 1973 249 20456.  22.4 31.0 2.233   1.  50.
 1 1973 250 20497.  22.4 31.0 2.235   1.  34.
 1 1973 251 20537.  22.4 31.0 2.236   1.  38.
 1 1973 252 20576.  22.4 31.0 2.238   1.   3.
 1 1973 253 20615.  22.4 31.0 2.240   1.   0.
 1 1973 254 20652.  22.4 31.0 2.242   1.  21.
 1 1973 255 20689.  22.5 31.0 2.244   1.   9.
 1 1973 256 20726.  22.5 31.0 2.246   1.   0.
 1 1973 257 20761.  22.5 31.0 2.248   1.  19.
 1 1973 258 20795.  22.5 31.0 2.250   1.   2.
 1 1973 259 20790.  22.5 31.0 2.250   1.   0.
 1 1973 260 20784.  22.5 31.0 2.249   1.   1.
 1 1973 261 20777.  22.5 31.0 2.249   1.   0.
 1 1973 262 20769.  22.5 31.0 2.249   1.   0.
 1 1973 263 20759.  22.5 31.0 2.248   1.   0.
 1 1973 264 20749.  22.5 31.0 2.248   1.   0.
 1 1973 265 20738.  22.5 31.0 2.248   1.  19.
 1 1973 266 20726.  22.4 31.0 2.247   1.   0.
 1 1973 267 20712.  22.4 31.0 2.247   1.   4.
 1 1973 268 20698.  22.4 31.0 2.247   1.   8.
 1 1973 269 20683.  22.4 31.0 2.246   1.   0.
 1 1973 270 20667.  22.4 31.0 2.246   1.   0.
 1 1973 271 20649.  22.4 31.0 2.246   1.   0.
 1 1973 272 20631.  22.4 31.0 2.245   1.  13.
 1 1973 273 20612.  22.4 31.0 2.245   1.  40.
 1 1973 274 20591.  22.4 31.0 2.245   1.   0.
 1 1973 275 20570.  22.4 31.0 2.244   1.   0.
 1 1973 276 20547.  22.4 31.0 2.244   1.   0.
 1 1973 277 20524.  22.4 31.0 2.244   1.  17.
 1 1973 278 20500.  22.4 31.0 2.243   1.  11.
 1 1973 279 20474.  22.4 31.0 2.243   1.   0.
 1 1973 280 20448.  22.4 31.0 2.243   1.   3.
 1 1973 281 20421.  22.3 31.0 2.242   1.   1.
 1 1973 282 20393.  22.3 31.0 2.242   1.   2.
 1 1973 283 20364.  22.3 31.0 2.242   1.   0.
 1 1973 284 20334.  22.3 31.0 2.241   1.   0.
 1 1973 285 20303.  22.3 31.0 2.241   1.   0.
 1 1973 286 20271.  22.3 31.0 2.241   1.   0.
 1 1973 287 20238.  22.3 31.0 2.240   1.   0.
 1 1973 288 20205.  22.3 31.0 2.240   1.   0.
 1 1973 289 20117.  22.3 31.0 2.253   1.  13.
 1 1973 290 20028.  22.3 31.0 2.266   1.   2.
 1 1973 291 19938.  22.3 31.0 2.279   1.   8.
 1 1973 292 19848.  22.3 31.0 2.292   1.  21.
 1 1973 293 19757.  22.3 31.0 2.305   1.   0.
 1 1973 294 19665.  22.2 31.0 2.317   1.  17.
 1 1973 295 19572.  22.2 31.0 2.330   1.   0.
 1 1973 296 19479.  22.2 31.0 2.343   1.   0.
 1 1973 297 19385.  22.2 31.0 2.356   1.   1.
 1 1973 298 19291.  22.2 31.0 2.369   1.   0.
 1 1973 299 19195.  22.2 31.0 2.382   1.   0.
 1 1973 300 19100.  22.2 31.0 2.395   1.   0.
 1 1973 301 19004.  22.2 31.0 2.408   1.   4.
 1 1973 302 18907.  22.2 31.0 2.421   1.   0.
 1 1973 303 18810.  22.2 31.0 2.434   1.  27.
 1 1973 304 18713.  22.1 31.0 2.446   1.   0.
 1 1973 305 18615.  22.1 31.0 2.459   1.  27.
 1 1973 306 18517.  22.1 31.0 2.472   1.   0.
 1 1973 307 18418.  22.1 31.0 2.485   1.   4.
 1 1973 308 18319.  22.1 31.0 2.498   1.   0.
 1 1973 309 18220.  22.1 31.0 2.511   1.  39.
 1 1973 310 18120.  22.1 31.0 2.524   1.   1.
 1 1973 311 18021.  22.1 31.0 2.537   1.   0.
 1 1973 312 17921.  22.1 31.0 2.550   1.   0.
 1 1973 313 17821.  22.1 31.0 2.563   1.   0.
 1 1973 314 17721.  22.0 31.0 2.575   1.   0.
 1 1973 315 17621.  22.0 31.0 2.588   1.   0.
 1 1973 316 17520.  22.0 31.0 2.601   1.   0.
 1 1973 317 17420.  22.0 31.0 2.614   1.   7.
 1 1973 318 17319.  22.0 31.0 2.627   1.  42.
 1 1973 319 17219.  22.0 31.0 2.640   1.   6.
 1 1973 320 17244.  22.0 31.0 2.631   1.   6.
 1 1973 321 17270.  22.0 30.9 2.621   1.  28.
 1 1973 322 17295.  22.0 30.9 2.612   1.  45.
 1 1973 323 17321.  22.0 30.9 2.603   1.  29.
 1 1973 324 17346.  22.0 30.8 2.593   1.  11.
 1 1973 325 17371.  22.0 30.8 2.584   1.   2.
 1 1973 326 17396.  22.0 30.8 2.575   1.   0.
 1 1973 327 17422.  22.0 30.7 2.565   1.  22.
 1 1973 328 17447.  22.0 30.7 2.556   1.   0.
 1 1973 329 17472.  22.0 30.7 2.547   1.   2.
 1 1973 330 17498.  22.0 30.6 2.537   1.   0.
 1 1973 331 17524.  22.0 30.6 2.528   1.   0.
 1 1973 332 17549.  22.0 30.6 2.519   1.   0.
 1 1973 333 17576.  22.0 30.5 2.509   1.  40.
 1 1973 334 17602.  22.0 30.5 2.500   1.  11.
 1 1973 335 17628.  22.0 30.5 2.491   1.   2.
 1 1973 336 17655.  22.0 30.4 2.481   1.   0.
 1 1973 337 17682.  22.0 30.4 2.472   1.   3.
 1 1973 338 17709.  22.0 30.4 2.463   1.   4.
 1 1973 339 17737.  22.0 30.3 2.453   1.   0.
 1 1973 340 17765.  22.0 30.3 2.444   1.   2.
 1 1973 341 17793.  22.0 30.3 2.435   1.   0.
 1 1973 342 17822.  22.0 30.2 2.425   1.  61.
 1 1973 343 17851.  22.0 30.2 2.416   1.   1.
 1 1973 344 17880.  22.0 30.2 2.407   1.   0.
 1 1973 345 17910.  22.0 30.1 2.397   1.   0.
 1 1973 346 17940.  22.0 30.1 2.388   1.   0.
 1 1973 347 17971.  22.0 30.1 2.379   1.   0.
 1 1973 348 18002.  22.0 30.0 2.369   1.   0.
 1 1973 349 18034.  22.0 30.0 2.360   1.   0.
 1 1973 350 18002.  22.0 30.0 2.361   1.   5.
 1 1973 351 17970.  22.1 30.0 2.361   1.   1.
 1 1973 352 17939.  22.1 30.0 2.362   1.  19.
 1 1973 353 17908.  22.1 30.0 2.362   1.  19.
 1 1973 354 17878.  22.2 30.0 2.363   1.   0.
 1 1973 355 17848.  22.2 30.0 2.364   1.  74.
 1 1973 356 17819.  22.2 30.0 2.364   1.   0.
 1 1973 357 17790.  22.3 30.0 2.365   1.   0.
 1 1973 358 17762.  22.3 30.0 2.366   1.   4.
 1 1973 359 17734.  22.3 30.0 2.366   1.   1.
 1 1973 360 17707.  22.3 30.0 2.367   1.   2.
 1 1973 361 17680.  22.4 30.0 2.367   1.   0.
 1 1973 362 17654.  22.4 30.0 2.368   1.   0.
 1 1973 363 17628.  22.4 30.0 2.369   1.   7.
 1 1973 364 17602.  22.5 30.0 2.369   1.  20.
 1 1973 365 17577.  22.5 30.0 2.370   1.   0.
